years
 1991 1992 1993 1994 1995 1996 1997 1998 1999 2000 2001 2002 2003 2004 2005 2006 2007 2008 2009 2010 2011 2012 2013 2014 2015 2016 2017 2018 2019 2020 2021
reclasobs
 0 0 0 0 0 0 0 0 0 252601 567819 844713 477998 351125 339783 2.1784e+06 2.13404e+06 4.81314e+06 1.55562e+06 2.62356e+06 3.21686e+06 3.843e+06 1.13348e+06 3.07943e+06 1.97215e+06 2.03268e+06 2.025e+06 2.42433e+06 2.27542e+06 1.05018e+06 2.36338e+06
reclaspred
 3.25125e+06 1.80916e+06 916487 931799 937648 1.51686e+06 924759 810783 585137 417076 503220 658134 647032 495066 496072 1.31406e+06 1.23691e+06 2.93175e+06 2.38022e+06 1.75647e+06 3.08031e+06 2.50598e+06 1.96496e+06 3.05296e+06 2.28692e+06 2.02297e+06 2.40869e+06 2.57623e+06 2.09154e+06 1.30517e+06 1.90695e+06
pelacesobs
 0 0 0 0 0 0 0 0 0 0 0 0 0 0 0 552880 188675 0 991730 2.46772e+06 1.41603e+06 1.21717e+06 2.29649e+06 1.80582e+06 0 1.4828e+06 1.56532e+06 1.57751e+06 1.42118e+06 867257 1.10002e+06
pelacespred
 1.8105e+06 1.11498e+06 560768 468143 496465 831690 461766 511835 351199 235290 297387 322706 349631 278698 288404 638289 602878 1.65999e+06 1.3774e+06 937769 1.61654e+06 1.40591e+06 1.11037e+06 1.90086e+06 1.36418e+06 1.20716e+06 1.64078e+06 1.73001e+06 1.1561e+06 815229 1.17636e+06
mphobs
 0 0 0 0 0 0 0 0 0 0 0 498337 0 5186 125008 0 168611 109162 213762 579715 649985 157893 87575 83554 0 0 0 0 0 0 0
mphpred
 494168 331111 163326 89688.6 99295.4 114829 152294 90827.3 80855.3 54130 35018 60059.3 64354.6 53847.9 35215.3 44681.1 150010 139543 291855 214182 227773 280243 266663 218147 307040 253525 208185 222510 313520 211166 130151
desembarqueobs
 494567 514787 250237 358949 120608 361735 552515 73892 212993 205616 52469 317467 293654 387597 252695 516296 358380 742168 942051 627588 828172 859565 418607 520667 417249 300574 415391 372974 316634 284311 391294
desembarquepred
 494574 513586 250832 358981 120614 361749 552564 73896.8 213048 205667 52471.8 317536 293704 387623 252686 516253 358406 742056 941831 627434 828250 859578 418616 520693 417246 300575 415390 372955 316624 284319 391299
Reclutas
 189044 104893 105176 173590 139293 240888 98329.9 43766.3 41553.2 55397.9 103066 140505 117417 82049.1 79648.3 427078 89262.6 673730 381109 298904 428123 581338 119851 350400 298565 132875 297088 334711 99765.8 72026.5 267640
log_desv_Rt
 0.154625 -0.434415 -0.431716 0.0693392 -0.150778 0.396978 -0.499026 -1.30849 -1.36038 -1.07281 -0.451988 -0.142109 -0.321624 -0.680037 -0.709735 0.969611 -0.595772 1.42547 0.85573 0.612767 0.972056 1.27798 -0.301106 0.771721 0.611634 -0.197948 0.606674 0.725914 -0.484529 -0.81032 0.502287
SSB
 2.74368e+06 1.83837e+06 906803 497962 551300 637543 845552 504284 448918 300536 194424 333456 357304 298970 195520 248075 832876 774758 1.62041e+06 1.18916e+06 1.26462e+06 1.55594e+06 1.48055e+06 1.21118e+06 1.70472e+06 1.4076e+06 1.15587e+06 1.2354e+06 1.7407e+06 1.17242e+06 722616
BT
 3.75343e+06 2.56038e+06 1.28e+06 1.16207e+06 1.00947e+06 1.84006e+06 1.34532e+06 1.00797e+06 858882 631774 593282 860261 910658 916358 784773 1.59443e+06 1.39071e+06 3.71465e+06 3.44154e+06 2.28918e+06 3.65253e+06 3.38972e+06 2.41006e+06 3.98829e+06 2.8987e+06 2.49042e+06 3.44851e+06 3.5632e+06 2.392e+06 1.77814e+06 2.53947e+06
Ftot
 0.153374 0.279992 0.273358 0.40963 0.136431 0.261695 0.585204 0.0960062 0.378491 0.506983 0.119194 0.511603 0.479449 0.810881 0.564422 0.456843 0.295638 0.289952 0.412881 0.376477 0.290771 0.367102 0.216993 0.190886 0.191398 0.154474 0.191394 0.162684 0.151051 0.220324 0.232232
BD_Bspro_t
 0.975759 0.826815 0.652669 0.559632 0.554154 0.635827 0.628602 0.455916 0.513348 0.463723 0.426591 0.645488 0.526371 0.434108 0.322992 0.378659 0.559552 0.528969 0.639586 0.535402 0.50455 0.553136 0.569522 0.559734 0.670561 0.679951 0.686937 0.724393 0.772109 0.701625 0.629719
BD_Bspro
 2.36997 1.58797 0.78329 0.430136 0.476209 0.550705 0.730382 0.435597 0.387772 0.259601 0.167942 0.288037 0.308637 0.258248 0.168889 0.214285 0.719433 0.669231 1.3997 1.02719 1.09237 1.34401 1.27889 1.04621 1.47253 1.21588 0.998433 1.06713 1.50361 1.01273 0.624191
BD_Bo
 1.57901 1.058 0.521872 0.286581 0.317277 0.366911 0.486622 0.29022 0.258356 0.172961 0.111893 0.191907 0.205632 0.17206 0.112523 0.142769 0.479327 0.44588 0.932561 0.684373 0.727801 0.895456 0.852066 0.697043 0.981082 0.810085 0.665212 0.710982 1.00179 0.674735 0.415871
BD_Brms
 9.4831 6.35404 3.13423 1.72113 1.90548 2.20357 2.92252 1.74298 1.55162 1.03876 0.671998 1.15254 1.23497 1.03335 0.675784 0.857433 2.87871 2.67783 5.60071 4.11016 4.37098 5.37787 5.11728 4.18625 5.89212 4.86516 3.99509 4.26997 6.01647 4.05228 2.49761
Sel_flota
 0.775493 1 1 1 1
 0.775493 1 1 1 1
 0.775493 1 1 1 1
 0.775493 1 1 1 1
 0.775493 1 1 1 1
 0.775493 1 1 1 1
 0.775493 1 1 1 1
 0.775493 1 1 1 1
 0.775493 1 1 1 1
 0.775493 1 1 1 1
 0.775493 1 1 1 1
 0.775493 1 1 1 1
 0.775493 1 1 1 1
 0.775493 1 1 1 1
 0.775493 1 1 1 1
 0.775493 1 1 1 1
 0.775493 1 1 1 1
 0.775493 1 1 1 1
 0.775493 1 1 1 1
 0.775493 1 1 1 1
 0.775493 1 1 1 1
 0.775493 1 1 1 1
 0.775493 1 1 1 1
 0.775493 1 1 1 1
 0.775493 1 1 1 1
 0.775493 1 1 1 1
 0.775493 1 1 1 1
 0.775493 1 1 1 1
 0.775493 1 1 1 1
 0.775493 1 1 1 1
 0.775493 1 1 1 1
Sel_reclas
 1 1 1 1 1
 1 1 1 1 1
 1 1 1 1 1
 1 1 1 1 1
 1 1 1 1 1
 1 1 1 1 1
 1 1 1 1 1
 1 1 1 1 1
 1 1 1 1 1
 1 1 1 1 1
 1 1 1 1 1
 1 1 1 1 1
 1 1 1 1 1
 1 1 1 1 1
 1 1 1 1 1
 1 1 1 1 1
 1 1 1 1 1
 1 1 1 1 1
 1 1 1 1 1
 1 1 1 1 1
 1 1 1 1 1
 1 1 1 1 1
 1 1 1 1 1
 1 1 1 1 1
 1 1 1 1 1
 1 1 1 1 1
 1 1 1 1 1
 1 1 1 1 1
 1 1 1 1 1
 1 1 1 1 1
 1 1 1 1 1
Sel_pelaces
 1 1 1 1 1
 1 1 1 1 1
 1 1 1 1 1
 1 1 1 1 1
 1 1 1 1 1
 1 1 1 1 1
 1 1 1 1 1
 1 1 1 1 1
 1 1 1 1 1
 1 1 1 1 1
 1 1 1 1 1
 1 1 1 1 1
 1 1 1 1 1
 1 1 1 1 1
 1 1 1 1 1
 1 1 1 1 1
 1 1 1 1 1
 1 1 1 1 1
 1 1 1 1 1
 1 1 1 1 1
 1 1 1 1 1
 1 1 1 1 1
 1 1 1 1 1
 1 1 1 1 1
 1 1 1 1 1
 1 1 1 1 1
 1 1 1 1 1
 1 1 1 1 1
 1 1 1 1 1
 1 1 1 1 1
 1 1 1 1 1
pf_obs 
 0.8446 0.082 0.0669 0.0065 0
 0.8095 0.147 0.0364 0.0071 0
 0.9664 0.0169 0.016 0.0007 0
 0.9276 0.0648 0.0075 0.0001 0
 0.7033 0.2144 0.0806 0.0017 0
 0.9318 0.0425 0.0243 0.0014 0
 0.5671 0.3108 0.0964 0.0239 0.0018
 0.0768 0.2599 0.5324 0.112 0.0189
 0.490249 0.384438 0.106611 0.0170017 0.00170017
 0.7925 0.1577 0.0466 0.003 0.0002
 0.840416 0.127587 0.0312969 0.00059994 9.999e-05
 0.8084 0.0986 0.0794 0.0134 0.0002
 0.7335 0.1905 0.0724 0.0035 0.0001
 0.4001 0.4547 0.1325 0.0127 0
 0.49795 0.308269 0.164784 0.0264974 0.00249975
 0.9179 0.0499 0.0305 0.0017 0
 0.2467 0.6533 0.0926 0.0074 0
 0.9418 0.0223 0.034 0.0019 0
 0.707729 0.231977 0.0356964 0.0245975 0
 0.517169 0.277429 0.184464 0.0207286 0.00020938
 0.811772 0.124168 0.05621 0.00726502 0.000585176
 0.764997 0.148141 0.077277 0.00933861 0.000247198
 0.163321 0.427699 0.378323 0.0303852 0.000271297
 0.753843 0.0900009 0.118128 0.0371064 0.000921714
 0.721811 0.176058 0.0630433 0.0369309 0.00215725
 0.143369 0.312575 0.442814 0.0836902 0.0175525
 0.692698 0.0596174 0.167031 0.0765114 0.00414204
 0.394062 0.376323 0.152708 0.0712218 0.00568511
 0.125707 0.32114 0.495352 0.0537591 0.00404204
 0.23352 0.215282 0.420074 0.123614 0.00750983
 0.774587 0.0839891 0.0768558 0.0609784 0.00358967
pf_pred 
 0.461386 0.127076 0.387548 0.0239895 8.13672e-07
 0.417196 0.308851 0.0646341 0.197117 0.0122021
 0.568461 0.211214 0.116759 0.0244345 0.0791315
 0.739856 0.165973 0.0460913 0.0254793 0.0226003
 0.651683 0.276927 0.0455471 0.0126486 0.0131942
 0.746739 0.179994 0.0582502 0.0095806 0.00543589
 0.469061 0.42343 0.0764073 0.0247271 0.00637448
 0.45171 0.303104 0.195538 0.0352846 0.0143626
 0.536032 0.240469 0.123554 0.0797071 0.0202376
 0.706266 0.179388 0.0592645 0.0304504 0.0246318
 0.818738 0.139362 0.0255891 0.00845391 0.00785732
 0.738056 0.224076 0.0291146 0.00534592 0.00340764
 0.684854 0.250833 0.0550155 0.00714826 0.00214919
 0.631137 0.276509 0.0735067 0.0161223 0.00272462
 0.741522 0.18415 0.0557182 0.014812 0.00379776
 0.9358 0.0513652 0.0091441 0.00276672 0.00092408
 0.380429 0.590091 0.0235862 0.00419885 0.00169477
 0.9027 0.043958 0.0508035 0.00203064 0.000507407
 0.588956 0.380464 0.0138154 0.0159668 0.000797673
 0.60898 0.258704 0.122472 0.00444719 0.00539652
 0.738012 0.177861 0.0556597 0.0263496 0.00211785
 0.745488 0.201246 0.0361618 0.0113164 0.00578784
 0.320031 0.543181 0.10816 0.0194353 0.00919276
 0.740488 0.0997951 0.127587 0.0254056 0.00672441
 0.626225 0.29549 0.0301045 0.0384884 0.00969246
 0.432008 0.391401 0.139605 0.014223 0.0227632
 0.73007 0.135043 0.0929504 0.0331536 0.00878354
 0.686069 0.245358 0.0343064 0.0236132 0.0106538
 0.349149 0.483098 0.131109 0.018332 0.0183109
 0.419347 0.240253 0.252664 0.0685712 0.0191645
 0.822879 0.0867167 0.0374061 0.0393386 0.01366
pobs_RECLAS
 0 0 0 0 0
 0 0 0 0 0
 0 0 0 0 0
 0 0 0 0 0
 0 0 0 0 0
 0 0 0 0 0
 0 0 0 0 0
 0 0 0 0 0
 0 0 0 0 0
 0 0 0 0 0
 0.991045 0.00858322 0.000360255 1.14367e-05 0
 0.934742 0.0480273 0.0164251 0.00080598 0
 0.827803 0.169806 0.00239088 0 0
 0.941827 0.0461693 0.0120037 0 0
 0.791401 0.0380133 0.147996 0.0225897 0
 0.846168 0.0940531 0.0597789 0 0
 0.134021 0.677848 0.182769 0.00536245 0
 0.80878 0.0450904 0.141981 0.00414843 0
 0.846168 0.0940531 0.0597789 0 0
 0.905697 0.0802665 0.012482 0.00150086 5.37128e-05
 0.989698 0.0102097 9.19794e-05 0 0
 0.975433 0.0193895 0.00387452 0.00125025 5.28907e-05
 0.303575 0.632131 0.0575291 0.00676475 0
 0.966965 0.00978017 0.0227588 0.000495775 0
 0.843318 0.132988 0.00938335 0.0141283 0.000182051
 0.564624 0.303363 0.111486 0.0197234 0.00080311
 0.826376 0.0876187 0.0782897 0.00655872 0.00115652
 0.89761 0.0855135 0.0140674 0.00269457 0.000114338
 0.34875 0.467042 0.161289 0.0227151 0.000203297
 0.318654 0.224769 0.449479 0.00709798 0
 0.937255 0.0296025 0.0250945 0.00804832 0
ppred_RECLAS
 0.525649 0.111914 0.341309 0.0211273 7.16592e-07
 0.481593 0.274725 0.0574924 0.175337 0.0108538
 0.630889 0.180659 0.0998683 0.0208997 0.0676842
 0.787449 0.135609 0.037659 0.0208179 0.0184656
 0.707548 0.232512 0.038242 0.0106199 0.011078
 0.792726 0.147311 0.0476731 0.00784095 0.00444884
 0.536527 0.369625 0.0666983 0.021585 0.00556448
 0.515597 0.267787 0.172754 0.0311733 0.0126891
 0.600567 0.207021 0.106369 0.0686205 0.0174227
 0.758572 0.147443 0.048711 0.025028 0.0202455
 0.853772 0.112426 0.0206434 0.00681997 0.00633869
 0.78644 0.182687 0.0237368 0.00435848 0.00277822
 0.73939 0.207426 0.0454951 0.00591126 0.00177727
 0.693438 0.229807 0.0610914 0.0133993 0.00226443
 0.789752 0.149789 0.0453215 0.0120482 0.00308912
 0.95004 0.0399717 0.00711582 0.00215303 0.000719107
 0.443574 0.52995 0.0211823 0.00377091 0.00152204
 0.923332 0.0346372 0.0400312 0.00160007 0.000399817
 0.651162 0.322886 0.0117246 0.0135505 0.000676957
 0.669608 0.218592 0.103482 0.00375765 0.00455978
 0.78526 0.145785 0.0456218 0.0215975 0.00173591
 0.792128 0.164367 0.0295351 0.00924269 0.00472721
 0.3788 0.496234 0.098812 0.0177555 0.00839824
 0.786985 0.0819147 0.104727 0.0208537 0.00551959
 0.684474 0.249441 0.0254131 0.0324904 0.008182
 0.495953 0.347337 0.123888 0.0126218 0.0202005
 0.777876 0.111126 0.0764885 0.027282 0.00722793
 0.738748 0.204186 0.0285496 0.0196508 0.00886601
 0.409656 0.438187 0.118921 0.0166277 0.0166086
 0.483411 0.213746 0.224788 0.0610058 0.0170501
 0.857582 0.0697265 0.0300772 0.031631 0.0109836
pobs_PELACES
 0 0 0 0 0
 0 0 0 0 0
 0 0 0 0 0
 0 0 0 0 0
 0 0 0 0 0
 0 0 0 0 0
 0 0 0 0 0
 0 0 0 0 0
 0 0 0 0 0
 0 0 0 0 0
 0 0 0 0 0
 0 0 0 0 0
 0 0 0 0 0
 0 0 0 0 0
 0 0 0 0 0
 0 0 0 0 0
 0.505614 0.472636 0.0217494 0 0
 0 0 0 0 0
 0.443492 0.261883 0.143347 0.151278 0
 0.227955 0.32914 0.350689 0.0885471 0.00366901
 0.970185 0.0296113 0.000203453 0 0
 0.997202 0.00247181 0.000326279 0 0
 0.445219 0.490057 0.0546422 0.010081 0
 0.90214 0.0892962 0.00764917 0.000914606 0
 0 0 0 0 0
 0.581667 0.319106 0.0959925 0.00289975 0.000334073
 0.762889 0.0836404 0.116647 0.0363945 0.000428098
 0.88444 0.0763242 0.0277011 0.0115352 0
 0.521256 0.241999 0.230069 0.00667565 0
 0.616807 0.101726 0.260614 0.0208532 0
 0.833518 0.0704572 0.0857862 0.0102388 0
ppred_PELACES
 0.528481 0.111246 0.339271 0.0210012 7.12313e-07
 0.486773 0.271979 0.0569178 0.173584 0.0107454
 0.635592 0.178357 0.0985957 0.0206334 0.0668217
 0.792484 0.132396 0.0367669 0.0203247 0.0180282
 0.709635 0.230853 0.0379691 0.0105441 0.010999
 0.795894 0.145059 0.0469445 0.00772112 0.00438085
 0.54729 0.361042 0.0651494 0.0210838 0.00543526
 0.517373 0.266805 0.172121 0.031059 0.0126425
 0.607274 0.203545 0.104583 0.0674682 0.0171302
 0.765384 0.143283 0.0473366 0.0243218 0.0196743
 0.854871 0.111581 0.0204882 0.00676871 0.00629104
 0.792737 0.1773 0.0230369 0.00422997 0.0026963
 0.746176 0.202025 0.0443104 0.00575733 0.00173099
 0.706058 0.220346 0.0585764 0.0128476 0.00217121
 0.796612 0.144902 0.0438429 0.0116551 0.00298834
 0.951623 0.0387058 0.00689046 0.00208484 0.000696333
 0.448987 0.524795 0.0209763 0.00373423 0.00150724
 0.924839 0.0339564 0.0392444 0.00156862 0.000391959
 0.658078 0.316485 0.0114922 0.0132819 0.000663536
 0.675749 0.214529 0.101559 0.0036878 0.00447503
 0.78887 0.143334 0.0448548 0.0212344 0.00170672
 0.796571 0.160854 0.0289038 0.00904515 0.00462618
 0.38259 0.493206 0.0982091 0.0176472 0.00834699
 0.789346 0.0810067 0.103566 0.0206225 0.00545841
 0.687528 0.247026 0.0251671 0.0321759 0.00810279
 0.498814 0.345365 0.123185 0.0125501 0.0200859
 0.780316 0.109905 0.0756481 0.0269822 0.00714852
 0.741067 0.202373 0.0282962 0.0194763 0.0087873
 0.412366 0.436176 0.118375 0.0165514 0.0165324
 0.487488 0.212059 0.223014 0.0605243 0.0169155
 0.85967 0.068704 0.0296362 0.0311672 0.0108226
pobs_pel_tallas
 0 0 0 0 0 0 0 0 0 0 0 0 0 0 0 0 0 0 0 0 0 0 0 0 0 0
 0 0 0 0 0 0 0 0 0 0 0 0 0 0 0 0 0 0 0 0 0 0 0 0 0 0
 0 0 0 0 0 0 0 0 0 0 0 0 0 0 0 0 0 0 0 0 0 0 0 0 0 0
 0 0 0 0 0 0 0 0 0 0 0 0 0 0 0 0 0 0 0 0 0 0 0 0 0 0
 0 0 0 0 0 0 0 0 0 0 0 0 0 0 0 0 0 0 0 0 0 0 0 0 0 0
 0 0 0 0 0 0 0 0 0 0 0 0 0 0 0 0 0 0 0 0 0 0 0 0 0 0
 0 0 0 0 0 0 0 0 0 0 0 0 0 0 0 0 0 0 0 0 0 0 0 0 0 0
 0 0 0 0 0 0 0 0 0 0 0 0 0 0 0 0 0 0 0 0 0 0 0 0 0 0
 0 0 0 0 0 0 0 0 0 0 0 0 0 0 0 0 0 0 0 0 0 0 0 0 0 0
 0 0 0 0 0 0 0 0 0 0 0 0 0 0 0 0 0 0 0 0 0 0 0 0 0 0
 0 0 0 0 0 0 0 0 0 0 0 0 0 0 0 0 0 0 0 0 0 0 0 0 0 0
 0 0 0 0 0 0 0 0 0 0 0 0 0 0 0 0 0 0 0 0 0 0 0 0 0 0
 0.00862536 0 0 0.000197151 0.00414017 0.0128641 0.00837892 0.0270097 0.101434 0.158115 0.152841 0.127902 0.109271 0.109419 0.0830992 0.0579132 0.0238553 0.00714673 0.00463305 0.00128148 0.00103504 0.000492878 0.000147863 0.000147863 4.92878e-05 0
 0 0 0 0 0 0 0 0 0 0 0 0 0 0 0 0 0 0 0 0 0 0 0 0 0 0
 0 0 0 0 0 0 0 0.0054083 0.00873648 0.0413646 0.0450493 0.0745869 0.0622846 0.0627006 0.0613931 0.0827291 0.12552 0.122667 0.0946155 0.0697135 0.0546179 0.0294188 0.0215738 0.0213955 0.0102223 0.00600262
 0 0 0 0 0.00359764 0.0251062 0.0480494 0.140153 0.205849 0.193036 0.1447 0.116669 0.0760912 0.0342217 0.00950174 0.001854 0.000860785 0 0 0 0.000165536 0 0.000143464 0 0 0
 0 0 0 0 0 0 0 0.000145254 0.000435761 0.0275982 0.070085 0.0708112 0.156366 0.174668 0.174014 0.160142 0.0824315 0.0480064 0.0283245 0.00493863 0.00203355 0 0 0 0 0
 0 0 0 0 0 0 0 0 0 0 0 0 0 0 0 0 0 0 0 0 0 0 0 0 0 0
 0 0 1.00437e-05 0.000401748 0.00122533 0.00171747 0.00176769 0.0269171 0.070346 0.194647 0.189555 0.159765 0.064822 0.0314167 0.0384472 0.0292271 0.0345202 0.0313363 0.0194345 0.0106764 0.0143323 0.0359363 0.0279516 0.0138201 0.00172751 0
 0 0.0021121 0.0136068 0.0755702 0.200478 0.177729 0.0527432 0.0373336 0.0318909 0.0142505 0.0149659 0.0166563 0.0217959 0.0798694 0.0677717 0.0528807 0.04013 0.0224614 0.0357745 0.0225083 0.00881397 0.00855152 0.00135912 0.000746735 0 0
 0 0 0 0 5.4009e-05 0.00500934 0.000945158 0.0243581 0.138947 0.33067 0.221406 0.137944 0.0707744 0.0437923 0.0131692 0.00525238 0.0047753 0.00276346 9.45158e-05 9.00151e-06 2.25038e-05 9.00151e-06 4.50075e-06 0 0 0
 0.000866109 0.00284123 0.00948549 0.0512746 0.133035 0.25785 0.225252 0.132002 0.0553304 0.0519788 0.0540692 0.017754 0.00435017 0.00159236 0.00146478 0.000404838 0.000125132 0.000115318 0.000107957 0.000100596 0 0 0 0 0 0
 0 0 0 0 0.00144013 0.00171154 0.00461396 0.0210425 0.0478622 0.0707936 0.0888783 0.103762 0.0637923 0.0337046 0.0602308 0.124433 0.169614 0.0934646 0.0462172 0.0250306 0.0313229 0.00938855 0.002487 0.000210481 0 0
 0 0.00764035 0.051015 0.0998891 0.058973 0.0496711 0.0374665 0.0718981 0.12319 0.153886 0.159021 0.0857701 0.0377988 0.023471 0.0147837 0.00900784 0.00315554 0.000888139 0.00291439 0.00214683 0.00393193 0.00274676 0.000635225 9.99891e-05 0 0
 0 0 0 0 0 0 0 0 0 0 0 0 0 0 0 0 0 0 0 0 0 0 0 0 0 0
 0 0 0 0 0 0 0 0 0 0 0 0 0 0 0 0 0 0 0 0 0 0 0 0 0 0
 0 0 0 0 0 0 0 0 0 0 0 0 0 0 0 0 0 0 0 0 0 0 0 0 0 0
 0 0 0 0 0 0 0 0 0 0 0 0 0 0 0 0 0 0 0 0 0 0 0 0 0 0
 0 0 0 0 0 0 0 0 0 0 0 0 0 0 0 0 0 0 0 0 0 0 0 0 0 0
 0 0 0 0 0 0 0 0 0 0 0 0 0 0 0 0 0 0 0 0 0 0 0 0 0 0
 0 0 0 0 0 0 0 0 0 0 0 0 0 0 0 0 0 0 0 0 0 0 0 0 0 0
ppred_pel_tallas
 1.11926e-16 4.35303e-05 0.00042313 0.00281185 0.0127823 0.0397704 0.0847355 0.123676 0.123688 0.0847906 0.0399569 0.0133273 0.00420407 0.00354241 0.00620167 0.0107927 0.0169574 0.0242615 0.0321802 0.0402951 0.048228 0.0552925 0.0602686 0.0617064 0.0586723 0.051392
 1.20939e-16 4.00949e-05 0.000389737 0.00258994 0.0117735 0.0366319 0.0780491 0.113921 0.113947 0.0781777 0.0370639 0.0130226 0.00573046 0.00726376 0.0131518 0.0218376 0.0318534 0.0409682 0.0470143 0.0491954 0.0486302 0.0475544 0.0477722 0.0495471 0.0516396 0.0522356
 1.16269e-16 5.23529e-05 0.000508889 0.00338175 0.0153729 0.047831 0.10191 0.148744 0.148761 0.101994 0.0481158 0.0161973 0.00545763 0.00506292 0.00876798 0.0145903 0.0214393 0.0278819 0.0325115 0.0347494 0.0351809 0.0350678 0.035424 0.0363945 0.0373211 0.0372817
 1.06185e-16 6.52759e-05 0.000634505 0.00421651 0.0191676 0.0596377 0.127065 0.185458 0.18547 0.127127 0.0598479 0.0197751 0.00574323 0.00397389 0.00642704 0.010575 0.0153562 0.0195933 0.0221434 0.022513 0.0211518 0.0191219 0.017405 0.016391 0.0158537 0.0152862
 1.04074e-16 5.84517e-05 0.000568172 0.0037757 0.0171638 0.0534031 0.113782 0.166072 0.166095 0.113891 0.0537684 0.018219 0.00642503 0.00635365 0.0110521 0.0181949 0.0262441 0.033089 0.0366215 0.03588 0.0316184 0.025781 0.0203163 0.0162573 0.0135979 0.0117727
 1.02908e-16 6.55568e-05 0.000637235 0.00423465 0.0192501 0.0598943 0.127612 0.186256 0.18627 0.12768 0.0601246 0.0199158 0.00590758 0.00429607 0.00703435 0.0115777 0.0167939 0.0213741 0.0240236 0.0241362 0.0221272 0.0190972 0.0161157 0.0136986 0.0117894 0.010088
 1.05007e-16 4.50796e-05 0.00043819 0.00291193 0.0132372 0.0411861 0.0877526 0.128085 0.12812 0.0879228 0.0417576 0.0148881 0.00705718 0.00949158 0.0172517 0.0284827 0.0411054 0.05186 0.0574498 0.0563541 0.0497169 0.0405284 0.031787 0.025085 0.0204395 0.0170466
 1.1029e-16 4.26154e-05 0.000414237 0.00275275 0.0125136 0.0389346 0.0829553 0.121081 0.121107 0.0830821 0.0393611 0.0137481 0.00586211 0.00723699 0.0131031 0.0218636 0.0321203 0.0417106 0.0484226 0.0511941 0.0506261 0.0483213 0.0456373 0.0429145 0.0396664 0.0353283
 1.12736e-16 5.00204e-05 0.000486216 0.00323108 0.014688 0.0457 0.0973694 0.142118 0.142137 0.097466 0.0460248 0.0156282 0.00559816 0.00567771 0.00998154 0.016614 0.0243863 0.0316519 0.0367774 0.0390598 0.0391109 0.0383046 0.0377409 0.0375713 0.0371168 0.0355098
 1.07172e-16 6.30437e-05 0.000612807 0.00407232 0.0185122 0.0575984 0.12272 0.179116 0.17913 0.122788 0.057826 0.0191705 0.0057275 0.00423518 0.00696986 0.011496 0.0167306 0.0214225 0.024351 0.0249877 0.023806 0.0219176 0.0203294 0.0194057 0.0188633 0.0181487
 1.02364e-16 7.04146e-05 0.000684455 0.00454844 0.0206766 0.0643325 0.137068 0.200057 0.200067 0.13712 0.0645092 0.0211869 0.00582995 0.00348366 0.00539159 0.00881537 0.0127245 0.0160724 0.0178453 0.0175843 0.0156539 0.0129849 0.0105009 0.00867629 0.00748377 0.00663281
 1.01591e-16 6.52967e-05 0.000634707 0.00421785 0.0191738 0.0596568 0.127106 0.185518 0.185535 0.127189 0.0599371 0.0199833 0.00624975 0.00506976 0.00848655 0.013922 0.020038 0.0251749 0.0276867 0.0268128 0.0231263 0.0181401 0.0134015 0.00977848 0.00734902 0.00574733
 1.02201e-16 6.14616e-05 0.000597429 0.00397012 0.0180476 0.0561529 0.119641 0.174623 0.174642 0.119736 0.0564729 0.0189721 0.00629182 0.00566944 0.009705 0.0159752 0.0230717 0.0291465 0.0323506 0.0318178 0.0281567 0.0229981 0.0179834 0.0139951 0.0110761 0.00884642
 1.03403e-16 5.81571e-05 0.000565308 0.00375667 0.0170773 0.0531339 0.113208 0.165235 0.165256 0.113312 0.0534833 0.018087 0.00629319 0.00610967 0.0106088 0.0175009 0.0253324 0.032122 0.0358815 0.0356814 0.0321729 0.027084 0.0221206 0.0181483 0.0151355 0.012635
 1.02977e-16 6.56159e-05 0.00063781 0.00423847 0.0192675 0.0599484 0.127727 0.186424 0.186438 0.127795 0.0601783 0.0199322 0.00590879 0.00429044 0.00702123 0.0115524 0.0167499 0.0213044 0.0239231 0.0240055 0.0219765 0.0189486 0.0160005 0.0136475 0.0118207 0.0101981
 1.00536e-16 7.83839e-05 0.000761919 0.00506322 0.0230167 0.0716134 0.15258 0.222696 0.2227 0.152598 0.0716747 0.0231936 0.00550757 0.00173237 0.00192271 0.00305789 0.00440525 0.00555629 0.00615283 0.0060315 0.00531517 0.00432506 0.00338368 0.00266292 0.00216543 0.00180514
 1.0137e-16 3.69826e-05 0.000359484 0.0023889 0.0108596 0.0337886 0.071992 0.105085 0.105135 0.0722387 0.0346166 0.0132501 0.00838516 0.0134351 0.024828 0.040877 0.0586222 0.0731729 0.0795697 0.0755253 0.062816 0.0461454 0.0304274 0.0185756 0.0110532 0.0068158
 1.01365e-16 7.61777e-05 0.000740475 0.00492072 0.0223689 0.0695978 0.148286 0.216428 0.216431 0.148302 0.0696526 0.0225278 0.00532233 0.00162563 0.00178183 0.00288902 0.0043024 0.00571705 0.00686618 0.00760784 0.0079708 0.00806942 0.00796821 0.00762601 0.00696112 0.00596071
 1.01857e-16 5.4205e-05 0.000526892 0.00350139 0.0159168 0.0495233 0.105516 0.15401 0.15404 0.105664 0.0500227 0.0173586 0.00711811 0.00841424 0.0150104 0.0246687 0.0353902 0.0442123 0.0481603 0.0458777 0.0384559 0.0287374 0.0196652 0.0129432 0.00877199 0.00644066
 1.04113e-16 5.56606e-05 0.000541041 0.00359541 0.0163442 0.050853 0.108349 0.158142 0.158163 0.10845 0.0511946 0.017332 0.00608013 0.00598237 0.0104398 0.017301 0.0252181 0.0323343 0.0367669 0.0376008 0.0353568 0.0314971 0.0274111 0.0237224 0.0203344 0.0169349
 1.0375e-16 6.49782e-05 0.000631612 0.00419728 0.0190802 0.0593658 0.126486 0.184612 0.184626 0.126553 0.0595934 0.0197381 0.00585089 0.00424878 0.00695637 0.0114549 0.0166313 0.0212045 0.0239139 0.0241833 0.0224422 0.0197821 0.0172352 0.0152533 0.0136989 0.0121957
 1.02566e-16 6.56125e-05 0.000637777 0.00423825 0.0192665 0.0599453 0.12772 0.186415 0.18643 0.127796 0.0601999 0.020002 0.00608512 0.00467146 0.00773214 0.0126944 0.0183174 0.0231142 0.0256159 0.0251493 0.0222292 0.0181924 0.0143765 0.0114867 0.00951932 0.00809903
 1.06143e-16 3.15136e-05 0.000306323 0.00203563 0.00925369 0.0287919 0.061346 0.0895463 0.0895939 0.0615785 0.0295728 0.0115097 0.00770061 0.0126802 0.0235529 0.0389428 0.0562234 0.0709688 0.0786712 0.0772328 0.0681787 0.0555481 0.0434048 0.0339289 0.0271976 0.0222029
 1.06002e-16 6.50174e-05 0.000631992 0.00419981 0.0190917 0.0594015 0.126562 0.184722 0.18473 0.1266 0.0595327 0.0194727 0.00516328 0.00275934 0.00417603 0.00698623 0.0104912 0.0141018 0.0172423 0.0196211 0.0213224 0.0225785 0.0234344 0.0236266 0.0227776 0.02071
 1.05388e-16 5.66308e-05 0.000550472 0.00365808 0.0166291 0.0517395 0.110237 0.1609 0.160923 0.110354 0.05213 0.0177571 0.00648926 0.00673081 0.0117944 0.019411 0.0279673 0.0352054 0.0388798 0.0379961 0.0334228 0.0273125 0.0217995 0.0179752 0.0157404 0.0143407
 1.08301e-16 4.10867e-05 0.000399377 0.002654 0.0120647 0.0375381 0.07998 0.11674 0.116774 0.0801433 0.0380867 0.0136508 0.00664106 0.00912216 0.0166631 0.0276284 0.040137 0.051188 0.057728 0.0583244 0.0539533 0.0471955 0.0405364 0.0351397 0.0308226 0.0268484
 1.06127e-16 6.42736e-05 0.000624762 0.00415177 0.0188733 0.058722 0.125114 0.18261 0.18262 0.125166 0.0588979 0.0193828 0.00543573 0.00344448 0.00546911 0.00907071 0.0133692 0.0174657 0.0204829 0.0220178 0.0223351 0.0220754 0.0217306 0.0213287 0.0205374 0.0190106
 1.04309e-16 6.10408e-05 0.000593338 0.00394294 0.017924 0.0557685 0.118821 0.173427 0.173447 0.118917 0.0560886 0.0188488 0.00626456 0.00566275 0.00969293 0.0159398 0.0229871 0.0289807 0.0320821 0.0314676 0.0278246 0.0228815 0.0183535 0.0151213 0.0131213 0.011781
 1.07986e-16 3.39661e-05 0.000330163 0.00219405 0.00997385 0.0310326 0.0661197 0.0965125 0.0965547 0.0663256 0.0317242 0.0119727 0.00721579 0.0113072 0.0209242 0.0346502 0.0501733 0.0636423 0.0711339 0.0708176 0.0639927 0.0540896 0.0444912 0.0369081 0.031259 0.0266208
 1.15423e-16 4.01538e-05 0.000390309 0.00259374 0.0117908 0.0366856 0.0781634 0.114086 0.114107 0.078265 0.0370276 0.0127828 0.00509951 0.00591245 0.010681 0.0179967 0.0268664 0.0357761 0.0431725 0.048309 0.0515363 0.0537099 0.0552479 0.0556981 0.0541324 0.0499294
 1.05831e-16 7.08099e-05 0.000688297 0.00457398 0.0207926 0.0646937 0.137837 0.201178 0.201185 0.13787 0.0648032 0.0211097 0.005372 0.00243808 0.00341721 0.00560011 0.00821311 0.0106635 0.0124124 0.0132513 0.0134262 0.0134392 0.0136774 0.0141631 0.0145863 0.0145376
pSPR Fmed_Fpbrs
0.606415   0.216508 0.216508
Fs Fmed_Fpbrs
0.276161   1.005 1.005
SSBpbr Bo_Bmed_Bpbrs
1.7376e+06  966823  289323 289323
Ro
161961
SPR SPRFo_SPRFmed_SPRFpbrs
1.15768e+06 702037 250647
Fref
1.005
Nvult_r0
 185407 15821.5 6824.77 7177.34 2492.28
CTP_r0
 28295.1 2981.79 1286.23 1352.67 469.706
YTP_r0
391299
Np
 214667 82232.2 6513.92 2809.85 3816.81
Nvult_p0
 178443 71158.8 5636.76 2431.47 3302.83
CTP_p0
 78158.8 35668.1 2825.41 1218.77 1655.54
YTP_p0
 1.32102e+06
CBA_c0
670217
log_Ro
11.8151
likeval ReclasPelacesDesembMPH_pf_preclas_ppelaces_ptallas_desvR_qrecl_qpela
 13.6972 17.1512 0.0575624 0.000815536 241.207 118.148 98.5289 0 23.6001 1.80548e-08 2.49519e-06 0.293928 0 0 0
q_reclas_q_pelaces
1.01922 1.25199
M
1
N
 189044 40947.7 124880 7730.16 0.26219
 104893 61746.6 12921.9 39408.4 2439.49
 105176 31056.5 17168 3592.8 11635.4
 173590 31301.1 8692.41 4805.16 4262.21
 139293 46480.3 7644.77 2122.98 2214.56
 240888 46098.3 14918.4 2453.68 1392.19
 98329.9 72341 13053.8 4224.51 1089.05
 43766.3 22977.3 14823.1 2674.81 1088.78
 41553.2 14945.5 7679.08 4953.93 1257.8
 55397.9 11398.2 3765.65 1934.81 1565.1
 103066 13754.7 2525.59 834.383 775.501
 140505 34568.1 4491.5 824.715 525.696
 117417 34761.2 7624.21 990.628 297.841
 82049.1 29782.5 7917.32 1736.51 293.466
 79648.3 16094.6 4869.74 1294.56 331.922
 427078 18914.2 3367.14 1018.79 340.275
 89262.6 110243 4406.46 784.444 316.623
 673730 26110 30176.1 1206.15 301.388
 381109 197942 7187.66 8306.98 415.001
 298904 101789 48187.1 1749.77 2123.29
 428123 82118.8 25698.2 12165.6 977.817
 581338 125703 22587.5 7068.52 3615.22
 119851 160878 32034.6 5756.3 2722.69
 350400 37262 47639.1 9486.08 2510.79
 298565 111168 11325.8 14480 3646.47
 132875 94685.5 33772.5 3440.75 5506.75
 297088 43363.3 29847.1 10645.9 2820.46
 334711 94217.3 13173.6 9067.46 4091.04
 99765.8 108539 29456.6 4118.69 4113.95
 72026.5 32644.8 34331.3 9317.26 2604.02
 267640 22335.4 9634.62 10132.3 3518.38
pred_Ctot
 13531.3 3726.83 11365.8 703.555 0.023863
 13172.1 9751.36 2040.7 6223.58 385.258
 12921.4 4801 2653.99 555.408 1798.7
 30643.8 6874.38 1909.04 1055.31 936.072
 8916.67 3789.06 623.2 173.065 180.53
 28434.8 6853.92 2218.08 364.815 206.991
 23521.9 21233.7 3831.58 1239.99 319.66
 1997.08 1340.07 864.504 155.998 63.4992
 6842.6 3069.65 1577.2 1017.48 258.339
 11752.1 2984.95 986.143 506.686 409.866
 5795.77 986.527 181.143 59.8444 55.6212
 30036.6 9119.19 1184.87 217.563 138.68
 23752 8699.36 1908.04 247.915 74.538
 25462.6 11155.5 2965.55 650.439 109.922
 18490.3 4591.9 1389.37 369.347 94.6995
 82883.8 4549.41 809.893 245.049 81.8458
 11778.3 18269.6 730.245 129.999 52.4712
 87343.9 4253.31 4915.67 196.482 49.096
 67743.9 43762.3 1589.1 1836.56 91.7512
 48988.9 20811.3 9852.15 357.751 434.119
 55645.4 13410.6 4196.69 1986.73 159.684
 93173.5 25152.3 4519.61 1414.36 723.383
 11896 20190.8 4020.46 722.436 341.707
 30847.4 4157.28 5315.05 1058.35 280.127
 26350.2 12433.6 1266.74 1619.51 407.839
 9575.78 8675.69 3094.45 315.263 504.564
 26219.5 4849.89 3338.19 1190.67 315.449
 25337.5 9061.39 1266.98 872.068 393.458
 7038.04 9738.14 2642.86 369.53 369.105
 7251.27 4154.4 4369.02 1185.72 331.389
 28295.1 2981.79 1286.23 1352.67 469.706
F
 0.11894 0.153374 0.153374 0.153374 0.153374
 0.217132 0.279992 0.279992 0.279992 0.279992
 0.211987 0.273358 0.273358 0.273358 0.273358
 0.317665 0.40963 0.40963 0.40963 0.40963
 0.105801 0.136431 0.136431 0.136431 0.136431
 0.202942 0.261695 0.261695 0.261695 0.261695
 0.453822 0.585204 0.585204 0.585204 0.585204
 0.0744521 0.0960062 0.0960062 0.0960062 0.0960062
 0.293517 0.378491 0.378491 0.378491 0.378491
 0.393161 0.506983 0.506983 0.506983 0.506983
 0.0924339 0.119194 0.119194 0.119194 0.119194
 0.396745 0.511603 0.511603 0.511603 0.511603
 0.371809 0.479449 0.479449 0.479449 0.479449
 0.628832 0.810881 0.810881 0.810881 0.810881
 0.437705 0.564422 0.564422 0.564422 0.564422
 0.354279 0.456843 0.456843 0.456843 0.456843
 0.229265 0.295638 0.295638 0.295638 0.295638
 0.224856 0.289952 0.289952 0.289952 0.289952
 0.320187 0.412881 0.412881 0.412881 0.412881
 0.291955 0.376477 0.376477 0.376477 0.376477
 0.225491 0.290771 0.290771 0.290771 0.290771
 0.284685 0.367102 0.367102 0.367102 0.367102
 0.168276 0.216993 0.216993 0.216993 0.216993
 0.148031 0.190886 0.190886 0.190886 0.190886
 0.148427 0.191398 0.191398 0.191398 0.191398
 0.119794 0.154474 0.154474 0.154474 0.154474
 0.148425 0.191394 0.191394 0.191394 0.191394
 0.126161 0.162684 0.162684 0.162684 0.162684
 0.117139 0.151051 0.151051 0.151051 0.151051
 0.17086 0.220324 0.220324 0.220324 0.220324
 0.180094 0.232232 0.232232 0.232232 0.232232
YTP_r0W_actual
 240508 48603.2 37172 47073.1 17942.8
YTP_p0W_proyectada
 587754 574970 66058 35953.7 56288.2
CTP_r0_actual
 28295.1 2981.79 1286.23 1352.67 469.706
CTP_p0_proyectada
 78158.8 35668.1 2825.41 1218.77 1655.54
Wmedp
 7.52 16.12 23.38 29.5 34
Frms_r0
 0.180094 0.232232 0.232232 0.232232 0.232232
Zrms_r0
 1.18009 1.23223 1.23223 1.23223 1.23223
nmprior
 8.19 8.8 8.5 0
nm_flota  nm_reclas  nm_pelaces    nm_pelaL
inf 12.6301 19.584 47.8049
cv_recla  cv_pelaces  cv_mph
0.334765 0.469591 0.881306
 ------------------------------------------------
Talla a la edad & desviaci?n 
 8 13.2811 15.8009 17.003 17.5766
 0.8 1.32811 1.58009 1.7003 1.75766
