years
 1991 1992 1993 1994 1995 1996 1997 1998 1999 2000 2001 2002 2003 2004 2005 2006 2007 2008 2009 2010 2011 2012 2013 2014 2015 2016 2017 2018 2019 2020 2021
reclasobs
 0 0 0 0 0 0 0 0 0 252601 567819 844713 477998 351125 339783 2.1784e+06 2.13404e+06 4.81314e+06 1.55562e+06 2.62356e+06 3.21686e+06 3.843e+06 1.13348e+06 3.07943e+06 1.97215e+06 2.03268e+06 2.025e+06 2.42433e+06 2.27542e+06 1.05018e+06 2.36338e+06
reclaspred
 3.49597e+06 1.95652e+06 991502 1.00509e+06 1.00795e+06 1.58861e+06 983588 862155 619255 439874 513251 664423 653501 504674 512551 1.42312e+06 1.37768e+06 3.10742e+06 2.56736e+06 1.917e+06 3.39595e+06 2.74897e+06 2.17509e+06 3.33302e+06 2.4922e+06 2.21319e+06 2.64693e+06 2.8168e+06 2.30315e+06 1.45859e+06 2.09784e+06
pelacesobs
 0 0 0 0 0 0 0 0 0 0 0 0 0 0 0 552880 188675 0 991730 2.46772e+06 1.41603e+06 1.21717e+06 2.29649e+06 1.80582e+06 0 1.4828e+06 1.56532e+06 1.57751e+06 1.42118e+06 867257 1.10002e+06
pelacespred
 1.59924e+06 994012 502690 417465 437807 712951 406995 444421 305914 204611 248737 266796 288753 233087 244525 568897 552812 1.43931e+06 1.22608e+06 847197 1.46156e+06 1.27839e+06 1.01213e+06 1.69856e+06 1.22315e+06 1.08399e+06 1.4767e+06 1.54985e+06 1.04386e+06 749639 1.07849e+06
mphobs
 0 0 0 0 0 0 0 0 0 0 0 498337 0 5186 125008 0 168611 109162 213762 579715 649985 157893 87575 83554 0 0 0 0 0 0 0
mphpred
 3.02871e+06 2.02989e+06 1.00943e+06 552723 613627 701029 912548 555245 490286 328534 211403 346715 369889 311029 206590 266280 940345 895919 1.7659e+06 1.33587e+06 1.43413e+06 1.77706e+06 1.6792e+06 1.38222e+06 1.91395e+06 1.57256e+06 1.30072e+06 1.3985e+06 1.95489e+06 1.32901e+06 810827
desembarqueobs
 494567 514787 250237 358949 120608 361735 552515 73892 212993 205616 52469 317467 293654 387597 252695 516296 358380 742168 942051 627588 828172 859565 418607 520667 417249 300574 415391 372974 316634 284311 391294
desembarquepred
 494574 513499 250886 358980 120613 361751 552574 73896.7 213049 205669 52471.8 317539 293707 387631 252688 516252 358403 742066 941831 627447 828238 859579 418616 520692 417249 300573 415389 372957 316626 284318 391297
Reclutas
 196431 109909 109586 185587 147983 249339 102692 46130.6 42947.4 56708.3 104746 142396 119372 83791.8 82616.1 465287 98511.1 701948 414424 319199 467414 621492 130796 379954 320621 146616 327790 366049 108248 80823.6 308474
log_desv_Rt
 0.130434 -0.450223 -0.453162 0.0736494 -0.152778 0.368938 -0.518145 -1.3184 -1.3899 -1.11195 -0.498333 -0.191265 -0.367627 -0.72154 -0.73567 0.99278 -0.559705 1.40399 0.877014 0.61594 0.99734 1.28225 -0.276239 0.790176 0.620386 -0.162057 0.642499 0.752893 -0.465446 -0.757606 0.581764
SSB
 3.02871e+06 2.02989e+06 1.00943e+06 552723 613627 701029 912548 555245 490286 328534 211403 346715 369889 311029 206590 266280 940345 895919 1.7659e+06 1.33587e+06 1.43413e+06 1.77706e+06 1.6792e+06 1.38222e+06 1.91395e+06 1.57256e+06 1.30072e+06 1.3985e+06 1.95489e+06 1.32901e+06 810827
BT
 4.10573e+06 2.79942e+06 1.40767e+06 1.26337e+06 1.10439e+06 1.95214e+06 1.43428e+06 1.08981e+06 917471 670650 619197 881542 932793 940829 817304 1.72934e+06 1.55414e+06 3.97446e+06 3.73316e+06 2.51583e+06 4.04357e+06 3.7502e+06 2.69889e+06 4.4021e+06 3.20599e+06 2.76621e+06 3.82988e+06 3.94881e+06 2.66864e+06 2.00452e+06 2.86485e+06
Ftot
 0.139248 0.253456 0.24697 0.368759 0.12321 0.241314 0.538705 0.0877408 0.347477 0.467206 0.112368 0.490839 0.460256 0.771367 0.527266 0.406455 0.259251 0.262544 0.373131 0.335059 0.255689 0.324316 0.191374 0.16872 0.170751 0.137652 0.168512 0.143634 0.134235 0.192845 0.20443
BD_Bspro_t
 0.977967 0.840683 0.677209 0.587243 0.581861 0.658427 0.647196 0.480217 0.536067 0.48655 0.447683 0.655488 0.535705 0.444324 0.335228 0.395831 0.588712 0.563359 0.65966 0.564255 0.536137 0.585666 0.600302 0.592773 0.696322 0.704207 0.71239 0.748603 0.791907 0.727271 0.660091
BD_Bspro
 2.46117 1.64952 0.82028 0.449151 0.498642 0.569666 0.741549 0.4512 0.398413 0.266971 0.171789 0.281746 0.300577 0.252746 0.167878 0.216383 0.764137 0.728037 1.435 1.08555 1.16539 1.44407 1.36454 1.12321 1.55531 1.27789 1.05698 1.13644 1.58857 1.07997 0.65889
BD_Bo
 1.62971 1.09226 0.543164 0.297414 0.330186 0.377216 0.491031 0.298771 0.263817 0.17678 0.113754 0.186563 0.199033 0.167361 0.111164 0.143282 0.505988 0.482084 0.950212 0.718818 0.771686 0.956216 0.903558 0.743756 1.02988 0.846179 0.699903 0.752517 1.05191 0.715125 0.436297
BD_Brms
 10.0811 6.75655 3.35992 1.83975 2.04247 2.33339 3.03743 1.84814 1.63193 1.09353 0.703661 1.15405 1.23118 1.03527 0.687641 0.886318 3.12996 2.98209 5.87785 4.44648 4.77352 5.91499 5.58925 4.60075 6.37064 5.23431 4.32948 4.65494 6.50691 4.42364 2.69886
Sel_flota
 0.797274 1 1 1 1
 0.797274 1 1 1 1
 0.797274 1 1 1 1
 0.797274 1 1 1 1
 0.797274 1 1 1 1
 0.797274 1 1 1 1
 0.797274 1 1 1 1
 0.797274 1 1 1 1
 0.797274 1 1 1 1
 0.797274 1 1 1 1
 0.797274 1 1 1 1
 0.797274 1 1 1 1
 0.797274 1 1 1 1
 0.797274 1 1 1 1
 0.797274 1 1 1 1
 0.797274 1 1 1 1
 0.797274 1 1 1 1
 0.797274 1 1 1 1
 0.797274 1 1 1 1
 0.797274 1 1 1 1
 0.797274 1 1 1 1
 0.797274 1 1 1 1
 0.797274 1 1 1 1
 0.797274 1 1 1 1
 0.797274 1 1 1 1
 0.797274 1 1 1 1
 0.797274 1 1 1 1
 0.797274 1 1 1 1
 0.797274 1 1 1 1
 0.797274 1 1 1 1
 0.797274 1 1 1 1
Sel_reclas
 1 1 1 1 1
 1 1 1 1 1
 1 1 1 1 1
 1 1 1 1 1
 1 1 1 1 1
 1 1 1 1 1
 1 1 1 1 1
 1 1 1 1 1
 1 1 1 1 1
 1 1 1 1 1
 1 1 1 1 1
 1 1 1 1 1
 1 1 1 1 1
 1 1 1 1 1
 1 1 1 1 1
 1 1 1 1 1
 1 1 1 1 1
 1 1 1 1 1
 1 1 1 1 1
 1 1 1 1 1
 1 1 1 1 1
 1 1 1 1 1
 1 1 1 1 1
 1 1 1 1 1
 1 1 1 1 1
 1 1 1 1 1
 1 1 1 1 1
 1 1 1 1 1
 1 1 1 1 1
 1 1 1 1 1
 1 1 1 1 1
Sel_pelaces
 1 1 1 1 1
 1 1 1 1 1
 1 1 1 1 1
 1 1 1 1 1
 1 1 1 1 1
 1 1 1 1 1
 1 1 1 1 1
 1 1 1 1 1
 1 1 1 1 1
 1 1 1 1 1
 1 1 1 1 1
 1 1 1 1 1
 1 1 1 1 1
 1 1 1 1 1
 1 1 1 1 1
 1 1 1 1 1
 1 1 1 1 1
 1 1 1 1 1
 1 1 1 1 1
 1 1 1 1 1
 1 1 1 1 1
 1 1 1 1 1
 1 1 1 1 1
 1 1 1 1 1
 1 1 1 1 1
 1 1 1 1 1
 1 1 1 1 1
 1 1 1 1 1
 1 1 1 1 1
 1 1 1 1 1
 1 1 1 1 1
pf_obs 
 0.8446 0.082 0.0669 0.0065 0
 0.8095 0.147 0.0364 0.0071 0
 0.9664 0.0169 0.016 0.0007 0
 0.9276 0.0648 0.0075 0.0001 0
 0.7033 0.2144 0.0806 0.0017 0
 0.9318 0.0425 0.0243 0.0014 0
 0.5671 0.3108 0.0964 0.0239 0.0018
 0.0768 0.2599 0.5324 0.112 0.0189
 0.490249 0.384438 0.106611 0.0170017 0.00170017
 0.7925 0.1577 0.0466 0.003 0.0002
 0.840416 0.127587 0.0312969 0.00059994 9.999e-05
 0.8084 0.0986 0.0794 0.0134 0.0002
 0.7335 0.1905 0.0724 0.0035 0.0001
 0.4001 0.4547 0.1325 0.0127 0
 0.49795 0.308269 0.164784 0.0264974 0.00249975
 0.9179 0.0499 0.0305 0.0017 0
 0.2467 0.6533 0.0926 0.0074 0
 0.9418 0.0223 0.034 0.0019 0
 0.707729 0.231977 0.0356964 0.0245975 0
 0.517169 0.277429 0.184464 0.0207286 0.00020938
 0.811772 0.124168 0.05621 0.00726502 0.000585176
 0.764997 0.148141 0.077277 0.00933861 0.000247198
 0.163321 0.427699 0.378323 0.0303852 0.000271297
 0.753843 0.0900009 0.118128 0.0371064 0.000921714
 0.721811 0.176058 0.0630433 0.0369309 0.00215725
 0.143369 0.312575 0.442814 0.0836902 0.0175525
 0.692698 0.0596174 0.167031 0.0765114 0.00414204
 0.394062 0.376323 0.152708 0.0712218 0.00568511
 0.125707 0.32114 0.495352 0.0537591 0.00404204
 0.23352 0.215282 0.420074 0.123614 0.00750983
 0.796117 0.104755 0.0508955 0.0450114 0.00322123
pf_pred 
 0.454603 0.123321 0.398171 0.0239044 8.03305e-07
 0.416135 0.300859 0.0639913 0.20661 0.0124044
 0.56415 0.209073 0.116856 0.0248546 0.0850668
 0.742286 0.161299 0.0462497 0.02585 0.0243161
 0.649435 0.277234 0.0458966 0.0131601 0.0142745
 0.742594 0.180755 0.0606178 0.0100354 0.00599862
 0.470679 0.41732 0.0786483 0.0263754 0.00697656
 0.4505 0.298972 0.197518 0.0372243 0.0157855
 0.531329 0.23883 0.125051 0.0826162 0.0221725
 0.700526 0.178913 0.0614365 0.0321681 0.0269557
 0.816091 0.139161 0.026734 0.00918011 0.00883454
 0.739833 0.220992 0.0296433 0.00569473 0.00383738
 0.687914 0.246963 0.0553168 0.00742004 0.00238599
 0.63408 0.272757 0.0737223 0.0165129 0.00292725
 0.743988 0.180721 0.0561226 0.0151691 0.00400001
 0.938532 0.0489083 0.00886575 0.00275325 0.000940394
 0.381677 0.589073 0.0232738 0.0042189 0.00175768
 0.895995 0.0461937 0.0550761 0.00217601 0.000558788
 0.59859 0.36839 0.014666 0.0174861 0.000868269
 0.604474 0.261832 0.122696 0.00488468 0.00611312
 0.738233 0.174434 0.0578128 0.0270915 0.00242832
 0.740005 0.20407 0.0372666 0.0123513 0.00630667
 0.321003 0.534982 0.113038 0.0206426 0.0103349
 0.737411 0.0991685 0.128759 0.0272059 0.00745564
 0.624049 0.294126 0.0309017 0.0401224 0.0108008
 0.438538 0.381808 0.140552 0.0147668 0.0243343
 0.732326 0.133568 0.0911959 0.0335712 0.00933939
 0.685436 0.24469 0.0348666 0.0238058 0.0112014
 0.348309 0.479313 0.134087 0.0191065 0.0191836
 0.425741 0.232692 0.25122 0.0702785 0.0200687
 0.827089 0.0843203 0.0358975 0.0387557 0.0139379
pobs_RECLAS
 0 0 0 0 0
 0 0 0 0 0
 0 0 0 0 0
 0 0 0 0 0
 0 0 0 0 0
 0 0 0 0 0
 0 0 0 0 0
 0 0 0 0 0
 0 0 0 0 0
 0 0 0 0 0
 0.991045 0.00858322 0.000360255 1.14367e-05 0
 0.934742 0.0480273 0.0164251 0.00080598 0
 0.827803 0.169806 0.00239088 0 0
 0.941827 0.0461693 0.0120037 0 0
 0.791401 0.0380133 0.147996 0.0225897 0
 0.846168 0.0940531 0.0597789 0 0
 0.134021 0.677848 0.182769 0.00536245 0
 0.80878 0.0450904 0.141981 0.00414843 0
 0.846168 0.0940531 0.0597789 0 0
 0.905697 0.0802665 0.012482 0.00150086 5.37128e-05
 0.989698 0.0102097 9.19794e-05 0 0
 0.975433 0.0193895 0.00387452 0.00125025 5.28907e-05
 0.303575 0.632131 0.0575291 0.00676475 0
 0.966965 0.00978017 0.0227588 0.000495775 0
 0.843318 0.132988 0.00938335 0.0141283 0.000182051
 0.564624 0.303363 0.111486 0.0197234 0.00080311
 0.826376 0.0876187 0.0782897 0.00655872 0.00115652
 0.89761 0.0855135 0.0140674 0.00269457 0.000114338
 0.34875 0.467042 0.161289 0.0227151 0.000203297
 0.318654 0.224769 0.449479 0.00709798 0
 0.937255 0.0296025 0.0250945 0.00804832 0
ppred_RECLAS
 0.511763 0.110397 0.356441 0.0213991 7.19115e-07
 0.473282 0.271412 0.057728 0.186388 0.0111903
 0.620001 0.182282 0.101881 0.0216697 0.074166
 0.78457 0.134834 0.0386614 0.0216087 0.0203264
 0.699597 0.237565 0.0393293 0.011277 0.0122319
 0.784298 0.151469 0.0507966 0.00840946 0.00502673
 0.530506 0.370153 0.0697591 0.0233944 0.00618804
 0.507369 0.268031 0.177077 0.0333719 0.0141519
 0.588927 0.209479 0.109683 0.072463 0.0194476
 0.747856 0.150637 0.0517269 0.0270842 0.0226956
 0.84796 0.115046 0.0221013 0.00758931 0.00730362
 0.782996 0.184328 0.0247253 0.00474994 0.00320074
 0.736447 0.208557 0.0467143 0.00626613 0.00201494
 0.689417 0.231509 0.0625736 0.0140157 0.00248458
 0.786849 0.150465 0.0467267 0.0126295 0.00333034
 0.950802 0.0391454 0.007096 0.00220365 0.000752676
 0.437673 0.535726 0.0211661 0.00383683 0.0015985
 0.915708 0.0374385 0.0446374 0.00176359 0.00045288
 0.65347 0.318024 0.0126609 0.0150954 0.000749561
 0.65878 0.225882 0.10585 0.00421401 0.00527378
 0.780494 0.146273 0.0484793 0.0227177 0.00203629
 0.782354 0.17083 0.0311964 0.0103394 0.00527941
 0.373109 0.493928 0.104363 0.0190585 0.00954183
 0.779426 0.0833013 0.108157 0.0228528 0.00626271
 0.676248 0.253288 0.0266112 0.0345515 0.00930116
 0.495505 0.343069 0.126291 0.0132685 0.0218653
 0.774906 0.112321 0.0766891 0.0282309 0.00785375
 0.73265 0.207964 0.0296334 0.0202328 0.00952016
 0.401929 0.439876 0.123055 0.0175344 0.0176052
 0.482768 0.209585 0.226272 0.0632994 0.0180758
 0.857623 0.0694302 0.0295583 0.0319118 0.0114766
pobs_PELACES
 0 0 0 0 0
 0 0 0 0 0
 0 0 0 0 0
 0 0 0 0 0
 0 0 0 0 0
 0 0 0 0 0
 0 0 0 0 0
 0 0 0 0 0
 0 0 0 0 0
 0 0 0 0 0
 0 0 0 0 0
 0 0 0 0 0
 0 0 0 0 0
 0 0 0 0 0
 0 0 0 0 0
 0 0 0 0 0
 0.505614 0.472636 0.0217494 0 0
 0 0 0 0 0
 0.443492 0.261883 0.143347 0.151278 0
 0.227955 0.32914 0.350689 0.0885471 0.00366901
 0.970185 0.0296113 0.000203453 0 0
 0.997202 0.00247181 0.000326279 0 0
 0.445219 0.490057 0.0546422 0.010081 0
 0.90214 0.0892962 0.00764917 0.000914606 0
 0 0 0 0 0
 0.581667 0.319106 0.0959925 0.00289975 0.000334073
 0.762889 0.0836404 0.116647 0.0363945 0.000428098
 0.88444 0.0763242 0.0277011 0.0115352 0
 0.521256 0.241999 0.230069 0.00667565 0
 0.616807 0.101726 0.260614 0.0208532 0
 0.833518 0.0704572 0.0857862 0.0102388 0
ppred_PELACES
 0.51409 0.10987 0.354742 0.0212971 7.15687e-07
 0.477511 0.269233 0.0572645 0.184892 0.0111004
 0.623886 0.180418 0.10084 0.0214481 0.0734078
 0.78871 0.132242 0.0379183 0.0211934 0.0199358
 0.701326 0.236197 0.0391029 0.0112121 0.0121615
 0.787017 0.14956 0.0501564 0.00830347 0.00496338
 0.539471 0.363084 0.0684269 0.0229476 0.00606987
 0.508836 0.267233 0.176549 0.0332725 0.0141097
 0.594543 0.206618 0.108185 0.0714731 0.0191819
 0.753704 0.147144 0.0505271 0.026456 0.0221692
 0.848926 0.114314 0.0219608 0.00754106 0.00725719
 0.788523 0.179633 0.0240955 0.00462895 0.00311921
 0.74238 0.203862 0.0456628 0.00612508 0.00196958
 0.700357 0.223355 0.0603694 0.013522 0.00239706
 0.792705 0.146331 0.0454429 0.0122825 0.00323884
 0.952059 0.0381456 0.00691477 0.00214737 0.000733453
 0.441946 0.531655 0.0210052 0.00380768 0.00158635
 0.917053 0.0368408 0.0439247 0.00173543 0.000445649
 0.659101 0.312857 0.0124552 0.0148501 0.000737381
 0.663801 0.222559 0.104292 0.004152 0.00519618
 0.78341 0.14433 0.0478352 0.0224159 0.00200923
 0.786026 0.167949 0.0306701 0.010165 0.00519035
 0.376108 0.491564 0.103864 0.0189673 0.00949618
 0.78136 0.0825707 0.107209 0.0226524 0.00620779
 0.678744 0.251335 0.026406 0.0342852 0.00922946
 0.497808 0.341504 0.125715 0.013208 0.0217655
 0.776866 0.111343 0.0760212 0.0279851 0.00778535
 0.734528 0.206503 0.0294252 0.0200906 0.00945328
 0.40409 0.438287 0.12261 0.0174711 0.0175416
 0.48599 0.208279 0.224862 0.0629051 0.0179632
 0.859285 0.0686199 0.0292133 0.0315393 0.0113426
pobs_pel_tallas
 0 0 0 0 0 0 0 0 0 0 0 0 0 0 0 0 0 0 0 0 0 0 0 0 0 0
 0 0 0 0 0 0 0 0 0 0 0 0 0 0 0 0 0 0 0 0 0 0 0 0 0 0
 0 0 0 0 0 0 0 0 0 0 0 0 0 0 0 0 0 0 0 0 0 0 0 0 0 0
 0 0 0 0 0 0 0 0 0 0 0 0 0 0 0 0 0 0 0 0 0 0 0 0 0 0
 0 0 0 0 0 0 0 0 0 0 0 0 0 0 0 0 0 0 0 0 0 0 0 0 0 0
 0 0 0 0 0 0 0 0 0 0 0 0 0 0 0 0 0 0 0 0 0 0 0 0 0 0
 0 0 0 0 0 0 0 0 0 0 0 0 0 0 0 0 0 0 0 0 0 0 0 0 0 0
 0 0 0 0 0 0 0 0 0 0 0 0 0 0 0 0 0 0 0 0 0 0 0 0 0 0
 0 0 0 0 0 0 0 0 0 0 0 0 0 0 0 0 0 0 0 0 0 0 0 0 0 0
 0 0 0 0 0 0 0 0 0 0 0 0 0 0 0 0 0 0 0 0 0 0 0 0 0 0
 0 0 0 0 0 0 0 0 0 0 0 0 0 0 0 0 0 0 0 0 0 0 0 0 0 0
 0 0 0 0 0 0 0 0 0 0 0 0 0 0 0 0 0 0 0 0 0 0 0 0 0 0
 0.00862536 0 0 0.000197151 0.00414017 0.0128641 0.00837892 0.0270097 0.101434 0.158115 0.152841 0.127902 0.109271 0.109419 0.0830992 0.0579132 0.0238553 0.00714673 0.00463305 0.00128148 0.00103504 0.000492878 0.000147863 0.000147863 4.92878e-05 0
 0 0 0 0 0 0 0 0 0 0 0 0 0 0 0 0 0 0 0 0 0 0 0 0 0 0
 0 0 0 0 0 0 0 0.0054083 0.00873648 0.0413646 0.0450493 0.0745869 0.0622846 0.0627006 0.0613931 0.0827291 0.12552 0.122667 0.0946155 0.0697135 0.0546179 0.0294188 0.0215738 0.0213955 0.0102223 0.00600262
 0 0 0 0 0.00359764 0.0251062 0.0480494 0.140153 0.205849 0.193036 0.1447 0.116669 0.0760912 0.0342217 0.00950174 0.001854 0.000860785 0 0 0 0.000165536 0 0.000143464 0 0 0
 0 0 0 0 0 0 0 0.000145254 0.000435761 0.0275982 0.070085 0.0708112 0.156366 0.174668 0.174014 0.160142 0.0824315 0.0480064 0.0283245 0.00493863 0.00203355 0 0 0 0 0
 0 0 0 0 0 0 0 0 0 0 0 0 0 0 0 0 0 0 0 0 0 0 0 0 0 0
 0 0 1.00437e-05 0.000401748 0.00122533 0.00171747 0.00176769 0.0269171 0.070346 0.194647 0.189555 0.159765 0.064822 0.0314167 0.0384472 0.0292271 0.0345202 0.0313363 0.0194345 0.0106764 0.0143323 0.0359363 0.0279516 0.0138201 0.00172751 0
 0 0.0021121 0.0136068 0.0755702 0.200478 0.177729 0.0527432 0.0373336 0.0318909 0.0142505 0.0149659 0.0166563 0.0217959 0.0798694 0.0677717 0.0528807 0.04013 0.0224614 0.0357745 0.0225083 0.00881397 0.00855152 0.00135912 0.000746735 0 0
 0 0 0 0 5.4009e-05 0.00500934 0.000945158 0.0243581 0.138947 0.33067 0.221406 0.137944 0.0707744 0.0437923 0.0131692 0.00525238 0.0047753 0.00276346 9.45158e-05 9.00151e-06 2.25038e-05 9.00151e-06 4.50075e-06 0 0 0
 0.000866109 0.00284123 0.00948549 0.0512746 0.133035 0.25785 0.225252 0.132002 0.0553304 0.0519788 0.0540692 0.017754 0.00435017 0.00159236 0.00146478 0.000404838 0.000125132 0.000115318 0.000107957 0.000100596 0 0 0 0 0 0
 0 0 0 0 0.00144013 0.00171154 0.00461396 0.0210425 0.0478622 0.0707936 0.0888783 0.103762 0.0637923 0.0337046 0.0602308 0.124433 0.169614 0.0934646 0.0462172 0.0250306 0.0313229 0.00938855 0.002487 0.000210481 0 0
 0 0.00764035 0.051015 0.0998891 0.058973 0.0496711 0.0374665 0.0718981 0.12319 0.153886 0.159021 0.0857701 0.0377988 0.023471 0.0147837 0.00900784 0.00315554 0.000888139 0.00291439 0.00214683 0.00393193 0.00274676 0.000635225 9.99891e-05 0 0
 0 0 0 0 0 0 0 0 0 0 0 0 0 0 0 0 0 0 0 0 0 0 0 0 0 0
 0 0 0 0 0 0 0 0 0 0 0 0 0 0 0 0 0 0 0 0 0 0 0 0 0 0
 0 0 0 0 0 0 0 0 0 0 0 0 0 0 0 0 0 0 0 0 0 0 0 0 0 0
 0 0 0 0 0 0 0 0 0 0 0 0 0 0 0 0 0 0 0 0 0 0 0 0 0 0
 0 0 0 0 0 0 0 0 0 0 0 0 0 0 0 0 0 0 0 0 0 0 0 0 0 0
 0 0 0 0 0 0 0 0 0 0 0 0 0 0 0 0 0 0 0 0 0 0 0 0 0 0
 0 0 0 0 0 0 0 0 0 0 0 0 0 0 0 0 0 0 0 0 0 0 0 0 0 0
ppred_pel_tallas
 1.12402e-16 4.2345e-05 0.000411608 0.00273528 0.0124342 0.0386875 0.0824281 0.120309 0.12032 0.0824827 0.0388722 0.0129747 0.00411735 0.00351255 0.00617687 0.0107827 0.0170108 0.0244689 0.0326688 0.0411997 0.049643 0.0572216 0.0625995 0.0642269 0.0611255 0.053549
 1.22142e-16 3.9332e-05 0.000382321 0.00254066 0.0115495 0.0359348 0.0765639 0.111753 0.111779 0.0766912 0.0363626 0.0127864 0.00565104 0.00719167 0.0130317 0.0216502 0.0316087 0.0407184 0.0468599 0.0492737 0.0490877 0.0485121 0.0492934 0.0516136 0.0541419 0.0549837
 1.1753e-16 5.13887e-05 0.000499517 0.00331946 0.0150898 0.0469501 0.100033 0.146004 0.146022 0.100119 0.0472383 0.0159239 0.0054201 0.00510845 0.00887396 0.0147744 0.021723 0.0282802 0.0330357 0.0354187 0.036034 0.0361632 0.036823 0.0381324 0.0393808 0.0395819
 1.06628e-16 6.4965e-05 0.000631483 0.00419643 0.0190764 0.0593537 0.12646 0.184575 0.184587 0.126522 0.0595637 0.0196833 0.00572199 0.00396878 0.00642416 0.0105744 0.0153646 0.0196242 0.0222184 0.0226605 0.0214032 0.019505 0.0179362 0.0170684 0.0166532 0.016163
 1.04372e-16 5.77674e-05 0.000561519 0.00373149 0.0169628 0.0527778 0.11245 0.164128 0.164151 0.112561 0.0531516 0.0180426 0.00644234 0.00648147 0.0113074 0.0186196 0.0268599 0.0338725 0.0375031 0.0367709 0.0324497 0.026529 0.0209999 0.0169123 0.0142507 0.0124257
 1.03159e-16 6.48256e-05 0.000630128 0.00418742 0.0190354 0.0592263 0.126188 0.184179 0.184193 0.126259 0.0594638 0.0197219 0.00591294 0.00440445 0.00725497 0.0119489 0.0173412 0.0220888 0.0248609 0.0250344 0.0230348 0.0199892 0.0169878 0.0145486 0.0126037 0.01084
 1.05397e-16 4.44356e-05 0.00043193 0.00287033 0.0130481 0.0405977 0.086499 0.126255 0.12629 0.0866702 0.0411725 0.0147087 0.00704027 0.00954011 0.0173578 0.0286663 0.0413868 0.0522503 0.0579497 0.0569611 0.0504327 0.0413579 0.0327285 0.0261174 0.021517 0.0181057
 1.10888e-16 4.19122e-05 0.000407401 0.00270733 0.0123071 0.0382922 0.0815865 0.119083 0.119109 0.0817135 0.0387195 0.0135442 0.00582343 0.0072462 0.0131368 0.0219308 0.0322419 0.0419165 0.0487519 0.0516922 0.0513367 0.0492728 0.0468273 0.0443002 0.0411679 0.0368432
 1.13589e-16 4.89717e-05 0.000476023 0.00316334 0.0143801 0.0447419 0.0953281 0.139138 0.139158 0.0954262 0.0450718 0.0153348 0.00556725 0.0057491 0.010139 0.0168857 0.0248014 0.0322256 0.0375118 0.0399571 0.040187 0.0395897 0.0392605 0.0393195 0.0390378 0.0375008
 1.07901e-16 6.20816e-05 0.000603456 0.00401018 0.0182297 0.0567194 0.120847 0.176383 0.176397 0.120917 0.0569533 0.018906 0.00571088 0.00432613 0.0071622 0.011823 0.0172201 0.0220781 0.0251526 0.0259086 0.024835 0.0230677 0.0216241 0.020853 0.0204346 0.0197756
 1.02648e-16 6.9925e-05 0.000679696 0.00451682 0.0205328 0.0638852 0.136115 0.198666 0.198677 0.136169 0.0640662 0.0210558 0.00583016 0.00354876 0.00552489 0.00903948 0.0130546 0.016503 0.0183505 0.0181298 0.0162152 0.0135571 0.0110935 0.00929907 0.00813334 0.00728878
 1.01734e-16 6.49497e-05 0.000631334 0.00419544 0.0190719 0.0593397 0.12643 0.184532 0.184549 0.126515 0.0596237 0.0198922 0.00625438 0.00512568 0.00859946 0.014111 0.0203145 0.0255318 0.0280975 0.0272429 0.0235482 0.0185433 0.0137899 0.0101598 0.0077251 0.00611048
 1.02318e-16 6.11489e-05 0.000594389 0.00394993 0.0179558 0.0558673 0.119032 0.173735 0.173754 0.119128 0.0561902 0.0188888 0.00629311 0.00571362 0.00979528 0.0161273 0.0232964 0.0294407 0.032697 0.0321923 0.0285397 0.0233804 0.0183638 0.0143722 0.0114427 0.0091893
 1.03562e-16 5.76875e-05 0.000560743 0.00372634 0.0169394 0.0527049 0.112294 0.163901 0.163923 0.1124 0.053059 0.017963 0.0062979 0.00618198 0.0107555 0.0177472 0.0256944 0.0325925 0.0364289 0.036263 0.0327538 0.0276484 0.0226681 0.0186811 0.0156477 0.0131111
 1.03129e-16 6.52941e-05 0.000634682 0.00421768 0.019173 0.0596543 0.1271 0.18551 0.185524 0.12717 0.0598866 0.0198444 0.00590495 0.00432471 0.00709311 0.0116749 0.0169337 0.0215512 0.024225 0.0243502 0.0223545 0.0193562 0.0164353 0.0141022 0.0122786 0.0106358
 1.00549e-16 7.84198e-05 0.000762269 0.00506554 0.0230272 0.0716463 0.15265 0.222798 0.222802 0.152668 0.0717066 0.0232017 0.00550352 0.00171883 0.00189648 0.00301474 0.00434374 0.00548035 0.00607194 0.00595782 0.00525904 0.00429166 0.00337246 0.00266944 0.00218391 0.00183016
 1.01393e-16 3.64026e-05 0.000353846 0.00235144 0.0106893 0.0332587 0.0708631 0.103437 0.103489 0.071113 0.0340976 0.0131111 0.00842599 0.0136002 0.0251509 0.0414098 0.0593855 0.0741238 0.0806002 0.0764979 0.0636171 0.046724 0.0307987 0.0187937 0.0111783 0.00689359
 1.01527e-16 7.55365e-05 0.000734242 0.00487929 0.0221806 0.069012 0.147037 0.214606 0.21461 0.147055 0.0690715 0.0223532 0.00531551 0.00169597 0.00192967 0.0031424 0.0046859 0.00623753 0.00751034 0.00835057 0.00878636 0.00893508 0.00885771 0.00850148 0.00777383 0.0066628
 1.02054e-16 5.42893e-05 0.000527712 0.00350683 0.0159416 0.0496003 0.10568 0.154249 0.154279 0.105827 0.050094 0.017367 0.00708265 0.00832626 0.0148433 0.0243964 0.0350076 0.0437519 0.047694 0.0454965 0.0382388 0.0287257 0.0198548 0.0132942 0.00922594 0.00693575
 1.04363e-16 5.46764e-05 0.000531474 0.00353184 0.0160552 0.0499539 0.106433 0.155346 0.155368 0.106538 0.0503082 0.0170799 0.00610924 0.00617557 0.0108252 0.0179431 0.0261512 0.0335247 0.0381106 0.0389616 0.0366222 0.0326157 0.0283898 0.0245944 0.0211257 0.0176507
 1.04006e-16 6.45285e-05 0.00062724 0.00416823 0.0189482 0.0589549 0.12561 0.183335 0.183349 0.125678 0.0591841 0.019611 0.00583439 0.00427261 0.00701183 0.0115536 0.0167881 0.0214328 0.0242247 0.0245866 0.022947 0.0203924 0.0179419 0.016028 0.0144957 0.0129606
 1.02826e-16 6.4744e-05 0.000629334 0.00418215 0.0190115 0.0591518 0.12603 0.183947 0.183964 0.126109 0.0594176 0.0197795 0.00611074 0.00484169 0.00807145 0.013259 0.0191365 0.0241563 0.026788 0.0263308 0.0233234 0.0191596 0.015231 0.0122659 0.0102514 0.008788
 1.06633e-16 3.09796e-05 0.000301133 0.00200114 0.00909691 0.0283041 0.0603066 0.0880292 0.0880767 0.0605384 0.0290826 0.0113461 0.00764958 0.0126405 0.0234916 0.0388547 0.0561259 0.070908 0.0787219 0.0774825 0.0687011 0.0563756 0.0445133 0.0352407 0.028601 0.0235797
 1.06438e-16 6.43596e-05 0.000625599 0.00415732 0.0188986 0.0588006 0.125281 0.182853 0.182861 0.125321 0.0589344 0.0192871 0.00514016 0.00279627 0.00426071 0.00713538 0.0107255 0.0144377 0.017692 0.0201961 0.0220362 0.0234422 0.0244449 0.0247551 0.0239674 0.0218859
 1.05827e-16 5.59073e-05 0.000543439 0.00361134 0.0164167 0.0510785 0.108829 0.158844 0.158868 0.108947 0.0514758 0.0175644 0.00649239 0.00683301 0.0120022 0.019759 0.0284764 0.0358632 0.0396406 0.0388025 0.0342355 0.0281277 0.0226413 0.0188706 0.0166943 0.0153265
 1.08724e-16 4.10038e-05 0.000398572 0.00264865 0.0120404 0.0374623 0.0798187 0.116505 0.116538 0.0799802 0.038005 0.0136093 0.0065927 0.00902838 0.0164891 0.027348 0.0397499 0.0507375 0.0573016 0.0580323 0.0538914 0.0474148 0.0410323 0.0358613 0.0316926 0.0277818
 1.06347e-16 6.39894e-05 0.000622 0.00413341 0.0187899 0.0584624 0.124561 0.181802 0.181813 0.124614 0.0586406 0.019306 0.00543403 0.00347824 0.00553866 0.00918745 0.0135407 0.0176891 0.020745 0.0223029 0.0226346 0.0223934 0.0220799 0.0217208 0.0209728 0.0194745
 1.04517e-16 6.05021e-05 0.000588102 0.00390815 0.0177659 0.0552763 0.117773 0.171897 0.171917 0.11787 0.055603 0.0187096 0.00627739 0.00576168 0.00989084 0.0162695 0.0234662 0.029592 0.0327733 0.0321709 0.0284867 0.0234824 0.0189042 0.0156446 0.0136326 0.0122791
 1.08371e-16 3.32844e-05 0.000323537 0.00215002 0.00977369 0.0304098 0.0647929 0.094576 0.0946183 0.0649998 0.0311049 0.0117826 0.0071975 0.0113579 0.0210355 0.0348436 0.0504717 0.0640593 0.0716726 0.0714765 0.0647717 0.0549884 0.0454997 0.0379953 0.0323719 0.0276937
 1.15891e-16 4.00304e-05 0.00038911 0.00258577 0.0117546 0.0365729 0.0779232 0.113736 0.113756 0.0780231 0.0369091 0.0127297 0.00504935 0.00581999 0.0105101 0.0177211 0.0264857 0.035333 0.0427545 0.0480278 0.0514927 0.0539627 0.0558014 0.0565071 0.0551183 0.0509976
 1.05944e-16 7.07782e-05 0.000687989 0.00457193 0.0207833 0.0646647 0.137775 0.201088 0.201095 0.137808 0.0647741 0.0210999 0.0053689 0.00243544 0.00341265 0.00559238 0.00820162 0.0106487 0.0123966 0.0132389 0.0134245 0.0134576 0.0137264 0.0142516 0.0147178 0.014708
pSPR Fmed_Fpbrs
0.630182   0.21166 0.21166
Fs Fmed_Fpbrs
0.249783   1.005 1.005
SSBpbr Bo_Bmed_Bpbrs
1.85843e+06  1.07823e+06  300434 300434
Ro
172410
SPR SPRFo_SPRFmed_SPRFpbrs
1.2306e+06 775499 260468
Fref
1.005
Nvult_r0
 212060 17850.6 7599.5 8204.58 2950.65
CTP_r0
 29719.2 3029.82 1289.88 1392.58 500.819
YTP_r0
391297
Np
 236946 39117.6 12983.1 1029.52 497.313
Nvult_p0
 197829 33850 11234.8 890.881 430.345
CTP_p0
 88000.7 41819.5 3316.13 1411.77 1981.22
 88000.7 16967.2 5631.42 446.551 215.709
YTP_p0
 1.49963e+06 1.07567e+06
CBA_c0
1.37244e+06
log_Ro
11.8776
likeval ReclasPelacesDesembMPH_pf_preclas_ppelaces_ptallas_desvR_qrecl_qpela
 13.9577 18.0088 0.0670035 0.00263841 240.57 118.561 98.4502 0 24.3399 0 0 0.341312 0 0 0
q_reclas_q_pelaces
1 1
M
1
N
 196431 42976 138758 8330.39 0.279942
 109909 64669.5 13754.9 44410.8 2666.31
 109586 33035.4 18464.2 3927.24 13441.3
 185587 33109.2 9493.51 5306.14 4991.26
 147983 50882.7 8423.72 2415.36 2619.89
 249339 49346.4 16548.8 2739.68 1637.64
 102692 75672.9 14261.3 4782.67 1265.06
 46130.6 24587.4 16243.8 3061.32 1298.2
 42947.4 15823.9 8285.39 5473.8 1469.06
 56708.3 11976.5 4112.56 2153.33 1804.41
 104746 14374.1 2761.4 948.227 912.532
 142396 35231.9 4725.91 907.89 611.779
 119372 35420 7933.66 1064.2 342.205
 83791.8 30426 8223.7 1842.01 326.534
 82616.1 16665.6 5175.47 1398.85 368.87
 465287 19962 3618.57 1123.74 383.823
 98511.1 123791 4890.89 886.587 369.369
 701948 29473 35140.3 1388.36 356.524
 414424 209462 8338.91 9942.36 493.687
 319199 113228 53059.3 2112.35 2643.58
 467414 89898.5 29795 13962.2 1251.49
 621492 140241 25610.2 8488 4334.06
 130796 176541 37301.9 6811.93 3410.47
 379954 41308.1 53633.8 11332.4 3105.6
 320621 122185 12837.1 16667.5 4486.84
 146616 102938 37893.6 3981.22 6560.67
 327790 48330.9 32998.9 12147.6 3379.42
 366049 105428 15022.7 10257 4826.25
 108248 120091 33595.4 4787.11 4806.42
 80823.6 35780.6 38629.5 10806.6 3085.93
 308474 25495.9 10854.3 11718.5 4214.39
pred_Ctot
 13166.2 3571.63 11531.8 692.319 0.0232653
 12922.8 9342.98 1987.2 6416.14 385.209
 12581.3 4662.61 2606.04 554.291 1897.1
 30605.3 6650.53 1906.93 1065.83 1002.58
 8822.62 3766.25 623.509 178.781 193.92
 28021.1 6820.61 2287.36 378.676 226.352
 23466.6 20806.3 3921.15 1315 347.829
 1981.45 1314.98 868.748 163.724 69.4298
 6718.72 3020.04 1581.29 1044.69 280.374
 11489.4 2934.38 1007.63 527.592 442.103
 5715.61 974.632 187.236 64.2942 61.874
 30088.5 8987.6 1205.57 231.601 156.064
 23877.2 8571.97 1920.02 257.546 82.8167
 25561.8 10995.7 2971.98 665.687 118.007
 18543.2 4504.28 1398.8 378.075 99.6962
 83579.2 4355.43 789.522 245.185 83.745
 11825.5 18251.2 721.091 130.714 54.4581
 85243.7 4394.8 5239.86 207.022 53.1622
 69058.1 42500.4 1691.99 2017.33 100.17
 48340.5 20939.1 9812.19 390.634 488.874
 55401.6 13090.6 4338.63 2033.11 182.237
 91413.6 25209 4603.58 1525.76 779.07
 11846.3 19743 4171.56 761.795 381.401
 30562.8 4110.15 5336.56 1127.58 309.007
 26083.6 12293.7 1291.61 1677.01 451.445
 9719.71 8462.36 3115.18 327.29 539.343
 26336.1 4803.4 3279.61 1207.3 335.866
 25271.9 9021.7 1285.53 877.718 412.994
 7005.86 9640.86 2697.02 384.306 385.857
 7373.05 4029.8 4350.66 1217.09 347.554
 29719.2 3029.82 1289.88 1392.58 500.819
F
 0.111019 0.139248 0.139248 0.139248 0.139248
 0.202074 0.253456 0.253456 0.253456 0.253456
 0.196903 0.24697 0.24697 0.24697 0.24697
 0.294002 0.368759 0.368759 0.368759 0.368759
 0.0982322 0.12321 0.12321 0.12321 0.12321
 0.192393 0.241314 0.241314 0.241314 0.241314
 0.429495 0.538705 0.538705 0.538705 0.538705
 0.0699534 0.0877408 0.0877408 0.0877408 0.0877408
 0.277034 0.347477 0.347477 0.347477 0.347477
 0.372491 0.467206 0.467206 0.467206 0.467206
 0.0895881 0.112368 0.112368 0.112368 0.112368
 0.391333 0.490839 0.490839 0.490839 0.490839
 0.36695 0.460256 0.460256 0.460256 0.460256
 0.614991 0.771367 0.771367 0.771367 0.771367
 0.420375 0.527266 0.527266 0.527266 0.527266
 0.324056 0.406455 0.406455 0.406455 0.406455
 0.206694 0.259251 0.259251 0.259251 0.259251
 0.209319 0.262544 0.262544 0.262544 0.262544
 0.297487 0.373131 0.373131 0.373131 0.373131
 0.267134 0.335059 0.335059 0.335059 0.335059
 0.203854 0.255689 0.255689 0.255689 0.255689
 0.258569 0.324316 0.324316 0.324316 0.324316
 0.152578 0.191374 0.191374 0.191374 0.191374
 0.134516 0.16872 0.16872 0.16872 0.16872
 0.136136 0.170751 0.170751 0.170751 0.170751
 0.109746 0.137652 0.137652 0.137652 0.137652
 0.13435 0.168512 0.168512 0.168512 0.168512
 0.114515 0.143634 0.143634 0.143634 0.143634
 0.107022 0.134235 0.134235 0.134235 0.134235
 0.153751 0.192845 0.192845 0.192845 0.192845
 0.162987 0.20443 0.20443 0.20443 0.20443
YTP_r0W_actual
 246669 42720.5 35600.6 47626.2 18680.5
YTP_p0W_proyectada
 659125 655311 76702.1 41463.6 67024.6
 659125 265876 130255 13115.2 7297.44
CTP_r0_actual
 29719.2 3029.82 1289.88 1392.58 500.819
CTP_p0_proyectada
 88000.7 41819.5 3316.13 1411.77 1981.22
 88000.7 16967.2 5631.42 446.551 215.709
Wmedp
 7.49 15.67 23.13 29.37 33.83
Frms_r0
 0.162987 0.20443 0.20443 0.20443 0.20443
Zrms_r0
 1.16299 1.20443 1.20443 1.20443 1.20443
nmprior
 8.19 8.8 8.5 0
nm_flota  nm_reclas  nm_pelaces    nm_pelaL
inf 12.609 18.7187 45.0774
cv_recla  cv_pelaces  cv_mph
0.337934 0.481187 1.58517
 ------------------------------------------------
Talla a la edad & desviaci?n 
 8 13.2811 15.8009 17.003 17.5766
 0.8 1.32811 1.58009 1.7003 1.75766
