years
 1991 1992 1993 1994 1995 1996 1997 1998 1999 2000 2001 2002 2003 2004 2005 2006 2007 2008 2009 2010 2011 2012 2013 2014 2015 2016 2017 2018 2019 2020 2021
reclasobs
 0 0 0 0 0 0 0 0 0 252601 567819 844713 477998 351125 339783 2.1784e+06 2.13404e+06 4.81314e+06 1.55562e+06 2.62356e+06 3.21686e+06 3.843e+06 1.13348e+06 3.07943e+06 1.97215e+06 2.03268e+06 2.025e+06 2.42433e+06 2.27542e+06 1.05018e+06 2.36338e+06
reclaspred
 3.20689e+06 1.77078e+06 897727 918458 927697 1.53451e+06 906224 789885 566790 397922 502359 667320 655389 493786 491591 1.33135e+06 1.22607e+06 3.00403e+06 2.4179e+06 1.77291e+06 3.09634e+06 2.51981e+06 1.95339e+06 3.05672e+06 2.28204e+06 2.01723e+06 2.41513e+06 2.59288e+06 2.08308e+06 1.28845e+06 1.88201e+06
pelacesobs
 0 0 0 0 0 0 0 0 0 0 0 0 0 0 0 552880 188675 0 991730 2.46772e+06 1.41603e+06 1.21717e+06 2.29649e+06 1.80582e+06 0 1.4828e+06 1.56532e+06 1.57751e+06 1.42118e+06 867257 1.10002e+06
pelacespred
 1.78482e+06 1.08493e+06 541773 455196 490775 840438 445055 500865 336777 220474 294946 324389 352034 273572 281974 640778 596024 1.69988e+06 1.39295e+06 938366 1.62609e+06 1.40139e+06 1.10357e+06 1.90507e+06 1.36084e+06 1.20605e+06 1.64693e+06 1.74227e+06 1.15738e+06 805181 1.17443e+06
mphobs
 0 0 0 0 0 0 0 0 0 0 0 498337 0 5186 125008 0 168611 109162 213762 579715 649985 157893 87575 83554 0 0 0 0 0 0 0
mphpred
 489330 327360 159749 88254.5 97565.3 114445 153113 87697.3 78618.3 51507.7 32851.5 60315.6 64659.6 53551.5 34004.2 43302.9 151109 137677 299510 215919 228804 281269 267761 216993 308356 254340 208364 223819 317323 210630 124323
desembarqueobs
 494567 514787 250237 358949 120608 361735 552515 73892 212993 205616 52469 317467 293654 387597 252695 516296 358380 742168 942051 627588 828172 859565 418607 520667 417249 300574 415391 372974 316634 284311 391294
desembarquepred
 494573 513679 250776 358984 120614 361749 552559 73897.2 213052 205670 52471.9 317535 293700 387607 252681 516242 358406 742040 941799 627409 828253 859566 418614 520694 417243 300574 415388 372951 316621 284318 391299
Reclutas
 179595 99589.5 100486 160216 129020 226971 91478.6 40038.9 38489.8 51622.3 96384.7 134450 112344 78443.6 74671.5 401670 81917.2 640329 359047 283749 399769 545840 110595 323424 276249 122391 274306 308807 90785.7 67085.7 256660
log_desv_Rt
 0.170038 -0.419608 -0.410647 0.0558559 -0.160698 0.404159 -0.50456 -1.33081 -1.37027 -1.07671 -0.452317 -0.119469 -0.2991 -0.658285 -0.707567 0.974966 -0.614955 1.44132 0.862787 0.627425 0.970223 1.28166 -0.314786 0.758299 0.600639 -0.213445 0.593578 0.712052 -0.512162 -0.814694 0.527088
SSB
 2.41701e+06 1.61697e+06 789069 435927 481917 565292 756292 433175 388330 254419 162268 297925 319382 264514 167962 213892 746394 680047 1.47941e+06 1.06652e+06 1.13016e+06 1.38931e+06 1.32258e+06 1.07182e+06 1.5231e+06 1.2563e+06 1.0292e+06 1.10554e+06 1.56739e+06 1.04039e+06 614087
BT
 3.34757e+06 2.28575e+06 1.13421e+06 1.04822e+06 902343 1.69404e+06 1.22487e+06 889826 766089 560832 531992 799823 846454 853696 718972 1.47765e+06 1.25974e+06 3.46601e+06 3.19622e+06 2.10499e+06 3.35652e+06 3.10633e+06 2.17799e+06 3.63101e+06 2.62363e+06 2.25028e+06 3.14322e+06 3.25069e+06 2.16211e+06 1.59948e+06 2.31818e+06
Ftot
 0.174711 0.32068 0.313731 0.473468 0.157438 0.297124 0.672299 0.112068 0.443261 0.603431 0.138424 0.578565 0.541722 0.92788 0.656747 0.524058 0.338964 0.327635 0.463901 0.425506 0.330947 0.417977 0.247262 0.218854 0.218471 0.175826 0.21889 0.186092 0.171153 0.251252 0.272319
BD_Bspro_t
 0.972518 0.807482 0.619945 0.524273 0.519215 0.6064 0.600938 0.418823 0.476959 0.422539 0.383247 0.618411 0.497724 0.40373 0.290735 0.344687 0.532192 0.496368 0.617806 0.508206 0.476337 0.524923 0.541709 0.529247 0.645077 0.654789 0.661489 0.701762 0.753241 0.676242 0.595831
BD_Bspro
 2.235 1.49521 0.72965 0.403101 0.445627 0.522724 0.699342 0.400555 0.359088 0.23526 0.150049 0.27549 0.295332 0.244595 0.155314 0.197785 0.690189 0.628838 1.36801 0.986207 1.04506 1.28469 1.22299 0.991109 1.40841 1.16169 0.951696 1.02229 1.44937 0.96205 0.567845
BD_Bo
 1.48437 0.99304 0.484595 0.267718 0.295962 0.347166 0.464466 0.266028 0.238487 0.156247 0.0996544 0.182966 0.196144 0.162447 0.103151 0.131358 0.458387 0.417641 0.908557 0.654986 0.694072 0.853223 0.812246 0.658242 0.935389 0.771536 0.632066 0.678949 0.962592 0.638943 0.377132
BD_Brms
 2.69886 1.80553 0.881081 0.48676 0.538113 0.63121 0.844483 0.483687 0.433613 0.284086 0.18119 0.332665 0.356625 0.295359 0.187547 0.238833 0.833431 0.759347 1.65192 1.19088 1.26195 1.55131 1.47681 1.1968 1.70071 1.40279 1.14921 1.23445 1.75017 1.16171 0.685695
Sel_flota
 0.734027 0.981286 0.998997 0.999947 0.999997
 0.734027 0.981286 0.998997 0.999947 0.999997
 0.734027 0.981286 0.998997 0.999947 0.999997
 0.734027 0.981286 0.998997 0.999947 0.999997
 0.734027 0.981286 0.998997 0.999947 0.999997
 0.734027 0.981286 0.998997 0.999947 0.999997
 0.734027 0.981286 0.998997 0.999947 0.999997
 0.734027 0.981286 0.998997 0.999947 0.999997
 0.734027 0.981286 0.998997 0.999947 0.999997
 0.734027 0.981286 0.998997 0.999947 0.999997
 0.734027 0.981286 0.998997 0.999947 0.999997
 0.734027 0.981286 0.998997 0.999947 0.999997
 0.734027 0.981286 0.998997 0.999947 0.999997
 0.734027 0.981286 0.998997 0.999947 0.999997
 0.734027 0.981286 0.998997 0.999947 0.999997
 0.734027 0.981286 0.998997 0.999947 0.999997
 0.734027 0.981286 0.998997 0.999947 0.999997
 0.734027 0.981286 0.998997 0.999947 0.999997
 0.734027 0.981286 0.998997 0.999947 0.999997
 0.734027 0.981286 0.998997 0.999947 0.999997
 0.734027 0.981286 0.998997 0.999947 0.999997
 0.734027 0.981286 0.998997 0.999947 0.999997
 0.734027 0.981286 0.998997 0.999947 0.999997
 0.734027 0.981286 0.998997 0.999947 0.999997
 0.734027 0.981286 0.998997 0.999947 0.999997
 0.734027 0.981286 0.998997 0.999947 0.999997
 0.734027 0.981286 0.998997 0.999947 0.999997
 0.734027 0.981286 0.998997 0.999947 0.999997
 0.734027 0.981286 0.998997 0.999947 0.999997
 0.734027 0.981286 0.998997 0.999947 0.999997
 0.734027 0.981286 0.998997 0.999947 0.999997
Sel_reclas
 1 1 1 1 1
 1 1 1 1 1
 1 1 1 1 1
 1 1 1 1 1
 1 1 1 1 1
 1 1 1 1 1
 1 1 1 1 1
 1 1 1 1 1
 1 1 1 1 1
 1 1 1 1 1
 1 1 1 1 1
 1 1 1 1 1
 1 1 1 1 1
 1 1 1 1 1
 1 1 1 1 1
 1 1 1 1 1
 1 1 1 1 1
 1 1 1 1 1
 1 1 1 1 1
 1 1 1 1 1
 1 1 1 1 1
 1 1 1 1 1
 1 1 1 1 1
 1 1 1 1 1
 1 1 1 1 1
 1 1 1 1 1
 1 1 1 1 1
 1 1 1 1 1
 1 1 1 1 1
 1 1 1 1 1
 1 1 1 1 1
Sel_pelaces
 0.989236 1 1 1 1
 0.989236 1 1 1 1
 0.989236 1 1 1 1
 0.989236 1 1 1 1
 0.989236 1 1 1 1
 0.989236 1 1 1 1
 0.989236 1 1 1 1
 0.989236 1 1 1 1
 0.989236 1 1 1 1
 0.989236 1 1 1 1
 0.989236 1 1 1 1
 0.989236 1 1 1 1
 0.989236 1 1 1 1
 0.989236 1 1 1 1
 0.989236 1 1 1 1
 0.989236 1 1 1 1
 0.989236 1 1 1 1
 0.989236 1 1 1 1
 0.989236 1 1 1 1
 0.989236 1 1 1 1
 0.989236 1 1 1 1
 0.989236 1 1 1 1
 0.989236 1 1 1 1
 0.989236 1 1 1 1
 0.989236 1 1 1 1
 0.989236 1 1 1 1
 0.989236 1 1 1 1
 0.989236 1 1 1 1
 0.989236 1 1 1 1
 0.989236 1 1 1 1
 0.989236 1 1 1 1
pf_obs 
 0.8446 0.082 0.0669 0.0065 0
 0.8095 0.147 0.0364 0.0071 0
 0.9664 0.0169 0.016 0.0007 0
 0.9276 0.0648 0.0075 0.0001 0
 0.7033 0.2144 0.0806 0.0017 0
 0.9318 0.0425 0.0243 0.0014 0
 0.5671 0.3108 0.0964 0.0239 0.0018
 0.0768 0.2599 0.5324 0.112 0.0189
 0.490249 0.384438 0.106611 0.0170017 0.00170017
 0.7925 0.1577 0.0466 0.003 0.0002
 0.840416 0.127587 0.0312969 0.00059994 9.999e-05
 0.8084 0.0986 0.0794 0.0134 0.0002
 0.7335 0.1905 0.0724 0.0035 0.0001
 0.4001 0.4547 0.1325 0.0127 0
 0.49795 0.308269 0.164784 0.0264974 0.00249975
 0.9179 0.0499 0.0305 0.0017 0
 0.2467 0.6533 0.0926 0.0074 0
 0.9418 0.0223 0.034 0.0019 0
 0.707729 0.231977 0.0356964 0.0245975 0
 0.517169 0.277429 0.184464 0.0207286 0.00020938
 0.811772 0.124168 0.05621 0.00726502 0.000585176
 0.764997 0.148141 0.077277 0.00933861 0.000247198
 0.163321 0.427699 0.378323 0.0303852 0.000271297
 0.753843 0.0900009 0.118128 0.0371064 0.000921714
 0.721811 0.176058 0.0630433 0.0369309 0.00215725
 0.143369 0.312575 0.442814 0.0836902 0.0175525
 0.692698 0.0596174 0.167031 0.0765114 0.00414204
 0.394062 0.376323 0.152708 0.0712218 0.00568511
 0.125707 0.32114 0.495352 0.0537591 0.00404204
 0.23352 0.215282 0.420074 0.123614 0.00750983
 0.796117 0.104755 0.0508955 0.0450114 0.00322123
pf_pred 
 0.465893 0.132142 0.37782 0.0241445 8.49982e-07
 0.418624 0.316478 0.0664773 0.186513 0.0119076
 0.572859 0.213966 0.11717 0.0241126 0.0718923
 0.735652 0.172265 0.0466094 0.0250065 0.0204661
 0.652821 0.277211 0.0459557 0.0121613 0.0118504
 0.747926 0.180902 0.0570457 0.0092817 0.0048447
 0.465953 0.429617 0.0753784 0.0232909 0.00576123
 0.452763 0.307072 0.194134 0.0332369 0.0127932
 0.538812 0.243302 0.123252 0.0765106 0.0181231
 0.71393 0.178709 0.0572406 0.0283665 0.0217541
 0.824595 0.137537 0.0238708 0.00746677 0.00652955
 0.741198 0.223588 0.0277242 0.00472313 0.00276653
 0.687715 0.251504 0.0526793 0.00638006 0.00172136
 0.635603 0.277089 0.0706327 0.0144549 0.0022202
 0.747549 0.183912 0.0524668 0.0130068 0.00306606
 0.938019 0.0503917 0.00849954 0.00236615 0.000723898
 0.375768 0.596696 0.0224831 0.00370659 0.00134589
 0.905422 0.0430152 0.0493333 0.00182074 0.000408706
 0.585171 0.386006 0.0132568 0.0148935 0.000672312
 0.610574 0.259452 0.121133 0.00406891 0.00477197
 0.735912 0.181982 0.0550989 0.0251726 0.00183503
 0.745565 0.202306 0.0361562 0.0107233 0.00525041
 0.315929 0.55056 0.10663 0.0186503 0.00823001
 0.73844 0.101337 0.129449 0.0245833 0.00619058
 0.623678 0.299221 0.0302297 0.037876 0.00899485
 0.427317 0.396989 0.140265 0.0138995 0.0215287
 0.727273 0.137237 0.0944707 0.0327545 0.00826454
 0.6826 0.249242 0.0346319 0.0233834 0.0101425
 0.34177 0.49023 0.132473 0.0180611 0.0174663
 0.419111 0.239951 0.255149 0.0676613 0.0181272
 0.827507 0.086109 0.0361025 0.0376397 0.0126421
pobs_RECLAS
 0 0 0 0 0
 0 0 0 0 0
 0 0 0 0 0
 0 0 0 0 0
 0 0 0 0 0
 0 0 0 0 0
 0 0 0 0 0
 0 0 0 0 0
 0 0 0 0 0
 0 0 0 0 0
 0.991045 0.00858322 0.000360255 1.14367e-05 0
 0.934742 0.0480273 0.0164251 0.00080598 0
 0.827803 0.169806 0.00239088 0 0
 0.941827 0.0461693 0.0120037 0 0
 0.791401 0.0380133 0.147996 0.0225897 0
 0.846168 0.0940531 0.0597789 0 0
 0.134021 0.677848 0.182769 0.00536245 0
 0.80878 0.0450904 0.141981 0.00414843 0
 0.846168 0.0940531 0.0597789 0 0
 0.905697 0.0802665 0.012482 0.00150086 5.37128e-05
 0.989698 0.0102097 9.19794e-05 0 0
 0.975433 0.0193895 0.00387452 0.00125025 5.28907e-05
 0.303575 0.632131 0.0575291 0.00676475 0
 0.966965 0.00978017 0.0227588 0.000495775 0
 0.843318 0.132988 0.00938335 0.0141283 0.000182051
 0.564624 0.303363 0.111486 0.0197234 0.00080311
 0.826376 0.0876187 0.0782897 0.00655872 0.00115652
 0.89761 0.0855135 0.0140674 0.00269457 0.000114338
 0.34875 0.467042 0.161289 0.0227151 0.000203297
 0.318654 0.224769 0.449479 0.00709798 0
 0.937255 0.0296025 0.0250945 0.00804832 0
ppred_RECLAS
 0.542752 0.114686 0.322003 0.0205577 7.23674e-07
 0.494704 0.277471 0.0572157 0.160371 0.010238
 0.645941 0.179033 0.096246 0.0197871 0.0589927
 0.79147 0.136806 0.036323 0.0194682 0.0159326
 0.71689 0.226892 0.0369373 0.00976533 0.00951517
 0.80069 0.143785 0.0445128 0.00723541 0.00377642
 0.544565 0.367784 0.0632853 0.0195341 0.00483167
 0.527786 0.267095 0.165837 0.0283649 0.0109174
 0.614708 0.205109 0.10197 0.0632358 0.0149779
 0.773891 0.142295 0.0447081 0.0221331 0.0169729
 0.863563 0.107407 0.0183068 0.00572082 0.0050025
 0.79614 0.176583 0.0214798 0.00365559 0.00214112
 0.750125 0.201989 0.0415089 0.0050221 0.0013549
 0.707682 0.22337 0.0557911 0.0114052 0.00175168
 0.802428 0.144697 0.0404856 0.0100262 0.00236333
 0.953733 0.0377503 0.00624736 0.00173741 0.000531515
 0.448276 0.527818 0.0195225 0.00321534 0.00116745
 0.928759 0.0327291 0.0368479 0.00135861 0.000304953
 0.656703 0.319871 0.0107803 0.0120991 0.000546142
 0.680897 0.213931 0.0980246 0.00328941 0.00385758
 0.790756 0.14503 0.0431054 0.0196738 0.00143411
 0.799094 0.160363 0.0281284 0.00833411 0.00408037
 0.383999 0.497558 0.0946147 0.0165326 0.00729513
 0.793261 0.0810052 0.101603 0.0192764 0.00485396
 0.690951 0.246676 0.0244699 0.0306296 0.0072736
 0.5018 0.347299 0.120497 0.011929 0.0184757
 0.783396 0.110001 0.0743512 0.0257537 0.00649779
 0.74353 0.2022 0.0275886 0.0186097 0.00807149
 0.411812 0.440111 0.116787 0.0159071 0.0153825
 0.495226 0.210788 0.220066 0.0583009 0.0156186
 0.866987 0.0670307 0.0275917 0.0287384 0.00965192
pobs_PELACES
 0 0 0 0 0
 0 0 0 0 0
 0 0 0 0 0
 0 0 0 0 0
 0 0 0 0 0
 0 0 0 0 0
 0 0 0 0 0
 0 0 0 0 0
 0 0 0 0 0
 0 0 0 0 0
 0 0 0 0 0
 0 0 0 0 0
 0 0 0 0 0
 0 0 0 0 0
 0 0 0 0 0
 0 0 0 0 0
 0.505614 0.472636 0.0217494 0 0
 0 0 0 0 0
 0.443492 0.261883 0.143347 0.151278 0
 0.227955 0.32914 0.350689 0.0885471 0.00366901
 0.970185 0.0296113 0.000203453 0 0
 0.997202 0.00247181 0.000326279 0 0
 0.445219 0.490057 0.0546422 0.010081 0
 0.90214 0.0892962 0.00764917 0.000914606 0
 0 0 0 0 0
 0.581667 0.319106 0.0959925 0.00289975 0.000334073
 0.762889 0.0836404 0.116647 0.0363945 0.000428098
 0.88444 0.0763242 0.0277011 0.0115352 0
 0.521256 0.241999 0.230069 0.00667565 0
 0.616807 0.101726 0.260614 0.0208532 0
 0.833518 0.0704572 0.0857862 0.0102388 0
ppred_PELACES
 0.543794 0.114513 0.321188 0.0205045 7.218e-07
 0.498759 0.275486 0.0567001 0.15891 0.0101447
 0.649524 0.177386 0.0951857 0.0195672 0.0583368
 0.796181 0.133846 0.0354389 0.0189915 0.0155423
 0.717338 0.226575 0.0368517 0.00974223 0.00949264
 0.802901 0.14226 0.0439642 0.00714557 0.00372951
 0.555653 0.359105 0.0615497 0.0189943 0.00469812
 0.52744 0.267368 0.165897 0.0283743 0.0109209
 0.620985 0.202018 0.100173 0.0621129 0.0147118
 0.780771 0.13815 0.0432529 0.0214087 0.0164172
 0.863639 0.107366 0.0182849 0.00571375 0.00499631
 0.802055 0.171538 0.0207957 0.00353853 0.00207253
 0.756441 0.197003 0.0403563 0.00488182 0.00131705
 0.721182 0.213329 0.0529951 0.0108305 0.00166339
 0.809281 0.139823 0.0389721 0.00964941 0.00227449
 0.955147 0.0366178 0.00604141 0.00167986 0.000513905
 0.452465 0.523856 0.0193377 0.00318455 0.00115627
 0.929873 0.032251 0.0362402 0.00133606 0.000299892
 0.662814 0.314238 0.0105617 0.0118521 0.000534989
 0.686244 0.210519 0.0962218 0.00322848 0.0037861
 0.79352 0.143201 0.0424795 0.0193861 0.00141313
 0.802885 0.157416 0.0275441 0.00815991 0.00399506
 0.386281 0.495855 0.0941545 0.0164509 0.00725906
 0.794541 0.0805671 0.100925 0.0191464 0.00482119
 0.692501 0.245504 0.0243226 0.0304431 0.00722928
 0.50276 0.346739 0.120179 0.0118969 0.0184259
 0.784696 0.109411 0.0738577 0.025581 0.0064542
 0.744406 0.201557 0.027471 0.0185293 0.00803658
 0.412636 0.439607 0.116537 0.0158722 0.0153487
 0.497863 0.209869 0.218785 0.057957 0.0155264
 0.868389 0.0663782 0.0272796 0.028411 0.00954191
pobs_pel_tallas
 0 0 0 0 0 0 0 0 0 0 0 0 0 0 0 0 0 0 0 0 0 0 0 0 0 0
 0 0 0 0 0 0 0 0 0 0 0 0 0 0 0 0 0 0 0 0 0 0 0 0 0 0
 0 0 0 0 0 0 0 0 0 0 0 0 0 0 0 0 0 0 0 0 0 0 0 0 0 0
 0 0 0 0 0 0 0 0 0 0 0 0 0 0 0 0 0 0 0 0 0 0 0 0 0 0
 0 0 0 0 0 0 0 0 0 0 0 0 0 0 0 0 0 0 0 0 0 0 0 0 0 0
 0 0 0 0 0 0 0 0 0 0 0 0 0 0 0 0 0 0 0 0 0 0 0 0 0 0
 0 0 0 0 0 0 0 0 0 0 0 0 0 0 0 0 0 0 0 0 0 0 0 0 0 0
 0 0 0 0 0 0 0 0 0 0 0 0 0 0 0 0 0 0 0 0 0 0 0 0 0 0
 0 0 0 0 0 0 0 0 0 0 0 0 0 0 0 0 0 0 0 0 0 0 0 0 0 0
 0 0 0 0 0 0 0 0 0 0 0 0 0 0 0 0 0 0 0 0 0 0 0 0 0 0
 0 0 0 0 0 0 0 0 0 0 0 0 0 0 0 0 0 0 0 0 0 0 0 0 0 0
 0 0 0 0 0 0 0 0 0 0 0 0 0 0 0 0 0 0 0 0 0 0 0 0 0 0
 0.00862536 0 0 0.000197151 0.00414017 0.0128641 0.00837892 0.0270097 0.101434 0.158115 0.152841 0.127902 0.109271 0.109419 0.0830992 0.0579132 0.0238553 0.00714673 0.00463305 0.00128148 0.00103504 0.000492878 0.000147863 0.000147863 4.92878e-05 0
 0 0 0 0 0 0 0 0 0 0 0 0 0 0 0 0 0 0 0 0 0 0 0 0 0 0
 0 0 0 0 0 0 0 0.0054083 0.00873648 0.0413646 0.0450493 0.0745869 0.0622846 0.0627006 0.0613931 0.0827291 0.12552 0.122667 0.0946155 0.0697135 0.0546179 0.0294188 0.0215738 0.0213955 0.0102223 0.00600262
 0 0 0 0 0.00359764 0.0251062 0.0480494 0.140153 0.205849 0.193036 0.1447 0.116669 0.0760912 0.0342217 0.00950174 0.001854 0.000860785 0 0 0 0.000165536 0 0.000143464 0 0 0
 0 0 0 0 0 0 0 0.000145254 0.000435761 0.0275982 0.070085 0.0708112 0.156366 0.174668 0.174014 0.160142 0.0824315 0.0480064 0.0283245 0.00493863 0.00203355 0 0 0 0 0
 0 0 0 0 0 0 0 0 0 0 0 0 0 0 0 0 0 0 0 0 0 0 0 0 0 0
 0 0 1.00437e-05 0.000401748 0.00122533 0.00171747 0.00176769 0.0269171 0.070346 0.194647 0.189555 0.159765 0.064822 0.0314167 0.0384472 0.0292271 0.0345202 0.0313363 0.0194345 0.0106764 0.0143323 0.0359363 0.0279516 0.0138201 0.00172751 0
 0 0.0021121 0.0136068 0.0755702 0.200478 0.177729 0.0527432 0.0373336 0.0318909 0.0142505 0.0149659 0.0166563 0.0217959 0.0798694 0.0677717 0.0528807 0.04013 0.0224614 0.0357745 0.0225083 0.00881397 0.00855152 0.00135912 0.000746735 0 0
 0 0 0 0 5.4009e-05 0.00500934 0.000945158 0.0243581 0.138947 0.33067 0.221406 0.137944 0.0707744 0.0437923 0.0131692 0.00525238 0.0047753 0.00276346 9.45158e-05 9.00151e-06 2.25038e-05 9.00151e-06 4.50075e-06 0 0 0
 0.000866109 0.00284123 0.00948549 0.0512746 0.133035 0.25785 0.225252 0.132002 0.0553304 0.0519788 0.0540692 0.017754 0.00435017 0.00159236 0.00146478 0.000404838 0.000125132 0.000115318 0.000107957 0.000100596 0 0 0 0 0 0
 0 0 0 0 0.00144013 0.00171154 0.00461396 0.0210425 0.0478622 0.0707936 0.0888783 0.103762 0.0637923 0.0337046 0.0602308 0.124433 0.169614 0.0934646 0.0462172 0.0250306 0.0313229 0.00938855 0.002487 0.000210481 0 0
 0 0.00764035 0.051015 0.0998891 0.058973 0.0496711 0.0374665 0.0718981 0.12319 0.153886 0.159021 0.0857701 0.0377988 0.023471 0.0147837 0.00900784 0.00315554 0.000888139 0.00291439 0.00214683 0.00393193 0.00274676 0.000635225 9.99891e-05 0 0
 0 0 0 0 0 0 0 0 0 0 0 0 0 0 0 0 0 0 0 0 0 0 0 0 0 0
 0 0 0 0 0 0 0 0 0 0 0 0 0 0 0 0 0 0 0 0 0 0 0 0 0 0
 0 0 0 0 0 0 0 0 0 0 0 0 0 0 0 0 0 0 0 0 0 0 0 0 0 0
 0 0 0 0 0 0 0 0 0 0 0 0 0 0 0 0 0 0 0 0 0 0 0 0 0 0
 0 0 0 0 0 0 0 0 0 0 0 0 0 0 0 0 0 0 0 0 0 0 0 0 0 0
 0 0 0 0 0 0 0 0 0 0 0 0 0 0 0 0 0 0 0 0 0 0 0 0 0 0
 0 0 0 0 0 0 0 0 0 0 0 0 0 0 0 0 0 0 0 0 0 0 0 0 0 0
ppred_pel_tallas
 1.11355e-16 4.47916e-05 0.00043539 0.00289332 0.0131526 0.0409228 0.0871908 0.12726 0.127271 0.0872472 0.0411138 0.0137104 0.00431634 0.00361732 0.00630858 0.0109328 0.0170785 0.0242469 0.0318542 0.0394654 0.0467554 0.0531585 0.057607 0.0587784 0.0557939 0.0488443
 1.1936e-16 4.10822e-05 0.000399334 0.00265371 0.0120634 0.0375339 0.0799709 0.116725 0.116752 0.0801011 0.0379713 0.013328 0.00583278 0.0073561 0.0133055 0.0220777 0.0321674 0.0412896 0.0472146 0.0490981 0.048046 0.0463253 0.0458127 0.0468763 0.0483954 0.0486622
 1.14627e-16 5.35005e-05 0.000520044 0.00345588 0.0157099 0.0488795 0.104144 0.152004 0.152021 0.104228 0.0491626 0.0165293 0.0055189 0.00504469 0.00870933 0.0144806 0.0212541 0.0275884 0.0320648 0.0340871 0.0342224 0.0337251 0.0336253 0.0341142 0.0346045 0.0342529
 1.05592e-16 6.55804e-05 0.000637465 0.00423618 0.0192571 0.0599159 0.127658 0.186323 0.186336 0.127721 0.0601283 0.0198709 0.00577871 0.00401075 0.00648988 0.0106733 0.0154854 0.0197281 0.0222362 0.0225012 0.0209725 0.0187277 0.0167746 0.0155343 0.0148118 0.0141269
 1.03705e-16 5.90863e-05 0.00057434 0.00381669 0.0173501 0.0539828 0.115017 0.167875 0.167897 0.115124 0.0543413 0.0183857 0.00641665 0.0062518 0.0108468 0.0178524 0.0257452 0.0324495 0.0358923 0.0351253 0.0308854 0.0250802 0.0196268 0.0155486 0.0128538 0.0110027
 1.02653e-16 6.61339e-05 0.000642845 0.00427193 0.0194196 0.0604216 0.128735 0.187896 0.187909 0.128802 0.0606474 0.0200721 0.00591177 0.00422873 0.00689432 0.0113399 0.0164384 0.0209001 0.0234502 0.023492 0.0214354 0.0183692 0.0153571 0.0129211 0.0110184 0.00935894
 1.04568e-16 4.57684e-05 0.000444886 0.00295642 0.0134395 0.0418154 0.0890935 0.130042 0.130076 0.0892627 0.0423837 0.0150811 0.00707807 0.00944572 0.0171496 0.0283048 0.04083 0.0514731 0.0569452 0.0557278 0.0489614 0.039635 0.0307575 0.0239448 0.0192418 0.015864
 1.0955e-16 4.34446e-05 0.000422297 0.00280631 0.0127571 0.0396922 0.0845694 0.123437 0.123463 0.0846964 0.0401193 0.0139934 0.00591954 0.00725165 0.013111 0.0218609 0.032082 0.0415892 0.0481482 0.0506842 0.049806 0.0471497 0.0441262 0.0411355 0.0377397 0.0333968
 1.11662e-16 5.11497e-05 0.000497193 0.00330403 0.0150196 0.0467318 0.0995677 0.145326 0.145346 0.0996635 0.047054 0.0159521 0.00565148 0.00564427 0.00989357 0.0164539 0.0241246 0.0312547 0.0362047 0.0382613 0.0380265 0.0368777 0.0359431 0.0354277 0.0347188 0.0330048
 1.06209e-16 6.43111e-05 0.000625127 0.00415419 0.0188843 0.0587563 0.125187 0.182717 0.18273 0.125252 0.0589757 0.0195187 0.00574889 0.00411427 0.00671449 0.011062 0.0160816 0.0205543 0.0232915 0.0237732 0.0224519 0.0204067 0.0186293 0.0175043 0.0167966 0.0160059
 1.01974e-16 7.11368e-05 0.000691475 0.0045951 0.0208887 0.0649924 0.138474 0.202108 0.202119 0.138524 0.0651623 0.0213795 0.00582755 0.00338305 0.00518634 0.00847065 0.0122177 0.0154127 0.017075 0.0167585 0.0148136 0.012141 0.00964094 0.00778593 0.00656627 0.00571515
 1.0135e-16 6.60642e-05 0.000642168 0.00426743 0.0193991 0.060358 0.1286 0.187698 0.187715 0.12868 0.0606291 0.0201822 0.00623268 0.00493132 0.00820899 0.0134587 0.0193627 0.0243091 0.0267009 0.0258 0.0221619 0.017257 0.0125934 0.00902451 0.0066372 0.00508382
 1.01928e-16 6.23071e-05 0.000605647 0.00402474 0.0182959 0.0569254 0.121286 0.177025 0.177044 0.121379 0.0572373 0.019197 0.00628762 0.0055484 0.00945783 0.0155585 0.0224558 0.0283389 0.0313987 0.0307879 0.0271045 0.0219523 0.0169529 0.0129884 0.0101161 0.00796931
 1.02952e-16 5.94028e-05 0.000577417 0.00383714 0.0174431 0.054272 0.115633 0.168774 0.168795 0.115734 0.0546101 0.0184201 0.00629138 0.00594088 0.0102627 0.0169168 0.0244673 0.0309843 0.0345334 0.0342101 0.0306499 0.0255436 0.0205714 0.0166031 0.0136329 0.0112372
 1.02514e-16 6.66594e-05 0.000647953 0.00430588 0.0195739 0.0609017 0.129758 0.189389 0.189402 0.129824 0.0611235 0.0202148 0.00591628 0.00416861 0.00676808 0.011123 0.016109 0.0204515 0.0228939 0.0228515 0.0207382 0.017643 0.0146328 0.0122353 0.0104085 0.00885301
 1.0044e-16 7.86742e-05 0.000764741 0.00508197 0.0231019 0.0718787 0.153145 0.223521 0.223524 0.153162 0.0719366 0.0232693 0.00550215 0.00168225 0.00182194 0.00288949 0.00415943 0.00524027 0.0057914 0.00565728 0.0049544 0.00398879 0.00306947 0.00236388 0.00187895 0.00153584
 1.01208e-16 3.72691e-05 0.000362269 0.0024074 0.0109437 0.0340503 0.0725497 0.105899 0.105949 0.0727959 0.0348768 0.0133298 0.0083923 0.0134127 0.0247791 0.0407923 0.0584923 0.072993 0.0793395 0.0752469 0.0624903 0.045772 0.0300093 0.018124 0.010589 0.00636597
 1.01239e-16 7.65924e-05 0.000744505 0.0049475 0.0224906 0.0699767 0.149093 0.217606 0.217609 0.149108 0.0700287 0.0226415 0.00532856 0.00158409 0.00169369 0.00273738 0.00407168 0.00540144 0.00647109 0.00714521 0.00745315 0.00750858 0.00737997 0.00703534 0.00640144 0.00546603
 1.01665e-16 5.45951e-05 0.000530684 0.00352659 0.0160314 0.0498797 0.106275 0.155118 0.155148 0.106423 0.0503755 0.0174628 0.0071172 0.00836076 0.0149012 0.0244854 0.0351208 0.0438618 0.0477508 0.0454379 0.0380061 0.0282817 0.0191959 0.012453 0.00826553 0.00593692
 1.03796e-16 5.65251e-05 0.000549444 0.00365125 0.0165981 0.0516428 0.110031 0.160598 0.160618 0.110131 0.0519778 0.017567 0.00608824 0.00588535 0.0102369 0.0169548 0.0246974 0.0316338 0.0359095 0.036624 0.0342945 0.0303718 0.0262431 0.0225446 0.0191973 0.015897
 1.03446e-16 6.53612e-05 0.000635334 0.00422202 0.0191927 0.0597157 0.127231 0.1857 0.185714 0.127299 0.059943 0.0198497 0.00587308 0.00424621 0.0069426 0.0114257 0.0165752 0.0211041 0.0237455 0.0239189 0.0220554 0.0192565 0.0165735 0.0144823 0.0128676 0.0113651
 1.0233e-16 6.61326e-05 0.000642832 0.00427185 0.0194192 0.0604205 0.128733 0.187892 0.187908 0.128807 0.0606696 0.0201389 0.00607889 0.00458926 0.00756602 0.0124165 0.0179111 0.0225901 0.025013 0.0245179 0.021608 0.0175944 0.0137926 0.0109025 0.00893128 0.00751998
 1.05723e-16 3.18176e-05 0.000309278 0.00205526 0.00934296 0.0290697 0.0619378 0.09041 0.0904578 0.0621715 0.0298546 0.0116105 0.00774885 0.0127444 0.0236658 0.0391193 0.0564548 0.0712113 0.0788459 0.0772437 0.0679439 0.0550284 0.0426162 0.0329367 0.0260964 0.0210935
 1.0567e-16 6.54453e-05 0.000636151 0.00422745 0.0192174 0.0597924 0.127394 0.185938 0.185945 0.127433 0.0599229 0.019596 0.00518478 0.00274934 0.00414726 0.00693184 0.0103982 0.0139536 0.0170187 0.019299 0.0208796 0.0220006 0.0227241 0.0228095 0.0219011 0.0198342
 1.05042e-16 5.70405e-05 0.000554454 0.00368454 0.0167494 0.0521137 0.111035 0.162063 0.162087 0.11115 0.0525018 0.0178703 0.00649784 0.00669542 0.011719 0.019283 0.0277758 0.0349488 0.0385651 0.0376313 0.0330075 0.0268349 0.021243 0.0173318 0.0150212 0.0135789
 1.07869e-16 4.14117e-05 0.000402537 0.002675 0.0121602 0.037835 0.0806127 0.117664 0.117697 0.0807766 0.0383857 0.0137521 0.0066765 0.00915595 0.0167188 0.0277128 0.0402414 0.0512825 0.0577612 0.0582336 0.0536824 0.0467129 0.0398454 0.0342778 0.0298525 0.0258441
 1.05818e-16 6.46344e-05 0.000628269 0.00417507 0.0189793 0.0590516 0.125816 0.183634 0.183645 0.125868 0.0592267 0.0194863 0.00545259 0.00343335 0.00543998 0.00901746 0.0132816 0.017332 0.0202896 0.0217491 0.0219734 0.0216064 0.0211504 0.0206512 0.0197955 0.0182517
 1.04063e-16 6.13158e-05 0.000596011 0.00396071 0.0180048 0.0560197 0.119357 0.174209 0.174228 0.119452 0.0563385 0.0189257 0.00627259 0.00564389 0.00965145 0.0158684 0.0228786 0.0288315 0.0318923 0.031237 0.0275488 0.0225513 0.0179598 0.0146625 0.0126091 0.0112409
 1.07665e-16 3.39883e-05 0.000330379 0.00219549 0.00998038 0.0310529 0.0661631 0.0965758 0.0966183 0.0663706 0.0317499 0.0119946 0.0072556 0.0113905 0.02108 0.0349021 0.0505232 0.0640544 0.0715336 0.0711113 0.0640987 0.0539648 0.0441394 0.0363713 0.0306005 0.0259092
 1.14808e-16 4.10083e-05 0.000398616 0.00264894 0.0120417 0.0374664 0.0798268 0.116514 0.116534 0.0799273 0.0378048 0.0130232 0.0051279 0.00586102 0.0105647 0.0177935 0.0265502 0.0353285 0.0425823 0.0475658 0.0506245 0.0526122 0.0539605 0.0542476 0.0525824 0.0483719
 1.05269e-16 7.15281e-05 0.000695279 0.00462037 0.0210035 0.0653498 0.139235 0.203219 0.203225 0.139266 0.0654556 0.0213096 0.00539068 0.0023838 0.00329926 0.00539765 0.00790602 0.0102436 0.0118828 0.0126164 0.0126803 0.0125646 0.0126564 0.0129976 0.0133108 0.0132188
pSPR Fmed_Fpbrs
0.576702   0.6 0.325
Fs Fmed_Fpbrs
0.316564   0.291587 0.717719
SSBpbr Bo_Bmed_Bpbrs
1.62831e+06  857632  895569 447784
Ro
151512
SPR SPRFo_SPRFmed_SPRFpbrs
1.08143e+06 623666 351466
Fref
0.291587
Nvult_r0
 179347 14743.5 6094.94 6349.71 2132.6
CTP_r0
 29877.4 3108.99 1303.49 1358.99 456.448
YTP_r0
391299
Np
 199469 59241.8 21364.6 1588.88 831.537
Nvult_p0
 140227 42871 15491.1 1152.19 603.002
CTP_p0
 24722 12447.1 945.343 388.519 518.002
 24722 9537.69 3494.54 260.107 136.133
YTP_p0
 431014 427697
CBA_c0
430019
log_Ro
11.7484
likeval ReclasPelacesDesembMPH_pf_preclas_ppelaces_ptallas_desvR_qrecl_qpela
 13.2421 17.1176 0.0486562 0.000817163 240.41 117.717 98.7943 0 23.8092 7.49925e-07 5.78159e-06 0.247698 2.41561e-15 0 0
q_reclas_q_pelaces
1.13056 1.40788
M
1
N
 179595 38778 109045 6962.35 0.24509
 99589.5 58117.1 12018.1 33690.8 2150.82
 100486 28952.8 15608 3209.3 9568.2
 160216 29362.9 7828.8 4196.98 3434.8
 129020 41636.7 6787.78 1794.66 1748.69
 226971 42283.7 13124.6 2133.67 1113.65
 91478.6 67136.5 11621.3 3588.25 887.555
 40038.9 20545 12768.9 2184.12 840.647
 38489.8 13566.3 6771 4199.87 994.785
 51622.3 10227 3230.46 1599.73 1226.78
 96384.7 12194.9 2081.09 650.378 568.717
 134450 32032.2 3916.45 666.714 390.506
 112344 32346.8 6679.23 808.319 218.078
 78443.6 27769.2 6993.14 1430.21 219.667
 74671.5 14603.9 4109.95 1018.14 239.996
 401670 16962.9 2820.27 784.525 240.008
 81917.2 100580 3731.38 614.653 223.175
 640329 23497.7 26531.6 978.39 219.612
 359047 185210 6267.62 7035.94 317.599
 283749 93966.3 43218.5 1450.58 1701.15
 399769 76382.7 22768.8 10393.6 757.641
 545840 115349 20307.8 6018.14 2946.51
 110595 147750 28157.4 4920.67 2171.3
 323424 33932.8 42643.9 8091.34 2037.47
 276249 101324 10070.6 12607 2993.79
 122391 86568.9 30082.3 2978.36 4612.91
 274306 39573.5 26800.1 9283.95 2342.4
 308807 85933.3 11744.3 7922.71 3436.29
 90785.7 99099.2 26336.7 3587.51 3469.21
 67085.7 29455.2 30820.2 8166.01 2187.66
 256660 20523 8468.23 8821.31 2962.7
pred_Ctot
 13807.8 3916.34 11197.6 715.581 0.0251913
 13458.9 10174.9 2137.27 5996.49 382.833
 13312.9 4972.44 2722.97 560.362 1670.73
 30582.2 7161.34 1937.62 1039.56 850.809
 8985.2 3815.44 632.518 167.384 163.104
 28618 6921.88 2182.75 355.147 185.373
 23438.2 21610.4 3791.66 1171.57 289.8
 2012.14 1364.67 862.757 147.709 56.8545
 6938.28 3133 1587.12 985.227 233.371
 12102.9 3029.57 970.374 480.884 368.788
 5935.57 990.016 171.826 53.7469 47.0007
 30436 9181.27 1138.45 193.947 113.603
 24062.1 8799.76 1843.17 223.229 60.2278
 25864.5 11275.5 2874.24 588.209 90.3461
 18770.8 4617.98 1317.43 326.597 76.988
 83644.9 4493.52 757.919 210.994 64.5513
 11639.3 18482.5 696.408 114.811 41.6885
 88233.3 4191.83 4807.52 177.431 39.8283
 67335.3 44417.5 1525.45 1713.78 77.3626
 49352.8 20971.5 9791.18 328.89 385.719
 55588.6 13746.4 4162.01 1901.46 138.613
 93461.8 25360.4 4532.44 1344.25 658.176
 11776.6 20522.8 3974.77 695.211 306.783
 30740.9 4218.62 5388.91 1023.39 257.711
 26214 12576.7 1270.59 1591.98 378.066
 9466.71 8794.82 3107.41 307.927 476.942
 26076.3 4920.62 3387.24 1174.41 296.324
 25202.7 9202.44 1278.67 863.353 374.477
 6845.06 9818.45 2653.2 361.732 349.819
 7250.23 4150.93 4413.85 1170.48 313.583
 29877.4 3108.99 1303.49 1358.99 456.448
F
 0.128242 0.171441 0.174536 0.174702 0.17471
 0.235388 0.314679 0.320359 0.320663 0.320679
 0.230287 0.30786 0.313416 0.313714 0.31373
 0.347538 0.464607 0.472993 0.473443 0.473466
 0.115564 0.154492 0.15728 0.15743 0.157438
 0.218097 0.291563 0.296826 0.297108 0.297123
 0.493485 0.659717 0.671624 0.672263 0.672297
 0.0822609 0.109971 0.111956 0.112062 0.112068
 0.325365 0.434966 0.442816 0.443238 0.44326
 0.442935 0.592139 0.602826 0.603399 0.60343
 0.101607 0.135833 0.138285 0.138417 0.138424
 0.424682 0.567738 0.577985 0.578535 0.578564
 0.397638 0.531584 0.541178 0.541693 0.54172
 0.681088 0.910515 0.926949 0.927831 0.927877
 0.48207 0.644457 0.656089 0.656713 0.656745
 0.384672 0.51425 0.523532 0.52403 0.524056
 0.248809 0.332621 0.338624 0.338946 0.338963
 0.240492 0.321503 0.327306 0.327617 0.327634
 0.340516 0.45522 0.463436 0.463877 0.4639
 0.312333 0.417543 0.42508 0.425484 0.425505
 0.242924 0.324754 0.330615 0.33093 0.330946
 0.306806 0.410155 0.417558 0.417955 0.417976
 0.181497 0.242635 0.247014 0.247249 0.247262
 0.160645 0.214758 0.218635 0.218843 0.218854
 0.160363 0.214382 0.218252 0.218459 0.21847
 0.129061 0.172536 0.17565 0.175817 0.175825
 0.160671 0.214794 0.218671 0.218879 0.21889
 0.136596 0.182609 0.185905 0.186082 0.186091
 0.125631 0.16795 0.170982 0.171144 0.171153
 0.184426 0.24655 0.251 0.251239 0.251251
 0.199889 0.267223 0.272046 0.272304 0.272318
YTP_r0W_actual
 247982 43836.8 35976.4 46477.6 17025.5
YTP_p0W_proyectada
 185168 195046 21865.8 11410.8 17524
 185168 149456 80828.8 7639.35 4605.37
CTP_r0_actual
 29877.4 3108.99 1303.49 1358.99 456.448
CTP_p0_proyectada
 24722 12447.1 945.343 388.519 518.002
 24722 9537.69 3494.54 260.107 136.133
Wmedp
 7.49 15.67 23.13 29.37 33.83
Frms_r0
 0.199889 0.267223 0.272046 0.272304 0.272318
Zrms_r0
 1.19989 1.26722 1.27205 1.2723 1.27232
nmprior
 8.19 8.8 8.5 0
nm_flota  nm_reclas  nm_pelaces    nm_pelaL
inf 13.0493 19.6679 48.0712
cv_recla  cv_pelaces  cv_mph
0.329157 0.469131 0.882185
 ------------------------------------------------
Talla a la edad & desviaci?n 
 8 13.2811 15.8009 17.003 17.5766
 0.8 1.32811 1.58009 1.7003 1.75766
