years
 1991 1992 1993 1994 1995 1996 1997 1998 1999 2000 2001 2002 2003 2004 2005 2006 2007 2008 2009 2010 2011 2012 2013 2014 2015 2016 2017 2018 2019 2020 2021
reclasobs
 0 0 0 0 0 0 0 0 0 252601 567819 844713 477998 351125 339783 2.1784e+06 2.13404e+06 4.81314e+06 1.55562e+06 2.62356e+06 3.21686e+06 3.843e+06 1.13348e+06 3.07943e+06 1.97215e+06 2.03268e+06 2.025e+06 2.42433e+06 2.27542e+06 1.05018e+06 2.36338e+06
reclaspred
 2.87835e+06 1.55523e+06 772132 581518 474291 1.1941e+06 583733 442538 330599 245435 419385 607877 595612 425625 403731 1.50525e+06 1.31404e+06 3.34937e+06 2.73873e+06 1.92826e+06 3.47651e+06 2.83566e+06 2.06958e+06 3.2783e+06 2.3685e+06 2.00678e+06 2.56731e+06 2.94396e+06 2.32021e+06 1.29738e+06 1.86736e+06
pelacesobs
 0 0 0 0 0 0 0 0 0 0 0 0 0 0 0 552880 188675 0 991730 2.46772e+06 1.41603e+06 1.21717e+06 2.29649e+06 1.80582e+06 0 1.4828e+06 1.56532e+06 1.57751e+06 1.42118e+06 867257 1.10002e+06
pelacespred
 1.01568e+06 594443 286112 169724 154739 415348 158966 175293 111080 77181.5 151577 183964 200806 144539 142115 467661 411427 1.23952e+06 1.02306e+06 663863 1.19352e+06 1.02131e+06 753404 1.32679e+06 913318 774737 1.13691e+06 1.27836e+06 832929 531485 743213
mphobs
 0 0 0 0 0 0 0 0 0 0 0 498337 0 5186 125008 0 168611 109162 213762 579715 649985 157893 87575 83554 0 0 0 0 0 0 0
mphpred
 1.97822e+06 1.28077e+06 607083 321059 231383 237363 489726 213058 176408 110143 79021 222958 251174 200695 115343 145979 779219 649550 1.50843e+06 1.10203e+06 1.11154e+06 1.4277e+06 1.35508e+06 1.02115e+06 1.47656e+06 1.16634e+06 916363 1.0691e+06 1.6287e+06 1.03547e+06 558996
desembarqueobs
 494567 514787 250237 358949 120608 361735 552515 73892 212993 205616 52469 317467 293654 387597 252695 516296 358380 742168 942051 627588 828172 859565 418607 520667 417249 300574 415391 372974 316634 284311 391294
desembarquepred
 494552 514409 250122 358972 120607 361671 552286 73892.6 212984 205601 52469.6 317456 293623 387439 252618 516144 358369 741949 941526 627247 828122 859379 418563 520647 417200 300535 415339 372915 316590 284276 391258
Reclutas
 151064 94146 88544.1 84402.5 67485.5 220656 63326.7 22781.2 31421 48312.3 85152 126565 102309 70994.7 63239.5 434903 64124.4 661679 365890 264388 417967 546115 87489.6 319847 249750 107276 280071 327673 73756.2 49160 225981
log_desv_Rt
 0.145459 -0.327398 -0.388744 -0.436647 -0.660332 0.52436 -0.723937 -1.74631 -1.42477 -0.994559 -0.427806 -0.0314862 -0.244249 -0.60964 -0.725315 1.20288 -0.711419 1.62254 1.03009 0.705173 1.16316 1.43059 -0.400724 0.895598 0.648214 -0.196842 0.762798 0.919771 -0.57148 -0.977165 0.548207
SSB
 1.97822e+06 1.28077e+06 607083 321059 231383 237363 489726 213058 176408 110143 79021 222958 251174 200695 115343 145979 779219 649550 1.50843e+06 1.10203e+06 1.11154e+06 1.4277e+06 1.35508e+06 1.02115e+06 1.47656e+06 1.16634e+06 916363 1.0691e+06 1.6287e+06 1.03547e+06 558996
BT
 2.76613e+06 1.87715e+06 901981 690014 455724 1.27134e+06 850085 471132 464590 372419 393818 686586 727846 733956 580909 1.49226e+06 1.22908e+06 3.51929e+06 3.26021e+06 2.10188e+06 3.42571e+06 3.1585e+06 2.10278e+06 3.54808e+06 2.49856e+06 2.05635e+06 3.05044e+06 3.32529e+06 2.1845e+06 1.51051e+06 2.09185e+06
Ftot
 0.218487 0.410027 0.40971 0.810656 0.351908 0.480333 1.1267 0.229568 0.891072 1.15701 0.206672 0.751101 0.697353 1.25083 0.95351 0.579014 0.35323 0.35534 0.474479 0.448538 0.346439 0.432573 0.260144 0.241443 0.239963 0.200446 0.245343 0.195637 0.17093 0.275765 0.325181
BD_Bspro_t
 0.965833 0.768605 0.556806 0.439809 0.345468 0.40988 0.492719 0.261325 0.289229 0.238731 0.229643 0.536275 0.430043 0.334836 0.218897 0.266451 0.539559 0.48193 0.621127 0.515106 0.473099 0.532563 0.55001 0.521193 0.640695 0.641651 0.640456 0.697214 0.760807 0.675142 0.572237
BD_Bspro
 2.11887 1.37184 0.650248 0.343887 0.247835 0.25424 0.524547 0.228207 0.188951 0.117975 0.0846396 0.23881 0.269033 0.214965 0.123544 0.156358 0.834623 0.695735 1.61568 1.18039 1.19057 1.52921 1.45143 1.09376 1.58155 1.24927 0.981519 1.14511 1.74451 1.10909 0.598742
BD_Bo
 1.22724 0.794565 0.376621 0.199178 0.143545 0.147255 0.303816 0.132176 0.10944 0.0683307 0.049023 0.138318 0.155823 0.124507 0.0715561 0.0905623 0.483411 0.402967 0.935796 0.683679 0.689575 0.885716 0.840661 0.633502 0.916029 0.723572 0.568492 0.663244 1.01041 0.642382 0.346789
BD_Brms
 6.18271 4.00293 1.89738 1.00344 0.723164 0.741853 1.53059 0.66589 0.551345 0.344242 0.246972 0.696832 0.785019 0.627251 0.360492 0.456243 2.43537 2.0301 4.71444 3.4443 3.474 4.46214 4.23515 3.19151 4.61485 3.64528 2.864 3.34135 5.09035 3.23625 1.74709
Sel_flota
 0.648678 0.972285 0.998502 0.999921 0.999996
 0.648678 0.972285 0.998502 0.999921 0.999996
 0.648678 0.972285 0.998502 0.999921 0.999996
 0.648678 0.972285 0.998502 0.999921 0.999996
 0.648678 0.972285 0.998502 0.999921 0.999996
 0.648678 0.972285 0.998502 0.999921 0.999996
 0.648678 0.972285 0.998502 0.999921 0.999996
 0.648678 0.972285 0.998502 0.999921 0.999996
 0.648678 0.972285 0.998502 0.999921 0.999996
 0.648678 0.972285 0.998502 0.999921 0.999996
 0.648678 0.972285 0.998502 0.999921 0.999996
 0.648678 0.972285 0.998502 0.999921 0.999996
 0.648678 0.972285 0.998502 0.999921 0.999996
 0.648678 0.972285 0.998502 0.999921 0.999996
 0.648678 0.972285 0.998502 0.999921 0.999996
 0.648678 0.972285 0.998502 0.999921 0.999996
 0.648678 0.972285 0.998502 0.999921 0.999996
 0.648678 0.972285 0.998502 0.999921 0.999996
 0.648678 0.972285 0.998502 0.999921 0.999996
 0.648678 0.972285 0.998502 0.999921 0.999996
 0.648678 0.972285 0.998502 0.999921 0.999996
 0.648678 0.972285 0.998502 0.999921 0.999996
 0.648678 0.972285 0.998502 0.999921 0.999996
 0.648678 0.972285 0.998502 0.999921 0.999996
 0.648678 0.972285 0.998502 0.999921 0.999996
 0.648678 0.972285 0.998502 0.999921 0.999996
 0.648678 0.972285 0.998502 0.999921 0.999996
 0.648678 0.972285 0.998502 0.999921 0.999996
 0.648678 0.972285 0.998502 0.999921 0.999996
 0.648678 0.972285 0.998502 0.999921 0.999996
 0.648678 0.972285 0.998502 0.999921 0.999996
Sel_reclas
 1 1 1 1 1
 1 1 1 1 1
 1 1 1 1 1
 1 1 1 1 1
 1 1 1 1 1
 1 1 1 1 1
 1 1 1 1 1
 1 1 1 1 1
 1 1 1 1 1
 1 1 1 1 1
 1 1 1 1 1
 1 1 1 1 1
 1 1 1 1 1
 1 1 1 1 1
 1 1 1 1 1
 1 1 1 1 1
 1 1 1 1 1
 1 1 1 1 1
 1 1 1 1 1
 1 1 1 1 1
 1 1 1 1 1
 1 1 1 1 1
 1 1 1 1 1
 1 1 1 1 1
 1 1 1 1 1
 1 1 1 1 1
 1 1 1 1 1
 1 1 1 1 1
 1 1 1 1 1
 1 1 1 1 1
 1 1 1 1 1
Sel_pelaces
 1 1 1 1 1
 1 1 1 1 1
 1 1 1 1 1
 1 1 1 1 1
 1 1 1 1 1
 1 1 1 1 1
 1 1 1 1 1
 1 1 1 1 1
 1 1 1 1 1
 1 1 1 1 1
 1 1 1 1 1
 1 1 1 1 1
 1 1 1 1 1
 1 1 1 1 1
 1 1 1 1 1
 1 1 1 1 1
 1 1 1 1 1
 1 1 1 1 1
 1 1 1 1 1
 1 1 1 1 1
 1 1 1 1 1
 1 1 1 1 1
 1 1 1 1 1
 1 1 1 1 1
 1 1 1 1 1
 1 1 1 1 1
 1 1 1 1 1
 1 1 1 1 1
 1 1 1 1 1
 1 1 1 1 1
 1 1 1 1 1
pf_obs 
 0.8446 0.082 0.0669 0.0065 0
 0.8095 0.147 0.0364 0.0071 0
 0.9664 0.0169 0.016 0.0007 0
 0.9276 0.0648 0.0075 0.0001 0
 0.7033 0.2144 0.0806 0.0017 0
 0.9318 0.0425 0.0243 0.0014 0
 0.5671 0.3108 0.0964 0.0239 0.0018
 0.0768 0.2599 0.5324 0.112 0.0189
 0.490249 0.384438 0.106611 0.0170017 0.00170017
 0.7925 0.1577 0.0466 0.003 0.0002
 0.840416 0.127587 0.0312969 0.00059994 9.999e-05
 0.8084 0.0986 0.0794 0.0134 0.0002
 0.7335 0.1905 0.0724 0.0035 0.0001
 0.4001 0.4547 0.1325 0.0127 0
 0.49795 0.308269 0.164784 0.0264974 0.00249975
 0.9179 0.0499 0.0305 0.0017 0
 0.2467 0.6533 0.0926 0.0074 0
 0.9418 0.0223 0.034 0.0019 0
 0.707729 0.231977 0.0356964 0.0245975 0
 0.517169 0.277429 0.184464 0.0207286 0.00020938
 0.811772 0.124168 0.05621 0.00726502 0.000585176
 0.764997 0.148141 0.077277 0.00933861 0.000247198
 0.163321 0.427699 0.378323 0.0303852 0.000271297
 0.753843 0.0900009 0.118128 0.0371064 0.000921714
 0.721811 0.176058 0.0630433 0.0369309 0.00215725
 0.143369 0.312575 0.442814 0.0836902 0.0175525
 0.692698 0.0596174 0.167031 0.0765114 0.00414204
 0.394062 0.376323 0.152708 0.0712218 0.00568511
 0.125707 0.32114 0.495352 0.0537591 0.00404204
 0.23352 0.215282 0.420074 0.123614 0.00750983
 0.774587 0.0839891 0.0768558 0.0609784 0.00358967
pf_pred 
 0.435946 0.173274 0.359704 0.0310745 9.15685e-07
 0.428508 0.312349 0.0812136 0.1638 0.0141291
 0.561981 0.239741 0.109997 0.0276994 0.0605815
 0.626312 0.252191 0.06749 0.0299847 0.024022
 0.656862 0.255942 0.0596056 0.0153406 0.0122496
 0.856121 0.108189 0.026833 0.00605792 0.00279931
 0.42267 0.523511 0.0408063 0.00978723 0.00322475
 0.446119 0.319525 0.213394 0.0159027 0.00505851
 0.642037 0.199175 0.0927386 0.0601505 0.00589907
 0.81222 0.143453 0.0251201 0.0112279 0.007979
 0.861057 0.123782 0.0117084 0.00195905 0.00149415
 0.753238 0.223282 0.020984 0.00192848 0.000567877
 0.685628 0.264026 0.0457194 0.00413602 0.000491023
 0.641818 0.282412 0.0640137 0.0106783 0.00107852
 0.759354 0.186893 0.0428073 0.00925106 0.00169468
 0.95486 0.0383989 0.005284 0.00116074 0.000296127
 0.283659 0.696427 0.0170281 0.00226287 0.000622721
 0.904258 0.0367176 0.0574331 0.00136138 0.000230312
 0.55699 0.415551 0.0107337 0.016275 0.000450284
 0.558249 0.295916 0.137081 0.00342544 0.00532807
 0.729166 0.181866 0.0602379 0.027009 0.00172159
 0.717394 0.228946 0.0364039 0.0116903 0.00556645
 0.242085 0.608448 0.121835 0.0187566 0.00887566
 0.728227 0.0899085 0.146848 0.0285518 0.00646522
 0.579746 0.339269 0.0273217 0.0433437 0.0103194
 0.388554 0.415822 0.158834 0.0124245 0.0243648
 0.733248 0.131707 0.0926801 0.0344081 0.00795707
 0.67416 0.264115 0.0309343 0.0211422 0.00964913
 0.264715 0.558466 0.144107 0.0164067 0.0163057
 0.331374 0.236755 0.330232 0.0828596 0.0187803
 0.820056 0.0788865 0.0364825 0.0493962 0.0151789
pobs_RECLAS
 0 0 0 0 0
 0 0 0 0 0
 0 0 0 0 0
 0 0 0 0 0
 0 0 0 0 0
 0 0 0 0 0
 0 0 0 0 0
 0 0 0 0 0
 0 0 0 0 0
 0 0 0 0 0
 0.991045 0.00858322 0.000360255 1.14367e-05 0
 0.934742 0.0480273 0.0164251 0.00080598 0
 0.827803 0.169806 0.00239088 0 0
 0.941827 0.0461693 0.0120037 0 0
 0.791401 0.0380133 0.147996 0.0225897 0
 0.846168 0.0940531 0.0597789 0 0
 0.134021 0.677848 0.182769 0.00536245 0
 0.80878 0.0450904 0.141981 0.00414843 0
 0.846168 0.0940531 0.0597789 0 0
 0.905697 0.0802665 0.012482 0.00150086 5.37128e-05
 0.989698 0.0102097 9.19794e-05 0 0
 0.975433 0.0193895 0.00387452 0.00125025 5.28907e-05
 0.303575 0.632131 0.0575291 0.00676475 0
 0.966965 0.00978017 0.0227588 0.000495775 0
 0.843318 0.132988 0.00938335 0.0141283 0.000182051
 0.564624 0.303363 0.111486 0.0197234 0.00080311
 0.826376 0.0876187 0.0782897 0.00655872 0.00115652
 0.89761 0.0855135 0.0140674 0.00269457 0.000114338
 0.34875 0.467042 0.161289 0.0227151 0.000203297
 0.318654 0.224769 0.449479 0.00709798 0
 0.937255 0.0296025 0.0250945 0.00804832 0
ppred_RECLAS
 0.543065 0.143036 0.288971 0.0249277 7.345e-07
 0.535954 0.256938 0.0649729 0.130849 0.011286
 0.663967 0.186291 0.0831279 0.0209022 0.0457117
 0.724235 0.187932 0.0488249 0.0216578 0.0173495
 0.745166 0.191425 0.0433663 0.0111447 0.0088984
 0.901374 0.0746816 0.0180093 0.00405974 0.00187583
 0.537594 0.42053 0.0317642 0.0076057 0.00250574
 0.551567 0.26168 0.170072 0.0126558 0.00402539
 0.739218 0.147077 0.0664529 0.0430322 0.00421989
 0.873661 0.0972471 0.0164986 0.00736183 0.00523117
 0.903622 0.0861159 0.00792752 0.00132452 0.00101012
 0.825591 0.158251 0.0144426 0.00132523 0.000390207
 0.771603 0.192708 0.032414 0.00292778 0.000347555
 0.742398 0.204492 0.0448806 0.00747371 0.000754786
 0.832575 0.130913 0.0290869 0.00627573 0.00114954
 0.970198 0.0254598 0.00340497 0.00074683 0.000190516
 0.375433 0.607669 0.0144531 0.00191785 0.000527736
 0.935785 0.0250482 0.0381125 0.000902074 0.000152598
 0.657599 0.321748 0.00808064 0.012234 0.000338453
 0.660148 0.229756 0.103497 0.00258237 0.0040164
 0.804694 0.132352 0.0426448 0.0190926 0.00121689
 0.795257 0.166754 0.0257851 0.00826796 0.00393657
 0.326755 0.54339 0.105877 0.0162762 0.00770132
 0.804758 0.0657857 0.10456 0.0203002 0.00459639
 0.676858 0.262277 0.0205539 0.0325597 0.00775131
 0.491539 0.348802 0.12967 0.0101285 0.0198608
 0.808076 0.0960909 0.0657994 0.0243929 0.00564057
 0.758224 0.197 0.0224565 0.0153258 0.00699404
 0.353143 0.494506 0.124199 0.0141198 0.0140319
 0.432764 0.204461 0.277493 0.069525 0.0157568
 0.875242 0.0555692 0.0250014 0.0338015 0.010386
pobs_PELACES
 0 0 0 0 0
 0 0 0 0 0
 0 0 0 0 0
 0 0 0 0 0
 0 0 0 0 0
 0 0 0 0 0
 0 0 0 0 0
 0 0 0 0 0
 0 0 0 0 0
 0 0 0 0 0
 0 0 0 0 0
 0 0 0 0 0
 0 0 0 0 0
 0 0 0 0 0
 0 0 0 0 0
 0 0 0 0 0
 0.505614 0.472636 0.0217494 0 0
 0 0 0 0 0
 0.443492 0.261883 0.143347 0.151278 0
 0.227955 0.32914 0.350689 0.0885471 0.00366901
 0.970185 0.0296113 0.000203453 0 0
 0.997202 0.00247181 0.000326279 0 0
 0.445219 0.490057 0.0546422 0.010081 0
 0.90214 0.0892962 0.00764917 0.000914606 0
 0 0 0 0 0
 0.581667 0.319106 0.0959925 0.00289975 0.000334073
 0.762889 0.0836404 0.116647 0.0363945 0.000428098
 0.88444 0.0763242 0.0277011 0.0115352 0
 0.521256 0.241999 0.230069 0.00667565 0
 0.616807 0.101726 0.260614 0.0208532 0
 0.833518 0.0704572 0.0857862 0.0102388 0
ppred_PELACES
 0.549172 0.141308 0.284942 0.0245776 7.24181e-07
 0.547232 0.251105 0.0632731 0.127402 0.0109885
 0.674014 0.181014 0.0804874 0.0202343 0.0442507
 0.741623 0.176485 0.0455305 0.0201888 0.0161724
 0.752379 0.18615 0.042043 0.0108028 0.00862537
 0.905928 0.0713058 0.0171239 0.00385929 0.00178319
 0.567553 0.393635 0.0294443 0.0070465 0.00232145
 0.557827 0.258241 0.167504 0.0124633 0.00396416
 0.75777 0.137083 0.0614617 0.0397835 0.00390123
 0.886917 0.0872483 0.0146548 0.00653557 0.00464391
 0.905543 0.0844153 0.00775708 0.00129591 0.000988299
 0.836923 0.148058 0.0134248 0.00123141 0.000362575
 0.784621 0.181896 0.0304113 0.002746 0.00032597
 0.767507 0.184974 0.0401599 0.00668368 0.000674979
 0.846528 0.12022 0.0264917 0.00571326 0.00104648
 0.971955 0.0239765 0.00319058 0.000699617 0.000178469
 0.384338 0.599054 0.0142048 0.00188458 0.000518576
 0.938137 0.0241761 0.0366726 0.00086785 0.000146807
 0.668972 0.311141 0.00778223 0.0117795 0.000325878
 0.671088 0.22264 0.0999029 0.00249217 0.00387607
 0.810593 0.12848 0.0412733 0.0184756 0.00117756
 0.802787 0.160734 0.0247614 0.0079381 0.00377947
 0.332993 0.538591 0.104706 0.0160942 0.00761517
 0.808993 0.0644486 0.102221 0.0198439 0.00449304
 0.682525 0.257781 0.0201597 0.0319316 0.00760176
 0.497027 0.345227 0.128118 0.0100064 0.0196212
 0.812271 0.0940919 0.0642939 0.0238321 0.00551085
 0.762092 0.193911 0.022067 0.0150586 0.00687207
 0.357404 0.491421 0.123242 0.0140099 0.0139225
 0.440388 0.202025 0.273533 0.0685241 0.0155298
 0.879156 0.0539127 0.024188 0.0326967 0.0100465
pobs_pel_tallas
 0 0 0 0 0 0 0 0 0 0 0 0 0 0 0 0 0 0 0 0 0 0 0 0 0 0
 0 0 0 0 0 0 0 0 0 0 0 0 0 0 0 0 0 0 0 0 0 0 0 0 0 0
 0 0 0 0 0 0 0 0 0 0 0 0 0 0 0 0 0 0 0 0 0 0 0 0 0 0
 0 0 0 0 0 0 0 0 0 0 0 0 0 0 0 0 0 0 0 0 0 0 0 0 0 0
 0 0 0 0 0 0 0 0 0 0 0 0 0 0 0 0 0 0 0 0 0 0 0 0 0 0
 0 0 0 0 0 0 0 0 0 0 0 0 0 0 0 0 0 0 0 0 0 0 0 0 0 0
 0 0 0 0 0 0 0 0 0 0 0 0 0 0 0 0 0 0 0 0 0 0 0 0 0 0
 0 0 0 0 0 0 0 0 0 0 0 0 0 0 0 0 0 0 0 0 0 0 0 0 0 0
 0 0 0 0 0 0 0 0 0 0 0 0 0 0 0 0 0 0 0 0 0 0 0 0 0 0
 0 0 0 0 0 0 0 0 0 0 0 0 0 0 0 0 0 0 0 0 0 0 0 0 0 0
 0 0 0 0 0 0 0 0 0 0 0 0 0 0 0 0 0 0 0 0 0 0 0 0 0 0
 0 0 0 0 0 0 0 0 0 0 0 0 0 0 0 0 0 0 0 0 0 0 0 0 0 0
 0.00862536 0 0 0.000197151 0.00414017 0.0128641 0.00837892 0.0270097 0.101434 0.158115 0.152841 0.127902 0.109271 0.109419 0.0830992 0.0579132 0.0238553 0.00714673 0.00463305 0.00128148 0.00103504 0.000492878 0.000147863 0.000147863 4.92878e-05 0
 0 0 0 0 0 0 0 0 0 0 0 0 0 0 0 0 0 0 0 0 0 0 0 0 0 0
 0 0 0 0 0 0 0 0.0054083 0.00873648 0.0413646 0.0450493 0.0745869 0.0622846 0.0627006 0.0613931 0.0827291 0.12552 0.122667 0.0946155 0.0697135 0.0546179 0.0294188 0.0215738 0.0213955 0.0102223 0.00600262
 0 0 0 0 0.00359764 0.0251062 0.0480494 0.140153 0.205849 0.193036 0.1447 0.116669 0.0760912 0.0342217 0.00950174 0.001854 0.000860785 0 0 0 0.000165536 0 0.000143464 0 0 0
 0 0 0 0 0 0 0 0.000145254 0.000435761 0.0275982 0.070085 0.0708112 0.156366 0.174668 0.174014 0.160142 0.0824315 0.0480064 0.0283245 0.00493863 0.00203355 0 0 0 0 0
 0 0 0 0 0 0 0 0 0 0 0 0 0 0 0 0 0 0 0 0 0 0 0 0 0 0
 0 0 1.00437e-05 0.000401748 0.00122533 0.00171747 0.00176769 0.0269171 0.070346 0.194647 0.189555 0.159765 0.064822 0.0314167 0.0384472 0.0292271 0.0345202 0.0313363 0.0194345 0.0106764 0.0143323 0.0359363 0.0279516 0.0138201 0.00172751 0
 0 0.0021121 0.0136068 0.0755702 0.200478 0.177729 0.0527432 0.0373336 0.0318909 0.0142505 0.0149659 0.0166563 0.0217959 0.0798694 0.0677717 0.0528807 0.04013 0.0224614 0.0357745 0.0225083 0.00881397 0.00855152 0.00135912 0.000746735 0 0
 0 0 0 0 5.4009e-05 0.00500934 0.000945158 0.0243581 0.138947 0.33067 0.221406 0.137944 0.0707744 0.0437923 0.0131692 0.00525238 0.0047753 0.00276346 9.45158e-05 9.00151e-06 2.25038e-05 9.00151e-06 4.50075e-06 0 0 0
 0.000866109 0.00284123 0.00948549 0.0512746 0.133035 0.25785 0.225252 0.132002 0.0553304 0.0519788 0.0540692 0.017754 0.00435017 0.00159236 0.00146478 0.000404838 0.000125132 0.000115318 0.000107957 0.000100596 0 0 0 0 0 0
 0 0 0 0 0.00144013 0.00171154 0.00461396 0.0210425 0.0478622 0.0707936 0.0888783 0.103762 0.0637923 0.0337046 0.0602308 0.124433 0.169614 0.0934646 0.0462172 0.0250306 0.0313229 0.00938855 0.002487 0.000210481 0 0
 0 0.00764035 0.051015 0.0998891 0.058973 0.0496711 0.0374665 0.0718981 0.12319 0.153886 0.159021 0.0857701 0.0377988 0.023471 0.0147837 0.00900784 0.00315554 0.000888139 0.00291439 0.00214683 0.00393193 0.00274676 0.000635225 9.99891e-05 0 0
 0 0 0 0 0 0 0 0 0 0 0 0 0 0 0 0 0 0 0 0 0 0 0 0 0 0
 0 0 0 0 0 0 0 0 0 0 0 0 0 0 0 0 0 0 0 0 0 0 0 0 0 0
 0 0 0 0 0 0 0 0 0 0 0 0 0 0 0 0 0 0 0 0 0 0 0 0 0 0
 0 0 0 0 0 0 0 0 0 0 0 0 0 0 0 0 0 0 0 0 0 0 0 0 0 0
 0 0 0 0 0 0 0 0 0 0 0 0 0 0 0 0 0 0 0 0 0 0 0 0 0 0
 0 0 0 0 0 0 0 0 0 0 0 0 0 0 0 0 0 0 0 0 0 0 0 0 0 0
 0 0 0 0 0 0 0 0 0 0 0 0 0 0 0 0 0 0 0 0 0 0 0 0 0 0
ppred_pel_tallas
 1.10724e-16 4.52346e-05 0.000439696 0.00292194 0.0132827 0.0413275 0.0880532 0.128519 0.128533 0.0881219 0.0415597 0.0139585 0.00463818 0.00425225 0.00747902 0.0127954 0.0195961 0.0270712 0.0343364 0.0408451 0.0464568 0.0510336 0.0539954 0.0543652 0.0513574 0.0450154
 1.16527e-16 4.50748e-05 0.000438143 0.00291162 0.0132358 0.0411816 0.0877427 0.128068 0.128092 0.0878614 0.0415806 0.0143893 0.00581193 0.00678638 0.0121532 0.0201629 0.0293951 0.0377607 0.0432141 0.0449539 0.0439365 0.0421719 0.0413387 0.0417956 0.0426108 0.0423614
 1.11887e-16 5.55176e-05 0.000539651 0.00358617 0.0163022 0.0507224 0.10807 0.157735 0.157753 0.108156 0.0510107 0.0171363 0.00568466 0.00513733 0.00883703 0.014654 0.0214211 0.0276209 0.0317562 0.033183 0.0324816 0.0309877 0.0298624 0.0294434 0.0292722 0.0285919
 1.06121e-16 6.10865e-05 0.000593783 0.0039459 0.0179375 0.0558103 0.11891 0.173557 0.173574 0.118994 0.0560902 0.0187465 0.00597872 0.00503835 0.00852281 0.0140487 0.0203654 0.0259003 0.0291006 0.0292755 0.027002 0.0236984 0.0207142 0.0186518 0.0173215 0.0161622
 1.03804e-16 6.19725e-05 0.000602395 0.00400313 0.0181976 0.0566197 0.120635 0.176074 0.176092 0.120723 0.0569147 0.0190499 0.0061437 0.00527983 0.00895874 0.0147482 0.0213238 0.0269953 0.0300827 0.0298154 0.0267778 0.0224799 0.0184116 0.0153271 0.0131758 0.011507
 1.01202e-16 7.46201e-05 0.000725334 0.0048201 0.0219115 0.0681748 0.145254 0.212004 0.21201 0.145287 0.0682878 0.022238 0.00564031 0.00251776 0.00348432 0.00565676 0.00817569 0.0103529 0.01154 0.011438 0.0102639 0.00858815 0.00697564 0.00571545 0.00479746 0.00406639
 1.0205e-16 4.67486e-05 0.000454414 0.00301974 0.0137273 0.042711 0.0910017 0.132828 0.132865 0.0911868 0.0433326 0.0155221 0.00752272 0.0102775 0.0186821 0.0307576 0.0441769 0.0552879 0.0603995 0.0578088 0.0488259 0.0369122 0.0256522 0.0171242 0.0115995 0.00827757
 1.06821e-16 4.59475e-05 0.000446627 0.00296799 0.0134921 0.041979 0.0894416 0.130548 0.130573 0.0895643 0.0423916 0.0146864 0.00597579 0.00704492 0.0126716 0.021121 0.03099 0.0401509 0.0464176 0.0487059 0.0475458 0.0444677 0.040825 0.0370641 0.0328982 0.027985
 1.06459e-16 6.24166e-05 0.000606711 0.00403181 0.018328 0.0570254 0.121499 0.177334 0.177348 0.121564 0.0572438 0.0189599 0.00562185 0.00409101 0.00671908 0.0111138 0.0162533 0.0209738 0.024137 0.0252395 0.024686 0.0234327 0.0222942 0.0214798 0.0206477 0.019307
 1.01887e-16 7.30542e-05 0.000710113 0.00471895 0.0214517 0.0667442 0.142206 0.207555 0.207564 0.142247 0.0668823 0.0218506 0.00572061 0.00289779 0.00423106 0.00688791 0.00993675 0.0125436 0.0139147 0.013693 0.012168 0.0100741 0.00813922 0.00673635 0.00584008 0.00521413
 1.00543e-16 7.45884e-05 0.000725026 0.00481805 0.0219022 0.0681458 0.145192 0.211914 0.211922 0.145232 0.0682792 0.0222872 0.00578424 0.00283309 0.00407485 0.00660971 0.0094936 0.0118946 0.0130198 0.0125045 0.0106272 0.0081238 0.00575401 0.00395475 0.0027789 0.00205454
 1.00611e-16 6.89363e-05 0.000670085 0.00445295 0.0202425 0.0629819 0.13419 0.195857 0.195872 0.13426 0.0632158 0.0209178 0.00614734 0.00436677 0.00708313 0.0115836 0.0166391 0.0208369 0.0227854 0.02184 0.0184844 0.0140075 0.00974589 0.00647676 0.00431011 0.00296387
 1.01255e-16 6.46282e-05 0.000628209 0.00417467 0.0189775 0.059046 0.125804 0.183619 0.183636 0.12589 0.0593338 0.0198087 0.00626137 0.00518428 0.00871966 0.0143185 0.0206317 0.0259661 0.028636 0.0278528 0.0241797 0.0191302 0.0142512 0.0104097 0.00769583 0.00577954
 1.01991e-16 6.32186e-05 0.000614507 0.00408362 0.0185635 0.0577582 0.123061 0.179614 0.179632 0.123148 0.0580511 0.01941 0.00620929 0.00525827 0.00889244 0.0146265 0.021123 0.0266843 0.0296177 0.0291309 0.0257822 0.0210652 0.016482 0.0128379 0.0101685 0.00812293
 1.01546e-16 6.97274e-05 0.000677776 0.00450406 0.0204748 0.0637048 0.13573 0.198105 0.198116 0.135787 0.0638952 0.021025 0.0058859 0.00369678 0.00581053 0.00951426 0.0137423 0.0173716 0.0193045 0.0190302 0.0169144 0.0139271 0.0110384 0.00876005 0.00709992 0.00581515
 1.00199e-16 8.00586e-05 0.000778198 0.0051714 0.0235084 0.0731435 0.15584 0.227454 0.227456 0.155851 0.0731814 0.0236179 0.00544621 0.00137804 0.00121908 0.00188819 0.00271102 0.00340636 0.00374732 0.00363069 0.00313352 0.0024597 0.00181766 0.0013242 0.000989913 0.00076617
 1.0084e-16 3.16575e-05 0.000307723 0.00204493 0.00929598 0.0289236 0.0616268 0.0899582 0.0900159 0.0619083 0.0298684 0.0120236 0.0088859 0.0152227 0.0283023 0.0465933 0.0667729 0.0832449 0.0903278 0.0854025 0.0705126 0.0510737 0.0327656 0.0189879 0.0103205 0.00558234
 1.01177e-16 7.72731e-05 0.000751122 0.00499147 0.0226905 0.0705986 0.150418 0.21954 0.219542 0.150429 0.0706379 0.0228047 0.00528049 0.00139015 0.00131452 0.0021122 0.00317728 0.00428957 0.00526985 0.0060168 0.00652964 0.00684562 0.00695367 0.00677521 0.00623184 0.0053329
 1.01541e-16 5.51024e-05 0.000535615 0.00355935 0.0161803 0.0503431 0.107262 0.156559 0.156589 0.107409 0.0508339 0.0175973 0.00711361 0.00828577 0.0147482 0.0242274 0.0347389 0.0433603 0.0471591 0.0447979 0.037355 0.0276421 0.0185788 0.0118687 0.00773031 0.00547064
 1.03846e-16 5.52767e-05 0.000537309 0.00357061 0.0162315 0.0505023 0.107601 0.157052 0.157073 0.107707 0.0508565 0.017256 0.00614716 0.00617826 0.0108161 0.017917 0.0260899 0.0333972 0.0378731 0.0385633 0.0360169 0.0317775 0.0273268 0.023354 0.019788 0.016312
 1.03277e-16 6.67675e-05 0.000649004 0.00431286 0.0196057 0.0610005 0.129969 0.189695 0.189708 0.130029 0.0612045 0.0201955 0.00579541 0.00389219 0.00624621 0.0102735 0.0149181 0.0190259 0.0214662 0.0217207 0.02017 0.0177865 0.0154898 0.0136827 0.0122459 0.0108509
 1.02192e-16 6.61246e-05 0.000642754 0.00427133 0.0194169 0.0604131 0.128717 0.18787 0.187885 0.128793 0.0606674 0.0201513 0.0061152 0.00466876 0.0077147 0.012656 0.0182412 0.0229742 0.0253778 0.0247746 0.021685 0.0174638 0.0134777 0.010464 0.00844365 0.00704992
 1.06063e-16 2.74283e-05 0.000266613 0.00177174 0.0080541 0.0250596 0.053394 0.077941 0.0779929 0.0536479 0.0259122 0.0105173 0.00795673 0.0137754 0.0257033 0.0425016 0.0613433 0.0773905 0.0857088 0.0839971 0.0739178 0.0598917 0.0463814 0.0358047 0.028286 0.0227571
 1.05717e-16 6.66357e-05 0.000647723 0.00430435 0.0195669 0.06088 0.129712 0.189319 0.189326 0.129743 0.0609851 0.0198723 0.00507826 0.00236147 0.00339267 0.00568989 0.00862643 0.0117622 0.0146738 0.0171385 0.0191825 0.0208916 0.0221618 0.0226482 0.0219715 0.0199989
 1.05137e-16 5.62188e-05 0.000546466 0.00363146 0.0165081 0.051363 0.109435 0.159729 0.159754 0.109557 0.0517703 0.0176844 0.00658353 0.00698905 0.0122871 0.0202135 0.0290935 0.0365591 0.0402539 0.0391343 0.0341161 0.0274747 0.0214817 0.0173235 0.0149305 0.0135245
 1.0811e-16 4.09395e-05 0.000397947 0.0026445 0.0120215 0.0374036 0.0796935 0.116322 0.116355 0.0798568 0.0379521 0.0136075 0.00663147 0.00912154 0.0166673 0.0276426 0.0401732 0.0512648 0.0578668 0.0585414 0.0542471 0.0475377 0.0408712 0.0353971 0.0309417 0.0268001
 1.05203e-16 6.69057e-05 0.000650347 0.00432179 0.0196462 0.0611268 0.130237 0.190087 0.190096 0.130282 0.0612774 0.0200824 0.00542088 0.00306398 0.00469312 0.00776422 0.011441 0.014944 0.017521 0.0188271 0.0190896 0.0188584 0.0185557 0.0182062 0.017525 0.016215
 1.0336e-16 6.27725e-05 0.000610171 0.0040548 0.0184326 0.0573506 0.122192 0.178347 0.178366 0.122284 0.0576572 0.0193179 0.00627712 0.00546117 0.00927491 0.0152327 0.0219368 0.0275913 0.0304178 0.0296154 0.025845 0.0207849 0.0161213 0.0127521 0.0106668 0.00934815
 1.07444e-16 2.9439e-05 0.000286158 0.00190162 0.00864452 0.0268966 0.0573077 0.0836523 0.0836997 0.0575396 0.0276754 0.0108952 0.00755512 0.0126411 0.0235328 0.0389597 0.0563566 0.0713624 0.0795257 0.0787633 0.0705433 0.0587725 0.0473414 0.0382763 0.0315778 0.0262636
 1.17446e-16 3.62742e-05 0.000352598 0.00234314 0.0106516 0.0331411 0.0706114 0.103064 0.103083 0.0707087 0.033469 0.0116038 0.00475308 0.0056788 0.0103438 0.0175467 0.0264546 0.0357509 0.0440646 0.0507107 0.0558961 0.0601281 0.0633744 0.0647891 0.063249 0.0581955
 1.05692e-16 7.24149e-05 0.000703899 0.00467766 0.0212639 0.0661601 0.140961 0.205738 0.205743 0.140987 0.0662461 0.0215131 0.00530505 0.00208052 0.00270816 0.00442035 0.00650212 0.0084891 0.00997673 0.0108223 0.0112342 0.011605 0.0122112 0.0130148 0.0136978 0.013866
pSPR Fmed_Fpbrs
0.519619   0.248496 0.248496
Fs Fmed_Fpbrs
0.408605   1.005 1.005
SSBpbr Bo_Bmed_Bpbrs
1.61192e+06  756988  319959 319959
Ro
130614
SPR SPRFo_SPRFmed_SPRFpbrs
933618 485125 232000
Fref
1.005
Nvult_r0
 158657 11067.4 5016.21 6784.52 2084.69
CTP_r0
 27637.1 2658.6 1229.52 1664.73 511.553
YTP_r0
391258
Np
 187667 67323.8 4055.31 1816.79 3108.31
Nvult_p0
 151694 58001.9 3508.4 1572.12 2689.74
CTP_p0
 59865.4 28665.7 1757.26 787.988 1348.22
YTP_p0
 1.02245e+06
CBA_c0
580615
log_Ro
11.6
likeval ReclasPelacesDesembMPH_pf_preclas_ppelaces_ptallas_desvR_qrecl_qpela
 10.7062 27.8041 0.0109687 0.00213389 241.808 116.822 99.9563 0 31.792 2.39584e-06 0 0.0193664 0 0 0
q_reclas_q_pelaces
1.24525 1
M
1
N
 151064 41219.8 83514 7205.35 0.212309
 94146 48229.7 12261.8 24701.3 2130.56
 88544.1 26545.8 11909.2 2995.39 6550.83
 84402.5 24971.4 6556.88 2910.18 2331.35
 67485.5 18352.1 4176.79 1073.66 857.267
 220656 19759.6 4795.07 1081.3 499.628
 63326.7 59443.3 4556.79 1091.96 359.768
 22781.2 11217.1 7312.22 544.222 173.101
 31421 7221.18 3301.03 2138.97 209.762
 48312.3 6484.77 1117 498.824 354.469
 85152 8391.02 774.543 129.428 98.7067
 126565 27395.4 2524.94 231.808 68.2566
 102309 28603.7 4855.39 438.78 52.0885
 70994.7 23942.1 5341.52 890.281 89.9157
 63239.5 11602.5 2610.32 563.58 103.236
 434903 12533.5 1689 370.609 94.5442
 64124.4 109895 2625.95 348.537 95.9081
 661679 18759.4 28676.8 678.915 114.849
 365890 193307 4885.16 7398.53 204.685
 264388 98943.5 44833.3 1119 1740.42
 417967 72708.7 23533.9 10539 671.727
 546115 122815 19098.8 6125.88 2916.72
 87489.6 151749 29668.7 4561.72 2158.47
 319847 27187.9 43349.5 8417.7 1905.96
 249750 100607 7909.14 12531.1 2983.24
 107276 78633.7 29309.5 2289.69 4489.84
 280071 34652.8 23805.3 8826.57 2041.06
 327673 87873.1 10042.6 6854.7 3128.21
 73756.2 106177 26727.1 3038.88 3019.97
 49160 24285.7 33079.6 8289.62 1878.73
 225981 15122.7 6833 9240.21 2839.23
pred_Ctot
 12765.3 5073.78 10532.8 909.916 0.0268129
 14202.5 10352.5 2691.75 5428.99 468.296
 13348.2 5694.32 2612.65 657.916 1438.93
 22763 9165.74 2452.88 1089.78 873.067
 8869.86 3456.08 804.877 207.151 165.411
 38297.9 4839.75 1200.35 270.996 125.225
 22003.6 27253.2 2124.31 509.508 167.875
 2016.79 1444.49 964.7 71.8918 22.8682
 9133.98 2833.58 1319.35 855.734 83.9235
 17115.9 3022.98 529.357 236.605 168.142
 6827.73 981.524 92.8412 15.5342 11.8478
 32092.8 9513.23 894.053 82.1656 24.1952
 24408.4 9399.35 1627.62 147.243 17.4805
 26603.9 11706.2 2653.43 442.624 44.7056
 19377.4 4769.18 1092.37 236.071 43.2452
 88740.5 3568.63 491.072 107.874 27.5207
 8456.87 20762.9 507.666 67.464 18.5655
 87736.8 3562.58 5572.52 132.089 22.3464
 62825.3 46871.8 1210.7 1835.73 50.7895
 43200.8 22899.8 10608.2 265.082 412.319
 54158 13507.9 4474.1 2006.07 127.869
 86412 27577.2 4384.95 1408.13 670.494
 8706.67 21883 4381.83 674.589 319.216
 29687.4 3665.27 5986.5 1163.96 263.566
 23048.1 13487.8 1086.19 1723.15 410.252
 8356.26 8942.68 3415.89 267.202 523.991
 26388.4 4739.93 3335.41 1238.29 286.362
 24943.5 9772.09 1144.55 782.251 357.013
 4937.73 10417.1 2688.03 306.034 304.151
 5164.79 3690.06 5146.99 1291.45 292.709
 27637.1 2658.6 1229.52 1664.73 511.553
F
 0.141728 0.212432 0.21816 0.21847 0.218487
 0.265976 0.398663 0.409413 0.409995 0.410026
 0.26577 0.398355 0.409097 0.409678 0.409709
 0.525855 0.788189 0.809442 0.810592 0.810653
 0.228275 0.342155 0.351381 0.35188 0.351906
 0.311581 0.46702 0.479613 0.480295 0.480331
 0.730868 1.09548 1.12502 1.12661 1.1267
 0.148916 0.223205 0.229224 0.22955 0.229567
 0.578019 0.866376 0.889737 0.891002 0.891068
 0.750524 1.12494 1.15527 1.15691 1.157
 0.134064 0.200944 0.206363 0.206656 0.206671
 0.487223 0.730284 0.749976 0.751042 0.751098
 0.452357 0.678026 0.696308 0.697298 0.69735
 0.811387 1.21616 1.24896 1.25073 1.25083
 0.618521 0.927083 0.952081 0.953434 0.953506
 0.375594 0.562967 0.578147 0.578969 0.579012
 0.229133 0.34344 0.352701 0.353202 0.353229
 0.230501 0.345492 0.354807 0.355312 0.355338
 0.307784 0.461329 0.473768 0.474442 0.474477
 0.290957 0.436107 0.447866 0.448502 0.448536
 0.224727 0.336837 0.34592 0.346412 0.346437
 0.280601 0.420584 0.431925 0.432539 0.432571
 0.16875 0.252934 0.259755 0.260124 0.260143
 0.156619 0.234751 0.241081 0.241424 0.241442
 0.155659 0.233312 0.239604 0.239944 0.239962
 0.130025 0.19489 0.200146 0.20043 0.200445
 0.159149 0.238544 0.244976 0.245324 0.245342
 0.126906 0.190215 0.195344 0.195622 0.195636
 0.110879 0.166193 0.170674 0.170917 0.170929
 0.178883 0.268122 0.275352 0.275743 0.275764
 0.210938 0.316169 0.324694 0.325156 0.32518
YTP_r0W_actual
 234916 43335.1 35533.1 57932.6 19541.3
YTP_p0W_proyectada
 450187 462092 41084.7 23245.7 45839.5
CTP_r0_actual
 27637.1 2658.6 1229.52 1664.73 511.553
CTP_p0_proyectada
 59865.4 28665.7 1757.26 787.988 1348.22
Wmedp
 7.52 16.12 23.38 29.5 34
Frms_r0
 0.210938 0.316169 0.324694 0.325156 0.32518
Zrms_r0
 1.21094 1.31617 1.32469 1.32516 1.32518
nmprior
 8.19 8.8 8.5 0
nm_flota  nm_reclas  nm_pelaces    nm_pelaL
inf 15.9022 13.7388 30.1533
cv_recla  cv_pelaces  cv_mph
0.295966 0.597898 1.42558
 ------------------------------------------------
Talla a la edad & desviaci?n 
 8 13.2811 15.8009 17.003 17.5766
 0.8 1.32811 1.58009 1.7003 1.75766
