years
 1991 1992 1993 1994 1995 1996 1997 1998 1999 2000 2001 2002 2003 2004 2005 2006 2007 2008 2009 2010 2011 2012 2013 2014 2015 2016 2017 2018 2019 2020 2021
reclasobs
 0 0 0 0 0 0 0 0 0 252601 567819 844713 477998 351125 339783 2.1784e+06 2.13404e+06 4.81314e+06 1.55562e+06 2.62356e+06 3.21686e+06 3.843e+06 1.13348e+06 3.07943e+06 1.97215e+06 2.03268e+06 2.025e+06 2.42433e+06 2.27542e+06 1.05018e+06 2.36338e+06
reclaspred
 3.20246e+06 1.76807e+06 896903 919559 930267 1.5364e+06 907958 792411 568645 399399 503131 667665 655839 494229 492166 1.32826e+06 1.23239e+06 2.99506e+06 2.41844e+06 1.76507e+06 3.09201e+06 2.5141e+06 1.94773e+06 3.0593e+06 2.27698e+06 2.01147e+06 2.40955e+06 2.58265e+06 2.07841e+06 1.28537e+06 1.91537e+06
pelacesobs
 0 0 0 0 0 0 0 0 0 0 0 0 0 0 0 552880 188675 0 991730 2.46772e+06 1.41603e+06 1.21717e+06 2.29649e+06 1.80582e+06 0 1.4828e+06 1.56532e+06 1.57751e+06 1.42118e+06 867257 1.10002e+06
pelacespred
 1.83536e+06 1.11519e+06 556600 456257 495962 834881 453945 505479 341209 222265 292414 322681 350641 271204 277598 623452 604858 1.66112e+06 1.39453e+06 941365 1.6118e+06 1.3991e+06 1.1158e+06 1.88758e+06 1.3739e+06 1.21652e+06 1.63025e+06 1.72059e+06 1.18031e+06 821140 1.16489e+06
mphobs
 0 0 0 0 0 0 0 0 0 0 0 498337 0 5186 125008 0 168611 109162 213762 579715 649985 157893 87575 83554 0 0 0 0 0 0 0
mphpred
 488903 327155 159626 88273.6 97846 114898 153473 88020.4 78957.9 51770.7 33035.5 60443.8 64761.8 53645.3 34082.2 43391.9 150860 138790 298502 216213 227777 281202 267252 216465 308969 253691 207876 223429 316211 210488 128114
desembarqueobs
 494567 514787 250237 358949 120608 361735 552515 73892 212993 205616 52469 317467 293654 387597 252695 516296 358380 742168 942051 627588 828172 859565 418607 520667 417249 300574 415391 372974 316634 284311 391294
desembarquepred
 494573 513674 250780 358985 120614 361749 552560 73897.2 213052 205671 52471.9 317536 293701 387608 252681 516244 358409 742041 941802 627410 828256 859573 418615 520695 417245 300575 415390 372953 316623 284319 391299
Reclutas
 179749 99420.8 100664 160658 129513 227033 91598.6 40202.6 38573.1 51695.2 96483.6 134480 112435 78484.2 74766.6 400997 83723.1 636641 361666 281229 401028 544298 110408 324748 274229 122563 274138 307723 91814.1 66543.6 249303
log_desv_Rt
 0.170898 -0.421304 -0.408872 0.0586112 -0.15688 0.404433 -0.503249 -1.32673 -1.36811 -1.0753 -0.451291 -0.11925 -0.298286 -0.657767 -0.706294 0.973289 -0.593149 1.43554 0.870055 0.618504 0.973367 1.27883 -0.316484 0.762385 0.593299 -0.212042 0.592965 0.708534 -0.500899 -0.822807 0.498006
SSB
 2.41578e+06 1.61655e+06 788750 436180 483479 567735 758347 434929 390149 255811 163236 298666 320003 265074 168408 214409 745433 685792 1.47497e+06 1.06836e+06 1.1255e+06 1.38948e+06 1.32055e+06 1.0696e+06 1.52669e+06 1.25354e+06 1.02716e+06 1.10401e+06 1.56247e+06 1.04007e+06 633041
BT
 3.34656e+06 2.28485e+06 1.13415e+06 1.04994e+06 905432 1.69733e+06 1.2277e+06 893422 768904 562878 533503 800911 847639 854780 720232 1.47642e+06 1.26579e+06 3.45822e+06 3.20054e+06 2.10093e+06 3.35719e+06 3.10311e+06 2.17474e+06 3.63794e+06 2.62248e+06 2.24815e+06 3.13978e+06 3.24236e+06 2.15937e+06 1.59653e+06 2.32082e+06
Ftot
 0.174956 0.321082 0.314078 0.473882 0.157211 0.297358 0.671456 0.11182 0.442368 0.602045 0.138589 0.579455 0.542404 0.929299 0.658151 0.527333 0.338011 0.329398 0.464876 0.427678 0.332237 0.419623 0.248089 0.219328 0.219049 0.176505 0.219926 0.187281 0.171601 0.251795 0.267218
BD_Bspro_t
 0.972482 0.807435 0.619924 0.524564 0.520157 0.607487 0.60166 0.419963 0.478346 0.424035 0.38481 0.619097 0.498331 0.404304 0.291329 0.34521 0.532035 0.498314 0.617274 0.50867 0.475462 0.525001 0.541454 0.528991 0.645707 0.654506 0.661309 0.701582 0.752791 0.676198 0.598867
BD_Bspro
 2.23064 1.49266 0.728304 0.402753 0.446427 0.524226 0.70023 0.401598 0.360249 0.236206 0.150726 0.275778 0.295479 0.244759 0.155502 0.197977 0.688306 0.633236 1.36193 0.986483 1.03925 1.283 1.21935 0.987634 1.40969 1.15748 0.948446 1.01941 1.44273 0.960363 0.584528
BD_Bo
 1.48469 0.993495 0.484749 0.268067 0.297136 0.348918 0.466064 0.267298 0.239777 0.157216 0.100321 0.183554 0.196667 0.162909 0.1035 0.131771 0.458127 0.421473 0.906484 0.65659 0.691708 0.853948 0.811583 0.657357 0.93827 0.770402 0.631273 0.678504 0.960262 0.639205 0.389054
BD_Brms
 2.69943 1.80635 0.881363 0.487395 0.540248 0.634397 0.847389 0.485997 0.435959 0.285847 0.182402 0.333735 0.357577 0.296198 0.188181 0.239584 0.832959 0.766315 1.64815 1.1938 1.25765 1.55263 1.47561 1.19519 1.70595 1.40073 1.14777 1.23364 1.74593 1.16219 0.707371
Sel_flota
 0.729364 0.980845 0.998973 0.999946 0.999997
 0.729364 0.980845 0.998973 0.999946 0.999997
 0.729364 0.980845 0.998973 0.999946 0.999997
 0.729364 0.980845 0.998973 0.999946 0.999997
 0.729364 0.980845 0.998973 0.999946 0.999997
 0.729364 0.980845 0.998973 0.999946 0.999997
 0.729364 0.980845 0.998973 0.999946 0.999997
 0.729364 0.980845 0.998973 0.999946 0.999997
 0.729364 0.980845 0.998973 0.999946 0.999997
 0.729364 0.980845 0.998973 0.999946 0.999997
 0.729364 0.980845 0.998973 0.999946 0.999997
 0.729364 0.980845 0.998973 0.999946 0.999997
 0.729364 0.980845 0.998973 0.999946 0.999997
 0.729364 0.980845 0.998973 0.999946 0.999997
 0.729364 0.980845 0.998973 0.999946 0.999997
 0.729364 0.980845 0.998973 0.999946 0.999997
 0.729364 0.980845 0.998973 0.999946 0.999997
 0.729364 0.980845 0.998973 0.999946 0.999997
 0.729364 0.980845 0.998973 0.999946 0.999997
 0.729364 0.980845 0.998973 0.999946 0.999997
 0.729364 0.980845 0.998973 0.999946 0.999997
 0.729364 0.980845 0.998973 0.999946 0.999997
 0.729364 0.980845 0.998973 0.999946 0.999997
 0.729364 0.980845 0.998973 0.999946 0.999997
 0.729364 0.980845 0.998973 0.999946 0.999997
 0.729364 0.980845 0.998973 0.999946 0.999997
 0.729364 0.980845 0.998973 0.999946 0.999997
 0.729364 0.980845 0.998973 0.999946 0.999997
 0.729364 0.980845 0.998973 0.999946 0.999997
 0.729364 0.980845 0.998973 0.999946 0.999997
 0.729364 0.980845 0.998973 0.999946 0.999997
Sel_reclas
 1 1 1 1 1
 1 1 1 1 1
 1 1 1 1 1
 1 1 1 1 1
 1 1 1 1 1
 1 1 1 1 1
 1 1 1 1 1
 1 1 1 1 1
 1 1 1 1 1
 1 1 1 1 1
 1 1 1 1 1
 1 1 1 1 1
 1 1 1 1 1
 1 1 1 1 1
 1 1 1 1 1
 1 1 1 1 1
 1 1 1 1 1
 1 1 1 1 1
 1 1 1 1 1
 1 1 1 1 1
 1 1 1 1 1
 1 1 1 1 1
 1 1 1 1 1
 1 1 1 1 1
 1 1 1 1 1
 1 1 1 1 1
 1 1 1 1 1
 1 1 1 1 1
 1 1 1 1 1
 1 1 1 1 1
 1 1 1 1 1
Sel_pelaces
 0.912088 0.981208 0.996209 0.999244 0.99985
 0.912088 0.981208 0.996209 0.999244 0.99985
 0.912088 0.981208 0.996209 0.999244 0.99985
 0.912088 0.981208 0.996209 0.999244 0.99985
 0.912088 0.981208 0.996209 0.999244 0.99985
 0.912088 0.981208 0.996209 0.999244 0.99985
 0.912088 0.981208 0.996209 0.999244 0.99985
 0.912088 0.981208 0.996209 0.999244 0.99985
 0.912088 0.981208 0.996209 0.999244 0.99985
 0.912088 0.981208 0.996209 0.999244 0.99985
 0.912088 0.981208 0.996209 0.999244 0.99985
 0.912088 0.981208 0.996209 0.999244 0.99985
 0.912088 0.981208 0.996209 0.999244 0.99985
 0.912088 0.981208 0.996209 0.999244 0.99985
 0.912088 0.981208 0.996209 0.999244 0.99985
 0.912088 0.981208 0.996209 0.999244 0.99985
 0.912088 0.981208 0.996209 0.999244 0.99985
 0.912088 0.981208 0.996209 0.999244 0.99985
 0.912088 0.981208 0.996209 0.999244 0.99985
 0.912088 0.981208 0.996209 0.999244 0.99985
 0.912088 0.981208 0.996209 0.999244 0.99985
 0.912088 0.981208 0.996209 0.999244 0.99985
 0.912088 0.981208 0.996209 0.999244 0.99985
 0.912088 0.981208 0.996209 0.999244 0.99985
 0.912088 0.981208 0.996209 0.999244 0.99985
 0.912088 0.981208 0.996209 0.999244 0.99985
 0.912088 0.981208 0.996209 0.999244 0.99985
 0.912088 0.981208 0.996209 0.999244 0.99985
 0.912088 0.981208 0.996209 0.999244 0.99985
 0.912088 0.981208 0.996209 0.999244 0.99985
 0.912088 0.981208 0.996209 0.999244 0.99985
pf_obs 
 0.8446 0.082 0.0669 0.0065 0
 0.8095 0.147 0.0364 0.0071 0
 0.9664 0.0169 0.016 0.0007 0
 0.9276 0.0648 0.0075 0.0001 0
 0.7033 0.2144 0.0806 0.0017 0
 0.9318 0.0425 0.0243 0.0014 0
 0.5671 0.3108 0.0964 0.0239 0.0018
 0.0768 0.2599 0.5324 0.112 0.0189
 0.490249 0.384438 0.106611 0.0170017 0.00170017
 0.7925 0.1577 0.0466 0.003 0.0002
 0.840416 0.127587 0.0312969 0.00059994 9.999e-05
 0.8084 0.0986 0.0794 0.0134 0.0002
 0.7335 0.1905 0.0724 0.0035 0.0001
 0.4001 0.4547 0.1325 0.0127 0
 0.49795 0.308269 0.164784 0.0264974 0.00249975
 0.9179 0.0499 0.0305 0.0017 0
 0.2467 0.6533 0.0926 0.0074 0
 0.9418 0.0223 0.034 0.0019 0
 0.707729 0.231977 0.0356964 0.0245975 0
 0.517169 0.277429 0.184464 0.0207286 0.00020938
 0.811772 0.124168 0.05621 0.00726502 0.000585176
 0.764997 0.148141 0.077277 0.00933861 0.000247198
 0.163321 0.427699 0.378323 0.0303852 0.000271297
 0.753843 0.0900009 0.118128 0.0371064 0.000921714
 0.721811 0.176058 0.0630433 0.0369309 0.00215725
 0.143369 0.312575 0.442814 0.0836902 0.0175525
 0.692698 0.0596174 0.167031 0.0765114 0.00414204
 0.394062 0.376323 0.152708 0.0712218 0.00568511
 0.125707 0.32114 0.495352 0.0537591 0.00404204
 0.23352 0.215282 0.420074 0.123614 0.00750983
 0.774587 0.0839891 0.0768558 0.0609784 0.00358967
pf_pred 
 0.464835 0.132068 0.378928 0.0241683 8.51917e-07
 0.416784 0.317788 0.0664649 0.187046 0.011918
 0.57199 0.214302 0.117602 0.0240854 0.0720193
 0.734826 0.172992 0.0466502 0.0250689 0.0204626
 0.651468 0.278445 0.0460923 0.0121504 0.0118443
 0.746067 0.182237 0.0575018 0.00933801 0.00485611
 0.464525 0.430485 0.0757925 0.0234218 0.00577505
 0.45126 0.308121 0.1944 0.0333786 0.0128408
 0.536841 0.244332 0.12389 0.0767162 0.0182212
 0.7121 0.179777 0.0576587 0.0285856 0.0218789
 0.823103 0.138651 0.0241043 0.00754563 0.00659541
 0.739889 0.22459 0.0279576 0.00476872 0.00279471
 0.686354 0.252626 0.0528614 0.00642356 0.0017355
 0.634102 0.278293 0.0708884 0.0144846 0.00223281
 0.746275 0.18494 0.0526741 0.0130399 0.00307045
 0.937459 0.0508557 0.00857551 0.00238197 0.000727542
 0.379975 0.592621 0.0223816 0.00368673 0.00133514
 0.903526 0.0444568 0.0497647 0.00184006 0.000412391
 0.586791 0.384092 0.0135707 0.0148732 0.000672425
 0.606258 0.263521 0.121242 0.00418754 0.00479113
 0.736492 0.180959 0.0556541 0.0250426 0.00185229
 0.74373 0.204173 0.0360173 0.0108452 0.00523504
 0.314727 0.551237 0.107272 0.0185097 0.00825393
 0.738485 0.101371 0.12933 0.0246665 0.0061474
 0.619862 0.302668 0.0303983 0.0380221 0.00904939
 0.4272 0.395852 0.14147 0.0139301 0.0215476
 0.726297 0.138124 0.0942599 0.0330418 0.00827736
 0.680793 0.250744 0.0348943 0.023346 0.0102229
 0.343724 0.488518 0.132338 0.0180621 0.0173578
 0.415073 0.243726 0.255244 0.0678238 0.0181337
 0.822773 0.0880207 0.0376144 0.0386047 0.0129866
pobs_RECLAS
 0 0 0 0 0
 0 0 0 0 0
 0 0 0 0 0
 0 0 0 0 0
 0 0 0 0 0
 0 0 0 0 0
 0 0 0 0 0
 0 0 0 0 0
 0 0 0 0 0
 0 0 0 0 0
 0.991045 0.00858322 0.000360255 1.14367e-05 0
 0.934742 0.0480273 0.0164251 0.00080598 0
 0.827803 0.169806 0.00239088 0 0
 0.941827 0.0461693 0.0120037 0 0
 0.791401 0.0380133 0.147996 0.0225897 0
 0.846168 0.0940531 0.0597789 0 0
 0.134021 0.677848 0.182769 0.00536245 0
 0.80878 0.0450904 0.141981 0.00414843 0
 0.846168 0.0940531 0.0597789 0 0
 0.905697 0.0802665 0.012482 0.00150086 5.37128e-05
 0.989698 0.0102097 9.19794e-05 0 0
 0.975433 0.0193895 0.00387452 0.00125025 5.28907e-05
 0.303575 0.632131 0.0575291 0.00676475 0
 0.966965 0.00978017 0.0227588 0.000495775 0
 0.843318 0.132988 0.00938335 0.0141283 0.000182051
 0.564624 0.303363 0.111486 0.0197234 0.00080311
 0.826376 0.0876187 0.0782897 0.00655872 0.00115652
 0.89761 0.0855135 0.0140674 0.00269457 0.000114338
 0.34875 0.467042 0.161289 0.0227151 0.000203297
 0.318654 0.224769 0.449479 0.00709798 0
 0.937255 0.0296025 0.0250945 0.00804832 0
ppred_RECLAS
 0.543269 0.114305 0.321914 0.0205116 7.22983e-07
 0.49438 0.277973 0.0570473 0.160381 0.0102185
 0.646568 0.178675 0.0962136 0.0196851 0.0588585
 0.791809 0.136753 0.0361717 0.019418 0.0158491
 0.716908 0.22702 0.0368878 0.00971443 0.00946923
 0.800106 0.144225 0.0446568 0.00724476 0.00376734
 0.544711 0.367464 0.0634202 0.0195777 0.00482695
 0.527804 0.267311 0.165561 0.0283991 0.0109246
 0.614322 0.20535 0.102139 0.0631829 0.015006
 0.773434 0.142548 0.0448264 0.0222004 0.0169908
 0.863067 0.107764 0.0183904 0.00575128 0.00502676
 0.796059 0.176565 0.0215519 0.00367227 0.00215202
 0.750117 0.202033 0.0414575 0.00503257 0.00135961
 0.707713 0.223421 0.0557365 0.011376 0.00175351
 0.802379 0.144829 0.0404375 0.0100001 0.00235454
 0.953592 0.0378759 0.00626358 0.001738 0.00053082
 0.454208 0.522108 0.0193479 0.0031838 0.00115294
 0.927714 0.0336523 0.0369628 0.00136533 0.000305979
 0.659605 0.316848 0.0109808 0.0120224 0.000543508
 0.67832 0.21666 0.097786 0.00337395 0.00386006
 0.792286 0.143502 0.0433052 0.0194663 0.00143976
 0.798544 0.161135 0.027885 0.00838796 0.00404868
 0.384135 0.497232 0.0949638 0.0163695 0.00729919
 0.794329 0.0806487 0.100986 0.0192414 0.00479511
 0.688783 0.248763 0.0245213 0.0306406 0.0072922
 0.503225 0.345302 0.121128 0.0119152 0.01843
 0.783619 0.110225 0.0738265 0.0258534 0.00647624
 0.743109 0.202617 0.0276761 0.0184983 0.00809974
 0.4154 0.437248 0.116265 0.0158528 0.0152338
 0.492632 0.213759 0.219697 0.0583199 0.0155919
 0.863883 0.0682634 0.0286278 0.0293522 0.00987355
pobs_PELACES
 0 0 0 0 0
 0 0 0 0 0
 0 0 0 0 0
 0 0 0 0 0
 0 0 0 0 0
 0 0 0 0 0
 0 0 0 0 0
 0 0 0 0 0
 0 0 0 0 0
 0 0 0 0 0
 0 0 0 0 0
 0 0 0 0 0
 0 0 0 0 0
 0 0 0 0 0
 0 0 0 0 0
 0 0 0 0 0
 0.505614 0.472636 0.0217494 0 0
 0 0 0 0 0
 0.443492 0.261883 0.143347 0.151278 0
 0.227955 0.32914 0.350689 0.0885471 0.00366901
 0.970185 0.0296113 0.000203453 0 0
 0.997202 0.00247181 0.000326279 0 0
 0.445219 0.490057 0.0546422 0.010081 0
 0.90214 0.0892962 0.00764917 0.000914606 0
 0 0 0 0 0
 0.581667 0.319106 0.0959925 0.00289975 0.000334073
 0.762889 0.0836404 0.116647 0.0363945 0.000428098
 0.88444 0.0763242 0.0277011 0.0115352 0
 0.521256 0.241999 0.230069 0.00667565 0
 0.616807 0.101726 0.260614 0.0208532 0
 0.833518 0.0704572 0.0857862 0.0102388 0
ppred_PELACES
 0.526036 0.11735 0.335192 0.0214215 7.55511e-07
 0.481038 0.283318 0.0589198 0.166133 0.0105913
 0.634054 0.183646 0.100214 0.0205639 0.061523
 0.785389 0.140296 0.0375696 0.0202268 0.0165191
 0.703937 0.236697 0.0390115 0.0103045 0.0100504
 0.791611 0.149766 0.0469976 0.00764702 0.00397891
 0.539835 0.370539 0.0646683 0.0200195 0.0049388
 0.510243 0.275433 0.173084 0.0297788 0.0114622
 0.604126 0.209415 0.105474 0.0654352 0.0155503
 0.768502 0.144947 0.0461112 0.0229019 0.0175381
 0.855217 0.113563 0.01966 0.00616676 0.00539316
 0.791702 0.180037 0.0222345 0.00379941 0.00222785
 0.744374 0.206186 0.0428175 0.00521258 0.00140909
 0.708058 0.222622 0.0560735 0.0114762 0.00177001
 0.798927 0.146888 0.0414759 0.0102859 0.00242329
 0.952171 0.0389434 0.00651797 0.00181379 0.000554299
 0.44293 0.532577 0.0199971 0.0033003 0.00119584
 0.924088 0.0350886 0.0390527 0.00144677 0.000324424
 0.651603 0.323982 0.011368 0.0124824 0.000564642
 0.66914 0.221907 0.101426 0.00350971 0.00401779
 0.783959 0.1486 0.0454389 0.0204855 0.00151605
 0.791873 0.166015 0.0290956 0.00877759 0.00423929
 0.371155 0.506306 0.0980295 0.0169481 0.00756174
 0.783734 0.0840592 0.106726 0.0203956 0.00508578
 0.676206 0.257995 0.0257863 0.0323173 0.00769586
 0.487494 0.354625 0.126167 0.012448 0.0192658
 0.772906 0.114842 0.0779921 0.0273934 0.00686615
 0.731327 0.211208 0.0292578 0.0196139 0.00859339
 0.400291 0.446865 0.120515 0.0164814 0.0158474
 0.477512 0.218291 0.227442 0.060555 0.0161992
 0.856849 0.0712411 0.0302849 0.0311431 0.0104823
pobs_pel_tallas
 0 0 0 0 0 0 0 0 0 0 0 0 0 0 0 0 0 0 0 0 0 0 0 0 0 0
 0 0 0 0 0 0 0 0 0 0 0 0 0 0 0 0 0 0 0 0 0 0 0 0 0 0
 0 0 0 0 0 0 0 0 0 0 0 0 0 0 0 0 0 0 0 0 0 0 0 0 0 0
 0 0 0 0 0 0 0 0 0 0 0 0 0 0 0 0 0 0 0 0 0 0 0 0 0 0
 0 0 0 0 0 0 0 0 0 0 0 0 0 0 0 0 0 0 0 0 0 0 0 0 0 0
 0 0 0 0 0 0 0 0 0 0 0 0 0 0 0 0 0 0 0 0 0 0 0 0 0 0
 0 0 0 0 0 0 0 0 0 0 0 0 0 0 0 0 0 0 0 0 0 0 0 0 0 0
 0 0 0 0 0 0 0 0 0 0 0 0 0 0 0 0 0 0 0 0 0 0 0 0 0 0
 0 0 0 0 0 0 0 0 0 0 0 0 0 0 0 0 0 0 0 0 0 0 0 0 0 0
 0 0 0 0 0 0 0 0 0 0 0 0 0 0 0 0 0 0 0 0 0 0 0 0 0 0
 0 0 0 0 0 0 0 0 0 0 0 0 0 0 0 0 0 0 0 0 0 0 0 0 0 0
 0 0 0 0 0 0 0 0 0 0 0 0 0 0 0 0 0 0 0 0 0 0 0 0 0 0
 0.00862536 0 0 0.000197151 0.00414017 0.0128641 0.00837892 0.0270097 0.101434 0.158115 0.152841 0.127902 0.109271 0.109419 0.0830992 0.0579132 0.0238553 0.00714673 0.00463305 0.00128148 0.00103504 0.000492878 0.000147863 0.000147863 4.92878e-05 0
 0 0 0 0 0 0 0 0 0 0 0 0 0 0 0 0 0 0 0 0 0 0 0 0 0 0
 0 0 0 0 0 0 0 0.0054083 0.00873648 0.0413646 0.0450493 0.0745869 0.0622846 0.0627006 0.0613931 0.0827291 0.12552 0.122667 0.0946155 0.0697135 0.0546179 0.0294188 0.0215738 0.0213955 0.0102223 0.00600262
 0 0 0 0 0.00359764 0.0251062 0.0480494 0.140153 0.205849 0.193036 0.1447 0.116669 0.0760912 0.0342217 0.00950174 0.001854 0.000860785 0 0 0 0.000165536 0 0.000143464 0 0 0
 0 0 0 0 0 0 0 0.000145254 0.000435761 0.0275982 0.070085 0.0708112 0.156366 0.174668 0.174014 0.160142 0.0824315 0.0480064 0.0283245 0.00493863 0.00203355 0 0 0 0 0
 0 0 0 0 0 0 0 0 0 0 0 0 0 0 0 0 0 0 0 0 0 0 0 0 0 0
 0 0 1.00437e-05 0.000401748 0.00122533 0.00171747 0.00176769 0.0269171 0.070346 0.194647 0.189555 0.159765 0.064822 0.0314167 0.0384472 0.0292271 0.0345202 0.0313363 0.0194345 0.0106764 0.0143323 0.0359363 0.0279516 0.0138201 0.00172751 0
 0 0.0021121 0.0136068 0.0755702 0.200478 0.177729 0.0527432 0.0373336 0.0318909 0.0142505 0.0149659 0.0166563 0.0217959 0.0798694 0.0677717 0.0528807 0.04013 0.0224614 0.0357745 0.0225083 0.00881397 0.00855152 0.00135912 0.000746735 0 0
 0 0 0 0 5.4009e-05 0.00500934 0.000945158 0.0243581 0.138947 0.33067 0.221406 0.137944 0.0707744 0.0437923 0.0131692 0.00525238 0.0047753 0.00276346 9.45158e-05 9.00151e-06 2.25038e-05 9.00151e-06 4.50075e-06 0 0 0
 0.000866109 0.00284123 0.00948549 0.0512746 0.133035 0.25785 0.225252 0.132002 0.0553304 0.0519788 0.0540692 0.017754 0.00435017 0.00159236 0.00146478 0.000404838 0.000125132 0.000115318 0.000107957 0.000100596 0 0 0 0 0 0
 0 0 0 0 0.00144013 0.00171154 0.00461396 0.0210425 0.0478622 0.0707936 0.0888783 0.103762 0.0637923 0.0337046 0.0602308 0.124433 0.169614 0.0934646 0.0462172 0.0250306 0.0313229 0.00938855 0.002487 0.000210481 0 0
 0 0.00764035 0.051015 0.0998891 0.058973 0.0496711 0.0374665 0.0718981 0.12319 0.153886 0.159021 0.0857701 0.0377988 0.023471 0.0147837 0.00900784 0.00315554 0.000888139 0.00291439 0.00214683 0.00393193 0.00274676 0.000635225 9.99891e-05 0 0
 0 0 0 0 0 0 0 0 0 0 0 0 0 0 0 0 0 0 0 0 0 0 0 0 0 0
 0 0 0 0 0 0 0 0 0 0 0 0 0 0 0 0 0 0 0 0 0 0 0 0 0 0
 0 0 0 0 0 0 0 0 0 0 0 0 0 0 0 0 0 0 0 0 0 0 0 0 0 0
 0 0 0 0 0 0 0 0 0 0 0 0 0 0 0 0 0 0 0 0 0 0 0 0 0 0
 0 0 0 0 0 0 0 0 0 0 0 0 0 0 0 0 0 0 0 0 0 0 0 0 0 0
 0 0 0 0 0 0 0 0 0 0 0 0 0 0 0 0 0 0 0 0 0 0 0 0 0 0
 0 0 0 0 0 0 0 0 0 0 0 0 0 0 0 0 0 0 0 0 0 0 0 0 0 0
ppred_pel_tallas
 1.11852e-16 4.33289e-05 0.000421172 0.00279884 0.0127231 0.0395864 0.0843435 0.123104 0.123116 0.0844014 0.0397824 0.0132954 0.0042593 0.00368823 0.00647866 0.0112419 0.0175837 0.0250061 0.0329209 0.0408836 0.0485474 0.0553022 0.0600129 0.0612868 0.0582041 0.0509681
 1.20226e-16 3.96225e-05 0.000385145 0.00255943 0.0116348 0.0362003 0.0771296 0.112579 0.112606 0.0772635 0.0366502 0.0129355 0.00582934 0.00754109 0.013685 0.0227146 0.0331035 0.0425084 0.0486426 0.0506441 0.0496535 0.0479996 0.0476017 0.0488193 0.0504768 0.0507976
 1.15413e-16 5.22262e-05 0.000507657 0.00337356 0.0153357 0.0477153 0.101663 0.148384 0.148402 0.10175 0.0480084 0.0161842 0.00551008 0.00519396 0.00901872 0.0150039 0.0220313 0.0286158 0.0332939 0.0354515 0.0356753 0.0352574 0.0352526 0.0358438 0.0364092 0.0360663
 1.05945e-16 6.46915e-05 0.000628824 0.00417876 0.018996 0.0591038 0.125927 0.183797 0.183811 0.125994 0.0593264 0.0196395 0.00579582 0.00416522 0.00680005 0.0111909 0.0162395 0.0206945 0.0233366 0.0236339 0.0220578 0.0197357 0.0177207 0.0164491 0.0157116 0.0150012
 1.03921e-16 5.79824e-05 0.000563609 0.00374538 0.017026 0.0529743 0.112868 0.164739 0.164762 0.11298 0.0533488 0.0181079 0.0064617 0.00649529 0.0113291 0.0186533 0.0269032 0.0339146 0.0375233 0.0367393 0.0323317 0.0262912 0.0206165 0.0163729 0.0135656 0.0116297
 1.02835e-16 6.52039e-05 0.000633806 0.00421186 0.0191465 0.059572 0.126925 0.185254 0.185268 0.126996 0.0598097 0.0198336 0.00593849 0.00440967 0.00725568 0.0119427 0.017316 0.0220227 0.0247227 0.024788 0.0226487 0.0194479 0.0163001 0.0137501 0.0117493 0.00999259
 1.04805e-16 4.44655e-05 0.000432221 0.00287226 0.0130569 0.0406251 0.0865573 0.12634 0.126376 0.086732 0.0412115 0.0147509 0.00712559 0.00972095 0.0176963 0.029214 0.0421477 0.0531466 0.05882 0.0576022 0.0506682 0.0410965 0.0319832 0.0249862 0.020145 0.0166483
 1.09992e-16 4.20281e-05 0.000408528 0.00271481 0.0123412 0.0383981 0.0818121 0.119413 0.11944 0.081943 0.0388381 0.013615 0.00592278 0.0074463 0.01351 0.0225351 0.033082 0.0429066 0.0497122 0.0523933 0.0515735 0.0489273 0.0458928 0.0428654 0.0393828 0.0348846
 1.12292e-16 4.97611e-05 0.000483696 0.00321433 0.0146119 0.0454631 0.0968647 0.141381 0.141402 0.0969641 0.0457972 0.0155788 0.00564843 0.00582125 0.0102579 0.0170689 0.0250355 0.0324539 0.0376293 0.0398255 0.0396651 0.0385683 0.0376911 0.03723 0.0365355 0.0347589
 1.06633e-16 6.33005e-05 0.000615303 0.00408891 0.0185876 0.057833 0.12322 0.179846 0.17986 0.123288 0.0580632 0.0192533 0.00576239 0.00427704 0.00704311 0.0116118 0.0168856 0.0215911 0.0244838 0.02502 0.0236741 0.0215752 0.019758 0.0186181 0.0179019 0.0170796
 1.02128e-16 7.04431e-05 0.000684732 0.00455029 0.020685 0.0643586 0.137123 0.200138 0.200149 0.137177 0.0645384 0.0212042 0.00585401 0.00353205 0.0054819 0.00896163 0.012928 0.0163126 0.018079 0.0177561 0.0157142 0.0129046 0.010277 0.00832844 0.00704608 0.00614644
 1.01446e-16 6.52115e-05 0.000633879 0.00421235 0.0191487 0.0595789 0.12694 0.185276 0.185293 0.127025 0.0598635 0.0199706 0.00627511 0.00513597 0.00861272 0.014128 0.0203279 0.0255251 0.0280445 0.0271117 0.023309 0.0181778 0.0132981 0.0095624 0.00705985 0.00542519
 1.0205e-16 6.13132e-05 0.000595986 0.00396054 0.018004 0.0560174 0.119352 0.174201 0.174221 0.119449 0.0563438 0.0189473 0.00632911 0.00576976 0.00989642 0.0162874 0.0235107 0.029676 0.0328907 0.0322686 0.0284344 0.0230638 0.0178497 0.0137116 0.0107069 0.00845162
 1.03126e-16 5.83219e-05 0.00056691 0.00376731 0.0171257 0.0532844 0.113529 0.165703 0.165725 0.113634 0.0536373 0.0181454 0.00632876 0.00616485 0.0107083 0.0176587 0.0255442 0.0323557 0.036076 0.035762 0.0320752 0.0267764 0.0216133 0.0174882 0.0143914 0.0118806
 1.02677e-16 6.58066e-05 0.000639663 0.00425079 0.0193235 0.0601226 0.128098 0.186966 0.18698 0.128167 0.0603556 0.0199969 0.00594277 0.0043388 0.00710738 0.0116884 0.0169309 0.0215003 0.024078 0.0240504 0.0218509 0.0186214 0.0154786 0.0129727 0.011057 0.00941648
 1.00474e-16 7.8429e-05 0.000762358 0.00506614 0.0230299 0.0716547 0.152668 0.222824 0.222828 0.152686 0.0717163 0.0232079 0.00551304 0.00173824 0.00193267 0.00307327 0.00442496 0.00557578 0.00616402 0.00602435 0.00528052 0.00425752 0.00328332 0.0025353 0.0020203 0.00165439
 1.01247e-16 3.64836e-05 0.000354634 0.00235667 0.0107131 0.0333327 0.0710208 0.103668 0.103719 0.0712712 0.034173 0.0131389 0.00844132 0.0136226 0.0251912 0.0414736 0.0594709 0.0742175 0.0806769 0.0765262 0.0635695 0.0465857 0.0305716 0.0184952 0.0108357 0.00653773
 1.01337e-16 7.61159e-05 0.000739873 0.00491672 0.0223507 0.0695413 0.148165 0.216252 0.216256 0.148182 0.0695979 0.0225148 0.00533117 0.00165295 0.00183449 0.00297536 0.00442488 0.005867 0.00702353 0.00774714 0.00807059 0.00811946 0.00797074 0.00759188 0.00690424 0.00589392
 1.01759e-16 5.36718e-05 0.000521709 0.00346694 0.0157602 0.0490361 0.104478 0.152495 0.152526 0.10463 0.0495473 0.0172361 0.00716909 0.00859515 0.0153621 0.025248 0.0362175 0.0452369 0.0492585 0.0468909 0.0392501 0.0292478 0.0199021 0.012966 0.00865515 0.00625028
 1.04016e-16 5.51162e-05 0.000535749 0.00356024 0.0161844 0.0503557 0.107289 0.156596 0.156617 0.107394 0.0507088 0.0172057 0.00612907 0.00616033 0.0107863 0.0178719 0.026034 0.0333463 0.0378545 0.0386099 0.0361577 0.0320272 0.0276806 0.0237878 0.0202644 0.0167888
 1.03661e-16 6.45737e-05 0.000627679 0.00417115 0.0189615 0.0589962 0.125698 0.183463 0.183478 0.125768 0.0592321 0.0196434 0.00588498 0.00437619 0.00720502 0.0118656 0.0172201 0.0219386 0.0247096 0.0249316 0.0230494 0.0201994 0.0174627 0.0153229 0.0136537 0.0120764
 1.0248e-16 6.52256e-05 0.000634016 0.00421326 0.0191529 0.0595918 0.126967 0.185316 0.185332 0.127045 0.0598545 0.0199119 0.00611904 0.00479611 0.00797505 0.0130951 0.018891 0.0238273 0.0263853 0.0258677 0.0228054 0.0185806 0.0145802 0.0115411 0.00946894 0.00798403
 1.05938e-16 3.05716e-05 0.000297167 0.00197478 0.0089771 0.0279314 0.0595125 0.0868705 0.0869193 0.0597512 0.0287329 0.0112926 0.00778907 0.0129964 0.0241679 0.0399559 0.0576709 0.0727631 0.0805973 0.0790147 0.0695832 0.0564615 0.0438427 0.0339905 0.0270069 0.0218698
 1.06008e-16 6.45551e-05 0.000627499 0.00416995 0.018956 0.0589792 0.125662 0.183409 0.183417 0.125702 0.0591153 0.0193512 0.00516933 0.00283387 0.00432743 0.00724184 0.01087 0.0145996 0.0178294 0.0202533 0.0219575 0.0231856 0.0239916 0.024114 0.0231743 0.0209994
 1.05354e-16 5.56982e-05 0.000541406 0.00359784 0.0163553 0.0508874 0.108422 0.15825 0.158275 0.108543 0.0512953 0.0175332 0.00655439 0.00699517 0.0123119 0.020266 0.0291939 0.0367369 0.0405457 0.0395771 0.0347354 0.0282698 0.0224159 0.018326 0.0159124 0.0144027
 1.08241e-16 4.01543e-05 0.000390315 0.00259378 0.011791 0.0366863 0.0781652 0.114092 0.114126 0.0783329 0.0372496 0.0134195 0.0066875 0.00934628 0.0171059 0.0283643 0.0412024 0.0525379 0.0592319 0.0598096 0.0552698 0.0482617 0.0413405 0.0357095 0.0311941 0.0270525
 1.0619e-16 6.36633e-05 0.00061883 0.00411234 0.0186941 0.0581644 0.123926 0.180876 0.180887 0.12398 0.0583482 0.0192264 0.00545349 0.00356379 0.00570755 0.00946892 0.01395 0.0182106 0.0213303 0.0228849 0.0231504 0.0228006 0.0223583 0.0218654 0.0209873 0.0193717
 1.0432e-16 6.02385e-05 0.000585539 0.00389112 0.0176885 0.0550355 0.11726 0.171148 0.171169 0.117359 0.0553696 0.0186535 0.00631389 0.00587568 0.0101111 0.0166315 0.0239818 0.0302273 0.033447 0.0327783 0.0289367 0.0237263 0.0189409 0.0155068 0.0133676 0.0119356
 1.07927e-16 3.29715e-05 0.000320495 0.0021298 0.0096818 0.0301239 0.0641837 0.0936871 0.0937303 0.0643947 0.0308325 0.0117295 0.00727424 0.0115655 0.0214323 0.0354921 0.0513871 0.0651698 0.072817 0.0724501 0.0653982 0.0551777 0.0452608 0.0374102 0.0315555 0.0267626
 1.15434e-16 3.93321e-05 0.000382322 0.00254067 0.0115495 0.0359349 0.076564 0.111752 0.111773 0.0766685 0.0362869 0.0125704 0.00511909 0.00606389 0.0109853 0.0185072 0.0276155 0.0367463 0.0442921 0.0494778 0.0526637 0.0547384 0.0561512 0.0564622 0.0547427 0.050373
 1.0579e-16 7.05775e-05 0.000686038 0.00455897 0.0207244 0.0644814 0.137385 0.200518 0.200525 0.137418 0.0645949 0.021053 0.00538614 0.00249952 0.00353808 0.00580057 0.00850245 0.0110283 0.0128154 0.0136432 0.0137643 0.0137001 0.0138578 0.0142721 0.0146362 0.0145401
pSPR Fmed_Fpbrs
0.577431   0.6 0.325
Fs Fmed_Fpbrs
0.316938   0.292661 0.720845
SSBpbr Bo_Bmed_Bpbrs
1.62713e+06  858199  894921 447461
Ro
151512
SPR SPRFo_SPRFmed_SPRFpbrs
1.083e+06 625356 351974
Fref
0.292661
Nvult_r0
 173831 14606.2 6152.01 6309.13 2122.31
CTP_r0
 28353.4 3033.26 1296.22 1330.35 447.53
YTP_r0
391299
Np
 198045 75472.7 5766.75 2412.56 3169.8
Nvult_p0
 139192 54636 4183.07 1750.21 2299.56
CTP_p0
 24485 12185.6 946.303 396.234 520.625
YTP_p0
 432073
CBA_c0
403531
log_Ro
11.7484
likeval ReclasPelacesDesembMPH_pf_preclas_ppelaces_ptallas_desvR_qrecl_qpela
 13.2226 17.0266 0.0492957 0.0008168 241.087 117.775 98.8649 0 23.6605 7.36375e-07 7.34239e-06 0.250961 7.52481e-16 0 0
q_reclas_q_pelaces
1.1293 1.47036
M
1
N
 179749 38660.8 109052 6949.14 0.244941
 99420.8 58204.1 11979.8 33684.9 2146.22
 100664 28938.6 15627.4 3197.82 9561.55
 160658 29450.6 7823.36 4200.77 3428.74
 129513 41831.3 6806.72 1792.69 1747.45
 227033 42483.7 13189.8 2140.12 1112.89
 91598.6 67236.4 11675.1 3605.25 888.903
 40202.6 20649.3 12802.3 2196.12 844.806
 38573.1 13631.4 6807.34 4211.91 1000.35
 51695.2 10277 3249.43 1609.77 1232.03
 96483.6 12258.9 2094.67 655.113 572.588
 134480 32081.9 3936.61 670.956 393.198
 112435 32420.2 6685.47 811.769 219.313
 78484.2 27848.2 7006.01 1430.59 220.519
 74766.6 14659.7 4117.6 1018.59 239.835
 400997 17019.2 2827.96 784.896 239.726
 83723.1 100418 3732.61 614.323 222.465
 636641 24070.4 26517.4 979.655 219.549
 361666 184188 6410.23 7019.85 317.358
 281229 94789.3 42947.7 1482.15 1695.72
 401028 75734.6 22923.7 10306.2 762.269
 544298 115782 20112.9 6051.31 2920.86
 110408 147443 28222.7 4865.51 2169.55
 324748 33893.8 42525.4 8103.46 2019.45
 274229 101807 10055.4 12566.1 2990.63
 122563 85987.1 30211.6 2972.14 4597.22
 274138 39641.9 26604.3 9317.58 2334.06
 307723 85903.5 11753.8 7856.75 3440.2
 91814.1 98751.1 26299 3586.17 3446.15
 66543.6 29802.9 30700.8 8150.71 2179.12
 249303 20372.9 8564.57 8782.42 2954.27
pred_Ctot
 13754.8 3907.96 11212.7 715.154 0.0252087
 13373.9 10197.3 2132.76 6002.01 382.432
 13272.9 4972.84 2728.94 558.897 1671.19
 30521.1 7185.25 1937.62 1041.24 849.916
 8952.63 3826.46 633.411 166.974 162.768
 28480.2 6956.69 2195.07 356.468 185.376
 23323.9 21614.7 3805.55 1176.01 289.966
 2003.67 1368.11 863.166 148.207 57.015
 6902.56 3141.56 1592.94 986.396 234.283
 12033 3037.87 974.315 483.039 369.708
 5912.23 995.911 173.138 54.1991 47.3739
 30319.7 9203.39 1145.67 195.416 114.524
 23977.7 8825.45 1846.71 224.406 60.6296
 25783.8 11315.9 2882.46 588.973 90.7905
 18729.7 4641.56 1321.99 327.27 77.0609
 83494.6 4529.45 763.776 212.15 64.7984
 11797.8 18400.2 694.923 114.469 41.4544
 87645.4 4312.48 4827.36 178.493 40.0034
 67575.7 44232.6 1562.82 1712.82 77.4374
 48859.5 21237.7 9771.14 337.482 386.127
 55638.8 13670.7 4204.43 1891.86 139.932
 92997.8 25530.3 4503.68 1356.11 654.601
 11723.6 20533.6 3995.91 689.488 307.46
 30745.5 4220.37 5384.43 1026.95 255.936
 25931.7 12662 1271.7 1590.64 378.578
 9457.41 8763.43 3131.89 308.386 477.025
 26020.1 4948.41 3376.93 1183.75 296.543
 25114.2 9249.83 1287.24 861.223 377.118
 6897.96 9803.73 2655.8 362.477 348.341
 7163.65 4206.41 4405.2 1170.56 312.966
 28353.4 3033.26 1296.22 1330.35 447.53
F
 0.127607 0.171605 0.174776 0.174947 0.174955
 0.234186 0.314932 0.320753 0.321065 0.321082
 0.229077 0.308062 0.313755 0.314061 0.314077
 0.345632 0.464804 0.473395 0.473856 0.47388
 0.114664 0.1542 0.15705 0.157202 0.157211
 0.216882 0.291662 0.297053 0.297342 0.297357
 0.489735 0.658594 0.670766 0.671419 0.671454
 0.0815575 0.109678 0.111705 0.111814 0.11182
 0.322647 0.433894 0.441914 0.442344 0.442366
 0.43911 0.590513 0.601427 0.602013 0.602044
 0.101082 0.135934 0.138447 0.138582 0.138589
 0.422633 0.568355 0.57886 0.579423 0.579453
 0.39561 0.532014 0.541847 0.542375 0.542403
 0.677797 0.911498 0.928345 0.929249 0.929296
 0.480031 0.645544 0.657475 0.658115 0.658149
 0.384617 0.517231 0.526791 0.527304 0.527331
 0.246533 0.331536 0.337663 0.337992 0.33801
 0.240251 0.323088 0.32906 0.32938 0.329397
 0.339064 0.455972 0.464399 0.464851 0.464875
 0.311933 0.419486 0.427239 0.427655 0.427677
 0.242321 0.325873 0.331896 0.332219 0.332236
 0.306057 0.411585 0.419192 0.4196 0.419621
 0.180947 0.243337 0.247834 0.248076 0.248089
 0.15997 0.215127 0.219103 0.219316 0.219327
 0.159766 0.214853 0.218824 0.219037 0.219048
 0.128736 0.173124 0.176324 0.176496 0.176505
 0.160406 0.215713 0.2197 0.219914 0.219926
 0.136596 0.183694 0.187089 0.187271 0.187281
 0.12516 0.168314 0.171425 0.171592 0.171601
 0.18365 0.246972 0.251536 0.251781 0.251794
 0.194899 0.2621 0.266944 0.267204 0.267218
YTP_r0W_actual
 241004 49442.2 37460.8 46296.2 17095.6
YTP_p0W_proyectada
 184127 196432 22124.6 11688.9 17701.2
CTP_r0_actual
 28353.4 3033.26 1296.22 1330.35 447.53
CTP_p0_proyectada
 24485 12185.6 946.303 396.234 520.625
Wmedp
 7.52 16.12 23.38 29.5 34
Frms_r0
 0.194899 0.2621 0.266944 0.267204 0.267218
Zrms_r0
 1.1949 1.2621 1.26694 1.2672 1.26722
nmprior
 8.19 8.8 8.5 0
nm_flota  nm_reclas  nm_pelaces    nm_pelaL
inf 12.9778 18.1077 43.1739
cv_recla  cv_pelaces  cv_mph
0.328915 0.467882 0.881989
 ------------------------------------------------
Talla a la edad & desviaci?n 
 8 13.2811 15.8009 17.003 17.5766
 0.8 1.32811 1.58009 1.7003 1.75766
