years
 1991 1992 1993 1994 1995 1996 1997 1998 1999 2000 2001 2002 2003 2004 2005 2006 2007 2008 2009 2010 2011 2012 2013 2014 2015 2016 2017 2018 2019 2020 2021
reclasobs
 0 0 0 0 0 0 0 0 0 252601 567819 844713 477998 351125 339783 2.1784e+06 2.13404e+06 4.81314e+06 1.55562e+06 2.62356e+06 3.21686e+06 3.843e+06 1.13348e+06 3.07943e+06 1.97215e+06 2.03268e+06 2.025e+06 2.42433e+06 2.27542e+06 1.05018e+06 2.36338e+06
reclaspred
 3.23244e+06 1.70973e+06 862051 819047 788760 1.88332e+06 938857 739367 502606 295460 496275 737971 728070 513359 465398 1.4896e+06 1.09819e+06 3.58485e+06 2.63851e+06 1.88678e+06 3.163e+06 2.67519e+06 1.85396e+06 3.07342e+06 2.24146e+06 1.90887e+06 2.40363e+06 2.79837e+06 2.09228e+06 1.11666e+06 1.69854e+06
pelacesobs
 0 0 0 0 0 0 0 0 0 0 0 0 0 0 0 552880 188675 0 991730 2.46772e+06 1.41603e+06 1.21717e+06 2.29649e+06 1.80582e+06 0 1.4828e+06 1.56532e+06 1.57751e+06 1.42118e+06 867257 1.10002e+06
pelacespred
 1.76252e+06 988795 468969 361349 403050 1.02109e+06 419382 472295 270567 136915 274935 334828 370874 254000 237109 667684 509092 1.99185e+06 1.45105e+06 920329 1.62738e+06 1.37538e+06 1.01689e+06 1.8834e+06 1.29575e+06 1.12436e+06 1.61043e+06 1.84589e+06 1.17614e+06 679681 1.00469e+06
mphobs
 0 0 0 0 0 0 0 0 0 0 0 498337 0 5186 125008 0 168611 109162 213762 579715 649985 157893 87575 83554 0 0 0 0 0 0 0
mphpred
 513432 336352 153499 85551.8 81018 100673 189314 85111 72421.4 38558.4 20524.1 61124.7 67820.5 53542.3 28807.6 35096.1 162356 116011 365170 223569 234830 283078 282553 204205 315026 257775 199748 227372 358163 212025 102091
desembarqueobs
 494567 514787 250237 358949 120608 361735 552515 73892 212993 205616 52469 317467 293654 387597 252695 516296 358380 742168 942051 627588 828172 859565 418607 520667 417249 300574 415391 372974 316634 284311 391294
desembarquepred
 494551 514299 250319 358958 120608 361690 552371 73894.8 213022 205636 52469.8 317459 293611 387401 252606 516116 358365 741884 941462 627151 828166 859314 418541 520640 417166 300531 415326 372879 316556 284258 391262
Reclutas
 145609 88382.5 86649.6 102715 81074.7 212017 67186.3 24708.6 28248.7 38651.6 67538.2 114801 95013 67830.6 54783.5 307121 46681.6 525809 261622 231134 287251 430387 69160.3 220082 191893 76458.6 185249 219668 56689.7 38872.2 160681
log_desv_Rt
 0.283034 -0.216221 -0.236022 -0.0659345 -0.302524 0.658772 -0.490425 -1.49074 -1.35685 -1.04331 -0.485201 0.045308 -0.14388 -0.480881 -0.694505 1.02935 -0.854545 1.56704 0.869006 0.745101 0.962461 1.36679 -0.461468 0.696105 0.559042 -0.361146 0.523804 0.694223 -0.660302 -1.03762 0.381527
SSB
 1.33155e+06 872306 398090 221873 210114 261090 490973 220729 187820 99998.6 53227.8 158523 175888 138858 74710.4 91019.2 421060 300865 947043 579812 609016 734143 732782 529592 816999 668520 518031 589673 928870 549871 264765
BT
 1.99129e+06 1.37981e+06 651089 620669 462859 1.26288e+06 860081 497864 457602 320949 301609 572457 608334 637099 474251 1.04426e+06 738850 2.54e+06 2.21933e+06 1.38837e+06 2.19276e+06 2.04213e+06 1.27693e+06 2.24783e+06 1.55887e+06 1.28551e+06 1.92707e+06 2.09022e+06 1.31229e+06 889683 1.32027e+06
Ftot
 0.311028 0.58721 0.583612 0.944175 0.341852 0.471738 1.10895 0.217124 0.901946 1.43314 0.27584 0.973095 0.902945 1.60917 1.28358 0.897742 0.657682 0.533994 0.760023 0.73802 0.598765 0.730707 0.459698 0.410166 0.404928 0.333028 0.41214 0.3259 0.298413 0.505211 0.570308
BD_Bspro_t
 0.951741 0.692471 0.445251 0.341032 0.308032 0.408444 0.48284 0.264843 0.299225 0.219793 0.168894 0.457528 0.348686 0.259051 0.153522 0.184095 0.388391 0.305247 0.503553 0.358884 0.327062 0.367025 0.391286 0.350841 0.487502 0.497401 0.492214 0.555177 0.641113 0.52158 0.390453
BD_Bspro
 1.70034 1.1139 0.508345 0.283322 0.268307 0.333401 0.626952 0.281862 0.239838 0.127694 0.0679697 0.202427 0.224601 0.177316 0.0954021 0.116228 0.537677 0.384193 1.20933 0.740396 0.777688 0.93747 0.935732 0.676268 1.04327 0.853673 0.661505 0.752988 1.18613 0.702163 0.338094
BD_Bo
 1.04576 0.685084 0.312649 0.174252 0.165018 0.205052 0.385596 0.173355 0.147508 0.078536 0.0418036 0.124499 0.138137 0.109055 0.0586754 0.0714839 0.330689 0.236291 0.74378 0.455368 0.478304 0.576575 0.575506 0.415927 0.641648 0.525037 0.406847 0.463112 0.729508 0.431853 0.207939
BD_Brms
 5.29324 3.46763 1.5825 0.881997 0.835255 1.03789 1.95173 0.877453 0.746629 0.397518 0.211593 0.630166 0.699196 0.551995 0.296992 0.361823 1.67382 1.19601 3.76472 2.30489 2.42098 2.91839 2.91298 2.10526 3.24777 2.65753 2.0593 2.34409 3.69248 2.18587 1.0525
Sel_flota
 0.651541 0.972622 0.998521 0.999922 0.999996
 0.651541 0.972622 0.998521 0.999922 0.999996
 0.651541 0.972622 0.998521 0.999922 0.999996
 0.651541 0.972622 0.998521 0.999922 0.999996
 0.651541 0.972622 0.998521 0.999922 0.999996
 0.651541 0.972622 0.998521 0.999922 0.999996
 0.651541 0.972622 0.998521 0.999922 0.999996
 0.651541 0.972622 0.998521 0.999922 0.999996
 0.651541 0.972622 0.998521 0.999922 0.999996
 0.651541 0.972622 0.998521 0.999922 0.999996
 0.651541 0.972622 0.998521 0.999922 0.999996
 0.651541 0.972622 0.998521 0.999922 0.999996
 0.651541 0.972622 0.998521 0.999922 0.999996
 0.651541 0.972622 0.998521 0.999922 0.999996
 0.651541 0.972622 0.998521 0.999922 0.999996
 0.651541 0.972622 0.998521 0.999922 0.999996
 0.651541 0.972622 0.998521 0.999922 0.999996
 0.651541 0.972622 0.998521 0.999922 0.999996
 0.651541 0.972622 0.998521 0.999922 0.999996
 0.651541 0.972622 0.998521 0.999922 0.999996
 0.651541 0.972622 0.998521 0.999922 0.999996
 0.651541 0.972622 0.998521 0.999922 0.999996
 0.651541 0.972622 0.998521 0.999922 0.999996
 0.651541 0.972622 0.998521 0.999922 0.999996
 0.651541 0.972622 0.998521 0.999922 0.999996
 0.651541 0.972622 0.998521 0.999922 0.999996
 0.651541 0.972622 0.998521 0.999922 0.999996
 0.651541 0.972622 0.998521 0.999922 0.999996
 0.651541 0.972622 0.998521 0.999922 0.999996
 0.651541 0.972622 0.998521 0.999922 0.999996
 0.651541 0.972622 0.998521 0.999922 0.999996
Sel_reclas
 0.999997 1 1 1 1
 0.999997 1 1 1 1
 0.999997 1 1 1 1
 0.999997 1 1 1 1
 0.999997 1 1 1 1
 0.999997 1 1 1 1
 0.999997 1 1 1 1
 0.999997 1 1 1 1
 0.999997 1 1 1 1
 0.999997 1 1 1 1
 0.999997 1 1 1 1
 0.999997 1 1 1 1
 0.999997 1 1 1 1
 0.999997 1 1 1 1
 0.999997 1 1 1 1
 0.999997 1 1 1 1
 0.999997 1 1 1 1
 0.999997 1 1 1 1
 0.999997 1 1 1 1
 0.999997 1 1 1 1
 0.999997 1 1 1 1
 0.999997 1 1 1 1
 0.999997 1 1 1 1
 0.999997 1 1 1 1
 0.999997 1 1 1 1
 0.999997 1 1 1 1
 0.999997 1 1 1 1
 0.999997 1 1 1 1
 0.999997 1 1 1 1
 0.999997 1 1 1 1
 0.999997 1 1 1 1
Sel_pelaces
 0.926906 1 1 1 1
 0.926906 1 1 1 1
 0.926906 1 1 1 1
 0.926906 1 1 1 1
 0.926906 1 1 1 1
 0.926906 1 1 1 1
 0.926906 1 1 1 1
 0.926906 1 1 1 1
 0.926906 1 1 1 1
 0.926906 1 1 1 1
 0.926906 1 1 1 1
 0.926906 1 1 1 1
 0.926906 1 1 1 1
 0.926906 1 1 1 1
 0.926906 1 1 1 1
 0.926906 1 1 1 1
 0.926906 1 1 1 1
 0.926906 1 1 1 1
 0.926906 1 1 1 1
 0.926906 1 1 1 1
 0.926906 1 1 1 1
 0.926906 1 1 1 1
 0.926906 1 1 1 1
 0.926906 1 1 1 1
 0.926906 1 1 1 1
 0.926906 1 1 1 1
 0.926906 1 1 1 1
 0.926906 1 1 1 1
 0.926906 1 1 1 1
 0.926906 1 1 1 1
 0.926906 1 1 1 1
pf_obs 
 0.8446 0.082 0.0669 0.0065 0
 0.8095 0.147 0.0364 0.0071 0
 0.9664 0.0169 0.016 0.0007 0
 0.9276 0.0648 0.0075 0.0001 0
 0.7033 0.2144 0.0806 0.0017 0
 0.9318 0.0425 0.0243 0.0014 0
 0.5671 0.3108 0.0964 0.0239 0.0018
 0.0768 0.2599 0.5324 0.112 0.0189
 0.490249 0.384438 0.106611 0.0170017 0.00170017
 0.7925 0.1577 0.0466 0.003 0.0002
 0.840416 0.127587 0.0312969 0.00059994 9.999e-05
 0.8084 0.0986 0.0794 0.0134 0.0002
 0.7335 0.1905 0.0724 0.0035 0.0001
 0.4001 0.4547 0.1325 0.0127 0
 0.49795 0.308269 0.164784 0.0264974 0.00249975
 0.9179 0.0499 0.0305 0.0017 0
 0.2467 0.6533 0.0926 0.0074 0
 0.9418 0.0223 0.034 0.0019 0
 0.707729 0.231977 0.0356964 0.0245975 0
 0.517169 0.277429 0.184464 0.0207286 0.00020938
 0.811772 0.124168 0.05621 0.00726502 0.000585176
 0.764997 0.148141 0.077277 0.00933861 0.000247198
 0.163321 0.427699 0.378323 0.0303852 0.000271297
 0.753843 0.0900009 0.118128 0.0371064 0.000921714
 0.721811 0.176058 0.0630433 0.0369309 0.00215725
 0.143369 0.312575 0.442814 0.0836902 0.0175525
 0.692698 0.0596174 0.167031 0.0765114 0.00414204
 0.394062 0.376323 0.152708 0.0712218 0.00568511
 0.125707 0.32114 0.495352 0.0537591 0.00404204
 0.23352 0.215282 0.420074 0.123614 0.00750983
 0.796117 0.104755 0.0508955 0.0450114 0.00322123
pf_pred 
 0.51953 0.1646 0.290732 0.0251372 9.09173e-07
 0.478695 0.329131 0.0671481 0.11509 0.00993529
 0.629567 0.223951 0.0937019 0.0184646 0.0343158
 0.722508 0.205188 0.0443234 0.0179108 0.0100694
 0.695744 0.250524 0.0401602 0.00832665 0.0052446
 0.831512 0.131771 0.0303967 0.00472628 0.00159448
 0.44142 0.49656 0.0488526 0.010904 0.00226335
 0.456998 0.322128 0.197305 0.018575 0.00499462
 0.600975 0.22563 0.104068 0.0619397 0.00738771
 0.79245 0.151655 0.0321752 0.0142489 0.00947144
 0.881234 0.105073 0.0101427 0.00204609 0.00150426
 0.792201 0.191197 0.0147381 0.00138109 0.000482653
 0.733608 0.232468 0.0313166 0.00231518 0.000292107
 0.696776 0.251867 0.0450475 0.00582627 0.000484004
 0.800047 0.165689 0.0287198 0.00486462 0.000679437
 0.958625 0.0366519 0.00394568 0.000652046 0.000125546
 0.344303 0.640057 0.0139176 0.0014391 0.000282992
 0.940136 0.0279571 0.0311724 0.000653913 8.07546e-05
 0.574931 0.409338 0.00747946 0.00806195 0.000189656
 0.668057 0.23173 0.0966414 0.00170029 0.00187202
 0.753326 0.19129 0.039097 0.0157071 0.00057941
 0.78607 0.178725 0.0275166 0.00543071 0.002258
 0.300759 0.602881 0.080994 0.0120149 0.0033504
 0.770752 0.0936254 0.117454 0.0152756 0.00289282
 0.648207 0.296982 0.022808 0.0277224 0.00428094
 0.423421 0.429639 0.124667 0.00927756 0.0129959
 0.755554 0.130884 0.085276 0.0240049 0.0042816
 0.710167 0.241202 0.0264256 0.0166817 0.00552398
 0.323702 0.53616 0.117223 0.0124611 0.010454
 0.408143 0.252777 0.270479 0.0573984 0.0112021
 0.856433 0.0763349 0.0292695 0.0302936 0.00766942
pobs_RECLAS
 0 0 0 0 0
 0 0 0 0 0
 0 0 0 0 0
 0 0 0 0 0
 0 0 0 0 0
 0 0 0 0 0
 0 0 0 0 0
 0 0 0 0 0
 0 0 0 0 0
 0 0 0 0 0
 0.991045 0.00858322 0.000360255 1.14367e-05 0
 0.934742 0.0480273 0.0164251 0.00080598 0
 0.827803 0.169806 0.00239088 0 0
 0.941827 0.0461693 0.0120037 0 0
 0.791401 0.0380133 0.147996 0.0225897 0
 0.846168 0.0940531 0.0597789 0 0
 0.134021 0.677848 0.182769 0.00536245 0
 0.80878 0.0450904 0.141981 0.00414843 0
 0.846168 0.0940531 0.0597789 0 0
 0.905697 0.0802665 0.012482 0.00150086 5.37128e-05
 0.989698 0.0102097 9.19794e-05 0 0
 0.975433 0.0193895 0.00387452 0.00125025 5.28907e-05
 0.303575 0.632131 0.0575291 0.00676475 0
 0.966965 0.00978017 0.0227588 0.000495775 0
 0.843318 0.132988 0.00938335 0.0141283 0.000182051
 0.564624 0.303363 0.111486 0.0197234 0.00080311
 0.826376 0.0876187 0.0782897 0.00655872 0.00115652
 0.89761 0.0855135 0.0140674 0.00269457 0.000114338
 0.34875 0.467042 0.161289 0.0227151 0.000203297
 0.318654 0.224769 0.449479 0.00709798 0
 0.937255 0.0296025 0.0250945 0.00804832 0
ppred_RECLAS
 0.624056 0.131108 0.225377 0.0194583 7.0372e-07
 0.58624 0.264031 0.0523688 0.0896238 0.00773625
 0.724022 0.168737 0.0686382 0.0135053 0.025097
 0.80344 0.146495 0.03071 0.0123898 0.0069649
 0.776254 0.185123 0.0288787 0.00597888 0.00376556
 0.88288 0.0921513 0.0206762 0.00321011 0.00108289
 0.555254 0.396723 0.0378407 0.00843213 0.00175011
 0.56114 0.263198 0.156942 0.0147539 0.00396686
 0.703312 0.169974 0.0760995 0.0452211 0.00539319
 0.861346 0.10223 0.020983 0.00927594 0.00616525
 0.918096 0.0726875 0.00682949 0.00137573 0.00101134
 0.856384 0.132459 0.00990709 0.000926887 0.000323893
 0.811122 0.165445 0.0216342 0.00159683 0.000201456
 0.790815 0.174762 0.0302001 0.00389877 0.00032385
 0.865108 0.11239 0.0188662 0.00319011 0.00044552
 0.97305 0.0239546 0.00250323 0.000413016 7.9516e-05
 0.445997 0.541154 0.0114362 0.00118072 0.000232163
 0.960427 0.0187568 0.0203372 0.000425981 5.26021e-05
 0.675961 0.312387 0.00554474 0.00596729 0.000140368
 0.7575 0.170761 0.0691858 0.00121537 0.001338
 0.824398 0.137046 0.02723 0.0109231 0.000402903
 0.850268 0.125687 0.0188003 0.00370472 0.00154024
 0.395835 0.522891 0.0683304 0.0101213 0.00282217
 0.83804 0.067231 0.0820554 0.0106561 0.00201786
 0.736949 0.223037 0.016665 0.0202262 0.00312311
 0.527436 0.354577 0.100125 0.00744036 0.0104216
 0.825815 0.0944695 0.0598817 0.0168317 0.00300194
 0.787883 0.177343 0.0189084 0.011919 0.00394655
 0.420461 0.462032 0.0983159 0.0104361 0.00875458
 0.515869 0.210111 0.218649 0.0463304 0.00904133
 0.902178 0.0527175 0.0196531 0.0203102 0.00514152
pobs_PELACES
 0 0 0 0 0
 0 0 0 0 0
 0 0 0 0 0
 0 0 0 0 0
 0 0 0 0 0
 0 0 0 0 0
 0 0 0 0 0
 0 0 0 0 0
 0 0 0 0 0
 0 0 0 0 0
 0 0 0 0 0
 0 0 0 0 0
 0 0 0 0 0
 0 0 0 0 0
 0 0 0 0 0
 0 0 0 0 0
 0.505614 0.472636 0.0217494 0 0
 0 0 0 0 0
 0.443492 0.261883 0.143347 0.151278 0
 0.227955 0.32914 0.350689 0.0885471 0.00366901
 0.970185 0.0296113 0.000203453 0 0
 0.997202 0.00247181 0.000326279 0 0
 0.445219 0.490057 0.0546422 0.010081 0
 0.90214 0.0892962 0.00764917 0.000914606 0
 0 0 0 0 0
 0.581667 0.319106 0.0959925 0.00289975 0.000334073
 0.762889 0.0836404 0.116647 0.0363945 0.000428098
 0.88444 0.0763242 0.0277011 0.0115352 0
 0.521256 0.241999 0.230069 0.00667565 0
 0.616807 0.101726 0.260614 0.0208532 0
 0.833518 0.0704572 0.0857862 0.0102388 0
ppred_PELACES
 0.61434 0.134731 0.230989 0.0199399 7.21134e-07
 0.583374 0.26636 0.0525662 0.0899372 0.00776319
 0.7216 0.170554 0.0690322 0.0135791 0.025234
 0.80755 0.143732 0.0298887 0.0120532 0.00677551
 0.769377 0.19091 0.0296945 0.00614682 0.0038713
 0.880264 0.0942906 0.0210711 0.00327071 0.00110332
 0.565755 0.387755 0.0366364 0.0081596 0.0016935
 0.548259 0.271125 0.161369 0.0151686 0.00407833
 0.708094 0.167797 0.0745479 0.0442807 0.00528091
 0.87054 0.0957648 0.0194166 0.00857783 0.00570105
 0.914538 0.0758654 0.00711129 0.00143231 0.00105293
 0.859775 0.129414 0.00959922 0.00089768 0.000313679
 0.814278 0.162837 0.0211295 0.00155893 0.000196669
 0.806389 0.162118 0.0276325 0.00356464 0.000296084
 0.872175 0.106698 0.0177154 0.00299374 0.000418082
 0.973571 0.0235111 0.00243811 0.000402105 7.74137e-05
 0.444494 0.542693 0.0114045 0.00117708 0.000231444
 0.959779 0.0191099 0.0206256 0.000431915 5.33342e-05
 0.677026 0.311434 0.00549204 0.0059085 0.000138983
 0.758264 0.170541 0.0686622 0.00120576 0.0013274
 0.822753 0.138487 0.0273759 0.0109785 0.000404944
 0.85059 0.125544 0.0186619 0.00367621 0.00152836
 0.389477 0.528675 0.0688153 0.010191 0.00284156
 0.833874 0.0691026 0.0840446 0.0109124 0.00206636
 0.730609 0.228536 0.0170169 0.0206494 0.00318843
 0.517482 0.362305 0.102017 0.00757975 0.0106167
 0.82137 0.0970388 0.0612941 0.0172254 0.00307213
 0.780967 0.183211 0.0194797 0.0122773 0.00406515
 0.409836 0.470748 0.0999154 0.0106045 0.00889571
 0.510897 0.212793 0.220486 0.0467088 0.00911506
 0.90101 0.0534702 0.0198368 0.0204946 0.00518814
pobs_pel_tallas
 0 0 0 0 0 0 0 0 0 0 0 0 0 0 0 0 0 0 0 0 0 0 0 0 0 0
 0 0 0 0 0 0 0 0 0 0 0 0 0 0 0 0 0 0 0 0 0 0 0 0 0 0
 0 0 0 0 0 0 0 0 0 0 0 0 0 0 0 0 0 0 0 0 0 0 0 0 0 0
 0 0 0 0 0 0 0 0 0 0 0 0 0 0 0 0 0 0 0 0 0 0 0 0 0 0
 0 0 0 0 0 0 0 0 0 0 0 0 0 0 0 0 0 0 0 0 0 0 0 0 0 0
 0 0 0 0 0 0 0 0 0 0 0 0 0 0 0 0 0 0 0 0 0 0 0 0 0 0
 0 0 0 0 0 0 0 0 0 0 0 0 0 0 0 0 0 0 0 0 0 0 0 0 0 0
 0 0 0 0 0 0 0 0 0 0 0 0 0 0 0 0 0 0 0 0 0 0 0 0 0 0
 0 0 0 0 0 0 0 0 0 0 0 0 0 0 0 0 0 0 0 0 0 0 0 0 0 0
 0 0 0 0 0 0 0 0 0 0 0 0 0 0 0 0 0 0 0 0 0 0 0 0 0 0
 0 0 0 0 0 0 0 0 0 0 0 0 0 0 0 0 0 0 0 0 0 0 0 0 0 0
 0 0 0 0 0 0 0 0 0 0 0 0 0 0 0 0 0 0 0 0 0 0 0 0 0 0
 0.00862536 0 0 0.000197151 0.00414017 0.0128641 0.00837892 0.0270097 0.101434 0.158115 0.152841 0.127902 0.109271 0.109419 0.0830992 0.0579132 0.0238553 0.00714673 0.00463305 0.00128148 0.00103504 0.000492878 0.000147863 0.000147863 4.92878e-05 0
 0 0 0 0 0 0 0 0 0 0 0 0 0 0 0 0 0 0 0 0 0 0 0 0 0 0
 0 0 0 0 0 0 0 0.0054083 0.00873648 0.0413646 0.0450493 0.0745869 0.0622846 0.0627006 0.0613931 0.0827291 0.12552 0.122667 0.0946155 0.0697135 0.0546179 0.0294188 0.0215738 0.0213955 0.0102223 0.00600262
 0 0 0 0 0.00359764 0.0251062 0.0480494 0.140153 0.205849 0.193036 0.1447 0.116669 0.0760912 0.0342217 0.00950174 0.001854 0.000860785 0 0 0 0.000165536 0 0.000143464 0 0 0
 0 0 0 0 0 0 0 0.000145254 0.000435761 0.0275982 0.070085 0.0708112 0.156366 0.174668 0.174014 0.160142 0.0824315 0.0480064 0.0283245 0.00493863 0.00203355 0 0 0 0 0
 0 0 0 0 0 0 0 0 0 0 0 0 0 0 0 0 0 0 0 0 0 0 0 0 0 0
 0 0 1.00437e-05 0.000401748 0.00122533 0.00171747 0.00176769 0.0269171 0.070346 0.194647 0.189555 0.159765 0.064822 0.0314167 0.0384472 0.0292271 0.0345202 0.0313363 0.0194345 0.0106764 0.0143323 0.0359363 0.0279516 0.0138201 0.00172751 0
 0 0.0021121 0.0136068 0.0755702 0.200478 0.177729 0.0527432 0.0373336 0.0318909 0.0142505 0.0149659 0.0166563 0.0217959 0.0798694 0.0677717 0.0528807 0.04013 0.0224614 0.0357745 0.0225083 0.00881397 0.00855152 0.00135912 0.000746735 0 0
 0 0 0 0 5.4009e-05 0.00500934 0.000945158 0.0243581 0.138947 0.33067 0.221406 0.137944 0.0707744 0.0437923 0.0131692 0.00525238 0.0047753 0.00276346 9.45158e-05 9.00151e-06 2.25038e-05 9.00151e-06 4.50075e-06 0 0 0
 0.000866109 0.00284123 0.00948549 0.0512746 0.133035 0.25785 0.225252 0.132002 0.0553304 0.0519788 0.0540692 0.017754 0.00435017 0.00159236 0.00146478 0.000404838 0.000125132 0.000115318 0.000107957 0.000100596 0 0 0 0 0 0
 0 0 0 0 0.00144013 0.00171154 0.00461396 0.0210425 0.0478622 0.0707936 0.0888783 0.103762 0.0637923 0.0337046 0.0602308 0.124433 0.169614 0.0934646 0.0462172 0.0250306 0.0313229 0.00938855 0.002487 0.000210481 0 0
 0 0.00764035 0.051015 0.0998891 0.058973 0.0496711 0.0374665 0.0718981 0.12319 0.153886 0.159021 0.0857701 0.0377988 0.023471 0.0147837 0.00900784 0.00315554 0.000888139 0.00291439 0.00214683 0.00393193 0.00274676 0.000635225 9.99891e-05 0 0
 0 0 0 0 0 0 0 0 0 0 0 0 0 0 0 0 0 0 0 0 0 0 0 0 0 0
 0 0 0 0 0 0 0 0 0 0 0 0 0 0 0 0 0 0 0 0 0 0 0 0 0 0
 0 0 0 0 0 0 0 0 0 0 0 0 0 0 0 0 0 0 0 0 0 0 0 0 0 0
 0 0 0 0 0 0 0 0 0 0 0 0 0 0 0 0 0 0 0 0 0 0 0 0 0 0
 0 0 0 0 0 0 0 0 0 0 0 0 0 0 0 0 0 0 0 0 0 0 0 0 0 0
 0 0 0 0 0 0 0 0 0 0 0 0 0 0 0 0 0 0 0 0 0 0 0 0 0 0
 0 0 0 0 0 0 0 0 0 0 0 0 0 0 0 0 0 0 0 0 0 0 0 0 0 0
ppred_pel_tallas
 1.08701e-16 5.06024e-05 0.000491874 0.00326867 0.0148589 0.0462317 0.098502 0.143769 0.143783 0.0985672 0.0464517 0.0154986 0.0048902 0.00408443 0.00702779 0.0119399 0.0181282 0.0247366 0.030855 0.035952 0.0399835 0.0430226 0.0447934 0.0446218 0.0418921 0.0365993
 1.11919e-16 4.80518e-05 0.00046708 0.00310391 0.01411 0.0439014 0.0935376 0.136526 0.136552 0.0936634 0.0443238 0.0153306 0.00617082 0.00717262 0.0128153 0.0211996 0.0307571 0.0391816 0.0441912 0.0448302 0.0420634 0.0380861 0.0348904 0.0332032 0.0324402 0.0314342
 1.07668e-16 5.94373e-05 0.000577752 0.00383936 0.0174532 0.0543035 0.1157 0.168871 0.168887 0.115781 0.0545748 0.0182379 0.00581276 0.00489846 0.00830308 0.0137327 0.0200143 0.0256753 0.0292569 0.0301027 0.0287255 0.0263873 0.0242418 0.0227281 0.0215795 0.020257
 1.03255e-16 6.65169e-05 0.000646568 0.00429667 0.019532 0.0607715 0.129481 0.188984 0.188998 0.129548 0.0609992 0.0201899 0.00594892 0.00425662 0.00693221 0.0113806 0.0164491 0.0208181 0.0231924 0.0229852 0.0206599 0.0173958 0.0143511 0.0121021 0.0105878 0.00942736
 1.02178e-16 6.33726e-05 0.000616004 0.00409357 0.0186088 0.0578989 0.12336 0.180052 0.18007 0.12345 0.0582009 0.0194811 0.00628337 0.00539711 0.00914575 0.0150252 0.0216517 0.0272558 0.0300772 0.0293031 0.025544 0.0204061 0.0155193 0.0117778 0.00923438 0.00748358
 1.01147e-16 7.25062e-05 0.000704786 0.00468355 0.0212908 0.0662435 0.141139 0.205999 0.206008 0.141184 0.0663929 0.0217223 0.00576736 0.00307265 0.00457506 0.00746315 0.0107773 0.0136217 0.0151329 0.0149084 0.0132331 0.0108667 0.00857116 0.00675204 0.00542197 0.00439746
 1.02262e-16 4.66006e-05 0.000452974 0.00301018 0.0136838 0.0425757 0.0907135 0.132407 0.132444 0.0908959 0.0431883 0.0154527 0.00744869 0.0101374 0.0184245 0.0303475 0.0436221 0.0546652 0.0598533 0.0575107 0.0489105 0.037423 0.0265257 0.0182163 0.0127367 0.00930799
 1.06938e-16 4.51595e-05 0.000438966 0.00291708 0.0132607 0.041259 0.0879076 0.128309 0.128336 0.0880363 0.0416917 0.014513 0.00606997 0.00735223 0.0132639 0.0220885 0.032354 0.0418057 0.0481309 0.0501945 0.0485903 0.0449978 0.0409285 0.0369244 0.0327074 0.0278778
 1.07529e-16 5.83248e-05 0.000566938 0.0037675 0.0171265 0.0532871 0.113534 0.16571 0.165726 0.113614 0.0535543 0.0178998 0.00571317 0.00483002 0.00820133 0.01359 0.0198659 0.0256129 0.02943 0.030693 0.0298928 0.0282039 0.0266394 0.025482 0.0243453 0.0226554
 1.0241e-16 7.17052e-05 0.000697 0.00463181 0.0210556 0.0655117 0.13958 0.203723 0.203732 0.139625 0.0656634 0.0214938 0.00573259 0.00310212 0.00464582 0.00758406 0.0109595 0.0138721 0.0154596 0.0153345 0.013811 0.0116793 0.00971279 0.00829191 0.00736546 0.00666428
 1.00547e-16 7.53293e-05 0.000732228 0.00486591 0.0221197 0.0688227 0.146634 0.214019 0.214026 0.14667 0.0689426 0.0224658 0.00573432 0.00262703 0.00367109 0.00594247 0.00853575 0.0106974 0.0117154 0.0112628 0.00959041 0.00735928 0.00525054 0.00365404 0.00261386 0.00197231
 1.00454e-16 7.08186e-05 0.000688382 0.00457454 0.0207952 0.0647017 0.137854 0.201205 0.201217 0.137915 0.064906 0.0213852 0.00605478 0.00391733 0.00619595 0.010112 0.0145147 0.0181566 0.0198174 0.0189329 0.0159307 0.0119481 0.0081679 0.00528296 0.00339638 0.00225918
 1.00842e-16 6.7071e-05 0.000651954 0.00433247 0.0196948 0.0612778 0.130559 0.190559 0.190574 0.130636 0.0615352 0.0204382 0.00619826 0.00472415 0.00779832 0.012779 0.0183846 0.0230798 0.0253442 0.0244692 0.0209716 0.0162367 0.0116919 0.00815435 0.00572796 0.00411409
 1.01247e-16 6.64212e-05 0.000645638 0.00429049 0.019504 0.0606841 0.129295 0.188712 0.188728 0.129371 0.0609406 0.0202449 0.00615059 0.00470717 0.00778266 0.0127678 0.0184008 0.023168 0.0255692 0.0249041 0.0216751 0.0172287 0.0129371 0.00956408 0.00717977 0.00548284
 1.0091e-16 7.18399e-05 0.000698309 0.00464051 0.0210951 0.0656347 0.139842 0.204106 0.204116 0.139892 0.0658035 0.0215827 0.00586464 0.00337115 0.00514967 0.00840383 0.0121082 0.0152444 0.0168243 0.0163887 0.0142709 0.0113601 0.0085607 0.00637391 0.00484086 0.00375562
 1.0013e-16 8.01918e-05 0.000779493 0.00518 0.0235475 0.0732652 0.156099 0.227832 0.227834 0.15611 0.0733023 0.0236548 0.00544919 0.00136689 0.00119501 0.00184665 0.00264758 0.00331895 0.00363647 0.00349807 0.00298021 0.00228609 0.00162539 0.00111855 0.000780527 0.000565387
 1.00626e-16 3.66125e-05 0.000355886 0.00236499 0.0107509 0.0334505 0.0712717 0.104034 0.104086 0.0715267 0.0343064 0.0132217 0.00856177 0.013866 0.0256431 0.0421997 0.060468 0.0753683 0.0817498 0.0772377 0.0636855 0.0460061 0.029356 0.0168272 0.00895435 0.00467104
 1.00653e-16 7.90558e-05 0.00076845 0.00510662 0.023214 0.0722273 0.153888 0.224604 0.224606 0.153897 0.072258 0.0233033 0.00533207 0.00126495 0.00103465 0.00161818 0.00239936 0.00317425 0.00378725 0.00415692 0.00430173 0.00429306 0.00417799 0.00394491 0.00355614 0.00300671
 1.00855e-16 5.57658e-05 0.000542064 0.00360221 0.0163751 0.0509492 0.108554 0.158444 0.158474 0.1087 0.0514404 0.0177931 0.00715845 0.00829548 0.0147519 0.0242237 0.0347121 0.0432795 0.0469759 0.0444495 0.036775 0.0267774 0.0174095 0.0104229 0.0060877 0.00375143
 1.02371e-16 6.24572e-05 0.000607107 0.00403444 0.01834 0.0570626 0.121578 0.177451 0.177467 0.121659 0.0573336 0.0191238 0.0060051 0.00491952 0.00828294 0.0136732 0.019872 0.0253622 0.0286214 0.0289125 0.0266695 0.0231112 0.0194264 0.0161978 0.0134077 0.0108191
 1.01996e-16 6.77691e-05 0.00065874 0.00437756 0.0198998 0.0619156 0.131918 0.192541 0.192555 0.131984 0.0621349 0.0205333 0.00596861 0.00413439 0.00667566 0.0109475 0.0158075 0.0199714 0.0221777 0.0218452 0.0194079 0.0159977 0.0127418 0.0102261 0.00844012 0.00707306
 1.01199e-16 7.0062e-05 0.000681027 0.00452567 0.020573 0.0640104 0.136381 0.199055 0.199067 0.136441 0.064209 0.0211465 0.0059653 0.00382395 0.0060396 0.0098752 0.0142219 0.0178903 0.0197175 0.0191658 0.0166353 0.013185 0.00989327 0.00735839 0.00562669 0.00444169
 1.03624e-16 3.20808e-05 0.000311837 0.00207227 0.00942027 0.0293102 0.0624504 0.0911589 0.0912099 0.0626994 0.030146 0.011834 0.00813051 0.0135349 0.0251385 0.0414905 0.0597223 0.0750071 0.0824332 0.0797168 0.068549 0.053431 0.0389819 0.0278187 0.0202253 0.0151751
 1.03888e-16 6.86851e-05 0.000667644 0.00443673 0.0201687 0.0627524 0.133701 0.195142 0.195149 0.133734 0.0628642 0.020493 0.00525631 0.00247564 0.00355759 0.00591668 0.00885201 0.0118311 0.014339 0.0161064 0.017198 0.0178284 0.0180814 0.0178024 0.0167477 0.0148304
 1.0316e-16 6.01794e-05 0.000584965 0.0038873 0.0176711 0.0549815 0.117145 0.170981 0.171003 0.117252 0.0553425 0.0187136 0.00650324 0.00629298 0.0108934 0.0178954 0.0257332 0.0322838 0.035436 0.0342403 0.0294891 0.023197 0.0174032 0.0132177 0.0106617 0.00913171
 1.05594e-16 4.26244e-05 0.000414324 0.00275333 0.0125163 0.0389429 0.0829733 0.121109 0.121144 0.0831443 0.0395175 0.0141768 0.00692516 0.00953382 0.0173983 0.0287891 0.0416851 0.0528709 0.0590754 0.0587584 0.0529725 0.0445423 0.0362695 0.0295969 0.0245141 0.0203336
 1.04042e-16 6.76551e-05 0.000657632 0.0043702 0.0198663 0.0618114 0.131696 0.192216 0.192226 0.131742 0.0619665 0.0203153 0.0055011 0.00313921 0.00481835 0.00795763 0.0116891 0.0151883 0.0176542 0.0187092 0.018581 0.0178567 0.0170235 0.0161849 0.0151326 0.0136286
 1.02529e-16 6.43272e-05 0.000625284 0.00415523 0.0188891 0.058771 0.125219 0.182764 0.182782 0.125305 0.0590606 0.0197254 0.00625413 0.00520625 0.0087618 0.0143769 0.0206911 0.025996 0.0286013 0.0277406 0.0240322 0.0190642 0.0144438 0.0110456 0.00889365 0.00753279
 1.05573e-16 3.37578e-05 0.000328138 0.00218059 0.00991268 0.0308423 0.0657144 0.0959216 0.095967 0.0659364 0.0315877 0.0120665 0.00758929 0.0121433 0.0224959 0.0371967 0.0537179 0.0678361 0.0752477 0.0739396 0.0653451 0.0532898 0.0416274 0.0324342 0.0258086 0.0208375
 1.12644e-16 4.2082e-05 0.000409052 0.00271829 0.012357 0.0384473 0.0819168 0.119564 0.119585 0.0820186 0.0387902 0.0133515 0.00522983 0.00594163 0.010696 0.0179997 0.0268229 0.0356122 0.0427648 0.0474835 0.0500857 0.0514307 0.0519963 0.0514493 0.0490239 0.0442634
 1.0352e-16 7.4215e-05 0.000721396 0.00479393 0.0217925 0.0678047 0.144465 0.210852 0.210857 0.144491 0.0678898 0.0220387 0.00541333 0.00207828 0.00266549 0.00432774 0.00632084 0.00815402 0.00938958 0.00984958 0.00971889 0.00939832 0.00922015 0.00925136 0.00930838 0.00912325
pSPR Fmed_Fpbrs
0.409189   0.247566 0.247566
Fs Fmed_Fpbrs
0.584022   1.005 1.005
SSBpbr Bo_Bmed_Bpbrs
1.27328e+06  457349  251557 251557
Ro
109716
SPR SPRFo_SPRFmed_SPRFpbrs
783111 320440 193871
Fref
1.005
Nvult_r0
 119915 8115.71 3059.93 3164.17 801.035
CTP_r0
 32486.7 2895.58 1110.27 1149.11 290.921
YTP_r0
391262
Np
 132787 25379.7 5642.67 293.143 122.914
Nvult_p0
 107408 21866.7 4881.7 253.665 106.363
CTP_p0
 42500.8 17361.6 941.914 348.882 435.382
 42500.8 10808.9 2445.13 127.144 53.3138
YTP_p0
 637150 549800
CBA_c0
610945
log_Ro
11.4256
likeval ReclasPelacesDesembMPH_pf_preclas_ppelaces_ptallas_desvR_qrecl_qpela
 11.6973 16.9095 0.0151769 0.000837754 243.687 116.124 101.534 0 26.3635 2.25519e-05 4.57547e-05 0.0301275 0 0 0
q_reclas_q_pelaces
1.95999 2.61783
M
1
N
 145609 32157.4 55501.9 4792.9 0.17334
 88382.5 43740.8 8741.91 14967 1291.97
 86649.6 22177.6 9089.75 1789.23 3325.03
 102715 21793.8 4624.87 1867.12 1049.63
 81074.7 20425.7 3200.48 662.768 417.423
 212017 23870.4 5388.67 836.904 282.325
 67186.3 57357.9 5550.11 1237.7 256.899
 24708.6 12000.5 7175.86 674.698 181.407
 28248.7 7890.73 3574.29 2125.32 253.479
 38651.6 5774.17 1207.36 534.274 355.124
 67538.2 5589.23 527.026 106.184 78.06
 114801 20758.9 1572.32 147.204 51.441
 95013 22402.9 2963.94 218.909 27.6183
 67830.6 19408.5 3424.54 442.6 36.7666
 54783.5 8745.78 1492.71 252.631 35.2833
 307121 8732.79 923.24 152.424 29.3465
 46681.6 62949 1341.68 138.584 27.2503
 525809 11188 12214.8 255.946 31.6061
 261622 136595 2448.48 2636.48 62.0195
 231134 58657.5 23994 421.713 464.28
 287251 52570 10526.6 4224.39 155.823
 430387 71538.5 10802.5 2129.79 885.483
 69160.3 98356.6 12929.8 1915.82 534.204
 220082 18857.6 23138.2 3005.72 569.173
 191893 61976.8 4655.17 5651.54 872.664
 76458.6 54223.2 15377.7 1142.99 1600.98
 185249 22641.1 14428.4 4056.75 723.533
 219668 52100.4 5578.45 3517.21 1164.61
 56689.7 65351.5 13960 1482.15 1243.35
 38872.2 17170 17985 3812.27 743.974
 160681 10289.4 3864.31 3995.12 1011.38
pred_Ctot
 17165 5438.32 9605.64 830.522 0.0300386
 18320.3 12596.2 2569.84 4404.65 380.236
 17867.3 6355.77 2659.28 524.03 973.89
 31341.6 8900.84 1922.7 776.952 436.797
 10420.2 3752.13 601.483 124.709 78.549
 36360 5762.03 1329.18 206.669 69.723
 23148.1 26039.7 2561.84 571.807 118.69
 2084.29 1469.17 899.876 84.7176 22.7796
 8318.74 3123.18 1440.52 857.374 102.261
 15964.8 3055.26 648.206 287.062 190.813
 7126.46 849.719 82.0232 16.5465 12.1648
 35851.4 8652.69 666.979 62.502 21.8426
 28003.8 8873.95 1195.44 88.3769 11.1505
 30241 10931.4 1955.12 252.868 21.0065
 20972.8 4343.44 752.873 127.523 17.8111
 90111.9 3445.32 370.898 61.2931 11.8015
 10646.9 19792.6 430.378 44.5016 8.751
 100462 2987.47 3331.06 69.8766 8.62937
 67219.2 47858.5 874.475 942.578 22.174
 57981.8 20112.2 8387.67 147.572 162.476
 60537 15372 3141.82 1262.22 46.5612
 107091 24348.7 3748.74 739.855 307.62
 11593.8 23240.1 3122.19 463.154 129.153
 33341.7 4050.12 5080.91 660.802 125.14
 28738.9 13167 1011.21 1229.1 189.8
 9595.38 9736.28 2825.15 210.244 294.507
 28185.3 4882.5 3181.15 895.481 159.721
 27028.1 9179.85 1005.73 634.887 210.236
 6432.98 10655.2 2329.58 247.641 207.755
 7078.49 4383.96 4690.97 995.469 194.28
 32486.7 2895.58 1110.27 1149.11 290.921
F
 0.202648 0.302513 0.310568 0.311004 0.311027
 0.382591 0.571134 0.586342 0.587164 0.587208
 0.380247 0.567634 0.582749 0.583567 0.58361
 0.615168 0.918325 0.942778 0.944101 0.944171
 0.222731 0.332493 0.341346 0.341825 0.341851
 0.307357 0.458823 0.47104 0.471701 0.471736
 0.722525 1.07859 1.10731 1.10886 1.10894
 0.141465 0.211179 0.216803 0.217107 0.217123
 0.587655 0.877253 0.900612 0.901876 0.901942
 0.933747 1.3939 1.43102 1.43302 1.43313
 0.179721 0.268288 0.275432 0.275818 0.275839
 0.634011 0.946454 0.971655 0.973019 0.973091
 0.588305 0.878224 0.901609 0.902874 0.902941
 1.04844 1.56512 1.60679 1.60905 1.60917
 0.836304 1.24844 1.28168 1.28348 1.28357
 0.584915 0.873163 0.896414 0.897672 0.897738
 0.428507 0.639676 0.656709 0.65763 0.657679
 0.347919 0.519374 0.533204 0.533952 0.533992
 0.495186 0.739215 0.758898 0.759964 0.76002
 0.48085 0.717815 0.736928 0.737962 0.738017
 0.39012 0.582372 0.59788 0.598719 0.598763
 0.476085 0.710701 0.729626 0.73065 0.730704
 0.299512 0.447113 0.459018 0.459663 0.459697
 0.26724 0.398936 0.409559 0.410134 0.410164
 0.263827 0.393842 0.404329 0.404896 0.404926
 0.216982 0.323911 0.332536 0.333002 0.333027
 0.268526 0.400856 0.41153 0.412108 0.412138
 0.212337 0.316977 0.325418 0.325874 0.325898
 0.194428 0.290243 0.297971 0.298389 0.298411
 0.329166 0.49138 0.504464 0.505172 0.505209
 0.371579 0.554694 0.569464 0.570264 0.570306
YTP_r0W_actual
 269639 40827.7 30643.3 39299.7 10851.4
YTP_p0W_proyectada
 318331 272056 21786.5 10246.7 14729
 318331 169375 56555.8 3734.22 1803.61
CTP_r0_actual
 32486.7 2895.58 1110.27 1149.11 290.921
CTP_p0_proyectada
 42500.8 17361.6 941.914 348.882 435.382
 42500.8 10808.9 2445.13 127.144 53.3138
Wmedp
 7.49 15.67 23.13 29.37 33.83
Frms_r0
 0.371579 0.554694 0.569464 0.570264 0.570306
Zrms_r0
 1.37158 1.55469 1.56946 1.57026 1.57031
nmprior
 8.19 8.8 8.5 0
nm_flota  nm_reclas  nm_pelaces    nm_pelaL
inf 18.1117 17.3088 40.7144
cv_recla  cv_pelaces  cv_mph
0.309363 0.46627 0.89323
 ------------------------------------------------
Talla a la edad & desviaci?n 
 8 13.2811 15.8009 17.003 17.5766
 0.8 1.32811 1.58009 1.7003 1.75766
