years
 1991 1992 1993 1994 1995 1996 1997 1998 1999 2000 2001 2002 2003 2004 2005 2006 2007 2008 2009 2010 2011 2012 2013 2014 2015 2016 2017 2018 2019 2020 2021
reclasobs
 0 0 0 0 0 0 0 0 0 252601 567819 844713 477998 351125 339783 2.1784e+06 2.13404e+06 4.81314e+06 1.55562e+06 2.62356e+06 3.21686e+06 3.843e+06 1.13348e+06 3.07943e+06 1.97215e+06 2.03268e+06 2.025e+06 2.42433e+06 2.27542e+06 1.05018e+06 2.36338e+06
reclaspred
 3.31243e+06 1.89449e+06 962117 957944 956008 1.45113e+06 990371 893003 656824 490863 509190 629801 629666 517444 529040 1.2585e+06 1.27916e+06 2.66522e+06 2.23485e+06 1.69656e+06 3.01634e+06 2.45444e+06 2.00594e+06 3.03582e+06 2.29856e+06 2.03569e+06 2.37543e+06 2.49049e+06 2.08777e+06 1.35894e+06 1.93615e+06
pelacesobs
 0 0 0 0 0 0 0 0 0 0 0 0 0 0 0 552880 188675 0 991730 2.46772e+06 1.41603e+06 1.21717e+06 2.29649e+06 1.80582e+06 0 1.4828e+06 1.56532e+06 1.57751e+06 1.42118e+06 867257 1.10002e+06
pelacespred
 1.86483e+06 1.2003e+06 620201 502205 508654 797079 527564 554979 407507 292747 306864 320785 349759 310593 321509 628028 635424 1.50059e+06 1.3243e+06 940990 1.57458e+06 1.4257e+06 1.14333e+06 1.87223e+06 1.38174e+06 1.21301e+06 1.60437e+06 1.66199e+06 1.14818e+06 853852 1.19542e+06
mphobs
 0 0 0 0 0 0 0 0 0 0 0 498337 0 5186 125008 0 168611 109162 213762 579715 649985 157893 87575 83554 0 0 0 0 0 0 0
mphpred
 492110 330662 169335 91721.1 102182 113046 148007 101857 88327.8 63361.9 42915.7 58824.5 63740 56037.8 41487.5 51384.4 146012 145193 262877 206357 222880 274243 261448 220168 299860 248035 204913 215395 294871 207226 135052
desembarqueobs
 494567 514787 250237 358949 120608 361735 552515 73892 212993 205616 52469 317467 293654 387597 252695 516296 358380 742168 942051 627588 828172 859565 418607 520667 417249 300574 415391 372974 316634 284311 391294
desembarquepred
 494573 513183 251060 358969 120612 361747 552561 73895 213029 205650 52471 317527 293705 387654 252700 516282 358400 742106 941932 627511 828229 859600 418619 520687 417253 300577 415394 372966 316633 284319 391298
Reclutas
 245335 142808 140138 259594 207620 342680 144719 69295.3 63352.5 82253.5 149119 186092 156813 110824 115720 600574 139309 904210 531065 404659 620490 827605 181334 535585 449066 203631 452483 506185 153389 112493 416767
log_desv_Rt
 0.04259 -0.498535 -0.517404 0.0990836 -0.124328 0.376764 -0.485239 -1.22166 -1.31132 -1.05023 -0.455287 -0.233792 -0.404984 -0.752096 -0.708862 0.937851 -0.523339 1.34703 0.81485 0.543009 0.970475 1.2585 -0.259693 0.823325 0.647135 -0.143724 0.654715 0.766867 -0.427057 -0.73714 0.572492
SSB
 4.84475e+06 3.25532e+06 1.66708e+06 902981 1.00597e+06 1.11292e+06 1.45711e+06 1.00277e+06 869574 623789 422499 579119 627511 551685 408439 505872 1.43747e+06 1.4294e+06 2.58798e+06 2.03155e+06 2.19422e+06 2.69988e+06 2.57392e+06 2.16752e+06 2.95208e+06 2.44187e+06 2.01734e+06 2.12054e+06 2.90296e+06 2.04011e+06 1.32957e+06
BT
 6.35475e+06 4.33212e+06 2.22903e+06 1.90356e+06 1.71406e+06 2.8462e+06 2.17736e+06 1.83064e+06 1.50877e+06 1.13192e+06 1.02285e+06 1.29026e+06 1.38171e+06 1.39342e+06 1.2777e+06 2.42043e+06 2.30361e+06 5.43205e+06 5.12716e+06 3.5629e+06 5.68528e+06 5.34685e+06 4.00579e+06 6.44357e+06 4.78279e+06 4.12825e+06 5.53087e+06 5.66426e+06 3.91579e+06 2.99321e+06 4.17607e+06
Ftot
 0.0879539 0.158021 0.152982 0.226801 0.0762825 0.153075 0.324597 0.0498718 0.19401 0.249039 0.0643083 0.303142 0.280044 0.445395 0.293753 0.258448 0.166544 0.174079 0.25246 0.222161 0.167482 0.21234 0.123865 0.106602 0.109283 0.0885803 0.108284 0.0933462 0.0892017 0.123832 0.126306
BD_Bspro_t
 0.986026 0.894663 0.778119 0.7063 0.700458 0.75762 0.748724 0.624908 0.672934 0.64355 0.618537 0.762821 0.66371 0.588378 0.499507 0.553494 0.688063 0.675451 0.74146 0.663849 0.640009 0.683544 0.698017 0.696481 0.780305 0.787237 0.793583 0.818784 0.849783 0.803698 0.757256
BD_Bspro
 2.88289 1.9371 0.992003 0.537323 0.598608 0.66225 0.86706 0.596703 0.517444 0.371188 0.25141 0.344607 0.373404 0.328283 0.243043 0.301021 0.855371 0.850572 1.53999 1.20889 1.30568 1.60658 1.53162 1.28979 1.75665 1.45304 1.20043 1.26184 1.72742 1.21397 0.791167
BD_Bo
 1.94857 1.3093 0.670504 0.363182 0.404605 0.447621 0.586054 0.403317 0.349745 0.25089 0.16993 0.232923 0.252387 0.221889 0.164275 0.203463 0.578153 0.574909 1.04089 0.817097 0.882522 1.0859 1.03524 0.871782 1.18733 0.982126 0.811378 0.852886 1.16758 0.820537 0.534757
BD_Brms
 3.54286 2.38055 1.2191 0.66033 0.735645 0.813856 1.06555 0.733304 0.635901 0.456163 0.308964 0.423497 0.458885 0.403435 0.298682 0.369933 1.05119 1.04529 1.89254 1.48563 1.60459 1.97437 1.88225 1.58506 2.15879 1.78568 1.47523 1.5507 2.12287 1.49188 0.972286
Sel_flota
 0.879876 1 1 1 1
 0.879876 1 1 1 1
 0.879876 1 1 1 1
 0.879876 1 1 1 1
 0.879876 1 1 1 1
 0.879876 1 1 1 1
 0.879876 1 1 1 1
 0.879876 1 1 1 1
 0.879876 1 1 1 1
 0.879876 1 1 1 1
 0.879876 1 1 1 1
 0.879876 1 1 1 1
 0.879876 1 1 1 1
 0.879876 1 1 1 1
 0.879876 1 1 1 1
 0.879876 1 1 1 1
 0.879876 1 1 1 1
 0.879876 1 1 1 1
 0.879876 1 1 1 1
 0.879876 1 1 1 1
 0.879876 1 1 1 1
 0.879876 1 1 1 1
 0.879876 1 1 1 1
 0.879876 1 1 1 1
 0.879876 1 1 1 1
 0.879876 1 1 1 1
 0.879876 1 1 1 1
 0.879876 1 1 1 1
 0.879876 1 1 1 1
 0.879876 1 1 1 1
 0.879876 1 1 1 1
Sel_reclas
 1 1 1 1 1
 1 1 1 1 1
 1 1 1 1 1
 1 1 1 1 1
 1 1 1 1 1
 1 1 1 1 1
 1 1 1 1 1
 1 1 1 1 1
 1 1 1 1 1
 1 1 1 1 1
 1 1 1 1 1
 1 1 1 1 1
 1 1 1 1 1
 1 1 1 1 1
 1 1 1 1 1
 1 1 1 1 1
 1 1 1 1 1
 1 1 1 1 1
 1 1 1 1 1
 1 1 1 1 1
 1 1 1 1 1
 1 1 1 1 1
 1 1 1 1 1
 1 1 1 1 1
 1 1 1 1 1
 1 1 1 1 1
 1 1 1 1 1
 1 1 1 1 1
 1 1 1 1 1
 1 1 1 1 1
 1 1 1 1 1
Sel_pelaces
 1 1 1 1 1
 1 1 1 1 1
 1 1 1 1 1
 1 1 1 1 1
 1 1 1 1 1
 1 1 1 1 1
 1 1 1 1 1
 1 1 1 1 1
 1 1 1 1 1
 1 1 1 1 1
 1 1 1 1 1
 1 1 1 1 1
 1 1 1 1 1
 1 1 1 1 1
 1 1 1 1 1
 1 1 1 1 1
 1 1 1 1 1
 1 1 1 1 1
 1 1 1 1 1
 1 1 1 1 1
 1 1 1 1 1
 1 1 1 1 1
 1 1 1 1 1
 1 1 1 1 1
 1 1 1 1 1
 1 1 1 1 1
 1 1 1 1 1
 1 1 1 1 1
 1 1 1 1 1
 1 1 1 1 1
 1 1 1 1 1
pf_obs 
 0.8446 0.082 0.0669 0.0065 0
 0.8095 0.147 0.0364 0.0071 0
 0.9664 0.0169 0.016 0.0007 0
 0.9276 0.0648 0.0075 0.0001 0
 0.7033 0.2144 0.0806 0.0017 0
 0.9318 0.0425 0.0243 0.0014 0
 0.5671 0.3108 0.0964 0.0239 0.0018
 0.0768 0.2599 0.5324 0.112 0.0189
 0.490249 0.384438 0.106611 0.0170017 0.00170017
 0.7925 0.1577 0.0466 0.003 0.0002
 0.840416 0.127587 0.0312969 0.00059994 9.999e-05
 0.8084 0.0986 0.0794 0.0134 0.0002
 0.7335 0.1905 0.0724 0.0035 0.0001
 0.4001 0.4547 0.1325 0.0127 0
 0.49795 0.308269 0.164784 0.0264974 0.00249975
 0.9179 0.0499 0.0305 0.0017 0
 0.2467 0.6533 0.0926 0.0074 0
 0.9418 0.0223 0.034 0.0019 0
 0.707729 0.231977 0.0356964 0.0245975 0
 0.517169 0.277429 0.184464 0.0207286 0.00020938
 0.811772 0.124168 0.05621 0.00726502 0.000585176
 0.764997 0.148141 0.077277 0.00933861 0.000247198
 0.163321 0.427699 0.378323 0.0303852 0.000271297
 0.753843 0.0900009 0.118128 0.0371064 0.000921714
 0.721811 0.176058 0.0630433 0.0369309 0.00215725
 0.143369 0.312575 0.442814 0.0836902 0.0175525
 0.692698 0.0596174 0.167031 0.0765114 0.00414204
 0.394062 0.376323 0.152708 0.0712218 0.00568511
 0.125707 0.32114 0.495352 0.0537591 0.00404204
 0.23352 0.215282 0.420074 0.123614 0.00750983
 0.774587 0.0839891 0.0768558 0.0609784 0.00358967
pf_pred 
 0.422933 0.111346 0.441742 0.0239791 7.44309e-07
 0.408707 0.269615 0.0620679 0.246242 0.0133672
 0.54609 0.200962 0.115338 0.0265519 0.111058
 0.748333 0.146028 0.0467703 0.026843 0.0320263
 0.644842 0.275078 0.0464658 0.0148823 0.0187321
 0.741603 0.174356 0.0650913 0.0109951 0.00795413
 0.473829 0.403738 0.082613 0.0308414 0.0089785
 0.43873 0.287203 0.210295 0.0430307 0.020741
 0.520848 0.225835 0.129623 0.0949121 0.028782
 0.674576 0.180965 0.0680867 0.0390797 0.0372923
 0.792623 0.146359 0.0339318 0.0127665 0.0143201
 0.722757 0.225554 0.0364801 0.00845752 0.00675136
 0.667218 0.250181 0.0672012 0.0108689 0.00453132
 0.606886 0.274897 0.0888739 0.0238725 0.00547073
 0.707218 0.188707 0.0727773 0.0235288 0.00776844
 0.923057 0.0567183 0.0130356 0.00502734 0.00216197
 0.395761 0.563662 0.0299111 0.00687449 0.00379137
 0.886211 0.048889 0.0605418 0.00321269 0.0011456
 0.598531 0.36117 0.0173143 0.0214412 0.00154351
 0.592886 0.257744 0.134377 0.00644196 0.00855169
 0.738174 0.164195 0.0618105 0.0322254 0.00359568
 0.740562 0.19829 0.0383468 0.0144355 0.00836584
 0.327753 0.515693 0.119655 0.0231399 0.0137592
 0.739551 0.093388 0.128156 0.0297357 0.00916983
 0.628753 0.283929 0.0313093 0.0429655 0.0130435
 0.441752 0.368355 0.145229 0.0160147 0.0286485
 0.73291 0.126885 0.0925129 0.0364745 0.0112172
 0.69164 0.233925 0.0353612 0.0257821 0.013291
 0.36252 0.458718 0.135611 0.0204997 0.0226515
 0.429309 0.224902 0.248823 0.0735599 0.0234065
 0.821565 0.0826319 0.0377549 0.0417706 0.016278
pobs_RECLAS
 0 0 0 0 0
 0 0 0 0 0
 0 0 0 0 0
 0 0 0 0 0
 0 0 0 0 0
 0 0 0 0 0
 0 0 0 0 0
 0 0 0 0 0
 0 0 0 0 0
 0 0 0 0 0
 0.991045 0.00858322 0.000360255 1.14367e-05 0
 0.934742 0.0480273 0.0164251 0.00080598 0
 0.827803 0.169806 0.00239088 0 0
 0.941827 0.0461693 0.0120037 0 0
 0.791401 0.0380133 0.147996 0.0225897 0
 0.846168 0.0940531 0.0597789 0 0
 0.134021 0.677848 0.182769 0.00536245 0
 0.80878 0.0450904 0.141981 0.00414843 0
 0.846168 0.0940531 0.0597789 0 0
 0.905697 0.0802665 0.012482 0.00150086 5.37128e-05
 0.989698 0.0102097 9.19794e-05 0 0
 0.975433 0.0193895 0.00387452 0.00125025 5.28907e-05
 0.303575 0.632131 0.0575291 0.00676475 0
 0.966965 0.00978017 0.0227588 0.000495775 0
 0.843318 0.132988 0.00938335 0.0141283 0.000182051
 0.564624 0.303363 0.111486 0.0197234 0.00080311
 0.826376 0.0876187 0.0782897 0.00655872 0.00115652
 0.89761 0.0855135 0.0140674 0.00269457 0.000114338
 0.34875 0.467042 0.161289 0.0227151 0.000203297
 0.318654 0.224769 0.449479 0.00709798 0
 0.937255 0.0296025 0.0250945 0.00804832 0
ppred_RECLAS
 0.454666 0.105223 0.41745 0.0226605 7.03379e-07
 0.440395 0.255167 0.0587417 0.233046 0.0126508
 0.578001 0.186834 0.10723 0.0246852 0.10325
 0.772135 0.132217 0.042347 0.0243043 0.0289973
 0.673755 0.252684 0.0426831 0.0136707 0.0172071
 0.765668 0.158118 0.0590294 0.00997117 0.00721336
 0.50683 0.378416 0.0774317 0.0289071 0.00841539
 0.470576 0.270907 0.198363 0.0405892 0.0195642
 0.553212 0.210581 0.120867 0.0885013 0.0268379
 0.702646 0.165356 0.0622138 0.0357088 0.0340756
 0.812974 0.131996 0.0306018 0.0115137 0.0129148
 0.748372 0.204714 0.0331097 0.00767611 0.00612759
 0.695731 0.228745 0.0614433 0.00993758 0.00414307
 0.63838 0.252874 0.0817539 0.02196 0.00503246
 0.733712 0.171631 0.0661916 0.0213997 0.00706547
 0.931867 0.0502237 0.011543 0.00445168 0.00191441
 0.427196 0.534338 0.028355 0.00651684 0.00359412
 0.898673 0.0435348 0.0539114 0.00286084 0.00102013
 0.62957 0.333247 0.0159757 0.0197835 0.00142418
 0.623987 0.238053 0.124111 0.00594982 0.00789838
 0.762488 0.148947 0.0560705 0.0292328 0.00326177
 0.764832 0.17974 0.0347596 0.0130851 0.00758323
 0.356856 0.493367 0.114475 0.0221381 0.0131635
 0.763644 0.0847491 0.116301 0.026985 0.00832158
 0.658367 0.26128 0.0288117 0.0395381 0.012003
 0.47374 0.347249 0.136908 0.015097 0.027007
 0.757419 0.115242 0.0840236 0.0331275 0.0101879
 0.718447 0.21359 0.0322872 0.0235408 0.0121356
 0.392808 0.436923 0.129168 0.0195256 0.0215752
 0.461242 0.212317 0.2349 0.0694438 0.0220968
 0.839747 0.074212 0.0339078 0.0375143 0.0146193
pobs_PELACES
 0 0 0 0 0
 0 0 0 0 0
 0 0 0 0 0
 0 0 0 0 0
 0 0 0 0 0
 0 0 0 0 0
 0 0 0 0 0
 0 0 0 0 0
 0 0 0 0 0
 0 0 0 0 0
 0 0 0 0 0
 0 0 0 0 0
 0 0 0 0 0
 0 0 0 0 0
 0 0 0 0 0
 0 0 0 0 0
 0.505614 0.472636 0.0217494 0 0
 0 0 0 0 0
 0.443492 0.261883 0.143347 0.151278 0
 0.227955 0.32914 0.350689 0.0885471 0.00366901
 0.970185 0.0296113 0.000203453 0 0
 0.997202 0.00247181 0.000326279 0 0
 0.445219 0.490057 0.0546422 0.010081 0
 0.90214 0.0892962 0.00764917 0.000914606 0
 0 0 0 0 0
 0.581667 0.319106 0.0959925 0.00289975 0.000334073
 0.762889 0.0836404 0.116647 0.0363945 0.000428098
 0.88444 0.0763242 0.0277011 0.0115352 0
 0.521256 0.241999 0.230069 0.00667565 0
 0.616807 0.101726 0.260614 0.0208532 0
 0.833518 0.0704572 0.0857862 0.0102388 0
ppred_PELACES
 0.455531 0.105056 0.416788 0.0226245 7.02264e-07
 0.441939 0.254463 0.0585796 0.232403 0.0126159
 0.57948 0.186179 0.106854 0.0245988 0.102888
 0.773712 0.131301 0.0420537 0.024136 0.0287965
 0.674419 0.252169 0.0425962 0.0136429 0.0171721
 0.766755 0.157385 0.0587556 0.00992492 0.0071799
 0.510045 0.375949 0.0769268 0.0287186 0.00836051
 0.471069 0.270655 0.198179 0.0405514 0.019546
 0.555112 0.209686 0.120353 0.0881249 0.0267238
 0.704705 0.164211 0.0617831 0.0354616 0.0338397
 0.813361 0.131723 0.0305384 0.0114898 0.012888
 0.750628 0.202879 0.0328128 0.00760729 0.00607265
 0.698076 0.226982 0.0609698 0.009861 0.00411114
 0.642446 0.250031 0.0808347 0.0217131 0.00497588
 0.735981 0.170169 0.0656276 0.0212174 0.00700527
 0.932515 0.0497464 0.0114332 0.00440936 0.00189621
 0.428813 0.53283 0.028275 0.00649846 0.00358398
 0.8993 0.0432655 0.0535779 0.00284315 0.00101382
 0.631901 0.33115 0.0158752 0.019659 0.00141522
 0.626051 0.236747 0.12343 0.00591716 0.00785503
 0.763689 0.148194 0.0557871 0.0290851 0.00324529
 0.766342 0.178586 0.0345363 0.0130011 0.00753452
 0.357984 0.492502 0.114274 0.0220993 0.0131404
 0.764406 0.084476 0.115926 0.026898 0.00829475
 0.659341 0.260535 0.0287296 0.0394254 0.0119688
 0.474615 0.346671 0.13668 0.0150719 0.026962
 0.758207 0.114868 0.0837507 0.0330199 0.0101548
 0.719195 0.213022 0.0322014 0.0234782 0.0121034
 0.393652 0.436315 0.128989 0.0194985 0.0215453
 0.462462 0.211837 0.234368 0.0692865 0.0220467
 0.840419 0.0739005 0.0337655 0.0373568 0.014558
pobs_pel_tallas
 0 0 0 0 0 0 0 0 0 0 0 0 0 0 0 0 0 0 0 0 0 0 0 0 0 0
 0 0 0 0 0 0 0 0 0 0 0 0 0 0 0 0 0 0 0 0 0 0 0 0 0 0
 0 0 0 0 0 0 0 0 0 0 0 0 0 0 0 0 0 0 0 0 0 0 0 0 0 0
 0 0 0 0 0 0 0 0 0 0 0 0 0 0 0 0 0 0 0 0 0 0 0 0 0 0
 0 0 0 0 0 0 0 0 0 0 0 0 0 0 0 0 0 0 0 0 0 0 0 0 0 0
 0 0 0 0 0 0 0 0 0 0 0 0 0 0 0 0 0 0 0 0 0 0 0 0 0 0
 0 0 0 0 0 0 0 0 0 0 0 0 0 0 0 0 0 0 0 0 0 0 0 0 0 0
 0 0 0 0 0 0 0 0 0 0 0 0 0 0 0 0 0 0 0 0 0 0 0 0 0 0
 0 0 0 0 0 0 0 0 0 0 0 0 0 0 0 0 0 0 0 0 0 0 0 0 0 0
 0 0 0 0 0 0 0 0 0 0 0 0 0 0 0 0 0 0 0 0 0 0 0 0 0 0
 0 0 0 0 0 0 0 0 0 0 0 0 0 0 0 0 0 0 0 0 0 0 0 0 0 0
 0 0 0 0 0 0 0 0 0 0 0 0 0 0 0 0 0 0 0 0 0 0 0 0 0 0
 0.00862536 0 0 0.000197151 0.00414017 0.0128641 0.00837892 0.0270097 0.101434 0.158115 0.152841 0.127902 0.109271 0.109419 0.0830992 0.0579132 0.0238553 0.00714673 0.00463305 0.00128148 0.00103504 0.000492878 0.000147863 0.000147863 4.92878e-05 0
 0 0 0 0 0 0 0 0 0 0 0 0 0 0 0 0 0 0 0 0 0 0 0 0 0 0
 0 0 0 0 0 0 0 0.0054083 0.00873648 0.0413646 0.0450493 0.0745869 0.0622846 0.0627006 0.0613931 0.0827291 0.12552 0.122667 0.0946155 0.0697135 0.0546179 0.0294188 0.0215738 0.0213955 0.0102223 0.00600262
 0 0 0 0 0.00359764 0.0251062 0.0480494 0.140153 0.205849 0.193036 0.1447 0.116669 0.0760912 0.0342217 0.00950174 0.001854 0.000860785 0 0 0 0.000165536 0 0.000143464 0 0 0
 0 0 0 0 0 0 0 0.000145254 0.000435761 0.0275982 0.070085 0.0708112 0.156366 0.174668 0.174014 0.160142 0.0824315 0.0480064 0.0283245 0.00493863 0.00203355 0 0 0 0 0
 0 0 0 0 0 0 0 0 0 0 0 0 0 0 0 0 0 0 0 0 0 0 0 0 0 0
 0 0 1.00437e-05 0.000401748 0.00122533 0.00171747 0.00176769 0.0269171 0.070346 0.194647 0.189555 0.159765 0.064822 0.0314167 0.0384472 0.0292271 0.0345202 0.0313363 0.0194345 0.0106764 0.0143323 0.0359363 0.0279516 0.0138201 0.00172751 0
 0 0.0021121 0.0136068 0.0755702 0.200478 0.177729 0.0527432 0.0373336 0.0318909 0.0142505 0.0149659 0.0166563 0.0217959 0.0798694 0.0677717 0.0528807 0.04013 0.0224614 0.0357745 0.0225083 0.00881397 0.00855152 0.00135912 0.000746735 0 0
 0 0 0 0 5.4009e-05 0.00500934 0.000945158 0.0243581 0.138947 0.33067 0.221406 0.137944 0.0707744 0.0437923 0.0131692 0.00525238 0.0047753 0.00276346 9.45158e-05 9.00151e-06 2.25038e-05 9.00151e-06 4.50075e-06 0 0 0
 0.000866109 0.00284123 0.00948549 0.0512746 0.133035 0.25785 0.225252 0.132002 0.0553304 0.0519788 0.0540692 0.017754 0.00435017 0.00159236 0.00146478 0.000404838 0.000125132 0.000115318 0.000107957 0.000100596 0 0 0 0 0 0
 0 0 0 0 0.00144013 0.00171154 0.00461396 0.0210425 0.0478622 0.0707936 0.0888783 0.103762 0.0637923 0.0337046 0.0602308 0.124433 0.169614 0.0934646 0.0462172 0.0250306 0.0313229 0.00938855 0.002487 0.000210481 0 0
 0 0.00764035 0.051015 0.0998891 0.058973 0.0496711 0.0374665 0.0718981 0.12319 0.153886 0.159021 0.0857701 0.0377988 0.023471 0.0147837 0.00900784 0.00315554 0.000888139 0.00291439 0.00214683 0.00393193 0.00274676 0.000635225 9.99891e-05 0 0
 0 0 0 0 0 0 0 0 0 0 0 0 0 0 0 0 0 0 0 0 0 0 0 0 0 0
 0 0 0 0 0 0 0 0 0 0 0 0 0 0 0 0 0 0 0 0 0 0 0 0 0 0
 0 0 0 0 0 0 0 0 0 0 0 0 0 0 0 0 0 0 0 0 0 0 0 0 0 0
 0 0 0 0 0 0 0 0 0 0 0 0 0 0 0 0 0 0 0 0 0 0 0 0 0 0
 0 0 0 0 0 0 0 0 0 0 0 0 0 0 0 0 0 0 0 0 0 0 0 0 0 0
 0 0 0 0 0 0 0 0 0 0 0 0 0 0 0 0 0 0 0 0 0 0 0 0 0 0
 0 0 0 0 0 0 0 0 0 0 0 0 0 0 0 0 0 0 0 0 0 0 0 0 0 0
ppred_pel_tallas
 1.14324e-16 3.75215e-05 0.000364722 0.00242371 0.0110178 0.0342806 0.0730389 0.106605 0.106615 0.0730917 0.0344598 0.0115434 0.00377306 0.00340964 0.00611058 0.0107976 0.0173037 0.0253996 0.0347364 0.0449321 0.0554075 0.0650296 0.072003 0.0743797 0.071003 0.0622363
 1.27198e-16 3.6402e-05 0.00035384 0.00235139 0.0106891 0.0332579 0.0708604 0.103428 0.103453 0.0709809 0.0336628 0.0118603 0.0052982 0.00681091 0.0123748 0.020611 0.0302193 0.0392179 0.0457212 0.0491386 0.0506251 0.0522555 0.0555034 0.0601904 0.0645986 0.0665012
 1.2301e-16 4.7731e-05 0.000463963 0.0030832 0.0140158 0.0436084 0.0929129 0.135613 0.135631 0.0930014 0.043906 0.0148773 0.00525361 0.00522822 0.00917463 0.0153035 0.0225519 0.0294755 0.0346738 0.0376246 0.0390173 0.0402103 0.0422268 0.0450762 0.047824 0.049199
 1.08541e-16 6.37297e-05 0.000619475 0.00411663 0.0187136 0.0582251 0.124055 0.181065 0.181078 0.124117 0.0584337 0.019317 0.00563368 0.00393993 0.0063962 0.0105446 0.0153572 0.0196941 0.022456 0.0231868 0.0223534 0.0210011 0.020056 0.0198166 0.0199432 0.0198173
 1.05568e-16 5.55511e-05 0.000539976 0.00358833 0.0163121 0.050753 0.108136 0.157832 0.157856 0.108254 0.0511521 0.017465 0.00648318 0.00686231 0.0120715 0.0198925 0.0287089 0.0362323 0.0401747 0.0395019 0.0350512 0.0289502 0.0233146 0.0192384 0.0166628 0.0149109
 1.03947e-16 6.31566e-05 0.000613905 0.00407961 0.0185453 0.0577015 0.12294 0.179437 0.179453 0.123014 0.0579516 0.0192685 0.00589775 0.00459246 0.00764722 0.0126159 0.0183396 0.0234234 0.0264815 0.0268657 0.0250165 0.0220936 0.0192014 0.016838 0.0148942 0.0130253
 1.06611e-16 4.20118e-05 0.00040837 0.00271377 0.0123364 0.0383833 0.0817811 0.119369 0.119406 0.0819584 0.0389787 0.0140567 0.00703419 0.00984722 0.0179899 0.0297323 0.0429642 0.0543234 0.0604077 0.0596548 0.0532526 0.0442741 0.0357643 0.0292826 0.0247543 0.0212846
 1.13163e-16 3.88014e-05 0.000377163 0.00250638 0.0113937 0.0354501 0.0755311 0.110245 0.110272 0.07566 0.0358836 0.012649 0.00567022 0.00732616 0.0133607 0.0223528 0.0329612 0.043057 0.0504597 0.0541277 0.0546469 0.0535376 0.0519979 0.0501647 0.047371 0.0429594
 1.16887e-16 4.57239e-05 0.000444453 0.00295355 0.0134264 0.0417746 0.089006 0.129911 0.129932 0.0891057 0.0421099 0.014397 0.00539876 0.00581228 0.0103296 0.0172432 0.025408 0.0331892 0.0389727 0.0420956 0.0432113 0.04369 0.0445335 0.0456934 0.046238 0.0450784
 1.11108e-16 5.80456e-05 0.000564224 0.00374947 0.0170445 0.053032 0.112991 0.164917 0.164933 0.113069 0.0532933 0.0178003 0.0056504 0.00472744 0.00800519 0.0132512 0.0193466 0.0249044 0.0285706 0.0297819 0.0291037 0.0277937 0.0269358 0.0268273 0.0269936 0.0266575
 1.04249e-16 6.69955e-05 0.00065122 0.00432759 0.0196726 0.0612088 0.130412 0.190343 0.190356 0.130474 0.0614176 0.020276 0.0058433 0.0039641 0.00637097 0.0104593 0.0151398 0.0192116 0.0215041 0.0214958 0.0196214 0.0169581 0.0145451 0.0128692 0.0118197 0.0109909
 1.0279e-16 6.18283e-05 0.000600993 0.00399381 0.0181553 0.056488 0.120354 0.175665 0.175684 0.12045 0.056809 0.0190825 0.00632156 0.00568376 0.00971874 0.0159793 0.0230371 0.0290219 0.0320706 0.0313261 0.0274408 0.0221193 0.0170822 0.0132607 0.0106867 0.00890631
 1.03503e-16 5.74997e-05 0.000558917 0.0037142 0.0168842 0.0525332 0.111928 0.163367 0.163389 0.112036 0.0528931 0.0179243 0.00632712 0.00627024 0.0109257 0.0180272 0.0260932 0.0330835 0.0369479 0.036726 0.0330864 0.0278091 0.0226559 0.0185274 0.0154028 0.012831
 1.05417e-16 5.29175e-05 0.000514377 0.00341821 0.0155387 0.0483469 0.103009 0.15035 0.150374 0.103127 0.0487438 0.0166862 0.00630236 0.00682277 0.0120698 0.019965 0.0289778 0.0369087 0.041541 0.0418418 0.0385343 0.0335121 0.0285978 0.0246425 0.0215024 0.0186208
 1.05251e-16 6.06218e-05 0.000589266 0.00391588 0.017801 0.0553857 0.118006 0.172236 0.172253 0.118086 0.0556563 0.0185835 0.00588338 0.00489598 0.00827426 0.0136737 0.0199053 0.025484 0.0289332 0.0295725 0.0278887 0.0251243 0.0224331 0.0202856 0.0184841 0.0165891
 1.01106e-16 7.681e-05 0.000746621 0.00496156 0.0225545 0.0701755 0.149517 0.218225 0.21823 0.14954 0.0702544 0.0227823 0.00553379 0.00199718 0.00245591 0.00394933 0.00570742 0.00723226 0.00807364 0.0080278 0.00725193 0.00614784 0.0051086 0.00432741 0.0037814 0.0033429
 1.02211e-16 3.53208e-05 0.000343331 0.00228156 0.0103717 0.0322704 0.0687573 0.100364 0.100415 0.0690079 0.0331113 0.0127997 0.00837247 0.0136274 0.0252276 0.0415543 0.0596317 0.0745144 0.0811856 0.0773342 0.0647568 0.0481978 0.0325933 0.0208395 0.0133546 0.00905247
 1.02014e-16 7.40741e-05 0.000720027 0.00478483 0.0217512 0.0676759 0.144191 0.210452 0.210456 0.144212 0.0677459 0.0219542 0.00529793 0.00185182 0.00225772 0.00370407 0.00553488 0.00738811 0.00893291 0.0099917 0.0105954 0.0108728 0.0108802 0.0105381 0.00972326 0.00841495
 1.02754e-16 5.20489e-05 0.000505934 0.00336211 0.0152837 0.0475534 0.101319 0.147884 0.147916 0.101474 0.0480761 0.0167929 0.00714837 0.00876444 0.0157164 0.0258482 0.0371112 0.0464247 0.0506941 0.0485141 0.0410288 0.0311949 0.0220515 0.0153249 0.0111669 0.00879157
 1.05546e-16 5.15671e-05 0.00050125 0.00333099 0.0151422 0.0471131 0.10038 0.146513 0.146536 0.100493 0.0474904 0.0162337 0.00607741 0.00651872 0.0115441 0.0191703 0.0279983 0.036013 0.041162 0.0424472 0.0404268 0.0366628 0.0326086 0.0288671 0.0252689 0.0214501
 1.05114e-16 6.2904e-05 0.00061145 0.0040633 0.0184712 0.0574708 0.122448 0.17872 0.178734 0.122518 0.0577064 0.0191527 0.00577707 0.00436315 0.0072193 0.0119182 0.017359 0.022249 0.0253144 0.0259787 0.0246792 0.0225003 0.0204288 0.0188329 0.0174825 0.0159392
 1.03622e-16 6.31226e-05 0.000613575 0.00407742 0.0185354 0.0576705 0.122874 0.179341 0.179359 0.122958 0.0579533 0.0193524 0.00612916 0.00509566 0.00858477 0.0141175 0.020391 0.0257728 0.0286462 0.0282754 0.0252372 0.021008 0.017049 0.0141052 0.0121282 0.0106627
 1.07864e-16 2.94867e-05 0.000286622 0.0019047 0.00865854 0.0269402 0.0574007 0.0837879 0.0838354 0.057633 0.0277205 0.0109133 0.00756805 0.0126615 0.0235661 0.0390033 0.0563947 0.0713624 0.0794454 0.0785705 0.0702419 0.0584205 0.0470459 0.0381607 0.0317346 0.0267142
 1.07469e-16 6.29631e-05 0.000612024 0.00406711 0.0184885 0.0575247 0.122563 0.178886 0.178894 0.122603 0.0576618 0.0188868 0.00507531 0.00284054 0.0043766 0.00734883 0.0110798 0.0149832 0.0184848 0.0212986 0.0235091 0.0253238 0.0267233 0.027349 0.0267289 0.024629
 1.06876e-16 5.43091e-05 0.000527904 0.00350811 0.0159474 0.0496183 0.105718 0.154304 0.154329 0.105841 0.0500303 0.0171374 0.00649559 0.00705059 0.0124458 0.0205015 0.0295632 0.0372686 0.0412691 0.0405355 0.035996 0.0299167 0.02452 0.0209034 0.018893 0.0176262
 1.10108e-16 3.90935e-05 0.000380003 0.00252525 0.0114795 0.035717 0.0761001 0.111077 0.111111 0.0762642 0.0362682 0.0130732 0.00653262 0.00915093 0.0167637 0.0278277 0.0404949 0.0517888 0.0586796 0.0597512 0.0559736 0.0498844 0.043886 0.0390356 0.0350529 0.0311431
 1.07477e-16 6.24525e-05 0.000607061 0.00403413 0.0183386 0.0570582 0.121569 0.177436 0.177447 0.121624 0.0572423 0.0188718 0.00537833 0.0035607 0.0057289 0.00952247 0.0140668 0.0184437 0.021757 0.0236023 0.0242595 0.0243801 0.0244346 0.0243902 0.0238336 0.022352
 1.05387e-16 5.92392e-05 0.000575826 0.00382657 0.017395 0.0541225 0.115314 0.168309 0.16833 0.115415 0.0544596 0.0183688 0.00627164 0.0059158 0.0102082 0.016803 0.0242523 0.0306191 0.0339828 0.0334891 0.0298679 0.0249319 0.020463 0.0173487 0.0154749 0.0141961
 1.09436e-16 3.24247e-05 0.00031518 0.00209448 0.00952124 0.0296243 0.0631193 0.0921333 0.0921755 0.0633254 0.0303166 0.0115221 0.00712215 0.0113083 0.0209622 0.0347395 0.0503596 0.0639993 0.0717637 0.0718401 0.0655206 0.0561929 0.0471636 0.04005 0.0346889 0.0301093
 1.17497e-16 3.80925e-05 0.000370272 0.00246059 0.0111855 0.0348024 0.0741509 0.10823 0.10825 0.0742525 0.0351445 0.0121781 0.00496896 0.00590185 0.010708 0.0180747 0.0270508 0.0361638 0.0439041 0.0495573 0.0534736 0.0564594 0.0588332 0.0600109 0.0589352 0.0548952
 1.07204e-16 6.92242e-05 0.000672884 0.00447155 0.020327 0.063245 0.13475 0.196674 0.196681 0.134785 0.0633629 0.0206684 0.00533111 0.00255852 0.00367821 0.00604658 0.00888711 0.0115794 0.0135589 0.0146164 0.0150255 0.0153224 0.0159012 0.0167447 0.0174667 0.0175761
pSPR Fmed_Fpbrs
0.734573   0.6 0.325
Fs Fmed_Fpbrs
0.155321   0.26588 0.643391
SSBpbr Bo_Bmed_Bpbrs
2.48631e+06  1.70206e+06  1.36747e+06 683734
Ro
235106
SPR SPRFo_SPRFmed_SPRFpbrs
1.68052e+06 1.23446e+06 546168
Fref
0.26588
Nvult_r0
 279573 25079.2 11458.8 12677.6 4940.46
CTP_r0
 27962.4 2812.42 1285.01 1421.68 554.031
YTP_r0
391298
Np
 327716 137194 12032.7 5497.83 8054.73
Nvult_p0
 232304 98506.2 8639.62 3947.49 5783.37
CTP_p0
 44042.3 20689.8 1814.63 829.113 1214.71
YTP_p0
 772903
CBA_c0
505779
log_Ro
12.1878
likeval ReclasPelacesDesembMPH_pf_preclas_ppelaces_ptallas_desvR_qrecl_qpela
 16.0549 17.3564 0.103624 0.000812202 241.523 120.57 98.0949 0 22.8295 1.23657e-05 5.18153e-06 0.52717 6.24356e-16 0 0
q_reclas_q_pelaces
0.607561 0.72336
M
1
N
 245335 57078.2 226447 12292.2 0.38155
 142808 83532.5 19229.9 76291 4141.44
 140138 45716.6 26238.2 6040.27 25264.4
 259594 45061.4 14432.4 8283.23 9882.7
 207620 78222.8 13213.3 4232.01 5326.78
 342680 71420.7 26663.1 4503.89 3258.21
 144719 110180 22545 8416.58 2450.22
 69295.3 40012.4 29297.8 5994.94 2889.59
 63352.5 24397.9 14003.7 10253.7 3109.43
 82253.5 19648.7 7392.65 4243.16 4049.09
 149119 24305 5634.85 2120.07 2378.05
 186092 51840.1 8384.41 1943.83 1551.7
 156813 52431.9 14083.8 2277.85 949.655
 110824 45089.4 14577.4 3915.64 897.327
 115720 27551.2 10625.5 3435.2 1134.19
 600574 32874.8 7555.64 2913.92 1253.11
 139309 176000 9339.55 2146.51 1183.83
 904210 44263.4 54813.6 2908.72 1037.21
 531065 285400 13682 16943.1 1219.7
 404659 156452 81567.7 3910.32 5190.94
 620490 122434 46089.8 24029.3 2681.17
 827605 196989 38095.2 14340.8 8310.94
 181334 252574 58604.2 11333.3 6738.91
 535585 59821 82091.8 19047.6 5873.86
 449066 179390 19781.6 27146.2 8241.05
 203631 150057 59162 6523.89 11670.5
 452483 69294.9 50523.3 19919.5 6125.96
 506185 151332 22876 16679 8598.26
 153389 171532 50710.2 7665.59 8470.24
 112493 52169.1 57717.9 17063.2 5429.46
 416767 37111.9 16956.6 18760.1 7310.84
pred_Ctot
 11622.2 3059.79 12139.1 658.947 0.0204537
 11851.6 7818.25 1799.83 7140.48 387.619
 11279.6 4150.9 2382.33 548.434 2293.92
 30172.6 5887.8 1885.77 1082.3 1291.29
 8566.57 3654.35 617.288 197.708 248.852
 27597.8 6488.44 2422.29 409.171 296.003
 23261.3 19820.3 4055.65 1514.07 440.774
 1887.33 1235.49 904.647 185.109 89.2237
 6372.62 2763.11 1585.94 1161.26 352.15
 10415.6 2794.14 1051.27 603.399 575.801
 5209.61 961.964 223.021 83.9098 94.1206
 28144.1 8783.04 1420.53 329.335 262.898
 22086.8 8281.68 2224.55 359.789 149.999
 23445.6 10620 3433.43 922.257 211.349
 17014.9 4540.1 1750.94 566.078 186.9
 78661.4 4833.45 1110.87 428.422 184.239
 12147.8 17301.4 918.112 211.01 116.375
 82192.6 4534.27 5615.02 297.965 106.25
 68089.1 41086.8 1969.68 2439.16 175.59
 46147.1 20061.4 10459.2 501.407 665.617
 54393.1 12098.8 4554.57 2374.56 264.952
 90522.2 24237.9 4687.31 1764.52 1022.59
 11941.7 18789.3 4359.66 843.104 501.318
 30545 3857.11 5293.08 1228.14 378.732
 26229.3 11844.5 1306.11 1792.36 544.127
 9713.1 8099.28 3193.25 352.125 629.914
 26196.7 4535.32 3306.72 1303.72 400.941
 25399.9 8590.72 1298.61 946.825 488.102
 7366.24 9320.95 2755.57 416.544 460.269
 7406.37 3879.97 4292.65 1269.04 403.806
 27962.4 2812.42 1285.01 1421.68 554.031
F
 0.0773886 0.0879539 0.0879539 0.0879539 0.0879539
 0.139039 0.158021 0.158021 0.158021 0.158021
 0.134605 0.152982 0.152982 0.152982 0.152982
 0.199557 0.226801 0.226801 0.226801 0.226801
 0.0671192 0.0762825 0.0762825 0.0762825 0.0762825
 0.134687 0.153075 0.153075 0.153075 0.153075
 0.285606 0.324597 0.324597 0.324597 0.324597
 0.043881 0.0498718 0.0498718 0.0498718 0.0498718
 0.170705 0.19401 0.19401 0.19401 0.19401
 0.219124 0.249039 0.249039 0.249039 0.249039
 0.0565834 0.0643083 0.0643083 0.0643083 0.0643083
 0.266728 0.303142 0.303142 0.303142 0.303142
 0.246404 0.280044 0.280044 0.280044 0.280044
 0.391892 0.445395 0.445395 0.445395 0.445395
 0.258466 0.293753 0.293753 0.293753 0.293753
 0.227403 0.258448 0.258448 0.258448 0.258448
 0.146539 0.166544 0.166544 0.166544 0.166544
 0.153168 0.174079 0.174079 0.174079 0.174079
 0.222133 0.25246 0.25246 0.25246 0.25246
 0.195474 0.222161 0.222161 0.222161 0.222161
 0.147363 0.167482 0.167482 0.167482 0.167482
 0.186833 0.21234 0.21234 0.21234 0.21234
 0.108986 0.123865 0.123865 0.123865 0.123865
 0.0937969 0.106602 0.106602 0.106602 0.106602
 0.0961555 0.109283 0.109283 0.109283 0.109283
 0.0779397 0.0885803 0.0885803 0.0885803 0.0885803
 0.0952764 0.108284 0.108284 0.108284 0.108284
 0.0821331 0.0933462 0.0933462 0.0933462 0.0933462
 0.0784865 0.0892017 0.0892017 0.0892017 0.0892017
 0.108957 0.123832 0.123832 0.123832 0.123832
 0.111134 0.126306 0.126306 0.126306 0.126306
YTP_r0W_actual
 237680 45842.4 37136.8 49474.6 21164
YTP_p0W_proyectada
 331198 333520 42426 24458.8 41300.3
CTP_r0_actual
 27962.4 2812.42 1285.01 1421.68 554.031
CTP_p0_proyectada
 44042.3 20689.8 1814.63 829.113 1214.71
Wmedp
 7.52 16.12 23.38 29.5 34
Frms_r0
 0.111134 0.126306 0.126306 0.126306 0.126306
Zrms_r0
 1.11113 1.12631 1.12631 1.12631 1.12631
nmprior
 8.19 8.8 8.5 0
nm_flota  nm_reclas  nm_pelaces    nm_pelaL
inf 11.6333 17.6655 41.8085
cv_recla  cv_pelaces  cv_mph
0.362434 0.472391 0.879503
 ------------------------------------------------
Talla a la edad & desviaci?n 
 8 13.2811 15.8009 17.003 17.5766
 0.8 1.32811 1.58009 1.7003 1.75766
