years
 1991 1992 1993 1994 1995 1996 1997 1998 1999 2000 2001 2002 2003 2004 2005 2006 2007 2008 2009 2010 2011 2012 2013 2014 2015 2016 2017 2018 2019 2020 2021
reclasobs
 0 0 0 0 0 0 0 0 0 252601 567819 844713 477998 351125 339783 2.1784e+06 2.13404e+06 4.81314e+06 1.55562e+06 2.62356e+06 3.21686e+06 3.843e+06 1.13348e+06 3.07943e+06 1.97215e+06 2.03268e+06 2.025e+06 2.42433e+06 2.27542e+06 1.05018e+06 2.36338e+06
reclaspred
 2.70225e+06 1.07283e+06 559464 295800 74068.1 923307 317221 97514.5 303641 151860 280890 481844 441997 303113 244263 1.18166e+06 846930 3.15668e+06 2.40256e+06 1.24e+06 2.45856e+06 2.23435e+06 1.38653e+06 2.54588e+06 1.72685e+06 1.16935e+06 1.7224e+06 2.33932e+06 1.74333e+06 761548 1.07368e+06
pelacesobs
 0 0 0 0 0 0 0 0 0 0 0 0 0 0 0 552880 188675 0 991730 2.46772e+06 1.41603e+06 1.21717e+06 2.29649e+06 1.80582e+06 0 1.4828e+06 1.56532e+06 1.57751e+06 1.42118e+06 867257 1.10002e+06
pelacespred
 1.31525e+06 553140 255404 87983 23771.6 405370 97955.4 41364 122497 53229.1 124872 180839 181553 123491 100311 453323 326007 1.48975e+06 1.12e+06 556924 1.06541e+06 982675 613955 1.28535e+06 833057 558560 947145 1.25055e+06 777638 400144 521607
mphobs
 0 0 0 0 0 0 0 0 0 0 0 498337 0 5186 125008 0 168611 109162 213762 579715 649985 157893 87575 83554 0 0 0 0 0 0 0
mphpred
 2.84247e+06 1.41971e+06 429895 299776 98570.6 24359.7 459977 102409 39076.7 136249 50595.6 184958 249869 180714 94525.6 100553 755615 488631 1.86663e+06 1.19556e+06 826897 1.26348e+06 1.3257e+06 833706 1.4288e+06 1.0168e+06 627785 889628 1.62272e+06 921328 368561
desembarqueobs
 494567 514787 250237 358949 120608 361735 552515 73892 212993 205616 52469 317467 293654 387597 252695 516296 358380 742168 942051 627588 828172 859565 418607 520667 417249 300574 415391 372974 316634 284311 391294
desembarquepred
 494541 515072 249319 358891 120555 361559 551789 73865.7 212847 205434 52463.4 317276 293451 387114 252482 516019 358289 741855 941133 626835 827814 859010 418440 520532 417070 300434 415233 372852 316520 284160 391149
Reclutas
 22121.1 14311.5 181134 18287.9 7822.94 278582 13933.7 3366.95 58693.8 25730 77303.8 140952 91416.1 68238.4 52681 442140 21852.1 855152 308460 136626 435468 584517 29516.9 339394 203443 53768.2 268515 351604 32948 16429.7 181632
log_desv_Rt
 -1.26488 -1.70035 0.83782 -1.45518 -2.30435 1.2683 -1.72711 -3.14741 -0.28908 -1.11376 -0.0136714 0.587003 0.154007 -0.138407 -0.39716 1.73021 -1.27712 2.38986 1.37018 0.555834 1.71501 2.00937 -0.976451 1.46575 0.95397 -0.376733 1.23149 1.50109 -0.866483 -1.56232 0.840569
SSB
 2.84247e+06 1.41971e+06 429895 299776 98570.6 24359.7 459977 102409 39076.7 136249 50595.6 184958 249869 180714 94525.6 100553 755615 488631 1.86663e+06 1.19556e+06 826897 1.26348e+06 1.3257e+06 833706 1.4288e+06 1.0168e+06 627785 889628 1.62272e+06 921328 368561
BT
 3.4828e+06 1.83007e+06 832278 472958 163230 1.25645e+06 712067 165687 474374 309914 331970 678835 682511 687540 484014 1.45401e+06 1.03463e+06 4.10422e+06 3.47193e+06 1.88582e+06 3.16101e+06 3.04141e+06 1.77927e+06 3.45733e+06 2.31236e+06 1.56473e+06 2.6209e+06 3.25339e+06 2.05669e+06 1.2243e+06 1.58672e+06
Ftot
 0.17377 0.443517 0.453641 1.05181 1.35477 0.444468 1.40487 0.697801 0.759019 1.21274 0.21031 0.677086 0.662019 1.21648 1.04198 0.488095 0.398087 0.263352 0.387523 0.487995 0.355795 0.397671 0.286623 0.221714 0.241355 0.250961 0.261177 0.173929 0.173382 0.351806 0.393262
BD_Bspro_t
 0.97258 0.783769 0.508249 0.449187 0.18517 0.0743995 0.471657 0.14751 0.0899481 0.274833 0.162765 0.507677 0.428506 0.310832 0.185838 0.202446 0.527991 0.41647 0.664447 0.526246 0.402078 0.503618 0.538879 0.464487 0.624951 0.602673 0.552572 0.658339 0.755863 0.642791 0.475652
BD_Bspro
 5.07432 2.53443 0.767439 0.535153 0.175966 0.0434864 0.821141 0.182819 0.0697588 0.243229 0.0903221 0.330183 0.446061 0.322607 0.168745 0.179506 1.34891 0.872293 3.33226 2.13428 1.47616 2.25554 2.36662 1.48831 2.55065 1.81518 1.12071 1.58814 2.89684 1.64473 0.657948
BD_Bo
 1.61325 0.805756 0.243987 0.170138 0.0559438 0.0138254 0.26106 0.0581226 0.022178 0.0773283 0.0287156 0.104973 0.141814 0.102565 0.0536481 0.0570691 0.42885 0.277323 1.05941 0.678539 0.469306 0.717091 0.752405 0.47317 0.810914 0.577088 0.3563 0.504909 0.920975 0.5229 0.209177
BD_Brms
 10.167 5.07805 1.53766 1.07225 0.35257 0.0871304 1.64526 0.366301 0.139771 0.487339 0.180972 0.661563 0.89374 0.646384 0.338102 0.359662 2.70271 1.74775 6.6766 4.2763 2.95767 4.51926 4.74182 2.98202 5.11056 3.63693 2.24548 3.18205 5.80418 3.29543 1.31828
Sel_flota
 0.81216 1 1 1 1
 0.81216 1 1 1 1
 0.81216 1 1 1 1
 0.81216 1 1 1 1
 0.81216 1 1 1 1
 0.81216 1 1 1 1
 0.81216 1 1 1 1
 0.81216 1 1 1 1
 0.81216 1 1 1 1
 0.81216 1 1 1 1
 0.81216 1 1 1 1
 0.81216 1 1 1 1
 0.81216 1 1 1 1
 0.81216 1 1 1 1
 0.81216 1 1 1 1
 0.81216 1 1 1 1
 0.81216 1 1 1 1
 0.81216 1 1 1 1
 0.81216 1 1 1 1
 0.81216 1 1 1 1
 0.81216 1 1 1 1
 0.81216 1 1 1 1
 0.81216 1 1 1 1
 0.81216 1 1 1 1
 0.81216 1 1 1 1
 0.81216 1 1 1 1
 0.81216 1 1 1 1
 0.81216 1 1 1 1
 0.81216 1 1 1 1
 0.81216 1 1 1 1
 0.81216 1 1 1 1
Sel_reclas
 1 1 1 1 1
 1 1 1 1 1
 1 1 1 1 1
 1 1 1 1 1
 1 1 1 1 1
 1 1 1 1 1
 1 1 1 1 1
 1 1 1 1 1
 1 1 1 1 1
 1 1 1 1 1
 1 1 1 1 1
 1 1 1 1 1
 1 1 1 1 1
 1 1 1 1 1
 1 1 1 1 1
 1 1 1 1 1
 1 1 1 1 1
 1 1 1 1 1
 1 1 1 1 1
 1 1 1 1 1
 1 1 1 1 1
 1 1 1 1 1
 1 1 1 1 1
 1 1 1 1 1
 1 1 1 1 1
 1 1 1 1 1
 1 1 1 1 1
 1 1 1 1 1
 1 1 1 1 1
 1 1 1 1 1
 1 1 1 1 1
Sel_pelaces
 1 1 1 1 1
 1 1 1 1 1
 1 1 1 1 1
 1 1 1 1 1
 1 1 1 1 1
 1 1 1 1 1
 1 1 1 1 1
 1 1 1 1 1
 1 1 1 1 1
 1 1 1 1 1
 1 1 1 1 1
 1 1 1 1 1
 1 1 1 1 1
 1 1 1 1 1
 1 1 1 1 1
 1 1 1 1 1
 1 1 1 1 1
 1 1 1 1 1
 1 1 1 1 1
 1 1 1 1 1
 1 1 1 1 1
 1 1 1 1 1
 1 1 1 1 1
 1 1 1 1 1
 1 1 1 1 1
 1 1 1 1 1
 1 1 1 1 1
 1 1 1 1 1
 1 1 1 1 1
 1 1 1 1 1
 1 1 1 1 1
pf_obs 
 0.8446 0.082 0.0669 0.0065 0
 0.8095 0.147 0.0364 0.0071 0
 0.9664 0.0169 0.016 0.0007 0
 0.9276 0.0648 0.0075 0.0001 0
 0.7033 0.2144 0.0806 0.0017 0
 0.9318 0.0425 0.0243 0.0014 0
 0.5671 0.3108 0.0964 0.0239 0.0018
 0.0768 0.2599 0.5324 0.112 0.0189
 0.490249 0.384438 0.106611 0.0170017 0.00170017
 0.7925 0.1577 0.0466 0.003 0.0002
 0.840416 0.127587 0.0312969 0.00059994 9.999e-05
 0.8084 0.0986 0.0794 0.0134 0.0002
 0.7335 0.1905 0.0724 0.0035 0.0001
 0.4001 0.4547 0.1325 0.0127 0
 0.49795 0.308269 0.164784 0.0264974 0.00249975
 0.9179 0.0499 0.0305 0.0017 0
 0.2467 0.6533 0.0926 0.0074 0
 0.9418 0.0223 0.034 0.0019 0
 0.707729 0.231977 0.0356964 0.0245975 0
 0.517169 0.277429 0.184464 0.0207286 0.00020938
 0.811772 0.124168 0.05621 0.00726502 0.000585176
 0.764997 0.148141 0.077277 0.00933861 0.000247198
 0.163321 0.427699 0.378323 0.0303852 0.000271297
 0.753843 0.0900009 0.118128 0.0371064 0.000921714
 0.721811 0.176058 0.0630433 0.0369309 0.00215725
 0.143369 0.312575 0.442814 0.0836902 0.0175525
 0.692698 0.0596174 0.167031 0.0765114 0.00414204
 0.394062 0.376323 0.152708 0.0712218 0.00568511
 0.125707 0.32114 0.495352 0.0537591 0.00404204
 0.23352 0.215282 0.420074 0.123614 0.00750983
 0.774587 0.0839891 0.0768558 0.0609784 0.00358967
pf_pred 
 0.0928937 0.229047 0.602036 0.076023 7.02272e-07
 0.16213 0.0954472 0.187464 0.492737 0.0622217
 0.892465 0.0215583 0.00979421 0.0192364 0.0569465
 0.239955 0.695456 0.0129485 0.00588265 0.0457574
 0.425184 0.17627 0.364678 0.0067898 0.0270786
 0.992171 0.00406626 0.00115395 0.00238735 0.000221718
 0.146447 0.848388 0.00268293 0.000761377 0.00172147
 0.261031 0.148943 0.586456 0.0018546 0.00171629
 0.958205 0.0134092 0.00572123 0.0225271 0.000137166
 0.652167 0.33693 0.0034982 0.00149256 0.00591268
 0.929321 0.0514992 0.0185783 0.000192891 0.000408325
 0.825207 0.164848 0.00724633 0.00261411 8.45956e-05
 0.691625 0.266115 0.0398557 0.00175197 0.000652474
 0.695343 0.228221 0.0659605 0.00987881 0.000595975
 0.789574 0.16115 0.0369136 0.0106688 0.00169424
 0.974078 0.0217743 0.0031765 0.000727621 0.000243693
 0.140634 0.842164 0.0144495 0.00210794 0.000644567
 0.954966 0.00784352 0.0364459 0.000625324 0.000119119
 0.494519 0.487362 0.00315582 0.0146639 0.000299524
 0.436096 0.314302 0.240655 0.00155831 0.0073888
 0.843474 0.0785572 0.0434572 0.0332743 0.00123708
 0.780613 0.191651 0.0139202 0.00770054 0.00611537
 0.114378 0.72706 0.138515 0.0100608 0.00998542
 0.821317 0.0252098 0.125995 0.0240039 0.00347389
 0.579178 0.358957 0.00872833 0.043623 0.00951358
 0.31482 0.435231 0.213204 0.00518423 0.0315607
 0.835287 0.0605937 0.0661374 0.0323983 0.00558374
 0.758115 0.209333 0.011975 0.0130706 0.00750631
 0.161432 0.668638 0.147062 0.00841277 0.0144559
 0.202014 0.155312 0.51244 0.112708 0.0175264
 0.891174 0.0266597 0.0159921 0.0527646 0.0134098
pobs_RECLAS
 0 0 0 0 0
 0 0 0 0 0
 0 0 0 0 0
 0 0 0 0 0
 0 0 0 0 0
 0 0 0 0 0
 0 0 0 0 0
 0 0 0 0 0
 0 0 0 0 0
 0 0 0 0 0
 0.991045 0.00858322 0.000360255 1.14367e-05 0
 0.934742 0.0480273 0.0164251 0.00080598 0
 0.827803 0.169806 0.00239088 0 0
 0.941827 0.0461693 0.0120037 0 0
 0.791401 0.0380133 0.147996 0.0225897 0
 0.846168 0.0940531 0.0597789 0 0
 0.134021 0.677848 0.182769 0.00536245 0
 0.80878 0.0450904 0.141981 0.00414843 0
 0.846168 0.0940531 0.0597789 0 0
 0.905697 0.0802665 0.012482 0.00150086 5.37128e-05
 0.989698 0.0102097 9.19794e-05 0 0
 0.975433 0.0193895 0.00387452 0.00125025 5.28907e-05
 0.303575 0.632131 0.0575291 0.00676475 0
 0.966965 0.00978017 0.0227588 0.000495775 0
 0.843318 0.132988 0.00938335 0.0141283 0.000182051
 0.564624 0.303363 0.111486 0.0197234 0.00080311
 0.826376 0.0876187 0.0782897 0.00655872 0.00115652
 0.89761 0.0855135 0.0140674 0.00269457 0.000114338
 0.34875 0.467042 0.161289 0.0227151 0.000203297
 0.318654 0.224769 0.449479 0.00709798 0
 0.937255 0.0296025 0.0250945 0.00804832 0
ppred_RECLAS
 0.11228 0.224152 0.58917 0.0743983 6.87263e-07
 0.193883 0.0918301 0.180359 0.474064 0.0598637
 0.911648 0.0177124 0.008047 0.0158048 0.0467877
 0.286061 0.653268 0.012163 0.0055258 0.0429816
 0.487568 0.15714 0.325099 0.00605291 0.0241397
 0.993692 0.00327639 0.000929794 0.00192361 0.00017865
 0.181154 0.813891 0.00257384 0.000730418 0.00165147
 0.306724 0.139733 0.550193 0.00173992 0.00161017
 0.966415 0.0107753 0.00459744 0.0181022 0.000110223
 0.70554 0.285229 0.00296141 0.00126353 0.0050054
 0.942035 0.0422357 0.0152365 0.000158194 0.000334877
 0.855263 0.136502 0.00600031 0.00216461 7.00492e-05
 0.737244 0.226747 0.0339596 0.00149279 0.00055595
 0.744717 0.191235 0.0552706 0.00827781 0.000499389
 0.826395 0.132951 0.0304544 0.00880191 0.00139778
 0.979064 0.0175864 0.00256555 0.000587674 0.000196822
 0.168857 0.814506 0.013975 0.00203871 0.000623398
 0.96329 0.0063938 0.0297096 0.000509745 9.71018e-05
 0.548371 0.43544 0.00281961 0.0131017 0.000267614
 0.490423 0.284022 0.21747 0.00140818 0.00667696
 0.869838 0.0653259 0.0361377 0.0276699 0.00102872
 0.815404 0.161258 0.0117127 0.00647935 0.00514556
 0.137856 0.707786 0.134843 0.00979409 0.00972071
 0.85036 0.0211123 0.105516 0.0201024 0.00290926
 0.629938 0.315659 0.00767551 0.0383612 0.00836604
 0.36241 0.405001 0.198396 0.00482415 0.0293686
 0.862541 0.0505675 0.0551939 0.0270375 0.00465982
 0.794704 0.177668 0.0101636 0.0110935 0.00637088
 0.19209 0.644192 0.141685 0.00810519 0.0139273
 0.238915 0.14813 0.488743 0.107496 0.0167159
 0.910434 0.0219413 0.0131617 0.0434261 0.0110365
pobs_PELACES
 0 0 0 0 0
 0 0 0 0 0
 0 0 0 0 0
 0 0 0 0 0
 0 0 0 0 0
 0 0 0 0 0
 0 0 0 0 0
 0 0 0 0 0
 0 0 0 0 0
 0 0 0 0 0
 0 0 0 0 0
 0 0 0 0 0
 0 0 0 0 0
 0 0 0 0 0
 0 0 0 0 0
 0 0 0 0 0
 0.505614 0.472636 0.0217494 0 0
 0 0 0 0 0
 0.443492 0.261883 0.143347 0.151278 0
 0.227955 0.32914 0.350689 0.0885471 0.00366901
 0.970185 0.0296113 0.000203453 0 0
 0.997202 0.00247181 0.000326279 0 0
 0.445219 0.490057 0.0546422 0.010081 0
 0.90214 0.0892962 0.00764917 0.000914606 0
 0 0 0 0 0
 0.581667 0.319106 0.0959925 0.00289975 0.000334073
 0.762889 0.0836404 0.116647 0.0363945 0.000428098
 0.88444 0.0763242 0.0277011 0.0115352 0
 0.521256 0.241999 0.230069 0.00667565 0
 0.616807 0.101726 0.260614 0.0208532 0
 0.833518 0.0704572 0.0857862 0.0102388 0
ppred_PELACES
 0.113358 0.22388 0.588454 0.0743079 6.86429e-07
 0.198216 0.0913365 0.17939 0.471516 0.0595419
 0.913887 0.0172636 0.00784308 0.0154043 0.045602
 0.29956 0.640917 0.011933 0.00542132 0.0421689
 0.50856 0.150702 0.311782 0.00580496 0.0231509
 0.993862 0.0031879 0.000904681 0.00187166 0.000173825
 0.194432 0.800693 0.0025321 0.000718574 0.00162469
 0.315998 0.137864 0.542833 0.00171665 0.00158863
 0.967909 0.0102959 0.00439292 0.0172969 0.00010532
 0.720913 0.270338 0.00280681 0.00119757 0.00474409
 0.942742 0.04172 0.0150505 0.000156263 0.000330788
 0.860382 0.131675 0.00578811 0.00208806 6.7572e-05
 0.745116 0.219954 0.0329423 0.00144807 0.000539294
 0.758787 0.180695 0.0522245 0.00782159 0.000471866
 0.835467 0.126004 0.0288629 0.00834195 0.00132474
 0.979675 0.0170729 0.00249064 0.000570516 0.000191076
 0.172349 0.811084 0.0139163 0.00203014 0.000620779
 0.963863 0.00629401 0.0292459 0.000501789 9.55864e-05
 0.554313 0.429711 0.00278251 0.0129293 0.000264093
 0.497985 0.279807 0.214243 0.00138729 0.00657788
 0.872315 0.0640828 0.0354501 0.0271434 0.00100914
 0.819086 0.158042 0.0114791 0.00635013 0.00504294
 0.139981 0.706041 0.134511 0.00976995 0.00969674
 0.8521 0.0208667 0.104289 0.0198686 0.00287542
 0.633419 0.31269 0.00760331 0.0380003 0.00828735
 0.366012 0.402713 0.197275 0.0047969 0.0292027
 0.86445 0.0498655 0.0544277 0.0266622 0.00459513
 0.796457 0.176151 0.0100768 0.0109987 0.00631646
 0.193764 0.642857 0.141392 0.00808841 0.0138985
 0.242903 0.147354 0.486183 0.106932 0.0166283
 0.912402 0.0214592 0.0128725 0.0424719 0.010794
pobs_pel_tallas
 0 0 0 0 0 0 0 0 0 0 0 0 0 0 0 0 0 0 0 0 0 0 0 0 0 0
 0 0 0 0 0 0 0 0 0 0 0 0 0 0 0 0 0 0 0 0 0 0 0 0 0 0
 0 0 0 0 0 0 0 0 0 0 0 0 0 0 0 0 0 0 0 0 0 0 0 0 0 0
 0 0 0 0 0 0 0 0 0 0 0 0 0 0 0 0 0 0 0 0 0 0 0 0 0 0
 0 0 0 0 0 0 0 0 0 0 0 0 0 0 0 0 0 0 0 0 0 0 0 0 0 0
 0 0 0 0 0 0 0 0 0 0 0 0 0 0 0 0 0 0 0 0 0 0 0 0 0 0
 0 0 0 0 0 0 0 0 0 0 0 0 0 0 0 0 0 0 0 0 0 0 0 0 0 0
 0 0 0 0 0 0 0 0 0 0 0 0 0 0 0 0 0 0 0 0 0 0 0 0 0 0
 0 0 0 0 0 0 0 0 0 0 0 0 0 0 0 0 0 0 0 0 0 0 0 0 0 0
 0 0 0 0 0 0 0 0 0 0 0 0 0 0 0 0 0 0 0 0 0 0 0 0 0 0
 0 0 0 0 0 0 0 0 0 0 0 0 0 0 0 0 0 0 0 0 0 0 0 0 0 0
 0 0 0 0 0 0 0 0 0 0 0 0 0 0 0 0 0 0 0 0 0 0 0 0 0 0
 0.00862536 0 0 0.000197151 0.00414017 0.0128641 0.00837892 0.0270097 0.101434 0.158115 0.152841 0.127902 0.109271 0.109419 0.0830992 0.0579132 0.0238553 0.00714673 0.00463305 0.00128148 0.00103504 0.000492878 0.000147863 0.000147863 4.92878e-05 0
 0 0 0 0 0 0 0 0 0 0 0 0 0 0 0 0 0 0 0 0 0 0 0 0 0 0
 0 0 0 0 0 0 0 0.0054083 0.00873648 0.0413646 0.0450493 0.0745869 0.0622846 0.0627006 0.0613931 0.0827291 0.12552 0.122667 0.0946155 0.0697135 0.0546179 0.0294188 0.0215738 0.0213955 0.0102223 0.00600262
 0 0 0 0 0.00359764 0.0251062 0.0480494 0.140153 0.205849 0.193036 0.1447 0.116669 0.0760912 0.0342217 0.00950174 0.001854 0.000860785 0 0 0 0.000165536 0 0.000143464 0 0 0
 0 0 0 0 0 0 0 0.000145254 0.000435761 0.0275982 0.070085 0.0708112 0.156366 0.174668 0.174014 0.160142 0.0824315 0.0480064 0.0283245 0.00493863 0.00203355 0 0 0 0 0
 0 0 0 0 0 0 0 0 0 0 0 0 0 0 0 0 0 0 0 0 0 0 0 0 0 0
 0 0 1.00437e-05 0.000401748 0.00122533 0.00171747 0.00176769 0.0269171 0.070346 0.194647 0.189555 0.159765 0.064822 0.0314167 0.0384472 0.0292271 0.0345202 0.0313363 0.0194345 0.0106764 0.0143323 0.0359363 0.0279516 0.0138201 0.00172751 0
 0 0.0021121 0.0136068 0.0755702 0.200478 0.177729 0.0527432 0.0373336 0.0318909 0.0142505 0.0149659 0.0166563 0.0217959 0.0798694 0.0677717 0.0528807 0.04013 0.0224614 0.0357745 0.0225083 0.00881397 0.00855152 0.00135912 0.000746735 0 0
 0 0 0 0 5.4009e-05 0.00500934 0.000945158 0.0243581 0.138947 0.33067 0.221406 0.137944 0.0707744 0.0437923 0.0131692 0.00525238 0.0047753 0.00276346 9.45158e-05 9.00151e-06 2.25038e-05 9.00151e-06 4.50075e-06 0 0 0
 0.000866109 0.00284123 0.00948549 0.0512746 0.133035 0.25785 0.225252 0.132002 0.0553304 0.0519788 0.0540692 0.017754 0.00435017 0.00159236 0.00146478 0.000404838 0.000125132 0.000115318 0.000107957 0.000100596 0 0 0 0 0 0
 0 0 0 0 0.00144013 0.00171154 0.00461396 0.0210425 0.0478622 0.0707936 0.0888783 0.103762 0.0637923 0.0337046 0.0602308 0.124433 0.169614 0.0934646 0.0462172 0.0250306 0.0313229 0.00938855 0.002487 0.000210481 0 0
 0 0.00764035 0.051015 0.0998891 0.058973 0.0496711 0.0374665 0.0718981 0.12319 0.153886 0.159021 0.0857701 0.0377988 0.023471 0.0147837 0.00900784 0.00315554 0.000888139 0.00291439 0.00214683 0.00393193 0.00274676 0.000635225 9.99891e-05 0 0
 0 0 0 0 0 0 0 0 0 0 0 0 0 0 0 0 0 0 0 0 0 0 0 0 0 0
 0 0 0 0 0 0 0 0 0 0 0 0 0 0 0 0 0 0 0 0 0 0 0 0 0 0
 0 0 0 0 0 0 0 0 0 0 0 0 0 0 0 0 0 0 0 0 0 0 0 0 0 0
 0 0 0 0 0 0 0 0 0 0 0 0 0 0 0 0 0 0 0 0 0 0 0 0 0 0
 0 0 0 0 0 0 0 0 0 0 0 0 0 0 0 0 0 0 0 0 0 0 0 0 0 0
 0 0 0 0 0 0 0 0 0 0 0 0 0 0 0 0 0 0 0 0 0 0 0 0 0 0
 0 0 0 0 0 0 0 0 0 0 0 0 0 0 0 0 0 0 0 0 0 0 0 0 0 0
ppred_pel_tallas
 1.24491e-16 9.33717e-06 9.07606e-05 0.000603137 0.00274179 0.00853084 0.0181767 0.0265341 0.0265566 0.0182868 0.00890329 0.00382884 0.00337433 0.00628104 0.0121781 0.021193 0.033032 0.0467556 0.0612334 0.0756847 0.0896226 0.102142 0.111329 0.11464 0.110203 0.0980686
 1.62563e-16 1.63268e-05 0.000158702 0.00105463 0.00479421 0.0149166 0.0317818 0.0463884 0.0463976 0.0318271 0.0150703 0.00524416 0.00220787 0.00275768 0.0052006 0.00925075 0.0149968 0.0225811 0.0323739 0.0451211 0.0616382 0.0820008 0.104699 0.126433 0.14289 0.150199
 1.09493e-16 7.52757e-05 0.000731706 0.00486245 0.022104 0.0687737 0.14653 0.213865 0.213866 0.146538 0.0688015 0.0221846 0.00506615 0.00118122 0.000944181 0.00148486 0.00224227 0.00307757 0.00393848 0.00488602 0.00610023 0.0077847 0.0100128 0.0126142 0.0151757 0.01716
 1.08189e-16 2.46745e-05 0.000239845 0.00159386 0.00724548 0.0225437 0.0480341 0.07012 0.0701817 0.0483353 0.0235547 0.0101641 0.00891431 0.0162018 0.0302853 0.0498893 0.0715447 0.089314 0.0971908 0.0924744 0.0774681 0.0580592 0.0403355 0.0278064 0.0208062 0.0176725
 1.13536e-16 4.18894e-05 0.00040718 0.00270585 0.0123004 0.0382713 0.0815416 0.119015 0.11903 0.081615 0.0385191 0.0130218 0.00453836 0.00447939 0.00798586 0.0136829 0.0209783 0.029025 0.0368927 0.0440087 0.0502285 0.0554068 0.0589236 0.0597325 0.0569787 0.0506686
 1.00245e-16 8.18631e-05 0.000795738 0.00528796 0.0240383 0.0747921 0.159352 0.23258 0.23258 0.159354 0.0747972 0.024053 0.00532484 0.000876514 0.00023607 0.000262889 0.000376142 0.000484899 0.000558952 0.000588502 0.000585946 0.000576373 0.000579774 0.000598602 0.000618621 0.000619768
 1.00625e-16 1.60152e-05 0.000155674 0.00103451 0.00470279 0.0146325 0.031179 0.0455228 0.0455998 0.0315551 0.0158949 0.0083466 0.0101722 0.0200739 0.0377579 0.0621696 0.0890246 0.110833 0.119976 0.112951 0.0925269 0.0660265 0.0411549 0.022559 0.0110649 0.0050698
 1.16142e-16 2.60284e-05 0.000253005 0.00168131 0.007643 0.0237803 0.0506669 0.0739528 0.0739669 0.0507362 0.0240151 0.00833151 0.00344807 0.00423694 0.00796324 0.0140871 0.0225227 0.0329448 0.0448419 0.0576565 0.0705966 0.0821969 0.0902 0.0922228 0.086959 0.0750704
 1.01882e-16 7.97254e-05 0.000774959 0.00514988 0.0234106 0.072839 0.155191 0.226506 0.226507 0.155196 0.0728555 0.0234584 0.00527054 0.00104046 0.000590403 0.000867691 0.00128667 0.00171826 0.00209842 0.00241893 0.00273371 0.00311632 0.00359287 0.00410207 0.00451219 0.00468204
 1.01074e-16 5.93807e-05 0.000577202 0.00383571 0.0174366 0.0542519 0.11559 0.168713 0.168739 0.115717 0.0546782 0.0186672 0.00692187 0.00730517 0.0128102 0.0210137 0.0301014 0.0375105 0.0406774 0.0384305 0.0317125 0.0229937 0.0148599 0.0088506 0.00520522 0.00334193
 1.00517e-16 7.76525e-05 0.00075481 0.00501597 0.0228019 0.0709452 0.151156 0.220618 0.220622 0.151176 0.0710114 0.0229934 0.00549743 0.00180795 0.00208393 0.00333816 0.00483779 0.0061585 0.00692125 0.00694515 0.00634024 0.00541349 0.00446757 0.00365601 0.00298008 0.00237965
 1.00422e-16 7.08685e-05 0.000688867 0.00457777 0.0208099 0.0647473 0.137951 0.201347 0.201359 0.138013 0.0649551 0.0214098 0.00608254 0.00397044 0.00629326 0.0102659 0.0147204 0.0183828 0.0200073 0.0190215 0.0158711 0.011733 0.00783389 0.00489625 0.00302825 0.00196306
 1.01244e-16 6.13743e-05 0.00059658 0.00396448 0.018022 0.0560732 0.119471 0.174375 0.174397 0.119574 0.056421 0.0190266 0.00648625 0.0061015 0.0105157 0.0172857 0.024889 0.0312827 0.0344202 0.0333442 0.028742 0.0224632 0.0164084 0.0116584 0.00834522 0.00607572
 1.02418e-16 6.25003e-05 0.000607525 0.00403722 0.0183526 0.0571019 0.121662 0.177573 0.177591 0.121748 0.0573885 0.019181 0.00611846 0.00515746 0.00872284 0.0143715 0.0208121 0.0264107 0.0295348 0.0294138 0.0265641 0.0223791 0.0182371 0.0148424 0.012187 0.00994323
 1.01926e-16 6.88163e-05 0.000668919 0.0044452 0.0202073 0.0628723 0.133957 0.195516 0.195528 0.134016 0.063072 0.0207841 0.00589414 0.00383499 0.00609069 0.00998362 0.01443 0.0182616 0.0203345 0.0201189 0.018 0.0149895 0.0120909 0.0098205 0.00816442 0.00685071
 1.00166e-16 8.06945e-05 0.00078438 0.00521248 0.0236952 0.0737245 0.157078 0.22926 0.229262 0.157086 0.0737515 0.0237732 0.00540824 0.00121176 0.000892426 0.00134778 0.00193396 0.00243236 0.00268054 0.00260527 0.00226115 0.00179241 0.00134581 0.00100267 0.000768978 0.000609405
 1.00918e-16 1.41963e-05 0.000137993 0.000917016 0.00416867 0.0129707 0.0276383 0.0403553 0.0404333 0.0280194 0.0142498 0.00786107 0.0101774 0.0203265 0.0382765 0.0630483 0.0903333 0.112567 0.12205 0.115234 0.0948984 0.0684013 0.0434695 0.02474 0.0130165 0.0066951
 1.00913e-16 7.93921e-05 0.000771719 0.00512835 0.0233127 0.0725345 0.154543 0.225559 0.22556 0.154546 0.0725454 0.0233447 0.00521064 0.000958282 0.000453929 0.000677306 0.00108974 0.00162253 0.00225496 0.00296264 0.00369964 0.00437669 0.00486018 0.00501284 0.00475991 0.00413621
 1.01532e-16 4.56581e-05 0.000443813 0.00294929 0.0134071 0.0417147 0.088879 0.12973 0.129772 0.0890809 0.0423923 0.0153631 0.00785487 0.0111383 0.0203142 0.0334012 0.047855 0.0596446 0.0647039 0.0611776 0.0505678 0.0367971 0.023959 0.0144718 0.00868459 0.00565246
 1.07507e-16 4.10184e-05 0.000398713 0.00264959 0.0120447 0.0374756 0.0798467 0.116544 0.116572 0.0799799 0.0379236 0.0133422 0.00591924 0.00757841 0.0137992 0.0230662 0.0339602 0.0442288 0.0515328 0.0546796 0.0541523 0.0514477 0.047847 0.0437022 0.0386929 0.0325754
 1.03933e-16 7.18514e-05 0.000698421 0.00464125 0.0210985 0.0656452 0.139864 0.204137 0.204144 0.139895 0.0657476 0.0213948 0.0053877 0.00233639 0.00320788 0.0052567 0.00772585 0.0100598 0.0117483 0.0125724 0.0127177 0.0125964 0.0125231 0.0125119 0.012326 0.0116922
 1.01862e-16 6.7467e-05 0.000655804 0.00435805 0.0198111 0.0616396 0.13133 0.191684 0.191699 0.131405 0.0618892 0.0205318 0.00616639 0.00460106 0.00755336 0.0123628 0.0177625 0.0222555 0.0243699 0.0234387 0.0200045 0.0154668 0.0112576 0.00818145 0.00629502 0.0052139
 1.06683e-16 1.15302e-05 0.000112078 0.000744801 0.0033858 0.0105348 0.0224481 0.0327779 0.032846 0.0227809 0.0116523 0.00661415 0.00885068 0.0178147 0.0336536 0.055673 0.0803229 0.10126 0.111993 0.10948 0.0958864 0.0770211 0.0587811 0.0444151 0.0341808 0.0267589
 1.05495e-16 7.01864e-05 0.000682236 0.0045337 0.0206095 0.064124 0.136623 0.199406 0.199408 0.136634 0.0641604 0.0207168 0.00481096 0.00131384 0.00134707 0.00231817 0.00380547 0.00577542 0.00821998 0.0111037 0.0142934 0.0174621 0.0200719 0.0215165 0.0213752 0.0196193
 1.05513e-16 5.2174e-05 0.00050715 0.00337019 0.0153204 0.0476676 0.101562 0.148239 0.148269 0.101709 0.0481612 0.0167453 0.00694494 0.00830445 0.0148426 0.0244104 0.0350608 0.0439022 0.0480492 0.0462312 0.0395952 0.0309843 0.023267 0.0179879 0.0151183 0.0136983
 1.11219e-16 3.0148e-05 0.00029305 0.00194742 0.00885271 0.0275443 0.0586875 0.0856642 0.0857033 0.0588783 0.0281857 0.010708 0.00661503 0.0105172 0.0195493 0.032536 0.0474828 0.0609944 0.0695817 0.0715707 0.0679716 0.0615339 0.0548266 0.0489296 0.0435253 0.0378713
 1.05035e-16 7.12036e-05 0.000692124 0.00459941 0.0209082 0.0650533 0.138603 0.202296 0.202301 0.138627 0.0651339 0.0211421 0.00519053 0.00199632 0.00258886 0.0042749 0.00640623 0.00859816 0.0105088 0.0119901 0.013142 0.0141575 0.0150901 0.0157513 0.0158201 0.0150567
 1.02508e-16 6.56032e-05 0.000637686 0.00423765 0.0192638 0.0599368 0.127702 0.186389 0.186406 0.127785 0.0602149 0.0200669 0.00625263 0.00503346 0.00840551 0.0137707 0.0197829 0.0247824 0.0271335 0.0261027 0.0223092 0.017328 0.0127634 0.00950384 0.00758584 0.00654097
 1.07408e-16 1.59602e-05 0.000155139 0.00103096 0.00468661 0.0145821 0.031071 0.0453621 0.0454241 0.0313742 0.0156002 0.00762824 0.00841838 0.0162935 0.0306994 0.0508139 0.0733976 0.0927092 0.102872 0.101127 0.0894155 0.0729379 0.0569414 0.044262 0.0350581 0.028123
 1.27606e-16 2.00076e-05 0.000194481 0.0012924 0.00587505 0.0182796 0.0389471 0.0568475 0.0568625 0.0390205 0.0185284 0.00660355 0.00315788 0.00438907 0.00834555 0.0147058 0.0233841 0.0340238 0.0461611 0.0594499 0.0734738 0.0871745 0.0984904 0.104799 0.104062 0.0959128
 1.06464e-16 7.51534e-05 0.000730518 0.00485455 0.0220681 0.0686619 0.146292 0.213517 0.213519 0.146302 0.0686966 0.0221685 0.00510854 0.0012913 0.00115966 0.0018521 0.00279535 0.00381947 0.00483164 0.00585292 0.0070238 0.00849878 0.0102909 0.0121828 0.0137733 0.0146339
pSPR Fmed_Fpbrs
0.455443   0.208674 0.208674
Fs Fmed_Fpbrs
0.446255   1.005 1.005
SSBpbr Bo_Bmed_Bpbrs
1.76196e+06  714372  279577 279577
Ro
78367.9
SPR SPRFo_SPRFmed_SPRFpbrs
560168 255125 116893
Fref
1.005
Nvult_r0
 133082 3414.39 2048.16 6757.73 1717.44
CTP_r0
 32215.9 963.746 578.113 1907.44 484.765
YTP_r0
391149
Np
 158334 48549.9 1127.62 676.413 2785.84
Nvult_p0
 132583 42012.1 975.771 585.327 2410.7
CTP_p0
 59583.5 21058.4 489.102 293.393 1208.35
YTP_p0
 848705
CBA_c0
528415
log_Ro
11.0892
likeval ReclasPelacesDesembMPH_pf_preclas_ppelaces_ptallas_desvR_qrecl_qpela
 27.5201 40.7232 0.1272 0.0020222 289.741 122.007 108.912 0 83.7651 0 0 0.307312 0 0 0
q_reclas_q_pelaces
1 1
M
1
N
 22121.1 44888.7 117987 14899 0.137631
 14311.5 7066.77 13879.5 36481.5 4606.8
 181134 3672.43 1668.44 3276.9 9700.78
 18287.9 46099.7 858.313 389.943 3033.12
 7822.94 2863.38 5923.93 110.296 439.872
 278582 957.695 271.78 562.274 52.2196
 13933.7 71431.1 225.893 64.1052 144.942
 3366.95 1637.76 6448.61 20.393 18.8722
 58693.8 702.775 299.85 1180.65 7.18889
 25730 11656.8 121.027 51.6383 204.562
 77303.8 3535.02 1275.26 13.2405 28.0284
 140952 23973.2 1053.81 380.161 12.3024
 91416.1 29919.6 4481.03 196.976 73.3584
 68238.4 19643.7 5677.42 850.299 51.2974
 52681 9346.75 2141 618.792 98.2667
 442140 8314.46 1212.94 277.84 93.0534
 21852.1 109422 1877.42 273.884 83.7486
 855152 5818.18 27034.9 463.854 88.36
 308460 254016 1644.83 7642.9 156.114
 136626 82836 63425.9 410.702 1947.36
 435468 33815.5 18706.4 14323.2 532.509
 584517 119996 8715.68 4821.44 3828.93
 29516.9 155682 29659.6 2154.27 2138.13
 339394 8603.59 42999.6 8192.05 1185.57
 203443 104281 2535.69 12673 2763.81
 53768.2 61520.2 30136.5 732.795 4461.13
 268515 16132.9 17608.9 8625.97 1486.66
 351604 79900.9 4570.78 4988.96 2865.11
 32948 112308 24701.4 1413.06 2428.09
 16429.7 10528.8 34739 7640.6 1188.14
 181632 4542.01 2724.57 8989.5 2284.63
pred_Ctot
 1861.84 4590.72 12066.4 1523.71 0.0140754
 2817.41 1658.63 3257.64 8562.5 1081.25
 36355.9 878.209 398.982 783.623 2319.8
 7105.97 20595.1 383.452 174.207 1355.05
 3596.53 1491.03 3084.72 57.4333 229.051
 54943.7 225.178 63.9023 132.205 12.2781
 6552.78 37961.3 120.048 34.068 77.0276
 963.703 549.884 2165.15 6.84703 6.33641
 17938 251.025 107.104 421.716 2.56781
 11013.3 5689.83 59.075 25.2053 99.849
 7780.23 431.149 155.537 1.61487 3.41848
 39394 7869.55 345.927 124.793 4.03845
 25096.2 9656.21 1446.2 63.5715 23.6756
 29267.8 9606.09 2776.35 415.81 25.0852
 20336 4150.53 950.735 274.781 43.6364
 94451.5 2111.35 308.01 70.5538 23.6297
 3917.4 23458.7 402.495 58.7172 17.9546
 105919 869.957 4042.36 69.3572 13.2119
 54011.7 53230 344.681 1601.6 32.7142
 29181.5 21031.6 16103.5 104.275 494.424
 70723.2 6586.82 3643.77 2789.97 103.726
 104690 25702.9 1866.88 1032.74 820.149
 3949.02 25102.4 4782.37 347.358 344.756
 35876 1101.19 5503.61 1048.52 151.743
 23260.1 14415.9 350.534 1751.92 382.07
 6372.09 8809.27 4315.34 104.931 638.803
 33007 2394.4 2613.47 1280.24 220.645
 29618.6 8178.36 467.848 510.651 293.262
 2767.27 11461.8 2520.94 144.212 247.803
 2641.78 2031.05 6701.29 1473.9 229.196
 32215.9 963.746 578.113 1907.44 484.765
F
 0.141129 0.17377 0.17377 0.17377 0.17377
 0.360207 0.443517 0.443517 0.443517 0.443517
 0.368429 0.453641 0.453641 0.453641 0.453641
 0.854234 1.05181 1.05181 1.05181 1.05181
 1.10029 1.35477 1.35477 1.35477 1.35477
 0.360979 0.444468 0.444468 0.444468 0.444468
 1.14098 1.40487 1.40487 1.40487 1.40487
 0.566726 0.697801 0.697801 0.697801 0.697801
 0.616445 0.759019 0.759019 0.759019 0.759019
 0.984939 1.21274 1.21274 1.21274 1.21274
 0.170805 0.21031 0.21031 0.21031 0.21031
 0.549902 0.677086 0.677086 0.677086 0.677086
 0.537665 0.662019 0.662019 0.662019 0.662019
 0.987979 1.21648 1.21648 1.21648 1.21648
 0.846258 1.04198 1.04198 1.04198 1.04198
 0.396412 0.488095 0.488095 0.488095 0.488095
 0.32331 0.398087 0.398087 0.398087 0.398087
 0.213884 0.263352 0.263352 0.263352 0.263352
 0.314731 0.387523 0.387523 0.387523 0.387523
 0.39633 0.487995 0.487995 0.487995 0.487995
 0.288962 0.355795 0.355795 0.355795 0.355795
 0.322973 0.397671 0.397671 0.397671 0.397671
 0.232784 0.286623 0.286623 0.286623 0.286623
 0.180068 0.221714 0.221714 0.221714 0.221714
 0.196019 0.241355 0.241355 0.241355 0.241355
 0.203821 0.250961 0.250961 0.250961 0.250961
 0.212118 0.261177 0.261177 0.261177 0.261177
 0.141258 0.173929 0.173929 0.173929 0.173929
 0.140814 0.173382 0.173382 0.173382 0.173382
 0.285723 0.351806 0.351806 0.351806 0.351806
 0.319392 0.393262 0.393262 0.393262 0.393262
YTP_r0W_actual
 273835 15709.1 16707.5 66378.9 18518
YTP_p0W_proyectada
 448068 339462 11435.2 8655.1 41084
CTP_r0_actual
 32215.9 963.746 578.113 1907.44 484.765
CTP_p0_proyectada
 59583.5 21058.4 489.102 293.393 1208.35
Wmedp
 7.52 16.12 23.38 29.5 34
Frms_r0
 0.319392 0.393262 0.393262 0.393262 0.393262
Zrms_r0
 1.31939 1.39326 1.39326 1.39326 1.39326
nmprior
 8.19 8.8 8.5 0
nm_flota  nm_reclas  nm_pelaces    nm_pelaL
inf 10.5197 6.71848 11.8974
cv_recla  cv_pelaces  cv_mph
0.474515 0.723591 1.38777
 ------------------------------------------------
Talla a la edad & desviaci?n 
 8 13.2811 15.8009 17.003 17.5766
 0.8 1.32811 1.58009 1.7003 1.75766
