years
 1991 1992 1993 1994 1995 1996 1997 1998 1999 2000 2001 2002 2003 2004 2005 2006 2007 2008 2009 2010 2011 2012 2013 2014 2015 2016 2017 2018 2019 2020 2021
reclasobs
 0 0 0 0 0 0 0 0 0 252601 567819 844713 477998 351125 339783 2.1784e+06 2.13404e+06 4.81314e+06 1.55562e+06 2.62356e+06 3.21686e+06 3.843e+06 1.13348e+06 3.07943e+06 1.97215e+06 2.03268e+06 2.025e+06 2.42433e+06 2.27542e+06 1.05018e+06 2.36338e+06
reclaspred
 2.91471e+06 1.4954e+06 724826 377572 141897 1.49097e+06 625069 324759 216298 207128 381275 613936 592259 412649 345821 1.68396e+06 1.26729e+06 3.87609e+06 3.11569e+06 1.96792e+06 3.68779e+06 3.11463e+06 2.0351e+06 3.43231e+06 2.37125e+06 1.83188e+06 2.58244e+06 3.27462e+06 2.46865e+06 1.17102e+06 1.70942e+06
pelacesobs
 0 0 0 0 0 0 0 0 0 0 0 0 0 0 0 552880 188675 0 991730 2.46772e+06 1.41603e+06 1.21717e+06 2.29649e+06 1.80582e+06 0 1.4828e+06 1.56532e+06 1.57751e+06 1.42118e+06 867257 1.10002e+06
pelacespred
 832055 435954 195561 70831.4 27921.8 413019 128437 96168.7 46652.1 45621.8 104602 139463 150043 102461 86896.5 401704 303150 1.12751e+06 896840 521348 992391 853217 565270 1.08206e+06 704512 544138 889012 1.10095e+06 688873 375405 520487
mphobs
 0 0 0 0 0 0 0 0 0 0 0 498337 0 5186 125008 0 168611 109162 213762 579715 649985 157893 87575 83554 0 0 0 0 0 0 0
mphpred
 513894 271546 122557 61965.2 22233.7 10704.4 138926 45381.8 24163 11443.1 12968.4 43383.3 52818.9 39971.6 20872.8 24041.4 190748 131514 392457 273189 242446 335154 328089 217940 340965 253935 180153 238167 406676 237465 103943
desembarqueobs
 494567 514787 250237 358949 120608 361735 552515 73892 212993 205616 52469 317467 293654 387597 252695 516296 358380 742168 942051 627588 828172 859565 418607 520667 417249 300574 415391 372974 316634 284311 391294
desembarquepred
 494512 514871 249641 358825 120564 361586 552008 73879.7 212849 205495 52464.2 317317 293485 387162 252504 516009 358308 741798 941129 626949 827914 859071 418466 520552 417102 300456 415248 372847 316528 284188 391172
Reclutas
 70059.7 106439 86632 42853.3 21064.4 278215 33408.6 9944.21 25149.3 52493.5 65577.4 121243 92377.4 67225.9 51585.9 408963 35070.3 657096 329012 207602 389851 509639 49915.2 285065 198682 73652.9 247524 307174 45523.5 26261.1 181402
log_desv_Rt
 -0.348457 0.0697662 -0.136135 -0.840022 -1.55022 1.03059 -1.08899 -2.30081 -1.37298 -0.637114 -0.414574 0.199994 -0.0719227 -0.389747 -0.654557 1.41582 -1.04045 1.89003 1.19829 0.73782 1.36796 1.6359 -0.687479 1.05491 0.693899 -0.298441 0.913704 1.12961 -0.779577 -1.32972 0.60291
SSB
 1.79061e+06 946174 427038 215912 77471.3 37298.4 484075 158128 84193.6 39872.2 45187 151165 184042 139277 72729.2 83769.9 664644 458249 1.36748e+06 951901 844778 1.16781e+06 1.14319e+06 759391 1.18806e+06 884811 627724 829870 1.41702e+06 827425 362181
BT
 2.35979e+06 1.52104e+06 686470 450068 164886 1.27195e+06 778588 289465 310367 298845 285127 582793 609443 635646 452389 1.33648e+06 980569 3.26802e+06 2.96189e+06 1.7796e+06 2.97116e+06 2.75943e+06 1.66701e+06 2.98753e+06 2.01905e+06 1.52657e+06 2.48322e+06 2.91461e+06 1.85288e+06 1.15972e+06 1.58241e+06
Ftot
 0.263099 0.549398 0.55717 1.40462 1.31628 0.550718 1.23099 0.373205 1.68099 1.82172 0.296787 0.962893 0.893638 1.62943 1.39925 0.679593 0.439463 0.406778 0.522072 0.546149 0.423662 0.503177 0.321847 0.300637 0.299951 0.272783 0.319675 0.22856 0.19761 0.375067 0.463198
BD_Bspro_t
 0.958778 0.714181 0.478283 0.340188 0.149106 0.105316 0.483898 0.206177 0.162376 0.105413 0.14647 0.432077 0.349591 0.255516 0.149286 0.173825 0.496773 0.397376 0.594953 0.475096 0.405114 0.481691 0.505525 0.445882 0.586772 0.574997 0.552491 0.642345 0.732833 0.621355 0.468643
BD_Bspro
 2.5236 1.33349 0.601845 0.304295 0.109184 0.0525665 0.682231 0.222858 0.118658 0.0561938 0.0636843 0.213044 0.25938 0.19629 0.102501 0.118061 0.936715 0.645833 1.92725 1.34156 1.19059 1.64586 1.61116 1.07025 1.67439 1.24701 0.884682 1.16958 1.99708 1.16613 0.510439
BD_Bo
 1.1399 0.602333 0.271851 0.137449 0.0493181 0.0237441 0.308161 0.100664 0.0535975 0.0253826 0.0287659 0.0962311 0.117161 0.0886636 0.0462993 0.0533278 0.423111 0.29172 0.870533 0.605979 0.537784 0.743427 0.727755 0.483427 0.756316 0.563269 0.399608 0.528294 0.902074 0.526737 0.230563
BD_Brms
 5.69815 3.01095 1.35894 0.687082 0.246532 0.118692 1.54044 0.503202 0.267924 0.126883 0.143796 0.481042 0.585666 0.443213 0.231442 0.266576 2.11505 1.45826 4.35164 3.02918 2.68828 3.71626 3.63791 2.41656 3.78069 2.81568 1.99757 2.64084 4.5093 2.63306 1.15254
Sel_flota
 0.632202 0.999951 1 1 1
 0.632202 0.999951 1 1 1
 0.632202 0.999951 1 1 1
 0.632202 0.999951 1 1 1
 0.632202 0.999951 1 1 1
 0.632202 0.999951 1 1 1
 0.632202 0.999951 1 1 1
 0.632202 0.999951 1 1 1
 0.632202 0.999951 1 1 1
 0.632202 0.999951 1 1 1
 0.632202 0.999951 1 1 1
 0.632202 0.999951 1 1 1
 0.632202 0.999951 1 1 1
 0.632202 0.999951 1 1 1
 0.632202 0.999951 1 1 1
 0.632202 0.999951 1 1 1
 0.632202 0.999951 1 1 1
 0.632202 0.999951 1 1 1
 0.632202 0.999951 1 1 1
 0.632202 0.999951 1 1 1
 0.632202 0.999951 1 1 1
 0.632202 0.999951 1 1 1
 0.632202 0.999951 1 1 1
 0.632202 0.999951 1 1 1
 0.632202 0.999951 1 1 1
 0.632202 0.999951 1 1 1
 0.632202 0.999951 1 1 1
 0.632202 0.999951 1 1 1
 0.632202 0.999951 1 1 1
 0.632202 0.999951 1 1 1
 0.632202 0.999951 1 1 1
Sel_reclas
 1 1 1 1 1
 1 1 1 1 1
 1 1 1 1 1
 1 1 1 1 1
 1 1 1 1 1
 1 1 1 1 1
 1 1 1 1 1
 1 1 1 1 1
 1 1 1 1 1
 1 1 1 1 1
 1 1 1 1 1
 1 1 1 1 1
 1 1 1 1 1
 1 1 1 1 1
 1 1 1 1 1
 1 1 1 1 1
 1 1 1 1 1
 1 1 1 1 1
 1 1 1 1 1
 1 1 1 1 1
 1 1 1 1 1
 1 1 1 1 1
 1 1 1 1 1
 1 1 1 1 1
 1 1 1 1 1
 1 1 1 1 1
 1 1 1 1 1
 1 1 1 1 1
 1 1 1 1 1
 1 1 1 1 1
 1 1 1 1 1
Sel_pelaces
 1 1 1 1 1
 1 1 1 1 1
 1 1 1 1 1
 1 1 1 1 1
 1 1 1 1 1
 1 1 1 1 1
 1 1 1 1 1
 1 1 1 1 1
 1 1 1 1 1
 1 1 1 1 1
 1 1 1 1 1
 1 1 1 1 1
 1 1 1 1 1
 1 1 1 1 1
 1 1 1 1 1
 1 1 1 1 1
 1 1 1 1 1
 1 1 1 1 1
 1 1 1 1 1
 1 1 1 1 1
 1 1 1 1 1
 1 1 1 1 1
 1 1 1 1 1
 1 1 1 1 1
 1 1 1 1 1
 1 1 1 1 1
 1 1 1 1 1
 1 1 1 1 1
 1 1 1 1 1
 1 1 1 1 1
 1 1 1 1 1
pf_obs 
 0.8446 0.082 0.0669 0.0065 0
 0.8095 0.147 0.0364 0.0071 0
 0.9664 0.0169 0.016 0.0007 0
 0.9276 0.0648 0.0075 0.0001 0
 0.7033 0.2144 0.0806 0.0017 0
 0.9318 0.0425 0.0243 0.0014 0
 0.5671 0.3108 0.0964 0.0239 0.0018
 0.0768 0.2599 0.5324 0.112 0.0189
 0.490249 0.384438 0.106611 0.0170017 0.00170017
 0.7925 0.1577 0.0466 0.003 0.0002
 0.840416 0.127587 0.0312969 0.00059994 9.999e-05
 0.8084 0.0986 0.0794 0.0134 0.0002
 0.7335 0.1905 0.0724 0.0035 0.0001
 0.4001 0.4547 0.1325 0.0127 0
 0.49795 0.308269 0.164784 0.0264974 0.00249975
 0.9179 0.0499 0.0305 0.0017 0
 0.2467 0.6533 0.0926 0.0074 0
 0.9418 0.0223 0.034 0.0019 0
 0.707729 0.231977 0.0356964 0.0245975 0
 0.517169 0.277429 0.184464 0.0207286 0.00020938
 0.811772 0.124168 0.05621 0.00726502 0.000585176
 0.764997 0.148141 0.077277 0.00933861 0.000247198
 0.163321 0.427699 0.378323 0.0303852 0.000271297
 0.753843 0.0900009 0.118128 0.0371064 0.000921714
 0.721811 0.176058 0.0630433 0.0369309 0.00215725
 0.143369 0.312575 0.442814 0.0836902 0.0175525
 0.692698 0.0596174 0.167031 0.0765114 0.00414204
 0.394062 0.376323 0.152708 0.0712218 0.00568511
 0.125707 0.32114 0.495352 0.0537591 0.00404204
 0.23352 0.215282 0.420074 0.123614 0.00750983
 0.774587 0.0839891 0.0768558 0.0609784 0.00358967
pf_pred 
 0.278585 0.233296 0.431305 0.056782 3.17125e-05
 0.566935 0.170159 0.0850235 0.157178 0.0207042
 0.600188 0.2803 0.0469604 0.0234631 0.0490885
 0.511642 0.356171 0.092676 0.0155255 0.0239862
 0.628803 0.259991 0.0811072 0.0211022 0.00899676
 0.977954 0.0173462 0.00329218 0.00102694 0.000381097
 0.252181 0.738529 0.00730968 0.00138723 0.000593306
 0.329509 0.280221 0.385422 0.00381442 0.00103351
 0.754238 0.112537 0.0556814 0.0765809 0.000963252
 0.918494 0.0717978 0.00444559 0.00219938 0.00306294
 0.872642 0.123006 0.0038334 0.000237331 0.000280932
 0.80024 0.18387 0.0153465 0.000478234 6.46557e-05
 0.706626 0.260601 0.0301663 0.00251758 8.90609e-05
 0.687477 0.257668 0.0487272 0.00564005 0.000487352
 0.786428 0.17926 0.0282899 0.0053493 0.00067267
 0.969977 0.0267613 0.00273766 0.000432004 9.1959e-05
 0.19175 0.794942 0.0118627 0.00121346 0.000232245
 0.929584 0.0206201 0.0489757 0.000730807 8.90632e-05
 0.534459 0.446037 0.00571186 0.0135656 0.000227094
 0.522423 0.320652 0.150351 0.00192524 0.00464899
 0.762296 0.157351 0.0539516 0.0252958 0.00110608
 0.727864 0.230759 0.0273905 0.0093909 0.00459556
 0.166842 0.687987 0.123099 0.0146106 0.00746067
 0.761385 0.0605628 0.14703 0.026306 0.00471658
 0.560816 0.370495 0.0174347 0.0423241 0.0089302
 0.353941 0.441489 0.172576 0.00812059 0.0238728
 0.775086 0.107784 0.0800431 0.0312867 0.00580015
 0.697542 0.258308 0.0211584 0.0157118 0.00727987
 0.193812 0.639456 0.142395 0.0116632 0.0126737
 0.252101 0.212549 0.424636 0.0945536 0.0161602
 0.855065 0.0531824 0.0260768 0.0520938 0.0135822
pobs_RECLAS
 0 0 0 0 0
 0 0 0 0 0
 0 0 0 0 0
 0 0 0 0 0
 0 0 0 0 0
 0 0 0 0 0
 0 0 0 0 0
 0 0 0 0 0
 0 0 0 0 0
 0 0 0 0 0
 0.991045 0.00858322 0.000360255 1.14367e-05 0
 0.934742 0.0480273 0.0164251 0.00080598 0
 0.827803 0.169806 0.00239088 0 0
 0.941827 0.0461693 0.0120037 0 0
 0.791401 0.0380133 0.147996 0.0225897 0
 0.846168 0.0940531 0.0597789 0 0
 0.134021 0.677848 0.182769 0.00536245 0
 0.80878 0.0450904 0.141981 0.00414843 0
 0.846168 0.0940531 0.0597789 0 0
 0.905697 0.0802665 0.012482 0.00150086 5.37128e-05
 0.989698 0.0102097 9.19794e-05 0 0
 0.975433 0.0193895 0.00387452 0.00125025 5.28907e-05
 0.303575 0.632131 0.0575291 0.00676475 0
 0.966965 0.00978017 0.0227588 0.000495775 0
 0.843318 0.132988 0.00938335 0.0141283 0.000182051
 0.564624 0.303363 0.111486 0.0197234 0.00080311
 0.826376 0.0876187 0.0782897 0.00655872 0.00115652
 0.89761 0.0855135 0.0140674 0.00269457 0.000114338
 0.34875 0.467042 0.161289 0.0227151 0.000203297
 0.318654 0.224769 0.449479 0.00709798 0
 0.937255 0.0296025 0.0250945 0.00804832 0
ppred_RECLAS
 0.381449 0.200038 0.369801 0.0486848 2.71903e-05
 0.679496 0.125936 0.0629232 0.116322 0.0153226
 0.708634 0.204274 0.0342214 0.0170983 0.0357722
 0.643596 0.259937 0.0676318 0.01133 0.0175044
 0.743409 0.179723 0.0560631 0.0145863 0.00621876
 0.986272 0.0108017 0.00204998 0.000639454 0.000237302
 0.364111 0.62799 0.00621524 0.00117953 0.000504473
 0.440935 0.233659 0.321364 0.00318045 0.000861734
 0.844464 0.071224 0.0352382 0.0484646 0.000609598
 0.952878 0.0415098 0.00257004 0.00127148 0.00177072
 0.916372 0.0807707 0.00251704 0.000155833 0.000184462
 0.86948 0.120139 0.0100266 0.000312455 4.22429e-05
 0.799423 0.178171 0.0206234 0.00172116 6.0887e-05
 0.794742 0.169232 0.0320011 0.00370405 0.000320064
 0.863831 0.114294 0.0180362 0.00341044 0.00042886
 0.981384 0.0165936 0.00169742 0.000267853 5.70169e-05
 0.276393 0.711693 0.0106199 0.00108633 0.000207913
 0.954997 0.0131788 0.0312999 0.000467052 5.69195e-05
 0.649906 0.335427 0.00429518 0.0102011 0.000170769
 0.639145 0.242287 0.113601 0.00145465 0.00351263
 0.837642 0.107477 0.036849 0.0172771 0.000755456
 0.812049 0.159375 0.0189164 0.00648556 0.00317379
 0.242774 0.625292 0.111876 0.0132785 0.00678044
 0.836171 0.041583 0.100947 0.018061 0.00323828
 0.671314 0.277281 0.0130476 0.0316741 0.00668309
 0.466731 0.364419 0.142443 0.00670265 0.0197044
 0.846553 0.0735373 0.0546079 0.0213448 0.00395705
 0.786213 0.182582 0.0149548 0.0111052 0.00514543
 0.276869 0.573582 0.12772 0.0104611 0.0113676
 0.351078 0.184427 0.368434 0.0820391 0.0140214
 0.904856 0.0349131 0.017118 0.0341967 0.00891598
pobs_PELACES
 0 0 0 0 0
 0 0 0 0 0
 0 0 0 0 0
 0 0 0 0 0
 0 0 0 0 0
 0 0 0 0 0
 0 0 0 0 0
 0 0 0 0 0
 0 0 0 0 0
 0 0 0 0 0
 0 0 0 0 0
 0 0 0 0 0
 0 0 0 0 0
 0 0 0 0 0
 0 0 0 0 0
 0 0 0 0 0
 0.505614 0.472636 0.0217494 0 0
 0 0 0 0 0
 0.443492 0.261883 0.143347 0.151278 0
 0.227955 0.32914 0.350689 0.0885471 0.00366901
 0.970185 0.0296113 0.000203453 0 0
 0.997202 0.00247181 0.000326279 0 0
 0.445219 0.490057 0.0546422 0.010081 0
 0.90214 0.0892962 0.00764917 0.000914606 0
 0 0 0 0 0
 0.581667 0.319106 0.0959925 0.00289975 0.000334073
 0.762889 0.0836404 0.116647 0.0363945 0.000428098
 0.88444 0.0763242 0.0277011 0.0115352 0
 0.521256 0.241999 0.230069 0.00667565 0
 0.616807 0.101726 0.260614 0.0208532 0
 0.833518 0.0704572 0.0857862 0.0102388 0
ppred_PELACES
 0.389011 0.197593 0.365279 0.0480895 2.68578e-05
 0.69384 0.120301 0.0601068 0.111116 0.0146367
 0.722396 0.194626 0.0326048 0.0162906 0.0340824
 0.681674 0.232168 0.0604052 0.0101194 0.015634
 0.772681 0.159221 0.0496668 0.0129221 0.00550925
 0.987148 0.0101124 0.00191913 0.00059864 0.000222156
 0.399349 0.593189 0.0058707 0.00111414 0.000476508
 0.452129 0.228982 0.314929 0.00311676 0.000844479
 0.86942 0.0597969 0.0295839 0.0406879 0.000511781
 0.961868 0.0335905 0.00207966 0.00102887 0.00143285
 0.919091 0.0781446 0.00243519 0.000150766 0.000178464
 0.882179 0.10845 0.00905098 0.000282052 3.81324e-05
 0.81625 0.163225 0.018893 0.00157675 5.57784e-05
 0.82513 0.144179 0.0272629 0.00315561 0.000272674
 0.882601 0.0985396 0.0155498 0.00294028 0.000369738
 0.982833 0.0153025 0.00156533 0.00024701 5.25801e-05
 0.287186 0.701078 0.0104614 0.00107012 0.000204811
 0.957072 0.0125713 0.0298568 0.000445519 5.42952e-05
 0.664182 0.32175 0.00412001 0.00978502 0.000163805
 0.654287 0.232121 0.108833 0.0013936 0.00336521
 0.844514 0.102928 0.0352893 0.0165458 0.000723479
 0.821192 0.151623 0.0179961 0.00617002 0.00301938
 0.250026 0.619303 0.110804 0.0131513 0.00671547
 0.841108 0.0403299 0.0979043 0.0175167 0.00314068
 0.679296 0.270548 0.0127307 0.0309048 0.00652078
 0.474979 0.358783 0.140239 0.00659896 0.0193996
 0.851525 0.0711546 0.0528383 0.0206531 0.00382881
 0.790838 0.178632 0.0146312 0.0108649 0.00503409
 0.281697 0.569753 0.126867 0.0103913 0.0112917
 0.361518 0.181461 0.362506 0.0807192 0.0137958
 0.909587 0.0331772 0.0162668 0.0324963 0.00847263
pobs_pel_tallas
 0 0 0 0 0 0 0 0 0 0 0 0 0 0 0 0 0 0 0 0 0 0 0 0 0 0
 0 0 0 0 0 0 0 0 0 0 0 0 0 0 0 0 0 0 0 0 0 0 0 0 0 0
 0 0 0 0 0 0 0 0 0 0 0 0 0 0 0 0 0 0 0 0 0 0 0 0 0 0
 0 0 0 0 0 0 0 0 0 0 0 0 0 0 0 0 0 0 0 0 0 0 0 0 0 0
 0 0 0 0 0 0 0 0 0 0 0 0 0 0 0 0 0 0 0 0 0 0 0 0 0 0
 0 0 0 0 0 0 0 0 0 0 0 0 0 0 0 0 0 0 0 0 0 0 0 0 0 0
 0 0 0 0 0 0 0 0 0 0 0 0 0 0 0 0 0 0 0 0 0 0 0 0 0 0
 0 0 0 0 0 0 0 0 0 0 0 0 0 0 0 0 0 0 0 0 0 0 0 0 0 0
 0 0 0 0 0 0 0 0 0 0 0 0 0 0 0 0 0 0 0 0 0 0 0 0 0 0
 0 0 0 0 0 0 0 0 0 0 0 0 0 0 0 0 0 0 0 0 0 0 0 0 0 0
 0 0 0 0 0 0 0 0 0 0 0 0 0 0 0 0 0 0 0 0 0 0 0 0 0 0
 0 0 0 0 0 0 0 0 0 0 0 0 0 0 0 0 0 0 0 0 0 0 0 0 0 0
 0.00862536 0 0 0.000197151 0.00414017 0.0128641 0.00837892 0.0270097 0.101434 0.158115 0.152841 0.127902 0.109271 0.109419 0.0830992 0.0579132 0.0238553 0.00714673 0.00463305 0.00128148 0.00103504 0.000492878 0.000147863 0.000147863 4.92878e-05 0
 0 0 0 0 0 0 0 0 0 0 0 0 0 0 0 0 0 0 0 0 0 0 0 0 0 0
 0 0 0 0 0 0 0 0.0054083 0.00873648 0.0413646 0.0450493 0.0745869 0.0622846 0.0627006 0.0613931 0.0827291 0.12552 0.122667 0.0946155 0.0697135 0.0546179 0.0294188 0.0215738 0.0213955 0.0102223 0.00600262
 0 0 0 0 0.00359764 0.0251062 0.0480494 0.140153 0.205849 0.193036 0.1447 0.116669 0.0760912 0.0342217 0.00950174 0.001854 0.000860785 0 0 0 0.000165536 0 0.000143464 0 0 0
 0 0 0 0 0 0 0 0.000145254 0.000435761 0.0275982 0.070085 0.0708112 0.156366 0.174668 0.174014 0.160142 0.0824315 0.0480064 0.0283245 0.00493863 0.00203355 0 0 0 0 0
 0 0 0 0 0 0 0 0 0 0 0 0 0 0 0 0 0 0 0 0 0 0 0 0 0 0
 0 0 1.00437e-05 0.000401748 0.00122533 0.00171747 0.00176769 0.0269171 0.070346 0.194647 0.189555 0.159765 0.064822 0.0314167 0.0384472 0.0292271 0.0345202 0.0313363 0.0194345 0.0106764 0.0143323 0.0359363 0.0279516 0.0138201 0.00172751 0
 0 0.0021121 0.0136068 0.0755702 0.200478 0.177729 0.0527432 0.0373336 0.0318909 0.0142505 0.0149659 0.0166563 0.0217959 0.0798694 0.0677717 0.0528807 0.04013 0.0224614 0.0357745 0.0225083 0.00881397 0.00855152 0.00135912 0.000746735 0 0
 0 0 0 0 5.4009e-05 0.00500934 0.000945158 0.0243581 0.138947 0.33067 0.221406 0.137944 0.0707744 0.0437923 0.0131692 0.00525238 0.0047753 0.00276346 9.45158e-05 9.00151e-06 2.25038e-05 9.00151e-06 4.50075e-06 0 0 0
 0.000866109 0.00284123 0.00948549 0.0512746 0.133035 0.25785 0.225252 0.132002 0.0553304 0.0519788 0.0540692 0.017754 0.00435017 0.00159236 0.00146478 0.000404838 0.000125132 0.000115318 0.000107957 0.000100596 0 0 0 0 0 0
 0 0 0 0 0.00144013 0.00171154 0.00461396 0.0210425 0.0478622 0.0707936 0.0888783 0.103762 0.0637923 0.0337046 0.0602308 0.124433 0.169614 0.0934646 0.0462172 0.0250306 0.0313229 0.00938855 0.002487 0.000210481 0 0
 0 0.00764035 0.051015 0.0998891 0.058973 0.0496711 0.0374665 0.0718981 0.12319 0.153886 0.159021 0.0857701 0.0377988 0.023471 0.0147837 0.00900784 0.00315554 0.000888139 0.00291439 0.00214683 0.00393193 0.00274676 0.000635225 9.99891e-05 0 0
 0 0 0 0 0 0 0 0 0 0 0 0 0 0 0 0 0 0 0 0 0 0 0 0 0 0
 0 0 0 0 0 0 0 0 0 0 0 0 0 0 0 0 0 0 0 0 0 0 0 0 0 0
 0 0 0 0 0 0 0 0 0 0 0 0 0 0 0 0 0 0 0 0 0 0 0 0 0 0
 0 0 0 0 0 0 0 0 0 0 0 0 0 0 0 0 0 0 0 0 0 0 0 0 0 0
 0 0 0 0 0 0 0 0 0 0 0 0 0 0 0 0 0 0 0 0 0 0 0 0 0 0
 0 0 0 0 0 0 0 0 0 0 0 0 0 0 0 0 0 0 0 0 0 0 0 0 0 0
 0 0 0 0 0 0 0 0 0 0 0 0 0 0 0 0 0 0 0 0 0 0 0 0 0 0
ppred_pel_tallas
 1.15419e-16 3.20424e-05 0.000311463 0.00206979 0.00940895 0.0292749 0.0623739 0.0910406 0.0910602 0.0624698 0.0295985 0.0103505 0.00445909 0.00561265 0.0103499 0.0177115 0.0270288 0.0371523 0.0468243 0.0553073 0.0625052 0.0683933 0.0723438 0.0731089 0.0695737 0.0616387
 1.15386e-16 5.71507e-05 0.000555525 0.00369166 0.0167818 0.0522144 0.111249 0.162373 0.162385 0.111306 0.0524069 0.0173393 0.00509694 0.0036431 0.00598138 0.00996248 0.0147495 0.019443 0.0232135 0.0258065 0.0277154 0.029774 0.0324616 0.0354708 0.0378387 0.0384841
 1.08393e-16 5.95029e-05 0.000578389 0.0038436 0.0174725 0.0543634 0.115828 0.169058 0.169077 0.115919 0.0546716 0.0183628 0.00607943 0.0054629 0.00934754 0.0153915 0.0222483 0.0281677 0.031428 0.0312904 0.0284632 0.0246285 0.0214054 0.019544 0.0188216 0.0184884
 1.05464e-16 5.61486e-05 0.000545785 0.00362693 0.0164875 0.0512989 0.109299 0.159529 0.159552 0.109408 0.051667 0.0175513 0.00629947 0.00638754 0.0111731 0.0184416 0.0267 0.033872 0.0378773 0.0377594 0.0342352 0.0291564 0.0243373 0.0206752 0.0180797 0.0159849
 1.03703e-16 6.36447e-05 0.000618649 0.00411114 0.0186887 0.0581475 0.12389 0.180824 0.18084 0.123965 0.0584002 0.0194192 0.00594719 0.00463417 0.00771173 0.0127059 0.0184325 0.0234649 0.0263894 0.0265513 0.0244198 0.021214 0.0181089 0.0156546 0.0137561 0.0120418
 1.00156e-16 8.13101e-05 0.000790363 0.00525224 0.0238759 0.0742868 0.158276 0.231009 0.23101 0.158281 0.0743028 0.0239222 0.00536838 0.00104405 0.000563539 0.000804089 0.00115309 0.00145554 0.00161452 0.00158737 0.00140611 0.00115412 0.000914749 0.000731785 0.000604942 0.000511192
 1.00514e-16 3.2894e-05 0.000319741 0.0021248 0.00965905 0.0300532 0.0640336 0.0934709 0.093528 0.0643123 0.0309886 0.012359 0.00889581 0.0150802 0.0280045 0.0460846 0.0660069 0.0822127 0.0890627 0.083961 0.0689491 0.0494308 0.0310863 0.0173341 0.0087758 0.00423339
 1.09603e-16 3.72413e-05 0.000361999 0.00240561 0.0109356 0.0340247 0.0724941 0.105812 0.105834 0.0726042 0.0343959 0.0120131 0.00513101 0.00637985 0.0116655 0.0197437 0.0296353 0.0397439 0.0483562 0.0545002 0.058235 0.0600752 0.0601428 0.0579131 0.0527706 0.0447889
 1.05037e-16 7.1613e-05 0.000696103 0.00462585 0.0210285 0.0654274 0.1394 0.20346 0.203466 0.139429 0.0655229 0.021305 0.00532254 0.00222524 0.00300066 0.0049146 0.00723582 0.00945578 0.0111208 0.0120579 0.0124725 0.0127671 0.0132192 0.0137788 0.0141215 0.0138762
 1.00415e-16 7.92278e-05 0.000770123 0.00511774 0.0232645 0.0723845 0.154223 0.225093 0.225097 0.154239 0.0724375 0.0234176 0.00550195 0.00160826 0.00166926 0.00262975 0.00377031 0.00472027 0.00516233 0.00495462 0.00421372 0.00323949 0.00233952 0.00168753 0.00129661 0.0010836
 1.00136e-16 7.57043e-05 0.000735873 0.00489014 0.0222298 0.0691654 0.147364 0.215084 0.215092 0.147401 0.0692886 0.0225857 0.00578272 0.00268207 0.00376504 0.00608654 0.00871814 0.0108737 0.0118085 0.011181 0.00925627 0.00673816 0.00436396 0.00257391 0.00144212 0.000815283
 1.00324e-16 7.26639e-05 0.000706319 0.00469374 0.0213371 0.0663876 0.141446 0.206447 0.206457 0.141497 0.0665588 0.0218316 0.0059345 0.00341306 0.00520776 0.00847989 0.0121738 0.0152346 0.0166388 0.0159123 0.0134097 0.0100786 0.00690472 0.00446608 0.00285144 0.00185938
 1.00755e-16 6.72335e-05 0.000653533 0.00434296 0.0197425 0.0614262 0.130876 0.19102 0.191036 0.130952 0.0616842 0.0204874 0.00621237 0.00473306 0.00781077 0.012795 0.0183976 0.0230755 0.0253009 0.0243632 0.0207853 0.0159673 0.0113549 0.00778085 0.00535626 0.00377882
 1.01187e-16 6.79649e-05 0.000660643 0.00439021 0.0199573 0.0620945 0.132299 0.193098 0.193112 0.132367 0.0623227 0.0206165 0.00604543 0.00427548 0.00693746 0.0113723 0.0164002 0.0206728 0.0228592 0.0223369 0.0195462 0.0156713 0.0119147 0.00894004 0.00680269 0.00523943
 1.00832e-16 7.26987e-05 0.000706657 0.00469598 0.0213473 0.0664193 0.141514 0.206545 0.206555 0.14156 0.0665752 0.0217975 0.00582624 0.00317434 0.00476024 0.00775697 0.0111724 0.0140598 0.0155052 0.0150847 0.0131086 0.0104017 0.00780456 0.00578367 0.004378 0.00339475
 1.00083e-16 8.09546e-05 0.000786908 0.00522928 0.0237715 0.0739621 0.157584 0.229999 0.23 0.157591 0.0739863 0.0238414 0.00540448 0.00116919 0.000806478 0.00120378 0.00172296 0.0021595 0.00236561 0.00227476 0.00193672 0.00148387 0.00105287 0.000722293 0.000502043 0.000362264
 1.00624e-16 2.36552e-05 0.000229937 0.00152802 0.00694619 0.0216125 0.0460503 0.0672259 0.0672933 0.0463797 0.0227181 0.0101376 0.00953175 0.0176784 0.0330917 0.0544864 0.0780565 0.0972502 0.105408 0.0994595 0.0818093 0.0588252 0.0371978 0.0209492 0.0107856 0.00532568
 1.00919e-16 7.88328e-05 0.000766283 0.00509222 0.0231485 0.0720235 0.153454 0.223971 0.223972 0.15346 0.0720443 0.0232091 0.00524635 0.00110958 0.000750748 0.00116813 0.00179502 0.00250547 0.00321974 0.00388576 0.00447769 0.00496059 0.00525753 0.0052647 0.0049131 0.00422694
 1.01211e-16 5.47078e-05 0.00053178 0.00353386 0.0160644 0.0499826 0.106494 0.155438 0.155469 0.106646 0.0504901 0.0175293 0.00720769 0.00854147 0.0152364 0.0250237 0.0358592 0.0447121 0.0485398 0.0459532 0.0380725 0.0278244 0.0182601 0.0111782 0.00683394 0.00452304
 1.0391e-16 5.38928e-05 0.000523858 0.00348122 0.0158251 0.049238 0.104908 0.15312 0.153143 0.105017 0.0496074 0.0168937 0.006169 0.00640933 0.011284 0.0187055 0.0272548 0.0349211 0.0396586 0.0404686 0.0379089 0.0335641 0.0289511 0.0247698 0.0209474 0.0171766
 1.02827e-16 6.95615e-05 0.000676162 0.00449334 0.0204261 0.0635531 0.135407 0.197633 0.197643 0.135456 0.0637167 0.0208989 0.00568198 0.00327707 0.00502721 0.00824857 0.0119884 0.0153155 0.0173291 0.0176172 0.0164819 0.0146908 0.0129614 0.0115944 0.0104767 0.0093382
 1.01688e-16 6.76405e-05 0.00065749 0.00436925 0.019862 0.0617981 0.131668 0.192176 0.192191 0.131739 0.0620378 0.0205542 0.00610654 0.00444934 0.00726714 0.0119021 0.0171281 0.0215174 0.023665 0.0229276 0.0198051 0.0156013 0.0116442 0.00866981 0.00672534 0.00546987
 1.05812e-16 2.05944e-05 0.000200185 0.0013303 0.00604741 0.0188161 0.0400918 0.0585277 0.0585874 0.0403836 0.0197961 0.00887844 0.00843814 0.0157217 0.0295135 0.0487966 0.0703766 0.0886725 0.0979838 0.0956478 0.083585 0.0669224 0.0508689 0.0382961 0.0294262 0.0230712
 1.05124e-16 6.9281e-05 0.000673436 0.00447522 0.0203437 0.0632968 0.134861 0.196834 0.196838 0.13488 0.0633637 0.0205388 0.00497209 0.001782 0.00224474 0.00378461 0.00587336 0.00828189 0.0108035 0.0133128 0.0157555 0.0180154 0.0197906 0.0206377 0.0201895 0.0183823
 1.0464e-16 5.59527e-05 0.00054388 0.00361428 0.01643 0.05112 0.108917 0.158974 0.159 0.109045 0.0515472 0.0176635 0.00670923 0.00729594 0.0128675 0.0211547 0.0304055 0.038117 0.0417963 0.0403389 0.0347179 0.0273607 0.020714 0.016091 0.0134699 0.0120511
 1.08084e-16 3.91235e-05 0.000380294 0.00252719 0.0114883 0.0357444 0.0761585 0.111163 0.111198 0.0763283 0.0363147 0.0131372 0.00667284 0.00945242 0.0173336 0.0287628 0.041823 0.0534117 0.0603604 0.061165 0.0567965 0.049871 0.0429061 0.0370789 0.0322253 0.0276622
 1.04263e-16 7.0139e-05 0.000681776 0.00453064 0.0205957 0.0640808 0.136531 0.199273 0.199279 0.136565 0.0641948 0.020926 0.00536353 0.00251202 0.0035817 0.00590407 0.00871956 0.0114337 0.0134872 0.0146242 0.01501 0.015039 0.0149957 0.0148609 0.0143903 0.0133503
 1.0241e-16 6.51403e-05 0.000633187 0.00420775 0.0191278 0.0595139 0.126801 0.185074 0.185091 0.126885 0.0597961 0.0199427 0.00625259 0.00509506 0.00853329 0.0139897 0.0201142 0.0252311 0.0276854 0.0267297 0.0229779 0.0180022 0.0134013 0.0100563 0.00800339 0.00678978
 1.0676e-16 2.32031e-05 0.000225542 0.00149881 0.00681341 0.0211993 0.0451695 0.0659377 0.0659927 0.0454382 0.0221018 0.00942078 0.00804696 0.0145311 0.0272236 0.0450511 0.0650839 0.0822326 0.0912945 0.0898296 0.0795561 0.0650748 0.0510174 0.0398736 0.0317622 0.0256017
 1.20938e-16 2.97778e-05 0.000289451 0.0019235 0.00874398 0.0272059 0.0579656 0.0846063 0.0846243 0.058054 0.0275043 0.00961298 0.00413152 0.00519817 0.00961274 0.0165266 0.0254009 0.0352914 0.0451737 0.0544814 0.0631569 0.071069 0.0773688 0.0805084 0.0790279 0.0724926
 1.05171e-16 7.49215e-05 0.000728264 0.00483957 0.022 0.0684501 0.14584 0.212859 0.212862 0.145856 0.0685032 0.0221538 0.00522743 0.00158074 0.00171157 0.0027593 0.00408689 0.00540556 0.00649343 0.00729407 0.00795841 0.00872623 0.00972681 0.0108534 0.0117985 0.0122106
pSPR Fmed_Fpbrs
0.428498   0.250047 0.250047
Fs Fmed_Fpbrs
0.551727   1.005 1.005
SSBpbr Bo_Bmed_Bpbrs
1.57085e+06  594564  314244 314244
Ro
99266.2
SPR SPRFo_SPRFmed_SPRFpbrs
709547 304040 177420
Fref
1.005
Nvult_r0
 131609 5857.11 2871.81 5737.03 1495.79
CTP_r0
 29810.1 1854.1 909.115 1816.15 473.517
YTP_r0
391172
Np
 154317 49793.2 1764.37 865.066 2128.21
Nvult_p0
 124243 43087.7 1526.78 748.576 1841.62
CTP_p0
 48270.5 21597.1 765.295 375.222 923.108
YTP_p0
 771486
CBA_c0
505266
log_Ro
11.3256
likeval ReclasPelacesDesembMPH_pf_preclas_ppelaces_ptallas_desvR_qrecl_qpela
 11.4272 47.077 0.0715754 0.000926087 253.21 116.94 103.419 0 47.3293 1.04865e-05 0 0.114237 0 0 0
q_reclas_q_pelaces
1.5823 1
M
1
N
 70059.7 38561.5 71287.3 9385.08 5.24153
 106439 21824.1 10904.4 20158.4 2655.36
 86632 27667 4635.04 2315.84 4845.08
 42853.3 22408.2 5830.47 976.749 1509.03
 21064.4 6486.87 2023.6 526.491 224.466
 278215 3371.74 639.906 199.608 74.0744
 33408.6 72256.9 715.15 135.721 58.0467
 9944.21 5643.92 7762.46 76.823 20.815
 25149.3 2889.4 1429.6 1966.18 24.7311
 52493.5 3196.64 197.926 97.9203 136.368
 65577.4 6104.31 190.228 11.7773 13.941
 121243 19997.4 1669 52.0101 7.03159
 92377.4 24265.5 2808.79 234.413 8.29249
 67225.9 19315.8 3652.68 422.789 36.5328
 51585.9 8828.02 1393.16 263.43 33.1262
 408963 7835.28 801.512 126.479 26.9231
 35070.3 97903.6 1460.93 149.442 28.6018
 657096 9772.04 23209 346.322 42.2061
 329012 186917 2393.52 5684.62 95.1626
 207602 87011.3 40797.4 522.409 1261.49
 389851 54073.7 18539.7 8692.57 380.09
 509639 109719 13022.9 4464.93 2184.97
 49915.2 136400 24404.6 2896.58 1479.09
 285065 14982.1 36370.7 6507.31 1166.74
 198682 86717.2 4080.54 9905.85 2090.09
 73652.9 60465.5 23634.7 1112.13 3269.43
 247524 22803.4 16933.7 6618.92 1227.06
 307174 74396.6 6093.67 4525.05 2096.62
 45523.5 97799.3 21777.1 1783.7 1938.25
 26261.1 14780.3 29527.4 6574.84 1123.71
 181402 7621.48 3736.87 7465.18 1946.37
pred_Ctot
 6878.93 5760.65 10650 1402.08 0.783059
 20306.8 6094.86 3045.41 5629.87 741.595
 16729.6 7813.06 1308.97 654.009 1368.29
 17104.6 11907.1 3098.23 519.031 801.879
 8035.89 3322.6 1036.52 269.679 114.976
 53188.8 943.425 179.055 55.8531 20.7271
 12151.1 35585.2 352.209 66.8422 28.5878
 1346.76 1145.32 1575.29 15.5903 4.22414
 11310.1 1687.54 834.967 1148.36 14.4444
 24829.8 1940.93 120.179 59.4563 82.8011
 7201.03 1015.04 31.6331 1.95845 2.31825
 36696.1 8431.61 703.732 21.9301 2.96487
 26375.7 9727.26 1125.99 93.9718 3.32431
 29632.2 11106.2 2100.28 243.102 21.0063
 20536 4680.99 738.733 139.686 17.5654
 93480.6 2579.1 263.839 41.634 8.86246
 5500.43 22803.2 340.287 34.8086 6.66205
 96179.8 2133.47 5067.29 75.6133 9.21496
 60052.7 50117.5 641.795 1524.26 25.5167
 39404.4 24185.6 11340.4 145.214 350.656
 59179.9 12215.8 4188.46 1963.81 85.8693
 90076.6 28557.5 3389.7 1162.17 568.722
 5906.18 24354.6 4357.69 517.213 264.106
 31677.8 2519.75 6117.24 1094.48 196.236
 22032 14555.1 684.933 1662.73 350.829
 7479.37 9329.41 3646.83 171.602 504.473
 29106.6 4047.57 3005.83 1174.9 217.811
 26434.2 9788.87 801.822 595.419 275.879
 3414.2 11264.7 2508.44 205.459 223.261
 3572.66 3012.14 6017.74 1339.97 229.015
 29810.1 1854.1 909.115 1816.15 473.517
F
 0.166332 0.263086 0.263099 0.263099 0.263099
 0.347331 0.549372 0.549398 0.549398 0.549398
 0.352244 0.557142 0.55717 0.55717 0.55717
 0.888003 1.40455 1.40462 1.40462 1.40462
 0.832154 1.31621 1.31628 1.31628 1.31628
 0.348165 0.550691 0.550718 0.550718 0.550718
 0.778234 1.23093 1.23099 1.23099 1.23099
 0.235941 0.373187 0.373205 0.373205 0.373205
 1.06273 1.68091 1.68099 1.68099 1.68099
 1.1517 1.82163 1.82172 1.82172 1.82172
 0.18763 0.296773 0.296787 0.296787 0.296787
 0.608743 0.962846 0.962893 0.962893 0.962893
 0.56496 0.893594 0.893638 0.893638 0.893638
 1.03013 1.62935 1.62943 1.62943 1.62943
 0.884612 1.39919 1.39925 1.39925 1.39925
 0.429641 0.67956 0.679593 0.679593 0.679593
 0.27783 0.439442 0.439463 0.439463 0.439463
 0.257166 0.406758 0.406778 0.406778 0.406778
 0.330055 0.522047 0.522072 0.522072 0.522072
 0.345277 0.546122 0.546149 0.546149 0.546149
 0.26784 0.423641 0.423662 0.423662 0.423662
 0.318109 0.503152 0.503177 0.503177 0.503177
 0.203472 0.321831 0.321847 0.321847 0.321847
 0.190064 0.300623 0.300637 0.300637 0.300637
 0.18963 0.299937 0.299951 0.299951 0.299951
 0.172454 0.27277 0.272783 0.272783 0.272783
 0.202099 0.319659 0.319675 0.319675 0.319675
 0.144496 0.228549 0.22856 0.22856 0.22856
 0.12493 0.197601 0.19761 0.19761 0.19761
 0.237118 0.375049 0.375067 0.375067 0.375067
 0.292835 0.463175 0.463198 0.463198 0.463198
YTP_r0W_actual
 253386 30221.8 26273.4 63201.9 18088.4
YTP_p0W_proyectada
 362994 348145 17892.6 11069 31385.7
CTP_r0_actual
 29810.1 1854.1 909.115 1816.15 473.517
CTP_p0_proyectada
 48270.5 21597.1 765.295 375.222 923.108
Wmedp
 7.52 16.12 23.38 29.5 34
Frms_r0
 0.292835 0.463175 0.463198 0.463198 0.463198
Zrms_r0
 1.29283 1.46318 1.4632 1.4632 1.4632
nmprior
 8.19 8.8 8.5 0
nm_flota  nm_reclas  nm_pelaces    nm_pelaL
inf 16.5621 9.09248 17.6314
cv_recla  cv_pelaces  cv_mph
0.30577 0.777995 0.939142
 ------------------------------------------------
Talla a la edad & desviaci?n 
 8 13.2811 15.8009 17.003 17.5766
 0.8 1.32811 1.58009 1.7003 1.75766
