    unsorted:	 2.347578874e-06 2.283143555e-06 5.947692602e-05 5.192660161e-05 2.086007147e-05 8.818759697e-05 0.001099993333 13.55048684 64.92726826 169.1706831 152.5835710 237.2267653 276.8110470 347.5056243 529.3503709 651.6654902 801.7019543 852.7649647 875.8371146 932.8618769 1064.032411 1198.846561 1177.927960 1247.751803 1484.637620 1509.385214 1923.303013 1984.155970 2035.529521 2155.846095 2367.055371 2437.639290 2531.165794 2601.515340 2638.454757 2845.922642 3285.736470 3272.443654 3203.150897 3862.785977 4014.354194 4326.929811 5828.003659 9316.135829 38926.59313 158327.6583 409348.7938 403503.7172 398303.7058 391976.7739 377200.2888 359374.1304 451759.2538 447044.7623 463364.2340 465207.6791 321977.6298 547950.0547 580543.7188 595385.4584 634311.3186 673280.7928 856738.2660 907376.8346 1043976.430 1101343.927 1322311.158 1393973.309 1564362.881 1694952.308 2302424.046 2364479.999 2623566.627 2695174.784 2917799.531 3137050.201 4048785.051
      sorted:	 2.283143555e-06 2.347578874e-06 2.086007147e-05 5.192660161e-05 5.947692602e-05 8.818759697e-05 0.001099993333 13.55048684 64.92726826 152.5835710 169.1706831 237.2267653 276.8110470 347.5056243 529.3503709 651.6654902 801.7019543 852.7649647 875.8371146 932.8618769 1064.032411 1177.927960 1198.846561 1247.751803 1484.637620 1509.385214 1923.303013 1984.155970 2035.529521 2155.846095 2367.055371 2437.639290 2531.165794 2601.515340 2638.454757 2845.922642 3203.150897 3272.443654 3285.736470 3862.785977 4014.354194 4326.929811 5828.003659 9316.135829 38926.59313 158327.6583 321977.6298 359374.1304 377200.2888 391976.7739 398303.7058 403503.7172 409348.7938 447044.7623 451759.2538 463364.2340 465207.6791 547950.0547 580543.7188 595385.4584 634311.3186 673280.7928 856738.2660 907376.8346 1043976.430 1101343.927 1322311.158 1393973.309 1564362.881 1694952.308 2302424.046 2364479.999 2623566.627 2695174.784 2917799.531 3137050.201 4048785.051
