years
 1991 1992 1993 1994 1995 1996 1997 1998 1999 2000 2001 2002 2003 2004 2005 2006 2007 2008 2009 2010 2011 2012 2013 2014 2015 2016 2017 2018 2019 2020 2021
reclasobs
 0 0 0 0 0 0 0 0 0 252601 567819 844713 477998 351125 339783 2.1784e+06 2.13404e+06 4.81314e+06 1.55562e+06 2.62356e+06 3.21686e+06 3.843e+06 1.13348e+06 3.07943e+06 1.97215e+06 2.03268e+06 2.025e+06 2.42433e+06 2.27542e+06 1.05018e+06 2.36338e+06
reclaspred
 3.12105e+06 2.25767e+06 722886 329412 4.47487e+06 4.53385e+06 1.15039e+06 128757 1.19117e+06 225825 263243 1.39433e+06 516158 685441 363318 2.17042e+06 675583 5.61812e+06 5.48063e+06 1.34847e+06 2.91511e+06 3.58155e+06 1.3907e+06 3.63026e+06 2.61219e+06 1.18916e+06 2.10149e+06 4.45123e+06 2.87809e+06 537495 1.33935e+06
pelacesobs
 0 0 0 0 0 0 0 0 0 0 0 0 0 0 0 552880 188675 0 991730 2.46772e+06 1.41603e+06 1.21717e+06 2.29649e+06 1.80582e+06 0 1.4828e+06 1.56532e+06 1.57751e+06 1.42118e+06 867257 1.10002e+06
pelacespred
 3.35262e+06 1.37e+06 500040 81180.3 2.03322e+06 3.34091e+06 944339 107900 557107 102150 120523 591470 240828 283423 130241 846989 349858 2.89328e+06 3.46068e+06 932331 1.35962e+06 1.65028e+06 927192 2.13133e+06 1.68109e+06 862060 1.27614e+06 2.83324e+06 2.40138e+06 461943 616645
mphobs
 0 0 0 0 0 0 0 0 0 0 0 498337 0 5186 125008 0 168611 109162 213762 579715 649985 157893 87575 83554 0 0 0 0 0 0 0
mphpred
 1.09354e+06 320897 273473 41133.3 23277.4 1.05466e+06 568862 71957.6 7160.22 128944 8713.27 34785.5 160741 27436.4 32585.2 22460.2 269071 52638.7 804738 609555 128353 298871 470170 150548 473482 369049 113242 241706 806779 299247 30422.8
desembarqueobs
 494567 514787 250237 358949 120608 361735 552515 73892 212993 205616 52469 317467 293654 387597 252695 516296 358380 742168 942051 627588 828172 859565 418607 520667 417249 300574 415391 372974 316634 284311 391294
desembarquepred
 494425 514620 249559 358021 120571 361395 550999 73809.8 212736 205265 52422.3 316948 292913 386441 252064 515378 357864 741114 939719 624950 826707 857760 417943 520020 416459 299988 414652 372508 316105 283282 390718
Reclutas
 745.728 202946 1064.15 75319.1 437386 8674.19 592.615 164.658 64532.4 784.026 26130.2 164042 24693.9 79863 37630.5 269211 1718.21 507206 345195 14846.7 247008 428089 1750.87 183270 147035 6822.56 129922 225711 5699.65 1660.63 103091
log_desv_Rt
 -3.5562 2.05014 -3.20063 1.05893 2.81801 -1.10245 -3.78602 -5.06669 0.904361 -3.50612 0.000283116 1.83732 -0.05625 1.11751 0.365008 2.33269 -2.72152 2.96611 2.5813 -0.565029 2.24661 2.79653 -2.70269 1.94815 1.72786 -1.34257 1.60413 2.15645 -1.5224 -2.75561 1.3728
SSB
 999074 293175 249848 37579.8 21266.5 963551 519718 65741.2 6541.66 117804 7960.54 31780.4 146855 25066.2 29770.2 20519.9 245826 48091.3 735217 556896 117265 273052 429552 137543 432578 337167 103459 220825 737082 273395 27794.6
BT
 1.28628e+06 1.00403e+06 353977 321576 1.11915e+06 1.22431e+06 775708 103140 473915 205546 102864 554833 332528 550301 310540 838045 381245 2.14451e+06 2.26235e+06 871429 1.38873e+06 1.46387e+06 602552 1.50533e+06 983489 498388 1.04304e+06 1.68017e+06 940207 424302 682617
Ftot
 0.574752 1.18016 1.19489 4.33758 0.188753 0.313606 1.49669 1.72242 1.18821 2.48777 1.25585 1.41693 2.06482 3.0254 3.36843 1.52785 1.70581 0.883684 0.869291 1.55577 1.63482 1.34645 1.06703 0.882195 0.777699 0.937469 1.18624 0.523875 0.424585 1.6326 1.79892
BD_Bspro_t
 0.912752 0.469164 0.340001 0.0766123 0.0437293 0.689118 0.466891 0.105996 0.0219915 0.274171 0.0354015 0.189315 0.295399 0.0630953 0.0689682 0.0516953 0.265197 0.0694336 0.444596 0.328115 0.0871427 0.180082 0.264902 0.119648 0.3236 0.320625 0.164987 0.323169 0.578079 0.335251 0.0693881
BD_Bspro
 5.35055 1.5701 1.33806 0.201259 0.113893 5.16031 2.78336 0.352078 0.0350339 0.630902 0.0426328 0.170201 0.786482 0.134242 0.159435 0.109895 1.31652 0.257554 3.93746 2.98246 0.628015 1.46233 2.30047 0.736611 2.31668 1.8057 0.554076 1.18263 3.94745 1.46417 0.148854
BD_Bo
 0.719882 0.211247 0.180028 0.0270781 0.0153236 0.694286 0.374483 0.0473698 0.00471359 0.0848838 0.00573596 0.0228994 0.105816 0.0180615 0.0214509 0.0147856 0.17713 0.0346522 0.52976 0.401271 0.0844953 0.196747 0.309514 0.0991063 0.311694 0.242946 0.0745473 0.159115 0.531104 0.196995 0.0200274
BD_Brms
 3.04517 0.893595 0.761534 0.114543 0.0648201 2.93689 1.5841 0.200379 0.0199389 0.359066 0.0242637 0.0968665 0.447612 0.0764016 0.0907393 0.0625444 0.749274 0.146582 2.24093 1.69741 0.357423 0.832259 1.30927 0.419229 1.31849 1.02768 0.315342 0.673072 2.24662 0.833306 0.0847176
Sel_flota
 0.514751 0.95273 0.997395 0.999863 0.999993
 0.514751 0.95273 0.997395 0.999863 0.999993
 0.514751 0.95273 0.997395 0.999863 0.999993
 0.514751 0.95273 0.997395 0.999863 0.999993
 0.514751 0.95273 0.997395 0.999863 0.999993
 0.514751 0.95273 0.997395 0.999863 0.999993
 0.514751 0.95273 0.997395 0.999863 0.999993
 0.514751 0.95273 0.997395 0.999863 0.999993
 0.514751 0.95273 0.997395 0.999863 0.999993
 0.514751 0.95273 0.997395 0.999863 0.999993
 0.514751 0.95273 0.997395 0.999863 0.999993
 0.514751 0.95273 0.997395 0.999863 0.999993
 0.514751 0.95273 0.997395 0.999863 0.999993
 0.514751 0.95273 0.997395 0.999863 0.999993
 0.514751 0.95273 0.997395 0.999863 0.999993
 0.514751 0.95273 0.997395 0.999863 0.999993
 0.514751 0.95273 0.997395 0.999863 0.999993
 0.514751 0.95273 0.997395 0.999863 0.999993
 0.514751 0.95273 0.997395 0.999863 0.999993
 0.514751 0.95273 0.997395 0.999863 0.999993
 0.514751 0.95273 0.997395 0.999863 0.999993
 0.514751 0.95273 0.997395 0.999863 0.999993
 0.514751 0.95273 0.997395 0.999863 0.999993
 0.514751 0.95273 0.997395 0.999863 0.999993
 0.514751 0.95273 0.997395 0.999863 0.999993
 0.514751 0.95273 0.997395 0.999863 0.999993
 0.514751 0.95273 0.997395 0.999863 0.999993
 0.514751 0.95273 0.997395 0.999863 0.999993
 0.514751 0.95273 0.997395 0.999863 0.999993
 0.514751 0.95273 0.997395 0.999863 0.999993
 0.514751 0.95273 0.997395 0.999863 0.999993
Sel_reclas
 0.970178 1 1 1 1
 0.970178 1 1 1 1
 0.970178 1 1 1 1
 0.970178 1 1 1 1
 0.970178 1 1 1 1
 0.970178 1 1 1 1
 0.970178 1 1 1 1
 0.970178 1 1 1 1
 0.970178 1 1 1 1
 0.970178 1 1 1 1
 0.970178 1 1 1 1
 0.970178 1 1 1 1
 0.970178 1 1 1 1
 0.970178 1 1 1 1
 0.970178 1 1 1 1
 0.970178 1 1 1 1
 0.970178 1 1 1 1
 0.970178 1 1 1 1
 0.970178 1 1 1 1
 0.970178 1 1 1 1
 0.970178 1 1 1 1
 0.970178 1 1 1 1
 0.970178 1 1 1 1
 0.970178 1 1 1 1
 0.970178 1 1 1 1
 0.970178 1 1 1 1
 0.970178 1 1 1 1
 0.970178 1 1 1 1
 0.970178 1 1 1 1
 0.970178 1 1 1 1
 0.970178 1 1 1 1
Sel_pelaces
 0.437121 0.796261 0.951618 0.989999 0.997997
 0.437121 0.796261 0.951618 0.989999 0.997997
 0.437121 0.796261 0.951618 0.989999 0.997997
 0.437121 0.796261 0.951618 0.989999 0.997997
 0.437121 0.796261 0.951618 0.989999 0.997997
 0.437121 0.796261 0.951618 0.989999 0.997997
 0.437121 0.796261 0.951618 0.989999 0.997997
 0.437121 0.796261 0.951618 0.989999 0.997997
 0.437121 0.796261 0.951618 0.989999 0.997997
 0.437121 0.796261 0.951618 0.989999 0.997997
 0.437121 0.796261 0.951618 0.989999 0.997997
 0.437121 0.796261 0.951618 0.989999 0.997997
 0.437121 0.796261 0.951618 0.989999 0.997997
 0.437121 0.796261 0.951618 0.989999 0.997997
 0.437121 0.796261 0.951618 0.989999 0.997997
 0.437121 0.796261 0.951618 0.989999 0.997997
 0.437121 0.796261 0.951618 0.989999 0.997997
 0.437121 0.796261 0.951618 0.989999 0.997997
 0.437121 0.796261 0.951618 0.989999 0.997997
 0.437121 0.796261 0.951618 0.989999 0.997997
 0.437121 0.796261 0.951618 0.989999 0.997997
 0.437121 0.796261 0.951618 0.989999 0.997997
 0.437121 0.796261 0.951618 0.989999 0.997997
 0.437121 0.796261 0.951618 0.989999 0.997997
 0.437121 0.796261 0.951618 0.989999 0.997997
 0.437121 0.796261 0.951618 0.989999 0.997997
 0.437121 0.796261 0.951618 0.989999 0.997997
 0.437121 0.796261 0.951618 0.989999 0.997997
 0.437121 0.796261 0.951618 0.989999 0.997997
 0.437121 0.796261 0.951618 0.989999 0.997997
 0.437121 0.796261 0.951618 0.989999 0.997997
pf_obs 
 0.8446 0.082 0.0669 0.0065 0
 0.8095 0.147 0.0364 0.0071 0
 0.9664 0.0169 0.016 0.0007 0
 0.9276 0.0648 0.0075 0.0001 0
 0.7033 0.2144 0.0806 0.0017 0
 0.9318 0.0425 0.0243 0.0014 0
 0.5671 0.3108 0.0964 0.0239 0.0018
 0.0768 0.2599 0.5324 0.112 0.0189
 0.490249 0.384438 0.106611 0.0170017 0.00170017
 0.7925 0.1577 0.0466 0.003 0.0002
 0.840416 0.127587 0.0312969 0.00059994 9.999e-05
 0.8084 0.0986 0.0794 0.0134 0.0002
 0.7335 0.1905 0.0724 0.0035 0.0001
 0.4001 0.4547 0.1325 0.0127 0
 0.49795 0.308269 0.164784 0.0264974 0.00249975
 0.9179 0.0499 0.0305 0.0017 0
 0.2467 0.6533 0.0926 0.0074 0
 0.9418 0.0223 0.034 0.0019 0
 0.707729 0.231977 0.0356964 0.0245975 0
 0.517169 0.277429 0.184464 0.0207286 0.00020938
 0.811772 0.124168 0.05621 0.00726502 0.000585176
 0.764997 0.148141 0.077277 0.00933861 0.000247198
 0.163321 0.427699 0.378323 0.0303852 0.000271297
 0.753843 0.0900009 0.118128 0.0371064 0.000921714
 0.721811 0.176058 0.0630433 0.0369309 0.00215725
 0.143369 0.312575 0.442814 0.0836902 0.0175525
 0.692698 0.0596174 0.167031 0.0765114 0.00414204
 0.394062 0.376323 0.152708 0.0712218 0.00568511
 0.125707 0.32114 0.495352 0.0537591 0.00404204
 0.23352 0.215282 0.420074 0.123614 0.00750983
 0.774587 0.0839891 0.0768558 0.0609784 0.00358967
pf_pred 
 0.00684661 0.260229 0.533599 0.199324 7.33767e-07
 0.905833 0.00140476 0.0254204 0.0490715 0.0182706
 0.0161112 0.947765 0.000584565 0.00977018 0.0257688
 0.922827 0.00312844 0.0715415 4.06948e-05 0.00246275
 0.987883 0.0120095 5.26708e-06 9.849e-05 3.40643e-06
 0.0325919 0.961097 0.00625789 2.61416e-06 5.044e-05
 0.0090321 0.0614154 0.9238 0.00570466 4.82182e-05
 0.029512 0.0261736 0.0636969 0.875194 0.00542326
 0.993522 0.000592005 0.000175483 0.000387116 0.00532321
 0.0431413 0.954597 0.000223202 6.10551e-05 0.00197765
 0.969608 0.00454279 0.0257954 5.3133e-06 4.8177e-05
 0.95556 0.0439418 7.97809e-05 0.000417303 8.61276e-07
 0.373719 0.615804 0.0103691 1.72417e-05 8.99375e-05
 0.929496 0.0472779 0.0228775 0.000344591 3.53917e-06
 0.82543 0.17198 0.00181938 0.000758728 1.14516e-05
 0.98624 0.0132432 0.00051065 4.59446e-06 1.92766e-06
 0.0254777 0.969743 0.00461448 0.000162356 2.06312e-06
 0.988582 0.000821663 0.0105496 4.55408e-05 1.61404e-06
 0.643436 0.354884 0.000128879 0.00154342 6.87264e-06
 0.090879 0.73245 0.175898 5.95838e-05 0.000714026
 0.939305 0.0136243 0.038586 0.00844735 3.69551e-05
 0.876375 0.121128 0.000603372 0.00155369 0.000339851
 0.0133086 0.936813 0.0489552 0.000223992 0.000699657
 0.906851 0.00295381 0.085952 0.00416485 7.82428e-05
 0.669181 0.317477 0.000452584 0.0122851 0.000604171
 0.0881727 0.74614 0.159439 0.000212696 0.00603556
 0.91014 0.0167225 0.0606099 0.0120571 0.000470571
 0.832012 0.161983 0.001192 0.00399144 0.000821435
 0.0454168 0.869136 0.0825672 0.000573192 0.00230697
 0.0561413 0.0832591 0.787425 0.070716 0.00245893
 0.977484 0.00358883 0.00182127 0.0156585 0.00144755
pobs_RECLAS
 0 0 0 0 0
 0 0 0 0 0
 0 0 0 0 0
 0 0 0 0 0
 0 0 0 0 0
 0 0 0 0 0
 0 0 0 0 0
 0 0 0 0 0
 0 0 0 0 0
 0 0 0 0 0
 0.991045 0.00858322 0.000360255 1.14367e-05 0
 0.934742 0.0480273 0.0164251 0.00080598 0
 0.827803 0.169806 0.00239088 0 0
 0.941827 0.0461693 0.0120037 0 0
 0.791401 0.0380133 0.147996 0.0225897 0
 0.846168 0.0940531 0.0597789 0 0
 0.134021 0.677848 0.182769 0.00536245 0
 0.80878 0.0450904 0.141981 0.00414843 0
 0.846168 0.0940531 0.0597789 0 0
 0.905697 0.0802665 0.012482 0.00150086 5.37128e-05
 0.989698 0.0102097 9.19794e-05 0 0
 0.975433 0.0193895 0.00387452 0.00125025 5.28907e-05
 0.303575 0.632131 0.0575291 0.00676475 0
 0.966965 0.00978017 0.0227588 0.000495775 0
 0.843318 0.132988 0.00938335 0.0141283 0.000182051
 0.564624 0.303363 0.111486 0.0197234 0.00080311
 0.826376 0.0876187 0.0782897 0.00655872 0.00115652
 0.89761 0.0855135 0.0140674 0.00269457 0.000114338
 0.34875 0.467042 0.161289 0.0227151 0.000203297
 0.318654 0.224769 0.449479 0.00709798 0
 0.937255 0.0296025 0.0250945 0.00804832 0
ppred_RECLAS
 0.0130423 0.268211 0.523654 0.195092 7.18086e-07
 0.951711 0.000761781 0.0130526 0.0251222 0.00935214
 0.0308518 0.935495 0.000546246 0.00910265 0.0240045
 0.975661 0.00109295 0.0224648 1.27039e-05 0.000768568
 0.99327 0.00667311 2.79333e-06 5.21018e-05 1.80178e-06
 0.0578044 0.936331 0.00581499 2.42295e-06 4.67443e-05
 0.0188713 0.0642187 0.911253 0.00560938 4.74049e-05
 0.0621621 0.0269257 0.0616351 0.844048 0.00522934
 0.996819 0.000306349 8.5975e-05 0.0001891 0.00259989
 0.0922455 0.905766 0.00019694 5.36577e-05 0.00173768
 0.984903 0.00236509 0.0127054 2.60917e-06 2.36542e-05
 0.977087 0.0226707 3.88676e-05 0.000202669 4.18222e-07
 0.560182 0.432924 0.00682353 1.13053e-05 5.89605e-05
 0.97056 0.020267 0.00903658 0.000135505 1.39139e-06
 0.924039 0.0749294 0.000725884 0.000301255 4.54573e-06
 0.993103 0.00665217 0.00024188 2.16934e-06 9.10015e-07
 0.0507339 0.944886 0.00423007 0.000148338 1.88465e-06
 0.994206 0.000437359 0.00533295 2.29571e-05 8.13516e-07
 0.773062 0.225925 7.79296e-05 0.000930668 4.14352e-06
 0.168918 0.677124 0.153287 5.17581e-05 0.000620141
 0.970486 0.006942 0.0185144 0.00404 1.7671e-05
 0.933191 0.0655353 0.000308519 0.000792009 0.000173214
 0.0252839 0.927885 0.0459669 0.000209711 0.000654951
 0.950826 0.00163938 0.0453047 0.00218914 4.11202e-05
 0.791631 0.200385 0.00027155 0.00735092 0.000361459
 0.156258 0.696871 0.141348 0.000188031 0.00533487
 0.953556 0.00903796 0.0310148 0.00615147 0.000240046
 0.901389 0.0952546 0.000667669 0.00222984 0.000458836
 0.0804648 0.840757 0.0761296 0.000527134 0.0021213
 0.112989 0.0826562 0.736167 0.0658972 0.00229097
 0.989551 0.00175907 0.000838798 0.0071872 0.000664302
pobs_PELACES
 0 0 0 0 0
 0 0 0 0 0
 0 0 0 0 0
 0 0 0 0 0
 0 0 0 0 0
 0 0 0 0 0
 0 0 0 0 0
 0 0 0 0 0
 0 0 0 0 0
 0 0 0 0 0
 0 0 0 0 0
 0 0 0 0 0
 0 0 0 0 0
 0 0 0 0 0
 0 0 0 0 0
 0 0 0 0 0
 0.505614 0.472636 0.0217494 0 0
 0 0 0 0 0
 0.443492 0.261883 0.143347 0.151278 0
 0.227955 0.32914 0.350689 0.0885471 0.00366901
 0.970185 0.0296113 0.000203453 0 0
 0.997202 0.00247181 0.000326279 0 0
 0.445219 0.490057 0.0546422 0.010081 0
 0.90214 0.0892962 0.00764917 0.000914606 0
 0 0 0 0 0
 0.581667 0.319106 0.0959925 0.00289975 0.000334073
 0.762889 0.0836404 0.116647 0.0363945 0.000428098
 0.88444 0.0763242 0.0277011 0.0115352 0
 0.521256 0.241999 0.230069 0.00667565 0
 0.616807 0.101726 0.260614 0.0208532 0
 0.833518 0.0704572 0.0857862 0.0102388 0
ppred_PELACES
 0.00705177 0.235857 0.545689 0.211401 7.84385e-07
 0.916397 0.00109304 0.0219965 0.0440017 0.0165119
 0.0207996 0.937817 0.000643018 0.0111366 0.0296039
 0.97436 0.00103052 0.0237465 1.39211e-05 0.000848851
 0.98846 0.0114203 5.69731e-06 0.000110536 3.85342e-06
 0.0350113 0.957849 0.00707646 3.06671e-06 5.96411e-05
 0.0115315 0.0558602 0.926631 0.00592687 5.04894e-05
 0.0384985 0.022976 0.0612796 0.871801 0.00544452
 0.994304 0.000454821 0.000149899 0.000342664 0.00474903
 0.0760804 0.921492 0.000230829 6.52953e-05 0.00213141
 0.974759 0.00345005 0.0217437 4.64063e-06 4.24087e-05
 0.967265 0.0323177 6.48486e-05 0.000351376 7.30903e-07
 0.492099 0.498691 0.00911209 1.56796e-05 8.24267e-05
 0.965093 0.0230005 0.0117218 0.000182408 1.88789e-06
 0.917882 0.0808385 0.000890589 0.000383465 5.83212e-06
 0.990196 0.00939923 0.000399353 3.72147e-06 1.57363e-06
 0.0372278 0.957592 0.00499616 0.000182016 2.33105e-06
 0.989539 0.000677066 0.00973891 4.35833e-05 1.55685e-06
 0.685872 0.312415 0.000127149 0.00157859 7.08473e-06
 0.12254 0.6933 0.183318 6.43135e-05 0.000776747
 0.954099 0.00952306 0.0296308 0.00671753 2.96178e-05
 0.905337 0.0924919 0.00051015 0.00136095 0.00030003
 0.016697 0.928146 0.0540934 0.000256516 0.000807564
 0.913574 0.00245048 0.079887 0.00401297 7.59846e-05
 0.704554 0.281674 0.000450982 0.0126925 0.000629137
 0.104212 0.717281 0.171488 0.000237145 0.00678242
 0.92322 0.0130279 0.0525032 0.010823 0.000425732
 0.847017 0.146652 0.00121904 0.00423366 0.000878181
 0.0492553 0.855404 0.0919907 0.000662419 0.00268721
 0.0732458 0.0747912 0.777154 0.0722758 0.00253285
 0.983432 0.00238219 0.00132203 0.0117674 0.00109635
pobs_pel_tallas
 0 0 0 0 0 0 0 0 0 0 0 0 0 0 0 0 0 0 0 0 0 0 0 0 0 0
 0 0 0 0 0 0 0 0 0 0 0 0 0 0 0 0 0 0 0 0 0 0 0 0 0 0
 0 0 0 0 0 0 0 0 0 0 0 0 0 0 0 0 0 0 0 0 0 0 0 0 0 0
 0 0 0 0 0 0 0 0 0 0 0 0 0 0 0 0 0 0 0 0 0 0 0 0 0 0
 0 0 0 0 0 0 0 0 0 0 0 0 0 0 0 0 0 0 0 0 0 0 0 0 0 0
 0 0 0 0 0 0 0 0 0 0 0 0 0 0 0 0 0 0 0 0 0 0 0 0 0 0
 0 0 0 0 0 0 0 0 0 0 0 0 0 0 0 0 0 0 0 0 0 0 0 0 0 0
 0 0 0 0 0 0 0 0 0 0 0 0 0 0 0 0 0 0 0 0 0 0 0 0 0 0
 0 0 0 0 0 0 0 0 0 0 0 0 0 0 0 0 0 0 0 0 0 0 0 0 0 0
 0 0 0 0 0 0 0 0 0 0 0 0 0 0 0 0 0 0 0 0 0 0 0 0 0 0
 0 0 0 0 0 0 0 0 0 0 0 0 0 0 0 0 0 0 0 0 0 0 0 0 0 0
 0 0 0 0 0 0 0 0 0 0 0 0 0 0 0 0 0 0 0 0 0 0 0 0 0 0
 0.00862536 0 0 0.000197151 0.00414017 0.0128641 0.00837892 0.0270097 0.101434 0.158115 0.152841 0.127902 0.109271 0.109419 0.0830992 0.0579132 0.0238553 0.00714673 0.00463305 0.00128148 0.00103504 0.000492878 0.000147863 0.000147863 4.92878e-05 0
 0 0 0 0 0 0 0 0 0 0 0 0 0 0 0 0 0 0 0 0 0 0 0 0 0 0
 0 0 0 0 0 0 0 0.0054083 0.00873648 0.0413646 0.0450493 0.0745869 0.0622846 0.0627006 0.0613931 0.0827291 0.12552 0.122667 0.0946155 0.0697135 0.0546179 0.0294188 0.0215738 0.0213955 0.0102223 0.00600262
 0 0 0 0 0.00359764 0.0251062 0.0480494 0.140153 0.205849 0.193036 0.1447 0.116669 0.0760912 0.0342217 0.00950174 0.001854 0.000860785 0 0 0 0.000165536 0 0.000143464 0 0 0
 0 0 0 0 0 0 0 0.000145254 0.000435761 0.0275982 0.070085 0.0708112 0.156366 0.174668 0.174014 0.160142 0.0824315 0.0480064 0.0283245 0.00493863 0.00203355 0 0 0 0 0
 0 0 0 0 0 0 0 0 0 0 0 0 0 0 0 0 0 0 0 0 0 0 0 0 0 0
 0 0 1.00437e-05 0.000401748 0.00122533 0.00171747 0.00176769 0.0269171 0.070346 0.194647 0.189555 0.159765 0.064822 0.0314167 0.0384472 0.0292271 0.0345202 0.0313363 0.0194345 0.0106764 0.0143323 0.0359363 0.0279516 0.0138201 0.00172751 0
 0 0.0021121 0.0136068 0.0755702 0.200478 0.177729 0.0527432 0.0373336 0.0318909 0.0142505 0.0149659 0.0166563 0.0217959 0.0798694 0.0677717 0.0528807 0.04013 0.0224614 0.0357745 0.0225083 0.00881397 0.00855152 0.00135912 0.000746735 0 0
 0 0 0 0 5.4009e-05 0.00500934 0.000945158 0.0243581 0.138947 0.33067 0.221406 0.137944 0.0707744 0.0437923 0.0131692 0.00525238 0.0047753 0.00276346 9.45158e-05 9.00151e-06 2.25038e-05 9.00151e-06 4.50075e-06 0 0 0
 0.000866109 0.00284123 0.00948549 0.0512746 0.133035 0.25785 0.225252 0.132002 0.0553304 0.0519788 0.0540692 0.017754 0.00435017 0.00159236 0.00146478 0.000404838 0.000125132 0.000115318 0.000107957 0.000100596 0 0 0 0 0 0
 0 0 0 0 0.00144013 0.00171154 0.00461396 0.0210425 0.0478622 0.0707936 0.0888783 0.103762 0.0637923 0.0337046 0.0602308 0.124433 0.169614 0.0934646 0.0462172 0.0250306 0.0313229 0.00938855 0.002487 0.000210481 0 0
 0 0.00764035 0.051015 0.0998891 0.058973 0.0496711 0.0374665 0.0718981 0.12319 0.153886 0.159021 0.0857701 0.0377988 0.023471 0.0147837 0.00900784 0.00315554 0.000888139 0.00291439 0.00214683 0.00393193 0.00274676 0.000635225 9.99891e-05 0 0
 0 0 0 0 0 0 0 0 0 0 0 0 0 0 0 0 0 0 0 0 0 0 0 0 0 0
 0 0 0 0 0 0 0 0 0 0 0 0 0 0 0 0 0 0 0 0 0 0 0 0 0 0
 0 0 0 0 0 0 0 0 0 0 0 0 0 0 0 0 0 0 0 0 0 0 0 0 0 0
 0 0 0 0 0 0 0 0 0 0 0 0 0 0 0 0 0 0 0 0 0 0 0 0 0 0
 0 0 0 0 0 0 0 0 0 0 0 0 0 0 0 0 0 0 0 0 0 0 0 0 0 0
 0 0 0 0 0 0 0 0 0 0 0 0 0 0 0 0 0 0 0 0 0 0 0 0 0 0
 0 0 0 0 0 0 0 0 0 0 0 0 0 0 0 0 0 0 0 0 0 0 0 0 0 0
ppred_pel_tallas
 1.37009e-16 5.80897e-07 5.64654e-06 3.75244e-05 0.000170595 0.00053091 0.00113203 0.00165716 0.00168075 0.00124773 0.000921927 0.00131117 0.00294291 0.00648914 0.0127297 0.0221369 0.0344601 0.0487588 0.0639813 0.0795815 0.0954391 0.110983 0.124348 0.132553 0.132818 0.124083
 1.07843e-16 7.54824e-05 0.000733716 0.0048758 0.0221647 0.0689625 0.146932 0.214452 0.214452 0.146933 0.0689654 0.0221736 0.0049011 0.000798664 0.000228383 0.000338665 0.000678437 0.00129241 0.00230752 0.00385101 0.00598817 0.00865174 0.0115939 0.0143992 0.0165722 0.0176793
 1.06385e-16 1.71343e-06 1.66553e-05 0.000110685 0.000503211 0.00156616 0.0033402 0.00489403 0.00498422 0.00378077 0.00304485 0.00477153 0.0108148 0.0233512 0.0442228 0.072858 0.104378 0.130062 0.14105 0.133324 0.110219 0.0803749 0.0528039 0.0328205 0.0211416 0.0155651
 1.00831e-16 8.02568e-05 0.000780124 0.0051842 0.0235666 0.0733245 0.156226 0.228016 0.228016 0.156226 0.0733269 0.023574 0.00520447 0.000830147 0.000192155 0.000234567 0.000432014 0.000754529 0.00122375 0.00183862 0.00254901 0.00324646 0.00378412 0.00402649 0.00390656 0.00345675
 1.00015e-16 8.14181e-05 0.000791413 0.00525922 0.0239076 0.0743856 0.158486 0.231316 0.231317 0.158492 0.0744036 0.0239596 0.00538955 0.0010755 0.000619721 0.000892423 0.00127005 0.00158096 0.00171167 0.00161214 0.00132205 0.000945972 0.000593741 0.000331324 0.000169952 8.61419e-05
 1.0046e-16 2.88404e-06 2.8034e-05 0.0001863 0.000846949 0.00263567 0.00561897 0.00822037 0.00831248 0.00606895 0.00414593 0.00520636 0.0111187 0.0238593 0.0451617 0.0743918 0.106541 0.132667 0.143659 0.135318 0.110943 0.0792698 0.0494913 0.0271534 0.0132523 0.00590078
 1.27358e-16 9.4985e-07 9.23288e-06 6.1356e-05 0.00027892 0.000867858 0.00184931 0.00270052 0.00270732 0.00188321 0.000985791 0.000637567 0.00102942 0.0023463 0.00509296 0.0101158 0.0185071 0.0314254 0.04971 0.0731967 0.0999105 0.125702 0.144979 0.152618 0.146193 0.127192
 1.90126e-16 3.17107e-06 3.0824e-05 0.000204836 0.000931157 0.00289719 0.00617286 0.00901002 0.00901263 0.00618585 0.00294212 0.00106706 0.000570234 0.000913491 0.00194537 0.00395865 0.00760032 0.0139202 0.0244215 0.0408646 0.0646279 0.0956828 0.131619 0.167389 0.196249 0.21178
 1.00843e-16 8.18995e-05 0.000796092 0.00529031 0.024049 0.0748253 0.159423 0.232683 0.232683 0.159423 0.0748261 0.0240512 0.00529584 0.000808461 0.000106324 4.88589e-05 6.95737e-05 0.000104509 0.000153202 0.000224948 0.000333344 0.00049056 0.000698908 0.00094367 0.00119165 0.00139769
 1.0061e-16 6.26683e-06 6.09159e-05 0.000404812 0.00184027 0.00572624 0.0122036 0.0178301 0.0179188 0.0126365 0.00717898 0.00603351 0.01092 0.0229812 0.0434346 0.0715302 0.102417 0.127479 0.137945 0.129782 0.106182 0.0755862 0.0468828 0.0254384 0.0122149 0.0053662
 1.00637e-16 8.02896e-05 0.000780444 0.00518632 0.0235763 0.0733545 0.15629 0.228109 0.22811 0.156291 0.0733607 0.0235944 0.00523344 0.000888461 0.000300505 0.000408839 0.000671769 0.0010322 0.00148442 0.00201477 0.00258417 0.00311493 0.00349677 0.00362259 0.00343848 0.00297573
 1.00046e-16 7.96724e-05 0.000774444 0.00514645 0.023395 0.0727906 0.155088 0.226356 0.22636 0.155103 0.0728416 0.0235421 0.00551528 0.00157843 0.00160315 0.0025152 0.00359436 0.00447543 0.00484659 0.00456672 0.00374804 0.00268622 0.00169166 0.000950573 0.000494381 0.000256526
 1.00406e-16 4.05336e-05 0.000394001 0.00261828 0.0119023 0.0370329 0.0789042 0.115173 0.115221 0.0791385 0.0378193 0.0141726 0.00831202 0.012807 0.0235663 0.0387677 0.0555415 0.0692104 0.0750364 0.0708348 0.0583098 0.0419826 0.0266033 0.0150276 0.00775917 0.00382467
 1.00363e-16 7.94935e-05 0.000772705 0.0051349 0.0233425 0.0726272 0.15474 0.225848 0.22585 0.154751 0.0726638 0.0234485 0.00540154 0.0013568 0.00119463 0.00186421 0.00271246 0.00348229 0.00396738 0.00406795 0.00383633 0.00342419 0.00297556 0.00255509 0.00215491 0.00174882
 1.00086e-16 7.56047e-05 0.000734905 0.0048837 0.0222006 0.0690743 0.14717 0.214801 0.214809 0.147208 0.0692018 0.0225686 0.00580649 0.00274657 0.0038879 0.00628627 0.00899764 0.0112081 0.0121452 0.0114555 0.00941704 0.00676579 0.00427464 0.00240779 0.00124567 0.000626693
 1.00015e-16 8.15611e-05 0.000792803 0.00526846 0.0239496 0.0745162 0.158765 0.231722 0.231723 0.158769 0.0745311 0.0239925 0.00537585 0.00102699 0.000525576 0.000737789 0.00105014 0.00131032 0.00142447 0.0013512 0.0011221 0.000821227 0.000536605 0.000320705 0.000182399 0.000103717
 1.00408e-16 3.06661e-06 2.98086e-05 0.000198093 0.000900559 0.00280247 0.00597435 0.00873905 0.00883113 0.00642419 0.00431225 0.00525857 0.0111268 0.0238525 0.0451444 0.0743592 0.106486 0.13258 0.14353 0.135141 0.110713 0.0789908 0.0491784 0.0268314 0.0129501 0.00564346
 1.00286e-16 8.1507e-05 0.000792277 0.00526496 0.0239337 0.0744668 0.158659 0.231568 0.231568 0.15866 0.0744681 0.0239379 0.00527616 0.000819072 0.00013925 0.000118992 0.000204697 0.000342547 0.000535544 0.000781281 0.00105928 0.00132674 0.00152582 0.00160329 0.00153389 0.0013332
 1.00244e-16 5.64944e-05 0.000549146 0.00364927 0.0165891 0.0516149 0.109972 0.160514 0.160544 0.110119 0.0521074 0.0180107 0.00721438 0.00832023 0.0147811 0.0242574 0.0347288 0.043232 0.0467918 0.0440421 0.0360662 0.0257246 0.0160259 0.00878319 0.00431523 0.00199113
 1.05606e-16 1.00936e-05 9.81137e-05 0.000652003 0.00296395 0.00922232 0.0196516 0.0286961 0.0287631 0.0199788 0.0103212 0.0061394 0.0086285 0.0175294 0.033169 0.0549563 0.079478 0.100577 0.111922 0.110488 0.0982472 0.0806263 0.0631031 0.0486478 0.037507 0.0286235
 1.01537e-16 7.85879e-05 0.000763902 0.0050764 0.0230766 0.0717998 0.152977 0.223275 0.223276 0.152982 0.0718158 0.0231234 0.00519625 0.00103293 0.000611237 0.000942933 0.00148355 0.00214367 0.00288391 0.00367874 0.00450255 0.005294 0.0059322 0.00626239 0.00616582 0.00562628
 1.00226e-16 7.45714e-05 0.000724861 0.00481696 0.0218972 0.0681303 0.145159 0.211866 0.211875 0.145203 0.0682762 0.0223182 0.00587269 0.00302631 0.00443597 0.00719074 0.0102933 0.0128226 0.013897 0.0131147 0.0107973 0.00778997 0.00497804 0.00288964 0.00160925 0.000941697
 1.01961e-16 1.3755e-06 1.33705e-05 8.88557e-05 0.00040398 0.00125741 0.00268235 0.00393369 0.00402302 0.00311876 0.00272236 0.00463354 0.0106991 0.023154 0.0438855 0.0723803 0.103867 0.129766 0.141322 0.134472 0.112303 0.0830447 0.0552917 0.0341384 0.0204188 0.0123796
 1.02722e-16 7.52498e-05 0.000731455 0.00486078 0.0220964 0.0687501 0.146479 0.213791 0.213791 0.146481 0.0687565 0.0221166 0.00491758 0.000875114 0.000405597 0.000701061 0.0013501 0.00241933 0.00400572 0.00611283 0.00856812 0.0109926 0.0128723 0.0137322 0.0133339 0.0117838
 1.01465e-16 5.80332e-05 0.000564104 0.00374867 0.0170409 0.0530208 0.112967 0.164885 0.164912 0.1131 0.0534649 0.0183231 0.00696418 0.00757417 0.0133439 0.021897 0.0313725 0.0391092 0.0424467 0.0401788 0.0333011 0.0243931 0.0161363 0.0100992 0.00647946 0.0046202
 1.06304e-16 8.58396e-06 8.34392e-05 0.000554486 0.00252066 0.00784307 0.016713 0.0244077 0.0244769 0.0170514 0.0089794 0.005804 0.00880075 0.0181002 0.0342693 0.056752 0.0820062 0.103637 0.115078 0.113213 0.100138 0.0815717 0.0633004 0.0484836 0.0373845 0.0288229
 1.02676e-16 7.60444e-05 0.000739179 0.0049121 0.0223297 0.069476 0.148026 0.216049 0.21605 0.148033 0.0694983 0.0223952 0.0050805 0.00111996 0.00083792 0.00136609 0.00219704 0.00325777 0.00451755 0.00594677 0.0074859 0.00899163 0.0102154 0.0108654 0.0107328 0.00980128
 1.00646e-16 6.97677e-05 0.000678167 0.00450666 0.0204866 0.0637416 0.135809 0.19822 0.198234 0.135878 0.0639729 0.0211542 0.00618096 0.00432834 0.00698798 0.0114053 0.0163373 0.0203662 0.0221022 0.0209136 0.0173139 0.0126421 0.00829362 0.00509094 0.00314865 0.00213916
 1.03395e-16 4.05727e-06 3.94382e-05 0.000262085 0.00119145 0.00370749 0.00790224 0.0115508 0.0116332 0.00830479 0.00505899 0.00509431 0.010056 0.0214099 0.0405618 0.0669735 0.0962925 0.120689 0.132159 0.126966 0.107862 0.0822235 0.0576918 0.0387075 0.0259128 0.0177458
 1.30123e-16 6.03318e-06 5.86446e-05 0.000389715 0.00177159 0.00551212 0.0117445 0.0171431 0.0171515 0.0117862 0.00565561 0.00220145 0.00152685 0.00273324 0.00564827 0.0107943 0.0189605 0.0309445 0.0473133 0.0679547 0.0914257 0.114511 0.132618 0.141234 0.137832 0.123083
 1.01405e-16 8.1004e-05 0.000787388 0.00523247 0.023786 0.0740072 0.15768 0.230139 0.230139 0.157681 0.0740111 0.0237974 0.00526128 0.000851518 0.000206679 0.000224364 0.000342941 0.000494486 0.000677103 0.000907587 0.00121309 0.00161159 0.00208723 0.00257792 0.00298692 0.00321533
pSPR Fmed_Fpbrs
0.240876   0.286401 0.286401
Fs Fmed_Fpbrs
1.18943   1.005 1.005
SSBpbr Bo_Bmed_Bpbrs
1.38783e+06  264903  328085 328085
Ro
26122.8
SPR SPRFo_SPRFmed_SPRFpbrs
186724 44977.2 53477.9
Fref
1.005
Nvult_r0
 88067.4 246.162 122.862 1055.38 97.56
CTP_r0
 42341.8 155.458 78.8921 678.28 62.7035
YTP_r0
390718
Np
 88563.1 15023.5 17.4735 8.00398 72.5955
Nvult_p0
 69141.4 12902 15.1143 6.92601 62.8197
CTP_p0
 23573.5 6310.91 7.56615 3.4714 31.488
YTP_p0
 280354
CBA_c0
357609
log_Ro
9.99056
likeval ReclasPelacesDesembMPH_pf_preclas_ppelaces_ptallas_desvR_qrecl_qpela
 35.1957 31.6817 0.631942 0.00101948 473.283 153.57 152.946 0 238.405 9.47349e-05 0.000265696 0.0821373 0 0 0
q_reclas_q_pelaces
3.97185 10.1658
M
1
N
 745.728 16874 33370.2 12441.2 0.0457947
 202946 204.079 3590.13 6919.96 2576.27
 1064.15 40668.4 24.3889 407.017 1073.42
 75319.1 211.635 4792.47 2.72469 164.887
 437386 2971.18 1.24898 23.3016 0.805824
 8674.19 146007 913.135 0.380626 7.34331
 592.615 2715.35 39840.1 245.696 2.07658
 164.658 100.899 240.024 3293.95 20.4101
 64532.4 24.9595 7.19309 15.8442 217.856
 784.026 12878.2 2.96006 0.808969 26.2023
 26130.2 80.1467 442.798 0.0910739 0.825727
 164042 5036.13 8.91174 46.5502 0.0960686
 24693.9 29100.5 480.313 0.797818 4.16141
 79863 3138.32 1497.12 22.5334 0.231423
 37630.5 6190.29 64.6541 26.9443 0.406661
 269211 2444.67 91.9763 0.826458 0.346726
 1718.21 45106.8 209.776 7.37181 0.0936702
 507206 262.689 3266.94 14.0788 0.498929
 345195 118397 41.6398 497.814 2.21649
 14846.7 81177.7 19026.7 6.4368 77.1304
 247008 2452.1 6782.96 1483.09 6.48772
 428089 39169.3 190.025 488.631 106.874
 1750.87 78747.3 3995.18 18.2509 57.0035
 183270 371.897 10482 507.044 9.52471
 147035 42813.3 59.0345 1599.61 78.6599
 6822.56 36246.7 7507.56 9.99864 283.701
 129922 1549.1 5458.6 1084.24 42.3133
 225711 25953.8 184.059 615.107 126.575
 5699.65 63408 5796.22 40.155 161.597
 1660.63 1685.14 15565.8 1396.16 48.5439
 103091 263.636 130.866 1123.81 103.884
pred_Ctot
 123.663 4700.24 9637.82 3600.17 0.0132532
 61326.8 95.1051 1721.02 3322.25 1236.96
 324.667 19099 11.7799 196.885 519.283
 49968.4 169.396 3873.76 2.20351 133.35
 25803.6 313.689 0.137576 2.57256 0.0889762
 828.23 24423.5 159.026 0.0664314 1.28179
 213.976 1454.97 21885.4 135.147 1.14232
 65.6516 58.225 141.698 1946.93 12.0644
 19603.4 11.6809 3.46248 7.63826 105.033
 395.24 8745.55 2.04487 0.559357 18.1183
 8282.21 38.8036 220.339 0.0453852 0.411519
 56912.3 2617.14 4.75168 24.8542 0.0512968
 11106.3 18300.6 308.151 0.512392 2.67278
 44864.2 2281.97 1104.23 16.6325 0.170826
 22315.6 4649.51 49.1871 20.5123 0.309596
 98658.3 1324.78 51.0827 0.459606 0.192833
 680.513 25902 123.253 4.33656 0.0551062
 121564 101.038 1297.27 5.60007 0.198475
 81617.9 45016 16.3479 195.778 0.871773
 5511.9 44423.7 10668.4 3.61381 43.3063
 94976.3 1377.6 3901.56 854.14 3.73665
 143008 19765.8 98.4589 253.533 55.4572
 488.885 34413.4 1798.35 8.22824 25.7016
 43863.8 142.874 4157.44 201.451 3.78455
 31672 15026 21.4205 581.449 28.5951
 1716.47 14525.2 3103.82 4.14059 117.495
 39416.7 724.225 2624.92 522.172 20.3797
 34471.6 6711.22 49.3865 165.372 34.0334
 720.027 13779.1 1309 9.08724 36.574
 637.918 946.05 8947.28 803.526 27.9401
 42341.8 155.458 78.8921 678.28 62.7035
F
 0.295854 0.547583 0.573255 0.574673 0.574747
 0.60749 1.12438 1.17709 1.18 1.18015
 0.615071 1.13841 1.19178 1.19472 1.19488
 2.23277 4.13254 4.32628 4.33698 4.33755
 0.0971609 0.179831 0.188261 0.188727 0.188752
 0.161429 0.298782 0.31279 0.313563 0.313604
 0.770421 1.42594 1.49279 1.49648 1.49667
 0.886619 1.641 1.71794 1.72218 1.72241
 0.611633 1.13204 1.18512 1.18805 1.1882
 1.28058 2.37018 2.48129 2.48743 2.48775
 0.646452 1.19649 1.25258 1.25568 1.25584
 0.729369 1.34996 1.41324 1.41674 1.41692
 1.06287 1.96721 2.05944 2.06453 2.0648
 1.55733 2.88239 3.01752 3.02499 3.02538
 1.7339 3.20921 3.35966 3.36797 3.36841
 0.786461 1.45563 1.52387 1.52764 1.52784
 0.87807 1.62518 1.70137 1.70558 1.7058
 0.454877 0.841912 0.881382 0.883562 0.883678
 0.447469 0.8282 0.867027 0.869171 0.869284
 0.800833 1.48223 1.55171 1.55555 1.55576
 0.841525 1.55754 1.63056 1.63459 1.63481
 0.693088 1.28281 1.34294 1.34627 1.34644
 0.549253 1.01659 1.06425 1.06688 1.06702
 0.454111 0.840494 0.879897 0.882073 0.882188
 0.400322 0.740938 0.775674 0.777592 0.777694
 0.482563 0.893155 0.935027 0.93734 0.937462
 0.61062 1.13017 1.18315 1.18608 1.18623
 0.269665 0.499111 0.52251 0.523803 0.523871
 0.218556 0.404515 0.423479 0.424526 0.424582
 0.840385 1.55543 1.62835 1.63238 1.63259
 0.925996 1.71389 1.79423 1.79867 1.79891
YTP_r0W_actual
 359905 2533.96 2279.98 23604.1 2395.27
YTP_p0W_proyectada
 177272 101732 176.897 102.406 1070.59
CTP_r0_actual
 42341.8 155.458 78.8921 678.28 62.7035
CTP_p0_proyectada
 23573.5 6310.91 7.56615 3.4714 31.488
Wmedp
 7.52 16.12 23.38 29.5 34
Frms_r0
 0.925996 1.71389 1.79423 1.79867 1.79891
Zrms_r0
 1.926 2.71389 2.79423 2.79867 2.79891
nmprior
 8.19 8.8 8.5 0
nm_flota  nm_reclas  nm_pelaces    nm_pelaL
inf 6.87582 2.58504 3.43722
cv_recla  cv_pelaces  cv_mph
0.536623 0.638229 0.98536
 ------------------------------------------------
Talla a la edad & desviaci?n 
 8 13.2811 15.8009 17.003 17.5766
 0.8 1.32811 1.58009 1.7003 1.75766
