years
 1991 1992 1993 1994 1995 1996 1997 1998 1999 2000 2001 2002 2003 2004 2005 2006 2007 2008 2009 2010 2011 2012 2013 2014 2015 2016 2017 2018 2019 2020 2021
reclasobs
 0 0 0 0 0 0 0 0 0 252601 567819 844713 477998 351125 339783 2.1784e+06 2.13404e+06 4.81314e+06 1.55562e+06 2.62356e+06 3.21686e+06 3.843e+06 1.13348e+06 3.07943e+06 1.97215e+06 2.03268e+06 2.025e+06 2.42433e+06 2.27542e+06 1.05018e+06 2.36338e+06
reclaspred
 2.70292e+06 1.07292e+06 559232 295481 73827.7 923475 317338 97525 305196 151897 280788 481893 441984 303107 244227 1.18172e+06 846884 3.15749e+06 2.40299e+06 1.23982e+06 2.45842e+06 2.23459e+06 1.38653e+06 2.54629e+06 1.72719e+06 1.16939e+06 1.7231e+06 2.33115e+06 1.73255e+06 755242 1.0778e+06
pelacesobs
 0 0 0 0 0 0 0 0 0 0 0 0 0 0 0 552880 188675 0 991730 2.46772e+06 1.41603e+06 1.21717e+06 2.29649e+06 1.80582e+06 0 1.4828e+06 1.56532e+06 1.57751e+06 1.42118e+06 867257 1.10002e+06
pelacespred
 1.31568e+06 553239 255339 87865.9 23667.3 405450 98007.3 41369.6 123240 53224.9 124842 180865 181541 123485 100293 453349 325993 1.49018e+06 1.12023e+06 556903 1.06536e+06 982801 613957 1.28557e+06 833249 558598 947568 1.24618e+06 772836 396727 528688
mphobs
 0 0 0 0 0 0 0 0 0 0 0 498337 0 5186 125008 0 168611 109162 213762 579715 649985 157893 87575 83554 0 0 0 0 0 0 0
mphpred
 2.84344e+06 1.42005e+06 429890 299519 98361.6 24240.2 460126 102463 39110.4 137194 50549.3 184881 249920 180727 94532.6 100542 755654 488608 1.86724e+06 1.19579e+06 826734 1.26344e+06 1.32584e+06 833721 1.42907e+06 1.01701e+06 627827 889978 1.61604e+06 914042 358364
desembarqueobs
 494567 514787 250237 358949 120608 361735 552515 73892 212993 205616 52469 317467 293654 387597 252695 516296 358380 742168 942051 627588 828172 859565 418607 520667 417249 300574 415391 372974 316634 284311 391294
desembarquepred
 494541 515068 249323 358889 120555 361559 551789 73865.6 212848 205434 52463.4 317276 293451 387114 252482 516019 358289 741855 941132 626834 827814 859010 418439 520532 417070 300434 415233 372851 316520 284161 391152
Reclutas
 22061.6 14260.5 181051 18303.2 7813.7 278658 13918.9 3361.89 58927.9 25429.5 77302.2 141013 91398.8 68242.2 52676 442165 21833.4 855406 308417 136511 435511 584657 29487.7 339470 203482 53744.8 268655 349914 31887.2 16613.6 189990
log_desv_Rt
 -1.26757 -1.70392 0.837365 -1.45434 -2.30554 1.26857 -1.72817 -3.14891 -0.285101 -1.12551 -0.0136928 0.587437 0.153818 -0.138351 -0.397254 1.73027 -1.27797 2.39016 1.37004 0.554992 1.7151 2.00961 -0.977442 1.46597 0.954163 -0.377169 1.23201 1.49627 -0.899211 -1.5512 0.885559
SSB
 2.84344e+06 1.42005e+06 429890 299519 98361.6 24240.2 460126 102463 39110.4 137194 50549.3 184881 249920 180727 94532.6 100542 755654 488608 1.86724e+06 1.19579e+06 826734 1.26344e+06 1.32584e+06 833721 1.42907e+06 1.01701e+06 627827 889978 1.61604e+06 914042 358364
BT
 3.4838e+06 1.83033e+06 832130 472706 162978 1.25664e+06 712187 165704 476066 309849 331906 678900 682487 687541 483970 1.45405e+06 1.0346e+06 4.10519e+06 3.47244e+06 1.88578e+06 3.16097e+06 3.04163e+06 1.77928e+06 3.45786e+06 2.31277e+06 1.56482e+06 2.62188e+06 3.24341e+06 2.04576e+06 1.21668e+06 1.60674e+06
Ftot
 0.173719 0.443453 0.453522 1.05265 1.35808 0.443782 1.40431 0.697549 0.754521 1.21085 0.210146 0.676454 0.661577 1.21548 1.04103 0.487433 0.398053 0.262975 0.387282 0.487877 0.355521 0.397348 0.286591 0.221474 0.241212 0.250882 0.260831 0.174323 0.174384 0.354704 0.392535
BD_Bspro_t
 0.972588 0.783809 0.508274 0.449 0.184848 0.0740624 0.471731 0.147567 0.0900196 0.276097 0.162679 0.507865 0.428658 0.310885 0.18585 0.202428 0.527998 0.416461 0.664516 0.526281 0.402027 0.503604 0.538872 0.464454 0.624966 0.602685 0.552565 0.658367 0.755079 0.641021 0.472428
BD_Bspro
 5.08337 2.5387 0.768538 0.535467 0.175846 0.0433355 0.822593 0.183179 0.0699199 0.24527 0.0903698 0.330522 0.446796 0.323096 0.169001 0.179744 1.35093 0.873513 3.33816 2.13778 1.478 2.25873 2.37028 1.49049 2.55484 1.81816 1.1224 1.59106 2.88909 1.63408 0.640667
BD_Bo
 1.61386 0.805978 0.243993 0.169999 0.0558273 0.013758 0.261155 0.0581551 0.022198 0.0778675 0.0286904 0.104933 0.141848 0.102576 0.053654 0.0570646 0.428888 0.27732 1.05979 0.678697 0.469231 0.717094 0.75251 0.473197 0.811102 0.577226 0.356337 0.505126 0.91722 0.518784 0.203397
BD_Brms
 10.1967 5.09234 1.5416 1.07409 0.352729 0.0869263 1.65003 0.367437 0.140252 0.491984 0.181272 0.662991 0.896223 0.648095 0.338998 0.360546 2.70981 1.75217 6.69599 4.28816 2.9647 4.53076 4.75452 2.98976 5.12472 3.64704 2.25141 3.1915 5.79519 3.27779 1.28511
Sel_flota
 0.813326 1 1 1 1
 0.813326 1 1 1 1
 0.813326 1 1 1 1
 0.813326 1 1 1 1
 0.813326 1 1 1 1
 0.813326 1 1 1 1
 0.813326 1 1 1 1
 0.813326 1 1 1 1
 0.813326 1 1 1 1
 0.813326 1 1 1 1
 0.813326 1 1 1 1
 0.813326 1 1 1 1
 0.813326 1 1 1 1
 0.813326 1 1 1 1
 0.813326 1 1 1 1
 0.813326 1 1 1 1
 0.813326 1 1 1 1
 0.813326 1 1 1 1
 0.813326 1 1 1 1
 0.813326 1 1 1 1
 0.813326 1 1 1 1
 0.813326 1 1 1 1
 0.813326 1 1 1 1
 0.813326 1 1 1 1
 0.813326 1 1 1 1
 0.813326 1 1 1 1
 0.813326 1 1 1 1
 0.813326 1 1 1 1
 0.813326 1 1 1 1
 0.813326 1 1 1 1
 0.813326 1 1 1 1
Sel_reclas
 1 1 1 1 1
 1 1 1 1 1
 1 1 1 1 1
 1 1 1 1 1
 1 1 1 1 1
 1 1 1 1 1
 1 1 1 1 1
 1 1 1 1 1
 1 1 1 1 1
 1 1 1 1 1
 1 1 1 1 1
 1 1 1 1 1
 1 1 1 1 1
 1 1 1 1 1
 1 1 1 1 1
 1 1 1 1 1
 1 1 1 1 1
 1 1 1 1 1
 1 1 1 1 1
 1 1 1 1 1
 1 1 1 1 1
 1 1 1 1 1
 1 1 1 1 1
 1 1 1 1 1
 1 1 1 1 1
 1 1 1 1 1
 1 1 1 1 1
 1 1 1 1 1
 1 1 1 1 1
 1 1 1 1 1
 1 1 1 1 1
Sel_pelaces
 1 1 1 1 1
 1 1 1 1 1
 1 1 1 1 1
 1 1 1 1 1
 1 1 1 1 1
 1 1 1 1 1
 1 1 1 1 1
 1 1 1 1 1
 1 1 1 1 1
 1 1 1 1 1
 1 1 1 1 1
 1 1 1 1 1
 1 1 1 1 1
 1 1 1 1 1
 1 1 1 1 1
 1 1 1 1 1
 1 1 1 1 1
 1 1 1 1 1
 1 1 1 1 1
 1 1 1 1 1
 1 1 1 1 1
 1 1 1 1 1
 1 1 1 1 1
 1 1 1 1 1
 1 1 1 1 1
 1 1 1 1 1
 1 1 1 1 1
 1 1 1 1 1
 1 1 1 1 1
 1 1 1 1 1
 1 1 1 1 1
pf_obs 
 0.8446 0.082 0.0669 0.0065 0
 0.8095 0.147 0.0364 0.0071 0
 0.9664 0.0169 0.016 0.0007 0
 0.9276 0.0648 0.0075 0.0001 0
 0.7033 0.2144 0.0806 0.0017 0
 0.9318 0.0425 0.0243 0.0014 0
 0.5671 0.3108 0.0964 0.0239 0.0018
 0.0768 0.2599 0.5324 0.112 0.0189
 0.490249 0.384438 0.106611 0.0170017 0.00170017
 0.7925 0.1577 0.0466 0.003 0.0002
 0.840416 0.127587 0.0312969 0.00059994 9.999e-05
 0.8084 0.0986 0.0794 0.0134 0.0002
 0.7335 0.1905 0.0724 0.0035 0.0001
 0.4001 0.4547 0.1325 0.0127 0
 0.49795 0.308269 0.164784 0.0264974 0.00249975
 0.9179 0.0499 0.0305 0.0017 0
 0.2467 0.6533 0.0926 0.0074 0
 0.9418 0.0223 0.034 0.0019 0
 0.707729 0.231977 0.0356964 0.0245975 0
 0.517169 0.277429 0.184464 0.0207286 0.00020938
 0.811772 0.124168 0.05621 0.00726502 0.000585176
 0.764997 0.148141 0.077277 0.00933861 0.000247198
 0.163321 0.427699 0.378323 0.0303852 0.000271297
 0.753843 0.0900009 0.118128 0.0371064 0.000921714
 0.721811 0.176058 0.0630433 0.0369309 0.00215725
 0.143369 0.312575 0.442814 0.0836902 0.0175525
 0.692698 0.0596174 0.167031 0.0765114 0.00414204
 0.394062 0.376323 0.152708 0.0712218 0.00568511
 0.125707 0.32114 0.495352 0.0537591 0.00404204
 0.23352 0.215282 0.420074 0.123614 0.00750983
 0.796117 0.104755 0.0508955 0.0450114 0.00322123
pf_pred 
 0.0927687 0.228789 0.60242 0.0760219 7.26142e-07
 0.161834 0.0952236 0.187358 0.493329 0.0622559
 0.892622 0.0214588 0.00976118 0.0192057 0.0569519
 0.240459 0.694988 0.0129006 0.00586822 0.0457843
 0.425526 0.176244 0.364384 0.00676382 0.0270816
 0.992222 0.00403844 0.00114727 0.00237198 0.000220319
 0.146386 0.848472 0.00266959 0.000758402 0.00171363
 0.260912 0.148599 0.586932 0.0018467 0.00171003
 0.958412 0.0133194 0.00568362 0.022449 0.000136038
 0.648171 0.340828 0.00352325 0.00150343 0.00597418
 0.929807 0.0508641 0.0187249 0.000193565 0.000410817
 0.825495 0.164631 0.00715523 0.0026341 8.50206e-05
 0.691789 0.265973 0.039848 0.00173189 0.00065815
 0.695609 0.227954 0.0659623 0.00988246 0.000592739
 0.789759 0.160961 0.0369052 0.0106792 0.00169591
 0.974117 0.0217369 0.00317401 0.000727741 0.000244027
 0.140678 0.842116 0.0144502 0.00211001 0.000646008
 0.955041 0.00782162 0.0363933 0.000624486 0.000119106
 0.494721 0.487168 0.00315074 0.0146601 0.000299537
 0.436182 0.314125 0.240744 0.001557 0.00739261
 0.843731 0.0783719 0.0433997 0.0332613 0.00123648
 0.780885 0.191419 0.0138902 0.0076919 0.00611418
 0.114403 0.727018 0.138534 0.0100526 0.00999178
 0.821557 0.0251457 0.125847 0.0239803 0.00346969
 0.579506 0.358678 0.00871092 0.0435956 0.00950916
 0.314982 0.435085 0.213192 0.0051776 0.0315645
 0.835552 0.060463 0.0660456 0.0323623 0.00557742
 0.7574 0.20996 0.012001 0.0131091 0.0075305
 0.157802 0.670795 0.148342 0.00847905 0.0145824
 0.2058 0.151058 0.51225 0.113281 0.0176108
 0.896338 0.0258185 0.014806 0.0502085 0.0128294
pobs_RECLAS
 0 0 0 0 0
 0 0 0 0 0
 0 0 0 0 0
 0 0 0 0 0
 0 0 0 0 0
 0 0 0 0 0
 0 0 0 0 0
 0 0 0 0 0
 0 0 0 0 0
 0 0 0 0 0
 0.991045 0.00858322 0.000360255 1.14367e-05 0
 0.934742 0.0480273 0.0164251 0.00080598 0
 0.827803 0.169806 0.00239088 0 0
 0.941827 0.0461693 0.0120037 0 0
 0.791401 0.0380133 0.147996 0.0225897 0
 0.846168 0.0940531 0.0597789 0 0
 0.134021 0.677848 0.182769 0.00536245 0
 0.80878 0.0450904 0.141981 0.00414843 0
 0.846168 0.0940531 0.0597789 0 0
 0.905697 0.0802665 0.012482 0.00150086 5.37128e-05
 0.989698 0.0102097 9.19794e-05 0 0
 0.975433 0.0193895 0.00387452 0.00125025 5.28907e-05
 0.303575 0.632131 0.0575291 0.00676475 0
 0.966965 0.00978017 0.0227588 0.000495775 0
 0.843318 0.132988 0.00938335 0.0141283 0.000182051
 0.564624 0.303363 0.111486 0.0197234 0.00080311
 0.826376 0.0876187 0.0782897 0.00655872 0.00115652
 0.89761 0.0855135 0.0140674 0.00269457 0.000114338
 0.34875 0.467042 0.161289 0.0227151 0.000203297
 0.318654 0.224769 0.449479 0.00709798 0
 0.937255 0.0296025 0.0250945 0.00804832 0
ppred_RECLAS
 0.111987 0.223942 0.589659 0.0744115 7.1076e-07
 0.193308 0.0916478 0.180322 0.474804 0.0599181
 0.91166 0.0176542 0.00803056 0.0158006 0.0468545
 0.286303 0.65304 0.012122 0.00551403 0.0430209
 0.487534 0.157221 0.325053 0.00603374 0.0241584
 0.993723 0.00325883 0.000925798 0.00191408 0.000177787
 0.180825 0.814241 0.00256189 0.000727804 0.0016445
 0.306265 0.139481 0.550916 0.00173338 0.0016051
 0.966527 0.0107203 0.00457455 0.0180684 0.000109492
 0.701514 0.289153 0.00298907 0.00127549 0.00506841
 0.942359 0.0417684 0.0153765 0.000158952 0.000337353
 0.855318 0.136495 0.0059324 0.00218393 7.04906e-05
 0.737094 0.226877 0.0339906 0.00147731 0.000561406
 0.744632 0.191241 0.0553388 0.00829085 0.000497276
 0.826318 0.132971 0.0304878 0.00882216 0.00140101
 0.979065 0.0175821 0.00256733 0.000588641 0.000197383
 0.168699 0.814656 0.013979 0.0020412 0.000624943
 0.9633 0.00638491 0.0297085 0.000509778 9.72278e-05
 0.548202 0.435604 0.00281725 0.0131084 0.000267833
 0.490135 0.284065 0.217706 0.00140801 0.00668519
 0.86989 0.0652527 0.0361347 0.0276935 0.0010295
 0.815419 0.16125 0.011701 0.0064796 0.00515054
 0.13771 0.707885 0.134888 0.00978807 0.00972882
 0.850382 0.0210839 0.105519 0.0201067 0.00290922
 0.62991 0.315684 0.00766675 0.0383699 0.0083693
 0.362245 0.405066 0.198482 0.00482037 0.0293867
 0.862595 0.05052 0.0551845 0.0270404 0.00466022
 0.793831 0.17843 0.0101989 0.0111405 0.00639966
 0.187707 0.646976 0.143075 0.00817798 0.0140646
 0.242923 0.143997 0.488306 0.107986 0.0167877
 0.914654 0.0212565 0.0121898 0.0413368 0.0105625
pobs_PELACES
 0 0 0 0 0
 0 0 0 0 0
 0 0 0 0 0
 0 0 0 0 0
 0 0 0 0 0
 0 0 0 0 0
 0 0 0 0 0
 0 0 0 0 0
 0 0 0 0 0
 0 0 0 0 0
 0 0 0 0 0
 0 0 0 0 0
 0 0 0 0 0
 0 0 0 0 0
 0 0 0 0 0
 0 0 0 0 0
 0.505614 0.472636 0.0217494 0 0
 0 0 0 0 0
 0.443492 0.261883 0.143347 0.151278 0
 0.227955 0.32914 0.350689 0.0885471 0.00366901
 0.970185 0.0296113 0.000203453 0 0
 0.997202 0.00247181 0.000326279 0 0
 0.445219 0.490057 0.0546422 0.010081 0
 0.90214 0.0892962 0.00764917 0.000914606 0
 0 0 0 0 0
 0.581667 0.319106 0.0959925 0.00289975 0.000334073
 0.762889 0.0836404 0.116647 0.0363945 0.000428098
 0.88444 0.0763242 0.0277011 0.0115352 0
 0.521256 0.241999 0.230069 0.00667565 0
 0.616807 0.101726 0.260614 0.0208532 0
 0.833518 0.0704572 0.0857862 0.0102388 0
ppred_PELACES
 0.113055 0.223673 0.588949 0.074322 7.09904e-07
 0.197604 0.0911598 0.179362 0.472276 0.059599
 0.913884 0.0172097 0.00782836 0.0154027 0.0456748
 0.299734 0.64075 0.0118938 0.00541026 0.0422113
 0.508446 0.150805 0.311789 0.00578753 0.0231726
 0.993892 0.00317149 0.000900984 0.00186278 0.000173022
 0.193994 0.801151 0.0025207 0.000716104 0.00161806
 0.31547 0.13763 0.543606 0.00171038 0.0015838
 0.967999 0.010249 0.00437344 0.017274 0.000104678
 0.716895 0.274253 0.00283505 0.00120977 0.00480724
 0.943058 0.0412618 0.01519 0.000157023 0.000333261
 0.860399 0.131702 0.00572407 0.00210724 6.80151e-05
 0.744915 0.220127 0.0329794 0.00143336 0.000544705
 0.758608 0.180775 0.0523103 0.00783711 0.000470061
 0.83533 0.126072 0.0289058 0.0083644 0.00132831
 0.979671 0.0170726 0.00249293 0.000571582 0.000191663
 0.172166 0.811258 0.0139207 0.00203269 0.000622336
 0.963868 0.00628602 0.0292483 0.000501882 9.57218e-05
 0.554104 0.429914 0.00278045 0.0129372 0.000264334
 0.497647 0.27988 0.214499 0.00138726 0.00658669
 0.872348 0.0640196 0.0354519 0.0271701 0.00101005
 0.819075 0.158056 0.0114692 0.00635127 0.00504853
 0.13982 0.706153 0.134558 0.00976412 0.00970501
 0.852109 0.0208404 0.1043 0.0198745 0.00287563
 0.633368 0.312735 0.00759513 0.0380114 0.00829112
 0.365823 0.402793 0.197369 0.00479333 0.0292218
 0.864488 0.0498238 0.0544241 0.0266678 0.00459601
 0.795583 0.176914 0.0101122 0.0110459 0.00634528
 0.18935 0.645667 0.142785 0.00816143 0.0140362
 0.246964 0.143228 0.4857 0.107409 0.016698
 0.916523 0.0207911 0.0119229 0.0404317 0.0103312
pobs_pel_tallas
 0 0 0 0 0 0 0 0 0 0 0 0 0 0 0 0 0 0 0 0 0 0 0 0 0 0
 0 0 0 0 0 0 0 0 0 0 0 0 0 0 0 0 0 0 0 0 0 0 0 0 0 0
 0 0 0 0 0 0 0 0 0 0 0 0 0 0 0 0 0 0 0 0 0 0 0 0 0 0
 0 0 0 0 0 0 0 0 0 0 0 0 0 0 0 0 0 0 0 0 0 0 0 0 0 0
 0 0 0 0 0 0 0 0 0 0 0 0 0 0 0 0 0 0 0 0 0 0 0 0 0 0
 0 0 0 0 0 0 0 0 0 0 0 0 0 0 0 0 0 0 0 0 0 0 0 0 0 0
 0 0 0 0 0 0 0 0 0 0 0 0 0 0 0 0 0 0 0 0 0 0 0 0 0 0
 0 0 0 0 0 0 0 0 0 0 0 0 0 0 0 0 0 0 0 0 0 0 0 0 0 0
 0 0 0 0 0 0 0 0 0 0 0 0 0 0 0 0 0 0 0 0 0 0 0 0 0 0
 0 0 0 0 0 0 0 0 0 0 0 0 0 0 0 0 0 0 0 0 0 0 0 0 0 0
 0 0 0 0 0 0 0 0 0 0 0 0 0 0 0 0 0 0 0 0 0 0 0 0 0 0
 0 0 0 0 0 0 0 0 0 0 0 0 0 0 0 0 0 0 0 0 0 0 0 0 0 0
 0.00862536 0 0 0.000197151 0.00414017 0.0128641 0.00837892 0.0270097 0.101434 0.158115 0.152841 0.127902 0.109271 0.109419 0.0830992 0.0579132 0.0238553 0.00714673 0.00463305 0.00128148 0.00103504 0.000492878 0.000147863 0.000147863 4.92878e-05 0
 0 0 0 0 0 0 0 0 0 0 0 0 0 0 0 0 0 0 0 0 0 0 0 0 0 0
 0 0 0 0 0 0 0 0.0054083 0.00873648 0.0413646 0.0450493 0.0745869 0.0622846 0.0627006 0.0613931 0.0827291 0.12552 0.122667 0.0946155 0.0697135 0.0546179 0.0294188 0.0215738 0.0213955 0.0102223 0.00600262
 0 0 0 0 0.00359764 0.0251062 0.0480494 0.140153 0.205849 0.193036 0.1447 0.116669 0.0760912 0.0342217 0.00950174 0.001854 0.000860785 0 0 0 0.000165536 0 0.000143464 0 0 0
 0 0 0 0 0 0 0 0.000145254 0.000435761 0.0275982 0.070085 0.0708112 0.156366 0.174668 0.174014 0.160142 0.0824315 0.0480064 0.0283245 0.00493863 0.00203355 0 0 0 0 0
 0 0 0 0 0 0 0 0 0 0 0 0 0 0 0 0 0 0 0 0 0 0 0 0 0 0
 0 0 1.00437e-05 0.000401748 0.00122533 0.00171747 0.00176769 0.0269171 0.070346 0.194647 0.189555 0.159765 0.064822 0.0314167 0.0384472 0.0292271 0.0345202 0.0313363 0.0194345 0.0106764 0.0143323 0.0359363 0.0279516 0.0138201 0.00172751 0
 0 0.0021121 0.0136068 0.0755702 0.200478 0.177729 0.0527432 0.0373336 0.0318909 0.0142505 0.0149659 0.0166563 0.0217959 0.0798694 0.0677717 0.0528807 0.04013 0.0224614 0.0357745 0.0225083 0.00881397 0.00855152 0.00135912 0.000746735 0 0
 0 0 0 0 5.4009e-05 0.00500934 0.000945158 0.0243581 0.138947 0.33067 0.221406 0.137944 0.0707744 0.0437923 0.0131692 0.00525238 0.0047753 0.00276346 9.45158e-05 9.00151e-06 2.25038e-05 9.00151e-06 4.50075e-06 0 0 0
 0.000866109 0.00284123 0.00948549 0.0512746 0.133035 0.25785 0.225252 0.132002 0.0553304 0.0519788 0.0540692 0.017754 0.00435017 0.00159236 0.00146478 0.000404838 0.000125132 0.000115318 0.000107957 0.000100596 0 0 0 0 0 0
 0 0 0 0 0.00144013 0.00171154 0.00461396 0.0210425 0.0478622 0.0707936 0.0888783 0.103762 0.0637923 0.0337046 0.0602308 0.124433 0.169614 0.0934646 0.0462172 0.0250306 0.0313229 0.00938855 0.002487 0.000210481 0 0
 0 0.00764035 0.051015 0.0998891 0.058973 0.0496711 0.0374665 0.0718981 0.12319 0.153886 0.159021 0.0857701 0.0377988 0.023471 0.0147837 0.00900784 0.00315554 0.000888139 0.00291439 0.00214683 0.00393193 0.00274676 0.000635225 9.99891e-05 0 0
 0 0 0 0 0 0 0 0 0 0 0 0 0 0 0 0 0 0 0 0 0 0 0 0 0 0
 0 0 0 0 0 0 0 0 0 0 0 0 0 0 0 0 0 0 0 0 0 0 0 0 0 0
 0 0 0 0 0 0 0 0 0 0 0 0 0 0 0 0 0 0 0 0 0 0 0 0 0 0
 0 0 0 0 0 0 0 0 0 0 0 0 0 0 0 0 0 0 0 0 0 0 0 0 0 0
 0 0 0 0 0 0 0 0 0 0 0 0 0 0 0 0 0 0 0 0 0 0 0 0 0 0
 0 0 0 0 0 0 0 0 0 0 0 0 0 0 0 0 0 0 0 0 0 0 0 0 0 0
 0 0 0 0 0 0 0 0 0 0 0 0 0 0 0 0 0 0 0 0 0 0 0 0 0 0
ppred_pel_tallas
 1.24507e-16 9.31228e-06 9.05187e-05 0.000601529 0.00273448 0.0085081 0.0181282 0.0264634 0.0264858 0.0182383 0.00888024 0.00382065 0.00337054 0.00627616 0.0121696 0.0211801 0.0330156 0.0467397 0.0612248 0.0756909 0.0896494 0.102191 0.111396 0.114717 0.110281 0.0981378
 1.62648e-16 1.62764e-05 0.000158212 0.00105138 0.00477941 0.0148706 0.0316836 0.0462451 0.0462543 0.0317289 0.0150239 0.00522857 0.00220266 0.00275299 0.00519278 0.00923849 0.0149806 0.0225643 0.0323629 0.0451248 0.0616664 0.0820619 0.104798 0.12657 0.143058 0.150386
 1.09505e-16 7.52754e-05 0.000731704 0.00486243 0.0221039 0.0687735 0.146529 0.213864 0.213866 0.146537 0.0688012 0.0221843 0.00506552 0.00117987 0.000941638 0.00148068 0.00223631 0.00307025 0.00393083 0.00487945 0.00609619 0.00778436 0.0100169 0.0126231 0.0151891 0.0171772
 1.08193e-16 2.46888e-05 0.000239984 0.00159478 0.00724969 0.0225568 0.048062 0.0701608 0.0702224 0.0483631 0.0235676 0.0101675 0.00891333 0.0161978 0.0302774 0.0498762 0.0715257 0.0892902 0.0971646 0.0924491 0.0774465 0.058043 0.040325 0.0278011 0.0208053 0.0176753
 1.13539e-16 4.188e-05 0.000407089 0.00270525 0.0122977 0.0382627 0.0815234 0.118989 0.119004 0.0815968 0.0385107 0.0130195 0.00453893 0.00448185 0.0079907 0.0136909 0.0209898 0.0290394 0.0369084 0.0440235 0.050241 0.0554162 0.0589302 0.0597371 0.0569824 0.0506719
 1.00244e-16 8.18655e-05 0.000795762 0.00528812 0.024039 0.0747943 0.159357 0.232587 0.232587 0.159359 0.0747994 0.0240536 0.00532481 0.000876123 0.000235282 0.000261572 0.000374223 0.000482435 0.000556133 0.000585571 0.000583078 0.000573612 0.000577052 0.000595827 0.000615767 0.000616908
 1.00624e-16 1.59792e-05 0.000155324 0.00103219 0.00469221 0.0145996 0.0311089 0.0454205 0.0454975 0.0314852 0.0158627 0.00833811 0.010175 0.0200849 0.0377794 0.0622051 0.0890753 0.110896 0.120044 0.113014 0.0925779 0.0660617 0.0411751 0.022568 0.0110669 0.00506823
 1.16163e-16 2.59849e-05 0.000252582 0.0016785 0.00763022 0.0237405 0.0505822 0.0738292 0.0738433 0.0506514 0.023975 0.00831776 0.00344287 0.00423149 0.00795422 0.0140737 0.0225069 0.0329321 0.0448411 0.0576776 0.0706468 0.0822774 0.0903046 0.0923396 0.0870739 0.0751711
 1.01879e-16 7.97328e-05 0.000775031 0.00515035 0.0234128 0.0728458 0.155206 0.226527 0.226528 0.155211 0.0728622 0.0234604 0.00527047 0.00103934 0.000588129 0.000863881 0.00128108 0.00171103 0.00209004 0.00241007 0.00272486 0.00310765 0.00358429 0.00409343 0.00450355 0.00467368
 1.01087e-16 5.90497e-05 0.000573984 0.00381433 0.0173394 0.0539494 0.114946 0.167773 0.167799 0.115075 0.0543819 0.0185878 0.00694518 0.00739937 0.0129945 0.0213178 0.0305371 0.0380534 0.0412657 0.0389859 0.0321699 0.0233241 0.0150718 0.00897485 0.0052763 0.00338594
 1.00522e-16 7.76784e-05 0.000755062 0.00501765 0.0228095 0.0709689 0.151207 0.220692 0.220696 0.151226 0.0710345 0.022999 0.00549393 0.00179695 0.00206273 0.00330347 0.00478872 0.00609871 0.00685894 0.00689056 0.0063017 0.00539444 0.00446611 0.00366673 0.00299671 0.00239704
 1.00422e-16 7.08699e-05 0.000688881 0.00457786 0.0208103 0.0647486 0.137954 0.201351 0.201363 0.138016 0.0649564 0.0214103 0.00608293 0.00397107 0.00629439 0.0102676 0.0147227 0.0183851 0.0200089 0.0190216 0.015869 0.0117288 0.0078282 0.00489013 0.0030228 0.00195909
 1.01244e-16 6.13577e-05 0.000596419 0.00396341 0.0180171 0.056058 0.119438 0.174328 0.174349 0.119542 0.0564062 0.0190225 0.00648717 0.00610568 0.010524 0.0172993 0.0249087 0.0313075 0.0344475 0.0333708 0.028765 0.0224812 0.0164214 0.0116674 0.00835132 0.00607971
 1.02422e-16 6.24856e-05 0.000607382 0.00403627 0.0183483 0.0570885 0.121634 0.177532 0.177549 0.121719 0.0573752 0.019177 0.00611845 0.00515938 0.0087268 0.0143782 0.0208221 0.026424 0.0295508 0.0294315 0.0265827 0.0223981 0.0182561 0.0148609 0.0122042 0.00995836
 1.01931e-16 6.8805e-05 0.00066881 0.00444447 0.0202039 0.062862 0.133935 0.195484 0.195496 0.133994 0.0630618 0.0207811 0.00589421 0.00383662 0.006094 0.0099892 0.0144383 0.0182724 0.020347 0.0201324 0.0180137 0.0150031 0.0121044 0.00983393 0.00817755 0.00686304
 1.00167e-16 8.06942e-05 0.000784377 0.00521246 0.0236951 0.0737242 0.157077 0.229259 0.229261 0.157085 0.0737512 0.0237731 0.00540822 0.00121175 0.000892418 0.00134777 0.00193396 0.00243239 0.00268063 0.00260544 0.00226144 0.00179283 0.00134637 0.00100333 0.000769692 0.000610121
 1.00919e-16 1.41813e-05 0.000137847 0.000916046 0.00416426 0.012957 0.0276091 0.0403126 0.0403907 0.0279903 0.0142364 0.00785745 0.0101784 0.0203307 0.0382847 0.0630618 0.0903527 0.112591 0.122076 0.115259 0.0949191 0.0684164 0.0434795 0.0247461 0.0130203 0.00669761
 1.00913e-16 7.93925e-05 0.000771724 0.00512838 0.0233129 0.0725349 0.154543 0.225561 0.225561 0.154547 0.0725458 0.0233448 0.00521058 0.00095809 0.00045356 0.000676701 0.00108888 0.00162149 0.00225388 0.00296169 0.00369897 0.00437637 0.00486018 0.00501305 0.00476023 0.00413655
 1.01533e-16 4.56409e-05 0.000443646 0.00294819 0.013402 0.041699 0.0888456 0.129681 0.129723 0.0890476 0.0423769 0.015359 0.00785607 0.0111432 0.0203238 0.0334169 0.0478775 0.0596727 0.0647342 0.0612062 0.0505914 0.0368142 0.02397 0.0144784 0.00868857 0.00565512
 1.07516e-16 4.09906e-05 0.000398443 0.0026478 0.0120365 0.0374502 0.0797927 0.116465 0.116493 0.0799259 0.0378984 0.0133344 0.00591837 0.00758022 0.0138033 0.0230735 0.0339717 0.0442454 0.0515552 0.054708 0.0541868 0.0514877 0.0478908 0.0437471 0.0387356 0.0326128
 1.03936e-16 7.18542e-05 0.000698448 0.00464144 0.0210993 0.0656478 0.13987 0.204145 0.204151 0.1399 0.06575 0.0213954 0.00538716 0.00233485 0.00320492 0.00525185 0.00771898 0.0100514 0.0117394 0.0125647 0.0127124 0.0125941 0.012524 0.0125154 0.0123314 0.0116985
 1.01863e-16 6.74661e-05 0.000655795 0.00435799 0.0198108 0.0616388 0.131329 0.191681 0.191696 0.131403 0.0618884 0.0205316 0.00616649 0.0046014 0.007554 0.0123639 0.0177639 0.0222573 0.0243717 0.0234402 0.0200055 0.0154672 0.0112577 0.00818144 0.0062952 0.00521443
 1.06686e-16 1.15169e-05 0.000111949 0.000743943 0.0033819 0.0105227 0.0224223 0.0327402 0.0328083 0.0227551 0.0116404 0.00661076 0.00885111 0.0178174 0.033659 0.0556819 0.0803359 0.101277 0.112012 0.109499 0.095904 0.0770365 0.0587942 0.0444262 0.0341902 0.0267667
 1.05496e-16 7.01871e-05 0.000682244 0.00453375 0.0206098 0.0641246 0.136624 0.199408 0.19941 0.136635 0.064161 0.0207169 0.00481072 0.00131321 0.00134586 0.00231621 0.00380272 0.00577213 0.00821666 0.011101 0.0142918 0.017462 0.0200731 0.0215187 0.0213779 0.0196221
 1.05515e-16 5.21697e-05 0.000507108 0.00336991 0.0153192 0.0476637 0.101554 0.148227 0.148257 0.101701 0.0481573 0.0167443 0.00694518 0.00830553 0.0148447 0.0244138 0.0350658 0.0439083 0.0480558 0.0462375 0.0396005 0.0309883 0.02327 0.0179904 0.0151209 0.013701
 1.11225e-16 3.01324e-05 0.000292898 0.00194641 0.00884812 0.02753 0.058657 0.0856198 0.0856589 0.0588479 0.0281715 0.0107038 0.00661497 0.0105191 0.0195533 0.0325429 0.047493 0.061008 0.0695981 0.071589 0.067991 0.0615539 0.054847 0.0489498 0.0435446 0.0378888
 1.05036e-16 7.12068e-05 0.000692155 0.00459961 0.0209092 0.0650562 0.138609 0.202305 0.20231 0.138633 0.0651368 0.0211428 0.00519026 0.00199531 0.00258689 0.00427166 0.00640158 0.00859237 0.0105025 0.0119843 0.0131373 0.0141543 0.0150883 0.0157508 0.0158204 0.0150575
 1.02519e-16 6.55311e-05 0.000636986 0.004233 0.0192426 0.0598709 0.127562 0.186184 0.186201 0.127645 0.0601503 0.0200492 0.00625671 0.0050518 0.00844156 0.0138304 0.0198685 0.0248896 0.0272508 0.0262152 0.0224051 0.0174021 0.0128175 0.00954385 0.00761764 0.00656846
 1.0748e-16 1.55967e-05 0.000151605 0.00100747 0.00457987 0.01425 0.0303634 0.0443294 0.0443917 0.0306679 0.0152726 0.00753444 0.00842747 0.0163613 0.0308352 0.0510409 0.073729 0.0931351 0.103358 0.101628 0.0898905 0.0733677 0.0573235 0.0446014 0.0353576 0.0283807
 1.27651e-16 2.03422e-05 0.000197733 0.00131401 0.00597329 0.0185852 0.0395983 0.0577978 0.0578124 0.0396698 0.0188275 0.00668297 0.00313228 0.00428937 0.00815059 0.0143837 0.0229217 0.0334463 0.0455332 0.0588554 0.0729846 0.0868269 0.0982831 0.104706 0.104052 0.0959557
 1.06153e-16 7.54928e-05 0.000733817 0.00487647 0.0221677 0.068972 0.146952 0.214482 0.214484 0.146962 0.0690056 0.022265 0.00512229 0.00127635 0.00112414 0.00178957 0.00269718 0.00367811 0.00463992 0.00560115 0.00669772 0.0080818 0.0097715 0.0115637 0.0130775 0.0139031
pSPR Fmed_Fpbrs
0.45508   0.208272 0.208272
Fs Fmed_Fpbrs
0.446173   1.005 1.005
SSBpbr Bo_Bmed_Bpbrs
1.76189e+06  713706  278859 278859
Ro
78367.9
SPR SPRFo_SPRFmed_SPRFpbrs
559360 254554 116499
Fref
1.005
Nvult_r0
 139200 3442.22 1973.99 6693.98 1710.47
CTP_r0
 33686.1 970.312 556.439 1886.93 482.155
YTP_r0
391152
Np
 159184 25859.2 6839.5 153.231 99.7057
Nvult_p0
 133325 22377 5918.49 132.597 86.2793
CTP_p0
 59964.3 22030.4 493.567 283.043 1198.29
 59964.3 11216.4 2966.62 66.4639 43.2472
YTP_p0
 854617 696927
CBA_c0
807310
log_Ro
11.0892
likeval ReclasPelacesDesembMPH_pf_preclas_ppelaces_ptallas_desvR_qrecl_qpela
 27.5371 40.7337 0.126654 0.00202237 289.209 122.062 108.983 0 83.9794 0 0 0.304317 0 0 0
q_reclas_q_pelaces
1 1
M
1
N
 22061.6 44838.2 118063 14898.9 0.14231
 14260.5 7046.63 13864.6 36506.8 4606.99
 181051 3657.64 1663.79 3273.6 9707.42
 18303.2 46058.8 854.958 388.903 3034.26
 7813.7 2860.3 5913.66 109.771 439.512
 278658 952.483 270.59 559.443 51.9633
 13918.9 71453.5 224.818 63.8683 144.312
 3361.89 1634.09 6454.26 20.3074 18.8046
 58927.9 701.292 299.254 1181.98 7.16265
 25429.5 11735.8 121.316 51.7679 205.71
 77302.2 3494.15 1286.32 13.2971 28.2214
 141013 23970 1041.79 383.522 12.3789
 91398.8 29924.4 4483.26 194.853 74.0478
 68242.2 19631.9 5680.83 851.1 51.048
 52676 9341.62 2141.86 619.783 98.4251
 442165 8310.03 1213.43 278.216 93.2916
 21833.4 109425 1877.67 274.176 83.9428
 855406 5810.66 27036.5 463.929 88.4832
 308417 254091 1643.32 7646.23 156.228
 136511 82803.2 63459.9 410.425 1948.69
 435511 33771 18701.2 14332.5 532.81
 584657 119985 8706.61 4821.42 3832.48
 29487.7 155688 29666.4 2152.72 2139.69
 339470 8592.42 43002.6 8194.19 1185.61
 203482 104298 2533 12677 2765.12
 53744.8 61521.9 30145.7 732.124 4463.28
 268655 16122.2 17610.8 8629.28 1487.2
 349914 79940.9 4569.33 4991.22 2867.19
 31887.2 111710 24704 1412.05 2428.47
 16613.6 10179.5 34519.5 7633.77 1186.76
 189990 4580.13 2626.54 8906.84 2275.9
pred_Ctot
 1858.84 4584.32 12070.9 1523.28 0.01455
 2810.48 1653.7 3253.75 8567.4 1081.17
 36375.9 874.483 397.784 782.663 2320.89
 7123.06 20587.4 382.151 173.833 1356.26
 3601.05 1491.48 3083.63 57.2394 229.18
 54953.5 223.666 63.5409 131.371 12.2022
 6550.01 37964.7 119.45 33.9345 76.6762
 963.069 548.505 2166.46 6.81645 6.31201
 17946.9 249.415 106.43 420.372 2.5474
 10883.8 5723.02 59.1607 25.2449 100.316
 7784.82 425.86 156.774 1.62063 3.43957
 39426.7 7862.97 341.743 125.808 4.0607
 25106.8 9652.86 1446.19 62.8548 23.886
 29281.2 9595.57 2776.65 415.996 24.951
 20341.5 4145.79 950.552 275.059 43.6809
 94463.1 2107.89 307.794 70.5712 23.664
 3918.67 23457.7 402.519 58.7757 17.995
 105951 867.718 4037.42 69.2795 13.2134
 54042.7 53217.6 344.183 1601.45 32.721
 29186.4 21019.1 16108.9 104.184 494.664
 70771.8 6573.81 3640.35 2789.95 103.716
 104772 25682.8 1863.65 1032.03 820.344
 3949.84 25100.8 4782.99 347.074 344.973
 35895.8 1098.68 5498.56 1047.76 151.599
 23282.7 14410.5 349.976 1751.53 382.047
 6375.86 8806.99 4315.42 104.805 638.928
 33027.5 2389.97 2610.64 1279.21 220.463
 29579.2 8199.69 468.684 511.958 294.093
 2696.39 11462 2534.75 144.883 249.173
 2694.26 1977.59 6706.19 1483.03 230.555
 33686.1 970.312 556.439 1886.93 482.155
F
 0.14129 0.173719 0.173719 0.173719 0.173719
 0.360672 0.443453 0.443453 0.443453 0.443453
 0.368862 0.453522 0.453522 0.453522 0.453522
 0.856151 1.05265 1.05265 1.05265 1.05265
 1.10456 1.35808 1.35808 1.35808 1.35808
 0.360939 0.443782 0.443782 0.443782 0.443782
 1.14216 1.40431 1.40431 1.40431 1.40431
 0.567335 0.697549 0.697549 0.697549 0.697549
 0.613672 0.754521 0.754521 0.754521 0.754521
 0.984819 1.21085 1.21085 1.21085 1.21085
 0.170917 0.210146 0.210146 0.210146 0.210146
 0.550178 0.676454 0.676454 0.676454 0.676454
 0.538078 0.661577 0.661577 0.661577 0.661577
 0.988584 1.21548 1.21548 1.21548 1.21548
 0.846697 1.04103 1.04103 1.04103 1.04103
 0.396442 0.487433 0.487433 0.487433 0.487433
 0.323747 0.398053 0.398053 0.398053 0.398053
 0.213885 0.262975 0.262975 0.262975 0.262975
 0.314987 0.387282 0.387282 0.387282 0.387282
 0.396803 0.487877 0.487877 0.487877 0.487877
 0.289155 0.355521 0.355521 0.355521 0.355521
 0.323174 0.397348 0.397348 0.397348 0.397348
 0.233092 0.286591 0.286591 0.286591 0.286591
 0.180131 0.221474 0.221474 0.221474 0.221474
 0.196184 0.241212 0.241212 0.241212 0.241212
 0.204049 0.250882 0.250882 0.250882 0.250882
 0.212141 0.260831 0.260831 0.260831 0.260831
 0.141782 0.174323 0.174323 0.174323 0.174323
 0.141831 0.174384 0.174384 0.174384 0.174384
 0.28849 0.354704 0.354704 0.354704 0.354704
 0.319259 0.392535 0.392535 0.392535 0.392535
YTP_r0W_actual
 279595 13681.4 15357.7 64533.1 17984.4
YTP_p0W_proyectada
 449133 345217 11416.2 8312.98 40538.1
 449133 175761 68618 1952.04 1463.05
CTP_r0_actual
 33686.1 970.312 556.439 1886.93 482.155
CTP_p0_proyectada
 59964.3 22030.4 493.567 283.043 1198.29
 59964.3 11216.4 2966.62 66.4639 43.2472
Wmedp
 7.49 15.67 23.13 29.37 33.83
Frms_r0
 0.319259 0.392535 0.392535 0.392535 0.392535
Zrms_r0
 1.31926 1.39253 1.39253 1.39253 1.39253
nmprior
 8.19 8.8 8.5 0
nm_flota  nm_reclas  nm_pelaces    nm_pelaL
inf 10.5422 6.65958 11.762
cv_recla  cv_pelaces  cv_mph
0.474661 0.723685 1.38783
 ------------------------------------------------
Talla a la edad & desviaci?n 
 8 13.2811 15.8009 17.003 17.5766
 0.8 1.32811 1.58009 1.7003 1.75766
