years
 1991 1992 1993 1994 1995 1996 1997 1998 1999 2000 2001 2002 2003 2004 2005 2006 2007 2008 2009 2010 2011 2012 2013 2014 2015 2016 2017 2018 2019 2020 2021
reclasobs
 0 0 0 0 0 0 0 0 0 252601 567819 844713 477998 351125 339783 2.1784e+06 2.13404e+06 4.81314e+06 1.55562e+06 2.62356e+06 3.21686e+06 3.843e+06 1.13348e+06 3.07943e+06 1.97215e+06 2.03268e+06 2.025e+06 2.42433e+06 2.27542e+06 1.05018e+06 2.36338e+06
reclaspred
 2.72747e+06 1.57856e+06 780326 566619 488690 800579 619701 485018 315033 259070 348263 500771 496699 392963 494079 922305 1.47255e+06 2.29482e+06 2.10537e+06 1.6285e+06 2.73581e+06 2.23984e+06 2.07478e+06 2.57705e+06 2.23701e+06 1.97107e+06 2.09056e+06 2.11272e+06 2.26438e+06 1.3839e+06 1.81823e+06
pelacesobs
 0 0 0 0 0 0 0 0 0 0 0 0 0 0 0 552880 188675 0 991730 2.46772e+06 1.41603e+06 1.21717e+06 2.29649e+06 1.80582e+06 0 1.4828e+06 1.56532e+06 1.57751e+06 1.42118e+06 867257 1.10002e+06
pelacespred
 1.23316e+06 784013 396080 225343 214246 350033 239520 230084 146529 114091 169293 197039 216197 179649 246851 384280 605058 1.00224e+06 1.03174e+06 760065 1.13278e+06 1.08414e+06 967744 1.29723e+06 1.1526e+06 973050 1.1584e+06 1.1945e+06 1.04009e+06 722270 951027
mphobs
 0 0 0 0 0 0 0 0 0 0 0 498337 0 5186 125008 0 168611 109162 213762 579715 649985 157893 87575 83554 0 0 0 0 0 0 0
mphpred
 2.52336e+06 1.74692e+06 869754 482905 395073 383792 684025 385795 307951 198914 179047 374884 365821 322768 243390 445776 978447 1.3587e+06 1.73484e+06 1.51939e+06 1.53195e+06 1.97117e+06 1.81838e+06 1.52336e+06 2.16013e+06 1.66639e+06 1.39226e+06 1.60541e+06 2.08035e+06 1.40457e+06 886766
desembarqueobs
 494567 514787 250237 358949 120608 361735 552515 73892 212993 205616 52469 317467 293654 387597 252695 516296 358380 742168 942051 627588 828172 859565 418607 520667 417249 300574 415391 372974 316634 284311 391294
desembarquepred
 494752 514172 250661 359021 120546 361714 552106 73839 212989 205589 52436.4 317451 294380 388177 252883 516250 358768 742619 942174 627006 828210 859425 418595 521092 417577 300637 415171 372896 316569 283947 391145
Reclutas
 168560 98470.2 104244 108092 83279 250665 81124.4 26640.3 34632.9 70165.5 119676 125789 126971 92144.3 130372 422994 216339 551885 529763 292980 510652 618225 144829 421811 300688 161640 381139 364901 106765 92343.7 454294
log_desv_Rt
 -0.0225833 -0.560121 -0.503136 -0.466891 -0.727678 0.374244 -0.753891 -1.86745 -1.60507 -0.899018 -0.365089 -0.315268 -0.305912 -0.626518 -0.279486 0.897484 0.226972 1.16347 1.12256 0.530231 1.08581 1.27698 -0.17432 0.894683 0.5562 -0.0645031 0.79329 0.749752 -0.479243 -0.624357 0.968869
SSB
 2.52336e+06 1.74692e+06 869754 482905 395073 383792 684025 385795 307951 198914 179047 374884 365821 322768 243390 445776 978447 1.3587e+06 1.73484e+06 1.51939e+06 1.53195e+06 1.97117e+06 1.81838e+06 1.52336e+06 2.16013e+06 1.66639e+06 1.39226e+06 1.60541e+06 2.08035e+06 1.40457e+06 886766
BT
 3.44815e+06 2.43781e+06 1.23768e+06 956613 689376 1.5847e+06 1.12158e+06 711071 648077 577542 633848 872559 963502 1.0164e+06 1.18171e+06 1.83735e+06 2.0782e+06 3.93654e+06 4.13588e+06 2.67935e+06 4.38362e+06 3.99503e+06 2.93858e+06 4.88033e+06 3.44951e+06 2.97117e+06 4.31361e+06 4.19749e+06 2.81398e+06 2.15265e+06 3.84632e+06
Ftot
 0.171559 0.304106 0.300186 0.577247 0.232292 0.421036 0.788553 0.144404 0.614486 0.716855 0.143189 0.57873 0.543714 0.877807 0.475918 0.518449 0.229718 0.303571 0.415409 0.358568 0.284303 0.357786 0.190565 0.191479 0.176594 0.144693 0.188094 0.167397 0.132658 0.19373 0.203825
BD_Bspro_t
 0.972924 0.81763 0.643989 0.546897 0.485729 0.540254 0.587982 0.398021 0.423792 0.370663 0.411578 0.661647 0.531744 0.456175 0.377475 0.513292 0.608163 0.663658 0.66724 0.605871 0.564047 0.618972 0.63136 0.630591 0.730605 0.727182 0.736666 0.77743 0.807579 0.744503 0.686756
BD_Bspro
 2.05052 1.41957 0.706775 0.392415 0.321042 0.311875 0.555849 0.313502 0.250245 0.16164 0.145496 0.304636 0.297271 0.262286 0.197782 0.362244 0.7951 1.1041 1.40975 1.23468 1.24488 1.6018 1.47764 1.2379 1.75535 1.35414 1.13137 1.30458 1.69052 1.14137 0.720599
BD_Bo
 1.35729 0.939653 0.467833 0.25975 0.212506 0.206438 0.367931 0.207516 0.165644 0.106994 0.0963077 0.201647 0.196772 0.173614 0.130917 0.239779 0.526298 0.730833 0.933153 0.817265 0.824021 1.06027 0.97809 0.8194 1.16191 0.896339 0.748886 0.863534 1.119 0.755503 0.476984
BD_Brms
 5.76697 3.99246 1.98776 1.10364 0.902911 0.877129 1.56329 0.881706 0.7038 0.454604 0.409199 0.856771 0.836056 0.737662 0.55625 1.01879 2.23617 3.10521 3.96484 3.47245 3.50116 4.50496 4.15577 3.48152 4.93681 3.80842 3.18192 3.66904 4.7545 3.21003 2.02664
Sel_flota
 0.5 1 1 1 1
 0.5 1 1 1 1
 0.5 1 1 1 1
 0.5 1 1 1 1
 0.5 1 1 1 1
 0.5 1 1 1 1
 0.5 1 1 1 1
 0.5 1 1 1 1
 0.5 1 1 1 1
 0.5 1 1 1 1
 0.5 1 1 1 1
 0.5 1 1 1 1
 0.5 1 1 1 1
 0.5 1 1 1 1
 0.5 1 1 1 1
 0.5 1 1 1 1
 0.5 1 1 1 1
 0.5 1 1 1 1
 0.5 1 1 1 1
 0.5 1 1 1 1
 0.5 1 1 1 1
 0.5 1 1 1 1
 0.5 1 1 1 1
 0.5 1 1 1 1
 0.5 1 1 1 1
 0.5 1 1 1 1
 0.5 1 1 1 1
 0.5 1 1 1 1
 0.5 1 1 1 1
 0.5 1 1 1 1
 0.5 1 1 1 1
Sel_reclas
 0.5 1 1 1 1
 0.5 1 1 1 1
 0.5 1 1 1 1
 0.5 1 1 1 1
 0.5 1 1 1 1
 0.5 1 1 1 1
 0.5 1 1 1 1
 0.5 1 1 1 1
 0.5 1 1 1 1
 0.5 1 1 1 1
 0.5 1 1 1 1
 0.5 1 1 1 1
 0.5 1 1 1 1
 0.5 1 1 1 1
 0.5 1 1 1 1
 0.5 1 1 1 1
 0.5 1 1 1 1
 0.5 1 1 1 1
 0.5 1 1 1 1
 0.5 1 1 1 1
 0.5 1 1 1 1
 0.5 1 1 1 1
 0.5 1 1 1 1
 0.5 1 1 1 1
 0.5 1 1 1 1
 0.5 1 1 1 1
 0.5 1 1 1 1
 0.5 1 1 1 1
 0.5 1 1 1 1
 0.5 1 1 1 1
 0.5 1 1 1 1
Sel_pelaces
 0.5 1 1 1 1
 0.5 1 1 1 1
 0.5 1 1 1 1
 0.5 1 1 1 1
 0.5 1 1 1 1
 0.5 1 1 1 1
 0.5 1 1 1 1
 0.5 1 1 1 1
 0.5 1 1 1 1
 0.5 1 1 1 1
 0.5 1 1 1 1
 0.5 1 1 1 1
 0.5 1 1 1 1
 0.5 1 1 1 1
 0.5 1 1 1 1
 0.5 1 1 1 1
 0.5 1 1 1 1
 0.5 1 1 1 1
 0.5 1 1 1 1
 0.5 1 1 1 1
 0.5 1 1 1 1
 0.5 1 1 1 1
 0.5 1 1 1 1
 0.5 1 1 1 1
 0.5 1 1 1 1
 0.5 1 1 1 1
 0.5 1 1 1 1
 0.5 1 1 1 1
 0.5 1 1 1 1
 0.5 1 1 1 1
 0.5 1 1 1 1
pf_obs 
 0.8446 0.082 0.0669 0.0065 0
 0.8095 0.147 0.0364 0.0071 0
 0.9664 0.0169 0.016 0.0007 0
 0.9276 0.0648 0.0075 0.0001 0
 0.7033 0.2144 0.0806 0.0017 0
 0.9318 0.0425 0.0243 0.0014 0
 0.5671 0.3108 0.0964 0.0239 0.0018
 0.0768 0.2599 0.5324 0.112 0.0189
 0.490249 0.384438 0.106611 0.0170017 0.00170017
 0.7925 0.1577 0.0466 0.003 0.0002
 0.840416 0.127587 0.0312969 0.00059994 9.999e-05
 0.8084 0.0986 0.0794 0.0134 0.0002
 0.7335 0.1905 0.0724 0.0035 0.0001
 0.4001 0.4547 0.1325 0.0127 0
 0.49795 0.308269 0.164784 0.0264974 0.00249975
 0.9179 0.0499 0.0305 0.0017 0
 0.2467 0.6533 0.0926 0.0074 0
 0.9418 0.0223 0.034 0.0019 0
 0.707729 0.231977 0.0356964 0.0245975 0
 0.517169 0.277429 0.184464 0.0207286 0.00020938
 0.811772 0.124168 0.05621 0.00726502 0.000585176
 0.764997 0.148141 0.077277 0.00933861 0.000247198
 0.163321 0.427699 0.378323 0.0303852 0.000271297
 0.753843 0.0900009 0.118128 0.0371064 0.000921714
 0.721811 0.176058 0.0630433 0.0369309 0.00215725
 0.143369 0.312575 0.442814 0.0836902 0.0175525
 0.692698 0.0596174 0.167031 0.0765114 0.00414204
 0.394062 0.376323 0.152708 0.0712218 0.00568511
 0.125707 0.32114 0.495352 0.0537591 0.00404204
 0.23352 0.215282 0.420074 0.123614 0.00750983
 0.796117 0.104755 0.0508955 0.0450114 0.00322123
pf_pred 
 0.308789 0.351902 0.324256 1.66761e-06 0.0150515
 0.308187 0.335213 0.181548 0.167286 0.00776601
 0.467704 0.26292 0.130524 0.0706904 0.0681608
 0.546221 0.298524 0.076686 0.0380699 0.0404987
 0.520787 0.355559 0.0813474 0.0208968 0.0214099
 0.777392 0.155743 0.0496115 0.0113505 0.0059031
 0.358361 0.569834 0.0502373 0.016003 0.00556543
 0.286395 0.419993 0.260754 0.0229885 0.00986965
 0.493321 0.230956 0.162277 0.100751 0.0126958
 0.750475 0.175132 0.0339101 0.0238264 0.0166568
 0.750952 0.21982 0.0205136 0.00397197 0.00474189
 0.596762 0.347932 0.0488159 0.00455549 0.0019351
 0.613401 0.301387 0.0735242 0.0103157 0.00137158
 0.545654 0.358682 0.0745789 0.0181937 0.00289203
 0.713301 0.217946 0.0542766 0.0112855 0.00319075
 0.840514 0.135869 0.0179537 0.00447114 0.00119251
 0.466097 0.493918 0.0340632 0.0045011 0.00141991
 0.729187 0.17644 0.0873053 0.00602103 0.0010466
 0.584895 0.354931 0.0392043 0.0193989 0.0015704
 0.430747 0.433595 0.115993 0.0128121 0.00685285
 0.653193 0.217698 0.0983413 0.0263078 0.00446011
 0.620817 0.304856 0.0466569 0.0210765 0.00659416
 0.237021 0.598808 0.131991 0.0202006 0.0119803
 0.642308 0.141881 0.169375 0.037334 0.00910248
 0.466688 0.422235 0.0440594 0.0525971 0.0144202
 0.347697 0.422953 0.181582 0.0189477 0.0288208
 0.653405 0.182534 0.106378 0.04567 0.0120143
 0.54183 0.366292 0.0483876 0.0281995 0.0152914
 0.240599 0.541514 0.174193 0.0230111 0.0206824
 0.341672 0.261491 0.282977 0.0910273 0.0228328
 0.800822 0.104305 0.0376841 0.0407806 0.0164087
pobs_RECLAS
 0 0 0 0 0
 0 0 0 0 0
 0 0 0 0 0
 0 0 0 0 0
 0 0 0 0 0
 0 0 0 0 0
 0 0 0 0 0
 0 0 0 0 0
 0 0 0 0 0
 0 0 0 0 0
 0.991045 0.00858322 0.000360255 1.14367e-05 0
 0.934742 0.0480273 0.0164251 0.00080598 0
 0.827803 0.169806 0.00239088 0 0
 0.941827 0.0461693 0.0120037 0 0
 0.791401 0.0380133 0.147996 0.0225897 0
 0.846168 0.0940531 0.0597789 0 0
 0.134021 0.677848 0.182769 0.00536245 0
 0.80878 0.0450904 0.141981 0.00414843 0
 0.846168 0.0940531 0.0597789 0 0
 0.905697 0.0802665 0.012482 0.00150086 5.37128e-05
 0.989698 0.0102097 9.19794e-05 0 0
 0.975433 0.0193895 0.00387452 0.00125025 5.28907e-05
 0.303575 0.632131 0.0575291 0.00676475 0
 0.966965 0.00978017 0.0227588 0.000495775 0
 0.843318 0.132988 0.00938335 0.0141283 0.000182051
 0.564624 0.303363 0.111486 0.0197234 0.00080311
 0.826376 0.0876187 0.0782897 0.00655872 0.00115652
 0.89761 0.0855135 0.0140674 0.00269457 0.000114338
 0.34875 0.467042 0.161289 0.0227151 0.000203297
 0.318654 0.224769 0.449479 0.00709798 0
 0.937255 0.0296025 0.0250945 0.00804832 0
ppred_RECLAS
 0.310479 0.351042 0.323464 1.66353e-06 0.0150147
 0.311433 0.33364 0.180696 0.166501 0.00772956
 0.471429 0.261081 0.129611 0.0701958 0.0676839
 0.554469 0.293098 0.0752922 0.037378 0.0397626
 0.523559 0.353502 0.0808768 0.0207759 0.021286
 0.781251 0.153043 0.0487515 0.0111537 0.00580076
 0.369979 0.559516 0.0493277 0.0157132 0.00546466
 0.287733 0.419205 0.260265 0.0229454 0.00985115
 0.502351 0.226839 0.159385 0.0989549 0.0124695
 0.758659 0.169388 0.0327979 0.0230449 0.0161105
 0.752161 0.218753 0.020414 0.00395269 0.00471887
 0.604782 0.341012 0.0478449 0.00446489 0.00189661
 0.620698 0.295699 0.0721366 0.010121 0.00134569
 0.559992 0.347362 0.0722253 0.0176196 0.00280077
 0.718611 0.213909 0.0532713 0.0110764 0.00313165
 0.844372 0.132582 0.0175193 0.00436296 0.00116365
 0.468829 0.491392 0.033889 0.00447808 0.00141265
 0.732168 0.174498 0.0863441 0.00595474 0.00103508
 0.590244 0.350358 0.0386991 0.0191489 0.00155016
 0.43528 0.430142 0.115069 0.0127101 0.00679828
 0.656365 0.215707 0.097442 0.0260672 0.00441932
 0.625143 0.301378 0.0461246 0.020836 0.00651893
 0.238631 0.597544 0.131712 0.020158 0.011955
 0.644357 0.141068 0.168404 0.0371201 0.00905033
 0.468719 0.420627 0.0438916 0.0523967 0.0143653
 0.349184 0.421989 0.181168 0.0189045 0.0287551
 0.655384 0.181491 0.10577 0.0454091 0.0119457
 0.543738 0.364766 0.0481861 0.028082 0.0152278
 0.24169 0.540737 0.173943 0.022978 0.0206527
 0.34371 0.260681 0.282101 0.0907454 0.0227621
 0.802345 0.103507 0.0373958 0.0404686 0.0162831
pobs_PELACES
 0 0 0 0 0
 0 0 0 0 0
 0 0 0 0 0
 0 0 0 0 0
 0 0 0 0 0
 0 0 0 0 0
 0 0 0 0 0
 0 0 0 0 0
 0 0 0 0 0
 0 0 0 0 0
 0 0 0 0 0
 0 0 0 0 0
 0 0 0 0 0
 0 0 0 0 0
 0 0 0 0 0
 0 0 0 0 0
 0.505614 0.472636 0.0217494 0 0
 0 0 0 0 0
 0.443492 0.261883 0.143347 0.151278 0
 0.227955 0.32914 0.350689 0.0885471 0.00366901
 0.970185 0.0296113 0.000203453 0 0
 0.997202 0.00247181 0.000326279 0 0
 0.445219 0.490057 0.0546422 0.010081 0
 0.90214 0.0892962 0.00764917 0.000914606 0
 0 0 0 0 0
 0.581667 0.319106 0.0959925 0.00289975 0.000334073
 0.762889 0.0836404 0.116647 0.0363945 0.000428098
 0.88444 0.0763242 0.0277011 0.0115352 0
 0.521256 0.241999 0.230069 0.00667565 0
 0.616807 0.101726 0.260614 0.0208532 0
 0.833518 0.0704572 0.0857862 0.0102388 0
ppred_PELACES
 0.316571 0.34794 0.320606 1.64884e-06 0.014882
 0.322294 0.328378 0.177846 0.163874 0.00760765
 0.483786 0.254977 0.126581 0.0685547 0.0661016
 0.577859 0.277711 0.0713395 0.0354157 0.0376752
 0.53311 0.346415 0.0792555 0.0203595 0.0208593
 0.792892 0.144899 0.0461572 0.0105602 0.00549209
 0.400785 0.532157 0.0469157 0.0149449 0.00519745
 0.29264 0.416317 0.258472 0.0227873 0.00978328
 0.527671 0.215298 0.151276 0.0939203 0.0118351
 0.779649 0.154656 0.0299454 0.0210407 0.0147093
 0.756539 0.214889 0.0200534 0.00388287 0.00463551
 0.627363 0.321528 0.0451113 0.00420978 0.00178825
 0.641579 0.27942 0.0681654 0.0095638 0.00127161
 0.595312 0.319479 0.0664278 0.0162052 0.00257595
 0.734214 0.202048 0.0503174 0.0104623 0.002958
 0.855285 0.123285 0.0162908 0.00405702 0.00108206
 0.478278 0.48265 0.0332861 0.00439842 0.00138752
 0.741876 0.168173 0.0832146 0.00573891 0.000997563
 0.606713 0.336276 0.0371437 0.0183793 0.00148786
 0.449875 0.419025 0.112096 0.0123816 0.00662258
 0.666866 0.209115 0.0944641 0.0252706 0.00428427
 0.638871 0.29034 0.0444354 0.0200729 0.00628018
 0.24439 0.593024 0.130716 0.0200055 0.0118646
 0.651563 0.13821 0.164992 0.0363679 0.00886694
 0.475981 0.414877 0.0432916 0.0516805 0.014169
 0.354629 0.418458 0.179652 0.0187464 0.0285145
 0.66236 0.177817 0.103629 0.04449 0.0117039
 0.550582 0.359295 0.0474633 0.0276608 0.0149994
 0.245724 0.53786 0.173017 0.0228558 0.0205429
 0.350956 0.257803 0.278986 0.0897435 0.0225107
 0.807625 0.100742 0.036397 0.0393877 0.0158482
pobs_pel_tallas
 0 0 0 0 0 0 0 0 0 0 0 0 0 0 0 0 0 0 0 0 0 0 0 0 0 0
 0 0 0 0 0 0 0 0 0 0 0 0 0 0 0 0 0 0 0 0 0 0 0 0 0 0
 0 0 0 0 0 0 0 0 0 0 0 0 0 0 0 0 0 0 0 0 0 0 0 0 0 0
 0 0 0 0 0 0 0 0 0 0 0 0 0 0 0 0 0 0 0 0 0 0 0 0 0 0
 0 0 0 0 0 0 0 0 0 0 0 0 0 0 0 0 0 0 0 0 0 0 0 0 0 0
 0 0 0 0 0 0 0 0 0 0 0 0 0 0 0 0 0 0 0 0 0 0 0 0 0 0
 0 0 0 0 0 0 0 0 0 0 0 0 0 0 0 0 0 0 0 0 0 0 0 0 0 0
 0 0 0 0 0 0 0 0 0 0 0 0 0 0 0 0 0 0 0 0 0 0 0 0 0 0
 0 0 0 0 0 0 0 0 0 0 0 0 0 0 0 0 0 0 0 0 0 0 0 0 0 0
 0 0 0 0 0 0 0 0 0 0 0 0 0 0 0 0 0 0 0 0 0 0 0 0 0 0
 0 0 0 0 0 0 0 0 0 0 0 0 0 0 0 0 0 0 0 0 0 0 0 0 0 0
 0 0 0 0 0 0 0 0 0 0 0 0 0 0 0 0 0 0 0 0 0 0 0 0 0 0
 0.00862536 0 0 0.000197151 0.00414017 0.0128641 0.00837892 0.0270097 0.101434 0.158115 0.152841 0.127902 0.109271 0.109419 0.0830992 0.0579132 0.0238553 0.00714673 0.00463305 0.00128148 0.00103504 0.000492878 0.000147863 0.000147863 4.92878e-05 0
 0 0 0 0 0 0 0 0 0 0 0 0 0 0 0 0 0 0 0 0 0 0 0 0 0 0
 0 0 0 0 0 0 0 0.0054083 0.00873648 0.0413646 0.0450493 0.0745869 0.0622846 0.0627006 0.0613931 0.0827291 0.12552 0.122667 0.0946155 0.0697135 0.0546179 0.0294188 0.0215738 0.0213955 0.0102223 0.00600262
 0 0 0 0 0.00359764 0.0251062 0.0480494 0.140153 0.205849 0.193036 0.1447 0.116669 0.0760912 0.0342217 0.00950174 0.001854 0.000860785 0 0 0 0.000165536 0 0.000143464 0 0 0
 0 0 0 0 0 0 0 0.000145254 0.000435761 0.0275982 0.070085 0.0708112 0.156366 0.174668 0.174014 0.160142 0.0824315 0.0480064 0.0283245 0.00493863 0.00203355 0 0 0 0 0
 0 0 0 0 0 0 0 0 0 0 0 0 0 0 0 0 0 0 0 0 0 0 0 0 0 0
 0 0 1.00437e-05 0.000401748 0.00122533 0.00171747 0.00176769 0.0269171 0.070346 0.194647 0.189555 0.159765 0.064822 0.0314167 0.0384472 0.0292271 0.0345202 0.0313363 0.0194345 0.0106764 0.0143323 0.0359363 0.0279516 0.0138201 0.00172751 0
 0 0.0021121 0.0136068 0.0755702 0.200478 0.177729 0.0527432 0.0373336 0.0318909 0.0142505 0.0149659 0.0166563 0.0217959 0.0798694 0.0677717 0.0528807 0.04013 0.0224614 0.0357745 0.0225083 0.00881397 0.00855152 0.00135912 0.000746735 0 0
 0 0 0 0 5.4009e-05 0.00500934 0.000945158 0.0243581 0.138947 0.33067 0.221406 0.137944 0.0707744 0.0437923 0.0131692 0.00525238 0.0047753 0.00276346 9.45158e-05 9.00151e-06 2.25038e-05 9.00151e-06 4.50075e-06 0 0 0
 0.000866109 0.00284123 0.00948549 0.0512746 0.133035 0.25785 0.225252 0.132002 0.0553304 0.0519788 0.0540692 0.017754 0.00435017 0.00159236 0.00146478 0.000404838 0.000125132 0.000115318 0.000107957 0.000100596 0 0 0 0 0 0
 0 0 0 0 0.00144013 0.00171154 0.00461396 0.0210425 0.0478622 0.0707936 0.0888783 0.103762 0.0637923 0.0337046 0.0602308 0.124433 0.169614 0.0934646 0.0462172 0.0250306 0.0313229 0.00938855 0.002487 0.000210481 0 0
 0 0.00764035 0.051015 0.0998891 0.058973 0.0496711 0.0374665 0.0718981 0.12319 0.153886 0.159021 0.0857701 0.0377988 0.023471 0.0147837 0.00900784 0.00315554 0.000888139 0.00291439 0.00214683 0.00393193 0.00274676 0.000635225 9.99891e-05 0 0
 0 0 0 0 0 0 0 0 0 0 0 0 0 0 0 0 0 0 0 0 0 0 0 0 0 0
 0 0 0 0 0 0 0 0 0 0 0 0 0 0 0 0 0 0 0 0 0 0 0 0 0 0
 0 0 0 0 0 0 0 0 0 0 0 0 0 0 0 0 0 0 0 0 0 0 0 0 0 0
 0 0 0 0 0 0 0 0 0 0 0 0 0 0 0 0 0 0 0 0 0 0 0 0 0 0
 0 0 0 0 0 0 0 0 0 0 0 0 0 0 0 0 0 0 0 0 0 0 0 0 0 0
 0 0 0 0 0 0 0 0 0 0 0 0 0 0 0 0 0 0 0 0 0 0 0 0 0 0
 0 0 0 0 0 0 0 0 0 0 0 0 0 0 0 0 0 0 0 0 0 0 0 0 0 0
ppred_pel_tallas
 1.1186e-16 2.60756e-05 0.000253464 0.00168436 0.00765687 0.0238236 0.0507599 0.0740926 0.0741266 0.050926 0.0243825 0.00927647 0.00576967 0.00923739 0.0172799 0.0290235 0.0429601 0.056411 0.0665568 0.0719301 0.0730181 0.0714217 0.0683803 0.064004 0.057721 0.0492781
 1.22938e-16 2.6547e-05 0.000258046 0.00171481 0.0077953 0.0242542 0.0516774 0.0754313 0.0754632 0.0518334 0.0247789 0.00931427 0.00554089 0.008655 0.0161072 0.026943 0.0396654 0.0517294 0.060585 0.0651702 0.0664907 0.066684 0.067325 0.0683627 0.0683923 0.0658017
 1.2178e-16 3.98489e-05 0.000387345 0.00257405 0.0117013 0.0364071 0.07757 0.113221 0.113246 0.077691 0.0368139 0.0128787 0.00553862 0.00688916 0.0124783 0.0208081 0.0305544 0.0396908 0.0462111 0.0493024 0.0498263 0.0496074 0.0500915 0.0514449 0.0526605 0.0523667
 1.12058e-16 4.75975e-05 0.000462665 0.00307457 0.0139766 0.0434865 0.0926535 0.135236 0.135263 0.0927846 0.043927 0.0152499 0.00627425 0.00745928 0.0133707 0.0221246 0.0320986 0.0408741 0.0460377 0.0465378 0.0433196 0.038639 0.0346118 0.0321299 0.0307893 0.0295714
 1.07948e-16 4.39117e-05 0.000426837 0.00283648 0.0128943 0.040119 0.0854791 0.124766 0.1248 0.0856425 0.0406679 0.0144804 0.00682064 0.00913325 0.0166056 0.0274537 0.0397123 0.0503002 0.0561051 0.0557051 0.0501977 0.0423964 0.0350666 0.0295895 0.0258351 0.0229226
 1.03358e-16 6.53095e-05 0.000634831 0.00421868 0.0191775 0.0596684 0.12713 0.185553 0.185567 0.127199 0.0598984 0.0198424 0.00588982 0.00428986 0.00702725 0.0115676 0.0167829 0.0213695 0.0240404 0.0241985 0.0222676 0.0193533 0.0165214 0.0142723 0.0125229 0.0109412
 1.03869e-16 3.30122e-05 0.00032089 0.00213243 0.00969376 0.0301612 0.0642634 0.0938051 0.0938563 0.0645138 0.0310017 0.0121211 0.00822318 0.0136099 0.0252504 0.0416373 0.0598498 0.074997 0.0821146 0.0789173 0.0671734 0.0515309 0.0367749 0.025637 0.0184115 0.0139701
 1.11507e-16 2.41045e-05 0.000234304 0.00155704 0.00707808 0.0220228 0.0469233 0.0684944 0.0685348 0.047121 0.0226876 0.00900238 0.00640229 0.0108611 0.0203513 0.0339841 0.0498302 0.0644859 0.0744236 0.0779081 0.0758339 0.0707328 0.064856 0.0589655 0.052587 0.0450985
 1.15843e-16 4.34636e-05 0.000422481 0.00280754 0.0127627 0.0397095 0.0846061 0.12349 0.12351 0.0847087 0.0400546 0.0137622 0.00532754 0.00596059 0.0106711 0.0178638 0.0264219 0.0347079 0.0410856 0.0448481 0.0465681 0.0474844 0.0484349 0.049237 0.0489361 0.0465758
 1.05504e-16 6.42187e-05 0.000624228 0.00414822 0.0188572 0.0586718 0.125007 0.182455 0.18247 0.12508 0.0589168 0.0195651 0.0059264 0.00450993 0.00745588 0.0122574 0.0177325 0.0224817 0.0251362 0.025098 0.0229031 0.0198455 0.0171651 0.0154276 0.0144645 0.013737
 1.01808e-16 6.23152e-05 0.000605726 0.00402526 0.0182983 0.0569328 0.121302 0.177048 0.177069 0.121403 0.0572723 0.0192785 0.00648508 0.00597289 0.0102478 0.0168227 0.0241803 0.0303083 0.033201 0.0319368 0.0272298 0.0209559 0.0150453 0.0105989 0.00773223 0.00598518
 1.02109e-16 5.16751e-05 0.000502301 0.00333797 0.0151739 0.0472119 0.100591 0.146822 0.146853 0.100742 0.0477203 0.0166422 0.00702343 0.00854701 0.0153279 0.0252521 0.0363555 0.0456803 0.0502384 0.048637 0.0418938 0.0327298 0.0239381 0.0171017 0.0123993 0.00922665
 1.03213e-16 5.2846e-05 0.000513682 0.0034136 0.0155178 0.0482816 0.10287 0.150148 0.150175 0.103002 0.0487244 0.0167972 0.00662727 0.00753606 0.0134098 0.0221376 0.0320056 0.0404967 0.0450666 0.044519 0.039679 0.0327658 0.0260001 0.0205568 0.0164724 0.0132318
 1.0406e-16 4.90351e-05 0.000476639 0.00316743 0.0143987 0.0447999 0.0954521 0.139322 0.139352 0.0956027 0.0453058 0.0158604 0.00683827 0.0084957 0.0152951 0.0252512 0.0364707 0.0460721 0.0511422 0.0503256 0.0446046 0.0365765 0.0288431 0.0227825 0.0184195 0.0150962
 1.03054e-16 6.04763e-05 0.000587851 0.00390648 0.0177583 0.0552527 0.117723 0.171824 0.171843 0.117818 0.055573 0.0186837 0.00623108 0.00566811 0.00972537 0.0160255 0.0231805 0.0293611 0.0327378 0.0324576 0.0291258 0.0243456 0.0197072 0.0160281 0.0132921 0.0110845
 1.01092e-16 7.04487e-05 0.000684787 0.00455065 0.0206866 0.0643638 0.137134 0.200154 0.200166 0.137192 0.0645587 0.0212496 0.00596367 0.00376914 0.00592735 0.00968534 0.0139399 0.0175182 0.0192753 0.0186828 0.0161384 0.0126915 0.00941316 0.00690178 0.00520752 0.00407531
 1.0176e-16 3.93952e-05 0.000382935 0.00254474 0.0115681 0.0359928 0.0766881 0.111938 0.111985 0.0769151 0.0367548 0.0137682 0.00806453 0.0124231 0.0228774 0.0376837 0.0541044 0.0676637 0.0738224 0.07048 0.059239 0.0443546 0.0302516 0.0195223 0.0125486 0.00838768
 1.03189e-16 6.11074e-05 0.000593985 0.00394724 0.0179436 0.0558293 0.118951 0.173616 0.173632 0.11903 0.0560971 0.0187184 0.00589647 0.00486361 0.00821202 0.0135888 0.0198225 0.0254511 0.0290041 0.0297647 0.0281311 0.0252269 0.0221104 0.0192415 0.0165297 0.0137378
 1.03253e-16 4.99742e-05 0.000485767 0.0032281 0.0146745 0.0456579 0.0972802 0.14199 0.142022 0.0974385 0.0461894 0.0162094 0.00708031 0.00889315 0.0160112 0.0263758 0.0379566 0.0476634 0.052382 0.0506835 0.0436779 0.0342619 0.025387 0.0186918 0.0142869 0.0114224
 1.05705e-16 3.70557e-05 0.000360195 0.00239362 0.0108811 0.0338553 0.0721338 0.10529 0.10533 0.0723316 0.0345196 0.0128009 0.0072165 0.0109014 0.0200943 0.0332587 0.0481325 0.0609949 0.0680521 0.0675172 0.0606131 0.0506263 0.0408269 0.0329154 0.0269047 0.0220127
 1.06039e-16 5.49289e-05 0.000533929 0.00354814 0.0161294 0.0501845 0.106924 0.156063 0.156084 0.107023 0.0505175 0.0170923 0.00597056 0.00583946 0.0101822 0.0168805 0.0246263 0.0316294 0.0360881 0.0371559 0.0353863 0.0322287 0.0290121 0.0262517 0.023702 0.0208917
 1.04433e-16 5.2623e-05 0.000511515 0.0033992 0.0154523 0.0480779 0.102436 0.149514 0.149542 0.102573 0.0485372 0.0167791 0.00673026 0.0077851 0.0138721 0.0228655 0.0329717 0.041548 0.0459393 0.0449333 0.0394785 0.0320231 0.025023 0.019782 0.0162991 0.0138736
 1.07938e-16 2.01302e-05 0.000195673 0.00130032 0.0059111 0.0183919 0.0391881 0.0572081 0.0572654 0.0394678 0.0193312 0.00862507 0.00811629 0.0150867 0.0283353 0.0469014 0.0677693 0.0856544 0.0951572 0.0937577 0.0832627 0.0684686 0.0541814 0.0429494 0.0348296 0.0286253
 1.09945e-16 5.36684e-05 0.000521676 0.00346672 0.0157592 0.0490329 0.10447 0.15248 0.152494 0.104537 0.0492564 0.0164079 0.00510646 0.00413956 0.0070374 0.0118445 0.0177487 0.0237704 0.0289151 0.0326861 0.0352554 0.0370775 0.0383033 0.0385469 0.0371888 0.0339006
 1.08937e-16 3.9206e-05 0.000381097 0.00253252 0.0115125 0.0358199 0.0763196 0.111399 0.111439 0.0765149 0.0364758 0.0134069 0.00728763 0.0107614 0.0197537 0.032599 0.0469746 0.0591325 0.0653029 0.0638124 0.0561146 0.0458206 0.0365139 0.0300331 0.0262228 0.0238305
 1.11997e-16 2.92104e-05 0.000283935 0.00188685 0.00857738 0.0266876 0.0568623 0.0830007 0.0830412 0.0570604 0.0273534 0.0105027 0.00672911 0.0108856 0.0202545 0.0336761 0.0490644 0.062864 0.0714344 0.0730594 0.0688663 0.0618371 0.0547735 0.0488752 0.0437871 0.0386075
 1.09479e-16 5.45577e-05 0.000530321 0.00352417 0.0160204 0.0498454 0.106202 0.155008 0.155025 0.106286 0.0501295 0.0168426 0.00559491 0.00507348 0.00875015 0.0145573 0.0213861 0.0277891 0.0323243 0.0343404 0.0343114 0.0333687 0.0324294 0.0316439 0.0305166 0.028447
 1.06774e-16 4.53508e-05 0.000440825 0.00292944 0.0133168 0.0414338 0.0882804 0.128855 0.12889 0.0884496 0.042002 0.0149581 0.0070496 0.0094362 0.0171328 0.028263 0.0407393 0.0513051 0.0566823 0.0553924 0.0486496 0.0395349 0.0311296 0.0250533 0.0212565 0.0187742
 1.10899e-16 2.02401e-05 0.000196741 0.00130741 0.00594334 0.0184922 0.0394016 0.0575186 0.0575706 0.0396557 0.019346 0.00841127 0.00750973 0.0137612 0.0258543 0.0429001 0.0622404 0.0791957 0.0889737 0.089325 0.0817924 0.0704705 0.0593462 0.0503565 0.043311 0.0370994
 1.20927e-16 2.89079e-05 0.000280995 0.00186731 0.00848853 0.0264111 0.0562726 0.0821368 0.0821621 0.0563962 0.0268273 0.00969592 0.00491802 0.00700731 0.0129998 0.0219621 0.0328504 0.0438777 0.0532016 0.0599538 0.0645737 0.0680661 0.0708462 0.072223 0.0709134 0.0660392
 1.07709e-16 6.6523e-05 0.000646627 0.00429707 0.0195338 0.0607771 0.129492 0.189 0.18901 0.12954 0.0609375 0.0199977 0.00546411 0.00320337 0.00494969 0.00815205 0.0119189 0.0153897 0.0177546 0.0186939 0.0185745 0.0181678 0.0181041 0.0184922 0.0189438 0.0188929
pSPR Fmed_Fpbrs
0.632003   0.285357 0.285357
Fs Fmed_Fpbrs
0.301258   1.005 1.005
SSBpbr Bo_Bmed_Bpbrs
1.85911e+06  1.08201e+06  437555 437555
Ro
172410
SPR SPRFo_SPRFmed_SPRFpbrs
1.2306e+06 777740 351159
Fref
1.005
Nvult_r0
 303361 21583.2 7797.75 8438.47 3395.34
CTP_r0
 28056.9 3654.34 1320.27 1428.75 574.88
YTP_r0
391145
Np
 265967 59197.2 20324.6 1245.86 510.728
Nvult_p0
 206770 51225.7 17587.7 1078.09 441.953
CTP_p0
 69152.8 65466.7 4013 1449.85 2039.74
 69152.8 25676.7 8815.77 540.391 221.528
YTP_p0
 1.74822e+06 1.14758e+06
CBA_c0
1.56803e+06
log_Ro
11.8776
likeval ReclasPelacesDesembMPH_pf_preclas_ppelaces_ptallas_desvR_qrecl_qpela
 18.377 23.8645 0.105129 0.00285443 248.111 136.259 104.429 0 27.9828 0 0 0.101267 0 0 0
q_reclas_q_pelaces
1 1
M
1
N
 168560 99466.8 91652.6 0.471358 4254.38
 98470.2 56912.3 30823.1 28401.6 1318.51
 104244 31115.3 15446.9 8365.86 8066.49
 108092 33004.6 8478.34 4208.98 4477.5
 83279 29795.6 6816.86 1751.14 1794.13
 250665 27277.2 8689.1 1987.96 1033.88
 81124.4 74709 6586.45 2098.1 729.665
 26640.3 20119.8 12491.5 1101.27 472.808
 34632.9 9117.74 6406.44 3977.46 501.207
 70165.5 9370.46 1814.37 1274.84 891.223
 119676 18037.1 1683.22 325.915 389.09
 125789 40984.4 5750.23 536.611 227.944
 126971 34648.1 8452.49 1185.91 157.679
 92144.3 35591.5 7400.36 1805.34 286.972
 130372 21855.5 5442.83 1131.7 319.967
 422994 37804.6 4995.49 1244.06 331.806
 216339 120077 8281.14 1094.27 345.196
 551885 70950.9 35107.5 2421.2 420.863
 529763 174435 19267.4 9533.81 771.792
 292980 158337 42357.5 4678.64 2502.47
 510652 90091.1 40697.1 10887.1 1845.75
 618225 162965 24941.1 11266.7 3525.01
 144829 190178 41919.5 6415.6 3804.88
 421811 48437.4 57823.5 12745.6 3107.53
 300688 141008 14713.9 17565.1 4815.73
 161640 101269 43476.7 4536.7 6900.63
 381139 55314 32236 13839.6 3640.75
 364901 127628 16859.8 9825.59 5328.03
 106765 123461 39714.7 5246.36 4715.44
 92343.7 36756.1 39776.3 12795.1 3209.45
 454294 30835.1 11140.3 12055.7 4850.8
pred_Ctot
 8820.45 10051.9 9262.25 0.0476346 429.94
 8889.8 9669.39 5236.84 4825.43 224.014
 9297.18 5226.42 2594.6 1405.21 1354.92
 17536.7 9584.27 2462.05 1222.25 1300.23
 5827.54 3978.66 910.267 233.833 239.574
 30600.1 6130.41 1952.83 446.783 232.361
 17251 27431 2418.36 770.363 267.912
 1179.96 1730.39 1074.32 94.7136 40.6635
 5937.48 2779.72 1953.13 1212.61 152.803
 13754.3 3209.73 621.487 436.678 305.277
 5257.47 1538.98 143.617 27.8081 33.1984
 20454.3 11925.5 1673.19 156.142 66.3265
 19532.3 9596.96 2341.2 328.478 43.6747
 21439.9 14093.4 2930.37 714.872 113.634
 17793.1 5436.61 1353.92 281.513 79.5924
 62358.6 10080.3 1332.01 331.719 88.4733
 14978.7 15872.8 1094.67 144.649 45.6308
 49741.4 12035.9 5955.52 410.724 71.3938
 63878.9 38763.6 4281.67 2118.63 171.51
 30844.8 31048.8 8306.01 917.449 490.717
 43272.8 14422.1 6514.93 1742.84 295.474
 64954.7 31896.4 4881.61 2205.18 689.932
 8385.45 21185 4669.65 714.67 423.846
 24534.9 5419.59 6469.78 1426.09 347.697
 16179.5 14638.4 1527.49 1823.48 499.934
 7173.34 8725.95 3746.22 390.911 594.602
 21792.5 6087.91 3547.93 1523.2 400.705
 18647.4 12606.2 1665.29 970.503 526.265
 4354.78 9801.25 3152.84 416.494 374.346
 5431.88 4157.17 4498.76 1447.15 362.994
 28056.9 3654.34 1320.27 1428.75 574.88
F
 0.0857794 0.171559 0.171559 0.171559 0.171559
 0.152053 0.304106 0.304106 0.304106 0.304106
 0.150093 0.300186 0.300186 0.300186 0.300186
 0.288623 0.577247 0.577247 0.577247 0.577247
 0.116146 0.232292 0.232292 0.232292 0.232292
 0.210518 0.421036 0.421036 0.421036 0.421036
 0.394277 0.788553 0.788553 0.788553 0.788553
 0.0722018 0.144404 0.144404 0.144404 0.144404
 0.307243 0.614486 0.614486 0.614486 0.614486
 0.358427 0.716855 0.716855 0.716855 0.716855
 0.0715947 0.143189 0.143189 0.143189 0.143189
 0.289365 0.57873 0.57873 0.57873 0.57873
 0.271857 0.543714 0.543714 0.543714 0.543714
 0.438903 0.877807 0.877807 0.877807 0.877807
 0.237959 0.475918 0.475918 0.475918 0.475918
 0.259224 0.518449 0.518449 0.518449 0.518449
 0.114859 0.229718 0.229718 0.229718 0.229718
 0.151785 0.303571 0.303571 0.303571 0.303571
 0.207704 0.415409 0.415409 0.415409 0.415409
 0.179284 0.358568 0.358568 0.358568 0.358568
 0.142151 0.284303 0.284303 0.284303 0.284303
 0.178893 0.357786 0.357786 0.357786 0.357786
 0.0952824 0.190565 0.190565 0.190565 0.190565
 0.0957393 0.191479 0.191479 0.191479 0.191479
 0.088297 0.176594 0.176594 0.176594 0.176594
 0.0723464 0.144693 0.144693 0.144693 0.144693
 0.0940471 0.188094 0.188094 0.188094 0.188094
 0.0836986 0.167397 0.167397 0.167397 0.167397
 0.0663288 0.132658 0.132658 0.132658 0.132658
 0.0968651 0.19373 0.19373 0.19373 0.19373
 0.101912 0.203825 0.203825 0.203825 0.203825
YTP_r0W_actual
 232873 51526.2 36439.4 48863.4 21443
YTP_p0W_proyectada
 517954 1.02586e+06 92820.6 42582 69004.5
 517954 402354 203909 15871.3 7494.28
CTP_r0_actual
 28056.9 3654.34 1320.27 1428.75 574.88
CTP_p0_proyectada
 69152.8 65466.7 4013 1449.85 2039.74
 69152.8 25676.7 8815.77 540.391 221.528
Wmedp
 7.49 15.67 23.13 29.37 33.83
Frms_r0
 0.101912 0.203825 0.203825 0.203825 0.203825
Zrms_r0
 1.10191 1.20382 1.20382 1.20382 1.20382
nmprior
 8.19 8.8 8.5 0
nm_flota  nm_reclas  nm_pelaces    nm_pelaL
inf 7.08559 10.3401 20.8392
cv_recla  cv_pelaces  cv_mph
0.387759 0.553922 1.64879
 ------------------------------------------------
Talla a la edad & desviaci?n 
 8 13.2811 15.8009 17.003 17.5766
 0.8 1.32811 1.58009 1.7003 1.75766
