years
 1991 1992 1993 1994 1995 1996 1997 1998 1999 2000 2001 2002 2003 2004 2005 2006 2007 2008 2009 2010 2011 2012 2013 2014 2015 2016 2017 2018 2019 2020 2021
reclasobs
 0 0 0 0 0 0 0 0 0 252601 567819 844713 477998 351125 339783 2.1784e+06 2.13404e+06 4.81314e+06 1.55562e+06 2.62356e+06 3.21686e+06 3.843e+06 1.13348e+06 3.07943e+06 1.97215e+06 2.03268e+06 2.025e+06 2.42433e+06 2.27542e+06 1.05018e+06 2.36338e+06
reclaspred
 3.31546e+06 1.87338e+06 951293 978690 993410 1.54299e+06 1.00914e+06 900266 654278 477107 517008 650032 642498 510649 517740 1.27322e+06 1.25148e+06 2.77138e+06 2.28635e+06 1.7125e+06 3.02027e+06 2.45638e+06 1.97497e+06 3.02743e+06 2.28511e+06 2.02785e+06 2.3807e+06 2.50506e+06 2.06697e+06 1.3311e+06 1.90521e+06
pelacesobs
 0 0 0 0 0 0 0 0 0 0 0 0 0 0 0 552880 188675 0 991730 2.46772e+06 1.41603e+06 1.21717e+06 2.29649e+06 1.80582e+06 0 1.4828e+06 1.56532e+06 1.57751e+06 1.42118e+06 867257 1.10002e+06
pelacespred
 1.92299e+06 1.2137e+06 620038 521287 545367 876822 544333 583801 416300 289188 320768 336815 364476 307909 319199 648185 636996 1.61574e+06 1.38308e+06 963199 1.63292e+06 1.44965e+06 1.15899e+06 1.93887e+06 1.41476e+06 1.24998e+06 1.6689e+06 1.73387e+06 1.17817e+06 861546 1.23377e+06
mphobs
 0 0 0 0 0 0 0 0 0 0 0 498337 0 5186 125008 0 168611 109162 213762 579715 649985 157893 87575 83554 0 0 0 0 0 0 0
mphpred
 499588 335169 168909 92299.1 105506 120310 157557 102787 90065.1 62631.5 41364.4 60717.9 64888 55652.6 38962.6 48793.1 146574 142073 274725 208588 223881 274967 261827 218520 302236 250435 206833 218119 300771 207284 129167
desembarqueobs
 494567 514787 250237 358949 120608 361735 552515 73892 212993 205616 52469 317467 293654 387597 252695 516296 358380 742168 942051 627588 828172 859565 418607 520667 417249 300574 415391 372974 316634 284311 391294
desembarquepred
 494574 513329 250995 358974 120613 361751 552573 73895.9 213040 205661 52471.5 317537 293711 387651 252697 516275 358405 742088 941900 627484 828248 859603 418621 520693 417252 300578 415395 372963 316631 284322 391300
Reclutas
 212621 120785 119977 218665 174979 288712 120943 56341.3 51486.8 67099.8 122157 158915 133521 93806.1 94766.8 491386 110426 761701 439462 340555 501688 676403 145806 423153 359633 161878 357354 398958 121053 90912.6 342361
log_desv_Rt
 0.0952247 -0.470269 -0.476988 0.123255 -0.0996214 0.401144 -0.468967 -1.23286 -1.32296 -1.0581 -0.458976 -0.195918 -0.370024 -0.723055 -0.712866 0.932946 -0.559942 1.37127 0.821267 0.566292 0.953693 1.2525 -0.282005 0.783449 0.620799 -0.177442 0.614442 0.724571 -0.468058 -0.754386 0.571581
SSB
 3.62974e+06 2.43516e+06 1.2272e+06 670595 766550 874109 1.14472e+06 746795 654364 455046 300531 441143 471441 404341 283081 354504 1.06492e+06 1.03222e+06 1.996e+06 1.51548e+06 1.6266e+06 1.99776e+06 1.90229e+06 1.58765e+06 2.19588e+06 1.81953e+06 1.50274e+06 1.58473e+06 2.18524e+06 1.50601e+06 938456
BT
 4.85009e+06 3.30617e+06 1.68011e+06 1.50338e+06 1.35131e+06 2.32857e+06 1.7514e+06 1.40969e+06 1.17127e+06 865964 785137 1.04408e+06 1.10759e+06 1.11361e+06 989521 1.91415e+06 1.74859e+06 4.3795e+06 4.09544e+06 2.78402e+06 4.43725e+06 4.14501e+06 3.03658e+06 4.95362e+06 3.64529e+06 3.14748e+06 4.27103e+06 4.37115e+06 2.97696e+06 2.26096e+06 3.22103e+06
Ftot
 0.116677 0.211188 0.204994 0.299047 0.0986083 0.194731 0.420983 0.0662816 0.260342 0.341759 0.0864172 0.394878 0.368684 0.603813 0.407568 0.350262 0.226611 0.228959 0.330265 0.295419 0.225578 0.285586 0.167414 0.145216 0.147221 0.118819 0.146436 0.126108 0.11926 0.168049 0.175388
BD_Bspro_t
 0.981505 0.863773 0.719399 0.636851 0.636735 0.707047 0.698237 0.553566 0.606996 0.568 0.535637 0.709183 0.596646 0.51093 0.408892 0.465009 0.619907 0.600097 0.687479 0.595328 0.567723 0.614386 0.630069 0.625773 0.724541 0.73327 0.740557 0.771238 0.809732 0.751452 0.691758
BD_Bspro
 2.6307 1.76491 0.88943 0.486023 0.555568 0.633523 0.829655 0.54125 0.474259 0.329801 0.217814 0.319725 0.341683 0.293052 0.205167 0.256932 0.771819 0.748119 1.44663 1.09837 1.1789 1.44791 1.37871 1.15067 1.5915 1.31873 1.08913 1.14856 1.58378 1.0915 0.680159
BD_Bo
 1.78246 1.19584 0.602643 0.329311 0.376431 0.42925 0.562142 0.36673 0.32134 0.22346 0.147583 0.216633 0.231511 0.198561 0.139013 0.174087 0.522954 0.506896 0.980179 0.744212 0.798776 0.981045 0.934162 0.779649 1.07834 0.893518 0.737952 0.778218 1.07311 0.73956 0.460849
BD_Brms
 11.5417 7.74324 3.90221 2.13234 2.43745 2.77947 3.63996 2.37464 2.08073 1.44694 0.955621 1.40273 1.49907 1.28571 0.900133 1.12724 3.38621 3.28223 6.34682 4.81889 5.1722 6.35242 6.04885 5.04835 6.98241 5.78567 4.77836 5.03909 6.94855 4.78877 2.98407
Sel_flota
 0.831825 1 1 1 1
 0.831825 1 1 1 1
 0.831825 1 1 1 1
 0.831825 1 1 1 1
 0.831825 1 1 1 1
 0.831825 1 1 1 1
 0.831825 1 1 1 1
 0.831825 1 1 1 1
 0.831825 1 1 1 1
 0.831825 1 1 1 1
 0.831825 1 1 1 1
 0.831825 1 1 1 1
 0.831825 1 1 1 1
 0.831825 1 1 1 1
 0.831825 1 1 1 1
 0.831825 1 1 1 1
 0.831825 1 1 1 1
 0.831825 1 1 1 1
 0.831825 1 1 1 1
 0.831825 1 1 1 1
 0.831825 1 1 1 1
 0.831825 1 1 1 1
 0.831825 1 1 1 1
 0.831825 1 1 1 1
 0.831825 1 1 1 1
 0.831825 1 1 1 1
 0.831825 1 1 1 1
 0.831825 1 1 1 1
 0.831825 1 1 1 1
 0.831825 1 1 1 1
 0.831825 1 1 1 1
Sel_reclas
 1 1 1 1 1
 1 1 1 1 1
 1 1 1 1 1
 1 1 1 1 1
 1 1 1 1 1
 1 1 1 1 1
 1 1 1 1 1
 1 1 1 1 1
 1 1 1 1 1
 1 1 1 1 1
 1 1 1 1 1
 1 1 1 1 1
 1 1 1 1 1
 1 1 1 1 1
 1 1 1 1 1
 1 1 1 1 1
 1 1 1 1 1
 1 1 1 1 1
 1 1 1 1 1
 1 1 1 1 1
 1 1 1 1 1
 1 1 1 1 1
 1 1 1 1 1
 1 1 1 1 1
 1 1 1 1 1
 1 1 1 1 1
 1 1 1 1 1
 1 1 1 1 1
 1 1 1 1 1
 1 1 1 1 1
 1 1 1 1 1
Sel_pelaces
 1 1 1 1 1
 1 1 1 1 1
 1 1 1 1 1
 1 1 1 1 1
 1 1 1 1 1
 1 1 1 1 1
 1 1 1 1 1
 1 1 1 1 1
 1 1 1 1 1
 1 1 1 1 1
 1 1 1 1 1
 1 1 1 1 1
 1 1 1 1 1
 1 1 1 1 1
 1 1 1 1 1
 1 1 1 1 1
 1 1 1 1 1
 1 1 1 1 1
 1 1 1 1 1
 1 1 1 1 1
 1 1 1 1 1
 1 1 1 1 1
 1 1 1 1 1
 1 1 1 1 1
 1 1 1 1 1
 1 1 1 1 1
 1 1 1 1 1
 1 1 1 1 1
 1 1 1 1 1
 1 1 1 1 1
 1 1 1 1 1
pf_obs 
 0.8446 0.082 0.0669 0.0065 0
 0.8095 0.147 0.0364 0.0071 0
 0.9664 0.0169 0.016 0.0007 0
 0.9276 0.0648 0.0075 0.0001 0
 0.7033 0.2144 0.0806 0.0017 0
 0.9318 0.0425 0.0243 0.0014 0
 0.5671 0.3108 0.0964 0.0239 0.0018
 0.0768 0.2599 0.5324 0.112 0.0189
 0.490249 0.384438 0.106611 0.0170017 0.00170017
 0.7925 0.1577 0.0466 0.003 0.0002
 0.840416 0.127587 0.0312969 0.00059994 9.999e-05
 0.8084 0.0986 0.0794 0.0134 0.0002
 0.7335 0.1905 0.0724 0.0035 0.0001
 0.4001 0.4547 0.1325 0.0127 0
 0.49795 0.308269 0.164784 0.0264974 0.00249975
 0.9179 0.0499 0.0305 0.0017 0
 0.2467 0.6533 0.0926 0.0074 0
 0.9418 0.0223 0.034 0.0019 0
 0.707729 0.231977 0.0356964 0.0245975 0
 0.517169 0.277429 0.184464 0.0207286 0.00020938
 0.811772 0.124168 0.05621 0.00726502 0.000585176
 0.764997 0.148141 0.077277 0.00933861 0.000247198
 0.163321 0.427699 0.378323 0.0303852 0.000271297
 0.753843 0.0900009 0.118128 0.0371064 0.000921714
 0.721811 0.176058 0.0630433 0.0369309 0.00215725
 0.143369 0.312575 0.442814 0.0836902 0.0175525
 0.692698 0.0596174 0.167031 0.0765114 0.00414204
 0.394062 0.376323 0.152708 0.0712218 0.00568511
 0.125707 0.32114 0.495352 0.0537591 0.00404204
 0.23352 0.215282 0.420074 0.123614 0.00750983
 0.796117 0.104755 0.0508955 0.0450114 0.00322123
pf_pred 
 0.442297 0.116885 0.417083 0.0237348 7.77119e-07
 0.41347 0.287968 0.0625734 0.223282 0.0127066
 0.557452 0.205337 0.116463 0.0253067 0.0954411
 0.751694 0.15077 0.0452557 0.0256681 0.0266124
 0.648454 0.277559 0.0449243 0.0134846 0.0155778
 0.739369 0.180172 0.0635259 0.010282 0.00665163
 0.470651 0.411128 0.0817254 0.0288152 0.00768105
 0.44203 0.294303 0.204781 0.0407071 0.0181786
 0.520959 0.234461 0.129005 0.0897635 0.0258119
 0.682032 0.182212 0.066444 0.0365587 0.0327529
 0.800138 0.145405 0.0312067 0.0113796 0.0118707
 0.728966 0.224736 0.0336826 0.00722894 0.00538585
 0.675784 0.249974 0.0615596 0.00922633 0.00345544
 0.618326 0.275715 0.0816958 0.0201187 0.00414461
 0.723453 0.186615 0.0649653 0.0192496 0.00571705
 0.928089 0.0551069 0.0113393 0.00394749 0.00151705
 0.393963 0.570556 0.0271905 0.00559498 0.00269628
 0.894709 0.0467801 0.0550851 0.00262515 0.000800492
 0.595528 0.369158 0.0156897 0.0184752 0.00114894
 0.60336 0.256514 0.127892 0.00543561 0.00679864
 0.738566 0.170795 0.0586175 0.0292254 0.00279572
 0.744302 0.198548 0.037336 0.0128139 0.00699988
 0.328572 0.525532 0.113288 0.0213032 0.0113053
 0.740362 0.097184 0.127154 0.0274104 0.00788974
 0.629804 0.287526 0.0309439 0.0404867 0.0112397
 0.439054 0.378552 0.141663 0.015246 0.0254854
 0.730791 0.131303 0.0930654 0.0348272 0.0100136
 0.688386 0.239337 0.0352521 0.0249862 0.0120389
 0.358975 0.467269 0.133454 0.0196566 0.0206451
 0.434588 0.229106 0.245147 0.0700151 0.0211438
 0.827617 0.0835105 0.0360114 0.0385327 0.0143286
pobs_RECLAS
 0 0 0 0 0
 0 0 0 0 0
 0 0 0 0 0
 0 0 0 0 0
 0 0 0 0 0
 0 0 0 0 0
 0 0 0 0 0
 0 0 0 0 0
 0 0 0 0 0
 0 0 0 0 0
 0.991045 0.00858322 0.000360255 1.14367e-05 0
 0.934742 0.0480273 0.0164251 0.00080598 0
 0.827803 0.169806 0.00239088 0 0
 0.941827 0.0461693 0.0120037 0 0
 0.791401 0.0380133 0.147996 0.0225897 0
 0.846168 0.0940531 0.0597789 0 0
 0.134021 0.677848 0.182769 0.00536245 0
 0.80878 0.0450904 0.141981 0.00414843 0
 0.846168 0.0940531 0.0597789 0 0
 0.905697 0.0802665 0.012482 0.00150086 5.37128e-05
 0.989698 0.0102097 9.19794e-05 0 0
 0.975433 0.0193895 0.00387452 0.00125025 5.28907e-05
 0.303575 0.632131 0.0575291 0.00676475 0
 0.966965 0.00978017 0.0227588 0.000495775 0
 0.843318 0.132988 0.00938335 0.0141283 0.000182051
 0.564624 0.303363 0.111486 0.0197234 0.00080311
 0.826376 0.0876187 0.0782897 0.00655872 0.00115652
 0.89761 0.0855135 0.0140674 0.00269457 0.000114338
 0.34875 0.467042 0.161289 0.0227151 0.000203297
 0.318654 0.224769 0.449479 0.00709798 0
 0.937255 0.0296025 0.0250945 0.00804832 0
ppred_RECLAS
 0.488517 0.107198 0.382516 0.0217677 7.12714e-07
 0.459575 0.265332 0.0576548 0.205731 0.0117078
 0.603075 0.184169 0.104457 0.0226977 0.0856019
 0.78533 0.130346 0.0391253 0.0221911 0.0230075
 0.689517 0.245138 0.0396768 0.0119095 0.0137582
 0.773813 0.156361 0.0551305 0.00892315 0.00577257
 0.518623 0.373869 0.074319 0.0262038 0.00698495
 0.488046 0.270032 0.187893 0.03735 0.0166794
 0.567688 0.21159 0.116421 0.0810073 0.023294
 0.721793 0.159427 0.0581353 0.0319871 0.0286572
 0.82815 0.125025 0.0268328 0.00978463 0.0102069
 0.765097 0.194777 0.0291925 0.00626527 0.00466788
 0.716123 0.218872 0.0539004 0.00807839 0.00302551
 0.663565 0.243035 0.0720124 0.0177341 0.00365336
 0.76013 0.161865 0.0563491 0.0166965 0.00495881
 0.939808 0.0461264 0.00949142 0.00330419 0.00126982
 0.439595 0.527595 0.0251432 0.0051737 0.00249326
 0.911145 0.0394778 0.0464863 0.00221536 0.000675535
 0.640346 0.328253 0.0139512 0.016428 0.00102163
 0.647654 0.227868 0.11361 0.0048286 0.00603942
 0.773186 0.148178 0.0508552 0.0253553 0.00242551
 0.778596 0.171919 0.0323285 0.0110953 0.00606106
 0.371014 0.492312 0.106127 0.0199566 0.0105907
 0.77456 0.0843834 0.110406 0.0238 0.00685054
 0.672123 0.254657 0.0274066 0.0358584 0.00995488
 0.485239 0.347384 0.129999 0.0139907 0.0233871
 0.765855 0.114201 0.0809438 0.0302911 0.00870939
 0.72684 0.209802 0.0309019 0.0219028 0.0105532
 0.402787 0.435332 0.124333 0.0183131 0.0192341
 0.480918 0.210333 0.225059 0.064278 0.0194112
 0.852677 0.0713701 0.0307762 0.032931 0.0122455
pobs_PELACES
 0 0 0 0 0
 0 0 0 0 0
 0 0 0 0 0
 0 0 0 0 0
 0 0 0 0 0
 0 0 0 0 0
 0 0 0 0 0
 0 0 0 0 0
 0 0 0 0 0
 0 0 0 0 0
 0 0 0 0 0
 0 0 0 0 0
 0 0 0 0 0
 0 0 0 0 0
 0 0 0 0 0
 0 0 0 0 0
 0.505614 0.472636 0.0217494 0 0
 0 0 0 0 0
 0.443492 0.261883 0.143347 0.151278 0
 0.227955 0.32914 0.350689 0.0885471 0.00366901
 0.970185 0.0296113 0.000203453 0 0
 0.997202 0.00247181 0.000326279 0 0
 0.445219 0.490057 0.0546422 0.010081 0
 0.90214 0.0892962 0.00764917 0.000914606 0
 0 0 0 0 0
 0.581667 0.319106 0.0959925 0.00289975 0.000334073
 0.762889 0.0836404 0.116647 0.0363945 0.000428098
 0.88444 0.0763242 0.0277011 0.0115352 0
 0.521256 0.241999 0.230069 0.00667565 0
 0.616807 0.101726 0.260614 0.0208532 0
 0.833518 0.0704572 0.0857862 0.0102388 0
ppred_PELACES
 0.490136 0.106859 0.381306 0.0216989 7.10459e-07
 0.462487 0.263902 0.0573441 0.204622 0.0116447
 0.605795 0.182907 0.103741 0.0225422 0.0850153
 0.788114 0.128656 0.0386177 0.0219032 0.022709
 0.690688 0.244214 0.0395273 0.0118647 0.0137064
 0.775699 0.155057 0.0546709 0.00884875 0.00572444
 0.524453 0.369341 0.073419 0.0258865 0.00690036
 0.488965 0.269547 0.187555 0.0372829 0.0166495
 0.571231 0.209856 0.115467 0.0803435 0.0231031
 0.725586 0.157254 0.0573428 0.031551 0.0282666
 0.828832 0.12453 0.0267264 0.00974583 0.0101664
 0.769013 0.19153 0.0287059 0.00616083 0.00459006
 0.720265 0.215679 0.0531141 0.00796054 0.00298138
 0.671005 0.237661 0.07042 0.0173419 0.00357257
 0.76423 0.159098 0.055386 0.0164112 0.00487405
 0.940898 0.0452909 0.0093195 0.00324434 0.00124682
 0.442695 0.524676 0.0250041 0.00514508 0.00247947
 0.912168 0.0390231 0.0459509 0.00218985 0.000667755
 0.644556 0.324411 0.0137879 0.0162357 0.00100967
 0.651386 0.225454 0.112407 0.00477745 0.00597545
 0.775374 0.146749 0.0503647 0.0251108 0.00240211
 0.781316 0.169807 0.0319314 0.010959 0.00598659
 0.373185 0.490613 0.10576 0.0198877 0.0105541
 0.775964 0.0838578 0.109719 0.0236518 0.00680787
 0.673921 0.253261 0.0272563 0.0356618 0.00990029
 0.486887 0.346272 0.129583 0.0139459 0.0233123
 0.767309 0.113492 0.0804411 0.0301029 0.0086553
 0.728227 0.208736 0.0307449 0.0217915 0.0104996
 0.404381 0.434171 0.124001 0.0182642 0.0191828
 0.483247 0.209389 0.22405 0.0639897 0.0193242
 0.853896 0.0707798 0.0305216 0.0326586 0.0121442
pobs_pel_tallas
 0 0 0 0 0 0 0 0 0 0 0 0 0 0 0 0 0 0 0 0 0 0 0 0 0 0
 0 0 0 0 0 0 0 0 0 0 0 0 0 0 0 0 0 0 0 0 0 0 0 0 0 0
 0 0 0 0 0 0 0 0 0 0 0 0 0 0 0 0 0 0 0 0 0 0 0 0 0 0
 0 0 0 0 0 0 0 0 0 0 0 0 0 0 0 0 0 0 0 0 0 0 0 0 0 0
 0 0 0 0 0 0 0 0 0 0 0 0 0 0 0 0 0 0 0 0 0 0 0 0 0 0
 0 0 0 0 0 0 0 0 0 0 0 0 0 0 0 0 0 0 0 0 0 0 0 0 0 0
 0 0 0 0 0 0 0 0 0 0 0 0 0 0 0 0 0 0 0 0 0 0 0 0 0 0
 0 0 0 0 0 0 0 0 0 0 0 0 0 0 0 0 0 0 0 0 0 0 0 0 0 0
 0 0 0 0 0 0 0 0 0 0 0 0 0 0 0 0 0 0 0 0 0 0 0 0 0 0
 0 0 0 0 0 0 0 0 0 0 0 0 0 0 0 0 0 0 0 0 0 0 0 0 0 0
 0 0 0 0 0 0 0 0 0 0 0 0 0 0 0 0 0 0 0 0 0 0 0 0 0 0
 0 0 0 0 0 0 0 0 0 0 0 0 0 0 0 0 0 0 0 0 0 0 0 0 0 0
 0.00862536 0 0 0.000197151 0.00414017 0.0128641 0.00837892 0.0270097 0.101434 0.158115 0.152841 0.127902 0.109271 0.109419 0.0830992 0.0579132 0.0238553 0.00714673 0.00463305 0.00128148 0.00103504 0.000492878 0.000147863 0.000147863 4.92878e-05 0
 0 0 0 0 0 0 0 0 0 0 0 0 0 0 0 0 0 0 0 0 0 0 0 0 0 0
 0 0 0 0 0 0 0 0.0054083 0.00873648 0.0413646 0.0450493 0.0745869 0.0622846 0.0627006 0.0613931 0.0827291 0.12552 0.122667 0.0946155 0.0697135 0.0546179 0.0294188 0.0215738 0.0213955 0.0102223 0.00600262
 0 0 0 0 0.00359764 0.0251062 0.0480494 0.140153 0.205849 0.193036 0.1447 0.116669 0.0760912 0.0342217 0.00950174 0.001854 0.000860785 0 0 0 0.000165536 0 0.000143464 0 0 0
 0 0 0 0 0 0 0 0.000145254 0.000435761 0.0275982 0.070085 0.0708112 0.156366 0.174668 0.174014 0.160142 0.0824315 0.0480064 0.0283245 0.00493863 0.00203355 0 0 0 0 0
 0 0 0 0 0 0 0 0 0 0 0 0 0 0 0 0 0 0 0 0 0 0 0 0 0 0
 0 0 1.00437e-05 0.000401748 0.00122533 0.00171747 0.00176769 0.0269171 0.070346 0.194647 0.189555 0.159765 0.064822 0.0314167 0.0384472 0.0292271 0.0345202 0.0313363 0.0194345 0.0106764 0.0143323 0.0359363 0.0279516 0.0138201 0.00172751 0
 0 0.0021121 0.0136068 0.0755702 0.200478 0.177729 0.0527432 0.0373336 0.0318909 0.0142505 0.0149659 0.0166563 0.0217959 0.0798694 0.0677717 0.0528807 0.04013 0.0224614 0.0357745 0.0225083 0.00881397 0.00855152 0.00135912 0.000746735 0 0
 0 0 0 0 5.4009e-05 0.00500934 0.000945158 0.0243581 0.138947 0.33067 0.221406 0.137944 0.0707744 0.0437923 0.0131692 0.00525238 0.0047753 0.00276346 9.45158e-05 9.00151e-06 2.25038e-05 9.00151e-06 4.50075e-06 0 0 0
 0.000866109 0.00284123 0.00948549 0.0512746 0.133035 0.25785 0.225252 0.132002 0.0553304 0.0519788 0.0540692 0.017754 0.00435017 0.00159236 0.00146478 0.000404838 0.000125132 0.000115318 0.000107957 0.000100596 0 0 0 0 0 0
 0 0 0 0 0.00144013 0.00171154 0.00461396 0.0210425 0.0478622 0.0707936 0.0888783 0.103762 0.0637923 0.0337046 0.0602308 0.124433 0.169614 0.0934646 0.0462172 0.0250306 0.0313229 0.00938855 0.002487 0.000210481 0 0
 0 0.00764035 0.051015 0.0998891 0.058973 0.0496711 0.0374665 0.0718981 0.12319 0.153886 0.159021 0.0857701 0.0377988 0.023471 0.0147837 0.00900784 0.00315554 0.000888139 0.00291439 0.00214683 0.00393193 0.00274676 0.000635225 9.99891e-05 0 0
 0 0 0 0 0 0 0 0 0 0 0 0 0 0 0 0 0 0 0 0 0 0 0 0 0 0
 0 0 0 0 0 0 0 0 0 0 0 0 0 0 0 0 0 0 0 0 0 0 0 0 0 0
 0 0 0 0 0 0 0 0 0 0 0 0 0 0 0 0 0 0 0 0 0 0 0 0 0 0
 0 0 0 0 0 0 0 0 0 0 0 0 0 0 0 0 0 0 0 0 0 0 0 0 0 0
 0 0 0 0 0 0 0 0 0 0 0 0 0 0 0 0 0 0 0 0 0 0 0 0 0 0
 0 0 0 0 0 0 0 0 0 0 0 0 0 0 0 0 0 0 0 0 0 0 0 0 0 0
 0 0 0 0 0 0 0 0 0 0 0 0 0 0 0 0 0 0 0 0 0 0 0 0 0 0
ppred_pel_tallas
 1.13208e-16 4.03718e-05 0.000392429 0.00260783 0.0118548 0.0368848 0.0785873 0.114703 0.114714 0.0786407 0.0370657 0.0123846 0.00396503 0.0034457 0.00610367 0.010715 0.0170298 0.0247342 0.0334083 0.0426576 0.051991 0.0604704 0.0665545 0.0685181 0.065307 0.0572249
 1.24214e-16 3.80945e-05 0.000370292 0.00246072 0.0111861 0.0348043 0.0741551 0.108237 0.108262 0.0742799 0.0352238 0.0123993 0.00551217 0.00705283 0.0127955 0.0212779 0.0311145 0.0401938 0.0464852 0.0492954 0.0497673 0.0500645 0.0518308 0.0551065 0.0584024 0.0596843
 1.19689e-16 4.98986e-05 0.000485032 0.00322321 0.0146522 0.0455887 0.0971321 0.141771 0.141789 0.097219 0.0458809 0.0154982 0.00535401 0.0051611 0.00900396 0.0150028 0.0220802 0.0287933 0.0337343 0.0363501 0.0372782 0.0378297 0.0390229 0.0409325 0.0427598 0.0434079
 1.07187e-16 6.4916e-05 0.000631006 0.00419326 0.019062 0.0593089 0.126364 0.184435 0.184447 0.126425 0.0595132 0.0196527 0.00567836 0.00388048 0.00625885 0.0103054 0.0149875 0.0191733 0.0217692 0.022312 0.0212485 0.0196059 0.0183134 0.0177051 0.0175037 0.0171603
 1.04713e-16 5.68911e-05 0.000553002 0.00367489 0.0167055 0.0519772 0.110744 0.161639 0.161662 0.110859 0.0523637 0.0178218 0.00647751 0.00667324 0.0116867 0.0192478 0.0277646 0.0350101 0.0387586 0.0379986 0.0335359 0.027434 0.0217569 0.0175904 0.0149114 0.013097
 1.03474e-16 6.38933e-05 0.000621066 0.0041272 0.0187617 0.0583746 0.124374 0.18153 0.181545 0.124447 0.0586209 0.0194737 0.00591714 0.004537 0.00752586 0.0124057 0.0180169 0.0229755 0.0259071 0.026168 0.0241949 0.0211437 0.0181265 0.0156618 0.0136664 0.0118137
 1.05977e-16 4.31986e-05 0.000419905 0.00279042 0.0126849 0.0394675 0.0840911 0.122741 0.122776 0.0842652 0.0400524 0.0143746 0.00703386 0.00968978 0.0176674 0.02919 0.0421651 0.0532798 0.0591819 0.0583284 0.0518843 0.0428769 0.0343179 0.0277688 0.023188 0.0197212
 1.12038e-16 4.02754e-05 0.000391492 0.0026016 0.0118265 0.0367968 0.0784005 0.114433 0.11446 0.0785287 0.0372282 0.0130755 0.00574855 0.00730067 0.0132778 0.0221903 0.0326724 0.0425777 0.0497096 0.0530173 0.053095 0.0515008 0.0495008 0.0473144 0.0443448 0.0399676
 1.15353e-16 4.70516e-05 0.000457358 0.0030393 0.0138163 0.0429876 0.0915904 0.133683 0.133703 0.0916901 0.0433229 0.0147868 0.00548381 0.00582161 0.010318 0.0172055 0.0253131 0.0329805 0.0385642 0.0413754 0.0420581 0.042001 0.0422602 0.0428707 0.042996 0.0416277
 1.09643e-16 5.97656e-05 0.000580943 0.00386057 0.0175496 0.0546034 0.116339 0.169803 0.169818 0.116413 0.0548535 0.018273 0.00567987 0.00456452 0.00766143 0.0126684 0.018478 0.0237477 0.0271666 0.0281807 0.0273213 0.0257942 0.024656 0.0242278 0.0241048 0.0235942
 1.03502e-16 6.82698e-05 0.000663607 0.0044099 0.0200468 0.062373 0.132893 0.193963 0.193975 0.132952 0.0625703 0.0206169 0.00584187 0.00379273 0.00602044 0.0098702 0.0142728 0.0180816 0.0201809 0.0200704 0.0181596 0.0154737 0.0130122 0.0112603 0.0101403 0.00929112
 1.02273e-16 6.33426e-05 0.000615713 0.00409163 0.0186 0.0578715 0.123302 0.179967 0.179985 0.123392 0.0581744 0.019475 0.0062882 0.00541136 0.00917269 0.0150681 0.0217098 0.0273217 0.0301371 0.0293423 0.0255538 0.0203902 0.0154935 0.0117651 0.00925628 0.00755219
 1.02891e-16 5.93273e-05 0.000576682 0.00383226 0.0174209 0.054203 0.115486 0.16856 0.16858 0.115588 0.0545448 0.0184086 0.00631317 0.00599813 0.010372 0.0170958 0.0247204 0.0312918 0.0348504 0.0344782 0.0308172 0.0255814 0.02048 0.0164077 0.0133741 0.0109605
 1.04437e-16 5.52698e-05 0.000537243 0.00357017 0.0162295 0.050496 0.107588 0.157033 0.157056 0.1077 0.0508731 0.0173194 0.00630897 0.00652585 0.0114575 0.0189294 0.0274396 0.0348762 0.0391142 0.0391621 0.0357137 0.0305991 0.0256015 0.021589 0.0184743 0.0157514
 1.0411e-16 6.29487e-05 0.000611884 0.00406618 0.0184843 0.0575115 0.122535 0.178847 0.178862 0.12261 0.0577643 0.019215 0.00590315 0.00463107 0.00772288 0.0127382 0.0185094 0.0236259 0.0266887 0.0270503 0.0251699 0.0222362 0.0193759 0.017088 0.01524 0.0134505
 1.00817e-16 7.75006e-05 0.000753333 0.00500616 0.0227573 0.0708064 0.150861 0.220187 0.220191 0.150882 0.0708781 0.0229645 0.00552666 0.00189047 0.00223978 0.00358717 0.00517659 0.0065452 0.00727881 0.00718907 0.00641921 0.00533962 0.00431731 0.00354029 0.00299951 0.00258672
 1.01792e-16 3.64643e-05 0.000354446 0.00235542 0.0107074 0.0333151 0.0709832 0.103613 0.103663 0.0712299 0.0341431 0.0130979 0.00835194 0.0134318 0.0248341 0.0408969 0.0586722 0.073281 0.079775 0.0758733 0.0633469 0.0468797 0.0313546 0.0196499 0.0122013 0.00795274
 1.01669e-16 7.51341e-05 0.00073033 0.0048533 0.0220624 0.0686444 0.146254 0.213463 0.213467 0.146273 0.0687074 0.0222452 0.0053152 0.00174857 0.00203796 0.00332559 0.00495816 0.00659743 0.00793988 0.00882381 0.00928145 0.00944039 0.00936813 0.00900958 0.00826431 0.00711431
 1.0228e-16 5.30913e-05 0.000516066 0.00342944 0.0155898 0.0485057 0.103348 0.150846 0.150877 0.1035 0.0490177 0.017068 0.00713772 0.00860379 0.0153914 0.0253046 0.0363168 0.0454005 0.0495153 0.047277 0.0398046 0.0300027 0.0208681 0.0141198 0.00993654 0.00757083
 1.04792e-16 5.36538e-05 0.000521534 0.00346578 0.015755 0.0490196 0.104442 0.152441 0.152463 0.104549 0.0493787 0.0167937 0.00607922 0.00624625 0.010983 0.0182206 0.0265859 0.0341444 0.0389297 0.0399856 0.0378506 0.0340351 0.0299596 0.0262374 0.0227369 0.0191222
 1.04416e-16 6.38666e-05 0.000620806 0.00412547 0.0187538 0.0583501 0.124322 0.181454 0.181468 0.124391 0.0585833 0.019428 0.00582041 0.00432975 0.0071342 0.0117631 0.0171047 0.021863 0.0247613 0.0252186 0.0236714 0.0212164 0.0188723 0.017055 0.0155826 0.0140469
 1.03078e-16 6.4356e-05 0.000625563 0.00415709 0.0188975 0.0587973 0.125274 0.182845 0.182862 0.125355 0.0590661 0.0196742 0.00610745 0.0048858 0.00816301 0.0134138 0.0193661 0.0244596 0.0271508 0.0267343 0.0237555 0.0196206 0.0157285 0.0128043 0.0108226 0.0093695
 1.06958e-16 3.07388e-05 0.000298792 0.00198558 0.0090262 0.0280841 0.0598379 0.0873451 0.0873925 0.0600693 0.0288612 0.0112713 0.007624 0.0126169 0.0234528 0.0387959 0.0560531 0.0708421 0.078699 0.0775474 0.0688952 0.0567238 0.0450165 0.0358749 0.0293223 0.0243335
 1.06712e-16 6.39151e-05 0.000621278 0.00412861 0.0187681 0.0583945 0.124416 0.18159 0.181599 0.124456 0.0585304 0.0191628 0.00512716 0.00282691 0.00432866 0.0072537 0.0109085 0.0146946 0.0180261 0.020609 0.022531 0.0240225 0.0251073 0.025482 0.0247243 0.0226276
 1.06104e-16 5.551e-05 0.000539577 0.00358568 0.0163 0.0507155 0.108056 0.157715 0.15774 0.108175 0.051116 0.0174567 0.00648917 0.00687841 0.0120962 0.0199174 0.0287104 0.0361705 0.0400054 0.039205 0.0346647 0.0285871 0.023144 0.0194261 0.0172974 0.0159534
 1.09172e-16 4.01043e-05 0.000389828 0.00259054 0.0117763 0.0366405 0.0780677 0.113949 0.113983 0.0782315 0.0371908 0.0133673 0.00659053 0.00914265 0.0167245 0.0277456 0.0403395 0.0515145 0.0582259 0.059048 0.0549553 0.0485107 0.0421624 0.0370244 0.0328666 0.0289232
 1.06835e-16 6.32023e-05 0.000614348 0.00408256 0.0185587 0.0577432 0.123028 0.179566 0.179577 0.123082 0.057925 0.0190852 0.00540952 0.0035293 0.00565297 0.00938719 0.0138511 0.0181275 0.0213205 0.0230217 0.0235056 0.0234249 0.0232661 0.0230284 0.0223374 0.020812
 1.04903e-16 5.99832e-05 0.000583058 0.00387463 0.0176135 0.0548022 0.116763 0.170423 0.170443 0.116861 0.0551325 0.0185676 0.00627004 0.00581419 0.0100009 0.0164558 0.0237434 0.02996 0.0332174 0.0326729 0.0290384 0.0240916 0.0195867 0.0164094 0.0144677 0.0131487
 1.08768e-16 3.33084e-05 0.000323769 0.00215156 0.00978072 0.0304317 0.0648394 0.0946439 0.0946858 0.0650445 0.0311204 0.0117712 0.00715274 0.0112577 0.0208467 0.0345365 0.0500417 0.0635456 0.0711597 0.0710726 0.0645727 0.0550487 0.0458227 0.0385429 0.0330813 0.0284924
 1.16207e-16 3.98045e-05 0.000386914 0.00257118 0.0116882 0.0363665 0.0774834 0.113094 0.113114 0.0775837 0.0367044 0.0126683 0.00504731 0.00584512 0.0105615 0.0178062 0.0266079 0.035487 0.0429276 0.0482076 0.0516779 0.0541688 0.0560569 0.056842 0.0555486 0.0515157
 1.0623e-16 7.03343e-05 0.000683674 0.00454326 0.020653 0.0642591 0.136911 0.199827 0.199834 0.136945 0.064372 0.0209796 0.00536548 0.00248664 0.00351874 0.00577148 0.00846694 0.0109983 0.0128134 0.0137006 0.013917 0.0139816 0.0142919 0.0148649 0.0153705 0.0153742
pSPR Fmed_Fpbrs
0.672788   0.204436 0.204436
Fs Fmed_Fpbrs
0.207799   1.005 1.005
SSBpbr Bo_Bmed_Bpbrs
2.03636e+06  1.26822e+06  314488 314488
Ro
193308
SPR SPRFo_SPRFmed_SPRFpbrs
1.37976e+06 928285 282073
Fref
1.005
Nvult_r0
 233511 20104.3 8669.35 9276.34 3449.45
CTP_r0
 29730 2999.9 1293.62 1384.19 514.717
YTP_r0
391300
Np
 261736 41735.4 14657.8 1208.91 591.508
Nvult_p0
 220000 36115.3 12684 1046.12 511.855
CTP_p0
 100173 47213.7 3893.99 1679.16 2351.38
 100173 18102.7 6357.81 524.365 256.566
YTP_p0
 1.70907e+06 1.2051e+06
CBA_c0
1.55788e+06
log_Ro
11.992
likeval ReclasPelacesDesembMPH_pf_preclas_ppelaces_ptallas_desvR_qrecl_qpela
 15.3826 17.3088 0.0875376 0.000809321 240.629 119.37 98.1775 0 22.6886 2.47304e-06 0 0.446437 0 0 0
q_reclas_q_pelaces
0.800241 1
M
1
N
 212621 47116.4 168126 9567.52 0.313258
 120785 70984 15424.3 55038.9 3132.18
 119977 37275.8 21142.1 4594.03 17325.9
 218665 37217.5 11171.3 6336.16 6569.26
 174979 62726.6 10152.6 3047.45 3520.49
 288712 59301.7 20908.9 3384.22 2189.32
 120943 90328 17955.7 6330.92 1687.59
 56341.3 31347.5 21812.1 4335.88 1936.28
 51486.8 19615 10792.5 7509.6 2159.42
 67099.8 15252.8 5561.97 3060.29 2741.72
 122157 18576.5 3986.87 1453.82 1516.56
 158915 41822.1 6268.14 1345.26 1002.28
 133521 42093.7 10366.2 1553.64 581.869
 93806.1 36146.5 10710.4 2637.58 543.363
 94766.8 20883.6 7270.08 2154.16 639.778
 491386 24838.5 5111 1779.26 683.782
 110426 135081 6437.45 1324.63 638.354
 761701 33644.3 39617.2 1888.01 575.714
 439462 231621 9844.21 11591.9 720.877
 340555 122833 61242.1 2602.88 3255.58
 501688 97987.5 33629.7 16767.1 1603.95
 676403 152984 28767.9 9873.27 5393.5
 145806 196219 42298.4 7954 4221.09
 423153 46666.2 61057.6 13162 3788.53
 359633 137957 14847.1 19425.8 5392.91
 161878 117052 43803.7 4714.22 7880.38
 357354 53947.2 38237 14309.2 4114.22
 398958 116387 17142.7 12150.5 5854.35
 121053 132152 37743.4 5559.24 5838.83
 90912.6 40327.1 43150.6 12324 3721.71
 342361 29081.8 12540.6 13418.7 4989.79
pred_Ctot
 12530.3 3311.37 11816 672.411 0.0220159
 12478.2 8690.65 1888.42 6738.47 383.477
 12056.2 4440.9 2518.79 547.315 2064.14
 31063.2 6230.46 1870.16 1060.72 1099.74
 8769.09 3753.45 607.514 182.354 210.66
 27655 6739.05 2376.09 384.582 248.794
 23237.4 20298.6 4035.03 1422.69 379.237
 1919.09 1277.73 889.063 176.731 78.923
 6449.97 2902.85 1597.2 1111.36 319.576
 10740.9 2869.55 1046.39 575.74 515.807
 5387.53 979.047 210.122 76.6214 79.9282
 28884.4 8904.9 1334.63 286.438 213.408
 22854 8453.76 2081.86 312.021 116.858
 24380.8 10871.6 3221.3 793.29 163.424
 17705 4567.03 1589.89 471.093 139.913
 80389.7 4773.28 982.195 341.926 131.404
 12177.8 17636.5 840.489 172.947 83.3451
 84804.4 4434.02 5221.2 248.823 75.874
 68238.5 42299.9 1797.81 2116.98 131.651
 47849.5 20342.8 10142.5 431.071 539.167
 55093.5 12740.5 4372.58 2180.08 208.547
 92174.6 24588.3 4623.71 1586.88 866.867
 12118.5 19382.9 4178.33 785.714 416.968
 30737.2 4034.74 5279.01 1137.98 327.555
 26465.8 12082.5 1300.33 1701.34 472.32
 9708.01 8370.24 3132.34 337.107 563.514
 26164.9 4701.1 3332.07 1246.94 358.524
 25330.7 8806.94 1297.18 919.421 442.996
 7285.5 9483.35 2708.49 398.935 418.998
 7583.13 3997.67 4277.57 1221.7 368.938
 29730 2999.9 1293.62 1384.19 514.717
F
 0.0970545 0.116677 0.116677 0.116677 0.116677
 0.175671 0.211188 0.211188 0.211188 0.211188
 0.170519 0.204994 0.204994 0.204994 0.204994
 0.248755 0.299047 0.299047 0.299047 0.299047
 0.0820248 0.0986083 0.0986083 0.0986083 0.0986083
 0.161982 0.194731 0.194731 0.194731 0.194731
 0.350184 0.420983 0.420983 0.420983 0.420983
 0.0551346 0.0662816 0.0662816 0.0662816 0.0662816
 0.216558 0.260342 0.260342 0.260342 0.260342
 0.284284 0.341759 0.341759 0.341759 0.341759
 0.071884 0.0864172 0.0864172 0.0864172 0.0864172
 0.328469 0.394878 0.394878 0.394878 0.394878
 0.306681 0.368684 0.368684 0.368684 0.368684
 0.502266 0.603813 0.603813 0.603813 0.603813
 0.339025 0.407568 0.407568 0.407568 0.407568
 0.291356 0.350262 0.350262 0.350262 0.350262
 0.188501 0.226611 0.226611 0.226611 0.226611
 0.190454 0.228959 0.228959 0.228959 0.228959
 0.274723 0.330265 0.330265 0.330265 0.330265
 0.245737 0.295419 0.295419 0.295419 0.295419
 0.187642 0.225578 0.225578 0.225578 0.225578
 0.237558 0.285586 0.285586 0.285586 0.285586
 0.139259 0.167414 0.167414 0.167414 0.167414
 0.120794 0.145216 0.145216 0.145216 0.145216
 0.122462 0.147221 0.147221 0.147221 0.147221
 0.0988367 0.118819 0.118819 0.118819 0.118819
 0.121809 0.146436 0.146436 0.146436 0.146436
 0.1049 0.126108 0.126108 0.126108 0.126108
 0.0992032 0.11926 0.11926 0.11926 0.11926
 0.139787 0.168049 0.168049 0.168049 0.168049
 0.145892 0.175388 0.175388 0.175388 0.175388
YTP_r0W_actual
 246759 42298.7 35703.9 47339.3 19199
YTP_p0W_proyectada
 750298 739838 90067.9 49317.1 79547.2
 750298 283669 147056 15400.6 8679.62
CTP_r0_actual
 29730 2999.9 1293.62 1384.19 514.717
CTP_p0_proyectada
 100173 47213.7 3893.99 1679.16 2351.38
 100173 18102.7 6357.81 524.365 256.566
Wmedp
 7.49 15.67 23.13 29.37 33.83
Frms_r0
 0.145892 0.175388 0.175388 0.175388 0.175388
Zrms_r0
 1.14589 1.17539 1.17539 1.17539 1.17539
nmprior
 8.19 8.8 8.5 0
nm_flota  nm_reclas  nm_pelaces    nm_pelaL
inf 11.9655 18.9254 45.7254
cv_recla  cv_pelaces  cv_mph
0.354765 0.471744 0.877942
 ------------------------------------------------
Talla a la edad & desviaci?n 
 8 13.2811 15.8009 17.003 17.5766
 0.8 1.32811 1.58009 1.7003 1.75766
