years
 1991 1992 1993 1994 1995 1996 1997 1998 1999 2000 2001 2002 2003 2004 2005 2006 2007 2008 2009 2010 2011 2012 2013 2014 2015 2016 2017 2018 2019 2020 2021
reclasobs
 0 0 0 0 0 0 0 0 0 252601 567819 844713 477998 351125 339783 2.1784e+06 2.13404e+06 4.81314e+06 1.55562e+06 2.62356e+06 3.21686e+06 3.843e+06 1.13348e+06 3.07943e+06 1.97215e+06 2.03268e+06 2.025e+06 2.42433e+06 2.27542e+06 1.05018e+06 2.36338e+06
reclaspred
 2.029e+06 1.88718e+06 879401 54379.8 2.3976e+06 2.40897e+06 706574 132938 737677 231373 212848 902568 482007 409781 272776 1.89377e+06 1.11783e+06 7.67217e+06 4.57904e+06 1.47125e+06 3.60088e+06 3.57689e+06 1.91763e+06 4.69831e+06 2.70782e+06 1.20228e+06 2.32377e+06 3.85779e+06 2.72016e+06 936961 1.33792e+06
pelacesobs
 0 0 0 0 0 0 0 0 0 0 0 0 0 0 0 552880 188675 0 991730 2.46772e+06 1.41603e+06 1.21717e+06 2.29649e+06 1.80582e+06 0 1.4828e+06 1.56532e+06 1.57751e+06 1.42118e+06 867257 1.10002e+06
pelacespred
 523882 428684 192158 3256.75 486270 463191 136969 30445.7 161653 37833.2 47290.6 176490 86978 78867.1 49450 368212 213843 1.92847e+06 1.10444e+06 357417 825621 784928 424675 1.24519e+06 691224 299213 655716 1.05679e+06 624504 254701 321940
mphobs
 0 0 0 0 0 0 0 0 0 0 0 498337 0 5186 125008 0 168611 109162 213762 579715 649985 157893 87575 83554 0 0 0 0 0 0 0
mphpred
 1.36279e+06 457875 522859 124752 1815.11 1.0539e+06 606405 108684 22848.8 181214 30880.8 62902.7 238987 79401.5 51000.3 45283.2 600040 307290 2.4855e+06 1.10791e+06 419032 957617 1.06663e+06 575937 1.38458e+06 747167 289111 609420 1.39101e+06 701104 204102
desembarqueobs
 494567 514787 250237 358949 120608 361735 552515 73892 212993 205616 52469 317467 293654 387597 252695 516296 358380 742168 942051 627588 828172 859565 418607 520667 417249 300574 415391 372974 316634 284311 391294
desembarquepred
 494354 514348 251114 356379 120553 361347 551121 73819.8 212743 205275 52426.9 317015 293035 386584 252170 515644 358045 741560 940204 625740 827162 858238 418131 520244 416697 300051 414928 372644 316307 283854 390828
Reclutas
 750.711 304020 1121.61 1669.9 480409 8183.35 605.818 167.501 74123.4 789.606 33339.9 189189 31499.7 74694.4 42951.3 398777 1866.45 1.15619e+06 89722.9 11991.9 432571 541324 1879.68 370733 105217 7759.5 231768 333087 5315.84 1881.38 139695
log_desv_Rt
 -3.54954 2.45429 -3.14804 -2.75004 2.91183 -1.1607 -3.76398 -5.04958 1.04292 -3.49903 0.243947 1.97994 0.187172 1.0506 0.497261 2.7256 -2.63877 3.79008 1.23392 -0.778577 2.80694 3.03121 -2.63171 2.65268 1.39322 -1.21389 2.18293 2.5456 -1.59212 -2.6308 1.67665
SSB
 1.36279e+06 457875 522859 124752 1815.11 1.0539e+06 606405 108684 22848.8 181214 30880.8 62902.7 238987 79401.5 51000.3 45283.2 600040 307290 2.4855e+06 1.10791e+06 419032 957617 1.06663e+06 575937 1.38458e+06 747167 289111 609420 1.39101e+06 701104 204102
BT
 1.71455e+06 1.46493e+06 666289 304916 1.20319e+06 1.32717e+06 867091 149236 563008 267922 155779 668597 452889 590078 364266 1.25417e+06 777246 5.11233e+06 3.42536e+06 1.49206e+06 2.64725e+06 2.56091e+06 1.34094e+06 3.36904e+06 1.9941e+06 987419 1.95787e+06 2.80231e+06 1.70398e+06 904396 1.12787e+06
Ftot
 0.428531 0.51287 0.498225 4.47864 0.102109 0.269041 1.22361 0.916196 0.558471 1.36043 0.473307 0.665561 1.01753 1.55519 1.53344 0.52905 0.555417 0.19323 0.367444 0.723379 0.440553 0.449629 0.385595 0.217105 0.280843 0.440678 0.347492 0.189487 0.209557 0.527288 0.555006
BD_Bspro_t
 0.933733 0.600214 0.512156 0.176418 0.00427397 0.751837 0.538128 0.170471 0.0738195 0.376673 0.121898 0.314148 0.412405 0.169553 0.112424 0.106271 0.470221 0.313737 0.716054 0.498518 0.266281 0.445282 0.486066 0.373913 0.609752 0.522085 0.37659 0.576891 0.724977 0.573119 0.341866
BD_Bspro
 7.29846 2.45216 2.80018 0.668112 0.00972082 5.64419 3.24761 0.582059 0.122367 0.970492 0.165383 0.336876 1.2799 0.425235 0.273133 0.242515 3.21352 1.64569 13.3111 5.93343 2.24413 5.12853 5.71233 3.08444 7.41514 4.00146 1.54834 3.26376 7.44958 3.75477 1.09307
BD_Bo
 0.814596 0.27369 0.312533 0.0745693 0.00108496 0.629959 0.362472 0.0649647 0.0136576 0.108319 0.0184587 0.0375994 0.142852 0.0474614 0.0304849 0.0270676 0.358667 0.183679 1.48568 0.662242 0.250472 0.572406 0.637565 0.344261 0.827619 0.446611 0.172813 0.364274 0.831463 0.419077 0.122
BD_Brms
 5.74537 1.93035 2.20431 0.52594 0.00765226 4.44312 2.55653 0.458198 0.0963276 0.763974 0.13019 0.26519 1.00754 0.334747 0.215011 0.190908 2.52969 1.2955 10.4786 4.67082 1.76659 4.0372 4.49676 2.42808 5.83722 3.14996 1.21885 2.56924 5.86434 2.95577 0.860468
Sel_flota
 0.896151 1 1 1 1
 0.896151 1 1 1 1
 0.896151 1 1 1 1
 0.896151 1 1 1 1
 0.896151 1 1 1 1
 0.896151 1 1 1 1
 0.896151 1 1 1 1
 0.896151 1 1 1 1
 0.896151 1 1 1 1
 0.896151 1 1 1 1
 0.896151 1 1 1 1
 0.896151 1 1 1 1
 0.896151 1 1 1 1
 0.896151 1 1 1 1
 0.896151 1 1 1 1
 0.896151 1 1 1 1
 0.896151 1 1 1 1
 0.896151 1 1 1 1
 0.896151 1 1 1 1
 0.896151 1 1 1 1
 0.896151 1 1 1 1
 0.896151 1 1 1 1
 0.896151 1 1 1 1
 0.896151 1 1 1 1
 0.896151 1 1 1 1
 0.896151 1 1 1 1
 0.896151 1 1 1 1
 0.896151 1 1 1 1
 0.896151 1 1 1 1
 0.896151 1 1 1 1
 0.896151 1 1 1 1
Sel_reclas
 1 1 1 1 1
 1 1 1 1 1
 1 1 1 1 1
 1 1 1 1 1
 1 1 1 1 1
 1 1 1 1 1
 1 1 1 1 1
 1 1 1 1 1
 1 1 1 1 1
 1 1 1 1 1
 1 1 1 1 1
 1 1 1 1 1
 1 1 1 1 1
 1 1 1 1 1
 1 1 1 1 1
 1 1 1 1 1
 1 1 1 1 1
 1 1 1 1 1
 1 1 1 1 1
 1 1 1 1 1
 1 1 1 1 1
 1 1 1 1 1
 1 1 1 1 1
 1 1 1 1 1
 1 1 1 1 1
 1 1 1 1 1
 1 1 1 1 1
 1 1 1 1 1
 1 1 1 1 1
 1 1 1 1 1
 1 1 1 1 1
Sel_pelaces
 1 1 1 1 1
 1 1 1 1 1
 1 1 1 1 1
 1 1 1 1 1
 1 1 1 1 1
 1 1 1 1 1
 1 1 1 1 1
 1 1 1 1 1
 1 1 1 1 1
 1 1 1 1 1
 1 1 1 1 1
 1 1 1 1 1
 1 1 1 1 1
 1 1 1 1 1
 1 1 1 1 1
 1 1 1 1 1
 1 1 1 1 1
 1 1 1 1 1
 1 1 1 1 1
 1 1 1 1 1
 1 1 1 1 1
 1 1 1 1 1
 1 1 1 1 1
 1 1 1 1 1
 1 1 1 1 1
 1 1 1 1 1
 1 1 1 1 1
 1 1 1 1 1
 1 1 1 1 1
 1 1 1 1 1
 1 1 1 1 1
pf_obs 
 0.8446 0.082 0.0669 0.0065 0
 0.8095 0.147 0.0364 0.0071 0
 0.9664 0.0169 0.016 0.0007 0
 0.9276 0.0648 0.0075 0.0001 0
 0.7033 0.2144 0.0806 0.0017 0
 0.9318 0.0425 0.0243 0.0014 0
 0.5671 0.3108 0.0964 0.0239 0.0018
 0.0768 0.2599 0.5324 0.112 0.0189
 0.490249 0.384438 0.106611 0.0170017 0.00170017
 0.7925 0.1577 0.0466 0.003 0.0002
 0.840416 0.127587 0.0312969 0.00059994 9.999e-05
 0.8084 0.0986 0.0794 0.0134 0.0002
 0.7335 0.1905 0.0724 0.0035 0.0001
 0.4001 0.4547 0.1325 0.0127 0
 0.49795 0.308269 0.164784 0.0264974 0.00249975
 0.9179 0.0499 0.0305 0.0017 0
 0.2467 0.6533 0.0926 0.0074 0
 0.9418 0.0223 0.034 0.0019 0
 0.707729 0.231977 0.0356964 0.0245975 0
 0.517169 0.277429 0.184464 0.0207286 0.00020938
 0.811772 0.124168 0.05621 0.00726502 0.000585176
 0.764997 0.148141 0.077277 0.00933861 0.000247198
 0.163321 0.427699 0.378323 0.0303852 0.000271297
 0.753843 0.0900009 0.118128 0.0371064 0.000921714
 0.721811 0.176058 0.0630433 0.0369309 0.00215725
 0.143369 0.312575 0.442814 0.0836902 0.0175525
 0.692698 0.0596174 0.167031 0.0765114 0.00414204
 0.394062 0.376323 0.152708 0.0712218 0.00568511
 0.125707 0.32114 0.495352 0.0537591 0.00404204
 0.23352 0.215282 0.420074 0.123614 0.00750983
 0.774587 0.0839891 0.0768558 0.0609784 0.00358967
pf_pred 
 0.00892779 0.287637 0.382938 0.182397 0.1381
 0.937937 0.00063458 0.0178283 0.0237353 0.0198651
 0.0135408 0.932933 0.000547286 0.0153758 0.0376026
 0.0877522 0.014203 0.849317 0.000498234 0.0482301
 0.999811 2.56669e-05 2.54878e-06 0.000152413 8.74451e-06
 0.0439514 0.955887 2.18539e-05 2.17014e-06 0.000137216
 0.0117315 0.049001 0.939109 2.14703e-05 0.00013694
 0.0287852 0.0138047 0.047471 0.909786 0.000153464
 0.988385 0.000394668 0.000159486 0.000548431 0.0105125
 0.0424743 0.947897 0.000327162 0.000132207 0.00916902
 0.94824 0.00267323 0.0485934 1.67718e-05 0.000476822
 0.953898 0.0440136 0.000107875 0.00196093 1.99184e-05
 0.423103 0.553928 0.0219281 5.37448e-05 0.000986884
 0.876004 0.0579342 0.0634317 0.00251104 0.000119165
 0.841989 0.141903 0.00752592 0.00824006 0.000341676
 0.987547 0.0108212 0.00146509 7.77015e-05 8.86023e-05
 0.0181816 0.971212 0.00921725 0.00124793 0.000141654
 0.981301 0.00039213 0.0181091 0.000171864 2.591e-05
 0.183253 0.803195 0.000284205 0.013125 0.000143341
 0.0866619 0.186307 0.714967 0.000252987 0.0118109
 0.94473 0.00552415 0.0101474 0.0389415 0.000657071
 0.814223 0.176767 0.000900601 0.00165433 0.00645573
 0.0106104 0.825398 0.156038 0.00079499 0.00715902
 0.892448 0.00130294 0.0886379 0.0167566 0.000854166
 0.434329 0.511202 0.000659869 0.0448904 0.00891891
 0.0987307 0.419818 0.435092 0.000561625 0.0457979
 0.924434 0.00843961 0.0312681 0.0324057 0.00345286
 0.818045 0.169787 0.00135897 0.00503488 0.00577404
 0.0373767 0.804194 0.147834 0.00118326 0.00941136
 0.0427506 0.0402513 0.766078 0.140828 0.0100925
 0.935642 0.00315547 0.00257351 0.0489799 0.00964921
pobs_RECLAS
 0 0 0 0 0
 0 0 0 0 0
 0 0 0 0 0
 0 0 0 0 0
 0 0 0 0 0
 0 0 0 0 0
 0 0 0 0 0
 0 0 0 0 0
 0 0 0 0 0
 0 0 0 0 0
 0.991045 0.00858322 0.000360255 1.14367e-05 0
 0.934742 0.0480273 0.0164251 0.00080598 0
 0.827803 0.169806 0.00239088 0 0
 0.941827 0.0461693 0.0120037 0 0
 0.791401 0.0380133 0.147996 0.0225897 0
 0.846168 0.0940531 0.0597789 0 0
 0.134021 0.677848 0.182769 0.00536245 0
 0.80878 0.0450904 0.141981 0.00414843 0
 0.846168 0.0940531 0.0597789 0 0
 0.905697 0.0802665 0.012482 0.00150086 5.37128e-05
 0.989698 0.0102097 9.19794e-05 0 0
 0.975433 0.0193895 0.00387452 0.00125025 5.28907e-05
 0.303575 0.632131 0.0575291 0.00676475 0
 0.966965 0.00978017 0.0227588 0.000495775 0
 0.843318 0.132988 0.00938335 0.0141283 0.000182051
 0.564624 0.303363 0.111486 0.0197234 0.00080311
 0.826376 0.0876187 0.0782897 0.00655872 0.00115652
 0.89761 0.0855135 0.0140674 0.00269457 0.000114338
 0.34875 0.467042 0.161289 0.0227151 0.000203297
 0.318654 0.224769 0.449479 0.00709798 0
 0.937255 0.0296025 0.0250945 0.00804832 0
ppred_RECLAS
 0.010002 0.287325 0.382523 0.182199 0.137951
 0.944357 0.000568939 0.0159841 0.0212801 0.0178102
 0.0151776 0.931385 0.000546378 0.0153503 0.0375402
 0.110521 0.0138485 0.828118 0.000485798 0.0470263
 0.99983 2.298e-05 2.28197e-06 0.000136458 7.82911e-06
 0.0489285 0.950911 2.17401e-05 2.15884e-06 0.000136502
 0.0133506 0.0489207 0.937571 2.14351e-05 0.000136716
 0.0324515 0.0137526 0.0472918 0.906351 0.000152885
 0.989652 0.000351623 0.000142091 0.000488616 0.00936596
 0.0482941 0.942136 0.000325173 0.000131403 0.00911329
 0.953619 0.00239543 0.0435435 1.50288e-05 0.00042727
 0.958843 0.039292 9.63029e-05 0.00175057 1.77817e-05
 0.4541 0.524166 0.0207499 5.08571e-05 0.000933859
 0.890426 0.0511958 0.0560539 0.00221898 0.000105305
 0.859658 0.126036 0.00668437 0.00731866 0.00030347
 0.988899 0.0096465 0.00130605 6.92668e-05 7.89843e-05
 0.0203866 0.96903 0.00919655 0.00124513 0.000141336
 0.983242 0.000351422 0.0162292 0.000154022 2.32203e-05
 0.200904 0.785836 0.000278063 0.0128413 0.000140243
 0.0966198 0.184276 0.707172 0.000250228 0.0116821
 0.950431 0.00495436 0.00910074 0.0349248 0.000589297
 0.830996 0.160807 0.000819288 0.00150496 0.00587286
 0.0118773 0.824341 0.155838 0.000793972 0.00714985
 0.902723 0.00117846 0.0801699 0.0151557 0.000772563
 0.462181 0.486032 0.000627379 0.0426801 0.00847977
 0.109435 0.414832 0.429924 0.000554954 0.0452539
 0.931992 0.00759544 0.0281405 0.0291643 0.00310749
 0.834062 0.154841 0.00123934 0.00459166 0.00526576
 0.0416128 0.800655 0.147184 0.00117805 0.00936995
 0.0477689 0.0400403 0.762062 0.140089 0.0100396
 0.942322 0.00282793 0.00230637 0.0438958 0.00864761
pobs_PELACES
 0 0 0 0 0
 0 0 0 0 0
 0 0 0 0 0
 0 0 0 0 0
 0 0 0 0 0
 0 0 0 0 0
 0 0 0 0 0
 0 0 0 0 0
 0 0 0 0 0
 0 0 0 0 0
 0 0 0 0 0
 0 0 0 0 0
 0 0 0 0 0
 0 0 0 0 0
 0 0 0 0 0
 0 0 0 0 0
 0.505614 0.472636 0.0217494 0 0
 0 0 0 0 0
 0.443492 0.261883 0.143347 0.151278 0
 0.227955 0.32914 0.350689 0.0885471 0.00366901
 0.970185 0.0296113 0.000203453 0 0
 0.997202 0.00247181 0.000326279 0 0
 0.445219 0.490057 0.0546422 0.010081 0
 0.90214 0.0892962 0.00764917 0.000914606 0
 0 0 0 0 0
 0.581667 0.319106 0.0959925 0.00289975 0.000334073
 0.762889 0.0836404 0.116647 0.0363945 0.000428098
 0.88444 0.0763242 0.0277011 0.0115352 0
 0.521256 0.241999 0.230069 0.00667565 0
 0.616807 0.101726 0.260614 0.0208532 0
 0.833518 0.0704572 0.0857862 0.0102388 0
ppred_PELACES
 0.0101484 0.287282 0.382466 0.182172 0.13793
 0.945273 0.000559569 0.0157209 0.0209296 0.0175169
 0.015435 0.931142 0.000546235 0.0153463 0.0375304
 0.126536 0.0135991 0.813208 0.000477052 0.0461796
 0.999831 2.28998e-05 2.274e-06 0.000135982 7.80176e-06
 0.0493593 0.95048 2.17303e-05 2.15786e-06 0.00013644
 0.0139144 0.0488928 0.937035 2.14229e-05 0.000136638
 0.0334519 0.0137384 0.0472429 0.905414 0.000152727
 0.989846 0.000345025 0.000139425 0.000479448 0.00919021
 0.0504827 0.939969 0.000324426 0.000131101 0.00909233
 0.954331 0.00235865 0.0428749 1.47981e-05 0.00042071
 0.959734 0.0384416 9.42186e-05 0.00171268 1.73968e-05
 0.462757 0.515853 0.0204209 5.00505e-05 0.000919049
 0.895519 0.0488163 0.0534486 0.00211585 0.00010041
 0.865879 0.120449 0.00638807 0.00699424 0.000290018
 0.989096 0.00947507 0.00128284 6.80358e-05 7.75807e-05
 0.0207702 0.968651 0.00919295 0.00124464 0.000141281
 0.983351 0.000349141 0.0161238 0.000153023 2.30696e-05
 0.202933 0.783841 0.000277357 0.0128087 0.000139887
 0.0988053 0.18383 0.705461 0.000249623 0.0116538
 0.951137 0.00488375 0.00897104 0.034427 0.000580898
 0.833149 0.158758 0.000808851 0.00148579 0.00579805
 0.0120334 0.824211 0.155813 0.000793846 0.00714872
 0.903375 0.00117057 0.079633 0.0150543 0.00076739
 0.464574 0.483869 0.000624588 0.0424902 0.00844203
 0.110915 0.414143 0.429209 0.000554032 0.0451787
 0.932743 0.00751157 0.0278298 0.0288423 0.00307318
 0.834959 0.154004 0.00123264 0.00456684 0.0052373
 0.0419002 0.800415 0.14714 0.0011777 0.00936714
 0.0485976 0.0400055 0.761399 0.139967 0.0100308
 0.943347 0.00277766 0.00226538 0.0431156 0.00849392
pobs_pel_tallas
 0 0 0 0 0 0 0 0 0 0 0 0 0 0 0 0 0 0 0 0 0 0 0 0 0 0
 0 0 0 0 0 0 0 0 0 0 0 0 0 0 0 0 0 0 0 0 0 0 0 0 0 0
 0 0 0 0 0 0 0 0 0 0 0 0 0 0 0 0 0 0 0 0 0 0 0 0 0 0
 0 0 0 0 0 0 0 0 0 0 0 0 0 0 0 0 0 0 0 0 0 0 0 0 0 0
 0 0 0 0 0 0 0 0 0 0 0 0 0 0 0 0 0 0 0 0 0 0 0 0 0 0
 0 0 0 0 0 0 0 0 0 0 0 0 0 0 0 0 0 0 0 0 0 0 0 0 0 0
 0 0 0 0 0 0 0 0 0 0 0 0 0 0 0 0 0 0 0 0 0 0 0 0 0 0
 0 0 0 0 0 0 0 0 0 0 0 0 0 0 0 0 0 0 0 0 0 0 0 0 0 0
 0 0 0 0 0 0 0 0 0 0 0 0 0 0 0 0 0 0 0 0 0 0 0 0 0 0
 0 0 0 0 0 0 0 0 0 0 0 0 0 0 0 0 0 0 0 0 0 0 0 0 0 0
 0 0 0 0 0 0 0 0 0 0 0 0 0 0 0 0 0 0 0 0 0 0 0 0 0 0
 0 0 0 0 0 0 0 0 0 0 0 0 0 0 0 0 0 0 0 0 0 0 0 0 0 0
 0.00862536 0 0 0.000197151 0.00414017 0.0128641 0.00837892 0.0270097 0.101434 0.158115 0.152841 0.127902 0.109271 0.109419 0.0830992 0.0579132 0.0238553 0.00714673 0.00463305 0.00128148 0.00103504 0.000492878 0.000147863 0.000147863 4.92878e-05 0
 0 0 0 0 0 0 0 0 0 0 0 0 0 0 0 0 0 0 0 0 0 0 0 0 0 0
 0 0 0 0 0 0 0 0.0054083 0.00873648 0.0413646 0.0450493 0.0745869 0.0622846 0.0627006 0.0613931 0.0827291 0.12552 0.122667 0.0946155 0.0697135 0.0546179 0.0294188 0.0215738 0.0213955 0.0102223 0.00600262
 0 0 0 0 0.00359764 0.0251062 0.0480494 0.140153 0.205849 0.193036 0.1447 0.116669 0.0760912 0.0342217 0.00950174 0.001854 0.000860785 0 0 0 0.000165536 0 0.000143464 0 0 0
 0 0 0 0 0 0 0 0.000145254 0.000435761 0.0275982 0.070085 0.0708112 0.156366 0.174668 0.174014 0.160142 0.0824315 0.0480064 0.0283245 0.00493863 0.00203355 0 0 0 0 0
 0 0 0 0 0 0 0 0 0 0 0 0 0 0 0 0 0 0 0 0 0 0 0 0 0 0
 0 0 1.00437e-05 0.000401748 0.00122533 0.00171747 0.00176769 0.0269171 0.070346 0.194647 0.189555 0.159765 0.064822 0.0314167 0.0384472 0.0292271 0.0345202 0.0313363 0.0194345 0.0106764 0.0143323 0.0359363 0.0279516 0.0138201 0.00172751 0
 0 0.0021121 0.0136068 0.0755702 0.200478 0.177729 0.0527432 0.0373336 0.0318909 0.0142505 0.0149659 0.0166563 0.0217959 0.0798694 0.0677717 0.0528807 0.04013 0.0224614 0.0357745 0.0225083 0.00881397 0.00855152 0.00135912 0.000746735 0 0
 0 0 0 0 5.4009e-05 0.00500934 0.000945158 0.0243581 0.138947 0.33067 0.221406 0.137944 0.0707744 0.0437923 0.0131692 0.00525238 0.0047753 0.00276346 9.45158e-05 9.00151e-06 2.25038e-05 9.00151e-06 4.50075e-06 0 0 0
 0.000866109 0.00284123 0.00948549 0.0512746 0.133035 0.25785 0.225252 0.132002 0.0553304 0.0519788 0.0540692 0.017754 0.00435017 0.00159236 0.00146478 0.000404838 0.000125132 0.000115318 0.000107957 0.000100596 0 0 0 0 0 0
 0 0 0 0 0.00144013 0.00171154 0.00461396 0.0210425 0.0478622 0.0707936 0.0888783 0.103762 0.0637923 0.0337046 0.0602308 0.124433 0.169614 0.0934646 0.0462172 0.0250306 0.0313229 0.00938855 0.002487 0.000210481 0 0
 0 0.00764035 0.051015 0.0998891 0.058973 0.0496711 0.0374665 0.0718981 0.12319 0.153886 0.159021 0.0857701 0.0377988 0.023471 0.0147837 0.00900784 0.00315554 0.000888139 0.00291439 0.00214683 0.00393193 0.00274676 0.000635225 9.99891e-05 0 0
 0 0 0 0 0 0 0 0 0 0 0 0 0 0 0 0 0 0 0 0 0 0 0 0 0 0
 0 0 0 0 0 0 0 0 0 0 0 0 0 0 0 0 0 0 0 0 0 0 0 0 0 0
 0 0 0 0 0 0 0 0 0 0 0 0 0 0 0 0 0 0 0 0 0 0 0 0 0 0
 0 0 0 0 0 0 0 0 0 0 0 0 0 0 0 0 0 0 0 0 0 0 0 0 0 0
 0 0 0 0 0 0 0 0 0 0 0 0 0 0 0 0 0 0 0 0 0 0 0 0 0 0
 0 0 0 0 0 0 0 0 0 0 0 0 0 0 0 0 0 0 0 0 0 0 0 0 0 0
 0 0 0 0 0 0 0 0 0 0 0 0 0 0 0 0 0 0 0 0 0 0 0 0 0 0
ppred_pel_tallas
 1.52722e-16 8.35976e-07 8.12601e-06 5.40015e-05 0.000245501 0.000763995 0.00162881 0.00238323 0.00241153 0.00176742 0.00123121 0.00160311 0.00349284 0.00761916 0.0147652 0.0252317 0.0383111 0.0523943 0.0658775 0.0782287 0.0901851 0.102719 0.115607 0.12686 0.133509 0.133101
 1.05518e-16 7.78609e-05 0.000756836 0.00502944 0.0228631 0.0711356 0.151562 0.221209 0.221209 0.151562 0.0711372 0.0228683 0.00504432 0.000795724 0.00017111 0.000212387 0.000427623 0.000823894 0.00148258 0.00248628 0.00387787 0.00561704 0.0075512 0.00942243 0.0109189 0.0117581
 1.08144e-16 1.27155e-06 1.236e-05 8.2141e-05 0.000373456 0.00116244 0.00248001 0.00363842 0.00372797 0.00291746 0.00263067 0.00461163 0.0107109 0.0231834 0.0439147 0.0723581 0.10368 0.129237 0.140254 0.132767 0.110117 0.0808968 0.0540443 0.034788 0.023755 0.0186551
 1.31334e-16 1.04226e-05 0.000101311 0.00067325 0.0030605 0.00952236 0.0202885 0.0296121 0.0296147 0.0203016 0.00957018 0.00321466 0.00112068 0.00127773 0.00282855 0.00617891 0.0124291 0.0229616 0.0389186 0.060406 0.0856751 0.110844 0.130675 0.140347 0.137433 0.122935
 1.00016e-16 8.23548e-05 0.000800518 0.00531972 0.0241827 0.0752413 0.16031 0.233976 0.233976 0.16031 0.0752413 0.0241828 0.00532 0.000801129 8.35521e-05 7.86877e-06 3.53553e-06 4.71629e-06 6.48041e-06 8.78202e-06 1.19289e-05 1.61427e-05 2.12816e-05 2.66921e-05 3.13169e-05 3.40426e-05
 1.00267e-16 4.06586e-06 3.95217e-05 0.00026264 0.00119398 0.0037154 0.00791944 0.0115778 0.0116692 0.00836589 0.00521382 0.00551906 0.0111084 0.0236803 0.044797 0.0737761 0.105629 0.131469 0.142243 0.133787 0.10939 0.0777557 0.0480526 0.0258247 0.0120784 0.00492801
 1.27079e-16 1.14612e-06 1.11407e-05 7.40342e-05 0.000336552 0.00104717 0.00223133 0.00325796 0.0032641 0.00226204 0.00115441 0.000664502 0.000965754 0.00218387 0.00478771 0.00962777 0.0178423 0.0306658 0.0490084 0.0727249 0.0997822 0.125915 0.145409 0.153073 0.146489 0.127222
 1.92194e-16 2.7554e-06 2.67834e-05 0.000177985 0.000809097 0.00251741 0.00536367 0.00782878 0.0078305 0.00537226 0.00254756 0.000902236 0.000435813 0.000674012 0.00149662 0.00321625 0.00653366 0.0125988 0.0230358 0.0397038 0.0640242 0.0959467 0.132979 0.169933 0.199872 0.216171
 1.01608e-16 8.15323e-05 0.000792523 0.00526659 0.0239412 0.0744899 0.158709 0.23164 0.23164 0.158709 0.0744905 0.0239429 0.00527112 0.000802943 0.000103035 4.62908e-05 7.20239e-05 0.000122448 0.000205858 0.000342421 0.000556658 0.000867965 0.00127712 0.00175441 0.00223681 0.00263908
 1.01802e-16 4.15839e-06 4.04211e-05 0.000268617 0.00122115 0.00379993 0.00809949 0.0118404 0.0119308 0.00854102 0.00528183 0.00549859 0.0109951 0.0234216 0.044307 0.0729741 0.104494 0.130088 0.140821 0.132593 0.108679 0.0777029 0.0487277 0.0272065 0.0140749 0.0073883
 1.01311e-16 7.8607e-05 0.000764088 0.00507763 0.0230822 0.0718172 0.153014 0.223329 0.223329 0.153016 0.0718223 0.0230977 0.00511984 0.0008666 0.000303561 0.000456047 0.000831545 0.00142309 0.00226712 0.00335721 0.0046018 0.00580757 0.00671423 0.00708357 0.00680235 0.00593805
 1.00188e-16 7.9052e-05 0.000768414 0.00510638 0.0232129 0.0722239 0.153881 0.224594 0.224598 0.153899 0.0722845 0.0233879 0.00554523 0.00172513 0.00189229 0.00299348 0.00428194 0.00533761 0.00579297 0.005483 0.00454332 0.00332564 0.00219576 0.0013679 0.000869513 0.000611767
 1.00882e-16 3.81168e-05 0.000370509 0.00246216 0.0111927 0.0348248 0.0741998 0.108307 0.108357 0.0744423 0.0356387 0.0135423 0.00835581 0.013222 0.024403 0.0401712 0.0576013 0.071879 0.0781211 0.0740704 0.0614661 0.0449313 0.0293069 0.0174795 0.00993592 0.00568099
 1.01785e-16 7.37627e-05 0.000717 0.00476472 0.0216597 0.0673914 0.143585 0.209567 0.209572 0.143608 0.0674701 0.0218879 0.00534099 0.00198636 0.00251763 0.00413142 0.00614361 0.00813839 0.00972896 0.0107098 0.0111279 0.0111617 0.010924 0.0103751 0.00940938 0.00800835
 1.00966e-16 7.13213e-05 0.000693269 0.00460701 0.0209428 0.065161 0.138833 0.202633 0.202644 0.138889 0.0653511 0.0214918 0.00598438 0.00369768 0.00577029 0.00940863 0.0135053 0.0168984 0.0184596 0.0176767 0.0149636 0.0113921 0.00806415 0.00560554 0.0040725 0.00318338
 1.0006e-16 8.14706e-05 0.000791923 0.00526261 0.023923 0.0744335 0.158588 0.231465 0.231466 0.158593 0.0744485 0.0239663 0.00537119 0.00102893 0.000531488 0.000749399 0.00107082 0.00134456 0.00147761 0.0014286 0.0012276 0.00095507 0.000693766 0.000490846 0.000351962 0.000259411
 1.00662e-16 1.71102e-06 1.66318e-05 0.000110529 0.000502505 0.00156398 0.00333566 0.00488803 0.00498118 0.00379073 0.00309134 0.00491134 0.0111671 0.024119 0.0456762 0.075246 0.107776 0.134229 0.145396 0.137036 0.112482 0.080557 0.0505419 0.0280258 0.014001 0.00655278
 1.00485e-16 8.09973e-05 0.000787323 0.00523204 0.0237841 0.0740011 0.157667 0.23012 0.23012 0.157667 0.0740022 0.0237875 0.00524178 0.000812515 0.000140299 0.000133497 0.000253399 0.000461359 0.000773142 0.00118853 0.00167114 0.00214309 0.00250095 0.00265159 0.00255163 0.00222761
 1.01517e-16 1.67155e-05 0.000162481 0.00107975 0.00490842 0.0152723 0.0325421 0.0475119 0.0475873 0.0329103 0.0165081 0.00847561 0.0100253 0.0196624 0.0369674 0.0608704 0.0871757 0.10856 0.117584 0.110838 0.091055 0.0654136 0.04144 0.0236338 0.0127277 0.00707224
 1.22403e-16 8.13851e-06 7.91092e-05 0.000525709 0.00238981 0.00743568 0.0158432 0.0231275 0.0231463 0.0159354 0.00774825 0.00330591 0.00287533 0.00537365 0.0105462 0.018676 0.0298094 0.0435081 0.0590767 0.0757884 0.0926502 0.107818 0.118408 0.121332 0.11485 0.0997424
 1.03812e-16 7.83439e-05 0.000761531 0.00506064 0.0230049 0.0715769 0.152502 0.222581 0.222582 0.152505 0.0715851 0.0230291 0.0051228 0.00090204 0.00035997 0.000511722 0.000830219 0.00126946 0.00185643 0.00264429 0.00368676 0.00498681 0.00644438 0.00784392 0.00890369 0.00937078
 1.01195e-16 6.86254e-05 0.000667063 0.00443287 0.0201512 0.062698 0.133585 0.194975 0.19499 0.13366 0.0629483 0.0208738 0.00624518 0.00461799 0.0075565 0.0123431 0.0176797 0.0220368 0.0239123 0.0226265 0.0187437 0.0137245 0.00909082 0.00573801 0.00378354 0.00285185
 1.05997e-16 9.91344e-07 9.63629e-06 6.40404e-05 0.000291167 0.000906356 0.00193402 0.00283942 0.00291892 0.00232246 0.00221076 0.00405934 0.00952495 0.0206702 0.03926 0.0649554 0.0936858 0.118036 0.1304 0.127194 0.110923 0.0883639 0.066437 0.0490127 0.0365022 0.0274783
 1.03939e-16 7.44098e-05 0.00072329 0.00480651 0.0218497 0.0679826 0.144844 0.211404 0.211404 0.144845 0.0679871 0.0218644 0.00484968 0.00083811 0.0003529 0.0006236 0.00126012 0.00235655 0.00404345 0.0063549 0.00913436 0.0119944 0.0143821 0.0157536 0.015782 0.0144882
 1.05832e-16 3.82665e-05 0.000371964 0.00247183 0.0112366 0.0349615 0.074491 0.108731 0.108778 0.0747183 0.0357247 0.0134398 0.00799782 0.0124211 0.0228809 0.0376621 0.054014 0.0674492 0.0734517 0.0700099 0.0588872 0.0445301 0.0314928 0.0223341 0.0171903 0.014715
 1.20193e-16 9.13604e-06 8.88056e-05 0.000590146 0.00268274 0.00834723 0.0177861 0.0259679 0.0260084 0.0179843 0.00901413 0.00461631 0.00547127 0.0108355 0.0206858 0.0348774 0.0518544 0.068562 0.0817624 0.0897763 0.093141 0.093573 0.0922308 0.0888796 0.0825318 0.0727236
 1.04218e-16 7.68288e-05 0.000746803 0.00496277 0.02256 0.0701927 0.149553 0.218277 0.218278 0.149557 0.0702056 0.0225982 0.00506125 0.000970763 0.000529023 0.000824759 0.00135288 0.00207336 0.00300972 0.00419884 0.00565625 0.00731832 0.00900003 0.010414 0.0112577 0.0113256
 1.0142e-16 6.87745e-05 0.000668513 0.0044425 0.020195 0.0628342 0.133875 0.195398 0.195413 0.133948 0.063077 0.0208961 0.00620097 0.00450241 0.00733591 0.0119823 0.0171701 0.0214183 0.0232755 0.0220882 0.0184067 0.0136453 0.00926926 0.00612861 0.004315 0.00344527
 1.06155e-16 3.45143e-06 3.35492e-05 0.00022295 0.00101355 0.00315393 0.00672263 0.00982806 0.00990525 0.00709983 0.00442056 0.00467251 0.0094094 0.0200939 0.0381195 0.0630583 0.0909355 0.114544 0.126494 0.123314 0.107451 0.0855139 0.0642476 0.0474262 0.0354414 0.0268752
 1.37717e-16 4.00293e-06 3.89099e-05 0.00025857 0.00117543 0.00365721 0.00779226 0.0113741 0.0113791 0.00781762 0.00374591 0.00144724 0.000999867 0.00185273 0.00402276 0.00814455 0.0152375 0.0264948 0.0429304 0.0647437 0.0905379 0.116877 0.138763 0.151178 0.151037 0.13849
 1.05828e-16 7.77023e-05 0.000755294 0.00501919 0.0228165 0.0709907 0.151253 0.220758 0.220759 0.151255 0.0709955 0.0228308 0.00505617 0.000840387 0.000253099 0.000334543 0.000574584 0.000955137 0.00154289 0.00243614 0.00373099 0.00546003 0.0075246 0.00966379 0.0114947 0.0126225
pSPR Fmed_Fpbrs
0.393181   0.191783 0.191783
Fs Fmed_Fpbrs
0.514014   1.005 1.005
SSBpbr Bo_Bmed_Bpbrs
1.67297e+06  574131  237199 237199
Ro
26122.8
SPR SPRFo_SPRFmed_SPRFpbrs
186724 73416.1 35810.4
Fref
1.005
Nvult_r0
 108443 340.359 277.587 5283.14 1040.8
CTP_r0
 36020.5 121.48 99.0753 1885.64 371.477
YTP_r0
390828
Np
 117818 31252.2 91.1242 74.3183 1713.17
Nvult_p0
 100207 27043.8 78.8534 64.3106 1482.47
CTP_p0
 47483.9 13555.6 39.525 32.2355 743.085
YTP_p0
 602736
CBA_c0
454400
log_Ro
9.99056
likeval ReclasPelacesDesembMPH_pf_preclas_ppelaces_ptallas_desvR_qrecl_qpela
 25.8598 80.9027 0.646517 0.00175355 501.088 175.409 159.211 0 268.231 2.09159e-05 0 0.978414 0 0 0
q_reclas_q_pelaces
1.91184 1
M
1
N
 750.711 22050.8 29356.8 13982.9 10587
 304020 188.104 5284.71 7035.67 5888.45
 1121.61 70632.1 41.4349 1164.1 2846.88
 1669.9 264.022 15788.2 9.2618 896.562
 480409 11.1004 1.10229 65.9155 3.78181
 8183.35 161279 3.68721 0.366148 23.1513
 605.818 2365.53 45335.6 1.03648 6.61079
 167.501 74.4437 255.993 4906.13 0.827573
 74123.4 27.1109 10.9556 37.6734 722.136
 789.606 16531.3 5.70571 2.30568 159.908
 33339.9 85.8313 1560.22 0.538502 15.3096
 189189 8025.3 19.6696 357.55 3.63186
 31499.7 38332.7 1517.46 3.71923 68.294
 74694.4 4655.81 5097.61 201.797 9.57654
 42951.3 6819.07 361.653 395.97 16.419
 398777 3998.33 541.336 28.71 32.7378
 1866.45 91313.1 866.604 117.33 13.3183
 1.15619e+06 417.404 19276.3 182.941 27.58
 89722.9 357711 126.574 5845.36 63.8385
 11991.9 23746.6 91129.5 32.2456 1505.41
 432571 2307.06 4237.88 16263.2 274.413
 541324 107226 546.304 1003.51 3916.04
 1879.68 133097 25161.5 128.194 1154.41
 370733 489.462 33297.7 6294.77 320.875
 105217 112272 144.923 9858.97 1958.8
 7759.5 30094.6 31189.5 40.26 3283.01
 231768 1923.23 7125.41 7384.64 786.842
 333087 62447.9 499.83 1851.83 2123.7
 5315.84 103399 19007.7 152.137 1210.06
 1881.38 1620.76 30846.9 5670.57 406.384
 139695 431.484 351.906 6697.6 1319.45
pred_Ctot
 156.108 5029.49 6695.89 3189.32 2414.76
 73490.3 49.7214 1396.91 1859.74 1556.49
 264.71 18238 10.6989 300.583 735.097
 1327.93 214.93 12852.5 7.53966 729.855
 26753.8 0.686818 0.0682026 4.07841 0.233993
 1130.19 24580.3 0.561964 0.0558042 3.52847
 277.921 1160.84 22247.5 0.508632 3.24411
 63.2969 30.3558 104.386 2000.56 0.337458
 19209.5 7.67046 3.09964 10.6589 204.313
 386.637 8628.58 2.97811 1.20346 83.4643
 7539.41 21.2548 386.364 0.133352 3.79119
 56361 2600.54 6.37381 115.862 1.17688
 12803.2 16762 663.549 1.62633 29.8633
 39519.3 2613.59 2861.6 113.281 5.3759
 22546.1 3799.78 201.523 220.646 9.14914
 98887.7 1083.57 146.706 7.78061 8.87216
 481.555 25723.3 244.126 33.0524 3.75182
 117859 47.0967 2174.99 20.6417 3.11192
 16343.4 71632.8 25.3468 1170.55 12.7839
 3809.02 8188.7 31424.7 11.1194 519.12
 92089.4 538.478 989.14 3795.9 64.0493
 117246 25454 129.684 238.22 929.611
 357.022 27773.1 5250.38 26.7499 240.888
 42095.9 61.4583 4180.96 790.391 40.2901
 15105 17778.5 22.9488 1561.19 310.18
 1652.31 7025.87 7281.48 9.39907 766.45
 40206.6 367.066 1359.95 1409.43 150.176
 33341.4 6920.09 55.388 205.209 235.335
 584.204 12569.7 2310.67 18.4945 147.101
 465.266 438.066 8337.43 1532.66 109.839
 36020.5 121.48 99.0753 1885.64 371.477
F
 0.384028 0.428531 0.428531 0.428531 0.428531
 0.459609 0.51287 0.51287 0.51287 0.51287
 0.446484 0.498225 0.498225 0.498225 0.498225
 4.01354 4.47864 4.47864 4.47864 4.47864
 0.0915047 0.102109 0.102109 0.102109 0.102109
 0.241101 0.269041 0.269041 0.269041 0.269041
 1.09654 1.22361 1.22361 1.22361 1.22361
 0.821049 0.916196 0.916196 0.916196 0.916196
 0.500474 0.558471 0.558471 0.558471 0.558471
 1.21915 1.36043 1.36043 1.36043 1.36043
 0.424155 0.473307 0.473307 0.473307 0.473307
 0.596442 0.665561 0.665561 0.665561 0.665561
 0.911863 1.01753 1.01753 1.01753 1.01753
 1.39368 1.55519 1.55519 1.55519 1.55519
 1.37419 1.53344 1.53344 1.53344 1.53344
 0.474108 0.52905 0.52905 0.52905 0.52905
 0.497737 0.555417 0.555417 0.555417 0.555417
 0.173163 0.19323 0.19323 0.19323 0.19323
 0.329285 0.367444 0.367444 0.367444 0.367444
 0.648257 0.723379 0.723379 0.723379 0.723379
 0.394802 0.440553 0.440553 0.440553 0.440553
 0.402936 0.449629 0.449629 0.449629 0.449629
 0.345551 0.385595 0.385595 0.385595 0.385595
 0.194559 0.217105 0.217105 0.217105 0.217105
 0.251677 0.280843 0.280843 0.280843 0.280843
 0.394914 0.440678 0.440678 0.440678 0.440678
 0.311405 0.347492 0.347492 0.347492 0.347492
 0.169809 0.189487 0.189487 0.189487 0.189487
 0.187794 0.209557 0.209557 0.209557 0.209557
 0.47253 0.527288 0.527288 0.527288 0.527288
 0.497369 0.555006 0.555006 0.555006 0.555006
YTP_r0W_actual
 306174 1980.12 2863.27 65620.2 14190.4
YTP_p0W_proyectada
 357079 218517 924.095 950.946 25264.9
CTP_r0_actual
 36020.5 121.48 99.0753 1885.64 371.477
CTP_p0_proyectada
 47483.9 13555.6 39.525 32.2355 743.085
Wmedp
 7.52 16.12 23.38 29.5 34
Frms_r0
 0.497369 0.555006 0.555006 0.555006 0.555006
Zrms_r0
 1.49737 1.55501 1.55501 1.55501 1.55501
nmprior
 8.19 8.8 8.5 0
nm_flota  nm_reclas  nm_pelaces    nm_pelaL
0 4.51872 2.62388 3.50451
cv_recla  cv_pelaces  cv_mph
0.459978 1.01989 1.2923
 ------------------------------------------------
Talla a la edad & desviaci?n 
 8 13.2811 15.8009 17.003 17.5766
 0.8 1.32811 1.58009 1.7003 1.75766
