years
 1991 1992 1993 1994 1995 1996 1997 1998 1999 2000 2001 2002 2003 2004 2005 2006 2007 2008 2009 2010 2011 2012 2013 2014 2015 2016 2017 2018 2019 2020 2021
reclasobs
 0 0 0 0 0 0 0 0 0 252601 567819 844713 477998 351125 339783 2.1784e+06 2.13404e+06 4.81314e+06 1.55562e+06 2.62356e+06 3.21686e+06 3.843e+06 1.13348e+06 3.07943e+06 1.97215e+06 2.03268e+06 2.025e+06 2.42433e+06 2.27542e+06 1.05018e+06 2.36338e+06
reclaspred
 2.54048e+06 921638 531265 266032 30203 944991 299301 60748.5 401969 141776 193723 523913 384171 277702 197526 1.12869e+06 726208 4.07055e+06 2.60745e+06 957359 2.23789e+06 2.14404e+06 1.21857e+06 2.64467e+06 1.6354e+06 855779 1.48167e+06 2.27387e+06 1.64408e+06 620710 870630
pelacesobs
 0 0 0 0 0 0 0 0 0 0 0 0 0 0 0 552880 188675 0 991730 2.46772e+06 1.41603e+06 1.21717e+06 2.29649e+06 1.80582e+06 0 1.4828e+06 1.56532e+06 1.57751e+06 1.42118e+06 867257 1.10002e+06
pelacespred
 1.25111e+06 474076 230713 73226.8 6855.85 415725 91656.9 23044 168498 46918.8 85636.4 199673 150094 111172 76564.9 428705 275026 1.95775e+06 1.21777e+06 453677 992981 922498 529886 1.34357e+06 799179 410929 811957 1.2037e+06 729848 330384 413790
mphobs
 0 0 0 0 0 0 0 0 0 0 0 498337 0 5186 125008 0 168611 109162 213762 579715 649985 157893 87575 83554 0 0 0 0 0 0 0
mphpred
 2.76094e+06 1.29969e+06 342228 294890 69414.8 5110.88 470525 86340 20828.1 196164 40603.6 120765 281029 145885 78844.3 73801.5 712057 400805 2.51894e+06 1.25909e+06 566189 1.16573e+06 1.26099e+06 719399 1.4988e+06 913973 423370 759233 1.58306e+06 839257 276062
desembarqueobs
 494567 514787 250237 358949 120608 361735 552515 73892 212993 205616 52469 317467 293654 387597 252695 516296 358380 742168 942051 627588 828172 859565 418607 520667 417249 300574 415391 372974 316634 284311 391294
desembarquepred
 494521 514601 249780 358456 120449 361477 551566 73844.9 212810 205363 52452.4 317164 293291 386815 252333 515872 358222 741791 940819 626348 827556 858701 418338 520435 416936 300293 415115 372783 316456 284048 391018
Reclutas
 2208.9 1341.31 209314 3781.24 1457.13 289415 1757.07 473.539 76501.8 2315.32 55203 181958 59190.9 70884.1 46996.5 433759 4786.33 1.14449e+06 152140 28200 471027 570628 5203.41 377261 146402 17401.8 259633 358815 11202.1 4349.17 159717
log_desv_Rt
 -2.80678 -3.30563 1.74456 -2.26922 -3.22281 2.06859 -3.03563 -4.3468 0.73804 -2.75973 0.411743 1.6045 0.481493 0.661771 0.250799 2.47322 -2.03351 3.44344 1.42553 -0.259954 2.55564 2.74746 -1.94996 2.33366 1.38708 -0.742704 1.95999 2.28353 -1.18317 -2.12929 1.47413
SSB
 2.76094e+06 1.29969e+06 342228 294890 69414.8 5110.88 470525 86340 20828.1 196164 40603.6 120765 281029 145885 78844.3 73801.5 712057 400805 2.51894e+06 1.25909e+06 566189 1.16573e+06 1.26099e+06 719399 1.4988e+06 913973 423370 759233 1.58306e+06 839257 276062
BT
 3.34203e+06 1.65854e+06 770811 426484 125743 1.2799e+06 701448 124040 577902 289590 243405 722317 602854 660815 429501 1.39594e+06 918378 5.17996e+06 3.68889e+06 1.70281e+06 3.01907e+06 2.89271e+06 1.5843e+06 3.5921e+06 2.24206e+06 1.23587e+06 2.31506e+06 3.14334e+06 1.94644e+06 1.07534e+06 1.34214e+06
Ftot
 0.183869 0.509147 0.512212 1.1319 2.52965 0.476523 1.45477 1.03849 0.642547 1.20545 0.325299 0.689448 0.752873 1.40189 1.33867 0.555822 0.455322 0.224618 0.349431 0.600886 0.423744 0.433021 0.320992 0.229651 0.255086 0.334119 0.327975 0.191471 0.182659 0.424102 0.516916
BD_Bspro_t
 0.97101 0.767082 0.461562 0.44849 0.134428 0.0171243 0.477896 0.128896 0.0520504 0.348398 0.139811 0.436872 0.456596 0.267216 0.160933 0.159709 0.513239 0.372762 0.721353 0.533218 0.325373 0.491636 0.532047 0.432854 0.635103 0.577789 0.46656 0.627613 0.752082 0.619978 0.409805
BD_Bspro
 10.5617 4.97181 1.30915 1.12807 0.265538 0.0195511 1.79994 0.330283 0.0796754 0.750402 0.155324 0.461974 1.07504 0.558067 0.30161 0.282319 2.72389 1.53323 9.63589 4.81652 2.16589 4.45936 4.82376 2.75198 5.7335 3.4963 1.61955 2.90436 6.05583 3.21048 1.05604
BD_Bo
 1.52728 0.718954 0.189312 0.163125 0.0383985 0.00282721 0.260283 0.047761 0.0115216 0.108513 0.0224609 0.0668043 0.155458 0.0806999 0.0436146 0.0408251 0.393891 0.221715 1.39341 0.696498 0.313201 0.644852 0.697545 0.397953 0.829099 0.505586 0.234197 0.419988 0.87571 0.464255 0.15271
BD_Brms
 8.79747 4.14133 1.09048 0.939638 0.221184 0.0162853 1.49928 0.275114 0.0663667 0.625058 0.129379 0.384807 0.895473 0.464849 0.25123 0.235161 2.2689 1.27713 8.02635 4.01198 1.80411 3.71449 4.01801 2.2923 4.77579 2.91229 1.34903 2.41922 5.04428 2.67421 0.879644
Sel_flota
 0.7434 1 1 1 1
 0.7434 1 1 1 1
 0.7434 1 1 1 1
 0.7434 1 1 1 1
 0.7434 1 1 1 1
 0.7434 1 1 1 1
 0.7434 1 1 1 1
 0.7434 1 1 1 1
 0.7434 1 1 1 1
 0.7434 1 1 1 1
 0.7434 1 1 1 1
 0.7434 1 1 1 1
 0.7434 1 1 1 1
 0.7434 1 1 1 1
 0.7434 1 1 1 1
 0.7434 1 1 1 1
 0.7434 1 1 1 1
 0.7434 1 1 1 1
 0.7434 1 1 1 1
 0.7434 1 1 1 1
 0.7434 1 1 1 1
 0.7434 1 1 1 1
 0.7434 1 1 1 1
 0.7434 1 1 1 1
 0.7434 1 1 1 1
 0.7434 1 1 1 1
 0.7434 1 1 1 1
 0.7434 1 1 1 1
 0.7434 1 1 1 1
 0.7434 1 1 1 1
 0.7434 1 1 1 1
Sel_reclas
 1 1 1 1 1
 1 1 1 1 1
 1 1 1 1 1
 1 1 1 1 1
 1 1 1 1 1
 1 1 1 1 1
 1 1 1 1 1
 1 1 1 1 1
 1 1 1 1 1
 1 1 1 1 1
 1 1 1 1 1
 1 1 1 1 1
 1 1 1 1 1
 1 1 1 1 1
 1 1 1 1 1
 1 1 1 1 1
 1 1 1 1 1
 1 1 1 1 1
 1 1 1 1 1
 1 1 1 1 1
 1 1 1 1 1
 1 1 1 1 1
 1 1 1 1 1
 1 1 1 1 1
 1 1 1 1 1
 1 1 1 1 1
 1 1 1 1 1
 1 1 1 1 1
 1 1 1 1 1
 1 1 1 1 1
 1 1 1 1 1
Sel_pelaces
 1 1 1 1 1
 1 1 1 1 1
 1 1 1 1 1
 1 1 1 1 1
 1 1 1 1 1
 1 1 1 1 1
 1 1 1 1 1
 1 1 1 1 1
 1 1 1 1 1
 1 1 1 1 1
 1 1 1 1 1
 1 1 1 1 1
 1 1 1 1 1
 1 1 1 1 1
 1 1 1 1 1
 1 1 1 1 1
 1 1 1 1 1
 1 1 1 1 1
 1 1 1 1 1
 1 1 1 1 1
 1 1 1 1 1
 1 1 1 1 1
 1 1 1 1 1
 1 1 1 1 1
 1 1 1 1 1
 1 1 1 1 1
 1 1 1 1 1
 1 1 1 1 1
 1 1 1 1 1
 1 1 1 1 1
 1 1 1 1 1
pf_obs 
 0.8446 0.082 0.0669 0.0065 0
 0.8095 0.147 0.0364 0.0071 0
 0.9664 0.0169 0.016 0.0007 0
 0.9276 0.0648 0.0075 0.0001 0
 0.7033 0.2144 0.0806 0.0017 0
 0.9318 0.0425 0.0243 0.0014 0
 0.5671 0.3108 0.0964 0.0239 0.0018
 0.0768 0.2599 0.5324 0.112 0.0189
 0.490249 0.384438 0.106611 0.0170017 0.00170017
 0.7925 0.1577 0.0466 0.003 0.0002
 0.840416 0.127587 0.0312969 0.00059994 9.999e-05
 0.8084 0.0986 0.0794 0.0134 0.0002
 0.7335 0.1905 0.0724 0.0035 0.0001
 0.4001 0.4547 0.1325 0.0127 0
 0.49795 0.308269 0.164784 0.0264974 0.00249975
 0.9179 0.0499 0.0305 0.0017 0
 0.2467 0.6533 0.0926 0.0074 0
 0.9418 0.0223 0.034 0.0019 0
 0.707729 0.231977 0.0356964 0.0245975 0
 0.517169 0.277429 0.184464 0.0207286 0.00020938
 0.811772 0.124168 0.05621 0.00726502 0.000585176
 0.764997 0.148141 0.077277 0.00933861 0.000247198
 0.163321 0.427699 0.378323 0.0303852 0.000271297
 0.753843 0.0900009 0.118128 0.0371064 0.000921714
 0.721811 0.176058 0.0630433 0.0369309 0.00215725
 0.143369 0.312575 0.442814 0.0836902 0.0175525
 0.692698 0.0596174 0.167031 0.0765114 0.00414204
 0.394062 0.376323 0.152708 0.0712218 0.00568511
 0.125707 0.32114 0.495352 0.0537591 0.00404204
 0.23352 0.215282 0.420074 0.123614 0.00750983
 0.774587 0.0839891 0.0768558 0.0609784 0.00358967
pf_pred 
 0.00991175 0.196929 0.708466 0.084693 4.19862e-07
 0.0198051 0.0133899 0.192298 0.691806 0.0827017
 0.93269 0.00192611 0.000893166 0.0128271 0.0516633
 0.0532632 0.902107 0.00127712 0.00059222 0.0427608
 0.152922 0.071047 0.739448 0.00104684 0.035536
 0.99871 0.000361994 7.78392e-05 0.00081014 4.00803e-05
 0.0193435 0.979784 0.000244906 5.26619e-05 0.000575214
 0.05499 0.0311892 0.913008 0.000228215 0.000585084
 0.984614 0.00131009 0.000464549 0.0135988 1.21137e-05
 0.0978046 0.892839 0.000796665 0.000282493 0.00827683
 0.948748 0.00777583 0.0430257 3.83911e-05 0.000412472
 0.897191 0.0990277 0.000573687 0.00317436 3.32639e-05
 0.52264 0.443549 0.0325674 0.000188669 0.0010549
 0.748576 0.157047 0.0876919 0.00643874 0.000245859
 0.780693 0.18335 0.0224594 0.0125409 0.00095597
 0.978579 0.0183706 0.00254991 0.000312351 0.000187705
 0.0335824 0.952232 0.0121655 0.00168861 0.000331149
 0.970735 0.00139924 0.0274571 0.000350784 5.82386e-05
 0.243511 0.740455 0.000766587 0.0150426 0.000224087
 0.139052 0.270115 0.578312 0.000598721 0.0119236
 0.91396 0.0166047 0.0217848 0.0466409 0.00100993
 0.766753 0.218911 0.00276665 0.00362975 0.00793953
 0.0212256 0.808042 0.160239 0.00202515 0.00846852
 0.849974 0.00446278 0.120172 0.0238307 0.00156062
 0.458737 0.480408 0.00181024 0.0487453 0.0102995
 0.140108 0.466473 0.349186 0.00131578 0.0429169
 0.882274 0.0220793 0.0518865 0.0388405 0.00492007
 0.768637 0.21143 0.00373838 0.00878521 0.00740936
 0.0574037 0.774322 0.153777 0.00271899 0.0117786
 0.0678936 0.0724161 0.706217 0.140251 0.0132225
 0.910266 0.00850574 0.00631068 0.0615431 0.0133744
pobs_RECLAS
 0 0 0 0 0
 0 0 0 0 0
 0 0 0 0 0
 0 0 0 0 0
 0 0 0 0 0
 0 0 0 0 0
 0 0 0 0 0
 0 0 0 0 0
 0 0 0 0 0
 0 0 0 0 0
 0.991045 0.00858322 0.000360255 1.14367e-05 0
 0.934742 0.0480273 0.0164251 0.00080598 0
 0.827803 0.169806 0.00239088 0 0
 0.941827 0.0461693 0.0120037 0 0
 0.791401 0.0380133 0.147996 0.0225897 0
 0.846168 0.0940531 0.0597789 0 0
 0.134021 0.677848 0.182769 0.00536245 0
 0.80878 0.0450904 0.141981 0.00414843 0
 0.846168 0.0940531 0.0597789 0 0
 0.905697 0.0802665 0.012482 0.00150086 5.37128e-05
 0.989698 0.0102097 9.19794e-05 0 0
 0.975433 0.0193895 0.00387452 0.00125025 5.28907e-05
 0.303575 0.632131 0.0575291 0.00676475 0
 0.966965 0.00978017 0.0227588 0.000495775 0
 0.843318 0.132988 0.00938335 0.0141283 0.000182051
 0.564624 0.303363 0.111486 0.0197234 0.00080311
 0.826376 0.0876187 0.0782897 0.00655872 0.00115652
 0.89761 0.0855135 0.0140674 0.00269457 0.000114338
 0.34875 0.467042 0.161289 0.0227151 0.000203297
 0.318654 0.224769 0.449479 0.00709798 0
 0.937255 0.0296025 0.0250945 0.00804832 0
ppred_RECLAS
 0.0133462 0.196245 0.706009 0.0843992 4.18405e-07
 0.0268547 0.0132936 0.190915 0.68683 0.0821069
 0.949818 0.001436 0.000665895 0.00956321 0.0385173
 0.0733677 0.88295 0.00125 0.000579644 0.0418528
 0.219939 0.0654261 0.680946 0.000964022 0.0327246
 0.999054 0.000265467 5.7083e-05 0.000594112 2.93927e-05
 0.0275395 0.971595 0.000242859 5.22217e-05 0.000570406
 0.0753285 0.030518 0.893358 0.000223303 0.000572491
 0.988749 0.000958056 0.000339721 0.00994472 8.85866e-06
 0.132865 0.858143 0.000765706 0.000271515 0.00795518
 0.961713 0.00580884 0.0321418 2.86796e-05 0.000308132
 0.923124 0.0740487 0.000428979 0.00237365 2.48733e-05
 0.601725 0.370065 0.0271719 0.000157412 0.000880129
 0.80988 0.118755 0.0663102 0.0048688 0.000185912
 0.835328 0.137673 0.0168642 0.00941663 0.000717813
 0.984254 0.013504 0.00187441 0.000229605 0.00013798
 0.0452219 0.940764 0.0120189 0.00166827 0.00032716
 0.9782 0.00104233 0.0204535 0.000261308 4.33834e-05
 0.30417 0.681083 0.000705119 0.0138364 0.000206118
 0.181264 0.256871 0.549957 0.000569366 0.011339
 0.935326 0.0124813 0.0163751 0.0350588 0.000759137
 0.817419 0.171359 0.00216568 0.0028413 0.00621491
 0.0285809 0.801969 0.159035 0.00200993 0.00840488
 0.884594 0.00343294 0.0924407 0.0183315 0.00120048
 0.534345 0.4133 0.00155737 0.0419361 0.00886078
 0.181103 0.444234 0.332539 0.00125305 0.0408709
 0.910474 0.0167904 0.0394574 0.0295365 0.0037415
 0.817847 0.16646 0.00294325 0.00691665 0.00583343
 0.0760281 0.759023 0.150738 0.00266527 0.0115459
 0.0902214 0.0706814 0.6893 0.136892 0.0129057
 0.932699 0.00637936 0.00473306 0.0461577 0.0100309
pobs_PELACES
 0 0 0 0 0
 0 0 0 0 0
 0 0 0 0 0
 0 0 0 0 0
 0 0 0 0 0
 0 0 0 0 0
 0 0 0 0 0
 0 0 0 0 0
 0 0 0 0 0
 0 0 0 0 0
 0 0 0 0 0
 0 0 0 0 0
 0 0 0 0 0
 0 0 0 0 0
 0 0 0 0 0
 0 0 0 0 0
 0.505614 0.472636 0.0217494 0 0
 0 0 0 0 0
 0.443492 0.261883 0.143347 0.151278 0
 0.227955 0.32914 0.350689 0.0885471 0.00366901
 0.970185 0.0296113 0.000203453 0 0
 0.997202 0.00247181 0.000326279 0 0
 0.445219 0.490057 0.0546422 0.010081 0
 0.90214 0.0892962 0.00764917 0.000914606 0
 0 0 0 0 0
 0.581667 0.319106 0.0959925 0.00289975 0.000334073
 0.762889 0.0836404 0.116647 0.0363945 0.000428098
 0.88444 0.0763242 0.0277011 0.0115352 0
 0.521256 0.241999 0.230069 0.00667565 0
 0.616807 0.101726 0.260614 0.0208532 0
 0.833518 0.0704572 0.0857862 0.0102388 0
ppred_PELACES
 0.0135528 0.196204 0.705861 0.0843815 4.18317e-07
 0.0280047 0.0132779 0.190689 0.686019 0.0820099
 0.951845 0.00137798 0.000638992 0.00917683 0.0369611
 0.0801562 0.876481 0.00124084 0.000575397 0.0415461
 0.258877 0.0621603 0.646956 0.000915902 0.0310911
 0.999091 0.000254978 5.48276e-05 0.000570638 2.82313e-05
 0.0310377 0.9681 0.000241986 5.20339e-05 0.000568355
 0.081687 0.0303081 0.887215 0.000221768 0.000568555
 0.989338 0.000907863 0.000321923 0.0094237 8.39455e-06
 0.145072 0.846062 0.000754927 0.000267693 0.00784319
 0.962714 0.0056569 0.0313011 2.79294e-05 0.000300072
 0.927166 0.0701553 0.000406423 0.00224885 2.35655e-05
 0.6169 0.355965 0.0261366 0.000151414 0.000846595
 0.82749 0.107755 0.0601683 0.00441783 0.000168692
 0.850334 0.125127 0.0153274 0.00855851 0.0006524
 0.984967 0.0128925 0.00178953 0.000219207 0.000131731
 0.0469162 0.939094 0.0119976 0.00166531 0.00032658
 0.978601 0.00102311 0.0200763 0.00025649 4.25835e-05
 0.310468 0.674918 0.000698737 0.0137112 0.000204253
 0.188938 0.254463 0.544802 0.000564029 0.0112327
 0.937463 0.0120689 0.015834 0.0339004 0.000734054
 0.822828 0.166283 0.00210153 0.00275713 0.0060308
 0.0293453 0.801338 0.15891 0.00200834 0.00839827
 0.886565 0.00337433 0.0908623 0.0180185 0.00117999
 0.539716 0.408534 0.00153941 0.0414525 0.00875859
 0.185337 0.441937 0.330819 0.00124657 0.0406596
 0.912712 0.0163706 0.038471 0.0287981 0.00364796
 0.82025 0.164264 0.00290442 0.00682541 0.00575648
 0.0771217 0.758124 0.15056 0.00266211 0.0115322
 0.0932129 0.070449 0.687033 0.136442 0.0128633
 0.935395 0.0061238 0.00454345 0.0443086 0.00962907
pobs_pel_tallas
 0 0 0 0 0 0 0 0 0 0 0 0 0 0 0 0 0 0 0 0 0 0 0 0 0 0
 0 0 0 0 0 0 0 0 0 0 0 0 0 0 0 0 0 0 0 0 0 0 0 0 0 0
 0 0 0 0 0 0 0 0 0 0 0 0 0 0 0 0 0 0 0 0 0 0 0 0 0 0
 0 0 0 0 0 0 0 0 0 0 0 0 0 0 0 0 0 0 0 0 0 0 0 0 0 0
 0 0 0 0 0 0 0 0 0 0 0 0 0 0 0 0 0 0 0 0 0 0 0 0 0 0
 0 0 0 0 0 0 0 0 0 0 0 0 0 0 0 0 0 0 0 0 0 0 0 0 0 0
 0 0 0 0 0 0 0 0 0 0 0 0 0 0 0 0 0 0 0 0 0 0 0 0 0 0
 0 0 0 0 0 0 0 0 0 0 0 0 0 0 0 0 0 0 0 0 0 0 0 0 0 0
 0 0 0 0 0 0 0 0 0 0 0 0 0 0 0 0 0 0 0 0 0 0 0 0 0 0
 0 0 0 0 0 0 0 0 0 0 0 0 0 0 0 0 0 0 0 0 0 0 0 0 0 0
 0 0 0 0 0 0 0 0 0 0 0 0 0 0 0 0 0 0 0 0 0 0 0 0 0 0
 0 0 0 0 0 0 0 0 0 0 0 0 0 0 0 0 0 0 0 0 0 0 0 0 0 0
 0.00862536 0 0 0.000197151 0.00414017 0.0128641 0.00837892 0.0270097 0.101434 0.158115 0.152841 0.127902 0.109271 0.109419 0.0830992 0.0579132 0.0238553 0.00714673 0.00463305 0.00128148 0.00103504 0.000492878 0.000147863 0.000147863 4.92878e-05 0
 0 0 0 0 0 0 0 0 0 0 0 0 0 0 0 0 0 0 0 0 0 0 0 0 0 0
 0 0 0 0 0 0 0 0.0054083 0.00873648 0.0413646 0.0450493 0.0745869 0.0622846 0.0627006 0.0613931 0.0827291 0.12552 0.122667 0.0946155 0.0697135 0.0546179 0.0294188 0.0215738 0.0213955 0.0102223 0.00600262
 0 0 0 0 0.00359764 0.0251062 0.0480494 0.140153 0.205849 0.193036 0.1447 0.116669 0.0760912 0.0342217 0.00950174 0.001854 0.000860785 0 0 0 0.000165536 0 0.000143464 0 0 0
 0 0 0 0 0 0 0 0.000145254 0.000435761 0.0275982 0.070085 0.0708112 0.156366 0.174668 0.174014 0.160142 0.0824315 0.0480064 0.0283245 0.00493863 0.00203355 0 0 0 0 0
 0 0 0 0 0 0 0 0 0 0 0 0 0 0 0 0 0 0 0 0 0 0 0 0 0 0
 0 0 1.00437e-05 0.000401748 0.00122533 0.00171747 0.00176769 0.0269171 0.070346 0.194647 0.189555 0.159765 0.064822 0.0314167 0.0384472 0.0292271 0.0345202 0.0313363 0.0194345 0.0106764 0.0143323 0.0359363 0.0279516 0.0138201 0.00172751 0
 0 0.0021121 0.0136068 0.0755702 0.200478 0.177729 0.0527432 0.0373336 0.0318909 0.0142505 0.0149659 0.0166563 0.0217959 0.0798694 0.0677717 0.0528807 0.04013 0.0224614 0.0357745 0.0225083 0.00881397 0.00855152 0.00135912 0.000746735 0 0
 0 0 0 0 5.4009e-05 0.00500934 0.000945158 0.0243581 0.138947 0.33067 0.221406 0.137944 0.0707744 0.0437923 0.0131692 0.00525238 0.0047753 0.00276346 9.45158e-05 9.00151e-06 2.25038e-05 9.00151e-06 4.50075e-06 0 0 0
 0.000866109 0.00284123 0.00948549 0.0512746 0.133035 0.25785 0.225252 0.132002 0.0553304 0.0519788 0.0540692 0.017754 0.00435017 0.00159236 0.00146478 0.000404838 0.000125132 0.000115318 0.000107957 0.000100596 0 0 0 0 0 0
 0 0 0 0 0.00144013 0.00171154 0.00461396 0.0210425 0.0478622 0.0707936 0.0888783 0.103762 0.0637923 0.0337046 0.0602308 0.124433 0.169614 0.0934646 0.0462172 0.0250306 0.0313229 0.00938855 0.002487 0.000210481 0 0
 0 0.00764035 0.051015 0.0998891 0.058973 0.0496711 0.0374665 0.0718981 0.12319 0.153886 0.159021 0.0857701 0.0377988 0.023471 0.0147837 0.00900784 0.00315554 0.000888139 0.00291439 0.00214683 0.00393193 0.00274676 0.000635225 9.99891e-05 0 0
 0 0 0 0 0 0 0 0 0 0 0 0 0 0 0 0 0 0 0 0 0 0 0 0 0 0
 0 0 0 0 0 0 0 0 0 0 0 0 0 0 0 0 0 0 0 0 0 0 0 0 0 0
 0 0 0 0 0 0 0 0 0 0 0 0 0 0 0 0 0 0 0 0 0 0 0 0 0 0
 0 0 0 0 0 0 0 0 0 0 0 0 0 0 0 0 0 0 0 0 0 0 0 0 0 0
 0 0 0 0 0 0 0 0 0 0 0 0 0 0 0 0 0 0 0 0 0 0 0 0 0 0
 0 0 0 0 0 0 0 0 0 0 0 0 0 0 0 0 0 0 0 0 0 0 0 0 0 0
 0 0 0 0 0 0 0 0 0 0 0 0 0 0 0 0 0 0 0 0 0 0 0 0 0 0
ppred_pel_tallas
 1.28883e-16 1.11637e-06 1.08515e-05 7.2113e-05 0.000327827 0.0010201 0.00217416 0.00317743 0.00319741 0.00227232 0.00135278 0.00130244 0.00257027 0.00563551 0.0111847 0.0197958 0.0315598 0.0460281 0.0625253 0.0804219 0.0988759 0.116139 0.129229 0.1347 0.130264 0.116162
 1.88183e-16 2.30672e-06 2.24221e-05 0.000149003 0.000677346 0.00210749 0.00449029 0.00655408 0.00655591 0.00449951 0.0021402 0.000779722 0.000436722 0.000756198 0.00171972 0.00372999 0.00758089 0.014483 0.0260044 0.0437387 0.0686125 0.0999856 0.134971 0.168498 0.194375 0.207129
 1.07195e-16 7.84022e-05 0.000762097 0.00506441 0.0230221 0.0716302 0.152616 0.222747 0.222747 0.152616 0.0716326 0.0230292 0.00508322 0.000805906 0.000170407 0.000183229 0.000323861 0.00056909 0.000981072 0.00165706 0.00270736 0.00421 0.00614897 0.0083643 0.0105476 0.0123029
 1.07349e-16 6.60254e-06 6.41792e-05 0.000426497 0.00193885 0.00603292 0.0128569 0.0187827 0.018867 0.0132686 0.00741491 0.00592803 0.0104306 0.0218728 0.0413361 0.0680951 0.0975563 0.121569 0.131857 0.124677 0.103162 0.0754084 0.04986 0.0314912 0.0209547 0.0161434
 1.24039e-16 2.13233e-05 0.00020727 0.00137739 0.0062614 0.0194816 0.0415078 0.0605833 0.0605903 0.0415424 0.0196005 0.00661759 0.00231893 0.00241936 0.00468052 0.00889546 0.0155784 0.0253337 0.0385717 0.05514 0.0738119 0.0919592 0.105908 0.112138 0.108805 0.0966492
 1.00064e-16 8.22938e-05 0.000799925 0.00531578 0.0241648 0.0751856 0.160191 0.233803 0.233803 0.160191 0.075186 0.024166 0.00531877 0.00080649 9.49236e-05 2.71226e-05 3.21905e-05 4.2861e-05 5.29175e-05 6.22672e-05 7.26608e-05 8.6248e-05 0.000103667 0.000122853 0.000139446 0.000148578
 1.00356e-16 2.55674e-06 2.48525e-05 0.000165158 0.000750842 0.00233665 0.00498191 0.00729076 0.00738385 0.00543664 0.00386285 0.00515614 0.0112121 0.0241042 0.0456266 0.0751457 0.107592 0.133915 0.144897 0.136297 0.111465 0.0792667 0.0490386 0.0264244 0.0124457 0.00517784
 1.2573e-16 6.72846e-06 6.5403e-05 0.000434626 0.00197575 0.00614732 0.0130977 0.0191173 0.0191216 0.0131192 0.00622366 0.00221354 0.00109657 0.00172515 0.00378585 0.0078765 0.0151196 0.0268296 0.0440213 0.0666287 0.0926728 0.117969 0.136954 0.144614 0.138642 0.120542
 1.00957e-16 8.14905e-05 0.000792116 0.00526389 0.0239289 0.0744517 0.158627 0.231521 0.231521 0.158628 0.0744532 0.0239333 0.00527524 0.000817705 0.000132638 9.75215e-05 0.000151053 0.000232651 0.000346773 0.000509168 0.000737686 0.00103967 0.00139769 0.00176317 0.00206513 0.00223274
 1.01593e-16 1.19496e-05 0.000116154 0.000771889 0.00350895 0.0109181 0.0232651 0.0339732 0.0340545 0.0236625 0.0122519 0.0073591 0.0104269 0.0211619 0.0398899 0.0656869 0.0940606 0.117103 0.126771 0.119375 0.0978602 0.0699861 0.0439074 0.0245295 0.0126944 0.00665457
 1.00959e-16 7.92975e-05 0.0007708 0.00512224 0.0232849 0.0724481 0.154358 0.225291 0.225291 0.154361 0.072458 0.0233142 0.00519795 0.000943514 0.000428977 0.000639933 0.00104451 0.00158333 0.00224424 0.00300525 0.00381313 0.00456278 0.00510208 0.00528 0.00501797 0.00435738
 1.0026e-16 7.63694e-05 0.000742338 0.0049331 0.0224252 0.069773 0.148659 0.216974 0.21698 0.148692 0.0698836 0.0227445 0.00573398 0.00248832 0.00338542 0.00545793 0.00781307 0.00973776 0.0105641 0.00998926 0.00825875 0.00601318 0.00392084 0.00237613 0.00143523 0.000942966
 1.01004e-16 5.08133e-05 0.000493924 0.0032823 0.0149209 0.0464245 0.0989137 0.144375 0.144409 0.0990811 0.0469866 0.0165436 0.00735353 0.00937449 0.016896 0.0277974 0.0399087 0.0499102 0.0544491 0.0519693 0.0436434 0.0326013 0.0221036 0.0140708 0.0088045 0.00563679
 1.02236e-16 6.81593e-05 0.000662532 0.00440276 0.0200143 0.062272 0.132678 0.193649 0.193659 0.132729 0.0624439 0.0205115 0.00565419 0.00340537 0.00530928 0.00875244 0.0127939 0.0164866 0.0188972 0.0195672 0.0187359 0.0170878 0.015254 0.0134864 0.0117066 0.00977333
 1.01444e-16 7.0041e-05 0.000680823 0.00452431 0.0205669 0.0639912 0.13634 0.198995 0.199007 0.136399 0.064189 0.0211382 0.00595841 0.00381122 0.00601458 0.00983098 0.0141523 0.0177926 0.0195955 0.0190333 0.0165184 0.0131214 0.00992629 0.00752412 0.00593845 0.00487943
 1.001e-16 8.11304e-05 0.000788617 0.00524064 0.0238232 0.0741227 0.157926 0.230498 0.2305 0.157932 0.0741431 0.023882 0.00538841 0.0011112 0.000693689 0.00101817 0.00145822 0.00183215 0.00201554 0.00195253 0.0016842 0.00131987 0.000971531 0.00070231 0.000518656 0.000395398
 1.00809e-16 3.86462e-06 3.75655e-05 0.000249641 0.00113489 0.00353153 0.00752765 0.0110058 0.0110961 0.00796885 0.0050124 0.00540956 0.0109699 0.0234078 0.0442933 0.0729705 0.104531 0.130218 0.141109 0.133095 0.109399 0.0785613 0.0495578 0.0277859 0.0141949 0.00692869
 1.00613e-16 8.06061e-05 0.00078352 0.00520677 0.0236692 0.0736437 0.156906 0.229008 0.229009 0.156906 0.0736459 0.0236761 0.00522562 0.000829543 0.000182232 0.000210622 0.0003812 0.000656626 0.0010523 0.00156561 0.00215341 0.00272419 0.00315463 0.00333182 0.00320177 0.00279576
 1.01603e-16 2.5573e-05 0.000248579 0.0016519 0.00750932 0.0233646 0.0497832 0.0726736 0.0727385 0.0501002 0.0244287 0.0105809 0.00935481 0.01704 0.0318449 0.0524211 0.0750811 0.0935153 0.101322 0.0955724 0.0786233 0.0566533 0.0361328 0.0209186 0.0116196 0.00679577
 1.17745e-16 1.55626e-05 0.000151274 0.00100527 0.00456983 0.0142186 0.0302951 0.0442219 0.0442472 0.0304192 0.0146373 0.00578926 0.00410365 0.00703863 0.0134567 0.0231591 0.0355317 0.04918 0.0624995 0.0744416 0.084635 0.0926901 0.0974635 0.0972178 0.0907111 0.0783011
 1.03985e-16 7.72176e-05 0.000750582 0.00498788 0.0226742 0.0705478 0.15031 0.219382 0.219383 0.150315 0.0705676 0.0227318 0.00513443 0.00107669 0.000715292 0.00111119 0.00171754 0.00243393 0.00322835 0.00412223 0.00517749 0.00642867 0.00780103 0.00908325 0.00998614 0.0102572
 1.01401e-16 6.77753e-05 0.0006588 0.00437796 0.0199016 0.0619212 0.13193 0.19256 0.192576 0.132008 0.0621835 0.0206586 0.00627672 0.0047986 0.00791481 0.0129381 0.0185399 0.0231256 0.0251259 0.0238316 0.0198325 0.0146522 0.00987351 0.00642029 0.00440351 0.00342354
 1.06414e-16 2.4173e-06 2.34971e-05 0.00015615 0.000709883 0.00220913 0.00470963 0.00689004 0.00696734 0.00508735 0.00347759 0.00437438 0.00935735 0.0201189 0.0381933 0.0632035 0.0911948 0.114973 0.127159 0.124274 0.108743 0.0871203 0.0660806 0.049333 0.037239 0.0284023
 1.0463e-16 7.30252e-05 0.000709831 0.00471707 0.0214431 0.0667176 0.142149 0.20747 0.207471 0.142151 0.0667259 0.0214692 0.00478969 0.00089184 0.000487681 0.000871062 0.00166938 0.00298185 0.00494084 0.00757879 0.0107263 0.0139605 0.0166683 0.0182351 0.0182819 0.0168196
 1.05789e-16 4.44558e-05 0.000432126 0.00287163 0.013054 0.0406162 0.0865385 0.126314 0.126353 0.0867305 0.0412606 0.0149145 0.00753823 0.0106082 0.0193386 0.0318191 0.04565 0.0570438 0.0622015 0.0594403 0.0502598 0.0384124 0.0277224 0.0203084 0.0162304 0.0142976
 1.16666e-16 1.52661e-05 0.000148392 0.000986116 0.00448277 0.0139478 0.0297188 0.0433845 0.0434275 0.0299292 0.0146553 0.00653169 0.00614917 0.0114854 0.0217395 0.0364184 0.0536294 0.0698715 0.0814911 0.086671 0.0862659 0.0827334 0.0781481 0.0730223 0.0666813 0.0584662
 1.0462e-16 7.51789e-05 0.000730766 0.0048562 0.0220756 0.0686853 0.146341 0.21359 0.213591 0.146349 0.0687126 0.0221552 0.00505958 0.00118602 0.000973305 0.00157917 0.00247993 0.00357382 0.00481662 0.00620839 0.00777163 0.00947139 0.0111379 0.0124719 0.0131486 0.0129592
 1.01785e-16 6.75629e-05 0.000656736 0.00436424 0.0198392 0.0617272 0.131517 0.191956 0.191972 0.131594 0.0619864 0.0205873 0.00624061 0.00474825 0.00782469 0.0127943 0.018345 0.0229075 0.0249402 0.0237506 0.019926 0.0149668 0.0104209 0.00717403 0.00530404 0.00438913
 1.06758e-16 6.35257e-06 6.17494e-05 0.00041035 0.00186544 0.00580445 0.0123697 0.0180693 0.0181424 0.0127271 0.00700454 0.00533242 0.0091157 0.0190745 0.0361407 0.059803 0.0862949 0.108812 0.120381 0.117721 0.103134 0.0828276 0.0631132 0.0474832 0.0362499 0.0280555
 1.35705e-16 7.67784e-06 7.46313e-05 0.000495952 0.00225453 0.00701472 0.0149459 0.0218156 0.0218235 0.0149849 0.007149 0.00265645 0.00155797 0.00256921 0.0052627 0.0100414 0.0176279 0.0287921 0.0441468 0.0637514 0.0864905 0.109586 0.128834 0.139837 0.13975 0.12853
 1.06206e-16 7.70473e-05 0.000748927 0.00497688 0.0226242 0.0703922 0.149978 0.218898 0.218898 0.149981 0.0704024 0.022654 0.00505302 0.000920103 0.000417676 0.000612319 0.000985994 0.00149675 0.00218692 0.0031454 0.00447931 0.00624259 0.00835072 0.0105389 0.0124055 0.0135343
pSPR Fmed_Fpbrs
0.428015   0.223605 0.223605
Fs Fmed_Fpbrs
0.509595   1.005 1.005
SSBpbr Bo_Bmed_Bpbrs
1.80775e+06  683356  313833 313833
Ro
36571.7
SPR SPRFo_SPRFmed_SPRFpbrs
261412 111888 58452.9
Fref
1.005
Nvult_r0
 119707 911.223 676.066 6593.14 1432.81
CTP_r0
 33230.7 310.515 230.381 2246.73 488.255
YTP_r0
391018
Np
 136788 40009.9 256.095 190.005 2259.49
Nvult_p0
 112950 34622.2 221.609 164.419 1955.22
CTP_p0
 48300.4 17354.3 111.081 82.4145 980.05
YTP_p0
 681320
CBA_c0
478108
log_Ro
10.327
likeval ReclasPelacesDesembMPH_pf_preclas_ppelaces_ptallas_desvR_qrecl_qpela
 43.2544 55.7796 0.173293 0.0019787 407.912 150.95 136.588 0 206.37 0 0 0.0270012 0 0 0
q_reclas_q_pelaces
1 1
M
1
N
 2208.9 33255.6 119640 14302.2 0.0709025
 1341.31 708.793 10179.3 36620.8 4377.82
 209314 337.951 156.713 2250.62 9064.73
 3781.24 52618.1 74.4919 34.543 2494.15
 1457.13 599.652 6241.1 8.83559 299.932
 289415 81.7513 17.5789 182.959 9.05156
 1757.07 74710.1 18.6745 4.01555 43.861
 473.539 219.188 6416.33 1.60382 4.11179
 76501.8 80.497 28.5438 835.567 0.744315
 2315.32 17455.3 15.5751 5.52284 161.815
 55203 347.642 1923.6 1.71639 18.4408
 181958 15945.7 92.3767 511.145 5.35624
 59190.9 40094.5 2943.92 17.0547 95.3571
 70884.1 12442.1 6947.39 510.109 19.4782
 46996.5 9197.04 1126.59 629.064 47.9524
 433759 6391.1 887.108 108.666 65.3021
 4786.33 105561 1348.62 187.194 36.71
 1.14449e+06 1255.18 24630.1 314.668 52.2424
 152140 356285 368.859 7238.05 107.824
 28200 43165.2 92416.1 95.6776 1905.43
 471027 6636.75 8707.18 18642 403.659
 570628 126457 1598.2 2096.78 4586.39
 5203.41 152144 30171.1 381.31 1594.52
 377261 1507.86 40602.8 8051.77 527.291
 146402 117005 440.889 11872 2508.47
 17401.8 44555 33352.3 125.676 4099.19
 259633 4993.75 11735.3 8784.67 1112.79
 358815 74847.4 1323.41 3110.02 2622.96
 11202.1 114488 22736.7 402.018 1741.53
 4349.17 3597.77 35086.2 6967.95 656.917
 159717 1167.32 866.071 8446.11 1835.49
pred_Ctot
 180.39 3584.02 12893.8 1541.38 0.0076413
 275.496 186.257 2674.92 9623.24 1150.41
 43212.3 89.2382 41.3811 594.291 2393.6
 1453.83 24623.2 34.8593 16.1648 1167.16
 897.907 417.164 4341.79 6.14671 208.656
 56163.1 20.357 4.37734 45.5588 2.25394
 799.041 40472.9 10.1166 2.17536 23.7609
 171.237 97.122 2843.07 0.710652 1.82193
 19087.3 25.3968 9.00555 263.621 0.234831
 929.946 8489.3 7.57486 2.686 78.6978
 7644.76 62.6557 346.69 0.309346 3.32359
 48071.6 5305.92 30.7382 170.083 1.78228
 16775.6 14237 1045.34 6.05587 33.8599
 31480.3 6604.39 3687.76 270.772 10.3393
 20253.5 4756.66 582.665 325.348 24.8007
 95960.2 1801.44 250.046 30.6293 18.4065
 892.984 25320.7 323.49 44.9016 8.80552
 112782 162.568 3190.03 40.755 6.7663
 22470.9 68328.2 70.7396 1388.11 20.6784
 6658.09 12933.7 27690.8 28.6681 570.928
 82541.8 1499.61 1967.43 4212.24 91.2087
 101908 29095.1 367.712 482.425 1055.23
 711.96 27103.8 5374.83 67.9286 284.056
 37952.2 199.268 5365.79 1064.07 69.6831
 16234.7 17001.6 64.0644 1725.1 364.499
 2468.75 8219.41 6152.77 23.1845 756.21
 36222.2 906.477 2130.23 1594.61 201.996
 30444.1 8374.27 148.069 347.963 293.469
 909.136 12263.4 2435.45 43.0623 186.545
 762.704 813.508 7933.5 1575.55 148.539
 33230.7 310.515 230.381 2246.73 488.255
F
 0.136688 0.183869 0.183869 0.183869 0.183869
 0.3785 0.509147 0.509147 0.509147 0.509147
 0.380778 0.512212 0.512212 0.512212 0.512212
 0.841456 1.1319 1.1319 1.1319 1.1319
 1.88054 2.52965 2.52965 2.52965 2.52965
 0.354247 0.476523 0.476523 0.476523 0.476523
 1.08147 1.45477 1.45477 1.45477 1.45477
 0.772014 1.03849 1.03849 1.03849 1.03849
 0.477669 0.642547 0.642547 0.642547 0.642547
 0.896131 1.20545 1.20545 1.20545 1.20545
 0.241827 0.325299 0.325299 0.325299 0.325299
 0.512536 0.689448 0.689448 0.689448 0.689448
 0.559686 0.752873 0.752873 0.752873 0.752873
 1.04216 1.40189 1.40189 1.40189 1.40189
 0.995167 1.33867 1.33867 1.33867 1.33867
 0.413198 0.555822 0.555822 0.555822 0.555822
 0.338486 0.455322 0.455322 0.455322 0.455322
 0.166981 0.224618 0.224618 0.224618 0.224618
 0.259767 0.349431 0.349431 0.349431 0.349431
 0.446698 0.600886 0.600886 0.600886 0.600886
 0.315011 0.423744 0.423744 0.423744 0.423744
 0.321907 0.433021 0.433021 0.433021 0.433021
 0.238625 0.320992 0.320992 0.320992 0.320992
 0.170722 0.229651 0.229651 0.229651 0.229651
 0.189631 0.255086 0.255086 0.255086 0.255086
 0.248384 0.334119 0.334119 0.334119 0.334119
 0.243817 0.327975 0.327975 0.327975 0.327975
 0.14234 0.191471 0.191471 0.191471 0.191471
 0.135789 0.182659 0.182659 0.182659 0.182659
 0.315277 0.424102 0.424102 0.424102 0.424102
 0.384275 0.516916 0.516916 0.516916 0.516916
YTP_r0W_actual
 282461 5061.4 6658.02 78186.1 18651.3
YTP_p0W_proyectada
 363219 279751 2597.07 2431.23 33321.7
CTP_r0_actual
 33230.7 310.515 230.381 2246.73 488.255
CTP_p0_proyectada
 48300.4 17354.3 111.081 82.4145 980.05
Wmedp
 7.52 16.12 23.38 29.5 34
Frms_r0
 0.384275 0.516916 0.516916 0.516916 0.516916
Zrms_r0
 1.38428 1.51692 1.51692 1.51692 1.51692
nmprior
 8.19 8.8 8.5 0
nm_flota  nm_reclas  nm_pelaces    nm_pelaL
inf 5.92627 3.82105 5.71265
cv_recla  cv_pelaces  cv_mph
0.594895 0.846857 1.37276
 ------------------------------------------------
Talla a la edad & desviaci?n 
 8 13.2811 15.8009 17.003 17.5766
 0.8 1.32811 1.58009 1.7003 1.75766
