years
 1991 1992 1993 1994 1995 1996 1997 1998 1999 2000 2001 2002 2003 2004 2005 2006 2007 2008 2009 2010 2011 2012 2013 2014 2015 2016 2017 2018 2019 2020 2021
reclasobs
 0 0 0 0 0 0 0 0 0 252601 567819 844713 477998 351125 339783 2.1784e+06 2.13404e+06 4.81314e+06 1.55562e+06 2.62356e+06 3.21686e+06 3.843e+06 1.13348e+06 3.07943e+06 1.97215e+06 2.03268e+06 2.025e+06 2.42433e+06 2.27542e+06 1.05018e+06 2.36338e+06
reclaspred
 1.95436e+06 973982 462661 93292.8 70364.7 518164 330953 120068 81616.8 130377 297519 446792 405561 267319 345039 696742 1.03429e+06 1.7157e+06 1.69384e+06 1.18945e+06 2.08023e+06 1.86046e+06 1.54328e+06 1.80226e+06 1.61004e+06 1.30435e+06 1.48965e+06 1.7572e+06 1.87202e+06 914824 990124
pelacesobs
 0 0 0 0 0 0 0 0 0 0 0 0 0 0 0 552880 188675 0 991730 2.46772e+06 1.41603e+06 1.21717e+06 2.29649e+06 1.80582e+06 0 1.4828e+06 1.56532e+06 1.57751e+06 1.42118e+06 867257 1.10002e+06
pelacespred
 943313 466016 213259 20869.3 22057.4 221763 105660 53238.2 27201.3 51794.9 137295 170317 171894 112276 165346 278186 411707 747431 795173 534748 863496 862395 698005 894503 802096 614070 824684 970897 848934 480536 497872
mphobs
 0 0 0 0 0 0 0 0 0 0 0 498337 0 5186 125008 0 168611 109162 213762 579715 649985 157893 87575 83554 0 0 0 0 0 0 0
mphpred
 2.0719e+06 1.08558e+06 548632 187585 18328.8 70964.3 487782 120799 49433.6 47498.7 103779 349658 305058 241633 144626 300885 734420 877208 1.38164e+06 1.17489e+06 1.04071e+06 1.58331e+06 1.49883e+06 1.00337e+06 1.5121e+06 1.22124e+06 802055 1.23861e+06 1.7713e+06 1.07595e+06 501231
desembarqueobs
 494567 514787 250237 358949 120608 361735 552515 73892 212993 205616 52469 317467 293654 387597 252695 516296 358380 742168 942051 627588 828172 859565 418607 520667 417249 300574 415391 372974 316634 284311 391294
desembarquepred
 494275 514996 249798 359115 120367 361416 551841 73816.4 212787 205556 52447.3 317398 293397 387212 252984 516358 358641 742263 940984 626920 827726 859514 418295 519974 416872 300610 414624 372737 316610 284088 390838
Reclutas
 82590.1 125093 40804.5 11031 63076.5 270087 13166.7 6685.74 31673.2 75644.3 126194 104464 110178 70777.1 107000 365808 139824 535398 449369 208189 489568 557208 51153.4 332668 262541 61684.7 356150 335173 56718 28791.9 256733
log_desv_Rt
 -0.284005 0.131165 -0.989103 -2.29718 -0.553547 0.90085 -2.12021 -2.79792 -1.24242 -0.371852 0.139924 -0.0490485 0.00419839 -0.43836 -0.0250677 1.20421 0.242488 1.58512 1.40995 0.640552 1.49563 1.62504 -0.763065 1.10925 0.872514 -0.575859 1.17746 1.11675 -0.659802 -1.3378 0.85014
SSB
 2.0719e+06 1.08558e+06 548632 187585 18328.8 70964.3 487782 120799 49433.6 47498.7 103779 349658 305058 241633 144626 300885 734420 877208 1.38164e+06 1.17489e+06 1.04071e+06 1.58331e+06 1.49883e+06 1.00337e+06 1.5121e+06 1.22124e+06 802055 1.23861e+06 1.7713e+06 1.07595e+06 501231
BT
 2.72385e+06 1.73954e+06 762041 361613 184958 1.28072e+06 744053 217211 309013 409774 566774 778664 827328 791412 905919 1.49104e+06 1.481e+06 3.29316e+06 3.42222e+06 2.05201e+06 3.69496e+06 3.3828e+06 2.0928e+06 3.62499e+06 2.58011e+06 1.8539e+06 3.43904e+06 3.57904e+06 2.30272e+06 1.46375e+06 2.21579e+06
Ftot
 0.237643 0.485145 0.493778 2.48125 1.48243 0.645595 1.34464 0.559465 2.08379 1.36763 0.167541 0.643484 0.656465 1.23514 0.673164 0.679099 0.324129 0.403286 0.51119 0.484607 0.371481 0.428187 0.254276 0.271716 0.243607 0.217085 0.262556 0.200752 0.160057 0.290268 0.369763
BD_Bspro_t
 0.962691 0.743635 0.535324 0.288941 0.0463109 0.200283 0.485177 0.168345 0.107828 0.126947 0.280977 0.619857 0.471992 0.379771 0.267812 0.420532 0.536439 0.560909 0.610978 0.537531 0.464666 0.561841 0.579403 0.525453 0.652942 0.658175 0.619324 0.728037 0.77807 0.685554 0.551931
BD_Bspro
 2.64192 1.38425 0.69957 0.239193 0.0233714 0.0904878 0.621979 0.154033 0.0630337 0.0605664 0.132331 0.445855 0.388984 0.30811 0.184415 0.383664 0.936471 1.11854 1.76175 1.49812 1.32703 2.0189 1.91118 1.27941 1.92811 1.55723 1.02271 1.57938 2.25862 1.37197 0.639129
BD_Bo
 1.22271 0.640647 0.32377 0.110702 0.0108166 0.0418789 0.28786 0.0712884 0.0291728 0.0280309 0.0612445 0.206347 0.180027 0.142597 0.0853495 0.177565 0.433411 0.517676 0.815361 0.69335 0.614166 0.934373 0.884518 0.592129 0.892353 0.720705 0.473325 0.730956 1.04532 0.634965 0.295797
BD_Brms
 5.1904 2.71953 1.3744 0.469926 0.0459161 0.177775 1.22196 0.302618 0.123838 0.118991 0.259982 0.87594 0.76421 0.605323 0.362307 0.753758 1.83982 2.19752 3.46119 2.94326 2.60712 3.96639 3.75476 2.51357 3.78802 3.05938 2.00926 3.10289 4.43735 2.69541 1.25565
Sel_flota
 0.5 1 1 1 1
 0.5 1 1 1 1
 0.5 1 1 1 1
 0.5 1 1 1 1
 0.5 1 1 1 1
 0.5 1 1 1 1
 0.5 1 1 1 1
 0.5 1 1 1 1
 0.5 1 1 1 1
 0.5 1 1 1 1
 0.5 1 1 1 1
 0.5 1 1 1 1
 0.5 1 1 1 1
 0.5 1 1 1 1
 0.5 1 1 1 1
 0.5 1 1 1 1
 0.5 1 1 1 1
 0.5 1 1 1 1
 0.5 1 1 1 1
 0.5 1 1 1 1
 0.5 1 1 1 1
 0.5 1 1 1 1
 0.5 1 1 1 1
 0.5 1 1 1 1
 0.5 1 1 1 1
 0.5 1 1 1 1
 0.5 1 1 1 1
 0.5 1 1 1 1
 0.5 1 1 1 1
 0.5 1 1 1 1
 0.5 1 1 1 1
Sel_reclas
 0.5 1 1 1 1
 0.5 1 1 1 1
 0.5 1 1 1 1
 0.5 1 1 1 1
 0.5 1 1 1 1
 0.5 1 1 1 1
 0.5 1 1 1 1
 0.5 1 1 1 1
 0.5 1 1 1 1
 0.5 1 1 1 1
 0.5 1 1 1 1
 0.5 1 1 1 1
 0.5 1 1 1 1
 0.5 1 1 1 1
 0.5 1 1 1 1
 0.5 1 1 1 1
 0.5 1 1 1 1
 0.5 1 1 1 1
 0.5 1 1 1 1
 0.5 1 1 1 1
 0.5 1 1 1 1
 0.5 1 1 1 1
 0.5 1 1 1 1
 0.5 1 1 1 1
 0.5 1 1 1 1
 0.5 1 1 1 1
 0.5 1 1 1 1
 0.5 1 1 1 1
 0.5 1 1 1 1
 0.5 1 1 1 1
 0.5 1 1 1 1
Sel_pelaces
 0.5 1 1 1 1
 0.5 1 1 1 1
 0.5 1 1 1 1
 0.5 1 1 1 1
 0.5 1 1 1 1
 0.5 1 1 1 1
 0.5 1 1 1 1
 0.5 1 1 1 1
 0.5 1 1 1 1
 0.5 1 1 1 1
 0.5 1 1 1 1
 0.5 1 1 1 1
 0.5 1 1 1 1
 0.5 1 1 1 1
 0.5 1 1 1 1
 0.5 1 1 1 1
 0.5 1 1 1 1
 0.5 1 1 1 1
 0.5 1 1 1 1
 0.5 1 1 1 1
 0.5 1 1 1 1
 0.5 1 1 1 1
 0.5 1 1 1 1
 0.5 1 1 1 1
 0.5 1 1 1 1
 0.5 1 1 1 1
 0.5 1 1 1 1
 0.5 1 1 1 1
 0.5 1 1 1 1
 0.5 1 1 1 1
 0.5 1 1 1 1
pf_obs 
 0.8446 0.082 0.0669 0.0065 0
 0.8095 0.147 0.0364 0.0071 0
 0.9664 0.0169 0.016 0.0007 0
 0.9276 0.0648 0.0075 0.0001 0
 0.7033 0.2144 0.0806 0.0017 0
 0.9318 0.0425 0.0243 0.0014 0
 0.5671 0.3108 0.0964 0.0239 0.0018
 0.0768 0.2599 0.5324 0.112 0.0189
 0.490249 0.384438 0.106611 0.0170017 0.00170017
 0.7925 0.1577 0.0466 0.003 0.0002
 0.840416 0.127587 0.0312969 0.00059994 9.999e-05
 0.8084 0.0986 0.0794 0.0134 0.0002
 0.7335 0.1905 0.0724 0.0035 0.0001
 0.4001 0.4547 0.1325 0.0127 0
 0.49795 0.308269 0.164784 0.0264974 0.00249975
 0.9179 0.0499 0.0305 0.0017 0
 0.2467 0.6533 0.0926 0.0074 0
 0.9418 0.0223 0.034 0.0019 0
 0.707729 0.231977 0.0356964 0.0245975 0
 0.517169 0.277429 0.184464 0.0207286 0.00020938
 0.811772 0.124168 0.05621 0.00726502 0.000585176
 0.764997 0.148141 0.077277 0.00933861 0.000247198
 0.163321 0.427699 0.378323 0.0303852 0.000271297
 0.753843 0.0900009 0.118128 0.0371064 0.000921714
 0.721811 0.176058 0.0630433 0.0369309 0.00215725
 0.143369 0.312575 0.442814 0.0836902 0.0175525
 0.692698 0.0596174 0.167031 0.0765114 0.00414204
 0.394062 0.376323 0.152708 0.0712218 0.00568511
 0.125707 0.32114 0.495352 0.0537591 0.00404204
 0.23352 0.215282 0.420074 0.123614 0.00750983
 0.774587 0.0839891 0.0768558 0.0609784 0.00358967
pf_pred 
 0.218636 0.561935 0.0162805 0.137629 0.0655195
 0.488821 0.191831 0.229666 0.00665395 0.083028
 0.300075 0.4824 0.081631 0.0977314 0.038163
 0.251696 0.37359 0.258259 0.0437023 0.072753
 0.95523 0.0277071 0.00851864 0.00588886 0.00265543
 0.931574 0.0674595 0.000598128 0.000183896 0.00018445
 0.100621 0.873123 0.025885 0.000229509 0.000141339
 0.279915 0.185895 0.518594 0.0153745 0.000220266
 0.849201 0.072391 0.0202417 0.0564683 0.00169807
 0.917656 0.0789386 0.00163485 0.000457129 0.00131361
 0.818828 0.176133 0.00483053 0.000100042 0.000108358
 0.555785 0.401904 0.0411346 0.00112813 4.86702e-05
 0.627928 0.280292 0.0830376 0.00849884 0.00024314
 0.547712 0.364243 0.0663272 0.0196497 0.00206866
 0.77232 0.178409 0.0396795 0.00722548 0.00236593
 0.868569 0.117391 0.0110019 0.00244691 0.000591471
 0.423083 0.543609 0.0297496 0.00278814 0.000769997
 0.803697 0.121285 0.0706865 0.0038684 0.000462672
 0.581743 0.377459 0.0252071 0.014691 0.000900142
 0.405985 0.45433 0.126059 0.00841837 0.00520695
 0.728817 0.166266 0.0802453 0.022265 0.00240655
 0.63467 0.313236 0.0319393 0.0154149 0.00473935
 0.114939 0.706502 0.153098 0.0156107 0.00985063
 0.698821 0.0659219 0.187795 0.0406948 0.00676785
 0.518473 0.401715 0.0174691 0.049765 0.0125775
 0.208384 0.552867 0.199176 0.00866144 0.0309103
 0.768324 0.083317 0.103615 0.0373283 0.00741628
 0.571433 0.376136 0.0188557 0.0234493 0.0101263
 0.162578 0.618802 0.191874 0.00961862 0.0171275
 0.186464 0.235372 0.427227 0.132471 0.0184658
 0.834056 0.0553177 0.0320062 0.058095 0.0205247
pobs_RECLAS
 0 0 0 0 0
 0 0 0 0 0
 0 0 0 0 0
 0 0 0 0 0
 0 0 0 0 0
 0 0 0 0 0
 0 0 0 0 0
 0 0 0 0 0
 0 0 0 0 0
 0 0 0 0 0
 0.991045 0.00858322 0.000360255 1.14367e-05 0
 0.934742 0.0480273 0.0164251 0.00080598 0
 0.827803 0.169806 0.00239088 0 0
 0.941827 0.0461693 0.0120037 0 0
 0.791401 0.0380133 0.147996 0.0225897 0
 0.846168 0.0940531 0.0597789 0 0
 0.134021 0.677848 0.182769 0.00536245 0
 0.80878 0.0450904 0.141981 0.00414843 0
 0.846168 0.0940531 0.0597789 0 0
 0.905697 0.0802665 0.012482 0.00150086 5.37128e-05
 0.989698 0.0102097 9.19794e-05 0 0
 0.975433 0.0193895 0.00387452 0.00125025 5.28907e-05
 0.303575 0.632131 0.0575291 0.00676475 0
 0.966965 0.00978017 0.0227588 0.000495775 0
 0.843318 0.132988 0.00938335 0.0141283 0.000182051
 0.564624 0.303363 0.111486 0.0197234 0.00080311
 0.826376 0.0876187 0.0782897 0.00655872 0.00115652
 0.89761 0.0855135 0.0140674 0.00269457 0.000114338
 0.34875 0.467042 0.161289 0.0227151 0.000203297
 0.318654 0.224769 0.449479 0.00709798 0
 0.937255 0.0296025 0.0250945 0.00804832 0
ppred_RECLAS
 0.220591 0.560529 0.0162398 0.137285 0.0653556
 0.495506 0.189322 0.226663 0.00656694 0.0819423
 0.305849 0.47842 0.0809576 0.0969252 0.0378482
 0.303925 0.347514 0.240234 0.040652 0.067675
 0.960146 0.0246645 0.00758315 0.00524217 0.00236382
 0.933989 0.0650788 0.00057702 0.000177406 0.000177941
 0.110576 0.863459 0.0255985 0.000226969 0.000139774
 0.286415 0.184217 0.513913 0.0152357 0.000218278
 0.873156 0.0608912 0.0170261 0.047498 0.00142832
 0.925462 0.0714548 0.00147986 0.000413791 0.00118907
 0.819967 0.175026 0.00480016 9.94131e-05 0.000107676
 0.565232 0.393356 0.0402597 0.00110414 4.76351e-05
 0.637078 0.273399 0.0809956 0.00828984 0.000237161
 0.570726 0.345709 0.0629522 0.0186498 0.0019634
 0.779395 0.172865 0.0384466 0.00700098 0.00229242
 0.873196 0.113258 0.0106146 0.00236076 0.000570648
 0.427084 0.539839 0.0295433 0.00276881 0.000764658
 0.807034 0.119223 0.0694849 0.00380265 0.000454807
 0.588676 0.371202 0.0247893 0.0144475 0.000885223
 0.412442 0.449392 0.124689 0.00832686 0.00515036
 0.732609 0.163941 0.0791234 0.0219537 0.0023729
 0.639965 0.308696 0.0314764 0.0151915 0.00467066
 0.116199 0.705496 0.15288 0.0155885 0.00983661
 0.701615 0.0653104 0.186052 0.0403173 0.00670507
 0.521402 0.399272 0.0173629 0.0494623 0.012501
 0.210087 0.551678 0.198748 0.00864282 0.0308439
 0.770593 0.082501 0.1026 0.0369628 0.00734365
 0.573738 0.374113 0.0187543 0.0233232 0.0100718
 0.163577 0.618064 0.191645 0.00960715 0.0171071
 0.188655 0.234738 0.426077 0.132115 0.0184161
 0.836692 0.0544393 0.031498 0.0571724 0.0201987
pobs_PELACES
 0 0 0 0 0
 0 0 0 0 0
 0 0 0 0 0
 0 0 0 0 0
 0 0 0 0 0
 0 0 0 0 0
 0 0 0 0 0
 0 0 0 0 0
 0 0 0 0 0
 0 0 0 0 0
 0 0 0 0 0
 0 0 0 0 0
 0 0 0 0 0
 0 0 0 0 0
 0 0 0 0 0
 0 0 0 0 0
 0.505614 0.472636 0.0217494 0 0
 0 0 0 0 0
 0.443492 0.261883 0.143347 0.151278 0
 0.227955 0.32914 0.350689 0.0885471 0.00366901
 0.970185 0.0296113 0.000203453 0 0
 0.997202 0.00247181 0.000326279 0 0
 0.445219 0.490057 0.0546422 0.010081 0
 0.90214 0.0892962 0.00764917 0.000914606 0
 0 0 0 0 0
 0.581667 0.319106 0.0959925 0.00289975 0.000334073
 0.762889 0.0836404 0.116647 0.0363945 0.000428098
 0.88444 0.0763242 0.0277011 0.0115352 0
 0.521256 0.241999 0.230069 0.00667565 0
 0.616807 0.101726 0.260614 0.0208532 0
 0.833518 0.0704572 0.0857862 0.0102388 0
ppred_PELACES
 0.227406 0.555628 0.0160978 0.136084 0.0647841
 0.515513 0.181814 0.217674 0.00630651 0.0786926
 0.323414 0.466314 0.078909 0.0944725 0.0368904
 0.396691 0.301201 0.208218 0.0352343 0.0586559
 0.968522 0.0194811 0.00598953 0.00414051 0.00186705
 0.94026 0.0588957 0.000522198 0.000160551 0.000161034
 0.134353 0.840376 0.0249142 0.000220901 0.000136038
 0.305648 0.179252 0.500062 0.0148251 0.000212395
 0.906615 0.0448295 0.012535 0.0349691 0.00105156
 0.93961 0.0578919 0.00119896 0.000335249 0.000963372
 0.824012 0.171093 0.00469231 9.71796e-05 0.000105257
 0.591121 0.369934 0.0378625 0.0010384 4.47986e-05
 0.661732 0.254827 0.0754934 0.0077267 0.000221051
 0.619779 0.306205 0.0557587 0.0165187 0.00173905
 0.797899 0.158366 0.0352217 0.00641374 0.00210013
 0.885093 0.102632 0.00961869 0.00213927 0.000517109
 0.440218 0.527463 0.0288661 0.00270533 0.000747128
 0.817186 0.112951 0.0658295 0.0036026 0.000430881
 0.608935 0.352919 0.0235683 0.0137359 0.000841621
 0.431945 0.434475 0.12055 0.00805046 0.0049794
 0.744444 0.156685 0.0756214 0.020982 0.00226788
 0.656078 0.294881 0.0300677 0.0145117 0.00446163
 0.120578 0.702001 0.152122 0.0155112 0.00978787
 0.710915 0.0632747 0.180253 0.0390606 0.00649608
 0.531422 0.390913 0.0169993 0.0484267 0.0122392
 0.216093 0.547484 0.197237 0.00857711 0.0306093
 0.778161 0.0797792 0.099215 0.0357433 0.00710137
 0.581818 0.367021 0.0183988 0.0228811 0.00988089
 0.167222 0.61537 0.19081 0.00956528 0.0170325
 0.196095 0.232585 0.422169 0.130903 0.0182472
 0.844858 0.0517171 0.0299229 0.0543136 0.0191887
pobs_pel_tallas
 0 0 0 0 0 0 0 0 0 0 0 0 0 0 0 0 0 0 0 0 0 0 0 0 0 0
 0 0 0 0 0 0 0 0 0 0 0 0 0 0 0 0 0 0 0 0 0 0 0 0 0 0
 0 0 0 0 0 0 0 0 0 0 0 0 0 0 0 0 0 0 0 0 0 0 0 0 0 0
 0 0 0 0 0 0 0 0 0 0 0 0 0 0 0 0 0 0 0 0 0 0 0 0 0 0
 0 0 0 0 0 0 0 0 0 0 0 0 0 0 0 0 0 0 0 0 0 0 0 0 0 0
 0 0 0 0 0 0 0 0 0 0 0 0 0 0 0 0 0 0 0 0 0 0 0 0 0 0
 0 0 0 0 0 0 0 0 0 0 0 0 0 0 0 0 0 0 0 0 0 0 0 0 0 0
 0 0 0 0 0 0 0 0 0 0 0 0 0 0 0 0 0 0 0 0 0 0 0 0 0 0
 0 0 0 0 0 0 0 0 0 0 0 0 0 0 0 0 0 0 0 0 0 0 0 0 0 0
 0 0 0 0 0 0 0 0 0 0 0 0 0 0 0 0 0 0 0 0 0 0 0 0 0 0
 0 0 0 0 0 0 0 0 0 0 0 0 0 0 0 0 0 0 0 0 0 0 0 0 0 0
 0 0 0 0 0 0 0 0 0 0 0 0 0 0 0 0 0 0 0 0 0 0 0 0 0 0
 0.00862536 0 0 0.000197151 0.00414017 0.0128641 0.00837892 0.0270097 0.101434 0.158115 0.152841 0.127902 0.109271 0.109419 0.0830992 0.0579132 0.0238553 0.00714673 0.00463305 0.00128148 0.00103504 0.000492878 0.000147863 0.000147863 4.92878e-05 0
 0 0 0 0 0 0 0 0 0 0 0 0 0 0 0 0 0 0 0 0 0 0 0 0 0 0
 0 0 0 0 0 0 0 0.0054083 0.00873648 0.0413646 0.0450493 0.0745869 0.0622846 0.0627006 0.0613931 0.0827291 0.12552 0.122667 0.0946155 0.0697135 0.0546179 0.0294188 0.0215738 0.0213955 0.0102223 0.00600262
 0 0 0 0 0.00359764 0.0251062 0.0480494 0.140153 0.205849 0.193036 0.1447 0.116669 0.0760912 0.0342217 0.00950174 0.001854 0.000860785 0 0 0 0.000165536 0 0.000143464 0 0 0
 0 0 0 0 0 0 0 0.000145254 0.000435761 0.0275982 0.070085 0.0708112 0.156366 0.174668 0.174014 0.160142 0.0824315 0.0480064 0.0283245 0.00493863 0.00203355 0 0 0 0 0
 0 0 0 0 0 0 0 0 0 0 0 0 0 0 0 0 0 0 0 0 0 0 0 0 0 0
 0 0 1.00437e-05 0.000401748 0.00122533 0.00171747 0.00176769 0.0269171 0.070346 0.194647 0.189555 0.159765 0.064822 0.0314167 0.0384472 0.0292271 0.0345202 0.0313363 0.0194345 0.0106764 0.0143323 0.0359363 0.0279516 0.0138201 0.00172751 0
 0 0.0021121 0.0136068 0.0755702 0.200478 0.177729 0.0527432 0.0373336 0.0318909 0.0142505 0.0149659 0.0166563 0.0217959 0.0798694 0.0677717 0.0528807 0.04013 0.0224614 0.0357745 0.0225083 0.00881397 0.00855152 0.00135912 0.000746735 0 0
 0 0 0 0 5.4009e-05 0.00500934 0.000945158 0.0243581 0.138947 0.33067 0.221406 0.137944 0.0707744 0.0437923 0.0131692 0.00525238 0.0047753 0.00276346 9.45158e-05 9.00151e-06 2.25038e-05 9.00151e-06 4.50075e-06 0 0 0
 0.000866109 0.00284123 0.00948549 0.0512746 0.133035 0.25785 0.225252 0.132002 0.0553304 0.0519788 0.0540692 0.017754 0.00435017 0.00159236 0.00146478 0.000404838 0.000125132 0.000115318 0.000107957 0.000100596 0 0 0 0 0 0
 0 0 0 0 0.00144013 0.00171154 0.00461396 0.0210425 0.0478622 0.0707936 0.0888783 0.103762 0.0637923 0.0337046 0.0602308 0.124433 0.169614 0.0934646 0.0462172 0.0250306 0.0313229 0.00938855 0.002487 0.000210481 0 0
 0 0.00764035 0.051015 0.0998891 0.058973 0.0496711 0.0374665 0.0718981 0.12319 0.153886 0.159021 0.0857701 0.0377988 0.023471 0.0147837 0.00900784 0.00315554 0.000888139 0.00291439 0.00214683 0.00393193 0.00274676 0.000635225 9.99891e-05 0 0
 0 0 0 0 0 0 0 0 0 0 0 0 0 0 0 0 0 0 0 0 0 0 0 0 0 0
 0 0 0 0 0 0 0 0 0 0 0 0 0 0 0 0 0 0 0 0 0 0 0 0 0 0
 0 0 0 0 0 0 0 0 0 0 0 0 0 0 0 0 0 0 0 0 0 0 0 0 0 0
 0 0 0 0 0 0 0 0 0 0 0 0 0 0 0 0 0 0 0 0 0 0 0 0 0 0
 0 0 0 0 0 0 0 0 0 0 0 0 0 0 0 0 0 0 0 0 0 0 0 0 0 0
 0 0 0 0 0 0 0 0 0 0 0 0 0 0 0 0 0 0 0 0 0 0 0 0 0 0
 0 0 0 0 0 0 0 0 0 0 0 0 0 0 0 0 0 0 0 0 0 0 0 0 0 0
ppred_pel_tallas
 1.25218e-16 1.87313e-05 0.000182075 0.00120995 0.0055003 0.0171138 0.0364647 0.0532325 0.053286 0.0367261 0.0179916 0.0080353 0.00757205 0.014068 0.0263862 0.0435918 0.0628256 0.079156 0.0876762 0.0863877 0.0775593 0.0663268 0.0575931 0.0535555 0.0533161 0.0542248
 1.20278e-16 4.24622e-05 0.000412747 0.00274285 0.0124686 0.0387946 0.0826567 0.120644 0.120661 0.082744 0.0390886 0.0133219 0.00489992 0.00517227 0.00923084 0.0155852 0.0233688 0.0313327 0.0382063 0.0434009 0.0472403 0.0504394 0.0532959 0.0553211 0.0555784 0.0533507
 1.18114e-16 2.66393e-05 0.000258944 0.00172077 0.00782241 0.0243387 0.0518578 0.0756974 0.0757424 0.0520777 0.0250772 0.00995645 0.00708071 0.0119709 0.0223047 0.0369294 0.0534417 0.0677676 0.0758184 0.0758399 0.0695069 0.0607669 0.0533543 0.0488936 0.0467208 0.0450277
 1.19546e-16 3.2675e-05 0.000317613 0.00211065 0.00959472 0.0298529 0.0636058 0.0928407 0.09287 0.0637492 0.030335 0.0109907 0.00562825 0.00804173 0.0148355 0.0248256 0.0365874 0.0477638 0.0559541 0.0600614 0.0608423 0.0601179 0.0593267 0.0586339 0.0571658 0.0539156
 1.0091e-16 7.97759e-05 0.00077545 0.00515314 0.0234254 0.0728852 0.15529 0.22665 0.226652 0.155299 0.0729161 0.0235149 0.00537805 0.0012676 0.00101793 0.00156591 0.00227053 0.0029042 0.0032962 0.00337437 0.00320345 0.00293543 0.00270804 0.00257133 0.0024869 0.00237968
 1.00074e-16 7.7448e-05 0.000752822 0.00500277 0.0227419 0.0707584 0.150759 0.220038 0.220043 0.150786 0.0708513 0.0230099 0.00567503 0.00221831 0.00285459 0.00458067 0.00655365 0.00816242 0.00884278 0.00833712 0.00684865 0.0049144 0.0030986 0.00174039 0.000898577 0.000454689
 1.00979e-16 1.10666e-05 0.000107572 0.000714857 0.00324968 0.0101114 0.0215464 0.0314646 0.0315454 0.0219413 0.011437 0.00707656 0.0103132 0.0210352 0.0396813 0.0653858 0.0937239 0.116877 0.126878 0.120047 0.0992341 0.0720098 0.0463154 0.0269058 0.0146038 0.00778427
 1.16e-16 2.51758e-05 0.000244718 0.00162624 0.00739265 0.0230014 0.0490075 0.0715317 0.0715497 0.0490959 0.0233002 0.00826503 0.00385119 0.00521791 0.00980936 0.0170584 0.0266149 0.0377061 0.0493855 0.0609358 0.0718268 0.0811857 0.0874033 0.0885197 0.0832953 0.0721496
 1.04059e-16 7.46767e-05 0.000725884 0.00482375 0.0219281 0.0682264 0.145364 0.212164 0.212168 0.145385 0.0682978 0.0221345 0.00534307 0.00186381 0.00224891 0.00363593 0.00532076 0.00689459 0.00801126 0.00855137 0.0087005 0.00881044 0.00914149 0.00968586 0.0101876 0.0103129
 1.00247e-16 7.73945e-05 0.000752302 0.00499931 0.0227261 0.0707095 0.150654 0.219885 0.219891 0.150681 0.0708008 0.0229897 0.00566042 0.00219369 0.00280955 0.00450836 0.00645445 0.00804845 0.00873836 0.00827324 0.0068535 0.00500507 0.00327756 0.00199686 0.00121241 0.000800558
 1.00207e-16 6.78728e-05 0.000659748 0.00438426 0.0199302 0.0620104 0.13212 0.192837 0.192853 0.132201 0.0622802 0.0207093 0.00633826 0.00492008 0.00814346 0.0133144 0.0190771 0.0237865 0.0258166 0.0244181 0.0201723 0.0146228 0.00938856 0.00543942 0.00294295 0.00156659
 1.01299e-16 4.86899e-05 0.000473283 0.00314514 0.0142973 0.0444846 0.0947804 0.138342 0.138378 0.0949544 0.045069 0.015985 0.00737998 0.00971337 0.0175835 0.0289552 0.0416181 0.0521449 0.0570676 0.0547698 0.0464443 0.0352885 0.0246182 0.0163642 0.0108108 0.0072836
 1.03057e-16 5.4506e-05 0.000529818 0.00352083 0.0160052 0.0497982 0.106101 0.154863 0.154888 0.106222 0.0502024 0.0171735 0.00645624 0.00694728 0.0122699 0.0202693 0.0293573 0.0372551 0.0416582 0.041472 0.0374141 0.0314391 0.0254872 0.0205603 0.01667 0.013386
 1.03639e-16 5.10504e-05 0.000496228 0.00329761 0.0149905 0.0466411 0.099375 0.145047 0.145076 0.0995193 0.0471258 0.0163906 0.00681316 0.00817418 0.0146431 0.0241541 0.0348531 0.0439612 0.0486749 0.0476953 0.041982 0.034063 0.0264816 0.0206017 0.0164654 0.013427
 1.02056e-16 6.57219e-05 0.00063884 0.00424532 0.0192986 0.0600452 0.127933 0.186726 0.186741 0.128008 0.0602961 0.0200234 0.00606566 0.0046159 0.00762837 0.0125319 0.0181038 0.0228854 0.0254318 0.0250697 0.02228 0.0183401 0.0145287 0.0115217 0.00933249 0.00764351
 1.00606e-16 7.29039e-05 0.000708652 0.00470924 0.0214075 0.0666069 0.141913 0.207129 0.207139 0.141962 0.066769 0.0218757 0.00588402 0.00327187 0.00493703 0.00803627 0.0115453 0.0144672 0.0158393 0.0152178 0.0129401 0.00989883 0.00701491 0.00481746 0.00337046 0.00246711
 1.01366e-16 3.62603e-05 0.000352463 0.00234224 0.0106475 0.0331287 0.070586 0.103033 0.103084 0.070834 0.0339612 0.013051 0.00837162 0.0135021 0.0249727 0.04113 0.0590158 0.073727 0.0802871 0.076394 0.0638111 0.0472252 0.0315265 0.0196061 0.0119219 0.00745261
 1.02363e-16 6.73105e-05 0.000654282 0.00434794 0.0197651 0.0614966 0.131025 0.191238 0.191249 0.131079 0.0616768 0.0202866 0.00566062 0.00353195 0.00556778 0.00918961 0.0134432 0.0173431 0.0199136 0.0206729 0.0198642 0.0181915 0.0163008 0.014445 0.0125405 0.0104497
 1.02291e-16 5.01573e-05 0.000487547 0.00323992 0.0147282 0.0458252 0.0976366 0.142511 0.142545 0.0978026 0.0463824 0.0163372 0.00727674 0.00929358 0.0167558 0.0275727 0.0396019 0.0495658 0.0541621 0.0518768 0.0439001 0.0333479 0.0234337 0.0160002 0.0112504 0.00841753
 1.0524e-16 3.55789e-05 0.000345839 0.00229822 0.0104474 0.032506 0.0692591 0.101094 0.101136 0.0694642 0.0331949 0.0124383 0.00729991 0.0112785 0.020839 0.0344994 0.0499352 0.0632903 0.0706253 0.0700734 0.06288 0.0524271 0.0420893 0.0336366 0.0271193 0.0217862
 1.04711e-16 6.13189e-05 0.000596041 0.0039609 0.0180057 0.0560225 0.119362 0.174216 0.174231 0.119437 0.0562721 0.0187278 0.00577783 0.00457672 0.00766349 0.0126827 0.018523 0.0238374 0.0272839 0.0282309 0.0270826 0.0248992 0.0226392 0.0206519 0.0187315 0.0165265
 1.03154e-16 5.40403e-05 0.000525291 0.00349075 0.0158684 0.0493728 0.105195 0.153541 0.153569 0.105334 0.0498387 0.0172141 0.00686789 0.00789527 0.0140442 0.0231149 0.0332534 0.0417382 0.0458364 0.0442988 0.0381097 0.0298275 0.022061 0.0162608 0.012522 0.0101668
 1.07782e-16 9.93199e-06 9.65425e-05 0.000641562 0.00291649 0.00907465 0.019337 0.0282371 0.0283049 0.019668 0.0101864 0.0061286 0.00870815 0.0177183 0.0335129 0.0554808 0.0801352 0.101212 0.112293 0.110369 0.0975614 0.0795517 0.0620677 0.0481996 0.0381108 0.030478
 1.10235e-16 5.85571e-05 0.000569196 0.00378251 0.0171947 0.0534993 0.113986 0.166367 0.166374 0.114017 0.0536051 0.0175042 0.00457273 0.00233921 0.00355228 0.00612589 0.0096286 0.0138061 0.0184005 0.023245 0.028215 0.0329977 0.0369138 0.0390433 0.0386424 0.0355593
 1.07519e-16 4.37726e-05 0.000425486 0.0028275 0.0128534 0.039992 0.0852086 0.124372 0.12441 0.0853925 0.0406093 0.0146357 0.00729937 0.0101816 0.0185557 0.0305663 0.0439413 0.0550991 0.06045 0.0584124 0.0504085 0.0399587 0.0305972 0.0242002 0.0206932 0.0188658
 1.11872e-16 1.77994e-05 0.000173016 0.00114976 0.00522666 0.0162624 0.0346506 0.0505847 0.0506377 0.0349095 0.017132 0.00774087 0.00746974 0.0139992 0.0263631 0.0437815 0.0635936 0.0810674 0.091345 0.0921292 0.084941 0.0738587 0.0628383 0.0537791 0.0464795 0.0398697
 1.0767e-16 6.40961e-05 0.000623037 0.0041403 0.0188212 0.0585598 0.124768 0.182104 0.182112 0.124807 0.0586891 0.0191965 0.0050897 0.00271998 0.00411858 0.00689691 0.0103756 0.0139914 0.0172049 0.0197654 0.0217918 0.0235313 0.0250068 0.0258848 0.0256735 0.0240639
 1.04592e-16 4.79237e-05 0.000465835 0.00309564 0.0140723 0.0437845 0.0932888 0.136165 0.1362 0.0934614 0.0443639 0.0157453 0.00729288 0.00962149 0.0174161 0.0286655 0.0411736 0.0515454 0.0563689 0.0541079 0.0460509 0.0354863 0.025774 0.0187909 0.0146412 0.0123737
 1.09506e-16 1.3774e-05 0.000133888 0.000889737 0.00404465 0.0125847 0.0268153 0.0391502 0.0392097 0.027106 0.0135611 0.00686686 0.00798142 0.01564 0.0295354 0.0489949 0.0710144 0.0902059 0.101035 0.100878 0.0914726 0.0775274 0.0636933 0.0523395 0.0434337 0.0358727
 1.28459e-16 1.61522e-05 0.000157005 0.00104335 0.00474294 0.0147572 0.0314426 0.0458962 0.0459193 0.0315556 0.0151385 0.00585277 0.00386091 0.00641324 0.0122086 0.0209739 0.0321294 0.0444428 0.0565921 0.0679074 0.0784611 0.0883018 0.0965516 0.101321 0.100642 0.0936724
 1.09571e-16 6.95898e-05 0.000676438 0.00449517 0.0204344 0.063579 0.135462 0.197712 0.197717 0.135487 0.063662 0.0206749 0.00510206 0.002012 0.00263874 0.00434159 0.00646773 0.00862411 0.0104913 0.0120031 0.013405 0.015059 0.0171269 0.019377 0.0212518 0.0221315
pSPR Fmed_Fpbrs
0.498336   0.285572 0.285572
Fs Fmed_Fpbrs
0.486345   1.005 1.005
SSBpbr Bo_Bmed_Bpbrs
1.69451e+06  759710  399180 399180
Ro
109716
SPR SPRFo_SPRFmed_SPRFpbrs
784242 390816 223958
Fref
1.005
Nvult_r0
 178228 6832.6 3953.27 7175.64 2535.12
CTP_r0
 27809.6 1844.44 1067.17 1937.04 684.346
YTP_r0
390838
Np
 193970 78504.3 2328.43 1347.21 3066.86
Nvult_p0
 150798 67932.9 2014.89 1165.79 2653.87
CTP_p0
 50433.2 34051.2 1009.96 584.349 1330.25
YTP_p0
 1.01424e+06
CBA_c0
577859
log_Ro
11.4256
likeval ReclasPelacesDesembMPH_pf_preclas_ppelaces_ptallas_desvR_qrecl_qpela
 40.1772 46.7176 0.138399 0.00225865 272.244 136.398 110.888 0 57.6054 0 0 0.236201 0 0 0
q_reclas_q_pelaces
1 1
M
1
N
 82590.1 111355 3226.21 27273.1 12983.6
 125093 26979.3 32300.5 935.819 11677.1
 40804.5 36107 6109.98 7315.07 2856.45
 11031 11727.1 8106.84 1371.83 2283.74
 63076.5 1173.61 360.83 249.439 112.478
 270087 11057.7 98.0432 30.1437 30.2344
 13166.7 71948.3 2133.02 18.9123 11.6468
 6685.74 2472.85 6898.52 204.517 2.93006
 31673.2 1859.38 519.912 1450.4 43.6155
 75644.3 4110.63 85.1326 23.8044 68.4044
 126194 14044.4 385.175 7.97712 8.64017
 104464 42693.6 4369.66 119.84 5.17015
 110178 27857.6 8252.9 844.678 24.1651
 70777.1 29191 5315.56 1574.75 165.786
 107000 14040.8 3122.78 568.646 186.199
 365808 28113.4 2634.79 585.998 141.648
 139824 95828.3 5244.32 491.498 135.737
 535398 43742.4 25493.7 1395.17 166.866
 449369 160994 10751.4 6266.03 383.93
 208189 128028 35522.9 2372.26 1467.3
 489568 60108 29010.1 8049.19 870.01
 557208 149573 15251.3 7360.75 2263.08
 51153.4 165479 35859.1 3656.39 2307.25
 332668 16571.6 47208.3 10230 1701.32
 262541 106835 4645.86 13234.9 3344.94
 61684.7 85507.6 30805.1 1339.6 4780.65
 356150 20358.4 25318.1 9121.13 1812.16
 335173 114901 5760 7163.26 3093.36
 56718 111527 34581.6 1733.57 3086.91
 28791.9 19260.6 34960.3 10840.2 1511.07
 256733 9161.04 5300.47 9620.97 3399.04
pred_Ctot
 5905.99 15179.5 439.784 3717.76 1769.87
 17371.7 6817.27 8161.86 236.468 2950.65
 5757.44 9255.64 1566.23 1875.14 732.22
 5458.01 8101.27 5600.34 947.682 1577.64
 22143.8 642.297 197.476 136.513 61.5571
 48351.1 3501.32 31.0444 9.54469 9.57343
 4299.23 37305.7 1105.98 9.80619 6.03896
 1054.98 700.623 1954.54 57.9452 0.830164
 14064 1198.9 335.232 935.2 28.1226
 25016.4 2151.96 44.5679 12.4619 35.8105
 6454.21 1388.32 38.0754 0.788557 0.854101
 18647.8 13484.8 1380.16 37.8515 1.63299
 20013.4 8933.5 2646.58 270.876 7.74939
 21661.2 14405.3 2623.15 777.116 81.8128
 19865.4 4588.98 1020.63 185.852 60.8557
 68434.5 9249.21 866.838 192.792 46.6019
 13399.7 17217 942.22 88.305 24.3871
 62827.3 9481.2 5525.77 302.404 36.1684
 65413.8 42443.2 2834.4 1651.92 101.216
 28882.3 32321.6 8968 598.892 370.429
 53258.7 12150 5863.97 1627.03 175.86
 69077.5 34092.7 3476.27 1677.76 515.831
 3900.73 23976.7 5195.72 529.783 334.303
 27011.4 2548.07 7258.8 1572.97 261.597
 19222 14893.3 647.655 1845 466.3
 4046.44 10735.7 3867.64 168.189 600.222
 27995.4 3035.82 3775.41 1360.13 270.227
 20400.9 13428.6 673.173 837.172 361.522
 2775.54 10564.2 3275.68 164.21 292.402
 2488.01 3140.58 5700.51 1767.57 246.39
 27809.6 1844.44 1067.17 1937.04 684.346
F
 0.118821 0.237643 0.237643 0.237643 0.237643
 0.242573 0.485145 0.485145 0.485145 0.485145
 0.246889 0.493778 0.493778 0.493778 0.493778
 1.24062 2.48125 2.48125 2.48125 2.48125
 0.741216 1.48243 1.48243 1.48243 1.48243
 0.322797 0.645595 0.645595 0.645595 0.645595
 0.67232 1.34464 1.34464 1.34464 1.34464
 0.279732 0.559465 0.559465 0.559465 0.559465
 1.04189 2.08379 2.08379 2.08379 2.08379
 0.683817 1.36763 1.36763 1.36763 1.36763
 0.0837707 0.167541 0.167541 0.167541 0.167541
 0.321742 0.643484 0.643484 0.643484 0.643484
 0.328233 0.656465 0.656465 0.656465 0.656465
 0.617568 1.23514 1.23514 1.23514 1.23514
 0.336582 0.673164 0.673164 0.673164 0.673164
 0.33955 0.679099 0.679099 0.679099 0.679099
 0.162064 0.324129 0.324129 0.324129 0.324129
 0.201643 0.403286 0.403286 0.403286 0.403286
 0.255595 0.51119 0.51119 0.51119 0.51119
 0.242303 0.484607 0.484607 0.484607 0.484607
 0.185741 0.371481 0.371481 0.371481 0.371481
 0.214093 0.428187 0.428187 0.428187 0.428187
 0.127138 0.254276 0.254276 0.254276 0.254276
 0.135858 0.271716 0.271716 0.271716 0.271716
 0.121804 0.243607 0.243607 0.243607 0.243607
 0.108542 0.217085 0.217085 0.217085 0.217085
 0.131278 0.262556 0.262556 0.262556 0.262556
 0.100376 0.200752 0.200752 0.200752 0.200752
 0.0800286 0.160057 0.160057 0.160057 0.160057
 0.145134 0.290268 0.290268 0.290268 0.290268
 0.184882 0.369763 0.369763 0.369763 0.369763
YTP_r0W_actual
 236382 30064.3 30841.3 67409 26142
YTP_p0W_proyectada
 379257 548905 23612.8 17238.3 45228.4
CTP_r0_actual
 27809.6 1844.44 1067.17 1937.04 684.346
CTP_p0_proyectada
 50433.2 34051.2 1009.96 584.349 1330.25
Wmedp
 7.52 16.12 23.38 29.5 34
Frms_r0
 0.184882 0.369763 0.369763 0.369763 0.369763
Zrms_r0
 1.18488 1.36976 1.36976 1.36976 1.36976
nmprior
 8.19 8.8 8.5 0
nm_flota  nm_reclas  nm_pelaces    nm_pelaL
inf 7.03296 8.56119 16.304
cv_recla  cv_pelaces  cv_mph
0.573343 0.775019 1.46666
 ------------------------------------------------
Talla a la edad & desviaci?n 
 8 13.2811 15.8009 17.003 17.5766
 0.8 1.32811 1.58009 1.7003 1.75766
