years
 1991 1992 1993 1994 1995 1996 1997 1998 1999 2000 2001 2002 2003 2004 2005 2006 2007 2008 2009 2010 2011 2012 2013 2014 2015 2016 2017 2018 2019 2020 2021
reclasobs
 0 0 0 0 0 0 0 0 0 252601 567819 844713 477998 351125 339783 2.1784e+06 2.13404e+06 4.81314e+06 1.55562e+06 2.62356e+06 3.21686e+06 3.843e+06 1.13348e+06 3.07943e+06 1.97215e+06 2.03268e+06 2.025e+06 2.42433e+06 2.27542e+06 1.05018e+06 2.36338e+06
reclaspred
 2.45066e+06 2.03485e+06 701862 742954 133243 3.40794e+06 1.14625e+06 269812 1.06323e+06 226489 331408 940543 713229 596961 388805 2.07601e+06 771105 5.44878e+06 2.3302e+06 2.23645e+06 2.70973e+06 3.47578e+06 1.56357e+06 3.12638e+06 2.47622e+06 1.46751e+06 2.10471e+06 4.08708e+06 2.74465e+06 680644 1.25782e+06
pelacesobs
 0 0 0 0 0 0 0 0 0 0 0 0 0 0 0 552880 188675 0 991730 2.46772e+06 1.41603e+06 1.21717e+06 2.29649e+06 1.80582e+06 0 1.4828e+06 1.56532e+06 1.57751e+06 1.42118e+06 867257 1.10002e+06
pelacespred
 1.64716e+06 1.17552e+06 356724 321565 43734 2.29456e+06 554144 168014 649434 84947.2 197596 468497 371952 307910 184530 1.06494e+06 333469 3.65577e+06 1.26198e+06 1.07428e+06 1.4619e+06 1.88315e+06 837795 2.17519e+06 1.49976e+06 864916 1.55402e+06 3.11313e+06 1.74535e+06 410030 749416
mphobs
 0 0 0 0 0 0 0 0 0 0 0 498337 0 5186 125008 0 168611 109162 213762 579715 649985 157893 87575 83554 0 0 0 0 0 0 0
mphpred
 805823 221238 227089 55165.6 55912.9 7816.7 446635 87307.5 23614.4 103889 9703.6 42288 91919.9 46371.7 27424.9 24433.5 246577 64836.6 663004 172419 293492 242398 434425 168938 366559 337847 149626 226241 679836 282718 44223.4
desembarqueobs
 494567 514787 250237 358949 120608 361735 552515 73892 212993 205616 52469 317467 293654 387597 252695 516296 358380 742168 942051 627588 828172 859565 418607 520667 417249 300574 415391 372974 316634 284311 391294
desembarquepred
 494418 514525 249685 358412 120488 361493 551691 73852.8 212791 205329 52441.4 317034 293147 386663 252234 515570 357890 741336 939837 626251 827207 858133 418030 520154 416636 300166 414846 372573 316168 283540 390882
Reclutas
 5894.98 215697 9735.8 104824 4017.97 287218 4631.21 1253.71 59127 5485.57 32154.8 124740 67756.3 70093 40514.1 270601 7039.57 513385 96578.8 249402 170510 455776 10275.6 161312 166495 21133.1 125498 217727 16954.8 6343.93 101544
log_desv_Rt
 -2.07649 1.52328 -1.57478 0.801686 -2.45982 1.80965 -2.31778 -3.62449 0.229094 -2.14847 -0.380031 0.97564 0.365323 0.399228 -0.148946 1.75005 -1.89905 2.39043 0.719765 1.66847 1.2882 2.27141 -1.52082 1.23274 1.26437 -0.799754 0.981692 1.53265 -1.02004 -2.0031 0.769898
SSB
 845957 232257 238399 57913.1 58697.7 8206.01 468880 91655.8 24790.6 109063 10186.9 44394.2 96498 48681.2 28790.7 25650.4 258858 68065.7 696025 181006 308110 254470 456061 177351 384816 354674 157079 237509 713695 296799 46425.9
BT
 1.12166e+06 954107 351627 420167 110679 1.27435e+06 705377 136279 460175 212037 126209 453714 411981 528773 323259 848699 411160 2.19484e+06 1.377e+06 935589 1.27868e+06 1.49951e+06 670400 1.39917e+06 973342 595577 1.08085e+06 1.65005e+06 945090 461546 689215
Ftot
 0.687436 1.17048 1.18193 2.11952 2.44948 0.601348 1.49752 0.923551 1.06237 2.46621 0.84621 1.62928 1.71838 2.71749 2.76334 1.31573 1.48888 0.748605 1.43614 1.33703 1.31286 1.20254 0.928661 0.835443 0.748669 0.763009 0.969683 0.477639 0.422622 1.33068 1.55735
BD_Bspro_t
 0.896367 0.423069 0.324125 0.110337 0.0987347 0.0207963 0.449666 0.129732 0.0589463 0.2237 0.0400644 0.22357 0.229421 0.111615 0.0654755 0.0617079 0.274512 0.0943253 0.4124 0.154872 0.199251 0.17328 0.277064 0.145026 0.298327 0.330098 0.222801 0.335181 0.569318 0.357182 0.108142
BD_Bspro
 2.52059 0.692028 0.710329 0.172557 0.174894 0.0244504 1.39706 0.273096 0.0738654 0.324961 0.0303526 0.132276 0.287523 0.14505 0.0857842 0.0764272 0.771287 0.202807 2.07386 0.539321 0.918037 0.758213 1.35887 0.528432 1.14659 1.05678 0.468028 0.707676 2.12651 0.884335 0.13833
BD_Bo
 0.646538 0.177507 0.182201 0.0442612 0.0448608 0.0062716 0.35835 0.0700497 0.0189466 0.0833533 0.00778552 0.0339291 0.0737504 0.0372055 0.0220039 0.0196038 0.197837 0.0520205 0.53195 0.138337 0.235479 0.194484 0.348553 0.135544 0.294102 0.271066 0.12005 0.181521 0.545455 0.226834 0.0354819
BD_Brms
 3.01611 0.828073 0.849972 0.206479 0.209277 0.0292571 1.67171 0.326783 0.0883865 0.388845 0.0363196 0.15828 0.344047 0.173565 0.102648 0.091452 0.922913 0.242677 2.48156 0.645346 1.09851 0.90727 1.62601 0.632316 1.37199 1.26453 0.560037 0.846797 2.54456 1.05819 0.165524
Sel_flota
 0.589229 0.964608 0.998073 0.999898 0.999995
 0.589229 0.964608 0.998073 0.999898 0.999995
 0.589229 0.964608 0.998073 0.999898 0.999995
 0.589229 0.964608 0.998073 0.999898 0.999995
 0.589229 0.964608 0.998073 0.999898 0.999995
 0.589229 0.964608 0.998073 0.999898 0.999995
 0.589229 0.964608 0.998073 0.999898 0.999995
 0.589229 0.964608 0.998073 0.999898 0.999995
 0.589229 0.964608 0.998073 0.999898 0.999995
 0.589229 0.964608 0.998073 0.999898 0.999995
 0.589229 0.964608 0.998073 0.999898 0.999995
 0.589229 0.964608 0.998073 0.999898 0.999995
 0.589229 0.964608 0.998073 0.999898 0.999995
 0.589229 0.964608 0.998073 0.999898 0.999995
 0.589229 0.964608 0.998073 0.999898 0.999995
 0.589229 0.964608 0.998073 0.999898 0.999995
 0.589229 0.964608 0.998073 0.999898 0.999995
 0.589229 0.964608 0.998073 0.999898 0.999995
 0.589229 0.964608 0.998073 0.999898 0.999995
 0.589229 0.964608 0.998073 0.999898 0.999995
 0.589229 0.964608 0.998073 0.999898 0.999995
 0.589229 0.964608 0.998073 0.999898 0.999995
 0.589229 0.964608 0.998073 0.999898 0.999995
 0.589229 0.964608 0.998073 0.999898 0.999995
 0.589229 0.964608 0.998073 0.999898 0.999995
 0.589229 0.964608 0.998073 0.999898 0.999995
 0.589229 0.964608 0.998073 0.999898 0.999995
 0.589229 0.964608 0.998073 0.999898 0.999995
 0.589229 0.964608 0.998073 0.999898 0.999995
 0.589229 0.964608 0.998073 0.999898 0.999995
 0.589229 0.964608 0.998073 0.999898 0.999995
Sel_reclas
 0.962292 1 1 1 1
 0.962292 1 1 1 1
 0.962292 1 1 1 1
 0.962292 1 1 1 1
 0.962292 1 1 1 1
 0.962292 1 1 1 1
 0.962292 1 1 1 1
 0.962292 1 1 1 1
 0.962292 1 1 1 1
 0.962292 1 1 1 1
 0.962292 1 1 1 1
 0.962292 1 1 1 1
 0.962292 1 1 1 1
 0.962292 1 1 1 1
 0.962292 1 1 1 1
 0.962292 1 1 1 1
 0.962292 1 1 1 1
 0.962292 1 1 1 1
 0.962292 1 1 1 1
 0.962292 1 1 1 1
 0.962292 1 1 1 1
 0.962292 1 1 1 1
 0.962292 1 1 1 1
 0.962292 1 1 1 1
 0.962292 1 1 1 1
 0.962292 1 1 1 1
 0.962292 1 1 1 1
 0.962292 1 1 1 1
 0.962292 1 1 1 1
 0.962292 1 1 1 1
 0.962292 1 1 1 1
Sel_pelaces
 0.935882 1 1 1 1
 0.935882 1 1 1 1
 0.935882 1 1 1 1
 0.935882 1 1 1 1
 0.935882 1 1 1 1
 0.935882 1 1 1 1
 0.935882 1 1 1 1
 0.935882 1 1 1 1
 0.935882 1 1 1 1
 0.935882 1 1 1 1
 0.935882 1 1 1 1
 0.935882 1 1 1 1
 0.935882 1 1 1 1
 0.935882 1 1 1 1
 0.935882 1 1 1 1
 0.935882 1 1 1 1
 0.935882 1 1 1 1
 0.935882 1 1 1 1
 0.935882 1 1 1 1
 0.935882 1 1 1 1
 0.935882 1 1 1 1
 0.935882 1 1 1 1
 0.935882 1 1 1 1
 0.935882 1 1 1 1
 0.935882 1 1 1 1
 0.935882 1 1 1 1
 0.935882 1 1 1 1
 0.935882 1 1 1 1
 0.935882 1 1 1 1
 0.935882 1 1 1 1
 0.935882 1 1 1 1
pf_obs 
 0.8446 0.082 0.0669 0.0065 0
 0.8095 0.147 0.0364 0.0071 0
 0.9664 0.0169 0.016 0.0007 0
 0.9276 0.0648 0.0075 0.0001 0
 0.7033 0.2144 0.0806 0.0017 0
 0.9318 0.0425 0.0243 0.0014 0
 0.5671 0.3108 0.0964 0.0239 0.0018
 0.0768 0.2599 0.5324 0.112 0.0189
 0.490249 0.384438 0.106611 0.0170017 0.00170017
 0.7925 0.1577 0.0466 0.003 0.0002
 0.840416 0.127587 0.0312969 0.00059994 9.999e-05
 0.8084 0.0986 0.0794 0.0134 0.0002
 0.7335 0.1905 0.0724 0.0035 0.0001
 0.4001 0.4547 0.1325 0.0127 0
 0.49795 0.308269 0.164784 0.0264974 0.00249975
 0.9179 0.0499 0.0305 0.0017 0
 0.2467 0.6533 0.0926 0.0074 0
 0.9418 0.0223 0.034 0.0019 0
 0.707729 0.231977 0.0356964 0.0245975 0
 0.517169 0.277429 0.184464 0.0207286 0.00020938
 0.811772 0.124168 0.05621 0.00726502 0.000585176
 0.764997 0.148141 0.077277 0.00933861 0.000247198
 0.163321 0.427699 0.378323 0.0303852 0.000271297
 0.753843 0.0900009 0.118128 0.0371064 0.000921714
 0.721811 0.176058 0.0630433 0.0369309 0.00215725
 0.143369 0.312575 0.442814 0.0836902 0.0175525
 0.692698 0.0596174 0.167031 0.0765114 0.00414204
 0.394062 0.376323 0.152708 0.0712218 0.00568511
 0.125707 0.32114 0.495352 0.0537591 0.00404204
 0.23352 0.215282 0.420074 0.123614 0.00750983
 0.796117 0.104755 0.0508955 0.0450114 0.00322123
pf_pred 
 0.0678592 0.244246 0.486633 0.201256 5.84812e-06
 0.929622 0.00875063 0.0167304 0.0317852 0.0131121
 0.144375 0.827781 0.0036528 0.00658302 0.0176087
 0.924097 0.0202598 0.0539386 0.000224217 0.00147997
 0.219464 0.759703 0.00591356 0.0144647 0.000454816
 0.996082 0.00181803 0.00204929 1.45294e-05 3.64709e-05
 0.043892 0.954126 0.000942458 0.00101484 2.51915e-05
 0.106317 0.0862837 0.805837 0.000744161 0.00081821
 0.968771 0.00622944 0.0025318 0.0224243 4.33488e-05
 0.270086 0.719333 0.00221341 0.000849847 0.00751856
 0.961525 0.0205523 0.0176871 4.95404e-05 0.000186301
 0.926963 0.0716137 0.00077844 0.000636336 8.46041e-06
 0.737342 0.254424 0.00808509 8.18505e-05 6.75372e-05
 0.845771 0.135077 0.018593 0.000548818 1.0099e-05
 0.857171 0.13562 0.00639073 0.000794348 2.37465e-05
 0.984569 0.0147158 0.000682779 2.90273e-05 3.69509e-06
 0.100866 0.89286 0.00600026 0.000261428 1.24862e-05
 0.985241 0.00304679 0.0116354 7.31261e-05 3.32612e-06
 0.366102 0.629166 0.00101564 0.00369288 2.42002e-05
 0.871182 0.0734583 0.0549741 8.30813e-05 0.000302981
 0.735138 0.248827 0.00939155 0.00659686 4.6162e-05
 0.906446 0.0805193 0.0122914 0.000435726 0.000307162
 0.076102 0.881844 0.0364908 0.00524715 0.000316088
 0.877342 0.0173483 0.100755 0.00395392 0.000601069
 0.744487 0.239071 0.00242888 0.0134081 0.000604488
 0.236061 0.647597 0.109204 0.00105668 0.00608008
 0.868143 0.0492472 0.0705467 0.0113251 0.000738072
 0.835982 0.152844 0.00431625 0.00585914 0.000998973
 0.141067 0.773664 0.0796921 0.00215693 0.00341927
 0.175802 0.186015 0.57718 0.0570224 0.0039807
 0.959253 0.0135908 0.0064361 0.0187455 0.00197444
pobs_RECLAS
 0 0 0 0 0
 0 0 0 0 0
 0 0 0 0 0
 0 0 0 0 0
 0 0 0 0 0
 0 0 0 0 0
 0 0 0 0 0
 0 0 0 0 0
 0 0 0 0 0
 0 0 0 0 0
 0.991045 0.00858322 0.000360255 1.14367e-05 0
 0.934742 0.0480273 0.0164251 0.00080598 0
 0.827803 0.169806 0.00239088 0 0
 0.941827 0.0461693 0.0120037 0 0
 0.791401 0.0380133 0.147996 0.0225897 0
 0.846168 0.0940531 0.0597789 0 0
 0.134021 0.677848 0.182769 0.00536245 0
 0.80878 0.0450904 0.141981 0.00414843 0
 0.846168 0.0940531 0.0597789 0 0
 0.905697 0.0802665 0.012482 0.00150086 5.37128e-05
 0.989698 0.0102097 9.19794e-05 0 0
 0.975433 0.0193895 0.00387452 0.00125025 5.28907e-05
 0.303575 0.632131 0.0575291 0.00676475 0
 0.966965 0.00978017 0.0227588 0.000495775 0
 0.843318 0.132988 0.00938335 0.0141283 0.000182051
 0.564624 0.303363 0.111486 0.0197234 0.00080311
 0.826376 0.0876187 0.0782897 0.00655872 0.00115652
 0.89761 0.0855135 0.0140674 0.00269457 0.000114338
 0.34875 0.467042 0.161289 0.0227151 0.000203297
 0.318654 0.224769 0.449479 0.00709798 0
 0.937255 0.0296025 0.0250945 0.00804832 0
ppred_RECLAS
 0.108505 0.240163 0.461036 0.19029 5.52888e-06
 0.958442 0.00536143 0.00984241 0.0186582 0.00769602
 0.221541 0.754152 0.00319509 0.00574553 0.0153668
 0.958826 0.011398 0.0288667 0.000119672 0.000789794
 0.350483 0.6331 0.00466983 0.0113893 0.00035806
 0.997621 0.00112544 0.00122293 8.65352e-06 2.17193e-05
 0.0736148 0.924548 0.000874367 0.000939312 2.33138e-05
 0.169075 0.0830769 0.746404 0.000687843 0.000756205
 0.981655 0.00378301 0.00147756 0.0130588 2.52414e-05
 0.415578 0.576408 0.00168034 0.000643289 0.00569027
 0.976628 0.0127065 0.0105253 2.94201e-05 0.000110625
 0.95701 0.0421894 0.000438521 0.000357604 4.75393e-06
 0.832484 0.162492 0.00493322 4.98192e-05 4.11019e-05
 0.916244 0.0738658 0.00960258 0.000282568 5.1988e-06
 0.923036 0.0732887 0.00325977 0.000403913 1.20727e-05
 0.990899 0.008696 0.000386935 1.64129e-05 2.08906e-06
 0.162529 0.831874 0.00535287 0.000232677 1.11116e-05
 0.991171 0.0018777 0.00690649 4.33182e-05 1.9701e-06
 0.498594 0.497825 0.000769849 0.00279271 1.8299e-05
 0.92155 0.0455417 0.0326789 4.92753e-05 0.000179676
 0.825722 0.164143 0.00594147 0.00416404 2.91347e-05
 0.942656 0.0496326 0.00727293 0.000257255 0.000181329
 0.119979 0.841431 0.0334942 0.00480622 0.000289495
 0.923856 0.0111277 0.0622095 0.00243628 0.00037032
 0.826633 0.162615 0.00159121 0.00876622 0.000395173
 0.336758 0.565428 0.0918251 0.000886718 0.0051016
 0.917905 0.0314217 0.0432867 0.00693441 0.000451873
 0.891433 0.101423 0.00276289 0.00374328 0.000638157
 0.208925 0.715043 0.0710693 0.00191986 0.00304315
 0.273134 0.16947 0.504224 0.0497021 0.00346927
 0.976872 0.00795199 0.00360343 0.0104703 0.00110268
pobs_PELACES
 0 0 0 0 0
 0 0 0 0 0
 0 0 0 0 0
 0 0 0 0 0
 0 0 0 0 0
 0 0 0 0 0
 0 0 0 0 0
 0 0 0 0 0
 0 0 0 0 0
 0 0 0 0 0
 0 0 0 0 0
 0 0 0 0 0
 0 0 0 0 0
 0 0 0 0 0
 0 0 0 0 0
 0 0 0 0 0
 0.505614 0.472636 0.0217494 0 0
 0 0 0 0 0
 0.443492 0.261883 0.143347 0.151278 0
 0.227955 0.32914 0.350689 0.0885471 0.00366901
 0.970185 0.0296113 0.000203453 0 0
 0.997202 0.00247181 0.000326279 0 0
 0.445219 0.490057 0.0546422 0.010081 0
 0.90214 0.0892962 0.00764917 0.000914606 0
 0 0 0 0 0
 0.581667 0.319106 0.0959925 0.00289975 0.000334073
 0.762889 0.0836404 0.116647 0.0363945 0.000428098
 0.88444 0.0763242 0.0277011 0.0115352 0
 0.521256 0.241999 0.230069 0.00667565 0
 0.616807 0.101726 0.260614 0.0208532 0
 0.833518 0.0704572 0.0857862 0.0102388 0
ppred_PELACES
 0.114747 0.239828 0.456911 0.188509 5.47702e-06
 0.963282 0.00479274 0.00868543 0.0164534 0.00678631
 0.242743 0.733924 0.00306907 0.00551498 0.0147496
 0.96769 0.00909672 0.0225054 9.3181e-05 0.000614922
 0.41566 0.56997 0.00409197 0.00996521 0.000313265
 0.997737 0.00107425 0.00115959 8.2023e-06 2.05864e-05
 0.0851198 0.913097 0.000849373 0.000911639 2.26259e-05
 0.182957 0.0824421 0.733184 0.000675285 0.000742376
 0.983592 0.00341685 0.00131897 0.0116498 2.25172e-05
 0.484282 0.508842 0.00144352 0.000551805 0.00488066
 0.978413 0.0117864 0.00967228 2.7022e-05 0.000101605
 0.963638 0.0356972 0.000364424 0.000296888 3.94658e-06
 0.856797 0.138986 0.00414029 4.17683e-05 3.44579e-05
 0.937302 0.0554883 0.00700023 0.000205654 3.78337e-06
 0.942689 0.0546525 0.0023578 0.000291665 8.71692e-06
 0.992045 0.00760543 0.000333527 1.41362e-05 1.79921e-06
 0.185003 0.809639 0.00512483 0.000222565 1.06282e-05
 0.991774 0.00176077 0.00642308 4.0268e-05 1.83134e-06
 0.536079 0.460662 0.000701169 0.00254137 1.66514e-05
 0.931347 0.0401012 0.0283532 4.27184e-05 0.00015576
 0.844391 0.146686 0.00523315 0.00366472 2.564e-05
 0.94895 0.0442638 0.00640063 0.000226237 0.000159459
 0.129547 0.832658 0.0328067 0.00470495 0.000283387
 0.92953 0.0103801 0.0574975 0.00225062 0.000342089
 0.835812 0.154087 0.00149535 0.00823437 0.000371189
 0.352095 0.55304 0.0890596 0.000859618 0.00494556
 0.925059 0.0288749 0.0393545 0.00630079 0.000410571
 0.894462 0.0986279 0.00267261 0.00361992 0.000617118
 0.213083 0.711604 0.0703983 0.00190125 0.00301361
 0.303548 0.164226 0.481493 0.0474234 0.00331007
 0.980547 0.0067672 0.00301426 0.00875015 0.000921481
pobs_pel_tallas
 0 0 0 0 0 0 0 0 0 0 0 0 0 0 0 0 0 0 0 0 0 0 0 0 0 0
 0 0 0 0 0 0 0 0 0 0 0 0 0 0 0 0 0 0 0 0 0 0 0 0 0 0
 0 0 0 0 0 0 0 0 0 0 0 0 0 0 0 0 0 0 0 0 0 0 0 0 0 0
 0 0 0 0 0 0 0 0 0 0 0 0 0 0 0 0 0 0 0 0 0 0 0 0 0 0
 0 0 0 0 0 0 0 0 0 0 0 0 0 0 0 0 0 0 0 0 0 0 0 0 0 0
 0 0 0 0 0 0 0 0 0 0 0 0 0 0 0 0 0 0 0 0 0 0 0 0 0 0
 0 0 0 0 0 0 0 0 0 0 0 0 0 0 0 0 0 0 0 0 0 0 0 0 0 0
 0 0 0 0 0 0 0 0 0 0 0 0 0 0 0 0 0 0 0 0 0 0 0 0 0 0
 0 0 0 0 0 0 0 0 0 0 0 0 0 0 0 0 0 0 0 0 0 0 0 0 0 0
 0 0 0 0 0 0 0 0 0 0 0 0 0 0 0 0 0 0 0 0 0 0 0 0 0 0
 0 0 0 0 0 0 0 0 0 0 0 0 0 0 0 0 0 0 0 0 0 0 0 0 0 0
 0 0 0 0 0 0 0 0 0 0 0 0 0 0 0 0 0 0 0 0 0 0 0 0 0 0
 0.00862536 0 0 0.000197151 0.00414017 0.0128641 0.00837892 0.0270097 0.101434 0.158115 0.152841 0.127902 0.109271 0.109419 0.0830992 0.0579132 0.0238553 0.00714673 0.00463305 0.00128148 0.00103504 0.000492878 0.000147863 0.000147863 4.92878e-05 0
 0 0 0 0 0 0 0 0 0 0 0 0 0 0 0 0 0 0 0 0 0 0 0 0 0 0
 0 0 0 0 0 0 0 0.0054083 0.00873648 0.0413646 0.0450493 0.0745869 0.0622846 0.0627006 0.0613931 0.0827291 0.12552 0.122667 0.0946155 0.0697135 0.0546179 0.0294188 0.0215738 0.0213955 0.0102223 0.00600262
 0 0 0 0 0.00359764 0.0251062 0.0480494 0.140153 0.205849 0.193036 0.1447 0.116669 0.0760912 0.0342217 0.00950174 0.001854 0.000860785 0 0 0 0.000165536 0 0.000143464 0 0 0
 0 0 0 0 0 0 0 0.000145254 0.000435761 0.0275982 0.070085 0.0708112 0.156366 0.174668 0.174014 0.160142 0.0824315 0.0480064 0.0283245 0.00493863 0.00203355 0 0 0 0 0
 0 0 0 0 0 0 0 0 0 0 0 0 0 0 0 0 0 0 0 0 0 0 0 0 0 0
 0 0 1.00437e-05 0.000401748 0.00122533 0.00171747 0.00176769 0.0269171 0.070346 0.194647 0.189555 0.159765 0.064822 0.0314167 0.0384472 0.0292271 0.0345202 0.0313363 0.0194345 0.0106764 0.0143323 0.0359363 0.0279516 0.0138201 0.00172751 0
 0 0.0021121 0.0136068 0.0755702 0.200478 0.177729 0.0527432 0.0373336 0.0318909 0.0142505 0.0149659 0.0166563 0.0217959 0.0798694 0.0677717 0.0528807 0.04013 0.0224614 0.0357745 0.0225083 0.00881397 0.00855152 0.00135912 0.000746735 0 0
 0 0 0 0 5.4009e-05 0.00500934 0.000945158 0.0243581 0.138947 0.33067 0.221406 0.137944 0.0707744 0.0437923 0.0131692 0.00525238 0.0047753 0.00276346 9.45158e-05 9.00151e-06 2.25038e-05 9.00151e-06 4.50075e-06 0 0 0
 0.000866109 0.00284123 0.00948549 0.0512746 0.133035 0.25785 0.225252 0.132002 0.0553304 0.0519788 0.0540692 0.017754 0.00435017 0.00159236 0.00146478 0.000404838 0.000125132 0.000115318 0.000107957 0.000100596 0 0 0 0 0 0
 0 0 0 0 0.00144013 0.00171154 0.00461396 0.0210425 0.0478622 0.0707936 0.0888783 0.103762 0.0637923 0.0337046 0.0602308 0.124433 0.169614 0.0934646 0.0462172 0.0250306 0.0313229 0.00938855 0.002487 0.000210481 0 0
 0 0.00764035 0.051015 0.0998891 0.058973 0.0496711 0.0374665 0.0718981 0.12319 0.153886 0.159021 0.0857701 0.0377988 0.023471 0.0147837 0.00900784 0.00315554 0.000888139 0.00291439 0.00214683 0.00393193 0.00274676 0.000635225 9.99891e-05 0 0
 0 0 0 0 0 0 0 0 0 0 0 0 0 0 0 0 0 0 0 0 0 0 0 0 0 0
 0 0 0 0 0 0 0 0 0 0 0 0 0 0 0 0 0 0 0 0 0 0 0 0 0 0
 0 0 0 0 0 0 0 0 0 0 0 0 0 0 0 0 0 0 0 0 0 0 0 0 0 0
 0 0 0 0 0 0 0 0 0 0 0 0 0 0 0 0 0 0 0 0 0 0 0 0 0 0
 0 0 0 0 0 0 0 0 0 0 0 0 0 0 0 0 0 0 0 0 0 0 0 0 0 0
 0 0 0 0 0 0 0 0 0 0 0 0 0 0 0 0 0 0 0 0 0 0 0 0 0 0
 0 0 0 0 0 0 0 0 0 0 0 0 0 0 0 0 0 0 0 0 0 0 0 0 0 0
ppred_pel_tallas
 1.32153e-16 9.45163e-06 9.18732e-05 0.000610531 0.0027754 0.00863543 0.0183996 0.0268597 0.0268835 0.0185164 0.00902967 0.00392341 0.00352747 0.00657699 0.0126723 0.0218462 0.033615 0.0468034 0.0601486 0.0730317 0.0855178 0.0975173 0.107846 0.114194 0.11419 0.106778
 1.03051e-16 7.93443e-05 0.000771255 0.00512526 0.0232987 0.0724908 0.154449 0.225424 0.225424 0.154452 0.0724988 0.023322 0.00518494 0.000905156 0.00034464 0.000474173 0.000749106 0.0011058 0.00154859 0.0021071 0.00282136 0.00370517 0.00470511 0.00568676 0.00646445 0.00686265
 1.03326e-16 1.99945e-05 0.000194354 0.00129155 0.00587126 0.0182681 0.0389246 0.0568264 0.056897 0.0392694 0.0194253 0.00921166 0.00966866 0.018456 0.034627 0.0570175 0.0816765 0.101756 0.110305 0.104153 0.0858773 0.0622113 0.0401993 0.0240289 0.014333 0.0094908
 1.00766e-16 7.97073e-05 0.000774784 0.00514871 0.0234053 0.0728225 0.155156 0.226455 0.226456 0.155161 0.0728376 0.0234492 0.00526057 0.00102415 0.000568398 0.000852753 0.00131163 0.00183771 0.00237378 0.00288299 0.00334559 0.00373279 0.00398355 0.00401697 0.00377876 0.00328464
 1.01317e-16 3.42375e-05 0.0003328 0.00221158 0.0100535 0.0312806 0.0666487 0.0972872 0.097342 0.0669164 0.0321794 0.0126479 0.00871782 0.0145164 0.0269138 0.0442893 0.0634452 0.0790474 0.0856908 0.0808998 0.0666539 0.0481532 0.0308434 0.0179693 0.0100473 0.00587809
 1.00039e-16 8.21823e-05 0.000798841 0.00530858 0.024132 0.0750837 0.159974 0.233486 0.233487 0.159974 0.0750855 0.0241371 0.00532125 0.00082675 0.000135897 9.64202e-05 0.000135121 0.000178409 0.000212834 0.000233586 0.000241713 0.000241258 0.000234906 0.00022204 0.000200548 0.000170114
 1.00354e-16 7.01139e-06 6.81533e-05 0.000452907 0.0020589 0.00640649 0.0136529 0.0199453 0.0200331 0.0140818 0.007846 0.00621399 0.0108725 0.0227802 0.043041 0.0708815 0.10149 0.126328 0.136703 0.128615 0.105223 0.0748851 0.0464008 0.0250864 0.0119006 0.00502745
 1.21373e-16 1.50699e-05 0.000146485 0.000973444 0.00442514 0.0137683 0.0293352 0.0428174 0.0428265 0.0293799 0.0139219 0.00488284 0.00217547 0.00294584 0.00584348 0.0109661 0.0188764 0.0301176 0.0449824 0.0631663 0.0832342 0.102254 0.11618 0.121202 0.115466 0.100098
 1.01212e-16 8.10172e-05 0.000787516 0.00523332 0.0237899 0.0740192 0.157706 0.230176 0.230177 0.157707 0.0740247 0.0238059 0.00527386 0.000877161 0.000254826 0.00030302 0.000453898 0.000628558 0.000813224 0.00101747 0.00126916 0.00159378 0.00198584 0.00239324 0.00272816 0.00290003
 1.01054e-16 3.98898e-05 0.000387743 0.00257669 0.0117133 0.0364446 0.077651 0.113344 0.113393 0.07789 0.0372469 0.014029 0.00838384 0.0130463 0.0240265 0.0395152 0.056586 0.070459 0.0762976 0.0718839 0.0589882 0.0422721 0.0266327 0.0150118 0.00790924 0.00427137
 1.00303e-16 8.05906e-05 0.000783369 0.00520576 0.0236646 0.0736295 0.156875 0.228965 0.228966 0.156881 0.0736484 0.0237194 0.00534371 0.00108642 0.000661735 0.000980904 0.00143865 0.00187799 0.00219625 0.00234251 0.00233512 0.00223353 0.00208753 0.00190888 0.00168373 0.00140476
 1.00051e-16 7.93736e-05 0.000771539 0.00512715 0.0233073 0.0725176 0.154507 0.225508 0.225511 0.154523 0.0725739 0.0234698 0.00553464 0.00165987 0.00176286 0.00277925 0.00397363 0.00494995 0.00536456 0.00506144 0.00416374 0.00299654 0.00190101 0.00108163 0.00057299 0.000302742
 1.00166e-16 7.05733e-05 0.000685997 0.00455869 0.0207232 0.0644775 0.137377 0.200508 0.200522 0.137442 0.0646968 0.0213561 0.00614613 0.00414716 0.00663153 0.0108189 0.0155012 0.0193304 0.020985 0.019856 0.0164149 0.0119135 0.00766519 0.00445613 0.0024222 0.00129457
 1.00238e-16 7.72043e-05 0.000750454 0.00498703 0.0226703 0.0705358 0.150284 0.219345 0.219351 0.15031 0.0706235 0.0229236 0.00562271 0.00213779 0.00271088 0.00435638 0.00626048 0.00785571 0.00861965 0.00830986 0.00710219 0.00546961 0.00390062 0.00267685 0.0018371 0.0012822
 1.00113e-16 7.76481e-05 0.000754767 0.00501569 0.0228006 0.0709412 0.151148 0.220606 0.220611 0.151174 0.0710274 0.0230496 0.00564019 0.0021166 0.00265971 0.00426283 0.00610655 0.00762262 0.00828989 0.00786944 0.0065453 0.00480614 0.00316282 0.00191875 0.00112339 0.000670319
 1.00014e-16 8.17134e-05 0.000794284 0.00527829 0.0239944 0.0746554 0.159061 0.232155 0.232155 0.159065 0.0746674 0.024029 0.0053652 0.000983794 0.000441026 0.000598178 0.00084997 0.00106063 0.00115332 0.0010945 0.00090973 0.000666984 0.000437385 0.000263265 0.00015169 8.80498e-05
 1.00379e-16 1.52386e-05 0.000148125 0.000984346 0.00447474 0.013923 0.0296673 0.0433166 0.0433945 0.0300477 0.0151996 0.00815952 0.0102249 0.0202911 0.0381844 0.062877 0.0900456 0.11212 0.121396 0.114327 0.0937023 0.0669109 0.041728 0.0228454 0.011106 0.00491177
 1.00191e-16 8.16911e-05 0.000794067 0.00527685 0.0239878 0.074635 0.159018 0.232091 0.232091 0.159019 0.0746379 0.0239965 0.00529924 0.00084443 0.000181719 0.000182476 0.000281208 0.000407828 0.000550133 0.000700717 0.000850638 0.000983713 0.00107443 0.00109529 0.00103093 0.000888929
 1.00396e-16 4.41562e-05 0.000429214 0.00285228 0.0129661 0.0403425 0.0859556 0.125464 0.125508 0.086172 0.0410688 0.0150624 0.00810931 0.0118884 0.0217574 0.0357689 0.051216 0.0637618 0.0690228 0.0649853 0.0532459 0.0380197 0.0237392 0.0130735 0.00648965 0.00305672
 1.0086e-16 7.67138e-05 0.000745686 0.00495534 0.0225263 0.0700876 0.149329 0.217951 0.217955 0.149348 0.0701518 0.022712 0.00542305 0.00177208 0.00204176 0.00329479 0.00483293 0.00627147 0.00726584 0.0076426 0.00747429 0.00698581 0.00637671 0.00571448 0.00496564 0.00409923
 1.00561e-16 6.95514e-05 0.000676064 0.00449268 0.0204231 0.0635439 0.135388 0.197605 0.197619 0.135457 0.0637754 0.0210913 0.0061687 0.00433087 0.00699913 0.0114306 0.0163888 0.0204612 0.0222612 0.0211541 0.0176411 0.0130395 0.00872024 0.00548823 0.00345734 0.00231873
 1.00246e-16 7.81638e-05 0.00075978 0.005049 0.022952 0.0714123 0.152152 0.222071 0.222075 0.152172 0.0714823 0.0231542 0.0055564 0.00186735 0.00218137 0.00348172 0.00500573 0.00628921 0.00691598 0.00669314 0.00575955 0.00448867 0.00326465 0.00230653 0.00164165 0.00119051
 1.0168e-16 1.06708e-05 0.000103724 0.000689285 0.00313344 0.00974973 0.0207758 0.0303397 0.0304198 0.0211672 0.0110635 0.00692621 0.0102028 0.0208488 0.0393417 0.0648452 0.0929928 0.116059 0.12617 0.11969 0.0994322 0.0728568 0.0477673 0.0288022 0.0167206 0.00989222
 1.01946e-16 7.65641e-05 0.000744231 0.00494567 0.0224823 0.0699508 0.149038 0.217525 0.217526 0.149043 0.0699691 0.0225361 0.00508483 0.00106181 0.000720022 0.00117402 0.00192718 0.00292846 0.00416354 0.00559646 0.00713251 0.00857828 0.00964864 0.0100546 0.0096366 0.00845632
 1.00972e-16 6.88448e-05 0.000669196 0.00444704 0.0202156 0.0628984 0.134012 0.195598 0.195613 0.134085 0.0631414 0.0209172 0.00620662 0.00450563 0.00734111 0.0119916 0.017185 0.0214399 0.0233029 0.022117 0.0184262 0.0136351 0.0091994 0.00596248 0.00401927 0.0030029
 1.03635e-16 2.90017e-05 0.000281907 0.00187338 0.00851613 0.0264971 0.0564569 0.0824117 0.082465 0.0567174 0.0273719 0.0110428 0.0082161 0.0141293 0.0263308 0.0434911 0.0626596 0.0788109 0.0868172 0.0842745 0.0729005 0.057321 0.0422803 0.0304641 0.0221855 0.0164558
 1.01845e-16 7.61959e-05 0.000740651 0.00492189 0.0223742 0.0696144 0.148321 0.216479 0.216482 0.148335 0.0696613 0.0225102 0.005266 0.00150088 0.00154644 0.002505 0.0037621 0.00506675 0.00620956 0.00708091 0.00769955 0.00813309 0.00838422 0.00835532 0.00792325 0.00705036
 1.0057e-16 7.36757e-05 0.000716154 0.0047591 0.0216342 0.067312 0.143416 0.209321 0.209331 0.143462 0.0674676 0.0220834 0.00588585 0.00317313 0.00473192 0.00768545 0.0110158 0.0137524 0.0149634 0.0142254 0.0118809 0.00882111 0.00597041 0.00386667 0.00257612 0.00187577
 1.02915e-16 1.75515e-05 0.000170607 0.00113374 0.00515388 0.016036 0.0341689 0.0498849 0.0499534 0.0345038 0.0171601 0.0084 0.00927917 0.0179428 0.0337424 0.0556814 0.0800329 0.100264 0.109709 0.105265 0.0892401 0.0678017 0.0473444 0.0315883 0.0210682 0.0144575
 1.19253e-16 2.50029e-05 0.000243037 0.00161507 0.00734186 0.0228433 0.0486708 0.0710399 0.0710564 0.048752 0.0231181 0.00814473 0.00366514 0.00483332 0.00907933 0.0158473 0.0248667 0.0355181 0.0470367 0.0588459 0.0704681 0.0809943 0.0887094 0.0914853 0.0878496 0.0779506
 1.01123e-16 8.07664e-05 0.000785078 0.00521712 0.0237163 0.0737901 0.157218 0.229464 0.229464 0.157221 0.0738009 0.0237477 0.00529627 0.000959114 0.000415086 0.000568831 0.000837507 0.00111128 0.00134308 0.00152383 0.0016865 0.00188018 0.00212786 0.00240031 0.00262485 0.00272071
pSPR Fmed_Fpbrs
0.222107   0.264361 0.264361
Fs Fmed_Fpbrs
1.17618   1.005 1.005
SSBpbr Bo_Bmed_Bpbrs
1.30844e+06  225192  280479 280479
Ro
47021
SPR SPRFo_SPRFmed_SPRFpbrs
335618 74543.3 88724.5
Fref
1.005
Nvult_r0
 86621.8 978.211 457.039 1330.2 140.103
CTP_r0
 41450.7 587.276 278.113 810.02 85.3184
YTP_r0
390882
Np
 93670.8 19060.4 2082.2 11.7738 5.88722
Nvult_p0
 74610.4 16400.8 1801.27 10.1882 5.09444
CTP_p0
 27749.7 6320.39 37.803 16.7097 52.2448
 27749.7 8073.1 902.011 5.10654 2.55357
YTP_p0
 310019 355451
CBA_c0
323648
log_Ro
10.5784
likeval ReclasPelacesDesembMPH_pf_preclas_ppelaces_ptallas_desvR_qrecl_qpela
 17.8473 23.6117 0.341524 0.00101147 340.837 124.697 126.39 0 112.781 8.74326e-05 0.000156449 0.0474029 0 0 0
q_reclas_q_pelaces
3.76223 5.92692
M
1
N
 5894.98 14284.9 27739.7 11456.6 0.332883
 215697 1446.35 2707.7 5138.47 2119.6
 9735.8 39813.1 172.044 309.709 828.385
 104824 1784.94 4683.74 19.4549 128.409
 4017.97 11060.7 84.9986 207.767 6.53263
 287218 349.054 383.126 2.7125 6.80825
 4631.21 74136.5 71.8917 77.3372 1.91966
 1253.71 704.995 6432.66 5.93298 6.52292
 59127 267.65 106.413 941.405 1.81973
 5485.57 11631.4 35.3363 13.5584 119.946
 32154.8 471.875 396.446 1.10899 4.17019
 124740 7184.69 76.7423 62.6748 0.833254
 67756.3 17570.4 548.994 5.55284 4.5816
 70093 9055.73 1232.01 36.3436 0.668751
 40514.1 5199.7 242.219 30.0888 0.899454
 270601 2925.34 133.062 5.65098 0.719314
 7039.57 45850.2 302.475 13.1658 0.628784
 513385 1077.08 4011.62 25.1785 1.14515
 96578.8 121502 192.463 699.096 4.58108
 249402 15243.4 11185.5 16.8868 61.5793
 170510 41731.1 1544.09 1083.46 7.58117
 455776 28939.7 4326.88 153.217 108.003
 10275.6 82552 3337.54 479.324 28.8726
 161312 2187.11 12399.2 485.956 73.8693
 166495 36272.9 359.41 1981.4 89.3227
 21133.1 39402.5 6481.16 62.6296 360.343
 125498 4959.25 6943.64 1113.34 72.5527
 217727 26073.6 715.976 970.457 165.448
 16954.8 60449.2 6050.79 163.519 259.197
 6343.93 4862.4 14792.8 1459.92 101.911
 101544 1065.48 495.565 1441.98 151.875
pred_Ctot
 1282.47 4616.02 9196.89 3803.54 0.110524
 71790.7 675.774 1292.02 2454.64 1012.59
 3264.03 18714.5 82.5827 148.829 398.1
 52069.9 1141.58 3039.27 12.6339 83.3912
 2167.29 7502.36 58.3988 142.844 4.49148
 55748 101.75 114.693 0.813174 2.04118
 1840.45 40007.7 39.5185 42.5534 1.05631
 347.496 282.017 2633.86 2.43228 2.67431
 18285.1 117.578 47.7865 423.249 0.81819
 2969.93 7909.96 24.3392 9.34513 82.6759
 8307.96 177.58 152.824 0.428049 1.60971
 52492 4055.34 44.0815 36.0344 0.479096
 29532.9 10190.5 323.834 3.27837 2.70508
 39946.1 6379.72 878.152 25.9209 0.47698
 23286.9 3684.4 173.618 21.5801 0.645122
 98149.9 1466.99 68.065 2.89368 0.368357
 2786.37 24664.8 165.754 7.22181 0.344924
 119950 370.936 1416.58 8.90286 0.404944
 37280.2 64068 103.423 376.046 2.46431
 91511.9 7716.32 5774.67 8.72715 31.8262
 61748.3 20900.4 788.848 554.106 3.8774
 154782 13749.2 2098.85 74.4032 52.45
 2860.66 33148.3 1371.68 197.239 11.8817
 41247.6 815.615 4736.93 185.89 28.2588
 38903.5 12492.8 126.922 700.646 31.5878
 5016.3 13761.4 2320.59 22.4543 129.201
 36151.6 2050.78 2937.74 471.607 30.7352
 34542.4 6315.44 178.346 242.097 41.2771
 2410.9 13222.2 1361.97 36.8628 58.4367
 2319.81 2454.56 7616.21 752.441 52.5275
 41450.7 587.276 278.113 810.02 85.3184
F
 0.405057 0.663106 0.686111 0.687366 0.687432
 0.689678 1.12905 1.16822 1.17036 1.17047
 0.696427 1.1401 1.17965 1.18181 1.18192
 1.24888 2.0445 2.11543 2.1193 2.11951
 1.44331 2.36279 2.44476 2.44923 2.44947
 0.354332 0.580065 0.600189 0.601287 0.601345
 0.882382 1.44452 1.49463 1.49737 1.49751
 0.544183 0.890864 0.921771 0.923457 0.923546
 0.625979 1.02477 1.06032 1.06226 1.06236
 1.45316 2.37893 2.46146 2.46596 2.4662
 0.498611 0.816261 0.844579 0.846124 0.846206
 0.960021 1.57162 1.62614 1.62912 1.62927
 1.01252 1.65757 1.71507 1.71821 1.71837
 1.60122 2.62131 2.71225 2.71721 2.71747
 1.62824 2.66554 2.75801 2.76306 2.76332
 0.775268 1.26917 1.3132 1.3156 1.31573
 0.877291 1.43618 1.48601 1.48873 1.48887
 0.441099 0.72211 0.747162 0.748529 0.748601
 0.846214 1.38531 1.43337 1.43599 1.43613
 0.787819 1.28971 1.33446 1.3369 1.33703
 0.773577 1.2664 1.31033 1.31273 1.31286
 0.708573 1.15998 1.20023 1.20242 1.20254
 0.547194 0.895794 0.926872 0.928567 0.928656
 0.492267 0.805874 0.833832 0.835358 0.835438
 0.441137 0.722171 0.747226 0.748593 0.748665
 0.449587 0.736004 0.761538 0.762931 0.763005
 0.571365 0.935363 0.967814 0.969584 0.969678
 0.281438 0.460734 0.476718 0.47759 0.477636
 0.249021 0.407664 0.421807 0.422579 0.422619
 0.784077 1.28359 1.32812 1.33055 1.33068
 0.917637 1.50223 1.55435 1.55719 1.55734
YTP_r0W_actual
 344041 8280.59 7675.92 27702.7 3182.38
YTP_p0W_proyectada
 207846 99040.5 874.383 490.765 1767.44
 207846 126505 20863.5 149.979 86.3871
CTP_r0_actual
 41450.7 587.276 278.113 810.02 85.3184
CTP_p0_proyectada
 27749.7 6320.39 37.803 16.7097 52.2448
 27749.7 8073.1 902.011 5.10654 2.55357
Wmedp
 7.49 15.67 23.13 29.37 33.83
Frms_r0
 0.917637 1.50223 1.55435 1.55719 1.55734
Zrms_r0
 1.91764 2.50223 2.55435 2.55719 2.55734
nmprior
 8.19 8.8 8.5 0
nm_flota  nm_reclas  nm_pelaces    nm_pelaL
inf 20.6291 4.17528 6.41049
cv_recla  cv_pelaces  cv_mph
0.38213 0.55098 0.981479
 ------------------------------------------------
Talla a la edad & desviaci?n 
 8 13.2811 15.8009 17.003 17.5766
 0.8 1.32811 1.58009 1.7003 1.75766
