years
 1991 1992 1993 1994 1995 1996 1997 1998 1999 2000 2001 2002 2003 2004 2005 2006 2007 2008 2009 2010 2011 2012 2013 2014 2015 2016 2017 2018 2019 2020 2021
reclasobs
 0 0 0 0 0 0 0 0 0 252601 567819 844713 477998 351125 339783 2.1784e+06 2.13404e+06 4.81314e+06 1.55562e+06 2.62356e+06 3.21686e+06 3.843e+06 1.13348e+06 3.07943e+06 1.97215e+06 2.03268e+06 2.025e+06 2.42433e+06 2.27542e+06 1.05018e+06 2.36338e+06
reclaspred
 2.75401e+06 2.09308e+06 741656 768805 144997 3.50419e+06 1.28361e+06 299210 1.0833e+06 232500 343613 952741 735811 622408 402019 2.06129e+06 778224 5.27642e+06 2.43081e+06 2.29794e+06 2.83931e+06 3.46427e+06 1.58141e+06 3.32649e+06 2.5326e+06 1.4794e+06 2.16608e+06 4.05668e+06 2.89063e+06 689077 1.34595e+06
pelacesobs
 0 0 0 0 0 0 0 0 0 0 0 0 0 0 0 552880 188675 0 991730 2.46772e+06 1.41603e+06 1.21717e+06 2.29649e+06 1.80582e+06 0 1.4828e+06 1.56532e+06 1.57751e+06 1.42118e+06 867257 1.10002e+06
pelacespred
 2.11004e+06 1.20302e+06 417611 318811 51982.5 2.21537e+06 702750 207585 626905 91951.5 195215 451088 375567 306190 181657 989686 361401 3.31043e+06 1.3747e+06 1.0755e+06 1.50888e+06 1.81529e+06 922813 2.23763e+06 1.60656e+06 936671 1.54211e+06 2.99971e+06 2.05115e+06 444138 767247
mphobs
 0 0 0 0 0 0 0 0 0 0 0 498337 0 5186 125008 0 168611 109162 213762 579715 649985 157893 87575 83554 0 0 0 0 0 0 0
mphpred
 867320 235906 234255 54054.9 59232.6 8131.02 478394 93223.5 24977.1 107154 9177.1 45015.6 94039.5 47676.9 29255 25782.1 246375 59536.2 649514 174676 306563 253403 432156 157752 403304 334482 142181 237809 685157 279176 41519.2
desembarqueobs
 494567 514787 250237 358949 120608 361735 552515 73892 212993 205616 52469 317467 293654 387597 252695 516296 358380 742168 942051 627588 828172 859565 418607 520667 417249 300574 415391 372974 316634 284311 391294
desembarquepred
 494416 514521 249679 358413 120489 361490 551695 73852.2 212788 205325 52441.1 317031 293147 386662 252233 515565 357926 741304 939845 626219 827248 858122 418042 520159 416628 300150 414841 372573 316167 283500 390883
Reclutas
 5752.49 211853 9476.16 106663 3940.28 287189 4509.87 1228.35 58561.7 5303.17 32546.3 122581 67929.8 70681.8 40418.5 264028 7375.13 490734 109233 249095 170533 440260 9865.77 169343 151626 21228.8 127557 207438 18724.4 6835.97 105055
log_desv_Rt
 -2.10096 1.5053 -1.60182 0.81908 -2.47934 1.80954 -2.34433 -3.64492 0.219485 -2.18229 -0.367932 0.95818 0.36788 0.407593 -0.151308 1.72546 -1.85248 2.34531 0.842887 1.66724 1.28833 2.23677 -1.56152 1.28133 1.17082 -0.795235 0.997965 1.48424 -0.920765 -1.9284 0.803886
SSB
 849312 231008 229391 52932.6 58002.8 7962.2 468461 91287.9 24458.6 104930 8986.56 44081 92087 46687 28647.6 25246.8 241260 58300.1 636028 171050 300198 248141 423184 154476 394930 327537 139229 232872 670931 273380 40657.1
BT
 1.12548e+06 942615 341439 418321 109886 1.27392e+06 704785 135649 455764 207924 125994 447402 407640 529782 323051 828905 393816 2.08976e+06 1.34963e+06 922018 1.27025e+06 1.45601e+06 631501 1.4264e+06 947697 565184 1.07168e+06 1.582e+06 900336 437207 701743
Ftot
 0.682909 1.19582 1.20768 2.15466 2.41868 0.604856 1.45575 0.925783 1.08124 2.5256 0.85154 1.66251 1.747 2.71866 2.76975 1.36563 1.57164 0.800126 1.48563 1.36199 1.31921 1.24988 0.987716 0.833809 0.760888 0.816755 0.995172 0.499135 0.437575 1.43747 1.5278
BD_Bspro_t
 0.896555 0.421302 0.316057 0.102541 0.0976776 0.0201117 0.448731 0.129176 0.0581892 0.216526 0.0356427 0.22196 0.221538 0.107857 0.0651287 0.0607325 0.260478 0.0822391 0.391864 0.147697 0.194376 0.168871 0.26202 0.129473 0.303083 0.313627 0.205049 0.331348 0.554529 0.338206 0.0962963
BD_Bspro
 2.53059 0.688307 0.683488 0.157717 0.172824 0.023724 1.39582 0.271999 0.0728762 0.312646 0.0267762 0.131343 0.27438 0.139108 0.0853576 0.0752247 0.718852 0.17371 1.8951 0.509655 0.894464 0.739356 1.26091 0.460274 1.17672 0.975921 0.414844 0.693859 1.99909 0.814556 0.121141
BD_Bo
 0.649844 0.176754 0.175516 0.0405009 0.0443803 0.00609221 0.358439 0.0698482 0.0187143 0.080286 0.00687599 0.0337282 0.0704596 0.0357222 0.0219194 0.0193173 0.184598 0.0446078 0.486652 0.130877 0.229694 0.189863 0.323795 0.118196 0.302177 0.250612 0.10653 0.17818 0.513357 0.209174 0.0311085
BD_Brms
 3.06161 0.832741 0.82691 0.190812 0.209089 0.0287022 1.68871 0.329076 0.0881685 0.378251 0.0323948 0.158904 0.331956 0.168298 0.103269 0.0910098 0.869696 0.210161 2.29276 0.616601 1.08216 0.894502 1.5255 0.556857 1.42365 1.18071 0.501894 0.839458 2.41858 0.985482 0.146561
Sel_flota
 0.585991 0.994573 0.999958 1 1
 0.585991 0.994573 0.999958 1 1
 0.585991 0.994573 0.999958 1 1
 0.585991 0.994573 0.999958 1 1
 0.585991 0.994573 0.999958 1 1
 0.585991 0.994573 0.999958 1 1
 0.585991 0.994573 0.999958 1 1
 0.585991 0.994573 0.999958 1 1
 0.585991 0.994573 0.999958 1 1
 0.585991 0.994573 0.999958 1 1
 0.585991 0.994573 0.999958 1 1
 0.585991 0.994573 0.999958 1 1
 0.585991 0.994573 0.999958 1 1
 0.585991 0.994573 0.999958 1 1
 0.585991 0.994573 0.999958 1 1
 0.585991 0.994573 0.999958 1 1
 0.585991 0.994573 0.999958 1 1
 0.585991 0.994573 0.999958 1 1
 0.585991 0.994573 0.999958 1 1
 0.585991 0.994573 0.999958 1 1
 0.585991 0.994573 0.999958 1 1
 0.585991 0.994573 0.999958 1 1
 0.585991 0.994573 0.999958 1 1
 0.585991 0.994573 0.999958 1 1
 0.585991 0.994573 0.999958 1 1
 0.585991 0.994573 0.999958 1 1
 0.585991 0.994573 0.999958 1 1
 0.585991 0.994573 0.999958 1 1
 0.585991 0.994573 0.999958 1 1
 0.585991 0.994573 0.999958 1 1
 0.585991 0.994573 0.999958 1 1
Sel_reclas
 0.879246 1 1 1 1
 0.879246 1 1 1 1
 0.879246 1 1 1 1
 0.879246 1 1 1 1
 0.879246 1 1 1 1
 0.879246 1 1 1 1
 0.879246 1 1 1 1
 0.879246 1 1 1 1
 0.879246 1 1 1 1
 0.879246 1 1 1 1
 0.879246 1 1 1 1
 0.879246 1 1 1 1
 0.879246 1 1 1 1
 0.879246 1 1 1 1
 0.879246 1 1 1 1
 0.879246 1 1 1 1
 0.879246 1 1 1 1
 0.879246 1 1 1 1
 0.879246 1 1 1 1
 0.879246 1 1 1 1
 0.879246 1 1 1 1
 0.879246 1 1 1 1
 0.879246 1 1 1 1
 0.879246 1 1 1 1
 0.879246 1 1 1 1
 0.879246 1 1 1 1
 0.879246 1 1 1 1
 0.879246 1 1 1 1
 0.879246 1 1 1 1
 0.879246 1 1 1 1
 0.879246 1 1 1 1
Sel_pelaces
 0.704668 1 1 1 1
 0.704668 1 1 1 1
 0.704668 1 1 1 1
 0.704668 1 1 1 1
 0.704668 1 1 1 1
 0.704668 1 1 1 1
 0.704668 1 1 1 1
 0.704668 1 1 1 1
 0.704668 1 1 1 1
 0.704668 1 1 1 1
 0.704668 1 1 1 1
 0.704668 1 1 1 1
 0.704668 1 1 1 1
 0.704668 1 1 1 1
 0.704668 1 1 1 1
 0.704668 1 1 1 1
 0.704668 1 1 1 1
 0.704668 1 1 1 1
 0.704668 1 1 1 1
 0.704668 1 1 1 1
 0.704668 1 1 1 1
 0.704668 1 1 1 1
 0.704668 1 1 1 1
 0.704668 1 1 1 1
 0.704668 1 1 1 1
 0.704668 1 1 1 1
 0.704668 1 1 1 1
 0.704668 1 1 1 1
 0.704668 1 1 1 1
 0.704668 1 1 1 1
 0.704668 1 1 1 1
pf_obs 
 0.8446 0.082 0.0669 0.0065 0
 0.8095 0.147 0.0364 0.0071 0
 0.9664 0.0169 0.016 0.0007 0
 0.9276 0.0648 0.0075 0.0001 0
 0.7033 0.2144 0.0806 0.0017 0
 0.9318 0.0425 0.0243 0.0014 0
 0.5671 0.3108 0.0964 0.0239 0.0018
 0.0768 0.2599 0.5324 0.112 0.0189
 0.490249 0.384438 0.106611 0.0170017 0.00170017
 0.7925 0.1577 0.0466 0.003 0.0002
 0.840416 0.127587 0.0312969 0.00059994 9.999e-05
 0.8084 0.0986 0.0794 0.0134 0.0002
 0.7335 0.1905 0.0724 0.0035 0.0001
 0.4001 0.4547 0.1325 0.0127 0
 0.49795 0.308269 0.164784 0.0264974 0.00249975
 0.9179 0.0499 0.0305 0.0017 0
 0.2467 0.6533 0.0926 0.0074 0
 0.9418 0.0223 0.034 0.0019 0
 0.707729 0.231977 0.0356964 0.0245975 0
 0.517169 0.277429 0.184464 0.0207286 0.00020938
 0.811772 0.124168 0.05621 0.00726502 0.000585176
 0.764997 0.148141 0.077277 0.00933861 0.000247198
 0.163321 0.427699 0.378323 0.0303852 0.000271297
 0.753843 0.0900009 0.118128 0.0371064 0.000921714
 0.721811 0.176058 0.0630433 0.0369309 0.00215725
 0.143369 0.312575 0.442814 0.0836902 0.0175525
 0.692698 0.0596174 0.167031 0.0765114 0.00414204
 0.394062 0.376323 0.152708 0.0712218 0.00568511
 0.125707 0.32114 0.495352 0.0537591 0.00404204
 0.23352 0.215282 0.420074 0.123614 0.00750983
 0.796117 0.104755 0.0508955 0.0450114 0.00322123
pf_pred 
 0.0659716 0.238445 0.48925 0.206331 2.2871e-06
 0.928818 0.00890612 0.0159898 0.0325566 0.0137294
 0.142289 0.830589 0.00342246 0.00608536 0.0176141
 0.930062 0.0195469 0.0488127 0.000199184 0.00137918
 0.213301 0.768482 0.00514231 0.0126651 0.000409484
 0.996089 0.00188221 0.00198222 1.30664e-05 3.32181e-05
 0.0418025 0.956301 0.000916374 0.000957927 2.23661e-05
 0.103981 0.0885565 0.805882 0.000763977 0.000817197
 0.96864 0.00630736 0.00249536 0.0225134 4.41692e-05
 0.264909 0.724757 0.00209405 0.000820845 0.00741975
 0.964948 0.0196711 0.0151681 4.31506e-05 0.000169787
 0.924022 0.0746969 0.000721724 0.000551888 7.74718e-06
 0.741157 0.251144 0.00757056 7.23006e-05 5.60578e-05
 0.847985 0.134923 0.0165903 0.000494132 8.37719e-06
 0.85398 0.139449 0.00584305 0.000706751 2.14043e-05
 0.983955 0.0153645 0.000650008 2.67855e-05 3.33754e-06
 0.108794 0.885313 0.00564607 0.000236394 1.09542e-05
 0.986461 0.00326584 0.0102055 6.43579e-05 2.81921e-06
 0.409105 0.587044 0.000934572 0.00289678 1.90667e-05
 0.870322 0.0826517 0.0467234 7.35785e-05 0.000229544
 0.733979 0.250795 0.00974099 0.00544984 3.53535e-05
 0.902785 0.0845297 0.0119662 0.000460061 0.000259042
 0.0762441 0.883555 0.0350004 0.00490591 0.000294796
 0.89487 0.0160989 0.085189 0.00334485 0.000496977
 0.71312 0.271761 0.00233151 0.0122359 0.000551776
 0.248836 0.628248 0.116488 0.000991427 0.00543735
 0.880269 0.0489907 0.0592436 0.010895 0.000601242
 0.826292 0.163615 0.00415152 0.00497598 0.000965527
 0.157659 0.759027 0.0785048 0.001978 0.00283069
 0.193627 0.210558 0.537246 0.0551882 0.00338029
 0.963607 0.0137259 0.00596575 0.01506 0.00164165
pobs_RECLAS
 0 0 0 0 0
 0 0 0 0 0
 0 0 0 0 0
 0 0 0 0 0
 0 0 0 0 0
 0 0 0 0 0
 0 0 0 0 0
 0 0 0 0 0
 0 0 0 0 0
 0 0 0 0 0
 0.991045 0.00858322 0.000360255 1.14367e-05 0
 0.934742 0.0480273 0.0164251 0.00080598 0
 0.827803 0.169806 0.00239088 0 0
 0.941827 0.0461693 0.0120037 0 0
 0.791401 0.0380133 0.147996 0.0225897 0
 0.846168 0.0940531 0.0597789 0 0
 0.134021 0.677848 0.182769 0.00536245 0
 0.80878 0.0450904 0.141981 0.00414843 0
 0.846168 0.0940531 0.0597789 0 0
 0.905697 0.0802665 0.012482 0.00150086 5.37128e-05
 0.989698 0.0102097 9.19794e-05 0 0
 0.975433 0.0193895 0.00387452 0.00125025 5.28907e-05
 0.303575 0.632131 0.0575291 0.00676475 0
 0.966965 0.00978017 0.0227588 0.000495775 0
 0.843318 0.132988 0.00938335 0.0141283 0.000182051
 0.564624 0.303363 0.111486 0.0197234 0.00080311
 0.826376 0.0876187 0.0782897 0.00655872 0.00115652
 0.89761 0.0855135 0.0140674 0.00269457 0.000114338
 0.34875 0.467042 0.161289 0.0227151 0.000203297
 0.318654 0.224769 0.449479 0.00709798 0
 0.937255 0.0296025 0.0250945 0.00804832 0
ppred_RECLAS
 0.0987566 0.231089 0.471371 0.198782 2.20342e-06
 0.95475 0.00569395 0.0101566 0.0206787 0.00872038
 0.210773 0.764428 0.00312941 0.00556402 0.016105
 0.959731 0.0113201 0.0280424 0.000114422 0.000792275
 0.333229 0.65146 0.0043222 0.0106446 0.000344155
 0.997459 0.00122645 0.00128412 8.46429e-06 2.15184e-05
 0.0670638 0.931102 0.000886127 0.000926259 2.16267e-05
 0.155004 0.0839779 0.759528 0.000719999 0.000770156
 0.980167 0.0040093 0.00157616 0.0142196 2.78975e-05
 0.402526 0.589147 0.0016874 0.000661398 0.00597848
 0.977348 0.0127463 0.00976897 2.77897e-05 0.000109346
 0.953432 0.0457878 0.000439237 0.000335857 4.71462e-06
 0.829507 0.165457 0.00495122 4.72826e-05 3.66603e-05
 0.914658 0.0758233 0.00923851 0.000275144 4.66462e-06
 0.918768 0.0776087 0.00322196 0.000389686 1.18018e-05
 0.990118 0.00946606 0.000397784 1.6391e-05 2.04236e-06
 0.169116 0.825427 0.00522723 0.000218846 1.01411e-05
 0.991303 0.00210749 0.00654626 4.12802e-05 1.80828e-06
 0.53364 0.463342 0.000732563 0.00227051 1.49446e-05
 0.916558 0.0533118 0.0299355 4.7139e-05 0.00014706
 0.817793 0.171844 0.00663018 0.00370923 2.4062e-05
 0.937565 0.0543343 0.00764134 0.00029377 0.00016541
 0.115371 0.846359 0.0333189 0.00466999 0.000280619
 0.930343 0.0107216 0.056392 0.00221407 0.000328965
 0.794297 0.194924 0.00166235 0.0087237 0.000393394
 0.340801 0.551874 0.101711 0.000865627 0.00474741
 0.921035 0.0324297 0.0389729 0.00716686 0.000395503
 0.87902 0.113988 0.0028758 0.00344676 0.000668801
 0.221767 0.701653 0.0721602 0.00181806 0.0026018
 0.284148 0.187868 0.476086 0.0489031 0.00299532
 0.977846 0.00839216 0.00362218 0.00914341 0.000996697
pobs_PELACES
 0 0 0 0 0
 0 0 0 0 0
 0 0 0 0 0
 0 0 0 0 0
 0 0 0 0 0
 0 0 0 0 0
 0 0 0 0 0
 0 0 0 0 0
 0 0 0 0 0
 0 0 0 0 0
 0 0 0 0 0
 0 0 0 0 0
 0 0 0 0 0
 0 0 0 0 0
 0 0 0 0 0
 0 0 0 0 0
 0.505614 0.472636 0.0217494 0 0
 0 0 0 0 0
 0.443492 0.261883 0.143347 0.151278 0
 0.227955 0.32914 0.350689 0.0885471 0.00366901
 0.970185 0.0296113 0.000203453 0 0
 0.997202 0.00247181 0.000326279 0 0
 0.445219 0.490057 0.0546422 0.010081 0
 0.90214 0.0892962 0.00764917 0.000914606 0
 0 0 0 0 0
 0.581667 0.319106 0.0959925 0.00289975 0.000334073
 0.762889 0.0836404 0.116647 0.0363945 0.000428098
 0.88444 0.0763242 0.0277011 0.0115352 0
 0.521256 0.241999 0.230069 0.00667565 0
 0.616807 0.101726 0.260614 0.0208532 0
 0.833518 0.0704572 0.0857862 0.0102388 0
ppred_PELACES
 0.0879062 0.234083 0.476898 0.201111 2.22924e-06
 0.952167 0.0060303 0.0107338 0.0218534 0.00921574
 0.201217 0.773737 0.00316073 0.00561961 0.0162659
 0.962421 0.0105931 0.0261411 0.000106661 0.000738535
 0.356924 0.628372 0.00415113 0.0102229 0.000330523
 0.997081 0.00140991 0.00147463 9.71991e-06 2.47106e-05
 0.0655134 0.932654 0.000885311 0.000925388 2.16064e-05
 0.142961 0.0853011 0.770227 0.000730132 0.000780995
 0.978676 0.00431737 0.00169401 0.0152826 2.9983e-05
 0.43151 0.560602 0.00159846 0.000626513 0.00566314
 0.974882 0.0141432 0.0108232 3.07884e-05 0.000121145
 0.95356 0.0456649 0.000436766 0.00033396 4.68799e-06
 0.831521 0.163518 0.00487802 4.65825e-05 3.61174e-05
 0.92537 0.066342 0.00804433 0.00023957 4.06151e-06
 0.929436 0.0674314 0.00278569 0.000336909 1.02034e-05
 0.989748 0.00982123 0.000411709 1.69645e-05 2.11382e-06
 0.167798 0.826752 0.00522102 0.000218582 1.01288e-05
 0.990279 0.00235825 0.00731476 4.61257e-05 2.02054e-06
 0.528407 0.468549 0.000738842 0.00228993 1.50724e-05
 0.913699 0.0551872 0.0309136 4.86783e-05 0.000151862
 0.811247 0.178041 0.00685321 0.00383393 2.48709e-05
 0.934419 0.0570889 0.00801092 0.000307973 0.000173407
 0.106681 0.854738 0.0335898 0.00470788 0.000282897
 0.923035 0.0118613 0.0622945 0.00244578 0.000363393
 0.774229 0.213955 0.00182219 0.00956239 0.000431214
 0.316327 0.572499 0.10536 0.000896665 0.00491763
 0.914541 0.0351335 0.0421477 0.00775057 0.000427714
 0.861666 0.130346 0.00328558 0.00393787 0.000764094
 0.195028 0.725816 0.0745872 0.0018792 0.00268929
 0.278962 0.189586 0.479214 0.0492234 0.00301494
 0.977548 0.0085193 0.00366709 0.00925657 0.00100903
pobs_pel_tallas
 0 0 0 0 0 0 0 0 0 0 0 0 0 0 0 0 0 0 0 0 0 0 0 0 0 0
 0 0 0 0 0 0 0 0 0 0 0 0 0 0 0 0 0 0 0 0 0 0 0 0 0 0
 0 0 0 0 0 0 0 0 0 0 0 0 0 0 0 0 0 0 0 0 0 0 0 0 0 0
 0 0 0 0 0 0 0 0 0 0 0 0 0 0 0 0 0 0 0 0 0 0 0 0 0 0
 0 0 0 0 0 0 0 0 0 0 0 0 0 0 0 0 0 0 0 0 0 0 0 0 0 0
 0 0 0 0 0 0 0 0 0 0 0 0 0 0 0 0 0 0 0 0 0 0 0 0 0 0
 0 0 0 0 0 0 0 0 0 0 0 0 0 0 0 0 0 0 0 0 0 0 0 0 0 0
 0 0 0 0 0 0 0 0 0 0 0 0 0 0 0 0 0 0 0 0 0 0 0 0 0 0
 0 0 0 0 0 0 0 0 0 0 0 0 0 0 0 0 0 0 0 0 0 0 0 0 0 0
 0 0 0 0 0 0 0 0 0 0 0 0 0 0 0 0 0 0 0 0 0 0 0 0 0 0
 0 0 0 0 0 0 0 0 0 0 0 0 0 0 0 0 0 0 0 0 0 0 0 0 0 0
 0 0 0 0 0 0 0 0 0 0 0 0 0 0 0 0 0 0 0 0 0 0 0 0 0 0
 0.00862536 0 0 0.000197151 0.00414017 0.0128641 0.00837892 0.0270097 0.101434 0.158115 0.152841 0.127902 0.109271 0.109419 0.0830992 0.0579132 0.0238553 0.00714673 0.00463305 0.00128148 0.00103504 0.000492878 0.000147863 0.000147863 4.92878e-05 0
 0 0 0 0 0 0 0 0 0 0 0 0 0 0 0 0 0 0 0 0 0 0 0 0 0 0
 0 0 0 0 0 0 0 0.0054083 0.00873648 0.0413646 0.0450493 0.0745869 0.0622846 0.0627006 0.0613931 0.0827291 0.12552 0.122667 0.0946155 0.0697135 0.0546179 0.0294188 0.0215738 0.0213955 0.0102223 0.00600262
 0 0 0 0 0.00359764 0.0251062 0.0480494 0.140153 0.205849 0.193036 0.1447 0.116669 0.0760912 0.0342217 0.00950174 0.001854 0.000860785 0 0 0 0.000165536 0 0.000143464 0 0 0
 0 0 0 0 0 0 0 0.000145254 0.000435761 0.0275982 0.070085 0.0708112 0.156366 0.174668 0.174014 0.160142 0.0824315 0.0480064 0.0283245 0.00493863 0.00203355 0 0 0 0 0
 0 0 0 0 0 0 0 0 0 0 0 0 0 0 0 0 0 0 0 0 0 0 0 0 0 0
 0 0 1.00437e-05 0.000401748 0.00122533 0.00171747 0.00176769 0.0269171 0.070346 0.194647 0.189555 0.159765 0.064822 0.0314167 0.0384472 0.0292271 0.0345202 0.0313363 0.0194345 0.0106764 0.0143323 0.0359363 0.0279516 0.0138201 0.00172751 0
 0 0.0021121 0.0136068 0.0755702 0.200478 0.177729 0.0527432 0.0373336 0.0318909 0.0142505 0.0149659 0.0166563 0.0217959 0.0798694 0.0677717 0.0528807 0.04013 0.0224614 0.0357745 0.0225083 0.00881397 0.00855152 0.00135912 0.000746735 0 0
 0 0 0 0 5.4009e-05 0.00500934 0.000945158 0.0243581 0.138947 0.33067 0.221406 0.137944 0.0707744 0.0437923 0.0131692 0.00525238 0.0047753 0.00276346 9.45158e-05 9.00151e-06 2.25038e-05 9.00151e-06 4.50075e-06 0 0 0
 0.000866109 0.00284123 0.00948549 0.0512746 0.133035 0.25785 0.225252 0.132002 0.0553304 0.0519788 0.0540692 0.017754 0.00435017 0.00159236 0.00146478 0.000404838 0.000125132 0.000115318 0.000107957 0.000100596 0 0 0 0 0 0
 0 0 0 0 0.00144013 0.00171154 0.00461396 0.0210425 0.0478622 0.0707936 0.0888783 0.103762 0.0637923 0.0337046 0.0602308 0.124433 0.169614 0.0934646 0.0462172 0.0250306 0.0313229 0.00938855 0.002487 0.000210481 0 0
 0 0.00764035 0.051015 0.0998891 0.058973 0.0496711 0.0374665 0.0718981 0.12319 0.153886 0.159021 0.0857701 0.0377988 0.023471 0.0147837 0.00900784 0.00315554 0.000888139 0.00291439 0.00214683 0.00393193 0.00274676 0.000635225 9.99891e-05 0 0
 0 0 0 0 0 0 0 0 0 0 0 0 0 0 0 0 0 0 0 0 0 0 0 0 0 0
 0 0 0 0 0 0 0 0 0 0 0 0 0 0 0 0 0 0 0 0 0 0 0 0 0 0
 0 0 0 0 0 0 0 0 0 0 0 0 0 0 0 0 0 0 0 0 0 0 0 0 0 0
 0 0 0 0 0 0 0 0 0 0 0 0 0 0 0 0 0 0 0 0 0 0 0 0 0 0
 0 0 0 0 0 0 0 0 0 0 0 0 0 0 0 0 0 0 0 0 0 0 0 0 0 0
 0 0 0 0 0 0 0 0 0 0 0 0 0 0 0 0 0 0 0 0 0 0 0 0 0 0
 0 0 0 0 0 0 0 0 0 0 0 0 0 0 0 0 0 0 0 0 0 0 0 0 0 0
ppred_pel_tallas
 1.33992e-16 7.24077e-06 7.03829e-05 0.00046772 0.0021262 0.00661553 0.0140959 0.0205783 0.0206016 0.0142102 0.00700145 0.00325067 0.0033274 0.00643658 0.0124623 0.0215503 0.0333022 0.0466507 0.0604407 0.0741068 0.0876677 0.100881 0.112345 0.119527 0.119904 0.112373
 1.04063e-16 7.84287e-05 0.000762355 0.00506612 0.0230298 0.0716544 0.152667 0.222822 0.222823 0.15267 0.0716644 0.0230592 0.00514129 0.000931075 0.000412961 0.000597136 0.000947616 0.00140332 0.00197399 0.00270092 0.00363852 0.00480645 0.0061358 0.00745017 0.00850337 0.00905975
 1.03606e-16 1.65741e-05 0.000161106 0.00107061 0.00486689 0.0151431 0.0322667 0.0471098 0.0471842 0.0326302 0.0163631 0.00838849 0.00990214 0.0194134 0.0365009 0.0601103 0.0861076 0.107277 0.116292 0.109811 0.0905528 0.0656176 0.042433 0.025413 0.0152219 0.0101459
 1.00893e-16 7.92733e-05 0.000770565 0.00512067 0.0232778 0.072426 0.154311 0.225222 0.225223 0.154317 0.0724436 0.023329 0.00525091 0.00106088 0.000648185 0.000991687 0.00152652 0.00213845 0.0027616 0.00335315 0.00389029 0.0043399 0.00463131 0.00467066 0.00439478 0.00382166
 1.01362e-16 2.93995e-05 0.000285773 0.00189907 0.00863292 0.0268606 0.0572315 0.0835437 0.0836041 0.0575267 0.0278514 0.011493 0.00907177 0.0159221 0.0296616 0.048823 0.0699376 0.0871296 0.0944389 0.0891344 0.0733979 0.0529644 0.0338415 0.0196131 0.0108552 0.00625079
 1.00049e-16 8.21282e-05 0.000798316 0.00530509 0.0241162 0.0750343 0.159869 0.233333 0.233333 0.159869 0.0750366 0.0241227 0.0053217 0.000834896 0.000152499 0.00012444 0.000176616 0.000232918 0.000277175 0.000303143 0.000312303 0.000310193 0.000300655 0.000283165 0.000255101 0.000215991
 1.00361e-16 5.39645e-06 5.24555e-05 0.000348589 0.00158469 0.00493104 0.0105094 0.0153576 0.0154473 0.0109475 0.00640139 0.00582878 0.0109914 0.023251 0.0439612 0.0723997 0.103664 0.129034 0.139631 0.131371 0.107478 0.0764907 0.0473964 0.0256253 0.0121567 0.00513579
 1.22455e-16 1.17755e-05 0.000114462 0.000760641 0.00345777 0.0107585 0.0229224 0.0334578 0.0334672 0.0229688 0.0109177 0.00393265 0.00200849 0.00302277 0.00607311 0.0114185 0.0196851 0.0314588 0.04706 0.0661747 0.0872905 0.107316 0.121987 0.127294 0.121288 0.105154
 1.01588e-16 8.06123e-05 0.00078358 0.00520716 0.023671 0.0736493 0.156918 0.229026 0.229026 0.15692 0.0736563 0.0236913 0.00525845 0.00089704 0.00030075 0.000382678 0.00057654 0.000800822 0.00104052 0.00130899 0.00164232 0.0020726 0.00259127 0.00312925 0.00357125 0.00379871
 1.01211e-16 3.5543e-05 0.000345491 0.00229591 0.0104369 0.0324734 0.06919 0.100996 0.10105 0.0694533 0.0333572 0.0129882 0.00869379 0.0142918 0.0264622 0.0435346 0.062343 0.0776286 0.0840636 0.0792055 0.0650053 0.0465991 0.0293821 0.0165944 0.00878461 0.0047893
 1.0034e-16 8.02997e-05 0.000780542 0.00518697 0.0235792 0.0733638 0.156309 0.228138 0.22814 0.156316 0.0733864 0.0236448 0.00535223 0.0011434 0.000775575 0.00117102 0.00171589 0.00223352 0.00260053 0.00275582 0.00272323 0.00257805 0.00238519 0.00216335 0.001898 0.00157899
 1.00059e-16 7.85435e-05 0.00076347 0.00507353 0.0230635 0.0717592 0.152891 0.223149 0.223154 0.152912 0.0718312 0.0232714 0.00559479 0.00189981 0.00223199 0.0035534 0.0050825 0.00633089 0.00686024 0.00647093 0.00532048 0.00382491 0.00242097 0.00137063 0.000718591 0.000372582
 1.00194e-16 6.84913e-05 0.00066576 0.00442421 0.0201118 0.0625754 0.133324 0.194594 0.19461 0.133401 0.0628334 0.0208565 0.00629184 0.00473785 0.00778751 0.0127275 0.0182372 0.0227425 0.0246891 0.023361 0.0193125 0.0140166 0.00901828 0.00524254 0.00284926 0.00152221
 1.00274e-16 7.62215e-05 0.0007409 0.00492354 0.0223817 0.0696379 0.148371 0.216553 0.21656 0.148402 0.0697427 0.0226845 0.00568345 0.00239927 0.00322419 0.00520534 0.00748066 0.00938394 0.0102911 0.00991219 0.00845831 0.00649652 0.00461307 0.00314659 0.00214439 0.00148737
 1.00134e-16 7.65564e-05 0.000744156 0.00494518 0.0224801 0.0699438 0.149023 0.217505 0.217511 0.149055 0.0700502 0.0227872 0.00571565 0.00242428 0.00326201 0.00525739 0.00753257 0.00940154 0.0102223 0.00969991 0.00806183 0.00591156 0.00388029 0.00234321 0.00136185 0.000804871
 1.00017e-16 8.15242e-05 0.000792445 0.00526607 0.0239388 0.0744825 0.158693 0.231617 0.231618 0.158698 0.074498 0.0239835 0.00537829 0.00103715 0.000545469 0.000770646 0.00109727 0.00136914 0.00148846 0.00141199 0.00117278 0.000858692 0.000561713 0.000336623 0.000192606 0.000110774
 1.00386e-16 1.38215e-05 0.00013435 0.000892805 0.00405861 0.0126283 0.0269088 0.0392909 0.0393704 0.0272972 0.0139318 0.00782127 0.0103286 0.020703 0.0389897 0.0642058 0.0919487 0.114489 0.123961 0.116742 0.095681 0.0683227 0.0426069 0.0233247 0.0113369 0.00501174
 1.00217e-16 8.1568e-05 0.00079287 0.0052689 0.0239516 0.0745224 0.158778 0.231741 0.231741 0.158779 0.0745264 0.0239632 0.00529842 0.000859006 0.000212119 0.000234405 0.000359443 0.000513277 0.000679342 0.000847693 0.00100937 0.00114917 0.00124146 0.00125696 0.00117856 0.00101419
 1.00374e-16 4.35243e-05 0.000423072 0.00281146 0.0127805 0.0397652 0.0847256 0.123669 0.123714 0.0849457 0.0405039 0.0149128 0.00815848 0.0120784 0.0221284 0.0363808 0.0520917 0.064851 0.0701995 0.0660885 0.0541412 0.0386449 0.0241086 0.0132484 0.00654168 0.00304372
 1.00937e-16 7.52602e-05 0.000731556 0.00486144 0.0220994 0.0687595 0.1465 0.213822 0.213827 0.146526 0.0688475 0.022354 0.0055022 0.00213579 0.00275804 0.00448159 0.00654338 0.00842345 0.00963745 0.00994599 0.00946781 0.00855306 0.00752991 0.00653885 0.00555565 0.00452395
 1.00633e-16 6.68214e-05 0.000649527 0.00431634 0.0196215 0.0610497 0.130074 0.18985 0.189867 0.130157 0.0613307 0.0204325 0.00635074 0.00508592 0.00847849 0.0138747 0.0198956 0.0248412 0.0270292 0.0256877 0.021423 0.0158313 0.0105751 0.00663166 0.00414253 0.00273838
 1.00307e-16 7.69669e-05 0.000748145 0.00497169 0.0226006 0.0703188 0.149822 0.218671 0.218676 0.149849 0.0704091 0.0228613 0.00562601 0.00217638 0.00278892 0.00448732 0.00645277 0.00810516 0.00890882 0.00861495 0.00740317 0.00575632 0.00417142 0.00293243 0.00207533 0.00149731
 1.01708e-16 8.78737e-06 8.54165e-05 0.000567626 0.0025804 0.00802902 0.0171097 0.0249894 0.0250716 0.0175115 0.00937761 0.00647373 0.0103333 0.0213805 0.0403825 0.0665638 0.095457 0.119133 0.129509 0.122853 0.102052 0.0747649 0.0490029 0.0295287 0.0171227 0.0101124
 1.02108e-16 7.60292e-05 0.000739031 0.00491112 0.0223252 0.0694621 0.147996 0.216005 0.216007 0.148002 0.0694828 0.0223863 0.0050689 0.0010984 0.000802165 0.00131924 0.00215632 0.00325789 0.00460301 0.00615003 0.00779846 0.00934439 0.0104848 0.0109102 0.0104483 0.00916472
 1.0114e-16 6.37723e-05 0.000619889 0.00411938 0.0187261 0.058264 0.124138 0.181188 0.181209 0.124239 0.0586015 0.0197002 0.00656235 0.00594611 0.0101594 0.016643 0.0238492 0.0297434 0.0323054 0.0306188 0.0254363 0.0187095 0.0124657 0.00788839 0.00512456 0.00367891
 1.04109e-16 2.60556e-05 0.00025327 0.00168307 0.00765102 0.0238055 0.0507221 0.0740419 0.0740971 0.0509919 0.0247114 0.0102681 0.00825365 0.0146013 0.0272881 0.0451027 0.065038 0.0819183 0.0904548 0.0881592 0.0767785 0.0610344 0.0457513 0.033633 0.0249704 0.0187648
 1.02076e-16 7.53295e-05 0.00073223 0.00486592 0.0221198 0.0688229 0.146635 0.214018 0.214022 0.146651 0.0688797 0.0222846 0.00528258 0.00165139 0.00184908 0.00301111 0.00450168 0.00601899 0.00730092 0.00821373 0.00879368 0.00915178 0.00932895 0.0092397 0.00874913 0.00780129
 1.00653e-16 7.09743e-05 0.000689896 0.0045846 0.0208409 0.064844 0.138157 0.201647 0.20166 0.138219 0.0650496 0.0214346 0.00607354 0.00393652 0.00622595 0.0101519 0.0145508 0.0181596 0.0197461 0.0187492 0.0156204 0.0115387 0.00772941 0.00490979 0.00317467 0.00223562
 1.02982e-16 1.60644e-05 0.000156152 0.00103769 0.00471721 0.0146774 0.0312743 0.0456603 0.0457303 0.0316158 0.015824 0.00802846 0.00934675 0.0182861 0.0344216 0.05681 0.0816666 0.102334 0.112017 0.10755 0.0912784 0.0694795 0.0486571 0.0325905 0.0218211 0.0150044
 1.19325e-16 2.29778e-05 0.000223352 0.00148426 0.00674722 0.0209932 0.0447289 0.0652872 0.0653062 0.0448221 0.0213079 0.00766528 0.00382304 0.00544253 0.0102677 0.0178047 0.0276626 0.0389844 0.0507635 0.0623151 0.073257 0.0829234 0.0898543 0.0920739 0.0881308 0.0781086
 1.01208e-16 8.05193e-05 0.000782677 0.00520116 0.0236437 0.0735644 0.156737 0.228762 0.228763 0.156741 0.073578 0.0236832 0.0053006 0.00100112 0.000499585 0.000710025 0.00104359 0.00137622 0.0016462 0.00183811 0.00199049 0.00216539 0.00239708 0.0026597 0.00287631 0.00295931
pSPR Fmed_Fpbrs
0.214768   0.262256 0.262256
Fs Fmed_Fpbrs
1.20178   1.005 1.005
SSBpbr Bo_Bmed_Bpbrs
1.30695e+06  215344  277407 277407
Ro
47021
SPR SPRFo_SPRFmed_SPRFpbrs
335618 72080.2 88017.8
Fref
1.005
Nvult_r0
 89267.4 995.938 431.943 1090.39 118.86
CTP_r0
 42167.5 600.648 261.062 659.029 71.839
YTP_r0
390883
Np
 91209.2 18620 2137.54 11.7416 5.72644
Nvult_p0
 72589.2 16098.9 1849.69 10.1605 4.95532
CTP_p0
 26904.6 6823.3 37.8177 16.2561 44.3097
 26904.6 8047.62 927.13 5.0929 2.48384
YTP_p0
 311288 349300
CBA_c0
322691
log_Ro
10.5784
likeval ReclasPelacesDesembMPH_pf_preclas_ppelaces_ptallas_desvR_qrecl_qpela
 17.7203 21.863 0.347186 0.00098688 341.968 124.2 127.005 0 112.313 0.000103667 0.000202851 0.048648 0 0 0
q_reclas_q_pelaces
4.23248 7.5859
M
1
N
 5752.49 13607.2 27806.7 11726.5 0.129984
 211853 1418.29 2538.05 5167.55 2179.2
 9476.16 38673.4 158.836 282.415 817.449
 106663 1717.88 4280.32 17.4659 120.936
 3940.28 11101.3 74.1342 182.584 5.90324
 287189 351.315 368.435 2.42856 6.17404
 4509.87 74121 70.8178 74.0273 1.72842
 1228.35 706.956 6409.94 6.07646 6.49976
 58561.7 262.677 103.566 934.359 1.83313
 5303.17 11432.8 32.9687 12.9231 116.814
 32546.3 444.115 341.16 0.970511 3.81872
 122581 7269.36 70.047 53.5624 0.751887
 67929.8 17022.9 511.803 4.88774 3.78968
 70681.8 8977.76 1101.91 32.8193 0.556397
 40418.5 5286.09 221.097 26.7425 0.80991
 264028 2933.62 123.731 5.09859 0.635298
 7375.13 43632.8 277.487 11.6178 0.538356
 490734 1080.2 3362.55 21.2043 0.928858
 109233 112960 179.311 555.774 3.65812
 249095 16825.9 9482.72 14.9327 46.5858
 170533 41252.8 1597.3 893.63 5.79703
 440260 28959.1 4086.4 157.105 88.4596
 9865.77 77862.9 3073.42 430.78 25.8855
 169343 2034.56 10725.2 421.1 62.5668
 151626 38218.6 326.605 1713.98 77.2918
 21228.8 35714.1 6596.66 56.1426 307.906
 127557 4839.2 5831.19 1072.34 59.177
 207438 26190.5 661.648 793.019 153.875
 18724.4 56959.7 5864.82 147.764 211.464
 6835.97 5330.34 13560.3 1392.94 85.3178
 105055 1083.13 469.421 1184.99 129.172
pred_Ctot
 1238.73 4477.24 9186.54 3874.23 0.0429444
 71353.8 684.187 1228.37 2501.07 1054.72
 3215.13 18767.8 77.3332 137.504 398.004
 53326.6 1120.75 2798.75 11.4205 79.0774
 2104.28 7581.29 50.7304 124.945 4.03968
 55757.1 105.359 110.957 0.731402 1.85942
 1750.68 40049.6 38.3775 40.1177 0.936687
 339.628 289.249 2632.22 2.49535 2.66918
 18279.1 119.025 47.0895 424.846 0.833511
 2899.74 7933.33 22.9219 8.98514 81.2181
 8414.33 171.532 132.266 0.376272 1.48054
 52089.8 4210.89 40.6857 31.1115 0.436731
 29821.6 10105.2 304.613 2.90912 2.25557
 40176.7 6392.5 786.031 23.4115 0.396903
 23194.3 3787.46 158.699 19.1955 0.581345
 97970 1529.8 64.7196 2.66696 0.332311
 3017.97 24558.8 156.623 6.55763 0.303873
 120587 399.221 1247.53 7.86721 0.344625
 43006.3 61711.8 98.2449 304.517 2.00434
 92253.1 8760.99 4952.63 7.79924 24.3314
 61726.1 21091.3 819.197 458.32 2.97315
 153211 14345.5 2030.77 78.0767 43.9619
 2870.96 33270.1 1317.94 184.731 11.1005
 43038.9 774.281 4097.18 160.871 23.9022
 35744.5 13621.8 116.865 613.313 27.6573
 5305.15 13394.2 2483.5 21.1371 115.924
 37338.4 2078.04 2512.94 462.135 25.5029
 34053.1 6742.88 171.092 205.07 39.7912
 2733.53 13160.1 1361.13 34.2949 49.0789
 2630.27 2860.27 7298.05 749.688 45.9186
 42167.5 600.648 261.062 659.029 71.839
F
 0.400178 0.679203 0.68288 0.682909 0.682909
 0.700742 1.18933 1.19577 1.19582 1.19582
 0.707688 1.20112 1.20763 1.20768 1.20768
 1.26261 2.14297 2.15457 2.15466 2.15466
 1.41732 2.40555 2.41858 2.41868 2.41868
 0.35444 0.601573 0.60483 0.604856 0.604856
 0.853056 1.44785 1.45569 1.45575 1.45575
 0.5425 0.920759 0.925744 0.925783 0.925783
 0.633594 1.07537 1.08119 1.08123 1.08124
 1.47998 2.51189 2.52549 2.5256 2.5256
 0.498994 0.846919 0.851504 0.85154 0.85154
 0.974213 1.65348 1.66244 1.66251 1.66251
 1.02372 1.73752 1.74692 1.747 1.747
 1.59311 2.70391 2.71855 2.71866 2.71866
 1.62305 2.75472 2.76964 2.76975 2.76975
 0.800245 1.35822 1.36557 1.36563 1.36563
 0.920965 1.56311 1.57157 1.57164 1.57164
 0.468866 0.795784 0.800092 0.800126 0.800126
 0.870564 1.47757 1.48556 1.48563 1.48563
 0.798115 1.3546 1.36194 1.36199 1.36199
 0.773046 1.31205 1.31916 1.31921 1.31921
 0.732415 1.24309 1.24982 1.24988 1.24988
 0.578792 0.982356 0.987675 0.987716 0.987716
 0.488604 0.829284 0.833774 0.833809 0.833809
 0.445873 0.756758 0.760856 0.760887 0.760888
 0.478611 0.812323 0.816721 0.816755 0.816755
 0.583161 0.989771 0.99513 0.995171 0.995172
 0.292489 0.496427 0.499114 0.499135 0.499135
 0.256415 0.4352 0.437556 0.437574 0.437575
 0.842344 1.42967 1.43741 1.43747 1.43747
 0.895279 1.51951 1.52774 1.5278 1.5278
YTP_r0W_actual
 349990 8469.13 7205.3 22538.8 2679.59
YTP_p0W_proyectada
 201516 106921 874.724 477.443 1499
 201516 126106 21444.5 149.579 84.0282
CTP_r0_actual
 42167.5 600.648 261.062 659.029 71.839
CTP_p0_proyectada
 26904.6 6823.3 37.8177 16.2561 44.3097
 26904.6 8047.62 927.13 5.0929 2.48384
Wmedp
 7.49 15.67 23.13 29.37 33.83
Frms_r0
 0.895279 1.51951 1.52774 1.5278 1.5278
Zrms_r0
 1.89528 2.51951 2.52774 2.5278 2.5278
nmprior
 8.19 8.8 8.5 0
nm_flota  nm_reclas  nm_pelaces    nm_pelaL
inf 21.0986 3.68658 5.45269
cv_recla  cv_pelaces  cv_mph
0.380768 0.530184 0.969477
 ------------------------------------------------
Talla a la edad & desviaci?n 
 8 13.2811 15.8009 17.003 17.5766
 0.8 1.32811 1.58009 1.7003 1.75766
