years
 1991 1992 1993 1994 1995 1996 1997 1998 1999 2000 2001 2002 2003 2004 2005 2006 2007 2008 2009 2010 2011 2012 2013 2014 2015 2016 2017 2018 2019 2020 2021
reclasobs
 0 0 0 0 0 0 0 0 0 252601 567819 844713 477998 351125 339783 2.1784e+06 2.13404e+06 4.81314e+06 1.55562e+06 2.62356e+06 3.21686e+06 3.843e+06 1.13348e+06 3.07943e+06 1.97215e+06 2.03268e+06 2.025e+06 2.42433e+06 2.27542e+06 1.05018e+06 2.36338e+06
reclaspred
 2.8232e+06 1.51533e+06 744187 488104 339785 1.24821e+06 576671 397617 295789 225829 407653 608151 594688 418120 382583 1.56606e+06 1.30821e+06 3.50594e+06 2.85526e+06 1.95822e+06 3.56255e+06 2.92588e+06 2.06742e+06 3.32511e+06 2.37014e+06 1.9641e+06 2.58457e+06 3.04306e+06 2.35922e+06 1.25809e+06 1.81685e+06
pelacesobs
 0 0 0 0 0 0 0 0 0 0 0 0 0 0 0 552880 188675 0 991730 2.46772e+06 1.41603e+06 1.21717e+06 2.29649e+06 1.80582e+06 0 1.4828e+06 1.56532e+06 1.57751e+06 1.42118e+06 867257 1.10002e+06
pelacespred
 906189 520085 244966 122207 96509.6 397920 139180 141896 86154.3 62123 133054 165646 180728 126547 119445 441470 371441 1.18669e+06 968773 611466 1.11792e+06 953458 682436 1.22773e+06 830494 689356 1.04382e+06 1.20325e+06 772142 470611 664423
mphobs
 0 0 0 0 0 0 0 0 0 0 0 498337 0 5186 125008 0 168611 109162 213762 579715 649985 157893 87575 83554 0 0 0 0 0 0 0
mphpred
 435077 272685 128405 65976.7 38213.7 34943.5 112379 44348.8 33318.9 19835.7 15208.5 47190.3 54055.7 42511 23453.4 29023.8 177649 139968 348328 251112 245881 321480 306839 222952 328794 255458 195869 236705 371669 229437 113627
desembarqueobs
 494567 514787 250237 358949 120608 361735 552515 73892 212993 205616 52469 317467 293654 387597 252695 516296 358380 742168 942051 627588 828172 859565 418607 520667 417249 300574 415391 372974 316634 284311 391294
desembarquepred
 494541 514628 249916 358954 120600 361638 552184 73889.5 212948 205569 52468.3 317417 293583 387354 252585 516102 358353 741902 941404 627162 828066 859291 418537 520622 417175 300515 415315 372895 316573 284255 391236
Reclutas
 133679 96784.4 83361.2 65007.3 48159.5 238374 54295.5 18201 29558.5 48207.1 78364.9 123477 98652.2 68938.9 58604.3 425056 54050.5 653138 352520 247055 405443 528510 74839.1 304443 230530 95936.9 267321 316860 62776.6 41506.3 218341
log_desv_Rt
 0.106574 -0.216379 -0.365682 -0.614365 -0.914346 0.684978 -0.794423 -1.88739 -1.40249 -0.913359 -0.427488 0.0271895 -0.197264 -0.555644 -0.718057 1.26336 -0.798945 1.69292 1.07624 0.720746 1.21612 1.4812 -0.473525 0.929619 0.651515 -0.225174 0.799587 0.969595 -0.649283 -1.06302 0.597194
SSB
 1.7995e+06 1.12784e+06 531090 272883 158053 144528 464804 183429 137809 82041.4 62903 195181 223577 175827 97004.2 120044 734764 578915 1.4407e+06 1.03861e+06 1.01698e+06 1.32966e+06 1.2691e+06 922140 1.35991e+06 1.05659e+06 810124 979024 1.53724e+06 948964 469968
BT
 2.51596e+06 1.70538e+06 804492 578250 322216 1.23338e+06 801694 394219 405420 336967 350917 643824 681047 691740 528291 1.43058e+06 1.13722e+06 3.3997e+06 3.13287e+06 1.9829e+06 3.2531e+06 2.99976e+06 1.93885e+06 3.32081e+06 2.30876e+06 1.86028e+06 2.83715e+06 3.15218e+06 2.04485e+06 1.37321e+06 1.91746e+06
Ftot
 0.243672 0.464137 0.466867 1.02776 0.536449 0.536549 1.22952 0.278803 1.10518 1.40913 0.240303 0.83904 0.777222 1.41085 1.12002 0.629601 0.386372 0.382774 0.502937 0.486558 0.376892 0.46567 0.284046 0.265945 0.264262 0.224975 0.272977 0.211864 0.183527 0.309582 0.377179
BD_Bspro_t
 0.962005 0.7457 0.523887 0.395658 0.264936 0.303273 0.477478 0.232233 0.239708 0.189451 0.191603 0.500173 0.399723 0.304749 0.190463 0.230632 0.523913 0.453252 0.609412 0.499448 0.450854 0.514678 0.533509 0.495697 0.621271 0.618831 0.612688 0.678762 0.74984 0.655239 0.534742
BD_Bspro
 2.09807 1.31497 0.619209 0.31816 0.184278 0.168508 0.541924 0.213863 0.160674 0.0956537 0.07334 0.227566 0.260673 0.205001 0.113099 0.139962 0.856677 0.674969 1.67975 1.21094 1.18571 1.55027 1.47967 1.07514 1.58554 1.2319 0.94454 1.14146 1.7923 1.10642 0.547946
BD_Bo
 1.14394 0.716968 0.337615 0.173472 0.100475 0.0918765 0.295476 0.116606 0.0876052 0.0521538 0.0399875 0.124077 0.142128 0.111774 0.0616657 0.076312 0.467091 0.368017 0.915856 0.660247 0.646493 0.845264 0.806769 0.586206 0.864493 0.671673 0.514996 0.622367 0.977225 0.603258 0.298759
BD_Brms
 5.60428 3.51249 1.654 0.849854 0.492234 0.450111 1.44756 0.571261 0.429185 0.255506 0.195902 0.607863 0.696298 0.547589 0.302105 0.373859 2.28832 1.80295 4.48686 3.23461 3.16722 4.14102 3.95243 2.87187 4.23523 3.29058 2.52301 3.04903 4.78751 2.95541 1.46365
Sel_flota
 0.626673 0.969599 0.998352 0.999913 0.999995
 0.626673 0.969599 0.998352 0.999913 0.999995
 0.626673 0.969599 0.998352 0.999913 0.999995
 0.626673 0.969599 0.998352 0.999913 0.999995
 0.626673 0.969599 0.998352 0.999913 0.999995
 0.626673 0.969599 0.998352 0.999913 0.999995
 0.626673 0.969599 0.998352 0.999913 0.999995
 0.626673 0.969599 0.998352 0.999913 0.999995
 0.626673 0.969599 0.998352 0.999913 0.999995
 0.626673 0.969599 0.998352 0.999913 0.999995
 0.626673 0.969599 0.998352 0.999913 0.999995
 0.626673 0.969599 0.998352 0.999913 0.999995
 0.626673 0.969599 0.998352 0.999913 0.999995
 0.626673 0.969599 0.998352 0.999913 0.999995
 0.626673 0.969599 0.998352 0.999913 0.999995
 0.626673 0.969599 0.998352 0.999913 0.999995
 0.626673 0.969599 0.998352 0.999913 0.999995
 0.626673 0.969599 0.998352 0.999913 0.999995
 0.626673 0.969599 0.998352 0.999913 0.999995
 0.626673 0.969599 0.998352 0.999913 0.999995
 0.626673 0.969599 0.998352 0.999913 0.999995
 0.626673 0.969599 0.998352 0.999913 0.999995
 0.626673 0.969599 0.998352 0.999913 0.999995
 0.626673 0.969599 0.998352 0.999913 0.999995
 0.626673 0.969599 0.998352 0.999913 0.999995
 0.626673 0.969599 0.998352 0.999913 0.999995
 0.626673 0.969599 0.998352 0.999913 0.999995
 0.626673 0.969599 0.998352 0.999913 0.999995
 0.626673 0.969599 0.998352 0.999913 0.999995
 0.626673 0.969599 0.998352 0.999913 0.999995
 0.626673 0.969599 0.998352 0.999913 0.999995
Sel_reclas
 1 1 1 1 1
 1 1 1 1 1
 1 1 1 1 1
 1 1 1 1 1
 1 1 1 1 1
 1 1 1 1 1
 1 1 1 1 1
 1 1 1 1 1
 1 1 1 1 1
 1 1 1 1 1
 1 1 1 1 1
 1 1 1 1 1
 1 1 1 1 1
 1 1 1 1 1
 1 1 1 1 1
 1 1 1 1 1
 1 1 1 1 1
 1 1 1 1 1
 1 1 1 1 1
 1 1 1 1 1
 1 1 1 1 1
 1 1 1 1 1
 1 1 1 1 1
 1 1 1 1 1
 1 1 1 1 1
 1 1 1 1 1
 1 1 1 1 1
 1 1 1 1 1
 1 1 1 1 1
 1 1 1 1 1
 1 1 1 1 1
Sel_pelaces
 1 1 1 1 1
 1 1 1 1 1
 1 1 1 1 1
 1 1 1 1 1
 1 1 1 1 1
 1 1 1 1 1
 1 1 1 1 1
 1 1 1 1 1
 1 1 1 1 1
 1 1 1 1 1
 1 1 1 1 1
 1 1 1 1 1
 1 1 1 1 1
 1 1 1 1 1
 1 1 1 1 1
 1 1 1 1 1
 1 1 1 1 1
 1 1 1 1 1
 1 1 1 1 1
 1 1 1 1 1
 1 1 1 1 1
 1 1 1 1 1
 1 1 1 1 1
 1 1 1 1 1
 1 1 1 1 1
 1 1 1 1 1
 1 1 1 1 1
 1 1 1 1 1
 1 1 1 1 1
 1 1 1 1 1
 1 1 1 1 1
pf_obs 
 0.8446 0.082 0.0669 0.0065 0
 0.8095 0.147 0.0364 0.0071 0
 0.9664 0.0169 0.016 0.0007 0
 0.9276 0.0648 0.0075 0.0001 0
 0.7033 0.2144 0.0806 0.0017 0
 0.9318 0.0425 0.0243 0.0014 0
 0.5671 0.3108 0.0964 0.0239 0.0018
 0.0768 0.2599 0.5324 0.112 0.0189
 0.490249 0.384438 0.106611 0.0170017 0.00170017
 0.7925 0.1577 0.0466 0.003 0.0002
 0.840416 0.127587 0.0312969 0.00059994 9.999e-05
 0.8084 0.0986 0.0794 0.0134 0.0002
 0.7335 0.1905 0.0724 0.0035 0.0001
 0.4001 0.4547 0.1325 0.0127 0
 0.49795 0.308269 0.164784 0.0264974 0.00249975
 0.9179 0.0499 0.0305 0.0017 0
 0.2467 0.6533 0.0926 0.0074 0
 0.9418 0.0223 0.034 0.0019 0
 0.707729 0.231977 0.0356964 0.0245975 0
 0.517169 0.277429 0.184464 0.0207286 0.00020938
 0.811772 0.124168 0.05621 0.00726502 0.000585176
 0.764997 0.148141 0.077277 0.00933861 0.000247198
 0.163321 0.427699 0.378323 0.0303852 0.000271297
 0.753843 0.0900009 0.118128 0.0371064 0.000921714
 0.721811 0.176058 0.0630433 0.0369309 0.00215725
 0.143369 0.312575 0.442814 0.0836902 0.0175525
 0.692698 0.0596174 0.167031 0.0765114 0.00414204
 0.394062 0.376323 0.152708 0.0712218 0.00568511
 0.125707 0.32114 0.495352 0.0537591 0.00404204
 0.23352 0.215282 0.420074 0.123614 0.00750983
 0.796117 0.104755 0.0508955 0.0450114 0.00322123
pf_pred 
 0.418439 0.192114 0.354485 0.0349618 9.4474e-07
 0.459191 0.291262 0.0842284 0.1505 0.0148182
 0.559566 0.259764 0.0989828 0.0276072 0.05408
 0.587193 0.28214 0.0782446 0.0287465 0.0236754
 0.660868 0.248421 0.0629406 0.0166469 0.0111239
 0.909486 0.0696181 0.0154618 0.00377297 0.00166129
 0.379765 0.586261 0.02636 0.00563673 0.001977
 0.420857 0.318273 0.247269 0.0105594 0.00304136
 0.678109 0.174658 0.0821199 0.0617238 0.00338895
 0.844665 0.12543 0.0166014 0.00742924 0.00587494
 0.867811 0.121546 0.0086868 0.00108773 0.000869028
 0.765531 0.214042 0.0188304 0.00130306 0.000293002
 0.69178 0.26391 0.0406009 0.00341935 0.000289136
 0.653478 0.278105 0.0589364 0.00868831 0.000791764
 0.767931 0.185609 0.0376949 0.00755384 0.00121138
 0.960279 0.0344149 0.00428531 0.000828355 0.000192102
 0.254344 0.728289 0.0151257 0.00181087 0.000430303
 0.910745 0.0319758 0.0559902 0.00112321 0.000166113
 0.548973 0.426064 0.00914363 0.0154648 0.000355451
 0.547439 0.304087 0.140547 0.00290692 0.00501956
 0.734358 0.178427 0.0593025 0.0264256 0.00148731
 0.716863 0.232277 0.0345534 0.0110942 0.00521217
 0.218858 0.631938 0.123201 0.0176774 0.00832584
 0.733408 0.0827983 0.149618 0.0282291 0.00594748
 0.571247 0.350493 0.0248584 0.043486 0.00991592
 0.377307 0.423875 0.163513 0.0112275 0.0240772
 0.741974 0.126785 0.0902456 0.0337264 0.00726917
 0.676899 0.266001 0.028529 0.019657 0.00891381
 0.238526 0.584913 0.146178 0.0151929 0.0151891
 0.310084 0.228081 0.357304 0.0865699 0.0179621
 0.833866 0.0706178 0.0322929 0.0489329 0.0142899
pobs_RECLAS
 0 0 0 0 0
 0 0 0 0 0
 0 0 0 0 0
 0 0 0 0 0
 0 0 0 0 0
 0 0 0 0 0
 0 0 0 0 0
 0 0 0 0 0
 0 0 0 0 0
 0 0 0 0 0
 0.991045 0.00858322 0.000360255 1.14367e-05 0
 0.934742 0.0480273 0.0164251 0.00080598 0
 0.827803 0.169806 0.00239088 0 0
 0.941827 0.0461693 0.0120037 0 0
 0.791401 0.0380133 0.147996 0.0225897 0
 0.846168 0.0940531 0.0597789 0 0
 0.134021 0.677848 0.182769 0.00536245 0
 0.80878 0.0450904 0.141981 0.00414843 0
 0.846168 0.0940531 0.0597789 0 0
 0.905697 0.0802665 0.012482 0.00150086 5.37128e-05
 0.989698 0.0102097 9.19794e-05 0 0
 0.975433 0.0193895 0.00387452 0.00125025 5.28907e-05
 0.303575 0.632131 0.0575291 0.00676475 0
 0.966965 0.00978017 0.0227588 0.000495775 0
 0.843318 0.132988 0.00938335 0.0141283 0.000182051
 0.564624 0.303363 0.111486 0.0197234 0.00080311
 0.826376 0.0876187 0.0782897 0.00655872 0.00115652
 0.89761 0.0855135 0.0140674 0.00269457 0.000114338
 0.34875 0.467042 0.161289 0.0227151 0.000203297
 0.318654 0.224769 0.449479 0.00709798 0
 0.937255 0.0296025 0.0250945 0.00804832 0
ppred_RECLAS
 0.533808 0.15712 0.281366 0.027706 7.48608e-07
 0.575683 0.231881 0.0650232 0.115993 0.0114197
 0.669617 0.197373 0.0729278 0.0203067 0.0397756
 0.700644 0.206828 0.0554483 0.0203343 0.0167456
 0.756423 0.179923 0.0441893 0.011668 0.00779619
 0.941156 0.0455863 0.00981434 0.00239089 0.00105265
 0.503312 0.470385 0.0204172 0.00435768 0.00152824
 0.534985 0.259017 0.195275 0.00832563 0.00239777
 0.777936 0.122429 0.0556172 0.0417266 0.00229078
 0.901731 0.0799164 0.0101972 0.00455436 0.00360115
 0.911218 0.08183 0.00567596 0.000709585 0.000566868
 0.840346 0.146157 0.0124445 0.000859643 0.000193279
 0.783133 0.186548 0.0277855 0.00233601 0.000197512
 0.760937 0.193245 0.03948 0.00580865 0.000529286
 0.845176 0.124683 0.0244632 0.00489322 0.000784631
 0.974718 0.0219967 0.0026539 0.000512135 0.000118757
 0.34879 0.636491 0.0128226 0.00153264 0.000364156
 0.942273 0.0210872 0.0358167 0.000717341 0.00010608
 0.657964 0.323669 0.00673441 0.0113712 0.000261338
 0.658261 0.231944 0.103942 0.00214628 0.00370579
 0.814117 0.126116 0.0406601 0.0180889 0.00101801
 0.80038 0.164675 0.0237539 0.0076142 0.00357693
 0.305672 0.564933 0.106875 0.0153103 0.00721033
 0.814305 0.0588851 0.103261 0.0194514 0.00409781
 0.676544 0.265903 0.0183015 0.0319644 0.00728808
 0.488105 0.351791 0.131713 0.00902955 0.0193621
 0.820155 0.0897423 0.0619886 0.0231291 0.00498467
 0.766434 0.19332 0.0201246 0.0138441 0.00627734
 0.329256 0.518777 0.125852 0.0130595 0.0130552
 0.417711 0.196455 0.298615 0.0722336 0.0149863
 0.88908 0.0480045 0.0212942 0.0322143 0.00940677
pobs_PELACES
 0 0 0 0 0
 0 0 0 0 0
 0 0 0 0 0
 0 0 0 0 0
 0 0 0 0 0
 0 0 0 0 0
 0 0 0 0 0
 0 0 0 0 0
 0 0 0 0 0
 0 0 0 0 0
 0 0 0 0 0
 0 0 0 0 0
 0 0 0 0 0
 0 0 0 0 0
 0 0 0 0 0
 0 0 0 0 0
 0.505614 0.472636 0.0217494 0 0
 0 0 0 0 0
 0.443492 0.261883 0.143347 0.151278 0
 0.227955 0.32914 0.350689 0.0885471 0.00366901
 0.970185 0.0296113 0.000203453 0 0
 0.997202 0.00247181 0.000326279 0 0
 0.445219 0.490057 0.0546422 0.010081 0
 0.90214 0.0892962 0.00764917 0.000914606 0
 0 0 0 0 0
 0.581667 0.319106 0.0959925 0.00289975 0.000334073
 0.762889 0.0836404 0.116647 0.0363945 0.000428098
 0.88444 0.0763242 0.0277011 0.0115352 0
 0.521256 0.241999 0.230069 0.00667565 0
 0.616807 0.101726 0.260614 0.0208532 0
 0.833518 0.0704572 0.0857862 0.0102388 0
ppred_PELACES
 0.541045 0.154919 0.276784 0.0272513 7.36319e-07
 0.58896 0.22509 0.0628416 0.112074 0.0110337
 0.681595 0.190565 0.0701009 0.0195149 0.0382241
 0.725068 0.190537 0.0505851 0.0185411 0.0152684
 0.767674 0.171844 0.0419908 0.0110845 0.00740615
 0.944491 0.0430528 0.00922181 0.00224592 0.000988809
 0.538178 0.437638 0.0187754 0.00400474 0.00140442
 0.543116 0.254786 0.191578 0.00816685 0.00235203
 0.799561 0.111039 0.0499167 0.0374285 0.00205476
 0.915182 0.0691531 0.00870662 0.0038858 0.0030724
 0.913407 0.0798261 0.00552435 0.000690546 0.000551654
 0.852762 0.134881 0.0113934 0.000786695 0.000176874
 0.797865 0.174055 0.0257343 0.00216268 0.000182854
 0.789191 0.170845 0.0344396 0.00506337 0.000461359
 0.861295 0.111935 0.0217299 0.00434398 0.000696538
 0.976434 0.0205201 0.00246099 0.000474755 0.000110088
 0.358805 0.626754 0.0125802 0.00150337 0.000357199
 0.944705 0.0202454 0.0342622 0.000686073 0.000101455
 0.670713 0.311687 0.00645422 0.0108953 0.000250397
 0.670866 0.223721 0.0997958 0.00206014 0.00355702
 0.820658 0.121821 0.0391352 0.0174071 0.00097963
 0.808788 0.157863 0.0226709 0.0072653 0.00341298
 0.312645 0.559542 0.105571 0.0151211 0.00712121
 0.819071 0.0574737 0.100532 0.0189348 0.00398893
 0.683153 0.26059 0.0178909 0.031243 0.00712355
 0.494636 0.347537 0.129843 0.0089003 0.0190848
 0.824858 0.0875113 0.0602912 0.0224926 0.00484746
 0.770761 0.189806 0.0197191 0.0135637 0.00615014
 0.333947 0.515354 0.124804 0.0129495 0.0129452
 0.426738 0.193791 0.293701 0.0710337 0.0147372
 0.89342 0.0462232 0.0204308 0.0309021 0.00902351
pobs_pel_tallas
 0 0 0 0 0 0 0 0 0 0 0 0 0 0 0 0 0 0 0 0 0 0 0 0 0 0
 0 0 0 0 0 0 0 0 0 0 0 0 0 0 0 0 0 0 0 0 0 0 0 0 0 0
 0 0 0 0 0 0 0 0 0 0 0 0 0 0 0 0 0 0 0 0 0 0 0 0 0 0
 0 0 0 0 0 0 0 0 0 0 0 0 0 0 0 0 0 0 0 0 0 0 0 0 0 0
 0 0 0 0 0 0 0 0 0 0 0 0 0 0 0 0 0 0 0 0 0 0 0 0 0 0
 0 0 0 0 0 0 0 0 0 0 0 0 0 0 0 0 0 0 0 0 0 0 0 0 0 0
 0 0 0 0 0 0 0 0 0 0 0 0 0 0 0 0 0 0 0 0 0 0 0 0 0 0
 0 0 0 0 0 0 0 0 0 0 0 0 0 0 0 0 0 0 0 0 0 0 0 0 0 0
 0 0 0 0 0 0 0 0 0 0 0 0 0 0 0 0 0 0 0 0 0 0 0 0 0 0
 0 0 0 0 0 0 0 0 0 0 0 0 0 0 0 0 0 0 0 0 0 0 0 0 0 0
 0 0 0 0 0 0 0 0 0 0 0 0 0 0 0 0 0 0 0 0 0 0 0 0 0 0
 0 0 0 0 0 0 0 0 0 0 0 0 0 0 0 0 0 0 0 0 0 0 0 0 0 0
 0.00862536 0 0 0.000197151 0.00414017 0.0128641 0.00837892 0.0270097 0.101434 0.158115 0.152841 0.127902 0.109271 0.109419 0.0830992 0.0579132 0.0238553 0.00714673 0.00463305 0.00128148 0.00103504 0.000492878 0.000147863 0.000147863 4.92878e-05 0
 0 0 0 0 0 0 0 0 0 0 0 0 0 0 0 0 0 0 0 0 0 0 0 0 0 0
 0 0 0 0 0 0 0 0.0054083 0.00873648 0.0413646 0.0450493 0.0745869 0.0622846 0.0627006 0.0613931 0.0827291 0.12552 0.122667 0.0946155 0.0697135 0.0546179 0.0294188 0.0215738 0.0213955 0.0102223 0.00600262
 0 0 0 0 0.00359764 0.0251062 0.0480494 0.140153 0.205849 0.193036 0.1447 0.116669 0.0760912 0.0342217 0.00950174 0.001854 0.000860785 0 0 0 0.000165536 0 0.000143464 0 0 0
 0 0 0 0 0 0 0 0.000145254 0.000435761 0.0275982 0.070085 0.0708112 0.156366 0.174668 0.174014 0.160142 0.0824315 0.0480064 0.0283245 0.00493863 0.00203355 0 0 0 0 0
 0 0 0 0 0 0 0 0 0 0 0 0 0 0 0 0 0 0 0 0 0 0 0 0 0 0
 0 0 1.00437e-05 0.000401748 0.00122533 0.00171747 0.00176769 0.0269171 0.070346 0.194647 0.189555 0.159765 0.064822 0.0314167 0.0384472 0.0292271 0.0345202 0.0313363 0.0194345 0.0106764 0.0143323 0.0359363 0.0279516 0.0138201 0.00172751 0
 0 0.0021121 0.0136068 0.0755702 0.200478 0.177729 0.0527432 0.0373336 0.0318909 0.0142505 0.0149659 0.0166563 0.0217959 0.0798694 0.0677717 0.0528807 0.04013 0.0224614 0.0357745 0.0225083 0.00881397 0.00855152 0.00135912 0.000746735 0 0
 0 0 0 0 5.4009e-05 0.00500934 0.000945158 0.0243581 0.138947 0.33067 0.221406 0.137944 0.0707744 0.0437923 0.0131692 0.00525238 0.0047753 0.00276346 9.45158e-05 9.00151e-06 2.25038e-05 9.00151e-06 4.50075e-06 0 0 0
 0.000866109 0.00284123 0.00948549 0.0512746 0.133035 0.25785 0.225252 0.132002 0.0553304 0.0519788 0.0540692 0.017754 0.00435017 0.00159236 0.00146478 0.000404838 0.000125132 0.000115318 0.000107957 0.000100596 0 0 0 0 0 0
 0 0 0 0 0.00144013 0.00171154 0.00461396 0.0210425 0.0478622 0.0707936 0.0888783 0.103762 0.0637923 0.0337046 0.0602308 0.124433 0.169614 0.0934646 0.0462172 0.0250306 0.0313229 0.00938855 0.002487 0.000210481 0 0
 0 0.00764035 0.051015 0.0998891 0.058973 0.0496711 0.0374665 0.0718981 0.12319 0.153886 0.159021 0.0857701 0.0377988 0.023471 0.0147837 0.00900784 0.00315554 0.000888139 0.00291439 0.00214683 0.00393193 0.00274676 0.000635225 9.99891e-05 0 0
 0 0 0 0 0 0 0 0 0 0 0 0 0 0 0 0 0 0 0 0 0 0 0 0 0 0
 0 0 0 0 0 0 0 0 0 0 0 0 0 0 0 0 0 0 0 0 0 0 0 0 0 0
 0 0 0 0 0 0 0 0 0 0 0 0 0 0 0 0 0 0 0 0 0 0 0 0 0 0
 0 0 0 0 0 0 0 0 0 0 0 0 0 0 0 0 0 0 0 0 0 0 0 0 0 0
 0 0 0 0 0 0 0 0 0 0 0 0 0 0 0 0 0 0 0 0 0 0 0 0 0 0
 0 0 0 0 0 0 0 0 0 0 0 0 0 0 0 0 0 0 0 0 0 0 0 0 0 0
 0 0 0 0 0 0 0 0 0 0 0 0 0 0 0 0 0 0 0 0 0 0 0 0 0 0
ppred_pel_tallas
 1.10761e-16 4.45652e-05 0.00043319 0.0028787 0.0130862 0.040716 0.0867503 0.126618 0.126633 0.0868254 0.0409693 0.013823 0.00474759 0.0045767 0.00810028 0.0138064 0.0210136 0.0287737 0.036066 0.0422893 0.0473738 0.0513474 0.0538082 0.0538918 0.0508282 0.0445995
 1.14978e-16 4.85119e-05 0.000471553 0.00313364 0.0142451 0.0443218 0.0944331 0.137832 0.137854 0.0945396 0.0446796 0.0152797 0.00573552 0.00616796 0.0109174 0.0181099 0.0264244 0.0339911 0.0389829 0.0406802 0.0399251 0.0384908 0.0378469 0.0382873 0.0389689 0.0386322
 1.10498e-16 5.61421e-05 0.000545722 0.00362651 0.0164856 0.0512929 0.109286 0.15951 0.159528 0.109376 0.0515959 0.0173618 0.00582989 0.00536912 0.00925672 0.0153214 0.0223223 0.0286261 0.0326179 0.0335958 0.0321815 0.0298392 0.0278928 0.026819 0.026241 0.0254233
 1.05952e-16 5.9723e-05 0.000580529 0.00385782 0.0175371 0.0545645 0.116256 0.169683 0.169701 0.116346 0.0548667 0.0184106 0.00605258 0.00537914 0.00919529 0.0151662 0.021983 0.027949 0.0313804 0.0315196 0.0289755 0.0252677 0.0218523 0.0193959 0.0177288 0.016291
 1.03621e-16 6.32323e-05 0.000614641 0.00408451 0.0185676 0.0577707 0.123087 0.179653 0.17967 0.123168 0.0580431 0.0193547 0.00606179 0.00493609 0.00828534 0.0136366 0.0197308 0.0250095 0.0279271 0.0277737 0.0250816 0.0212278 0.0175641 0.0147636 0.0127664 0.011159
 1.0067e-16 7.77965e-05 0.000756209 0.00502528 0.0228442 0.0710767 0.151437 0.221027 0.221031 0.151457 0.0711449 0.0230412 0.00552009 0.00183725 0.00213342 0.00341047 0.00492092 0.00622081 0.00691483 0.00682174 0.00607495 0.00502432 0.00401849 0.00323926 0.00268467 0.00226039
 1.01294e-16 4.43291e-05 0.000430894 0.00286345 0.0130168 0.0405005 0.0862921 0.125955 0.125997 0.0864978 0.041191 0.0150105 0.0078644 0.0113365 0.0207223 0.0340991 0.048908 0.0610635 0.0664326 0.0631104 0.0525768 0.0387481 0.0257115 0.0158838 0.00964015 0.00610411
 1.06811e-16 4.47358e-05 0.000434848 0.00288972 0.0131363 0.0408719 0.0870829 0.127105 0.12713 0.0872042 0.0412798 0.0143175 0.00586618 0.00697029 0.0125671 0.0209917 0.0308989 0.0402305 0.0468579 0.0497011 0.0492104 0.0467604 0.0435232 0.039813 0.0353187 0.0297936
 1.05571e-16 6.58588e-05 0.000640171 0.00425416 0.0193388 0.0601703 0.1282 0.187113 0.187124 0.128252 0.0603472 0.0198508 0.00554259 0.00346392 0.00546179 0.00901346 0.0131888 0.017039 0.019649 0.0206196 0.020284 0.0194143 0.0186565 0.0181538 0.017597 0.0165602
 1.01179e-16 7.53824e-05 0.000732743 0.00486934 0.0221353 0.0688712 0.146738 0.214169 0.214176 0.14677 0.0689805 0.0224511 0.00566206 0.00246326 0.00336198 0.00543905 0.00782922 0.00984996 0.0108633 0.0105819 0.00923838 0.0074283 0.00575113 0.00452851 0.00376164 0.00327302
 1.00343e-16 7.52362e-05 0.000731322 0.00485989 0.0220924 0.0687376 0.146453 0.213754 0.213762 0.146491 0.0688637 0.0224563 0.00577284 0.00272272 0.00385261 0.00623784 0.00894971 0.0111934 0.0122145 0.011666 0.00981373 0.00736189 0.00504226 0.00328269 0.00214449 0.00146919
 1.00473e-16 7.02409e-05 0.000682766 0.00453722 0.0206256 0.0641739 0.13673 0.199564 0.199577 0.136793 0.0643869 0.0212406 0.00608048 0.00404947 0.00645762 0.0105471 0.0151451 0.0189565 0.020711 0.0198203 0.016726 0.0126063 0.00868505 0.00567763 0.00368991 0.00246729
 1.01036e-16 6.57191e-05 0.000638814 0.00424514 0.0192978 0.0600427 0.127928 0.186718 0.186735 0.12801 0.060318 0.0200928 0.00624063 0.00499489 0.0083383 0.0136795 0.0196951 0.0247551 0.0272402 0.0263942 0.0227629 0.0178112 0.0130428 0.00930987 0.00671183 0.00493156
 1.01624e-16 6.50046e-05 0.000631868 0.00419899 0.019088 0.0593899 0.126537 0.184688 0.184705 0.126618 0.0596604 0.0198694 0.00616124 0.00491786 0.00821181 0.0134907 0.0194685 0.0245656 0.0272117 0.0266725 0.0234673 0.0189887 0.0146445 0.0112005 0.00870601 0.00684192
 1.0121e-16 7.09437e-05 0.000689598 0.00458262 0.0208319 0.064816 0.138098 0.20156 0.201571 0.13815 0.0649932 0.0213439 0.00586808 0.00349723 0.00540742 0.00883836 0.0127508 0.0160873 0.0178189 0.0174672 0.0153773 0.0124663 0.00965965 0.00745704 0.00588269 0.00471497
 1.00143e-16 8.04276e-05 0.000781785 0.00519523 0.0236168 0.0734806 0.156558 0.228502 0.228504 0.156568 0.073513 0.0237105 0.00543031 0.00129483 0.00105442 0.00161484 0.00231594 0.00290682 0.00319188 0.00308239 0.0026446 0.00205429 0.00149193 0.00105988 0.000769117 0.000578843
 1.00735e-16 2.95544e-05 0.000287279 0.00190908 0.00867842 0.0270021 0.0575331 0.0839838 0.0840441 0.0578276 0.0279906 0.0115319 0.00906551 0.0158895 0.029601 0.0487321 0.0698274 0.0870297 0.0943906 0.0891681 0.0735045 0.053077 0.0338444 0.0193797 0.0103006 0.00537241
 1.0108e-16 7.78141e-05 0.000756381 0.00502642 0.0228494 0.0710928 0.151471 0.221077 0.221079 0.151481 0.0711259 0.0229454 0.00526971 0.00129512 0.00112327 0.0017917 0.00270751 0.00368216 0.0045699 0.00528595 0.00582119 0.00618891 0.00635649 0.00623767 0.00575787 0.00493171
 1.01402e-16 5.52458e-05 0.000537009 0.00356862 0.0162224 0.0504742 0.107542 0.156966 0.156996 0.107688 0.0509658 0.0176418 0.00712855 0.00829912 0.0147698 0.0242596 0.0347774 0.0433921 0.0471621 0.0447456 0.0372242 0.027421 0.018272 0.011497 0.0073254 0.0050682
 1.03746e-16 5.52584e-05 0.000537131 0.00356943 0.0162261 0.0504855 0.107566 0.157 0.157021 0.107672 0.0508415 0.0172555 0.00615821 0.00620468 0.0108662 0.017999 0.0262055 0.0335372 0.0380164 0.0386823 0.0360866 0.0317828 0.0272648 0.0232319 0.0196201 0.0161159
 1.03073e-16 6.75965e-05 0.000657062 0.00436641 0.0198491 0.0617579 0.131582 0.19205 0.192062 0.13164 0.0619513 0.0204083 0.0057721 0.00373209 0.00592659 0.0097409 0.0141439 0.0180376 0.0203493 0.0205867 0.0191105 0.0168423 0.0146543 0.0129295 0.0115564 0.0102256
 1.02001e-16 6.66189e-05 0.000647559 0.00430326 0.019562 0.0608647 0.129679 0.189274 0.189289 0.129754 0.0611144 0.0202831 0.00611354 0.00459976 0.00757364 0.0124183 0.01789 0.022514 0.0248356 0.0241874 0.0210829 0.0168603 0.0128741 0.00986201 0.00785492 0.0064962
 1.05912e-16 2.57523e-05 0.000250321 0.00166347 0.00756195 0.0235283 0.0501316 0.0731798 0.0732338 0.0503953 0.024414 0.0101205 0.00808773 0.0142807 0.0266902 0.0441304 0.0636768 0.0802966 0.0888549 0.0869553 0.0763282 0.0615808 0.0473746 0.0362513 0.028366 0.0226218
 1.0549e-16 6.74658e-05 0.000655792 0.00435797 0.0198107 0.0616384 0.131327 0.191677 0.191683 0.131355 0.0617324 0.0200841 0.00505158 0.00219399 0.00305935 0.00513553 0.00782292 0.0107411 0.0135283 0.0159889 0.0181263 0.0199698 0.0213617 0.021933 0.0213114 0.0193861
 1.04922e-16 5.62705e-05 0.000546969 0.0036348 0.0165233 0.0514102 0.109536 0.159876 0.159901 0.109659 0.0518219 0.0177121 0.00661802 0.0070568 0.0124127 0.0204153 0.0293707 0.036879 0.0405517 0.0393301 0.0341428 0.0273014 0.0211214 0.0168241 0.014357 0.0129416
 1.07959e-16 4.07426e-05 0.000396032 0.00263178 0.0119637 0.0372237 0.0793102 0.115763 0.115796 0.0794745 0.0377759 0.0135603 0.00664558 0.00917842 0.0167793 0.0278296 0.0404456 0.0516127 0.058258 0.05893 0.0545881 0.0477974 0.0410297 0.0354457 0.0308813 0.0266431
 1.04839e-16 6.79424e-05 0.000660425 0.00438875 0.0199506 0.0620739 0.132255 0.193032 0.193041 0.132297 0.062214 0.0203564 0.00541117 0.0029058 0.00437205 0.00722499 0.0106481 0.0139129 0.0163202 0.0175495 0.0178107 0.0176124 0.017343 0.0170219 0.0163819 0.0151478
 1.03019e-16 6.34866e-05 0.000617113 0.00410093 0.0186423 0.0580031 0.123582 0.180376 0.180394 0.123672 0.0583031 0.0195086 0.0062754 0.00536306 0.00907441 0.0148955 0.02144 0.0269427 0.029657 0.0287949 0.0250043 0.0199364 0.0152571 0.0118646 0.00976615 0.00846587
 1.07223e-16 2.75069e-05 0.000267377 0.00177682 0.00807718 0.0251314 0.0535469 0.0781636 0.0782134 0.05379 0.025948 0.0104369 0.00770381 0.0132187 0.0246616 0.0408235 0.0590288 0.0746944 0.08314 0.082173 0.0733366 0.060747 0.048518 0.0388151 0.0316747 0.026086
 1.18143e-16 3.51499e-05 0.000341669 0.00227051 0.0103214 0.0321139 0.0684228 0.099869 0.0998881 0.0685164 0.0324295 0.0112385 0.00459386 0.00548423 0.0100097 0.0170371 0.0258162 0.0351469 0.04377 0.0510412 0.0570939 0.0622572 0.0662798 0.0681385 0.0666346 0.0612499
 1.05228e-16 7.35899e-05 0.00071532 0.00475355 0.021609 0.0672335 0.143248 0.209076 0.20908 0.14327 0.0673073 0.0218226 0.00529164 0.00189617 0.00233507 0.00379519 0.00558588 0.0073035 0.00860606 0.00937816 0.00980484 0.0102253 0.0108712 0.0116947 0.0123997 0.0126228
pSPR Fmed_Fpbrs
0.486156   0.25412 0.25412
Fs Fmed_Fpbrs
0.464012   1.005 1.005
SSBpbr Bo_Bmed_Bpbrs
1.57307e+06  686103  321094 321094
Ro
120165
SPR SPRFo_SPRFmed_SPRFpbrs
857691 416972 217956
Fref
1.005
Nvult_r0
 154927 9367.08 4193.15 6346.61 1853.3
CTP_r0
 29618.7 2508.33 1147.04 1738.09 507.575
YTP_r0
391236
Np
 176182 34525.9 8804.34 432.914 216.376
Nvult_p0
 141656 29732.4 7616.78 374.612 187.239
CTP_p0
 54740 26951.7 1390.63 614.158 1163.24
 54740 14673.8 3814.75 187.765 93.8528
YTP_p0
 921891 736866
CBA_c0
866384
log_Ro
11.5166
likeval ReclasPelacesDesembMPH_pf_preclas_ppelaces_ptallas_desvR_qrecl_qpela
 10.705 33.4316 0.0227626 0.000888538 242.84 116.596 100.791 0 35.303 4.70043e-06 0 0.0377035 0 0 0
q_reclas_q_pelaces
1.35964 1
M
1
N
 133679 41025.4 73725.2 7261.05 0.196194
 96784.4 42213.3 11916.5 21265.2 2093.63
 83361.2 26619 9901.73 2758.14 5402.58
 65007.3 22887.9 6227.34 2285.56 1882.27
 48159.5 12558.9 3108.36 821.094 548.64
 238374 12658.6 2746.4 669.335 294.698
 54295.5 62652.4 2767.94 591.334 207.392
 18201 9243.62 6996.83 298.378 85.9335
 29558.5 5622.39 2595.05 1948.61 106.983
 48207.1 5440.03 708.345 316.715 250.442
 78364.9 7333.42 510.427 63.8235 50.9873
 123477 24798.5 2137.09 147.723 33.2147
 98652.2 26849.6 4044.07 340.203 28.7654
 68938.9 22298.9 4649.02 684.759 62.3991
 58604.3 10475.9 2088.78 418.17 67.0569
 425056 10685.8 1300.97 251.177 58.2462
 54050.5 105390 2134.98 255.264 60.652
 653138 15608.1 26656.7 534.045 78.9751
 352520 189032 3961.62 6691.91 153.8
 247055 94625.9 42702.9 882.096 1523.07
 405443 67000.3 21718.5 9665 543.936
 528510 117777 17103.2 5484.32 2576.42
 74839.1 145218 27585.2 3952.55 1861.47
 304443 23042.4 40561.9 7642.32 1610.01
 230530 94805.2 6550.07 11442.4 2608.96
 95936.9 71863.9 26993.5 1850.86 3968.83
 267321 30652.2 21256 7932.68 1709.63
 316860 82879.2 8654.05 5954.28 2699.87
 62776.6 102073 24827.7 2576.71 2575.87
 41506.3 20585.2 31429.4 7604.47 1577.72
 218341 12576.6 5609.16 8488.15 2478.63
pred_Ctot
 12116.7 5563.04 10264.8 1012.39 0.0273569
 15809.9 10028.2 2899.98 5181.71 510.191
 13688.1 6354.32 2421.31 675.325 1322.9
 20546.8 9872.54 2737.9 1005.89 828.441
 8931.9 3357.51 850.668 224.99 150.344
 44217.2 3384.68 751.722 183.433 80.7683
 19606.2 30266.9 1360.89 291.008 102.067
 1870.84 1414.82 1099.19 46.9398 13.5198
 9868.99 2541.92 1195.15 898.309 49.3218
 19167.7 2846.34 376.731 168.59 133.318
 7010.87 981.944 70.1789 8.78753 7.0207
 33298.5 9310.25 819.072 56.6794 12.7448
 25008.3 9540.53 1467.75 123.612 10.4524
 27434 11675.3 2474.24 364.748 33.2394
 19762.4 4776.56 970.063 194.395 31.1743
 90441.5 3241.29 403.602 78.0166 18.0926
 7493.6 21457.1 445.64 53.3527 12.6777
 89789.1 3152.45 5520 110.736 16.3769
 61803.3 47966.2 1029.39 1741.03 40.0167
 42072.5 23370.1 10801.5 223.406 385.77
 54961.9 13354.1 4438.41 1977.78 111.315
 86585.6 28055.4 4173.49 1340 629.547
 7826.79 22599.4 4405.93 632.18 297.749
 29947.3 3380.91 6109.35 1152.68 242.854
 22542.8 13831.3 980.973 1716.06 391.306
 8066.9 9062.53 3495.94 240.046 514.775
 26942.9 4603.89 3277.04 1224.69 263.962
 25174.7 9892.89 1061.03 731.067 331.515
 4351.96 10671.9 2667.05 277.196 277.128
 4700.61 3457.51 5416.43 1312.33 272.291
 29618.7 2508.33 1147.04 1738.09 507.575
F
 0.152703 0.236264 0.243271 0.243651 0.243671
 0.290862 0.450027 0.463372 0.464097 0.464135
 0.292573 0.452674 0.466098 0.466826 0.466865
 0.644069 0.996516 1.02607 1.02767 1.02776
 0.336178 0.52014 0.535565 0.536402 0.536447
 0.33624 0.520237 0.535665 0.536502 0.536546
 0.770509 1.19215 1.2275 1.22942 1.22952
 0.174718 0.270327 0.278343 0.278779 0.278801
 0.692586 1.07158 1.10336 1.10508 1.10518
 0.883064 1.36629 1.40681 1.40901 1.40913
 0.150592 0.232998 0.239908 0.240283 0.240302
 0.525803 0.813532 0.837658 0.838967 0.839036
 0.487064 0.753594 0.775942 0.777155 0.777219
 0.88414 1.36796 1.40852 1.41073 1.41084
 0.701888 1.08597 1.11818 1.11993 1.12002
 0.394554 0.610461 0.628564 0.629547 0.629598
 0.242129 0.374626 0.385735 0.386338 0.38637
 0.239874 0.371137 0.382143 0.382741 0.382772
 0.315177 0.487647 0.502108 0.502893 0.502934
 0.304913 0.471767 0.485757 0.486516 0.486556
 0.236188 0.365434 0.376271 0.376859 0.37689
 0.291823 0.451514 0.464903 0.46563 0.465668
 0.178004 0.27541 0.283578 0.284021 0.284044
 0.16666 0.25786 0.265507 0.265922 0.265944
 0.165606 0.256228 0.263827 0.264239 0.264261
 0.140986 0.218136 0.224604 0.224956 0.224974
 0.171067 0.264678 0.272527 0.272953 0.272975
 0.132769 0.205423 0.211515 0.211846 0.211863
 0.115011 0.177947 0.183224 0.183511 0.183526
 0.194007 0.30017 0.309072 0.309555 0.309581
 0.236367 0.365712 0.376557 0.377146 0.377177
YTP_r0W_actual
 245836 35367.4 31658.2 59442.5 18932.6
YTP_p0W_proyectada
 410003 422333 32165.3 18037.8 39352.3
 410003 229938 88235.1 5514.66 3175.04
CTP_r0_actual
 29618.7 2508.33 1147.04 1738.09 507.575
CTP_p0_proyectada
 54740 26951.7 1390.63 614.158 1163.24
 54740 14673.8 3814.75 187.765 93.8528
Wmedp
 7.49 15.67 23.13 29.37 33.83
Frms_r0
 0.236367 0.365712 0.376557 0.377146 0.377177
Zrms_r0
 1.23637 1.36571 1.37656 1.37715 1.37718
nmprior
 8.19 8.8 8.5 0
nm_flota  nm_reclas  nm_pelaces    nm_pelaL
inf 16.8134 12.0865 25.5264
cv_recla  cv_pelaces  cv_mph
0.295951 0.655618 0.919906
 ------------------------------------------------
Talla a la edad & desviaci?n 
 8 13.2811 15.8009 17.003 17.5766
 0.8 1.32811 1.58009 1.7003 1.75766
