years
 1991 1992 1993 1994 1995 1996 1997 1998 1999 2000 2001 2002 2003 2004 2005 2006 2007 2008 2009 2010 2011 2012 2013 2014 2015 2016 2017 2018 2019 2020 2021
reclasobs
 0 0 0 0 0 0 0 0 0 252601 567819 844713 477998 351125 339783 2.1784e+06 2.13404e+06 4.81314e+06 1.55562e+06 2.62356e+06 3.21686e+06 3.843e+06 1.13348e+06 3.07943e+06 1.97215e+06 2.03268e+06 2.025e+06 2.42433e+06 2.27542e+06 1.05018e+06 2.36338e+06
reclaspred
 2.43345e+06 1.31828e+06 645204 428821 304774 938392 443279 313449 244781 214305 380463 548616 534082 381158 358400 1.28781e+06 1.1127e+06 2.93112e+06 2.37138e+06 1.62387e+06 2.93913e+06 2.42906e+06 1.75524e+06 2.8307e+06 2.04643e+06 1.69198e+06 2.16568e+06 2.51995e+06 1.98219e+06 1.08289e+06 1.53682e+06
pelacesobs
 0 0 0 0 0 0 0 0 0 0 0 0 0 0 0 552880 188675 0 991730 2.46772e+06 1.41603e+06 1.21717e+06 2.29649e+06 1.80582e+06 0 1.4828e+06 1.56532e+06 1.57751e+06 1.42118e+06 867257 1.10002e+06
pelacespred
 1.08342e+06 635318 302778 154636 122654 407707 147864 153089 99864.9 85670.8 172054 210891 228255 165656 160578 503035 437764 1.36268e+06 1.11347e+06 709009 1.26333e+06 1.09921e+06 799542 1.43335e+06 990662 817961 1.19939e+06 1.36664e+06 890267 559229 765318
mphobs
 0 0 0 0 0 0 0 0 0 0 0 498337 0 5186 125008 0 168611 109162 213762 579715 649985 157893 87575 83554 0 0 0 0 0 0 0
mphpred
 2.12693e+06 1.3514e+06 644093 330187 199986 180639 477750 195265 152040 100445 89851.5 257783 292810 233712 135955 167330 840500 688781 1.67287e+06 1.20473e+06 1.17277e+06 1.5167e+06 1.46137e+06 1.08621e+06 1.60137e+06 1.26034e+06 963983 1.12996e+06 1.74625e+06 1.1031e+06 580437
desembarqueobs
 494567 514787 250237 358949 120608 361735 552515 73892 212993 205616 52469 317467 293654 387597 252695 516296 358380 742168 942051 627588 828172 859565 418607 520667 417249 300574 415391 372974 316634 284311 391294
desembarquepred
 494549 514610 249929 358968 120603 361648 552209 73890.3 212955 205578 52469.2 317441 293615 387431 252616 516144 358366 741952 941541 627240 828098 859358 418557 520637 417193 300534 415335 372914 316589 284271 391253
Reclutas
 143702 98898.2 86114.9 69134.1 52932 233356 57401 19517.3 31832.6 56003.1 94911.8 133166 105761 72419.8 65911.7 453606 61342.8 720206 369071 259230 436444 576213 83591.6 343420 260946 105354 292909 348837 71566.2 46182.5 230292
log_desv_Rt
 0.0954951 -0.278153 -0.416562 -0.636197 -0.903236 0.580322 -0.822183 -1.90094 -1.41175 -0.846838 -0.319297 0.0193507 -0.211064 -0.589764 -0.683929 1.24499 -0.755767 1.70729 1.03875 0.685472 1.20641 1.48423 -0.446302 0.966711 0.692069 -0.214919 0.807619 0.98236 -0.601622 -1.03964 0.567104
SSB
 2.12693e+06 1.3514e+06 644093 330187 199986 180639 477750 195265 152040 100445 89851.5 257783 292810 233712 135955 167330 840500 688781 1.67287e+06 1.20473e+06 1.17277e+06 1.5167e+06 1.46137e+06 1.08621e+06 1.60137e+06 1.26034e+06 963983 1.12996e+06 1.74625e+06 1.1031e+06 580437
BT
 2.92377e+06 1.9734e+06 941899 657655 383464 1.256e+06 822685 420126 437022 391906 440670 748408 791052 783000 624017 1.57442e+06 1.29031e+06 3.80349e+06 3.46707e+06 2.2108e+06 3.58757e+06 3.33681e+06 2.20829e+06 3.79305e+06 2.67639e+06 2.1558e+06 3.19443e+06 3.52731e+06 2.316e+06 1.576e+06 2.14359e+06
Ftot
 0.204226 0.384816 0.38687 0.841741 0.423365 0.488927 1.14572 0.253067 0.953544 1.07037 0.177491 0.648655 0.605708 1.09449 0.837041 0.525976 0.323933 0.319186 0.425712 0.415217 0.321871 0.395964 0.23968 0.220318 0.217405 0.185888 0.228434 0.178894 0.156786 0.261039 0.309907
BD_Bspro_t
 0.967852 0.778512 0.572471 0.446468 0.316529 0.355201 0.488045 0.244661 0.259447 0.223046 0.251024 0.566436 0.464854 0.368565 0.248243 0.294111 0.55865 0.498389 0.644774 0.536639 0.48705 0.548476 0.569091 0.537067 0.659021 0.659133 0.652675 0.709129 0.773194 0.688763 0.582343
BD_Bspro
 2.27816 1.44749 0.689889 0.353663 0.214206 0.193482 0.511719 0.209149 0.16285 0.107587 0.0962401 0.276112 0.31363 0.25033 0.145622 0.179227 0.900261 0.737755 1.79182 1.29039 1.25616 1.62454 1.56527 1.16345 1.71523 1.34995 1.03252 1.2103 1.87042 1.18153 0.621707
BD_Bo
 1.2683 0.805847 0.384076 0.196892 0.119253 0.107716 0.284885 0.116438 0.090662 0.059896 0.0535789 0.153717 0.174604 0.139364 0.0810708 0.0997797 0.501195 0.410724 0.997542 0.71839 0.699331 0.904418 0.871421 0.647715 0.954904 0.751549 0.574829 0.673801 1.0413 0.657783 0.346118
BD_Brms
 6.65259 4.22689 2.01458 1.03275 0.625514 0.564998 1.4943 0.610747 0.475547 0.314171 0.281036 0.806289 0.915847 0.731002 0.425238 0.523371 2.6289 2.15436 5.23238 3.76815 3.66818 4.74392 4.57084 3.39744 5.00873 3.94208 3.01513 3.53427 5.4619 3.45025 1.81548
Sel_flota
 0.670309 1 1 1 1
 0.670309 1 1 1 1
 0.670309 1 1 1 1
 0.670309 1 1 1 1
 0.670309 1 1 1 1
 0.670309 1 1 1 1
 0.670309 1 1 1 1
 0.670309 1 1 1 1
 0.670309 1 1 1 1
 0.670309 1 1 1 1
 0.670309 1 1 1 1
 0.670309 1 1 1 1
 0.670309 1 1 1 1
 0.670309 1 1 1 1
 0.670309 1 1 1 1
 0.670309 1 1 1 1
 0.670309 1 1 1 1
 0.670309 1 1 1 1
 0.670309 1 1 1 1
 0.670309 1 1 1 1
 0.670309 1 1 1 1
 0.670309 1 1 1 1
 0.670309 1 1 1 1
 0.670309 1 1 1 1
 0.670309 1 1 1 1
 0.670309 1 1 1 1
 0.670309 1 1 1 1
 0.670309 1 1 1 1
 0.670309 1 1 1 1
 0.670309 1 1 1 1
 0.670309 1 1 1 1
Sel_reclas
 1 1 1 1 1
 1 1 1 1 1
 1 1 1 1 1
 1 1 1 1 1
 1 1 1 1 1
 1 1 1 1 1
 1 1 1 1 1
 1 1 1 1 1
 1 1 1 1 1
 1 1 1 1 1
 1 1 1 1 1
 1 1 1 1 1
 1 1 1 1 1
 1 1 1 1 1
 1 1 1 1 1
 1 1 1 1 1
 1 1 1 1 1
 1 1 1 1 1
 1 1 1 1 1
 1 1 1 1 1
 1 1 1 1 1
 1 1 1 1 1
 1 1 1 1 1
 1 1 1 1 1
 1 1 1 1 1
 1 1 1 1 1
 1 1 1 1 1
 1 1 1 1 1
 1 1 1 1 1
 1 1 1 1 1
 1 1 1 1 1
Sel_pelaces
 1 1 1 1 1
 1 1 1 1 1
 1 1 1 1 1
 1 1 1 1 1
 1 1 1 1 1
 1 1 1 1 1
 1 1 1 1 1
 1 1 1 1 1
 1 1 1 1 1
 1 1 1 1 1
 1 1 1 1 1
 1 1 1 1 1
 1 1 1 1 1
 1 1 1 1 1
 1 1 1 1 1
 1 1 1 1 1
 1 1 1 1 1
 1 1 1 1 1
 1 1 1 1 1
 1 1 1 1 1
 1 1 1 1 1
 1 1 1 1 1
 1 1 1 1 1
 1 1 1 1 1
 1 1 1 1 1
 1 1 1 1 1
 1 1 1 1 1
 1 1 1 1 1
 1 1 1 1 1
 1 1 1 1 1
 1 1 1 1 1
pf_obs 
 0.8446 0.082 0.0669 0.0065 0
 0.8095 0.147 0.0364 0.0071 0
 0.9664 0.0169 0.016 0.0007 0
 0.9276 0.0648 0.0075 0.0001 0
 0.7033 0.2144 0.0806 0.0017 0
 0.9318 0.0425 0.0243 0.0014 0
 0.5671 0.3108 0.0964 0.0239 0.0018
 0.0768 0.2599 0.5324 0.112 0.0189
 0.490249 0.384438 0.106611 0.0170017 0.00170017
 0.7925 0.1577 0.0466 0.003 0.0002
 0.840416 0.127587 0.0312969 0.00059994 9.999e-05
 0.8084 0.0986 0.0794 0.0134 0.0002
 0.7335 0.1905 0.0724 0.0035 0.0001
 0.4001 0.4547 0.1325 0.0127 0
 0.49795 0.308269 0.164784 0.0264974 0.00249975
 0.9179 0.0499 0.0305 0.0017 0
 0.2467 0.6533 0.0926 0.0074 0
 0.9418 0.0223 0.034 0.0019 0
 0.707729 0.231977 0.0356964 0.0245975 0
 0.517169 0.277429 0.184464 0.0207286 0.00020938
 0.811772 0.124168 0.05621 0.00726502 0.000585176
 0.764997 0.148141 0.077277 0.00933861 0.000247198
 0.163321 0.427699 0.378323 0.0303852 0.000271297
 0.753843 0.0900009 0.118128 0.0371064 0.000921714
 0.721811 0.176058 0.0630433 0.0369309 0.00215725
 0.143369 0.312575 0.442814 0.0836902 0.0175525
 0.692698 0.0596174 0.167031 0.0765114 0.00414204
 0.394062 0.376323 0.152708 0.0712218 0.00568511
 0.125707 0.32114 0.495352 0.0537591 0.00404204
 0.23352 0.215282 0.420074 0.123614 0.00750983
 0.774587 0.0839891 0.0768558 0.0609784 0.00358967
pf_pred 
 0.411851 0.18497 0.368575 0.0346031 8.63396e-07
 0.440522 0.291452 0.084293 0.167964 0.0157694
 0.546963 0.253346 0.104026 0.0300861 0.0655788
 0.580833 0.276892 0.0795625 0.032669 0.0300433
 0.648229 0.250276 0.067045 0.0192648 0.0151848
 0.894859 0.0788115 0.0187331 0.0050183 0.00257854
 0.398241 0.561688 0.0300363 0.00713948 0.00289527
 0.435302 0.31524 0.232846 0.0124514 0.00415987
 0.683199 0.17338 0.080064 0.0591376 0.0042189
 0.845739 0.123015 0.0171005 0.00789671 0.00624885
 0.855201 0.131968 0.0102327 0.00142246 0.00117666
 0.737705 0.236383 0.0236159 0.00183115 0.000465117
 0.666104 0.276272 0.0519307 0.00518814 0.000504465
 0.620932 0.292307 0.0717884 0.013494 0.0014792
 0.74265 0.194432 0.0485176 0.0119156 0.00248528
 0.951592 0.0405108 0.00596628 0.0014888 0.000441901
 0.261922 0.716132 0.0183653 0.00270478 0.00087527
 0.909104 0.0328019 0.0563664 0.00144553 0.000281784
 0.534738 0.437729 0.00993607 0.017074 0.000523222
 0.539123 0.300169 0.151197 0.00343205 0.00607834
 0.734573 0.173801 0.0596761 0.0300593 0.00189074
 0.719106 0.228891 0.0340511 0.0116918 0.00625966
 0.222708 0.625909 0.123358 0.0183513 0.00967466
 0.736916 0.0814104 0.146291 0.0288319 0.00655042
 0.573375 0.347087 0.0246128 0.0442283 0.0106971
 0.371213 0.425464 0.165416 0.0117301 0.0261766
 0.738466 0.124848 0.0924874 0.0359582 0.00824014
 0.678583 0.261962 0.0283818 0.0210252 0.0100476
 0.247793 0.57571 0.143849 0.015585 0.0170627
 0.312563 0.231192 0.349193 0.0872503 0.0198022
 0.824453 0.0731396 0.0344405 0.0520191 0.0159476
pobs_RECLAS
 0 0 0 0 0
 0 0 0 0 0
 0 0 0 0 0
 0 0 0 0 0
 0 0 0 0 0
 0 0 0 0 0
 0 0 0 0 0
 0 0 0 0 0
 0 0 0 0 0
 0 0 0 0 0
 0.991045 0.00858322 0.000360255 1.14367e-05 0
 0.934742 0.0480273 0.0164251 0.00080598 0
 0.827803 0.169806 0.00239088 0 0
 0.941827 0.0461693 0.0120037 0 0
 0.791401 0.0380133 0.147996 0.0225897 0
 0.846168 0.0940531 0.0597789 0 0
 0.134021 0.677848 0.182769 0.00536245 0
 0.80878 0.0450904 0.141981 0.00414843 0
 0.846168 0.0940531 0.0597789 0 0
 0.905697 0.0802665 0.012482 0.00150086 5.37128e-05
 0.989698 0.0102097 9.19794e-05 0 0
 0.975433 0.0193895 0.00387452 0.00125025 5.28907e-05
 0.303575 0.632131 0.0575291 0.00676475 0
 0.966965 0.00978017 0.0227588 0.000495775 0
 0.843318 0.132988 0.00938335 0.0141283 0.000182051
 0.564624 0.303363 0.111486 0.0197234 0.00080311
 0.826376 0.0876187 0.0782897 0.00655872 0.00115652
 0.89761 0.0855135 0.0140674 0.00269457 0.000114338
 0.34875 0.467042 0.161289 0.0227151 0.000203297
 0.318654 0.224769 0.449479 0.00709798 0
 0.937255 0.0296025 0.0250945 0.00804832 0
ppred_RECLAS
 0.512528 0.153307 0.305484 0.0286799 7.15604e-07
 0.543527 0.237792 0.0687738 0.13704 0.0128661
 0.646135 0.197887 0.0812541 0.0235001 0.0512233
 0.682179 0.209945 0.060326 0.0247703 0.0227795
 0.736249 0.187652 0.050269 0.0144444 0.0113853
 0.928222 0.053803 0.0127887 0.00342589 0.00176032
 0.511294 0.456163 0.0243934 0.00579818 0.00235134
 0.53693 0.258507 0.190941 0.0102106 0.00341123
 0.770869 0.1254 0.0579075 0.0427722 0.00305139
 0.896059 0.082887 0.0115223 0.00532078 0.00421046
 0.898574 0.0924376 0.00716753 0.000996371 0.000824199
 0.811614 0.169775 0.0169614 0.00131517 0.000334057
 0.753021 0.204355 0.0384125 0.00383761 0.000373147
 0.720677 0.215392 0.0528986 0.00994331 0.00108998
 0.817143 0.138151 0.0344737 0.00846648 0.00176589
 0.967661 0.0270635 0.00398581 0.0009946 0.000295214
 0.348652 0.631982 0.0162073 0.00238694 0.000772419
 0.937824 0.0224379 0.038557 0.000988801 0.000192752
 0.635198 0.343214 0.00779066 0.0133874 0.000410247
 0.639166 0.235011 0.118377 0.00268705 0.0047589
 0.806729 0.126553 0.0434532 0.0218877 0.00137675
 0.794802 0.16721 0.024875 0.00854106 0.00457281
 0.301068 0.56281 0.110922 0.0165013 0.00869934
 0.807993 0.0594159 0.106768 0.0210425 0.0047807
 0.668752 0.269491 0.0191103 0.0343404 0.00830565
 0.46973 0.358804 0.139499 0.00989223 0.0220753
 0.809279 0.0910444 0.0674456 0.0262222 0.00600905
 0.760025 0.195586 0.0211903 0.0156978 0.00750173
 0.330565 0.51236 0.12802 0.01387 0.0151851
 0.406219 0.199694 0.301619 0.0753634 0.0171044
 0.876238 0.0515641 0.0242809 0.036674 0.0112432
pobs_PELACES
 0 0 0 0 0
 0 0 0 0 0
 0 0 0 0 0
 0 0 0 0 0
 0 0 0 0 0
 0 0 0 0 0
 0 0 0 0 0
 0 0 0 0 0
 0 0 0 0 0
 0 0 0 0 0
 0 0 0 0 0
 0 0 0 0 0
 0 0 0 0 0
 0 0 0 0 0
 0 0 0 0 0
 0 0 0 0 0
 0.505614 0.472636 0.0217494 0 0
 0 0 0 0 0
 0.443492 0.261883 0.143347 0.151278 0
 0.227955 0.32914 0.350689 0.0885471 0.00366901
 0.970185 0.0296113 0.000203453 0 0
 0.997202 0.00247181 0.000326279 0 0
 0.445219 0.490057 0.0546422 0.010081 0
 0.90214 0.0892962 0.00764917 0.000914606 0
 0 0 0 0 0
 0.581667 0.319106 0.0959925 0.00289975 0.000334073
 0.762889 0.0836404 0.116647 0.0363945 0.000428098
 0.88444 0.0763242 0.0277011 0.0115352 0
 0.521256 0.241999 0.230069 0.00667565 0
 0.616807 0.101726 0.260614 0.0208532 0
 0.833518 0.0704572 0.0857862 0.0102388 0
ppred_PELACES
 0.518077 0.151562 0.302006 0.0283534 7.07457e-07
 0.553894 0.232392 0.0672119 0.133928 0.0125739
 0.655699 0.192539 0.0790581 0.022865 0.049839
 0.701695 0.197053 0.0566216 0.0232493 0.0213807
 0.745096 0.181358 0.0485829 0.0139599 0.0110034
 0.931686 0.0512062 0.0121715 0.00326054 0.00167535
 0.542357 0.427169 0.0228429 0.00542964 0.00220188
 0.543769 0.25469 0.188121 0.0100598 0.00336085
 0.788677 0.115654 0.053407 0.039448 0.00281424
 0.906416 0.0746281 0.0103742 0.00479061 0.00379092
 0.900321 0.0908459 0.00704411 0.000979215 0.000810007
 0.822168 0.160264 0.0160112 0.00124149 0.000315343
 0.765072 0.194384 0.0365383 0.00365036 0.00035494
 0.744007 0.197401 0.0484803 0.00911281 0.00099894
 0.830359 0.128166 0.031982 0.00785454 0.00163825
 0.969404 0.0256043 0.00377091 0.000940975 0.000279297
 0.356697 0.624175 0.0160071 0.00235746 0.000762878
 0.939818 0.0217181 0.0373202 0.000957084 0.000186569
 0.645862 0.333181 0.00756293 0.0129961 0.000398255
 0.649518 0.228269 0.114981 0.00260997 0.00462238
 0.812131 0.123016 0.0422388 0.021276 0.00133827
 0.801738 0.161557 0.0240341 0.00825233 0.00441822
 0.306583 0.558369 0.110046 0.0163711 0.00863069
 0.811684 0.0582736 0.104715 0.0206379 0.00468879
 0.673971 0.265246 0.0188092 0.0337994 0.0081748
 0.47477 0.355393 0.138173 0.0097982 0.0218654
 0.813085 0.0892272 0.0660995 0.0256988 0.00588911
 0.763556 0.192707 0.0208785 0.0154667 0.00739132
 0.334351 0.509462 0.127296 0.0137916 0.0150993
 0.413087 0.197384 0.29813 0.0744917 0.0169065
 0.879848 0.0500599 0.0235726 0.0356041 0.0109152
pobs_pel_tallas
 0 0 0 0 0 0 0 0 0 0 0 0 0 0 0 0 0 0 0 0 0 0 0 0 0 0
 0 0 0 0 0 0 0 0 0 0 0 0 0 0 0 0 0 0 0 0 0 0 0 0 0 0
 0 0 0 0 0 0 0 0 0 0 0 0 0 0 0 0 0 0 0 0 0 0 0 0 0 0
 0 0 0 0 0 0 0 0 0 0 0 0 0 0 0 0 0 0 0 0 0 0 0 0 0 0
 0 0 0 0 0 0 0 0 0 0 0 0 0 0 0 0 0 0 0 0 0 0 0 0 0 0
 0 0 0 0 0 0 0 0 0 0 0 0 0 0 0 0 0 0 0 0 0 0 0 0 0 0
 0 0 0 0 0 0 0 0 0 0 0 0 0 0 0 0 0 0 0 0 0 0 0 0 0 0
 0 0 0 0 0 0 0 0 0 0 0 0 0 0 0 0 0 0 0 0 0 0 0 0 0 0
 0 0 0 0 0 0 0 0 0 0 0 0 0 0 0 0 0 0 0 0 0 0 0 0 0 0
 0 0 0 0 0 0 0 0 0 0 0 0 0 0 0 0 0 0 0 0 0 0 0 0 0 0
 0 0 0 0 0 0 0 0 0 0 0 0 0 0 0 0 0 0 0 0 0 0 0 0 0 0
 0 0 0 0 0 0 0 0 0 0 0 0 0 0 0 0 0 0 0 0 0 0 0 0 0 0
 0.00862536 0 0 0.000197151 0.00414017 0.0128641 0.00837892 0.0270097 0.101434 0.158115 0.152841 0.127902 0.109271 0.109419 0.0830992 0.0579132 0.0238553 0.00714673 0.00463305 0.00128148 0.00103504 0.000492878 0.000147863 0.000147863 4.92878e-05 0
 0 0 0 0 0 0 0 0 0 0 0 0 0 0 0 0 0 0 0 0 0 0 0 0 0 0
 0 0 0 0 0 0 0 0.0054083 0.00873648 0.0413646 0.0450493 0.0745869 0.0622846 0.0627006 0.0613931 0.0827291 0.12552 0.122667 0.0946155 0.0697135 0.0546179 0.0294188 0.0215738 0.0213955 0.0102223 0.00600262
 0 0 0 0 0.00359764 0.0251062 0.0480494 0.140153 0.205849 0.193036 0.1447 0.116669 0.0760912 0.0342217 0.00950174 0.001854 0.000860785 0 0 0 0.000165536 0 0.000143464 0 0 0
 0 0 0 0 0 0 0 0.000145254 0.000435761 0.0275982 0.070085 0.0708112 0.156366 0.174668 0.174014 0.160142 0.0824315 0.0480064 0.0283245 0.00493863 0.00203355 0 0 0 0 0
 0 0 0 0 0 0 0 0 0 0 0 0 0 0 0 0 0 0 0 0 0 0 0 0 0 0
 0 0 1.00437e-05 0.000401748 0.00122533 0.00171747 0.00176769 0.0269171 0.070346 0.194647 0.189555 0.159765 0.064822 0.0314167 0.0384472 0.0292271 0.0345202 0.0313363 0.0194345 0.0106764 0.0143323 0.0359363 0.0279516 0.0138201 0.00172751 0
 0 0.0021121 0.0136068 0.0755702 0.200478 0.177729 0.0527432 0.0373336 0.0318909 0.0142505 0.0149659 0.0166563 0.0217959 0.0798694 0.0677717 0.0528807 0.04013 0.0224614 0.0357745 0.0225083 0.00881397 0.00855152 0.00135912 0.000746735 0 0
 0 0 0 0 5.4009e-05 0.00500934 0.000945158 0.0243581 0.138947 0.33067 0.221406 0.137944 0.0707744 0.0437923 0.0131692 0.00525238 0.0047753 0.00276346 9.45158e-05 9.00151e-06 2.25038e-05 9.00151e-06 4.50075e-06 0 0 0
 0.000866109 0.00284123 0.00948549 0.0512746 0.133035 0.25785 0.225252 0.132002 0.0553304 0.0519788 0.0540692 0.017754 0.00435017 0.00159236 0.00146478 0.000404838 0.000125132 0.000115318 0.000107957 0.000100596 0 0 0 0 0 0
 0 0 0 0 0.00144013 0.00171154 0.00461396 0.0210425 0.0478622 0.0707936 0.0888783 0.103762 0.0637923 0.0337046 0.0602308 0.124433 0.169614 0.0934646 0.0462172 0.0250306 0.0313229 0.00938855 0.002487 0.000210481 0 0
 0 0.00764035 0.051015 0.0998891 0.058973 0.0496711 0.0374665 0.0718981 0.12319 0.153886 0.159021 0.0857701 0.0377988 0.023471 0.0147837 0.00900784 0.00315554 0.000888139 0.00291439 0.00214683 0.00393193 0.00274676 0.000635225 9.99891e-05 0 0
 0 0 0 0 0 0 0 0 0 0 0 0 0 0 0 0 0 0 0 0 0 0 0 0 0 0
 0 0 0 0 0 0 0 0 0 0 0 0 0 0 0 0 0 0 0 0 0 0 0 0 0 0
 0 0 0 0 0 0 0 0 0 0 0 0 0 0 0 0 0 0 0 0 0 0 0 0 0 0
 0 0 0 0 0 0 0 0 0 0 0 0 0 0 0 0 0 0 0 0 0 0 0 0 0 0
 0 0 0 0 0 0 0 0 0 0 0 0 0 0 0 0 0 0 0 0 0 0 0 0 0 0
 0 0 0 0 0 0 0 0 0 0 0 0 0 0 0 0 0 0 0 0 0 0 0 0 0 0
 0 0 0 0 0 0 0 0 0 0 0 0 0 0 0 0 0 0 0 0 0 0 0 0 0 0
ppred_pel_tallas
 1.11598e-16 4.26734e-05 0.0004148 0.0027565 0.0125306 0.0389875 0.0830676 0.121243 0.121258 0.0831414 0.0392364 0.0132551 0.00459617 0.00450089 0.0080079 0.013705 0.0209799 0.0289644 0.0367089 0.043631 0.0495919 0.0544621 0.0576378 0.0580816 0.0549452 0.048254
 1.17559e-16 4.56236e-05 0.000443477 0.00294706 0.0133969 0.041683 0.0888108 0.129627 0.129649 0.0889208 0.0420526 0.0144659 0.00563594 0.00633242 0.0112883 0.0187504 0.0274043 0.0353527 0.0407488 0.042891 0.0426761 0.0419265 0.0420975 0.0433747 0.0447367 0.0447425
 1.13058e-16 5.40091e-05 0.000524987 0.00348873 0.0158593 0.0493441 0.105134 0.153449 0.153468 0.105225 0.0496506 0.0167457 0.00571876 0.00540956 0.00937971 0.0155522 0.0227135 0.0292463 0.0335561 0.0349665 0.0341192 0.0324731 0.0313029 0.0309904 0.0310369 0.0305914
 1.07635e-16 5.77977e-05 0.000561815 0.00373346 0.0169718 0.0528056 0.112509 0.164213 0.164233 0.112602 0.0531183 0.0178758 0.0060055 0.00553104 0.0095232 0.015727 0.0228294 0.0290977 0.0328141 0.0332169 0.0309461 0.0275623 0.0245323 0.0224805 0.0211535 0.0199
 1.04711e-16 6.13726e-05 0.000596563 0.00396437 0.0180215 0.0560716 0.119467 0.174369 0.174387 0.119553 0.0563592 0.0188528 0.00605303 0.0051628 0.00875334 0.0144265 0.0209007 0.0265496 0.0297581 0.0297894 0.0272069 0.0234484 0.0199063 0.017244 0.0153491 0.0137481
 1.00975e-16 7.67418e-05 0.000745958 0.00495715 0.0225345 0.0701132 0.149384 0.218031 0.218036 0.149408 0.0701943 0.022769 0.00554619 0.00203321 0.00252557 0.00406459 0.00587317 0.00743938 0.00829769 0.00823505 0.00740954 0.00623216 0.00510811 0.00424181 0.00362009 0.00312412
 1.01686e-16 4.46733e-05 0.00043424 0.00288568 0.0131179 0.0408149 0.0869621 0.126932 0.126973 0.0871629 0.0414891 0.0150645 0.0077688 0.0110842 0.0202415 0.0333158 0.0478079 0.0597399 0.0650886 0.0619999 0.0519125 0.0386277 0.0261014 0.0166551 0.0106262 0.00714877
 1.07072e-16 4.47896e-05 0.00043537 0.00289319 0.013152 0.040921 0.0871875 0.127258 0.127283 0.0873087 0.0413287 0.0143325 0.00586755 0.00696559 0.0125554 0.0209679 0.0308547 0.040156 0.0467442 0.0495457 0.0490244 0.0465731 0.0433811 0.0397687 0.035413 0.0300384
 1.06004e-16 6.49623e-05 0.000631456 0.00419625 0.0190756 0.0593512 0.126454 0.184566 0.184577 0.126509 0.0595355 0.019609 0.00553881 0.00357426 0.00568961 0.00939846 0.0137601 0.017793 0.0205485 0.0216132 0.0213335 0.0205076 0.0197979 0.0193405 0.0188019 0.0177315
 1.01441e-16 7.46603e-05 0.000725725 0.0048227 0.0219233 0.0682115 0.145332 0.212118 0.212125 0.145367 0.0683296 0.0222642 0.00567861 0.0025945 0.00362477 0.00587713 0.00846641 0.0106644 0.0117865 0.0115248 0.0101306 0.00824222 0.00649877 0.00523684 0.0044476 0.00393261
 1.00462e-16 7.41582e-05 0.000720845 0.00479027 0.0217759 0.0677528 0.144355 0.210692 0.210701 0.144398 0.0678963 0.0221901 0.00582954 0.00298801 0.00437524 0.0071035 0.0101967 0.0127613 0.0139411 0.0133423 0.0112663 0.00851097 0.00590375 0.00392547 0.00264124 0.00186905
 1.00681e-16 6.77209e-05 0.000658271 0.00437445 0.0198856 0.0618716 0.131825 0.192405 0.19242 0.1319 0.0621248 0.0206167 0.00620903 0.00466117 0.00766396 0.0125469 0.0180297 0.0225909 0.0247266 0.0237388 0.0201471 0.0153393 0.0107525 0.00722019 0.0048586 0.00336642
 1.01531e-16 6.3018e-05 0.000612557 0.00407066 0.0185046 0.0575749 0.12267 0.179045 0.179063 0.122762 0.0578826 0.0193934 0.00630213 0.00548576 0.00932355 0.0153278 0.0221051 0.0278594 0.0307968 0.0300763 0.0262916 0.0210397 0.0159454 0.0119076 0.00900636 0.00689101
 1.02533e-16 6.12829e-05 0.000595691 0.00395858 0.0179951 0.0559897 0.119293 0.174115 0.174134 0.119386 0.0563025 0.0188991 0.00622927 0.00555778 0.00950029 0.0156482 0.022627 0.0286432 0.0319031 0.0315665 0.0282198 0.0234293 0.0187559 0.0150144 0.0122112 0.00996476
 1.02021e-16 6.83956e-05 0.00066483 0.00441803 0.0200837 0.062488 0.133138 0.194321 0.194333 0.133198 0.0626911 0.0206708 0.00589272 0.00388778 0.00620019 0.0101702 0.0147103 0.0186374 0.0207914 0.0206329 0.0185473 0.0155508 0.0126485 0.0103529 0.00864566 0.00725699
 1.00258e-16 7.98486e-05 0.000776157 0.00515783 0.0234468 0.0729516 0.155431 0.226857 0.226859 0.155443 0.0729921 0.0235637 0.00545145 0.00141716 0.00129737 0.00201876 0.0029011 0.00364957 0.00402328 0.00391268 0.00339971 0.00270047 0.00203463 0.00152345 0.00117526 0.000936548
 1.00988e-16 2.93808e-05 0.000285592 0.00189786 0.00862745 0.0268435 0.0571951 0.0834906 0.0835506 0.0574885 0.027828 0.0114696 0.00902619 0.0158275 0.0294892 0.0485555 0.0695916 0.0867723 0.094181 0.0890901 0.0736273 0.0534297 0.0344064 0.0200895 0.0110758 0.0061318
 1.01211e-16 7.74116e-05 0.000752468 0.00500041 0.0227312 0.0707251 0.150687 0.219933 0.219935 0.150698 0.0707605 0.0228342 0.00526163 0.00133105 0.00120063 0.00192568 0.00291325 0.00396733 0.00493328 0.00572088 0.00631958 0.00674092 0.00694563 0.00683639 0.00632956 0.00543949
 1.01675e-16 5.31988e-05 0.000517112 0.00343639 0.0156214 0.048604 0.103557 0.151151 0.151183 0.103714 0.0491296 0.0171387 0.00724219 0.0088156 0.0157854 0.0259392 0.0371915 0.0464165 0.0504741 0.0479331 0.0399506 0.0295415 0.0198364 0.0126618 0.00825044 0.00585571
 1.04421e-16 5.35e-05 0.000520039 0.00345584 0.0157098 0.048879 0.104143 0.152004 0.152026 0.104251 0.0492427 0.0167616 0.00610204 0.00631654 0.0111199 0.0184488 0.026918 0.0345669 0.0393999 0.040441 0.0382254 0.0342739 0.0300224 0.026102 0.0224023 0.0186142
 1.03611e-16 6.68942e-05 0.000650235 0.00432104 0.0196428 0.0611162 0.130215 0.190055 0.190067 0.130273 0.0613117 0.020208 0.00574186 0.00375934 0.00599372 0.00986137 0.0143378 0.0183253 0.0207523 0.0211307 0.0198249 0.0177529 0.0157682 0.0142201 0.0129586 0.0116459
 1.02311e-16 6.60382e-05 0.000641914 0.00426575 0.0193915 0.0603342 0.128549 0.187624 0.18764 0.128625 0.0605897 0.0201296 0.00611882 0.00468785 0.00775205 0.0127168 0.0183266 0.0230774 0.0254848 0.0248698 0.0217596 0.0175212 0.0135332 0.0105385 0.00855421 0.00720268
 1.06421e-16 2.5253e-05 0.000245468 0.00163122 0.00741533 0.0230721 0.0491596 0.0717612 0.0718151 0.0494229 0.0239561 0.00996913 0.00804388 0.0142519 0.026648 0.0440716 0.0636165 0.0802724 0.0889271 0.0871959 0.0768001 0.0623167 0.0483631 0.0374364 0.0296596 0.0239234
 1.05901e-16 6.68574e-05 0.000649877 0.00431866 0.019632 0.0610825 0.130143 0.189949 0.189955 0.130171 0.061178 0.0199096 0.00502309 0.00221285 0.00310922 0.00522802 0.00797769 0.0109814 0.0138802 0.0164805 0.0187832 0.0208053 0.0223648 0.0230613 0.0224951 0.0205423
 1.05384e-16 5.55142e-05 0.000539617 0.00358595 0.0163012 0.0507193 0.108064 0.157728 0.157753 0.108189 0.0511383 0.0175114 0.00662291 0.0071671 0.0126363 0.020789 0.029916 0.0375808 0.0413584 0.0401776 0.0349878 0.0281407 0.0219839 0.0177434 0.0153431 0.0139687
 1.08762e-16 3.91063e-05 0.000380127 0.00252608 0.0114832 0.0357287 0.0761251 0.111114 0.111148 0.0762932 0.0362936 0.0131166 0.00663274 0.00936715 0.0171721 0.0284966 0.0414422 0.0529413 0.0598648 0.0607357 0.0565293 0.0498461 0.043176 0.0376635 0.0331061 0.0287785
 1.05505e-16 6.69728e-05 0.000650999 0.00432612 0.0196659 0.061188 0.130368 0.190278 0.190286 0.13041 0.061331 0.0200802 0.00537054 0.00294607 0.00447039 0.00740219 0.0109346 0.0143395 0.0169179 0.0183512 0.0188496 0.0189101 0.0188914 0.0187676 0.0182277 0.0169701
 1.03454e-16 6.28932e-05 0.000611344 0.0040626 0.018468 0.0574609 0.122427 0.17869 0.178708 0.122518 0.0577655 0.0193478 0.00627083 0.00543139 0.00921574 0.0151334 0.0217909 0.0274025 0.0302011 0.029393 0.0256397 0.0206156 0.0160018 0.0126924 0.0106724 0.00941714
 1.07743e-16 2.75402e-05 0.0002677 0.00177896 0.00808694 0.0251617 0.0536116 0.078258 0.0783072 0.053852 0.0259692 0.0104202 0.00763981 0.0130757 0.0243923 0.0403862 0.0584179 0.0739674 0.0824191 0.0816132 0.0730733 0.0608533 0.0489913 0.0395928 0.032661 0.027176
 1.18986e-16 3.40255e-05 0.00033074 0.00219788 0.00999127 0.0310866 0.0662341 0.0966747 0.0966941 0.0663294 0.0314081 0.0109254 0.00456426 0.00556856 0.0101934 0.0173535 0.0262978 0.0358089 0.0446095 0.0520526 0.0582844 0.0636489 0.0678914 0.0699578 0.0686017 0.0632609
 1.06111e-16 7.24719e-05 0.000704453 0.00468134 0.0212807 0.0662121 0.141072 0.2059 0.205905 0.141096 0.0662921 0.0215123 0.00526487 0.0019856 0.00252776 0.00412456 0.00608263 0.00797723 0.00944644 0.0103725 0.0109589 0.0115678 0.0124351 0.0134852 0.0143701 0.0146731
pSPR Fmed_Fpbrs
0.530229   0.240648 0.240648
Fs Fmed_Fpbrs
0.384525   1.005 1.005
SSBpbr Bo_Bmed_Bpbrs
1.67699e+06  805341  319715 319715
Ro
130614
SPR SPRFo_SPRFmed_SPRFpbrs
933618 495031 224673
Fref
1.005
Nvult_r0
 161464 10413.7 4903.7 7406.56 2270.64
CTP_r0
 27772.2 2463.75 1160.15 1752.3 537.204
YTP_r0
391253
Np
 193727 68828.3 3848.63 1812.27 3475.9
Nvult_p0
 157392 59559.9 3330.37 1568.23 3007.83
CTP_p0
 63351.2 29854.2 1669.34 786.071 1507.67
YTP_p0
 1.07113e+06
CBA_c0
595216
log_Ro
11.6
likeval ReclasPelacesDesembMPH_pf_preclas_ppelaces_ptallas_desvR_qrecl_qpela
 13.4054 24.8025 0.0168276 0.00228266 243.013 117.099 100.132 0 34.8103 0 0 0.0375372 0 0 0
q_reclas_q_pelaces
1 1
M
1
N
 143702 44455.8 88583.8 8316.54 0.207509
 98898.2 46101.5 13333.4 26568.4 2494.39
 86114.9 28110.6 11542.4 3338.27 7276.45
 69134.1 24443.4 7023.6 2883.95 2652.15
 52932 14466.3 3875.28 1113.53 877.699
 233356 14661.5 3484.96 933.563 479.691
 57401 61857.6 3307.84 786.257 318.851
 19517.3 9796.99 7236.34 386.964 129.28
 31832.6 6059.76 2798.29 2066.9 147.453
 56003.1 6180.03 859.097 396.716 313.93
 94911.8 10053.6 779.547 108.366 89.6407
 133166 30999.6 3097.02 240.14 60.9962
 105761 31715.2 5961.48 595.583 57.911
 72419.8 25924 6366.75 1196.75 131.187
 65911.7 12792.2 3192.1 783.958 163.513
 453606 13835.5 2037.64 508.464 150.921
 61342.8 117292 3007.96 443.001 143.356
 720206 18162.2 31209.8 800.379 156.022
 369071 213916 4855.72 8344.02 255.696
 259230 102067 51412 1167.01 2066.83
 436444 72196.6 24789.4 12486.6 785.412
 576213 129400 19250.2 6609.74 3538.79
 83591.6 162562 32038.6 4766.24 2512.72
 343420 26187.5 47057.9 9274.44 2107.09
 260946 108992 7728.89 13888.5 3359.1
 105354 82978.8 32261.3 2287.73 5105.25
 292909 34217 25347.9 9855.02 2258.37
 348837 92456.9 10017.1 7420.63 3546.2
 71566.2 113828 28441.5 3081.43 3373.6
 46182.5 23701.2 35798.4 8944.71 2030.08
 230292 14262.4 6715.97 10143.8 3109.81
pred_Ctot
 11752.1 5278.09 10517.2 987.394 0.0246369
 14515.2 9603.36 2777.46 5534.44 519.605
 12699.5 5882.25 2415.3 698.548 1522.63
 19719 9400.36 2701.11 1109.1 1019.96
 8459.85 3266.28 874.985 251.419 198.172
 42332 3728.25 886.186 237.395 121.98
 20678.4 29165.3 1559.62 370.714 150.336
 1951.77 1413.44 1044.01 55.8286 18.6516
 10002.8 2538.5 1172.23 865.844 61.7697
 19195.4 2792.01 388.123 179.228 141.827
 6795.41 1048.61 81.3085 11.3028 9.34972
 30743.4 9851.12 984.177 76.3122 19.3835
 23054.3 9561.99 1797.36 179.565 17.4599
 25233.3 11878.7 2917.32 548.367 60.1116
 18717 4900.27 1222.79 300.309 62.6366
 87665.5 3732.06 549.644 137.156 40.7101
 7703.35 21062 540.139 79.5496 25.7424
 89231.2 3219.6 5532.52 141.882 27.6579
 59276.8 48523.1 1101.43 1892.69 58.0003
 40722 22672.9 11420.5 259.236 459.119
 54489.4 12892.3 4426.67 2229.75 140.252
 86762.3 27616.4 4108.36 1410.64 755.246
 7945.93 22331.6 4401.24 654.753 345.179
 30165.7 3332.54 5988.45 1180.24 268.142
 22636.2 13702.6 971.687 1746.08 422.312
 7881.75 9033.65 3512.19 249.058 555.792
 26617.8 4500.11 3333.68 1296.1 297.013
 25163.5 9714.19 1052.46 779.665 372.59
 4551.97 10575.8 2642.51 286.297 313.443
 4753.53 3516.01 5310.59 1326.92 301.156
 27772.2 2463.75 1160.15 1752.3 537.204
F
 0.136894 0.204226 0.204226 0.204226 0.204226
 0.257946 0.384816 0.384816 0.384816 0.384816
 0.259322 0.38687 0.38687 0.38687 0.38687
 0.564227 0.841741 0.841741 0.841741 0.841741
 0.283786 0.423365 0.423365 0.423365 0.423365
 0.327732 0.488927 0.488927 0.488927 0.488927
 0.767986 1.14572 1.14572 1.14572 1.14572
 0.169633 0.253067 0.253067 0.253067 0.253067
 0.639169 0.953544 0.953544 0.953544 0.953544
 0.717475 1.07037 1.07037 1.07037 1.07037
 0.118974 0.177491 0.177491 0.177491 0.177491
 0.434799 0.648655 0.648655 0.648655 0.648655
 0.406011 0.605708 0.605708 0.605708 0.605708
 0.733646 1.09449 1.09449 1.09449 1.09449
 0.561076 0.837041 0.837041 0.837041 0.837041
 0.352567 0.525976 0.525976 0.525976 0.525976
 0.217135 0.323933 0.323933 0.323933 0.323933
 0.213953 0.319186 0.319186 0.319186 0.319186
 0.285359 0.425712 0.425712 0.425712 0.425712
 0.278323 0.415217 0.415217 0.415217 0.415217
 0.215753 0.321871 0.321871 0.321871 0.321871
 0.265418 0.395964 0.395964 0.395964 0.395964
 0.16066 0.23968 0.23968 0.23968 0.23968
 0.147681 0.220318 0.220318 0.220318 0.220318
 0.145729 0.217405 0.217405 0.217405 0.217405
 0.124602 0.185888 0.185888 0.185888 0.185888
 0.153121 0.228434 0.228434 0.228434 0.228434
 0.119915 0.178894 0.178894 0.178894 0.178894
 0.105095 0.156786 0.156786 0.156786 0.156786
 0.174977 0.261039 0.261039 0.261039 0.261039
 0.207733 0.309907 0.309907 0.309907 0.309907
YTP_r0W_actual
 236064 40159.2 33528.4 60979.9 20521.2
YTP_p0W_proyectada
 476401 481250 39029.1 23189.1 51260.7
CTP_r0_actual
 27772.2 2463.75 1160.15 1752.3 537.204
CTP_p0_proyectada
 63351.2 29854.2 1669.34 786.071 1507.67
Wmedp
 7.52 16.12 23.38 29.5 34
Frms_r0
 0.207733 0.309907 0.309907 0.309907 0.309907
Zrms_r0
 1.20773 1.30991 1.30991 1.30991 1.30991
nmprior
 8.19 8.8 8.5 0
nm_flota  nm_reclas  nm_pelaces    nm_pelaL
inf 15.1495 12.3064 26.132
cv_recla  cv_pelaces  cv_mph
0.33118 0.564703 1.47443
 ------------------------------------------------
Talla a la edad & desviaci?n 
 8 13.2811 15.8009 17.003 17.5766
 0.8 1.32811 1.58009 1.7003 1.75766
