years
 1991 1992 1993 1994 1995 1996 1997 1998 1999 2000 2001 2002 2003 2004 2005 2006 2007 2008 2009 2010 2011 2012 2013 2014 2015 2016 2017 2018 2019 2020 2021
reclasobs
 0 0 0 0 0 0 0 0 0 252601 567819 844713 477998 351125 339783 2.1784e+06 2.13404e+06 4.81314e+06 1.55562e+06 2.62356e+06 3.21686e+06 3.843e+06 1.13348e+06 3.07943e+06 1.97215e+06 2.03268e+06 2.025e+06 2.42433e+06 2.27542e+06 1.05018e+06 2.36338e+06
reclaspred
 3.66484e+06 1.49798e+06 809543 460439 148438 1.64782e+06 681963 311173 164060 206317 363278 616342 576160 406558 330418 1.73607e+06 1.24892e+06 4.01552e+06 3.23839e+06 1.96463e+06 3.73062e+06 3.22947e+06 2.03287e+06 3.52028e+06 2.40021e+06 1.77432e+06 2.58801e+06 3.38343e+06 2.5095e+06 1.13048e+06 1.67512e+06
pelacesobs
 0 0 0 0 0 0 0 0 0 0 0 0 0 0 0 552880 188675 0 991730 2.46772e+06 1.41603e+06 1.21717e+06 2.29649e+06 1.80582e+06 0 1.4828e+06 1.56532e+06 1.57751e+06 1.42118e+06 867257 1.10002e+06
pelacespred
 1.02299e+06 431799 205070 79856.1 28487.7 431832 134182 85763.2 29351.7 41634.1 92927.9 129703 134218 91989.8 75494.7 387167 278516 1.09698e+06 872238 488805 940626 826952 526764 1.04087e+06 668914 492744 834613 1.0659e+06 656783 340288 480663
mphobs
 0 0 0 0 0 0 0 0 0 0 0 498337 0 5186 125008 0 168611 109162 213762 579715 649985 157893 87575 83554 0 0 0 0 0 0 0
mphpred
 682049 344644 109593 77757.7 28732.6 10505 157125 49061.3 21789.7 7202.44 12563.1 41399.5 52231.9 38144.4 19847.7 22245.1 196128 128188 409882 283870 239888 340054 340068 217562 350792 255439 173333 239622 422131 239476 96478.3
desembarqueobs
 494567 514787 250237 358949 120608 361735 552515 73892 212993 205616 52469 317467 293654 387597 252695 516296 358380 742168 942051 627588 828172 859565 418607 520667 417249 300574 415391 372974 316634 284311 391294
desembarquepred
 494529 514904 249525 358878 120566 361586 551938 73876.2 212802 205477 52463.2 317280 293447 387110 252477 515994 358284 741784 941024 626868 827847 858995 418434 520528 417070 300430 415227 372837 316510 284159 391153
Reclutas
 46035.5 35369.9 157542 31350.2 14531.7 289383 27108.3 7224.63 21401.8 56563.5 59379.6 121631 88211.2 67624.7 49413.2 402538 28872.6 653943 326684 192283 384512 514938 41166.2 281388 189126 64911.7 241313 304046 38319.3 21790.6 180122
log_desv_Rt
 -0.657173 -0.920724 0.573109 -1.04136 -1.81025 1.18116 -1.18675 -2.50909 -1.42311 -0.451222 -0.402634 0.314404 -0.00685024 -0.272611 -0.586368 1.5112 -1.12369 1.99644 1.30241 0.772382 1.46539 1.75746 -0.768966 1.15315 0.755828 -0.313557 0.999512 1.23059 -0.84063 -1.40511 0.707049
SSB
 2.2177e+06 1.12062e+06 356345 252832 93424.8 34157.4 510898 159524 70850 23419 40849.1 134612 169834 124028 64535.4 72330.6 637715 416806 1.33274e+06 923010 780002 1.10569e+06 1.10574e+06 707411 1.14061e+06 830569 563598 779138 1.37257e+06 778662 313702
BT
 2.80523e+06 1.53611e+06 708548 454812 169757 1.31643e+06 793580 266555 268578 290859 258047 560313 573975 613621 425289 1.30112e+06 923967 3.20042e+06 2.90426e+06 1.70167e+06 2.86197e+06 2.68889e+06 1.57887e+06 2.89505e+06 1.93411e+06 1.41013e+06 2.36018e+06 2.83127e+06 1.77916e+06 1.08161e+06 1.49485e+06
Ftot
 0.218446 0.540154 0.549337 1.18248 1.2354 0.463684 1.19317 0.395188 2.00817 1.76953 0.295869 0.943555 0.907336 1.60636 1.38516 0.615036 0.469079 0.375262 0.513346 0.553865 0.41662 0.488518 0.338705 0.287237 0.305261 0.290793 0.312888 0.21713 0.207098 0.405507 0.459204
BD_Bspro_t
 0.965767 0.741628 0.452504 0.395027 0.172887 0.0961278 0.496563 0.207929 0.140834 0.0668758 0.134852 0.403745 0.3291 0.233719 0.134504 0.153971 0.485271 0.375354 0.588561 0.465456 0.384611 0.466434 0.492298 0.423496 0.572468 0.555027 0.523602 0.626578 0.723981 0.604014 0.437707
BD_Bspro
 3.49825 1.76769 0.562105 0.398822 0.14737 0.0538806 0.805901 0.251637 0.11176 0.0369416 0.0644363 0.212339 0.267899 0.195644 0.101799 0.114096 1.00595 0.657478 2.1023 1.45598 1.23039 1.74415 1.74422 1.11588 1.79922 1.31016 0.889032 1.22903 2.16512 1.22828 0.49484
BD_Bo
 1.36766 0.691089 0.219758 0.155922 0.0576152 0.0210649 0.315072 0.0983789 0.0436933 0.0144425 0.0251917 0.0830152 0.104737 0.0764882 0.0397991 0.0446064 0.39328 0.257045 0.821906 0.569222 0.481029 0.681884 0.681912 0.436261 0.703416 0.512213 0.347572 0.480496 0.846468 0.480202 0.193461
BD_Brms
 7.6948 3.88823 1.23641 0.877253 0.324157 0.118516 1.77267 0.553503 0.245829 0.0812571 0.141735 0.467064 0.589274 0.430341 0.223919 0.250966 2.21269 1.4462 4.62424 3.20258 2.70638 3.83645 3.83661 2.45451 3.95759 2.88184 1.95553 2.70339 4.76243 2.70174 1.08846
Sel_flota
 0.73146 0.981044 0.998984 0.999946 0.999997
 0.73146 0.981044 0.998984 0.999946 0.999997
 0.73146 0.981044 0.998984 0.999946 0.999997
 0.73146 0.981044 0.998984 0.999946 0.999997
 0.73146 0.981044 0.998984 0.999946 0.999997
 0.73146 0.981044 0.998984 0.999946 0.999997
 0.73146 0.981044 0.998984 0.999946 0.999997
 0.73146 0.981044 0.998984 0.999946 0.999997
 0.73146 0.981044 0.998984 0.999946 0.999997
 0.73146 0.981044 0.998984 0.999946 0.999997
 0.73146 0.981044 0.998984 0.999946 0.999997
 0.73146 0.981044 0.998984 0.999946 0.999997
 0.73146 0.981044 0.998984 0.999946 0.999997
 0.73146 0.981044 0.998984 0.999946 0.999997
 0.73146 0.981044 0.998984 0.999946 0.999997
 0.73146 0.981044 0.998984 0.999946 0.999997
 0.73146 0.981044 0.998984 0.999946 0.999997
 0.73146 0.981044 0.998984 0.999946 0.999997
 0.73146 0.981044 0.998984 0.999946 0.999997
 0.73146 0.981044 0.998984 0.999946 0.999997
 0.73146 0.981044 0.998984 0.999946 0.999997
 0.73146 0.981044 0.998984 0.999946 0.999997
 0.73146 0.981044 0.998984 0.999946 0.999997
 0.73146 0.981044 0.998984 0.999946 0.999997
 0.73146 0.981044 0.998984 0.999946 0.999997
 0.73146 0.981044 0.998984 0.999946 0.999997
 0.73146 0.981044 0.998984 0.999946 0.999997
 0.73146 0.981044 0.998984 0.999946 0.999997
 0.73146 0.981044 0.998984 0.999946 0.999997
 0.73146 0.981044 0.998984 0.999946 0.999997
 0.73146 0.981044 0.998984 0.999946 0.999997
Sel_reclas
 1 1 1 1 1
 1 1 1 1 1
 1 1 1 1 1
 1 1 1 1 1
 1 1 1 1 1
 1 1 1 1 1
 1 1 1 1 1
 1 1 1 1 1
 1 1 1 1 1
 1 1 1 1 1
 1 1 1 1 1
 1 1 1 1 1
 1 1 1 1 1
 1 1 1 1 1
 1 1 1 1 1
 1 1 1 1 1
 1 1 1 1 1
 1 1 1 1 1
 1 1 1 1 1
 1 1 1 1 1
 1 1 1 1 1
 1 1 1 1 1
 1 1 1 1 1
 1 1 1 1 1
 1 1 1 1 1
 1 1 1 1 1
 1 1 1 1 1
 1 1 1 1 1
 1 1 1 1 1
 1 1 1 1 1
 1 1 1 1 1
Sel_pelaces
 1 1 1 1 1
 1 1 1 1 1
 1 1 1 1 1
 1 1 1 1 1
 1 1 1 1 1
 1 1 1 1 1
 1 1 1 1 1
 1 1 1 1 1
 1 1 1 1 1
 1 1 1 1 1
 1 1 1 1 1
 1 1 1 1 1
 1 1 1 1 1
 1 1 1 1 1
 1 1 1 1 1
 1 1 1 1 1
 1 1 1 1 1
 1 1 1 1 1
 1 1 1 1 1
 1 1 1 1 1
 1 1 1 1 1
 1 1 1 1 1
 1 1 1 1 1
 1 1 1 1 1
 1 1 1 1 1
 1 1 1 1 1
 1 1 1 1 1
 1 1 1 1 1
 1 1 1 1 1
 1 1 1 1 1
 1 1 1 1 1
pf_obs 
 0.8446 0.082 0.0669 0.0065 0
 0.8095 0.147 0.0364 0.0071 0
 0.9664 0.0169 0.016 0.0007 0
 0.9276 0.0648 0.0075 0.0001 0
 0.7033 0.2144 0.0806 0.0017 0
 0.9318 0.0425 0.0243 0.0014 0
 0.5671 0.3108 0.0964 0.0239 0.0018
 0.0768 0.2599 0.5324 0.112 0.0189
 0.490249 0.384438 0.106611 0.0170017 0.00170017
 0.7925 0.1577 0.0466 0.003 0.0002
 0.840416 0.127587 0.0312969 0.00059994 9.999e-05
 0.8084 0.0986 0.0794 0.0134 0.0002
 0.7335 0.1905 0.0724 0.0035 0.0001
 0.4001 0.4547 0.1325 0.0127 0
 0.49795 0.308269 0.164784 0.0264974 0.00249975
 0.9179 0.0499 0.0305 0.0017 0
 0.2467 0.6533 0.0926 0.0074 0
 0.9418 0.0223 0.034 0.0019 0
 0.707729 0.231977 0.0356964 0.0245975 0
 0.517169 0.277429 0.184464 0.0207286 0.00020938
 0.811772 0.124168 0.05621 0.00726502 0.000585176
 0.764997 0.148141 0.077277 0.00933861 0.000247198
 0.163321 0.427699 0.378323 0.0303852 0.000271297
 0.753843 0.0900009 0.118128 0.0371064 0.000921714
 0.721811 0.176058 0.0630433 0.0369309 0.00215725
 0.143369 0.312575 0.442814 0.0836902 0.0175525
 0.692698 0.0596174 0.167031 0.0765114 0.00414204
 0.394062 0.376323 0.152708 0.0712218 0.00568511
 0.125707 0.32114 0.495352 0.0537591 0.00404204
 0.23352 0.215282 0.420074 0.123614 0.00750983
 0.796117 0.104755 0.0508955 0.0450114 0.00322123
pf_pred 
 0.195208 0.226248 0.514426 0.0641171 8.54615e-07
 0.326039 0.169495 0.143848 0.32069 0.0399288
 0.854071 0.0604807 0.0218826 0.018142 0.0454239
 0.37392 0.560674 0.0274999 0.0097169 0.0281892
 0.548893 0.221569 0.206253 0.00980039 0.0134852
 0.985816 0.00946101 0.00235782 0.00212526 0.000239513
 0.226105 0.766213 0.00516398 0.00125809 0.00126026
 0.300385 0.223541 0.471497 0.00307879 0.00149885
 0.780016 0.0838343 0.0441578 0.0911081 0.00088349
 0.958851 0.0359357 0.00204262 0.00103006 0.00214088
 0.886471 0.110885 0.00232121 0.000126811 0.000196428
 0.836929 0.149275 0.0134806 0.000276419 3.84489e-05
 0.738446 0.232261 0.0268785 0.00235912 5.50177e-05
 0.735981 0.214679 0.0439521 0.00494494 0.000443469
 0.817016 0.151957 0.0254052 0.00500932 0.00061289
 0.977017 0.0202747 0.00226246 0.000365497 8.07359e-05
 0.190108 0.797033 0.0113764 0.00123905 0.000244064
 0.943737 0.0140606 0.0415471 0.000579824 7.54993e-05
 0.573222 0.409602 0.00436196 0.0126153 0.000198753
 0.546355 0.298466 0.149076 0.00155133 0.00455172
 0.800991 0.126559 0.0480499 0.0234419 0.000958441
 0.766553 0.198672 0.022294 0.0082807 0.00420013
 0.164849 0.688337 0.125372 0.0137527 0.00768965
 0.79762 0.0436742 0.131289 0.0234165 0.00400036
 0.594594 0.343223 0.013637 0.0401669 0.00837882
 0.37502 0.418941 0.175006 0.00681169 0.0242217
 0.813749 0.0846433 0.0685716 0.0280653 0.00497114
 0.738208 0.224976 0.0169232 0.0134298 0.00646304
 0.195312 0.638864 0.142905 0.0105413 0.0123779
 0.257997 0.184924 0.444063 0.0974095 0.0156059
 0.886617 0.0376303 0.0191933 0.0450961 0.0114637
pobs_RECLAS
 0 0 0 0 0
 0 0 0 0 0
 0 0 0 0 0
 0 0 0 0 0
 0 0 0 0 0
 0 0 0 0 0
 0 0 0 0 0
 0 0 0 0 0
 0 0 0 0 0
 0 0 0 0 0
 0.991045 0.00858322 0.000360255 1.14367e-05 0
 0.934742 0.0480273 0.0164251 0.00080598 0
 0.827803 0.169806 0.00239088 0 0
 0.941827 0.0461693 0.0120037 0 0
 0.791401 0.0380133 0.147996 0.0225897 0
 0.846168 0.0940531 0.0597789 0 0
 0.134021 0.677848 0.182769 0.00536245 0
 0.80878 0.0450904 0.141981 0.00414843 0
 0.846168 0.0940531 0.0597789 0 0
 0.905697 0.0802665 0.012482 0.00150086 5.37128e-05
 0.989698 0.0102097 9.19794e-05 0 0
 0.975433 0.0193895 0.00387452 0.00125025 5.28907e-05
 0.303575 0.632131 0.0575291 0.00676475 0
 0.966965 0.00978017 0.0227588 0.000495775 0
 0.843318 0.132988 0.00938335 0.0141283 0.000182051
 0.564624 0.303363 0.111486 0.0197234 0.00080311
 0.826376 0.0876187 0.0782897 0.00655872 0.00115652
 0.89761 0.0855135 0.0140674 0.00269457 0.000114338
 0.34875 0.467042 0.161289 0.0227151 0.000203297
 0.318654 0.224769 0.449479 0.00709798 0
 0.937255 0.0296025 0.0250945 0.00804832 0
ppred_RECLAS
 0.24893 0.213983 0.477615 0.0594706 7.92641e-07
 0.400895 0.152942 0.127317 0.283544 0.0353019
 0.889774 0.0462231 0.0164037 0.0135857 0.0340139
 0.456829 0.487554 0.0234004 0.00825883 0.0239579
 0.634228 0.181671 0.165445 0.00785219 0.0108038
 0.98959 0.00698923 0.00170887 0.00153875 0.000173405
 0.291192 0.701925 0.00462899 0.00112644 0.00112832
 0.370899 0.203608 0.421406 0.00274894 0.0013382
 0.842575 0.0609966 0.0313043 0.0644987 0.000625409
 0.971511 0.0249592 0.0013842 0.000697115 0.00144878
 0.913466 0.0845547 0.00173727 9.48155e-05 0.00014686
 0.877024 0.112768 0.00997517 0.000204315 2.84178e-05
 0.796678 0.180965 0.0205162 0.00179873 4.19464e-05
 0.801536 0.16209 0.0324067 0.00364138 0.000326542
 0.864376 0.11306 0.0184793 0.0036393 0.00044524
 0.983117 0.0149276 0.00163354 0.000263623 5.82294e-05
 0.241919 0.74627 0.0104501 0.00113702 0.000223954
 0.958415 0.0105404 0.0305631 0.000426106 5.54806e-05
 0.646626 0.339422 0.00354572 0.0102442 0.000161387
 0.623051 0.249646 0.122302 0.0012714 0.00373017
 0.846118 0.0985466 0.0367115 0.0178923 0.000731499
 0.817479 0.155781 0.0171492 0.00636324 0.00322739
 0.211341 0.652168 0.116574 0.0127749 0.00714254
 0.843837 0.0342008 0.100911 0.0179804 0.00307153
 0.665373 0.284141 0.0110804 0.0326042 0.00680088
 0.449267 0.371455 0.152299 0.00592202 0.0210571
 0.856499 0.0658932 0.0523918 0.0214219 0.0037942
 0.792184 0.179065 0.0132227 0.0104829 0.00504459
 0.247217 0.599937 0.13174 0.00970817 0.011399
 0.323561 0.171019 0.402967 0.0883057 0.0141467
 0.915004 0.0285843 0.0143037 0.0335736 0.00853414
pobs_PELACES
 0 0 0 0 0
 0 0 0 0 0
 0 0 0 0 0
 0 0 0 0 0
 0 0 0 0 0
 0 0 0 0 0
 0 0 0 0 0
 0 0 0 0 0
 0 0 0 0 0
 0 0 0 0 0
 0 0 0 0 0
 0 0 0 0 0
 0 0 0 0 0
 0 0 0 0 0
 0 0 0 0 0
 0 0 0 0 0
 0.505614 0.472636 0.0217494 0 0
 0 0 0 0 0
 0.443492 0.261883 0.143347 0.151278 0
 0.227955 0.32914 0.350689 0.0885471 0.00366901
 0.970185 0.0296113 0.000203453 0 0
 0.997202 0.00247181 0.000326279 0 0
 0.445219 0.490057 0.0546422 0.010081 0
 0.90214 0.0892962 0.00764917 0.000914606 0
 0 0 0 0 0
 0.581667 0.319106 0.0959925 0.00289975 0.000334073
 0.762889 0.0836404 0.116647 0.0363945 0.000428098
 0.88444 0.0763242 0.0277011 0.0115352 0
 0.521256 0.241999 0.230069 0.00667565 0
 0.616807 0.101726 0.260614 0.0208532 0
 0.833518 0.0704572 0.0857862 0.0102388 0
ppred_PELACES
 0.252485 0.213169 0.475182 0.0591635 7.88545e-07
 0.412225 0.150421 0.124819 0.277933 0.034603
 0.894319 0.0444041 0.015707 0.0130064 0.0325633
 0.481263 0.465966 0.0222083 0.00783514 0.0227283
 0.658326 0.17033 0.153987 0.0073055 0.0100514
 0.989985 0.00673003 0.00164098 0.0014774 0.000166491
 0.311898 0.681467 0.00446244 0.0010855 0.00108729
 0.378897 0.201338 0.415734 0.0027116 0.00132001
 0.864179 0.0530236 0.0268908 0.0553699 0.000536874
 0.975311 0.0216587 0.00118864 0.000598289 0.00124336
 0.915376 0.0826917 0.00169602 9.25554e-05 0.000143358
 0.88521 0.10531 0.00926358 0.000189683 2.63823e-05
 0.808607 0.170449 0.0192204 0.00168464 3.92852e-05
 0.822002 0.145628 0.02884 0.00323896 0.000290447
 0.877351 0.102384 0.0165977 0.0032673 0.00039972
 0.983944 0.0142022 0.00154851 0.000249852 5.51871e-05
 0.249083 0.73925 0.0103231 0.00112303 0.000221197
 0.959694 0.0102332 0.0296066 0.000412721 5.37376e-05
 0.656255 0.330215 0.00343907 0.00993443 0.000156506
 0.63396 0.24269 0.118505 0.00123171 0.00361369
 0.850648 0.0957322 0.0355752 0.0173362 0.000708759
 0.823469 0.150734 0.0165456 0.00613834 0.00311329
 0.216087 0.648469 0.115681 0.0126756 0.007087
 0.847103 0.0335305 0.0987646 0.0175964 0.00300592
 0.67101 0.279434 0.0108772 0.032003 0.00667545
 0.45534 0.367566 0.150446 0.00584941 0.0207988
 0.85976 0.0644613 0.0511584 0.0209155 0.00370449
 0.795143 0.176548 0.0130201 0.0103215 0.00496693
 0.250452 0.597508 0.131045 0.00965639 0.0113382
 0.331315 0.169366 0.398114 0.0872309 0.0139744
 0.918041 0.0276147 0.0137811 0.032342 0.00822103
pobs_pel_tallas
 0 0 0 0 0 0 0 0 0 0 0 0 0 0 0 0 0 0 0 0 0 0 0 0 0 0
 0 0 0 0 0 0 0 0 0 0 0 0 0 0 0 0 0 0 0 0 0 0 0 0 0 0
 0 0 0 0 0 0 0 0 0 0 0 0 0 0 0 0 0 0 0 0 0 0 0 0 0 0
 0 0 0 0 0 0 0 0 0 0 0 0 0 0 0 0 0 0 0 0 0 0 0 0 0 0
 0 0 0 0 0 0 0 0 0 0 0 0 0 0 0 0 0 0 0 0 0 0 0 0 0 0
 0 0 0 0 0 0 0 0 0 0 0 0 0 0 0 0 0 0 0 0 0 0 0 0 0 0
 0 0 0 0 0 0 0 0 0 0 0 0 0 0 0 0 0 0 0 0 0 0 0 0 0 0
 0 0 0 0 0 0 0 0 0 0 0 0 0 0 0 0 0 0 0 0 0 0 0 0 0 0
 0 0 0 0 0 0 0 0 0 0 0 0 0 0 0 0 0 0 0 0 0 0 0 0 0 0
 0 0 0 0 0 0 0 0 0 0 0 0 0 0 0 0 0 0 0 0 0 0 0 0 0 0
 0 0 0 0 0 0 0 0 0 0 0 0 0 0 0 0 0 0 0 0 0 0 0 0 0 0
 0 0 0 0 0 0 0 0 0 0 0 0 0 0 0 0 0 0 0 0 0 0 0 0 0 0
 0.00862536 0 0 0.000197151 0.00414017 0.0128641 0.00837892 0.0270097 0.101434 0.158115 0.152841 0.127902 0.109271 0.109419 0.0830992 0.0579132 0.0238553 0.00714673 0.00463305 0.00128148 0.00103504 0.000492878 0.000147863 0.000147863 4.92878e-05 0
 0 0 0 0 0 0 0 0 0 0 0 0 0 0 0 0 0 0 0 0 0 0 0 0 0 0
 0 0 0 0 0 0 0 0.0054083 0.00873648 0.0413646 0.0450493 0.0745869 0.0622846 0.0627006 0.0613931 0.0827291 0.12552 0.122667 0.0946155 0.0697135 0.0546179 0.0294188 0.0215738 0.0213955 0.0102223 0.00600262
 0 0 0 0 0.00359764 0.0251062 0.0480494 0.140153 0.205849 0.193036 0.1447 0.116669 0.0760912 0.0342217 0.00950174 0.001854 0.000860785 0 0 0 0.000165536 0 0.000143464 0 0 0
 0 0 0 0 0 0 0 0.000145254 0.000435761 0.0275982 0.070085 0.0708112 0.156366 0.174668 0.174014 0.160142 0.0824315 0.0480064 0.0283245 0.00493863 0.00203355 0 0 0 0 0
 0 0 0 0 0 0 0 0 0 0 0 0 0 0 0 0 0 0 0 0 0 0 0 0 0 0
 0 0 1.00437e-05 0.000401748 0.00122533 0.00171747 0.00176769 0.0269171 0.070346 0.194647 0.189555 0.159765 0.064822 0.0314167 0.0384472 0.0292271 0.0345202 0.0313363 0.0194345 0.0106764 0.0143323 0.0359363 0.0279516 0.0138201 0.00172751 0
 0 0.0021121 0.0136068 0.0755702 0.200478 0.177729 0.0527432 0.0373336 0.0318909 0.0142505 0.0149659 0.0166563 0.0217959 0.0798694 0.0677717 0.0528807 0.04013 0.0224614 0.0357745 0.0225083 0.00881397 0.00855152 0.00135912 0.000746735 0 0
 0 0 0 0 5.4009e-05 0.00500934 0.000945158 0.0243581 0.138947 0.33067 0.221406 0.137944 0.0707744 0.0437923 0.0131692 0.00525238 0.0047753 0.00276346 9.45158e-05 9.00151e-06 2.25038e-05 9.00151e-06 4.50075e-06 0 0 0
 0.000866109 0.00284123 0.00948549 0.0512746 0.133035 0.25785 0.225252 0.132002 0.0553304 0.0519788 0.0540692 0.017754 0.00435017 0.00159236 0.00146478 0.000404838 0.000125132 0.000115318 0.000107957 0.000100596 0 0 0 0 0 0
 0 0 0 0 0.00144013 0.00171154 0.00461396 0.0210425 0.0478622 0.0707936 0.0888783 0.103762 0.0637923 0.0337046 0.0602308 0.124433 0.169614 0.0934646 0.0462172 0.0250306 0.0313229 0.00938855 0.002487 0.000210481 0 0
 0 0.00764035 0.051015 0.0998891 0.058973 0.0496711 0.0374665 0.0718981 0.12319 0.153886 0.159021 0.0857701 0.0377988 0.023471 0.0147837 0.00900784 0.00315554 0.000888139 0.00291439 0.00214683 0.00393193 0.00274676 0.000635225 9.99891e-05 0 0
 0 0 0 0 0 0 0 0 0 0 0 0 0 0 0 0 0 0 0 0 0 0 0 0 0 0
 0 0 0 0 0 0 0 0 0 0 0 0 0 0 0 0 0 0 0 0 0 0 0 0 0 0
 0 0 0 0 0 0 0 0 0 0 0 0 0 0 0 0 0 0 0 0 0 0 0 0 0 0
 0 0 0 0 0 0 0 0 0 0 0 0 0 0 0 0 0 0 0 0 0 0 0 0 0 0
 0 0 0 0 0 0 0 0 0 0 0 0 0 0 0 0 0 0 0 0 0 0 0 0 0 0
 0 0 0 0 0 0 0 0 0 0 0 0 0 0 0 0 0 0 0 0 0 0 0 0 0 0
 0 0 0 0 0 0 0 0 0 0 0 0 0 0 0 0 0 0 0 0 0 0 0 0 0 0
ppred_pel_tallas
 1.19701e-16 2.07969e-05 0.000202153 0.00134338 0.00610682 0.0190007 0.0404838 0.0590917 0.059113 0.040588 0.0193525 0.00713196 0.00395059 0.00600609 0.0113726 0.0196264 0.0302685 0.042226 0.0542753 0.0656422 0.0760442 0.0850471 0.0914197 0.0933016 0.0892218 0.0791632
 1.3737e-16 3.39544e-05 0.000330049 0.00219329 0.0099704 0.0310217 0.0660955 0.0964715 0.0964862 0.0661678 0.0312651 0.0106773 0.00398193 0.00428366 0.00769174 0.0130694 0.0198244 0.0271525 0.0343778 0.0415169 0.0493385 0.058675 0.0694418 0.0801479 0.0883053 0.0914805
 1.0728e-16 7.36639e-05 0.000716039 0.00475833 0.0216307 0.0673011 0.143392 0.209286 0.209291 0.143413 0.0673719 0.0218354 0.0052736 0.00184573 0.00223415 0.00361847 0.00530948 0.00691317 0.00810412 0.00879025 0.00919065 0.00969372 0.0105895 0.0118732 0.0132421 0.0142521
 1.05393e-16 3.96411e-05 0.000385325 0.00256062 0.0116403 0.0362174 0.0771666 0.112636 0.112681 0.0773857 0.0369528 0.0137637 0.00788756 0.0120038 0.0220751 0.0363545 0.052188 0.0652629 0.0712248 0.0681013 0.0575218 0.0436842 0.0309155 0.0216911 0.0162402 0.0134196
 1.06921e-16 5.42255e-05 0.000527091 0.00350271 0.0159228 0.0495419 0.105555 0.154064 0.15408 0.105636 0.0498154 0.0167156 0.0055024 0.00492458 0.00849993 0.0142112 0.0210356 0.0276362 0.0326441 0.0353623 0.0360552 0.0355268 0.0343848 0.0326515 0.029982 0.0261685
 1.00226e-16 8.15438e-05 0.000792634 0.00526733 0.0239445 0.0745003 0.158731 0.231672 0.231673 0.158734 0.074511 0.0239754 0.00534486 0.00096215 0.000404312 0.000541569 0.000777603 0.000989429 0.00111346 0.00112358 0.00104205 0.00092265 0.000815681 0.000742155 0.000692672 0.000644423
 1.00596e-16 2.56908e-05 0.000249723 0.0016595 0.0075439 0.0234722 0.0500125 0.0730084 0.0730739 0.0503326 0.0245467 0.0106454 0.00943737 0.0172045 0.032154 0.0529281 0.0758005 0.0943911 0.102219 0.0963038 0.0789961 0.0565166 0.0354065 0.0196056 0.00980924 0.00465657
 1.12544e-16 3.12093e-05 0.000303366 0.00201597 0.00916433 0.0285137 0.0607522 0.0886739 0.0886939 0.0608503 0.0288445 0.0101274 0.00446183 0.00573653 0.0106237 0.0182248 0.0278976 0.0384908 0.0487028 0.0576904 0.0651807 0.0709286 0.0741255 0.0734967 0.068132 0.0583374
 1.06434e-16 7.11813e-05 0.000691907 0.00459797 0.0209017 0.065033 0.13856 0.202233 0.202238 0.138585 0.0651178 0.0211476 0.00521777 0.00205401 0.0026856 0.00440219 0.00651854 0.00860434 0.0102938 0.0114746 0.0123592 0.0133026 0.0144973 0.0157885 0.0167408 0.0168832
 1.00311e-16 8.03351e-05 0.000780886 0.00518926 0.0235896 0.0733961 0.156378 0.228239 0.228241 0.156388 0.0734303 0.0236883 0.00543695 0.00132118 0.00110526 0.00169701 0.00242983 0.0030413 0.00332526 0.00319073 0.00271392 0.00208952 0.00151702 0.00110869 0.000871817 0.000750149
 1.00104e-16 7.53984e-05 0.000732899 0.00487037 0.02214 0.0688858 0.146769 0.214215 0.214223 0.146808 0.0690162 0.0225165 0.00581457 0.00279142 0.003977 0.0064347 0.00921329 0.0114829 0.0124544 0.0117658 0.00969977 0.00700526 0.00446849 0.00256098 0.00136428 0.000715481
 1.00318e-16 7.29136e-05 0.000708746 0.00470987 0.0214104 0.0666157 0.141932 0.207156 0.207166 0.141982 0.066782 0.0218906 0.00591487 0.00333757 0.00506051 0.0082373 0.0118272 0.0148046 0.0161762 0.0154814 0.0130632 0.00983939 0.0067642 0.00439667 0.00282242 0.00184744
 1.00774e-16 6.66039e-05 0.000647414 0.00430229 0.0195576 0.0608511 0.12965 0.189232 0.189248 0.12973 0.0611204 0.0203354 0.00625426 0.00490699 0.00815153 0.0133579 0.0192053 0.0240841 0.0263986 0.0254066 0.0216556 0.01661 0.0117827 0.00804629 0.00551789 0.00388081
 1.01244e-16 6.77073e-05 0.000658139 0.00437356 0.0198816 0.0618591 0.131798 0.192366 0.19238 0.131867 0.0620896 0.0205476 0.0060459 0.00431067 0.00700978 0.0114948 0.0165827 0.0209145 0.0231484 0.0226554 0.0198778 0.0160047 0.0122423 0.00925281 0.00708829 0.00548466
 1.00901e-16 7.22663e-05 0.000702454 0.00466805 0.0212203 0.0660243 0.140672 0.205317 0.205327 0.14072 0.0661862 0.0216882 0.00584258 0.00326693 0.00494404 0.00806258 0.0116152 0.0146219 0.0161344 0.0157128 0.0136786 0.010887 0.00820766 0.00612149 0.00466614 0.00364037
 1.00083e-16 8.10462e-05 0.000787798 0.00523519 0.0237984 0.0740457 0.157762 0.230259 0.23026 0.157769 0.0740682 0.0238632 0.00539783 0.0011427 0.000754676 0.00111829 0.00160048 0.00200693 0.00220031 0.00211889 0.00180872 0.00139219 0.000995427 0.00069068 0.000486686 0.000355698
 1.00637e-16 2.05168e-05 0.000199431 0.00132529 0.00602462 0.0187452 0.0399413 0.0583103 0.0583814 0.0402886 0.019911 0.00938971 0.00976455 0.0185972 0.0348871 0.0574483 0.082297 0.102527 0.111115 0.104825 0.0861924 0.0619359 0.0391151 0.0219752 0.0112627 0.00551994
 1.00908e-16 7.90487e-05 0.000768382 0.00510617 0.0232119 0.0722208 0.153874 0.224584 0.224585 0.153879 0.0722379 0.0232618 0.00523352 0.00105326 0.00064009 0.000985046 0.00153172 0.00217535 0.00285802 0.00353783 0.00418137 0.00473355 0.00509662 0.00515477 0.00483743 0.00417327
 1.01207e-16 5.40549e-05 0.000525433 0.00349169 0.0158727 0.0493861 0.105224 0.153583 0.153615 0.105379 0.0499069 0.017376 0.00726188 0.00874503 0.015633 0.0256768 0.0367917 0.0458672 0.0497794 0.0471024 0.0389875 0.0284422 0.0186038 0.0113231 0.00686529 0.00450694
 1.04217e-16 5.22185e-05 0.000507582 0.00337307 0.0153335 0.0477083 0.101648 0.148364 0.148387 0.101763 0.0480947 0.0164512 0.00618489 0.0066658 0.011806 0.0195859 0.0285574 0.0366298 0.0416709 0.0426368 0.0400994 0.0356918 0.0309696 0.0266379 0.0226092 0.0185714
 1.0291e-16 7.00667e-05 0.000681074 0.00452597 0.0205744 0.0640147 0.13639 0.199068 0.199077 0.136436 0.0641669 0.0210145 0.00563268 0.00310353 0.00468999 0.00769346 0.0111963 0.0143357 0.0162812 0.0166541 0.0157322 0.0142156 0.0127487 0.0115841 0.0105945 0.00951894
 1.01659e-16 6.78281e-05 0.000659313 0.00438137 0.0199171 0.0619695 0.132033 0.192709 0.192724 0.132104 0.0622077 0.0206051 0.006108 0.00442759 0.00722163 0.0118242 0.0170102 0.0213578 0.0234683 0.0227021 0.0195599 0.0153447 0.0113857 0.00842191 0.00650316 0.00528711
 1.05975e-16 1.7799e-05 0.000173012 0.00114973 0.00522655 0.0162621 0.0346504 0.0505863 0.0506489 0.0349559 0.0172882 0.00819084 0.00859209 0.0164249 0.0308979 0.0510901 0.0736813 0.0928287 0.102561 0.100088 0.0874201 0.0699271 0.0530683 0.0398584 0.0305389 0.0238729
 1.05133e-16 6.97747e-05 0.000678235 0.00450711 0.0204887 0.0637479 0.135822 0.198237 0.19824 0.135838 0.0638041 0.0206529 0.00492671 0.00161856 0.00192707 0.00326222 0.00512908 0.00736323 0.00982392 0.0124153 0.0150576 0.0175676 0.019572 0.0205827 0.0202232 0.0184456
 1.04725e-16 5.52703e-05 0.000537247 0.0035702 0.0162296 0.0504965 0.107589 0.157035 0.157062 0.10772 0.0509376 0.0175034 0.00676599 0.00750876 0.0132816 0.0218353 0.0313743 0.0393114 0.0430688 0.0415057 0.0356321 0.027967 0.0210518 0.016256 0.0135628 0.0121422
 1.08542e-16 3.75058e-05 0.00036457 0.0024227 0.0110132 0.0342665 0.0730097 0.106567 0.106603 0.0731836 0.0348509 0.0127033 0.00667221 0.0096656 0.017773 0.0295082 0.0429351 0.0548891 0.0621342 0.0631303 0.0588569 0.0519617 0.0449816 0.039085 0.0340869 0.0292981
 1.04218e-16 7.08173e-05 0.00068837 0.00457446 0.0207948 0.0647005 0.137851 0.201199 0.201206 0.137882 0.0648039 0.0210946 0.00533039 0.00235047 0.00326265 0.00537451 0.00795436 0.010467 0.0124144 0.0135704 0.0140813 0.0142882 0.0144217 0.014432 0.0140713 0.0131152
 1.02297e-16 6.54949e-05 0.000636634 0.00423066 0.019232 0.0598379 0.127492 0.186081 0.186098 0.127575 0.0601167 0.0200372 0.00625109 0.00504488 0.00843074 0.0138168 0.0198585 0.0248956 0.0272896 0.0263006 0.0225382 0.0175634 0.0129667 0.00962977 0.00759544 0.0064167
 1.06822e-16 2.06295e-05 0.000200526 0.00133257 0.0060577 0.0188481 0.0401599 0.0586267 0.0586843 0.0404417 0.0197944 0.00879181 0.00819884 0.0152004 0.0285395 0.0472297 0.0682203 0.0861708 0.0956193 0.0940031 0.0831255 0.0678205 0.0529617 0.0411803 0.0326188 0.0261529
 1.22645e-16 2.72901e-05 0.000265269 0.00176281 0.00801347 0.024933 0.053123 0.0775381 0.077555 0.053206 0.0252135 0.00883163 0.00384611 0.00491139 0.00913987 0.0158229 0.0245603 0.0345963 0.0450863 0.0555338 0.0657666 0.0753647 0.0831106 0.0871414 0.0858404 0.0788102
 1.0504e-16 7.56178e-05 0.000735032 0.00488455 0.0222044 0.0690863 0.147196 0.214837 0.21484 0.147209 0.0691306 0.0223327 0.00520802 0.00144653 0.00144329 0.00231147 0.00343426 0.00456934 0.00554341 0.00632334 0.00704577 0.00791158 0.0090132 0.0102275 0.0112507 0.0117409
pSPR Fmed_Fpbrs
0.412739   0.227738 0.227738
Fs Fmed_Fpbrs
0.542613   1.005 1.005
SSBpbr Bo_Bmed_Bpbrs
1.62153e+06  588191  288208 288208
Ro
88817.6
SPR SPRFo_SPRFmed_SPRFpbrs
633946 261654 144374
Fref
1.005
Nvult_r0
 132763 4561.73 2297.9 5395.52 1371.52
CTP_r0
 33381.4 1416.79 722.633 1697.88 431.611
YTP_r0
391153
Np
 148518 26195.6 6499.95 188.32 106.384
Nvult_p0
 122323 22600.3 5623.77 162.959 92.0583
CTP_p0
 51824.5 20284.7 605.568 301.975 873.367
 51824.5 11220.2 2817.47 81.6807 46.1439
YTP_p0
 758448 633114
CBA_c0
720848
log_Ro
11.2143
likeval ReclasPelacesDesembMPH_pf_preclas_ppelaces_ptallas_desvR_qrecl_qpela
 12.0152 53.4675 0.0969115 0.000943966 263.473 117.443 105.095 0 57.3924 1.3505e-05 0 0.172299 0 0 0
q_reclas_q_pelaces
1.68329 1
M
1
N
 46035.5 40666.2 90945.9 11325.4 0.150949
 35369.9 14434.6 12074.5 26897.7 3348.88
 157542 8764.94 3125.87 2589.56 6483.46
 31350.2 38778.9 1881.06 664.271 1927.03
 14531.7 4856.36 4471.91 212.367 292.205
 289383 2165.59 531.693 478.871 53.9656
 27108.3 75836.7 505.503 123.082 123.292
 7224.63 4166.52 8654.04 56.4633 27.4869
 21401.8 1990.59 1040.17 2145.21 20.802
 56563.5 1812.27 102.114 51.4705 106.974
 59379.6 5703.19 117.49 6.41318 9.93345
 121631 17593.6 1569.51 32.1619 4.47345
 88211.2 22439.3 2564.76 224.96 5.24619
 67624.7 16710.8 3389.49 381.155 34.1816
 49413.2 7682.81 1271.43 250.561 30.6553
 402538 6599.72 726.208 117.231 25.8945
 28872.6 94435.3 1327.97 144.521 28.466
 653943 7536.67 21927.2 305.761 39.8116
 326684 182825 1918.67 5544.73 87.3531
 192283 82558 40646.6 422.658 1240.06
 384512 47173.7 17639.4 8598.72 351.55
 514938 104296 11531.9 4279.94 2170.78
 41166.2 132517 23759.4 2604.11 1456
 281388 11820.9 34967.9 6231.5 1064.51
 189126 83900.4 3280.77 9655.09 2013.96
 64911.7 55652.5 22877.5 889.697 3163.54
 241313 19304.2 15392 6294.39 1114.86
 304046 70614.2 5224.54 4142.4 1993.43
 38319.3 95426.6 20993.6 1547.22 1816.7
 21790.6 12115.3 28650.9 6279.75 1006.03
 180122 5958.78 2994.12 7029.32 1786.82
pred_Ctot
 4353.67 5045.96 11473.1 1429.99 0.0190603
 7534.68 3916.99 3324.29 7411.06 922.745
 34042.4 2410.7 872.219 723.122 1810.55
 12287.5 18424.6 903.685 319.311 926.339
 5870.1 2369.55 2205.76 104.81 144.216
 54084.1 519.052 129.355 116.596 13.1402
 10691.5 36230.9 244.182 59.4894 59.5924
 1173.7 873.444 1842.29 12.0298 5.85649
 11655 1252.65 659.804 1361.33 13.2011
 28692.5 1075.34 61.1231 30.8235 64.0634
 7434.26 929.921 19.4665 1.06348 1.64732
 40504.2 7224.36 652.411 13.3776 1.86078
 28523.2 8971.29 1038.21 91.1231 2.12511
 32382.3 9445.61 1933.84 217.572 19.5121
 21547 4007.52 670.006 132.11 16.1636
 95599.5 1983.85 221.378 35.7633 7.89988
 5450.49 22851.4 326.167 35.5244 6.99746
 101466 1511.72 4466.92 62.3396 8.11729
 66643.3 47620.8 507.125 1466.67 23.1072
 41838.1 22855.6 11415.8 118.796 348.556
 65448.4 10341 3926.13 1915.43 78.3136
 100676 26092.7 2928.01 1087.55 551.628
 5826.71 24329.8 4431.35 486.098 271.796
 34288.5 1877.48 5643.9 1006.64 171.969
 24362.9 14063.2 558.764 1645.8 343.314
 7999.37 8936.22 3732.96 145.297 516.662
 31791.1 3306.8 2678.92 1096.44 194.21
 28592.2 8713.73 655.468 520.16 250.326
 3447.28 11276 2522.28 186.055 218.471
 3621.68 2595.9 6233.61 1367.4 219.071
 33381.4 1416.79 722.633 1697.88 431.611
F
 0.159784 0.214305 0.218224 0.218434 0.218445
 0.395101 0.529915 0.539605 0.540125 0.540153
 0.401818 0.538923 0.548779 0.549307 0.549335
 0.864933 1.16006 1.18127 1.18241 1.18247
 0.903642 1.21198 1.23414 1.23533 1.23539
 0.339166 0.454895 0.463213 0.46366 0.463683
 0.872759 1.17056 1.19196 1.19311 1.19317
 0.289064 0.387697 0.394787 0.395167 0.395187
 1.4689 1.9701 2.00613 2.00806 2.00816
 1.29434 1.73598 1.76773 1.76943 1.76952
 0.216416 0.29026 0.295568 0.295853 0.295868
 0.690173 0.925669 0.942597 0.943505 0.943553
 0.66368 0.890137 0.906414 0.907288 0.907334
 1.17499 1.57591 1.60473 1.60628 1.60636
 1.01319 1.3589 1.38375 1.38509 1.38516
 0.449874 0.603377 0.614411 0.615003 0.615034
 0.343112 0.460187 0.468602 0.469054 0.469078
 0.274489 0.368149 0.374881 0.375242 0.375261
 0.375492 0.503615 0.512825 0.513319 0.513345
 0.40513 0.543366 0.553302 0.553835 0.553863
 0.304741 0.408723 0.416197 0.416598 0.416619
 0.357331 0.479257 0.488022 0.488492 0.488517
 0.247749 0.332284 0.338361 0.338687 0.338704
 0.210102 0.281792 0.286945 0.287222 0.287236
 0.223286 0.299475 0.304951 0.305245 0.30526
 0.212704 0.285281 0.290498 0.290778 0.290793
 0.228865 0.306956 0.31257 0.312871 0.312887
 0.158822 0.213014 0.216909 0.217118 0.217129
 0.151484 0.203172 0.206888 0.207087 0.207097
 0.296612 0.39782 0.405095 0.405486 0.405506
 0.335889 0.450499 0.458738 0.45918 0.459203
YTP_r0W_actual
 277065 19976.8 19944.7 58067.5 16099.1
YTP_p0W_proyectada
 388165 317861 14006.8 8869 29546
 388165 175820 65168.1 2398.96 1561.05
CTP_r0_actual
 33381.4 1416.79 722.633 1697.88 431.611
CTP_p0_proyectada
 51824.5 20284.7 605.568 301.975 873.367
 51824.5 11220.2 2817.47 81.6807 46.1439
Wmedp
 7.49 15.67 23.13 29.37 33.83
Frms_r0
 0.335889 0.450499 0.458738 0.45918 0.459203
Zrms_r0
 1.33589 1.4505 1.45874 1.45918 1.4592
nmprior
 8.19 8.8 8.5 0
nm_flota  nm_reclas  nm_pelaces    nm_pelaL
inf 15.32 7.93867 14.7799
cv_recla  cv_pelaces  cv_mph
0.313539 0.829119 0.948164
 ------------------------------------------------
Talla a la edad & desviaci?n 
 8 13.2811 15.8009 17.003 17.5766
 0.8 1.32811 1.58009 1.7003 1.75766
