years
 1991 1992 1993 1994 1995 1996 1997 1998 1999 2000 2001 2002 2003 2004 2005 2006 2007 2008 2009 2010 2011 2012 2013 2014 2015 2016 2017 2018 2019 2020 2021
reclasobs
 0 0 0 0 0 0 0 0 0 252601 567819 844713 477998 351125 339783 2.1784e+06 2.13404e+06 4.81314e+06 1.55562e+06 2.62356e+06 3.21686e+06 3.843e+06 1.13348e+06 3.07943e+06 1.97215e+06 2.03268e+06 2.025e+06 2.42433e+06 2.27542e+06 1.05018e+06 2.36338e+06
reclaspred
 2.93775e+06 1.57769e+06 777696 533975 393325 1.26924e+06 595439 424341 315562 233038 415484 616149 600642 425386 394705 1.58628e+06 1.32574e+06 3.44455e+06 2.82767e+06 2.03305e+06 3.6663e+06 2.98342e+06 2.11547e+06 3.37468e+06 2.41195e+06 2.01447e+06 2.63517e+06 3.08362e+06 2.3785e+06 1.24368e+06 1.32434e+06
pelacesobs
 0 0 0 0 0 0 0 0 0 0 0 0 0 0 0 552880 188675 0 991730 2.46772e+06 1.41603e+06 1.21717e+06 2.29649e+06 1.80582e+06 0 1.4828e+06 1.56532e+06 1.57751e+06 1.42118e+06 867257 0
pelacespred
 935048 538930 255501 135035 112607 400009 143187 150685 92420.7 63785.5 134466 166183 180616 127592 122514 442901 372765 1.1506e+06 947345 624496 1.1363e+06 965920 692583 1.23331e+06 836785 700192 1.05468e+06 1.21091e+06 771034 460463 454254
mphobs
 0 0 0 0 0 0 0 0 0 0 0 498337 0 5186 125008 0 168611 109162 213762 579715 649985 157893 87575 83554 0 0 0 0 0 0 0
mphpred
 1.8469e+06 1.16789e+06 549813 285831 177944 170074 467902 189722 147875 88709.7 64474.2 197074 224236 176106 98356.4 123605 736527 580209 1.39107e+06 1.01684e+06 1.05476e+06 1.35492e+06 1.28137e+06 934939 1.36598e+06 1.06579e+06 825098 991576 1.54537e+06 941360 408223
desembarqueobs
 494567 514787 250237 358949 120608 361735 552515 73892 212993 205616 52469 317467 293654 387597 252695 516296 358380 742168 942051 627588 828172 859565 418607 520667 417249 300574 407403 355545 319650 289779 219260
desembarquepred
 494545 514579 249976 358959 120602 361648 552217 73890.5 212961 205580 52468.7 317428 293593 387376 252593 516112 358358 741917 941445 627202 828084 859310 418542 520628 417181 300520 407336 355478 319592 289731 219254
Reclutas
 138085 95623.5 85292.4 70381.3 53726 232039 57183.7 19612.7 29985.4 47155.3 78778.7 123232 98481.2 69442.1 59481.9 424764 54340 632400 355716 266995 404547 528696 76731.3 304177 233154 98332.2 267265 314689 59486.7 39616.8 152733
log_desv_Rt
 0.139005 -0.228446 -0.34278 -0.534938 -0.804968 0.658042 -0.742596 -1.81269 -1.38815 -0.935418 -0.422222 0.0252052 -0.198999 -0.548372 -0.703192 1.26267 -0.793604 1.66066 1.08527 0.798366 1.2139 1.48155 -0.448555 0.928744 0.662836 -0.200513 0.799376 0.962719 -0.703112 -1.10961 0.239829
SSB
 1.8469e+06 1.16789e+06 549813 285831 177944 170074 467902 189722 147875 88709.7 64474.2 197074 224236 176106 98356.4 123605 736527 580209 1.39107e+06 1.01684e+06 1.05476e+06 1.35492e+06 1.28137e+06 934939 1.36598e+06 1.06579e+06 825098 991576 1.54537e+06 941360 408223
BT
 2.58172e+06 1.74897e+06 829450 608343 359097 1.23755e+06 811370 414523 420371 340950 354217 645177 680972 694501 535344 1.43404e+06 1.14032e+06 3.31683e+06 3.08422e+06 2.00704e+06 3.29344e+06 3.02999e+06 1.9626e+06 3.33382e+06 2.3228e+06 1.88506e+06 2.85343e+06 3.15158e+06 2.04525e+06 1.35665e+06 1.24939e+06
Ftot
 0.236199 0.448416 0.450246 0.955534 0.46775 0.519167 1.20559 0.263919 1.03744 1.35563 0.234777 0.827783 0.770256 1.38919 1.08541 0.617625 0.383846 0.387295 0.511435 0.475878 0.365629 0.457099 0.279906 0.261833 0.261154 0.220977 0.262361 0.19906 0.184861 0.320642 0.281981
BD_Bspro_t
 0.963135 0.752105 0.532419 0.408094 0.288387 0.336283 0.479614 0.238548 0.253005 0.201368 0.195503 0.503857 0.401146 0.305632 0.192725 0.235678 0.524535 0.453623 0.601722 0.495021 0.459122 0.518522 0.53518 0.498702 0.622362 0.620738 0.616876 0.684011 0.755809 0.656121 0.543468
BD_Bspro
 2.15847 1.36491 0.642565 0.334051 0.207962 0.198765 0.546837 0.221728 0.172821 0.103675 0.0753509 0.230319 0.262065 0.205815 0.114949 0.144457 0.860778 0.678089 1.62574 1.18838 1.23269 1.5835 1.49753 1.09266 1.59642 1.24559 0.96429 1.15885 1.80607 1.10017 0.47709
BD_Bo
 1.1859 0.749904 0.353036 0.183533 0.114258 0.109205 0.300441 0.121821 0.0949507 0.0569606 0.041399 0.126541 0.143982 0.113078 0.0631547 0.0793668 0.472925 0.372553 0.893204 0.652915 0.677262 0.869999 0.822767 0.600325 0.877096 0.684346 0.529796 0.636692 0.99228 0.604448 0.262121
BD_Brms
 5.8812 3.71898 1.7508 0.91019 0.566636 0.541576 1.48997 0.604143 0.470887 0.282484 0.205309 0.627553 0.714049 0.560785 0.313202 0.393602 2.34537 1.84759 4.42965 3.23799 3.35873 4.31457 4.08033 2.97718 4.34976 3.39386 2.62741 3.15753 4.921 2.99763 1.29993
Sel_flota
 0.637891 0.97099 0.99843 0.999917 0.999996
 0.637891 0.97099 0.99843 0.999917 0.999996
 0.637891 0.97099 0.99843 0.999917 0.999996
 0.637891 0.97099 0.99843 0.999917 0.999996
 0.637891 0.97099 0.99843 0.999917 0.999996
 0.637891 0.97099 0.99843 0.999917 0.999996
 0.637891 0.97099 0.99843 0.999917 0.999996
 0.637891 0.97099 0.99843 0.999917 0.999996
 0.637891 0.97099 0.99843 0.999917 0.999996
 0.637891 0.97099 0.99843 0.999917 0.999996
 0.637891 0.97099 0.99843 0.999917 0.999996
 0.637891 0.97099 0.99843 0.999917 0.999996
 0.637891 0.97099 0.99843 0.999917 0.999996
 0.637891 0.97099 0.99843 0.999917 0.999996
 0.637891 0.97099 0.99843 0.999917 0.999996
 0.637891 0.97099 0.99843 0.999917 0.999996
 0.637891 0.97099 0.99843 0.999917 0.999996
 0.637891 0.97099 0.99843 0.999917 0.999996
 0.637891 0.97099 0.99843 0.999917 0.999996
 0.637891 0.97099 0.99843 0.999917 0.999996
 0.637891 0.97099 0.99843 0.999917 0.999996
 0.637891 0.97099 0.99843 0.999917 0.999996
 0.637891 0.97099 0.99843 0.999917 0.999996
 0.637891 0.97099 0.99843 0.999917 0.999996
 0.637891 0.97099 0.99843 0.999917 0.999996
 0.637891 0.97099 0.99843 0.999917 0.999996
 0.637891 0.97099 0.99843 0.999917 0.999996
 0.637891 0.97099 0.99843 0.999917 0.999996
 0.637891 0.97099 0.99843 0.999917 0.999996
 0.637891 0.97099 0.99843 0.999917 0.999996
 0.637891 0.97099 0.99843 0.999917 0.999996
Sel_reclas
 1 1 1 1 1
 1 1 1 1 1
 1 1 1 1 1
 1 1 1 1 1
 1 1 1 1 1
 1 1 1 1 1
 1 1 1 1 1
 1 1 1 1 1
 1 1 1 1 1
 1 1 1 1 1
 1 1 1 1 1
 1 1 1 1 1
 1 1 1 1 1
 1 1 1 1 1
 1 1 1 1 1
 1 1 1 1 1
 1 1 1 1 1
 1 1 1 1 1
 1 1 1 1 1
 1 1 1 1 1
 1 1 1 1 1
 1 1 1 1 1
 1 1 1 1 1
 1 1 1 1 1
 1 1 1 1 1
 1 1 1 1 1
 1 1 1 1 1
 1 1 1 1 1
 1 1 1 1 1
 1 1 1 1 1
 1 1 1 1 1
Sel_pelaces
 1 1 1 1 1
 1 1 1 1 1
 1 1 1 1 1
 1 1 1 1 1
 1 1 1 1 1
 1 1 1 1 1
 1 1 1 1 1
 1 1 1 1 1
 1 1 1 1 1
 1 1 1 1 1
 1 1 1 1 1
 1 1 1 1 1
 1 1 1 1 1
 1 1 1 1 1
 1 1 1 1 1
 1 1 1 1 1
 1 1 1 1 1
 1 1 1 1 1
 1 1 1 1 1
 1 1 1 1 1
 1 1 1 1 1
 1 1 1 1 1
 1 1 1 1 1
 1 1 1 1 1
 1 1 1 1 1
 1 1 1 1 1
 1 1 1 1 1
 1 1 1 1 1
 1 1 1 1 1
 1 1 1 1 1
 1 1 1 1 1
pf_obs 
 0.8446 0.082 0.0669 0.0065 0
 0.8095 0.147 0.0364 0.0071 0
 0.9664 0.0169 0.016 0.0007 0
 0.9276 0.0648 0.0075 0.0001 0
 0.7033 0.2144 0.0806 0.0017 0
 0.9318 0.0425 0.0243 0.0014 0
 0.5671 0.3108 0.0964 0.0239 0.0018
 0.0768 0.2599 0.5324 0.112 0.0189
 0.490249 0.384438 0.106611 0.0170017 0.00170017
 0.7925 0.1577 0.0466 0.003 0.0002
 0.840416 0.127587 0.0312969 0.00059994 9.999e-05
 0.8084 0.0986 0.0794 0.0134 0.0002
 0.7335 0.1905 0.0724 0.0035 0.0001
 0.4001 0.4547 0.1325 0.0127 0
 0.49795 0.308269 0.164784 0.0264974 0.00249975
 0.9179 0.0499 0.0305 0.0017 0
 0.2467 0.6533 0.0926 0.0074 0
 0.9418 0.0223 0.034 0.0019 0
 0.707729 0.231977 0.0356964 0.0245975 0
 0.517169 0.277429 0.184464 0.0207286 0.00020938
 0.811772 0.124168 0.05621 0.00726502 0.000585176
 0.764997 0.148141 0.077277 0.00933861 0.000247198
 0.163321 0.427699 0.378323 0.0303852 0.000271297
 0.753843 0.0900009 0.118128 0.0371064 0.000921714
 0.721811 0.176058 0.0630433 0.0369309 0.00215725
 0.143369 0.312575 0.442814 0.0836902 0.0175525
 0.692698 0.0596174 0.167031 0.0765114 0.00414204
 0.394062 0.376323 0.152708 0.0712218 0.00568511
 0.125707 0.32114 0.495352 0.0537591 0.00404204
 0.23352 0.215282 0.420074 0.123614 0.00750983
 0 0 0 0 0
pf_pred 
 0.424683 0.186839 0.354694 0.0337832 9.14414e-07
 0.45151 0.296273 0.0836146 0.153961 0.0146407
 0.564586 0.251154 0.10115 0.0275865 0.0555235
 0.600641 0.272755 0.0741169 0.0288382 0.0236495
 0.662132 0.248525 0.0618781 0.0160946 0.0113703
 0.894616 0.0805168 0.0184606 0.00444004 0.001967
 0.396844 0.563603 0.0304765 0.00674166 0.00233523
 0.434094 0.317088 0.233237 0.012013 0.00356835
 0.667907 0.182855 0.0847723 0.0604353 0.00403053
 0.834173 0.131595 0.019244 0.00852257 0.00646508
 0.869394 0.118923 0.00937173 0.00130134 0.00101062
 0.766169 0.213386 0.0186665 0.00142657 0.000351336
 0.694389 0.260932 0.0409186 0.00343426 0.000326364
 0.65818 0.273795 0.0584216 0.00879742 0.000806759
 0.770875 0.182899 0.0374127 0.0075718 0.0012412
 0.959724 0.0348288 0.00438916 0.000857099 0.000201392
 0.257978 0.724117 0.0155609 0.00188929 0.000454703
 0.909206 0.0325512 0.0568828 0.00118265 0.000177829
 0.564222 0.41082 0.00913928 0.0154497 0.000368855
 0.573897 0.290532 0.12807 0.0027501 0.00475094
 0.72642 0.188872 0.0583916 0.0248627 0.00145341
 0.717221 0.229376 0.0372457 0.0111438 0.00501347
 0.224999 0.624805 0.122624 0.0192406 0.008331
 0.73372 0.0837144 0.148074 0.0281691 0.00632296
 0.57718 0.344557 0.0251338 0.0431055 0.0100242
 0.384704 0.419744 0.160289 0.0113374 0.0239258
 0.741171 0.128053 0.0900716 0.0333738 0.00732987
 0.676703 0.265018 0.0292894 0.0199764 0.00901236
 0.231043 0.587916 0.149216 0.0160077 0.0158177
 0.307448 0.220201 0.363662 0.0896081 0.0190809
 0.785738 0.0895865 0.0405193 0.0648176 0.0193389
pobs_RECLAS
 0 0 0 0 0
 0 0 0 0 0
 0 0 0 0 0
 0 0 0 0 0
 0 0 0 0 0
 0 0 0 0 0
 0 0 0 0 0
 0 0 0 0 0
 0 0 0 0 0
 0 0 0 0 0
 0.991045 0.00858322 0.000360255 1.14367e-05 0
 0.934742 0.0480273 0.0164251 0.00080598 0
 0.827803 0.169806 0.00239088 0 0
 0.941827 0.0461693 0.0120037 0 0
 0.791401 0.0380133 0.147996 0.0225897 0
 0.846168 0.0940531 0.0597789 0 0
 0.134021 0.677848 0.182769 0.00536245 0
 0.80878 0.0450904 0.141981 0.00414843 0
 0.846168 0.0940531 0.0597789 0 0
 0.905697 0.0802665 0.012482 0.00150086 5.37128e-05
 0.989698 0.0102097 9.19794e-05 0 0
 0.975433 0.0193895 0.00387452 0.00125025 5.28907e-05
 0.303575 0.632131 0.0575291 0.00676475 0
 0.966965 0.00978017 0.0227588 0.000495775 0
 0.843318 0.132988 0.00938335 0.0141283 0.000182051
 0.564624 0.303363 0.111486 0.0197234 0.00080311
 0.826376 0.0876187 0.0782897 0.00655872 0.00115652
 0.89761 0.0855135 0.0140674 0.00269457 0.000114338
 0.34875 0.467042 0.161289 0.0227151 0.000203297
 0.318654 0.224769 0.449479 0.00709798 0
 0.937255 0.0296025 0.0250945 0.00804832 0
ppred_RECLAS
 0.535801 0.153683 0.283549 0.0269658 7.29828e-07
 0.563617 0.239003 0.0655041 0.120425 0.0114507
 0.670194 0.192649 0.0753475 0.0205172 0.0412916
 0.707469 0.201845 0.0531281 0.0206364 0.0169219
 0.753636 0.182639 0.0441572 0.0114674 0.00810066
 0.929936 0.0539072 0.0119992 0.00288141 0.0012764
 0.516415 0.452862 0.0236823 0.00522933 0.00181121
 0.543929 0.258765 0.184968 0.00951231 0.00282533
 0.765612 0.130975 0.0587866 0.0418372 0.00278993
 0.892474 0.0859453 0.0121418 0.00536729 0.00407114
 0.910997 0.0812472 0.00622273 0.000862757 0.000669967
 0.838385 0.147883 0.0125399 0.000956756 0.00023561
 0.782199 0.186791 0.0284032 0.00237993 0.000226149
 0.761024 0.192738 0.0397205 0.00597017 0.000547435
 0.844664 0.124815 0.0247107 0.00499235 0.000818294
 0.973912 0.0226514 0.00277006 0.000540058 0.000126887
 0.349305 0.635436 0.0132644 0.00160796 0.000386963
 0.940274 0.0218141 0.0370281 0.00076866 0.000115569
 0.668097 0.313435 0.00676968 0.0114259 0.000272765
 0.678071 0.221552 0.0948319 0.00203317 0.00351212
 0.805102 0.135772 0.0407767 0.0173355 0.00101331
 0.797907 0.164842 0.025993 0.00776483 0.00349303
 0.309644 0.559659 0.106735 0.0167218 0.00723982
 0.811844 0.0603314 0.103705 0.0196984 0.00442123
 0.678163 0.263691 0.0186927 0.0320098 0.00744328
 0.491659 0.349933 0.12988 0.00917253 0.0193557
 0.81689 0.0919237 0.0628351 0.0232464 0.00510519
 0.763195 0.195129 0.0209615 0.0142748 0.00643956
 0.316512 0.526065 0.129785 0.0139021 0.013736
 0.410665 0.19113 0.306687 0.075453 0.0160654
 0.851463 0.063182 0.0277691 0.0443534 0.0132322
pobs_PELACES
 0 0 0 0 0
 0 0 0 0 0
 0 0 0 0 0
 0 0 0 0 0
 0 0 0 0 0
 0 0 0 0 0
 0 0 0 0 0
 0 0 0 0 0
 0 0 0 0 0
 0 0 0 0 0
 0 0 0 0 0
 0 0 0 0 0
 0 0 0 0 0
 0 0 0 0 0
 0 0 0 0 0
 0 0 0 0 0
 0.505614 0.472636 0.0217494 0 0
 0 0 0 0 0
 0.443492 0.261883 0.143347 0.151278 0
 0.227955 0.32914 0.350689 0.0885471 0.00366901
 0.970185 0.0296113 0.000203453 0 0
 0.997202 0.00247181 0.000326279 0 0
 0.445219 0.490057 0.0546422 0.010081 0
 0.90214 0.0892962 0.00764917 0.000914606 0
 0 0 0 0 0
 0.581667 0.319106 0.0959925 0.00289975 0.000334073
 0.762889 0.0836404 0.116647 0.0363945 0.000428098
 0.88444 0.0763242 0.0277011 0.0115352 0
 0.521256 0.241999 0.230069 0.00667565 0
 0.616807 0.101726 0.260614 0.0208532 0
 0 0 0 0 0
ppred_PELACES
 0.542609 0.151647 0.279194 0.0265486 7.18532e-07
 0.576165 0.232572 0.0634835 0.116685 0.0110949
 0.681417 0.186417 0.0726133 0.0197683 0.0397839
 0.729264 0.187318 0.0488797 0.0189773 0.015561
 0.763258 0.175701 0.0423002 0.0109826 0.00775811
 0.933632 0.0511194 0.0113253 0.00271889 0.00120439
 0.549563 0.422115 0.0218347 0.00481851 0.00166887
 0.551373 0.254806 0.181703 0.0093432 0.00277508
 0.786165 0.119996 0.0533553 0.0379525 0.00253082
 0.906174 0.0751834 0.0104918 0.00463484 0.00351545
 0.913083 0.0793585 0.00606516 0.000840815 0.000652924
 0.850419 0.136959 0.0115269 0.000879107 0.000216483
 0.79644 0.174752 0.0263878 0.00221022 0.000210018
 0.788089 0.171327 0.0348667 0.00523704 0.000480194
 0.859917 0.112778 0.0221092 0.00446439 0.000731735
 0.9756 0.0212013 0.00257826 0.000502513 0.000118064
 0.358974 0.626045 0.013023 0.00157841 0.000379846
 0.94274 0.0209597 0.0354534 0.00073583 0.000110632
 0.680501 0.301801 0.00648829 0.0109482 0.000261359
 0.68967 0.213857 0.0911447 0.00195366 0.00337473
 0.811487 0.131458 0.0393505 0.0167262 0.000977684
 0.80601 0.158356 0.0248671 0.00742682 0.00334094
 0.316364 0.55448 0.10548 0.0165229 0.00715363
 0.816445 0.0589519 0.101094 0.0191999 0.00430932
 0.684492 0.25862 0.0182899 0.031316 0.00728191
 0.497888 0.345863 0.128112 0.00904673 0.0190901
 0.821341 0.0897971 0.0612358 0.0226518 0.00497458
 0.767185 0.191904 0.0205779 0.0140122 0.00632107
 0.321009 0.522807 0.128766 0.0137916 0.0136268
 0.419705 0.188572 0.301706 0.0742158 0.0158019
 0.855529 0.0615461 0.0269811 0.0430889 0.0128548
pobs_pel_tallas
 0 0 0 0 0 0 0 0 0 0 0 0 0 0 0 0 0 0 0 0 0 0 0 0 0 0
 0 0 0 0 0 0 0 0 0 0 0 0 0 0 0 0 0 0 0 0 0 0 0 0 0 0
 0 0 0 0 0 0 0 0 0 0 0 0 0 0 0 0 0 0 0 0 0 0 0 0 0 0
 0 0 0 0 0 0 0 0 0 0 0 0 0 0 0 0 0 0 0 0 0 0 0 0 0 0
 0 0 0 0 0 0 0 0 0 0 0 0 0 0 0 0 0 0 0 0 0 0 0 0 0 0
 0 0 0 0 0 0 0 0 0 0 0 0 0 0 0 0 0 0 0 0 0 0 0 0 0 0
 0 0 0 0 0 0 0 0 0 0 0 0 0 0 0 0 0 0 0 0 0 0 0 0 0 0
 0 0 0 0 0 0 0 0 0 0 0 0 0 0 0 0 0 0 0 0 0 0 0 0 0 0
 0 0 0 0 0 0 0 0 0 0 0 0 0 0 0 0 0 0 0 0 0 0 0 0 0 0
 0 0 0 0 0 0 0 0 0 0 0 0 0 0 0 0 0 0 0 0 0 0 0 0 0 0
 0 0 0 0 0 0 0 0 0 0 0 0 0 0 0 0 0 0 0 0 0 0 0 0 0 0
 0 0 0 0 0 0 0 0 0 0 0 0 0 0 0 0 0 0 0 0 0 0 0 0 0 0
 0.00862536 0 0 0.000197151 0.00414017 0.0128641 0.00837892 0.0270097 0.101434 0.158115 0.152841 0.127902 0.109271 0.109419 0.0830992 0.0579132 0.0238553 0.00714673 0.00463305 0.00128148 0.00103504 0.000492878 0.000147863 0.000147863 4.92878e-05 0
 0 0 0 0 0 0 0 0 0 0 0 0 0 0 0 0 0 0 0 0 0 0 0 0 0 0
 0 0 0 0 0 0 0 0.0054083 0.00873648 0.0413646 0.0450493 0.0745869 0.0622846 0.0627006 0.0613931 0.0827291 0.12552 0.122667 0.0946155 0.0697135 0.0546179 0.0294188 0.0215738 0.0213955 0.0102223 0.00600262
 0 0 0 0 0.00359764 0.0251062 0.0480494 0.140153 0.205849 0.193036 0.1447 0.116669 0.0760912 0.0342217 0.00950174 0.001854 0.000860785 0 0 0 0.000165536 0 0.000143464 0 0 0
 0 0 0 0 0 0 0 0.000145254 0.000435761 0.0275982 0.070085 0.0708112 0.156366 0.174668 0.174014 0.160142 0.0824315 0.0480064 0.0283245 0.00493863 0.00203355 0 0 0 0 0
 0 0 0 0 0 0 0 0 0 0 0 0 0 0 0 0 0 0 0 0 0 0 0 0 0 0
 0 0 1.00437e-05 0.000401748 0.00122533 0.00171747 0.00176769 0.0269171 0.070346 0.194647 0.189555 0.159765 0.064822 0.0314167 0.0384472 0.0292271 0.0345202 0.0313363 0.0194345 0.0106764 0.0143323 0.0359363 0.0279516 0.0138201 0.00172751 0
 0 0.0021121 0.0136068 0.0755702 0.200478 0.177729 0.0527432 0.0373336 0.0318909 0.0142505 0.0149659 0.0166563 0.0217959 0.0798694 0.0677717 0.0528807 0.04013 0.0224614 0.0357745 0.0225083 0.00881397 0.00855152 0.00135912 0.000746735 0 0
 0 0 0 0 5.4009e-05 0.00500934 0.000945158 0.0243581 0.138947 0.33067 0.221406 0.137944 0.0707744 0.0437923 0.0131692 0.00525238 0.0047753 0.00276346 9.45158e-05 9.00151e-06 2.25038e-05 9.00151e-06 4.50075e-06 0 0 0
 0.000866109 0.00284123 0.00948549 0.0512746 0.133035 0.25785 0.225252 0.132002 0.0553304 0.0519788 0.0540692 0.017754 0.00435017 0.00159236 0.00146478 0.000404838 0.000125132 0.000115318 0.000107957 0.000100596 0 0 0 0 0 0
 0 0 0 0 0.00144013 0.00171154 0.00461396 0.0210425 0.0478622 0.0707936 0.0888783 0.103762 0.0637923 0.0337046 0.0602308 0.124433 0.169614 0.0934646 0.0462172 0.0250306 0.0313229 0.00938855 0.002487 0.000210481 0 0
 0 0.00764035 0.051015 0.0998891 0.058973 0.0496711 0.0374665 0.0718981 0.12319 0.153886 0.159021 0.0857701 0.0377988 0.023471 0.0147837 0.00900784 0.00315554 0.000888139 0.00291439 0.00214683 0.00393193 0.00274676 0.000635225 9.99891e-05 0 0
 0 0 0 0 0 0 0 0 0 0 0 0 0 0 0 0 0 0 0 0 0 0 0 0 0 0
 0 0 0 0 0 0 0 0 0 0 0 0 0 0 0 0 0 0 0 0 0 0 0 0 0 0
 0 0 0 0 0 0 0 0 0 0 0 0 0 0 0 0 0 0 0 0 0 0 0 0 0 0
 0 0 0 0 0 0 0 0 0 0 0 0 0 0 0 0 0 0 0 0 0 0 0 0 0 0
 0 0 0 0 0 0 0 0 0 0 0 0 0 0 0 0 0 0 0 0 0 0 0 0 0 0
 0 0 0 0 0 0 0 0 0 0 0 0 0 0 0 0 0 0 0 0 0 0 0 0 0 0
 0 0 0 0 0 0 0 0 0 0 0 0 0 0 0 0 0 0 0 0 0 0 0 0 0 0
ppred_pel_tallas
 1.10759e-16 4.4694e-05 0.000434442 0.00288702 0.013124 0.0408337 0.087001 0.126984 0.126999 0.0870746 0.0410819 0.0138462 0.00471937 0.00449884 0.00795206 0.0135661 0.0206785 0.0283753 0.035669 0.0419715 0.0471947 0.0513246 0.0539135 0.0540677 0.0510126 0.0447465
 1.15471e-16 4.7458e-05 0.000461308 0.00306556 0.0139356 0.0433589 0.0923816 0.134838 0.134861 0.0924916 0.0437286 0.0150045 0.00575348 0.00634578 0.0112743 0.0187041 0.0272868 0.0350911 0.0402282 0.0419556 0.0411475 0.0396429 0.0389676 0.0394295 0.0401569 0.039842
 1.10859e-16 5.61275e-05 0.000545579 0.00362557 0.0164813 0.0512796 0.109257 0.159468 0.159486 0.109345 0.0515761 0.0173389 0.00578262 0.00526872 0.00906886 0.0150176 0.0219008 0.0281303 0.0321377 0.0332433 0.032053 0.0299831 0.0283003 0.0274363 0.0269912 0.0262265
 1.05996e-16 6.00686e-05 0.000583888 0.00388014 0.0176386 0.0548802 0.116929 0.170665 0.170683 0.117017 0.0551773 0.0184972 0.00603762 0.00530087 0.00903991 0.014907 0.0216058 0.0274669 0.0308363 0.0309718 0.0284765 0.02485 0.0215271 0.0191625 0.0175824 0.0162243
 1.0368e-16 6.28686e-05 0.000611105 0.00406101 0.0184608 0.0574384 0.122379 0.17862 0.178637 0.122462 0.0577169 0.0192655 0.00608242 0.00502882 0.00846762 0.013938 0.0201641 0.0255523 0.0285211 0.0283445 0.0255681 0.0216032 0.017837 0.0149628 0.0129226 0.0112931
 1.00817e-16 7.6902e-05 0.000747515 0.0049675 0.0225815 0.0702596 0.149696 0.218486 0.218491 0.14972 0.0703406 0.0228155 0.00555517 0.00203151 0.00251873 0.00405088 0.0058482 0.00739672 0.00822868 0.00812915 0.00725581 0.00602224 0.00483977 0.00392173 0.00326418 0.00275513
 1.01504e-16 4.52669e-05 0.00044001 0.00292402 0.0132922 0.0413572 0.0881175 0.128619 0.128659 0.0883159 0.0420234 0.0152156 0.00774903 0.0109629 0.0200005 0.0329153 0.0472282 0.0590049 0.0642667 0.061179 0.0511633 0.0379784 0.0255398 0.0161505 0.0101531 0.00669928
 1.06716e-16 4.54159e-05 0.000441459 0.00293365 0.013336 0.0414933 0.0884067 0.129037 0.129062 0.0885279 0.0419009 0.0145162 0.00590695 0.00696771 0.0125437 0.0209347 0.0307773 0.0399966 0.0464523 0.0490669 0.0483172 0.0456281 0.0422344 0.0385003 0.034129 0.0288439
 1.05805e-16 6.47554e-05 0.000629446 0.00418289 0.0190148 0.0591622 0.126052 0.183979 0.18399 0.126109 0.0593534 0.019568 0.00557482 0.00367971 0.00589255 0.0097317 0.0142338 0.0183745 0.0211605 0.0221556 0.0217181 0.0206857 0.0197667 0.0191321 0.0184662 0.0173232
 1.01382e-16 7.46404e-05 0.000725531 0.00482141 0.0219174 0.0681933 0.145293 0.212061 0.212069 0.145329 0.0683122 0.0222609 0.00568368 0.00260815 0.00365097 0.00592028 0.00852805 0.0107406 0.0118674 0.0115974 0.0101822 0.00826447 0.00648812 0.00519405 0.00437665 0.00384017
 1.00391e-16 7.52094e-05 0.000731062 0.00485817 0.0220845 0.0687132 0.146401 0.213678 0.213686 0.146438 0.0688385 0.0224464 0.00576599 0.00271144 0.00383215 0.00620535 0.00890596 0.0111448 0.0121732 0.0116469 0.00982904 0.00741726 0.00513479 0.00340247 0.00227789 0.00160247
 1.00493e-16 7.00479e-05 0.00068089 0.00452476 0.0205689 0.0639975 0.136354 0.199015 0.199029 0.136418 0.0642138 0.0211934 0.00609177 0.00409944 0.00655578 0.0107094 0.0153783 0.0192485 0.0210304 0.0201268 0.0169864 0.012806 0.00882821 0.00577921 0.00376574 0.00252827
 1.01064e-16 6.56018e-05 0.000637672 0.00423756 0.0192633 0.0599355 0.127699 0.186385 0.186402 0.127782 0.0602118 0.0200616 0.00624124 0.00501177 0.00837281 0.0137378 0.0197815 0.0248689 0.0273749 0.0265408 0.0229132 0.0179602 0.0131877 0.00944793 0.0068387 0.00504208
 1.01657e-16 6.49139e-05 0.000630986 0.00419313 0.0190614 0.059307 0.126361 0.18443 0.184447 0.126441 0.0595783 0.019845 0.00616104 0.00492946 0.00823572 0.0135312 0.0195286 0.0246451 0.0273068 0.0267775 0.0235777 0.0191023 0.0147603 0.0113171 0.0088198 0.00694761
 1.01239e-16 7.08302e-05 0.000688495 0.00457529 0.0207986 0.0647123 0.137877 0.201237 0.201248 0.13793 0.0648908 0.0213144 0.00587051 0.00351751 0.00544813 0.00890641 0.0128501 0.0162151 0.017965 0.0176181 0.0155218 0.0125994 0.00978121 0.00756913 0.00598606 0.00480818
 1.00151e-16 8.03589e-05 0.000781117 0.0051908 0.0235966 0.0734178 0.156424 0.228307 0.228309 0.156434 0.0734513 0.0236934 0.00543369 0.00131124 0.00108679 0.00166851 0.00239336 0.00300438 0.00329975 0.00318781 0.00273697 0.00212866 0.0015491 0.00110374 0.000803727 0.000606836
 1.00759e-16 2.95683e-05 0.000287415 0.00190997 0.0086825 0.0270148 0.0575601 0.0840233 0.0840835 0.0578543 0.0280022 0.0115328 0.00905849 0.0158724 0.0295688 0.04868 0.0697549 0.0869438 0.094306 0.0891029 0.0734734 0.0530859 0.0338893 0.0194496 0.0103817 0.0054523
 1.01122e-16 7.76523e-05 0.000754808 0.00501596 0.0228018 0.070945 0.151156 0.220617 0.220619 0.151166 0.0709792 0.0229012 0.00526784 0.00131255 0.00115997 0.00185466 0.00280294 0.00381194 0.00473097 0.00547235 0.00602673 0.00640795 0.00658232 0.00646046 0.00596499 0.00511076
 1.01407e-16 5.6052e-05 0.000544846 0.00362069 0.0164592 0.0512107 0.109111 0.159257 0.159286 0.109253 0.0516868 0.0178335 0.00706784 0.00806113 0.0143049 0.0234927 0.0336796 0.0420262 0.0456855 0.0433589 0.0360939 0.026623 0.0177864 0.0112456 0.00721921 0.00503724
 1.03452e-16 5.68072e-05 0.000552186 0.00366947 0.0166809 0.0519006 0.11058 0.1614 0.161421 0.110682 0.0522407 0.0176644 0.0061426 0.0059655 0.0103798 0.0171791 0.0249936 0.0319497 0.0361503 0.0366767 0.0340661 0.0298248 0.0254089 0.021512 0.0180843 0.014819
 1.03013e-16 6.68412e-05 0.00064972 0.00431762 0.0196273 0.0610678 0.130112 0.189905 0.189917 0.130174 0.0612764 0.0202304 0.00583329 0.00396449 0.00638004 0.0104888 0.0152145 0.019369 0.0217869 0.0219324 0.0201978 0.0175917 0.0150799 0.0131039 0.0115669 0.0101462
 1.02069e-16 6.639e-05 0.000645334 0.00428847 0.0194948 0.0606556 0.129234 0.188624 0.188639 0.129308 0.0609061 0.0202184 0.00610518 0.00461208 0.00760255 0.0124704 0.0179744 0.0226394 0.0250094 0.0244152 0.0213669 0.0171961 0.0132471 0.010247 0.00822075 0.00681398
 1.06054e-16 2.60586e-05 0.000253299 0.00168326 0.00765189 0.0238082 0.0507278 0.0740499 0.0741034 0.0509892 0.0246859 0.0101875 0.00804985 0.0141581 0.0264528 0.0437398 0.0631199 0.079609 0.088123 0.0862907 0.0758275 0.0612949 0.0473026 0.0363556 0.0285929 0.0229169
 1.05588e-16 6.72495e-05 0.000653689 0.004344 0.0197472 0.0614408 0.130906 0.191063 0.191069 0.130935 0.0615372 0.0200274 0.00505472 0.00222936 0.00313066 0.00525471 0.00799695 0.010965 0.0137849 0.0162558 0.0183862 0.0202168 0.0215996 0.0221686 0.0215475 0.0196187
 1.04967e-16 5.63807e-05 0.000548041 0.00364192 0.0165557 0.051511 0.109751 0.160189 0.160214 0.109872 0.0519196 0.0177356 0.00660283 0.00700935 0.0123212 0.0202653 0.029158 0.0366187 0.0402787 0.0390884 0.0339691 0.0272128 0.021113 0.0168765 0.014446 0.0130457
 1.07924e-16 4.10104e-05 0.000398636 0.00264908 0.0120423 0.0374684 0.0798316 0.116524 0.116557 0.0799952 0.0380179 0.0136311 0.00664319 0.00913767 0.0166962 0.0276892 0.0402375 0.0513387 0.0579337 0.0585786 0.0542312 0.0474502 0.0407022 0.0351472 0.0306231 0.0264354
 1.04904e-16 6.76528e-05 0.000657609 0.00437004 0.0198656 0.0618093 0.131691 0.192209 0.192218 0.131734 0.061953 0.0202818 0.0054189 0.00296087 0.00448217 0.00740877 0.0109158 0.0142557 0.0167095 0.0179473 0.0181853 0.0179485 0.0176408 0.017288 0.0166209 0.0153591
 1.03118e-16 6.31921e-05 0.000614249 0.0040819 0.0185558 0.0577339 0.123009 0.179539 0.179558 0.123099 0.0580373 0.0194318 0.00628067 0.00541341 0.0091757 0.0150649 0.0216872 0.0272607 0.0300211 0.0291725 0.0253694 0.0202781 0.0155779 0.0121713 0.0100609 0.00874348
 1.07539e-16 2.64412e-05 0.000257018 0.00170798 0.00776424 0.0241577 0.0514724 0.0751361 0.0751866 0.0517191 0.0249862 0.0101583 0.00772154 0.0133982 0.0250232 0.0414291 0.0599157 0.07584 0.0844594 0.0835521 0.074681 0.0620119 0.0497021 0.0399308 0.0327209 0.027042
 1.18872e-16 3.45705e-05 0.000336038 0.00223309 0.0101513 0.0315846 0.0672951 0.098223 0.0982417 0.0673863 0.0318923 0.0110457 0.0045001 0.00535805 0.0097874 0.0166898 0.025361 0.0346703 0.0434275 0.051021 0.0575551 0.0632731 0.0678124 0.0700515 0.0687344 0.0633347
 1.07292e-16 7.04688e-05 0.000684982 0.00455195 0.0206925 0.064382 0.137173 0.200209 0.200215 0.137202 0.0644803 0.020977 0.00526856 0.00225775 0.003083 0.00505504 0.00744663 0.00974533 0.0115022 0.0125696 0.0131997 0.0138471 0.0148166 0.0160325 0.0170809 0.0174562
pSPR Fmed_Fpbrs
0.494718   0.251642 0.251642
Fs Fmed_Fpbrs
0.44794   1.005 1.005
SSBpbr Bo_Bmed_Bpbrs
1.55739e+06  692598  314035 314035
Ro
120165
SPR SPRFo_SPRFmed_SPRFpbrs
855653 423307 215318
Fref
1.005
log_Ro
11.5166
likeval ReclasPelacesDesembMPH_pf_preclas_ppelaces_ptallas_desvR_qrecl_qpela
 12.1617 31.3939 0.0177703 0.00200098 230.64 119.192 84.363 0 34.1209 5.02635e-06 0 0.027493 0 0 0
q_reclas_q_pelaces
1.37396 1
M
1
N
 138085 41195.9 76254 7253.11 0.196307
 95623.5 43693.5 12049.1 22159 2107.03
 85292.4 26426.8 10399.9 2832.84 5701.3
 70381.3 23544.1 6278.89 2440.62 2001.39
 53726 14075 3424.87 889.728 628.524
 232039 14665.9 3287.81 789.819 349.879
 57183.7 61297.3 3258.99 720.269 249.481
 19612.7 9749.66 6994.45 359.773 106.86
 29985.4 6097.17 2775.89 1977.06 131.847
 47155.3 5691.31 819.126 362.46 274.944
 78778.7 7306.04 561.375 77.8461 60.4513
 123232 24950.2 2139.85 163.364 40.2311
 98481.2 26736.6 4108.72 344.47 32.7337
 69442.1 22165.3 4655.85 700.518 64.2376
 59481.9 10531.2 2116.23 427.892 70.1385
 424764 10949.6 1350.43 263.404 61.8882
 54340 105378 2211.33 268.143 64.5306
 632400 15649 26704.9 554.521 83.3744
 355716 181720 3952.5 6673.6 159.319
 266995 94433.3 40685.5 872.596 1507.36
 404547 72506.2 21885.4 9306.75 544.013
 528696 117864 18702.4 5588.81 2514.19
 76731.3 145305 27818.4 4359.12 1887.33
 304177 23612.1 40733.4 7738.68 1736.94
 233154 94688 6736.38 11537.8 2682.92
 98332.2 72610.7 27031.7 1909.38 4029.18
 267265 31418.3 21553.7 7975.54 1751.54
 314689 83169.7 8958.85 6101.88 2752.67
 59486.7 101962 25219 2701.73 2669.48
 39616.8 19449.7 31346.6 7713.93 1642.47
 152733 11878.4 5240.89 8372.63 2497.87
pred_Ctot
 12359.7 5437.61 10322.7 983.201 0.0266124
 15390.7 10099.1 2850.18 5248.1 499.058
 13777.6 6128.89 2468.37 673.192 1354.94
 21323.1 9682.95 2631.19 1023.77 839.57
 8976.22 3369.14 838.853 218.188 154.143
 42477.6 3823.05 876.535 210.819 93.396
 20620.6 29285.6 1583.6 350.306 121.342
 1947.49 1422.57 1046.38 53.8942 16.0088
 9674.72 2648.68 1227.94 875.414 58.3828
 18479.5 2915.23 426.312 188.801 143.221
 7011.41 959.077 75.5804 10.4949 8.15038
 33345.4 9287.05 812.408 62.0875 15.2909
 25143.2 9448.11 1481.63 124.352 11.8173
 27677.5 11513.5 2456.72 369.946 33.9255
 19855.2 4710.89 963.629 195.025 31.9694
 90267.4 3275.84 412.825 80.6149 18.9421
 7610.19 21361 459.037 55.7329 13.4134
 89283.4 3196.51 5585.85 116.136 17.4626
 64272.6 46797.9 1041.09 1759.93 42.0176
 45290.5 22928 10106.9 217.031 374.932
 54217.9 14096.8 4358.18 1855.68 108.478
 86552 27680.3 4494.7 1344.8 605.01
 8047.51 22347.3 4385.89 688.176 297.974
 29981.5 3420.76 6050.62 1151.05 258.37
 22925.5 13685.7 998.308 1712.14 398.158
 8266.85 9019.8 3444.42 243.627 514.138
 26392.8 4559.92 3207.41 1188.43 261.013
 23968.2 9386.71 1037.4 707.545 319.21
 4223.2 10746.4 2727.51 292.603 289.13
 4710.09 3373.47 5571.28 1372.79 292.318
 16128.7 1838.92 831.731 1330.5 396.966
F
 0.150669 0.229347 0.235828 0.236179 0.236198
 0.28604 0.435407 0.447712 0.448379 0.448414
 0.287208 0.437184 0.449539 0.450209 0.450244
 0.609526 0.927813 0.954033 0.955454 0.955529
 0.298373 0.45418 0.467016 0.467711 0.467748
 0.331172 0.504106 0.518352 0.519124 0.519165
 0.769037 1.17062 1.2037 1.20549 1.20559
 0.168351 0.256262 0.263504 0.263897 0.263918
 0.661772 1.00734 1.03581 1.03735 1.03743
 0.864746 1.31631 1.3535 1.35552 1.35563
 0.149762 0.227966 0.234408 0.234757 0.234776
 0.528035 0.803768 0.826483 0.827714 0.827779
 0.491339 0.747911 0.769047 0.770192 0.770253
 0.886152 1.34889 1.38701 1.38908 1.38918
 0.692372 1.05392 1.0837 1.08532 1.0854
 0.393977 0.599707 0.616655 0.617574 0.617622
 0.244852 0.372711 0.383244 0.383815 0.383845
 0.247052 0.376059 0.386687 0.387263 0.387293
 0.32624 0.496598 0.510632 0.511393 0.511433
 0.303558 0.462073 0.475131 0.475839 0.475876
 0.233231 0.355022 0.365055 0.365599 0.365627
 0.291579 0.443838 0.456381 0.457061 0.457097
 0.178549 0.271786 0.279466 0.279883 0.279905
 0.167021 0.254237 0.261422 0.261812 0.261832
 0.166588 0.253578 0.260744 0.261132 0.261153
 0.140959 0.214567 0.220631 0.220959 0.220977
 0.167358 0.25475 0.261949 0.26234 0.26236
 0.126979 0.193285 0.198748 0.199044 0.199059
 0.117921 0.179498 0.184571 0.184846 0.18486
 0.204534 0.31134 0.320138 0.320615 0.32064
 0.179873 0.273801 0.281538 0.281958 0.28198
nmprior
 8 9 7.5 0
nm_flota  nm_reclas  nm_pelaces    nm_pelaL
inf 16.1096 11.301 18.3543
cv_recla  cv_pelaces  cv_mph
0.315444 0.659307 1.38047
 ------------------------------------------------
Talla a la edad & desviación 
 8 13.2811 15.8009 17.003 17.5766
 0.8 1.32811 1.58009 1.7003 1.75766
