years
 1991 1992 1993 1994 1995 1996 1997 1998 1999 2000 2001 2002 2003 2004 2005 2006 2007 2008 2009 2010 2011 2012 2013 2014 2015 2016 2017 2018 2019 2020 2021
reclasobs
 0 0 0 0 0 0 0 0 0 252601 567819 844713 477998 351125 339783 2.1784e+06 2.13404e+06 4.81314e+06 1.55562e+06 2.62356e+06 3.21686e+06 3.843e+06 1.13348e+06 3.07943e+06 1.97215e+06 2.03268e+06 2.025e+06 2.42433e+06 2.27542e+06 1.05018e+06 2.36338e+06
reclaspred
 4.8164e+06 2.7961e+06 1.42956e+06 1.64981e+06 1.91481e+06 2.7334e+06 1.99167e+06 1.72373e+06 1.18595e+06 811184 674828 765797 747764 618161 649841 1.36478e+06 1.5177e+06 2.87641e+06 2.5346e+06 1.99993e+06 3.48709e+06 2.76555e+06 2.39342e+06 3.39074e+06 2.68756e+06 2.48057e+06 2.7553e+06 2.77379e+06 2.53934e+06 1.73356e+06 2.72335e+06
pelacesobs
 0 0 0 0 0 0 0 0 0 0 0 0 0 0 0 552880 188675 0 991730 2.46772e+06 1.41603e+06 1.21717e+06 2.29649e+06 1.80582e+06 0 1.4828e+06 1.56532e+06 1.57751e+06 1.42118e+06 867257 0
pelacespred
 2.35969e+06 1.52931e+06 798133 807041 923088 1.39322e+06 987526 964654 673323 443436 390432 360279 379209 338172 372211 654099 681360 1.51605e+06 1.36531e+06 993510 1.65965e+06 1.46789e+06 1.21843e+06 1.94376e+06 1.46113e+06 1.32635e+06 1.72507e+06 1.74707e+06 1.23389e+06 949051 1.51644e+06
mphobs
 0 0 0 0 0 0 0 0 0 0 0 498337 0 5186 125008 0 168611 109162 213762 579715 649985 157893 87575 83554 0 0 0 0 0 0 0
mphpred
 4.44345e+06 3.01512e+06 1.56296e+06 867102 1.28918e+06 1.56747e+06 1.93912e+06 1.34842e+06 1.11447e+06 739178 459129 514852 504690 436833 328178 438097 1.1126e+06 1.12908e+06 1.94869e+06 1.54046e+06 1.74093e+06 2.11428e+06 1.95683e+06 1.69494e+06 2.29435e+06 1.91697e+06 1.63849e+06 1.70642e+06 2.2722e+06 1.60439e+06 982439
desembarqueobs
 494567 514787 250237 358949 120608 361735 552515 73892 212993 205616 52469 317467 293654 387597 252695 516296 358380 742168 942051 627588 828172 859565 418607 520667 417249 300574 407403 355545 319650 289779 219260
desembarquepred
 494575 512743 251475 358962 120610 361754 552611 73895.1 213049 205676 52471.9 317577 293743 387708 252713 516312 358418 742129 942008 627552 828292 859681 418638 520708 417271 300587 407420 355548 319659 289799 219260
Reclutas
 247175 144671 138281 378600 294006 395575 166010 79332 62057.7 76254.4 122342 157218 139967 104061 110820 488061 129412 716418 470340 374176 515834 674905 170646 432689 378235 183241 373815 402040 138903 115829 545821
log_desv_Rt
 0.0955337 -0.440101 -0.485275 0.521915 0.269035 0.565776 -0.302514 -1.04092 -1.2865 -1.08049 -0.607744 -0.35693 -0.473159 -0.769591 -0.706658 0.775876 -0.551567 1.1597 0.738892 0.510161 0.83122 1.10001 -0.274973 0.655455 0.52095 -0.203764 0.509197 0.581986 -0.480789 -0.662453 0.887726
SSB
 4.44345e+06 3.01512e+06 1.56296e+06 867102 1.28918e+06 1.56747e+06 1.93912e+06 1.34842e+06 1.11447e+06 739178 459129 514852 504690 436833 328178 438097 1.1126e+06 1.12908e+06 1.94869e+06 1.54046e+06 1.74093e+06 2.11428e+06 1.95683e+06 1.69494e+06 2.29435e+06 1.91697e+06 1.63849e+06 1.70642e+06 2.2722e+06 1.60439e+06 982439
BT
 5.8871e+06 4.05432e+06 2.10318e+06 2.22227e+06 2.26143e+06 3.61436e+06 2.79876e+06 2.33003e+06 1.78887e+06 1.24243e+06 972898 1.12676e+06 1.17086e+06 1.21292e+06 1.14822e+06 2.00468e+06 1.88e+06 4.30947e+06 4.14632e+06 2.8982e+06 4.63899e+06 4.27674e+06 3.2244e+06 5.14713e+06 3.81108e+06 3.38813e+06 4.54198e+06 4.53081e+06 3.13193e+06 2.49622e+06 3.84016e+06
Ftot
 0.0945017 0.168183 0.160727 0.187911 0.0557221 0.115758 0.246536 0.0387916 0.161397 0.225376 0.0681541 0.353937 0.336156 0.522591 0.32575 0.312864 0.206045 0.218581 0.3177 0.271245 0.205829 0.267121 0.155215 0.132872 0.136784 0.107699 0.128277 0.110331 0.113262 0.150495 0.0686493
BD_Bspro_t
 0.984993 0.887247 0.765398 0.697693 0.743107 0.80506 0.793526 0.690611 0.727274 0.684989 0.642624 0.745583 0.619477 0.535189 0.447107 0.516305 0.631407 0.621388 0.684396 0.600437 0.583306 0.625985 0.634992 0.639531 0.732553 0.742221 0.75524 0.784941 0.819337 0.765012 0.733523
BD_Bspro
 2.7777 1.88481 0.977039 0.542044 0.805892 0.979856 1.21219 0.842928 0.696681 0.462076 0.287011 0.321845 0.315493 0.273073 0.205151 0.273864 0.695511 0.705814 1.21817 0.962975 1.08829 1.32168 1.22325 1.05954 1.43425 1.19834 1.02426 1.06672 1.4204 1.00294 0.614144
BD_Bo
 1.99462 1.35346 0.701598 0.389234 0.5787 0.703621 0.870453 0.605294 0.500277 0.33181 0.206099 0.231112 0.226551 0.19609 0.147316 0.196658 0.499436 0.506835 0.87475 0.691498 0.781487 0.949081 0.878401 0.760841 1.02991 0.860512 0.735503 0.765995 1.01997 0.720197 0.441008
BD_Brms
 14.2018 9.63667 4.9954 2.77136 4.12037 5.00981 6.19766 4.30972 3.56199 2.3625 1.46743 1.64553 1.61305 1.39617 1.0489 1.40021 3.55601 3.60868 6.22825 4.9235 5.56422 6.75749 6.25425 5.41722 7.33302 6.12688 5.23681 5.45391 7.26223 5.12783 3.13999
Sel_flota
 0.904362 1 1 1 1
 0.904362 1 1 1 1
 0.904362 1 1 1 1
 0.904362 1 1 1 1
 0.904362 1 1 1 1
 0.904362 1 1 1 1
 0.904362 1 1 1 1
 0.904362 1 1 1 1
 0.904362 1 1 1 1
 0.904362 1 1 1 1
 0.904362 1 1 1 1
 0.904362 1 1 1 1
 0.904362 1 1 1 1
 0.904362 1 1 1 1
 0.904362 1 1 1 1
 0.904362 1 1 1 1
 0.904362 1 1 1 1
 0.904362 1 1 1 1
 0.904362 1 1 1 1
 0.904362 1 1 1 1
 0.904362 1 1 1 1
 0.904362 1 1 1 1
 0.904362 1 1 1 1
 0.904362 1 1 1 1
 0.904362 1 1 1 1
 0.904362 1 1 1 1
 0.904362 1 1 1 1
 0.904362 1 1 1 1
 0.904362 1 1 1 1
 0.904362 1 1 1 1
 0.904362 1 1 1 1
Sel_reclas
 0.778213 0.946405 0.988873 0.997769 0.999556
 0.778213 0.946405 0.988873 0.997769 0.999556
 0.778213 0.946405 0.988873 0.997769 0.999556
 0.778213 0.946405 0.988873 0.997769 0.999556
 0.778213 0.946405 0.988873 0.997769 0.999556
 0.778213 0.946405 0.988873 0.997769 0.999556
 0.778213 0.946405 0.988873 0.997769 0.999556
 0.778213 0.946405 0.988873 0.997769 0.999556
 0.778213 0.946405 0.988873 0.997769 0.999556
 0.778213 0.946405 0.988873 0.997769 0.999556
 0.778213 0.946405 0.988873 0.997769 0.999556
 0.778213 0.946405 0.988873 0.997769 0.999556
 0.778213 0.946405 0.988873 0.997769 0.999556
 0.778213 0.946405 0.988873 0.997769 0.999556
 0.778213 0.946405 0.988873 0.997769 0.999556
 0.778213 0.946405 0.988873 0.997769 0.999556
 0.778213 0.946405 0.988873 0.997769 0.999556
 0.778213 0.946405 0.988873 0.997769 0.999556
 0.778213 0.946405 0.988873 0.997769 0.999556
 0.778213 0.946405 0.988873 0.997769 0.999556
 0.778213 0.946405 0.988873 0.997769 0.999556
 0.778213 0.946405 0.988873 0.997769 0.999556
 0.778213 0.946405 0.988873 0.997769 0.999556
 0.778213 0.946405 0.988873 0.997769 0.999556
 0.778213 0.946405 0.988873 0.997769 0.999556
 0.778213 0.946405 0.988873 0.997769 0.999556
 0.778213 0.946405 0.988873 0.997769 0.999556
 0.778213 0.946405 0.988873 0.997769 0.999556
 0.778213 0.946405 0.988873 0.997769 0.999556
 0.778213 0.946405 0.988873 0.997769 0.999556
 0.778213 0.946405 0.988873 0.997769 0.999556
Sel_pelaces
 0.935602 1 1 1 1
 0.935602 1 1 1 1
 0.935602 1 1 1 1
 0.935602 1 1 1 1
 0.935602 1 1 1 1
 0.935602 1 1 1 1
 0.935602 1 1 1 1
 0.935602 1 1 1 1
 0.935602 1 1 1 1
 0.935602 1 1 1 1
 0.935602 1 1 1 1
 0.935602 1 1 1 1
 0.935602 1 1 1 1
 0.935602 1 1 1 1
 0.935602 1 1 1 1
 0.935602 1 1 1 1
 0.935602 1 1 1 1
 0.935602 1 1 1 1
 0.935602 1 1 1 1
 0.935602 1 1 1 1
 0.935602 1 1 1 1
 0.935602 1 1 1 1
 0.935602 1 1 1 1
 0.935602 1 1 1 1
 0.935602 1 1 1 1
 0.935602 1 1 1 1
 0.935602 1 1 1 1
 0.935602 1 1 1 1
 0.935602 1 1 1 1
 0.935602 1 1 1 1
 0.935602 1 1 1 1
pf_obs 
 0.8446 0.082 0.0669 0.0065 0
 0.8095 0.147 0.0364 0.0071 0
 0.9664 0.0169 0.016 0.0007 0
 0.9276 0.0648 0.0075 0.0001 0
 0.7033 0.2144 0.0806 0.0017 0
 0.9318 0.0425 0.0243 0.0014 0
 0.5671 0.3108 0.0964 0.0239 0.0018
 0.0768 0.2599 0.5324 0.112 0.0189
 0.490249 0.384438 0.106611 0.0170017 0.00170017
 0.7925 0.1577 0.0466 0.003 0.0002
 0.840416 0.127587 0.0312969 0.00059994 9.999e-05
 0.8084 0.0986 0.0794 0.0134 0.0002
 0.7335 0.1905 0.0724 0.0035 0.0001
 0.4001 0.4547 0.1325 0.0127 0
 0.49795 0.308269 0.164784 0.0264974 0.00249975
 0.9179 0.0499 0.0305 0.0017 0
 0.2467 0.6533 0.0926 0.0074 0
 0.9418 0.0223 0.034 0.0019 0
 0.707729 0.231977 0.0356964 0.0245975 0
 0.517169 0.277429 0.184464 0.0207286 0.00020938
 0.811772 0.124168 0.05621 0.00726502 0.000585176
 0.764997 0.148141 0.077277 0.00933861 0.000247198
 0.163321 0.427699 0.378323 0.0303852 0.000271297
 0.753843 0.0900009 0.118128 0.0371064 0.000921714
 0.721811 0.176058 0.0630433 0.0369309 0.00215725
 0.143369 0.312575 0.442814 0.0836902 0.0175525
 0.692698 0.0596174 0.167031 0.0765114 0.00414204
 0.394062 0.376323 0.152708 0.0712218 0.00568511
 0.125707 0.32114 0.495352 0.0537591 0.00404204
 0.23352 0.215282 0.420074 0.123614 0.00750983
 0 0 0 0 0
pf_pred 
 0.453835 0.0983907 0.426837 0.020937 7.39418e-07
 0.430998 0.273221 0.0532844 0.231157 0.011339
 0.557775 0.202617 0.115054 0.0224382 0.102116
 0.820906 0.104703 0.0340842 0.0193544 0.0209525
 0.65485 0.288781 0.0329552 0.010728 0.0126866
 0.703154 0.201228 0.0800017 0.00912968 0.0064866
 0.456043 0.394372 0.101402 0.0403141 0.00786928
 0.416087 0.282967 0.218188 0.0561008 0.0266576
 0.469304 0.23416 0.143703 0.110805 0.0420283
 0.636522 0.180535 0.08072 0.0495374 0.0526848
 0.762558 0.157267 0.039822 0.017805 0.0225479
 0.726695 0.213433 0.0396558 0.0100413 0.0101752
 0.696015 0.228013 0.0593292 0.0110234 0.00561972
 0.645343 0.255637 0.0742733 0.019326 0.00542134
 0.741544 0.174417 0.0605756 0.0175998 0.00586412
 0.918258 0.0624311 0.0130314 0.00452587 0.00175309
 0.446905 0.512571 0.0309505 0.00646039 0.00311282
 0.887016 0.0536448 0.0549916 0.00332054 0.00102707
 0.641202 0.32215 0.0174006 0.0178375 0.00141022
 0.637616 0.242101 0.107997 0.00583336 0.00645256
 0.74351 0.17031 0.0575753 0.0256833 0.00292177
 0.749477 0.191483 0.0392029 0.013253 0.00658448
 0.380252 0.477581 0.108663 0.022247 0.0112574
 0.745523 0.103402 0.116418 0.0264885 0.00816727
 0.650948 0.26719 0.0332633 0.0374504 0.0111484
 0.477474 0.352773 0.129941 0.0161768 0.0236348
 0.736893 0.132635 0.0880857 0.0324458 0.00994076
 0.693075 0.232419 0.037559 0.0249438 0.0120029
 0.402723 0.427235 0.128764 0.0208084 0.0204691
 0.494767 0.216587 0.20647 0.062228 0.0199482
 0.874178 0.0656815 0.0257815 0.0245773 0.00978189
pobs_RECLAS
 0 0 0 0 0
 0 0 0 0 0
 0 0 0 0 0
 0 0 0 0 0
 0 0 0 0 0
 0 0 0 0 0
 0 0 0 0 0
 0 0 0 0 0
 0 0 0 0 0
 0 0 0 0 0
 0.991045 0.00858322 0.000360255 1.14367e-05 0
 0.934742 0.0480273 0.0164251 0.00080598 0
 0.827803 0.169806 0.00239088 0 0
 0.941827 0.0461693 0.0120037 0 0
 0.791401 0.0380133 0.147996 0.0225897 0
 0.846168 0.0940531 0.0597789 0 0
 0.134021 0.677848 0.182769 0.00536245 0
 0.80878 0.0450904 0.141981 0.00414843 0
 0.846168 0.0940531 0.0597789 0 0
 0.905697 0.0802665 0.012482 0.00150086 5.37128e-05
 0.989698 0.0102097 9.19794e-05 0 0
 0.975433 0.0193895 0.00387452 0.00125025 5.28907e-05
 0.303575 0.632131 0.0575291 0.00676475 0
 0.966965 0.00978017 0.0227588 0.000495775 0
 0.843318 0.132988 0.00938335 0.0141283 0.000182051
 0.564624 0.303363 0.111486 0.0197234 0.00080311
 0.826376 0.0876187 0.0782897 0.00655872 0.00115652
 0.89761 0.0855135 0.0140674 0.00269457 0.000114338
 0.34875 0.467042 0.161289 0.0227151 0.000203297
 0.318654 0.224769 0.449479 0.00709798 0
 0.937255 0.0296025 0.0250945 0.00804832 0
ppred_RECLAS
 0.42165 0.100457 0.455356 0.0225369 7.97344e-07
 0.401696 0.279638 0.056983 0.249426 0.0122571
 0.527823 0.210571 0.124936 0.0245847 0.112085
 0.803501 0.112518 0.0382719 0.0219279 0.023781
 0.631286 0.306037 0.0364916 0.0119861 0.0141997
 0.679907 0.213782 0.0888069 0.0102257 0.00727831
 0.429921 0.407926 0.109593 0.0439628 0.00859687
 0.387475 0.289721 0.23342 0.0605573 0.0288267
 0.439257 0.240696 0.154342 0.120079 0.0456274
 0.60876 0.189492 0.0885265 0.0548169 0.0584042
 0.741809 0.168163 0.0444918 0.0200719 0.0254642
 0.705971 0.227209 0.0441097 0.0112696 0.0114403
 0.673705 0.241901 0.0657674 0.0123295 0.00629686
 0.621607 0.269189 0.0817202 0.021455 0.00602935
 0.720472 0.18576 0.0674102 0.0197617 0.00659625
 0.910163 0.0678435 0.0147966 0.00518517 0.00201206
 0.423148 0.532744 0.033612 0.00707907 0.00341703
 0.874776 0.058066 0.0621946 0.00378927 0.00117415
 0.618589 0.340717 0.0192293 0.0198894 0.00157526
 0.612398 0.25506 0.118883 0.00647912 0.00717971
 0.722129 0.181575 0.064138 0.0288682 0.00328997
 0.729478 0.204444 0.0437347 0.0149181 0.00742499
 0.355944 0.490992 0.116728 0.024113 0.0122235
 0.721779 0.109973 0.129372 0.0297008 0.00917411
 0.62655 0.282506 0.0367482 0.0417461 0.0124494
 0.450254 0.365529 0.140681 0.0176714 0.0258647
 0.713471 0.141079 0.097898 0.0363844 0.0111675
 0.670029 0.246884 0.0416868 0.0279342 0.0134659
 0.377142 0.439603 0.138437 0.0225728 0.0222445
 0.464656 0.223409 0.22253 0.0676718 0.0217322
 0.860562 0.071072 0.0291492 0.0280376 0.0111791
pobs_PELACES
 0 0 0 0 0
 0 0 0 0 0
 0 0 0 0 0
 0 0 0 0 0
 0 0 0 0 0
 0 0 0 0 0
 0 0 0 0 0
 0 0 0 0 0
 0 0 0 0 0
 0 0 0 0 0
 0 0 0 0 0
 0 0 0 0 0
 0 0 0 0 0
 0 0 0 0 0
 0 0 0 0 0
 0 0 0 0 0
 0.505614 0.472636 0.0217494 0 0
 0 0 0 0 0
 0.443492 0.261883 0.143347 0.151278 0
 0.227955 0.32914 0.350689 0.0885471 0.00366901
 0.970185 0.0296113 0.000203453 0 0
 0.997202 0.00247181 0.000326279 0 0
 0.445219 0.490057 0.0546422 0.010081 0
 0.90214 0.0892962 0.00764917 0.000914606 0
 0 0 0 0 0
 0.581667 0.319106 0.0959925 0.00289975 0.000334073
 0.762889 0.0836404 0.116647 0.0363945 0.000428098
 0.88444 0.0763242 0.0277011 0.0115352 0
 0.521256 0.241999 0.230069 0.00667565 0
 0.616807 0.101726 0.260614 0.0208532 0
 0 0 0 0 0
ppred_PELACES
 0.463207 0.0967024 0.419513 0.0205778 7.2673e-07
 0.441029 0.268404 0.0523451 0.227083 0.0111392
 0.567735 0.198053 0.112463 0.0219329 0.0998162
 0.826943 0.101174 0.0329352 0.018702 0.0202462
 0.66298 0.281978 0.0321789 0.0104753 0.0123877
 0.711151 0.195807 0.0778465 0.00888373 0.00631185
 0.467005 0.386425 0.0993583 0.0395017 0.0077107
 0.424737 0.278775 0.214955 0.0552698 0.0262627
 0.479403 0.229704 0.140968 0.108696 0.0412284
 0.646458 0.1756 0.0785136 0.0481833 0.0512447
 0.769135 0.152911 0.0387189 0.0173118 0.0219233
 0.736278 0.205949 0.0382653 0.00968924 0.00981842
 0.706076 0.220466 0.0573656 0.0106585 0.00543373
 0.658159 0.246399 0.0715893 0.0186276 0.00522544
 0.750552 0.168338 0.0584644 0.0169863 0.00565973
 0.921716 0.05979 0.0124802 0.00433441 0.00167893
 0.457404 0.502842 0.030363 0.00633777 0.00305374
 0.891246 0.0516365 0.0529328 0.00319623 0.000988618
 0.651986 0.312467 0.0168776 0.0173013 0.00136784
 0.647987 0.235173 0.104906 0.00566641 0.00626789
 0.751507 0.165 0.0557801 0.0248825 0.00283067
 0.75783 0.185099 0.0378958 0.0128111 0.00636494
 0.389781 0.470237 0.106992 0.0219049 0.0110843
 0.752911 0.1004 0.113039 0.0257195 0.00793016
 0.659865 0.260365 0.0324135 0.0364937 0.0108636
 0.487033 0.346319 0.127564 0.0158808 0.0232024
 0.74441 0.128846 0.0855692 0.0315188 0.00965677
 0.701182 0.226281 0.036567 0.024285 0.0116859
 0.412021 0.420584 0.12676 0.0204845 0.0201505
 0.50478 0.212295 0.202378 0.0609948 0.0195529
 0.878159 0.0636031 0.0249657 0.0237996 0.00947235
pobs_pel_tallas
 0 0 0 0 0 0 0 0 0 0 0 0 0 0 0 0 0 0 0 0 0 0 0 0 0 0
 0 0 0 0 0 0 0 0 0 0 0 0 0 0 0 0 0 0 0 0 0 0 0 0 0 0
 0 0 0 0 0 0 0 0 0 0 0 0 0 0 0 0 0 0 0 0 0 0 0 0 0 0
 0 0 0 0 0 0 0 0 0 0 0 0 0 0 0 0 0 0 0 0 0 0 0 0 0 0
 0 0 0 0 0 0 0 0 0 0 0 0 0 0 0 0 0 0 0 0 0 0 0 0 0 0
 0 0 0 0 0 0 0 0 0 0 0 0 0 0 0 0 0 0 0 0 0 0 0 0 0 0
 0 0 0 0 0 0 0 0 0 0 0 0 0 0 0 0 0 0 0 0 0 0 0 0 0 0
 0 0 0 0 0 0 0 0 0 0 0 0 0 0 0 0 0 0 0 0 0 0 0 0 0 0
 0 0 0 0 0 0 0 0 0 0 0 0 0 0 0 0 0 0 0 0 0 0 0 0 0 0
 0 0 0 0 0 0 0 0 0 0 0 0 0 0 0 0 0 0 0 0 0 0 0 0 0 0
 0 0 0 0 0 0 0 0 0 0 0 0 0 0 0 0 0 0 0 0 0 0 0 0 0 0
 0 0 0 0 0 0 0 0 0 0 0 0 0 0 0 0 0 0 0 0 0 0 0 0 0 0
 0.00862536 0 0 0.000197151 0.00414017 0.0128641 0.00837892 0.0270097 0.101434 0.158115 0.152841 0.127902 0.109271 0.109419 0.0830992 0.0579132 0.0238553 0.00714673 0.00463305 0.00128148 0.00103504 0.000492878 0.000147863 0.000147863 4.92878e-05 0
 0 0 0 0 0 0 0 0 0 0 0 0 0 0 0 0 0 0 0 0 0 0 0 0 0 0
 0 0 0 0 0 0 0 0.0054083 0.00873648 0.0413646 0.0450493 0.0745869 0.0622846 0.0627006 0.0613931 0.0827291 0.12552 0.122667 0.0946155 0.0697135 0.0546179 0.0294188 0.0215738 0.0213955 0.0102223 0.00600262
 0 0 0 0 0.00359764 0.0251062 0.0480494 0.140153 0.205849 0.193036 0.1447 0.116669 0.0760912 0.0342217 0.00950174 0.001854 0.000860785 0 0 0 0.000165536 0 0.000143464 0 0 0
 0 0 0 0 0 0 0 0.000145254 0.000435761 0.0275982 0.070085 0.0708112 0.156366 0.174668 0.174014 0.160142 0.0824315 0.0480064 0.0283245 0.00493863 0.00203355 0 0 0 0 0
 0 0 0 0 0 0 0 0 0 0 0 0 0 0 0 0 0 0 0 0 0 0 0 0 0 0
 0 0 1.00437e-05 0.000401748 0.00122533 0.00171747 0.00176769 0.0269171 0.070346 0.194647 0.189555 0.159765 0.064822 0.0314167 0.0384472 0.0292271 0.0345202 0.0313363 0.0194345 0.0106764 0.0143323 0.0359363 0.0279516 0.0138201 0.00172751 0
 0 0.0021121 0.0136068 0.0755702 0.200478 0.177729 0.0527432 0.0373336 0.0318909 0.0142505 0.0149659 0.0166563 0.0217959 0.0798694 0.0677717 0.0528807 0.04013 0.0224614 0.0357745 0.0225083 0.00881397 0.00855152 0.00135912 0.000746735 0 0
 0 0 0 0 5.4009e-05 0.00500934 0.000945158 0.0243581 0.138947 0.33067 0.221406 0.137944 0.0707744 0.0437923 0.0131692 0.00525238 0.0047753 0.00276346 9.45158e-05 9.00151e-06 2.25038e-05 9.00151e-06 4.50075e-06 0 0 0
 0.000866109 0.00284123 0.00948549 0.0512746 0.133035 0.25785 0.225252 0.132002 0.0553304 0.0519788 0.0540692 0.017754 0.00435017 0.00159236 0.00146478 0.000404838 0.000125132 0.000115318 0.000107957 0.000100596 0 0 0 0 0 0
 0 0 0 0 0.00144013 0.00171154 0.00461396 0.0210425 0.0478622 0.0707936 0.0888783 0.103762 0.0637923 0.0337046 0.0602308 0.124433 0.169614 0.0934646 0.0462172 0.0250306 0.0313229 0.00938855 0.002487 0.000210481 0 0
 0 0.00764035 0.051015 0.0998891 0.058973 0.0496711 0.0374665 0.0718981 0.12319 0.153886 0.159021 0.0857701 0.0377988 0.023471 0.0147837 0.00900784 0.00315554 0.000888139 0.00291439 0.00214683 0.00393193 0.00274676 0.000635225 9.99891e-05 0 0
 0 0 0 0 0 0 0 0 0 0 0 0 0 0 0 0 0 0 0 0 0 0 0 0 0 0
 0 0 0 0 0 0 0 0 0 0 0 0 0 0 0 0 0 0 0 0 0 0 0 0 0 0
 0 0 0 0 0 0 0 0 0 0 0 0 0 0 0 0 0 0 0 0 0 0 0 0 0 0
 0 0 0 0 0 0 0 0 0 0 0 0 0 0 0 0 0 0 0 0 0 0 0 0 0 0
 0 0 0 0 0 0 0 0 0 0 0 0 0 0 0 0 0 0 0 0 0 0 0 0 0 0
 0 0 0 0 0 0 0 0 0 0 0 0 0 0 0 0 0 0 0 0 0 0 0 0 0 0
 0 0 0 0 0 0 0 0 0 0 0 0 0 0 0 0 0 0 0 0 0 0 0 0 0 0
ppred_pel_tallas
 1.14195e-16 3.81537e-05 0.000370868 0.00246455 0.0112035 0.0348582 0.0742695 0.108401 0.108411 0.0743185 0.0350244 0.0116913 0.00371936 0.00321021 0.00572313 0.010162 0.0164016 0.0242922 0.0335649 0.0438699 0.0545895 0.0645004 0.0717137 0.0742281 0.0708864 0.0620884
 1.26238e-16 3.6327e-05 0.000353111 0.00234655 0.0106671 0.0331894 0.0707145 0.103215 0.103241 0.0708415 0.033616 0.0119009 0.00544965 0.00714882 0.0130103 0.0216415 0.0316557 0.0409209 0.0473972 0.0504178 0.0511883 0.0519393 0.0543338 0.0583451 0.0623361 0.0640935
 1.22388e-16 4.67636e-05 0.000454559 0.0030207 0.0137317 0.0427245 0.0910298 0.132865 0.132884 0.0911239 0.043041 0.0146478 0.0053282 0.00551861 0.0097445 0.0162506 0.0239231 0.031211 0.0365987 0.0394998 0.0406196 0.0413912 0.0429223 0.0452829 0.0475761 0.0485643
 1.06279e-16 6.81142e-05 0.000662094 0.00439985 0.0200011 0.0622309 0.13259 0.193521 0.193531 0.132638 0.0623917 0.020466 0.0055689 0.0032209 0.00494811 0.00812741 0.0118349 0.0151759 0.0173 0.0178516 0.0171844 0.0160978 0.0153016 0.0150281 0.015026 0.0148361
 1.04148e-16 5.46089e-05 0.000530818 0.00352747 0.0160354 0.0498922 0.106302 0.155156 0.155183 0.106434 0.0503379 0.0173226 0.00675819 0.00758221 0.0134429 0.0221286 0.0318531 0.040022 0.0440342 0.0427066 0.0369871 0.0293196 0.0221844 0.0169423 0.0136486 0.0116142
 1.04256e-16 5.85766e-05 0.000569386 0.00378377 0.0172005 0.0535172 0.114025 0.166426 0.166445 0.114117 0.0538285 0.0181006 0.00604699 0.00552263 0.00950264 0.0157134 0.0228544 0.0292076 0.033046 0.0335503 0.0312453 0.0275446 0.0238003 0.0206311 0.0179318 0.0153309
 1.08233e-16 3.84666e-05 0.000373909 0.00248476 0.0112954 0.0351443 0.0748801 0.109298 0.109335 0.0750625 0.0357571 0.0130662 0.00693368 0.0100992 0.0185477 0.0307061 0.0444755 0.056453 0.0631885 0.0630969 0.0573656 0.0490503 0.0411215 0.035011 0.0305193 0.0266966
 1.16262e-16 3.49851e-05 0.000340067 0.00225987 0.010273 0.0319634 0.0681024 0.0994032 0.0994303 0.0682353 0.0324104 0.0115678 0.00552408 0.00751348 0.013799 0.0231261 0.0341783 0.0448108 0.052829 0.0572037 0.0585501 0.0583918 0.0578568 0.0569293 0.0547525 0.0505144
 1.22005e-16 3.94879e-05 0.000383836 0.00255073 0.0115952 0.0360772 0.0768672 0.112195 0.112217 0.0769765 0.0364449 0.0126601 0.00523442 0.00627892 0.0113448 0.0189859 0.0280513 0.0368039 0.0435323 0.0475638 0.0496426 0.0512463 0.0533807 0.0558358 0.0573978 0.0566947
 1.15815e-16 5.32479e-05 0.000517589 0.00343956 0.0156358 0.0486487 0.103652 0.151286 0.151304 0.103735 0.0489287 0.0164458 0.00547855 0.00498773 0.00860009 0.0142877 0.0209508 0.0271651 0.0315459 0.0335479 0.0338006 0.0336146 0.0340403 0.0352197 0.0364378 0.0366769
 1.06603e-16 6.33527e-05 0.000615811 0.00409228 0.0186029 0.0578806 0.123321 0.179994 0.180009 0.123394 0.0581232 0.0193039 0.00585372 0.00446724 0.00739658 0.0121782 0.0176597 0.022477 0.025296 0.0255357 0.023717 0.0210871 0.0188201 0.0174189 0.0166713 0.0160212
 1.03791e-16 6.06463e-05 0.000589504 0.00391746 0.0178082 0.0554081 0.118054 0.172307 0.172327 0.118151 0.0557341 0.0187501 0.00628258 0.00575542 0.00988017 0.0162606 0.0234725 0.0296344 0.0328723 0.0323288 0.0286671 0.0235993 0.0188343 0.0152662 0.0128759 0.0111647
 1.03701e-16 5.81586e-05 0.000565322 0.00375676 0.0170777 0.0531352 0.113211 0.165239 0.165261 0.113315 0.0534847 0.0180878 0.0062942 0.00611136 0.0106111 0.0175025 0.0253295 0.0321083 0.035849 0.0356243 0.0320933 0.0269969 0.0220558 0.0181452 0.0152323 0.0128548
 1.04882e-16 5.42117e-05 0.000526957 0.00350182 0.0159188 0.0495293 0.105528 0.154027 0.15405 0.105645 0.0499202 0.0170486 0.00634096 0.00673475 0.0118732 0.0196197 0.0284377 0.0361401 0.0405256 0.0405709 0.0370037 0.0317312 0.0266098 0.0225397 0.0194194 0.0167034
 1.04392e-16 6.1822e-05 0.000600932 0.0039934 0.0181534 0.0564822 0.120342 0.175646 0.175662 0.120421 0.0567496 0.0189266 0.00593699 0.00485336 0.00816616 0.0134766 0.0195822 0.024994 0.0282321 0.0286116 0.0266195 0.0235149 0.020492 0.0180799 0.0161386 0.0142626
 1.01095e-16 7.59206e-05 0.000737975 0.0049041 0.0222933 0.0693629 0.147785 0.215698 0.215704 0.147813 0.0694576 0.022567 0.0055913 0.00223935 0.00293095 0.00473493 0.0068364 0.00864582 0.00961843 0.00950589 0.00849698 0.00707987 0.00573775 0.00471741 0.00400581 0.00345972
 1.02158e-16 3.76758e-05 0.000366223 0.00243368 0.0110632 0.0344219 0.0733414 0.107054 0.107102 0.0735778 0.0352157 0.013355 0.0081831 0.0129064 0.0238218 0.0392388 0.0563243 0.0704143 0.0767794 0.0732386 0.0614781 0.0459562 0.0313065 0.0202405 0.0131438 0.00899923
 1.02029e-16 7.34108e-05 0.000713579 0.00474198 0.0215564 0.0670699 0.1429 0.208567 0.208572 0.142924 0.067153 0.0217974 0.0053504 0.00205301 0.00265011 0.00435045 0.00645824 0.00853302 0.0101639 0.0111373 0.0115151 0.0115059 0.0112503 0.0107194 0.00979813 0.00844549
 1.02534e-16 5.37033e-05 0.000522015 0.00346897 0.0157695 0.0490648 0.104539 0.152584 0.152614 0.104686 0.0495581 0.0171937 0.00704219 0.0083162 0.0148383 0.0243995 0.0350368 0.0438412 0.0478931 0.0458639 0.0388269 0.0295624 0.0209286 0.0145502 0.0105746 0.00827241
 1.04717e-16 5.33739e-05 0.000518813 0.0034477 0.0156727 0.0487638 0.103897 0.151646 0.151669 0.104009 0.049138 0.0167549 0.00616945 0.00647789 0.0114217 0.0189304 0.0275718 0.0353087 0.0400733 0.0408687 0.038287 0.0339659 0.0294668 0.0254977 0.0219486 0.0184418
 1.04627e-16 6.19007e-05 0.000601697 0.00399849 0.0181765 0.0565541 0.120495 0.175869 0.175885 0.120573 0.0568162 0.0189344 0.00590361 0.00477013 0.00800673 0.0132134 0.019205 0.0245263 0.0277352 0.0281717 0.0263234 0.0234274 0.0206437 0.0184627 0.0167065 0.0149384
 1.03503e-16 6.24215e-05 0.000606759 0.00403213 0.0183295 0.0570299 0.121509 0.177349 0.177367 0.121596 0.057323 0.0191765 0.0061593 0.00525401 0.00889917 0.014642 0.0211546 0.026749 0.0297488 0.0293871 0.026252 0.0218605 0.0177151 0.0145836 0.0124249 0.0107882
 1.07281e-16 3.21059e-05 0.000312081 0.00207389 0.00942762 0.0293331 0.0624989 0.0912284 0.0912738 0.0627207 0.030078 0.0115802 0.00748044 0.0121253 0.022499 0.0372269 0.0538164 0.0680801 0.0757545 0.0748581 0.0668299 0.0554597 0.044521 0.0359764 0.029806 0.0250074
 1.0721e-16 6.20163e-05 0.000602821 0.00400596 0.0182105 0.0566597 0.12072 0.176196 0.176206 0.120768 0.0568218 0.0186809 0.0051947 0.00322407 0.00511735 0.00856395 0.0128044 0.0170971 0.0207094 0.0232817 0.0249577 0.0261045 0.0268784 0.0270381 0.0261473 0.0239474
 1.06501e-16 5.43522e-05 0.000528323 0.00351089 0.01596 0.0496577 0.105802 0.154426 0.154451 0.105925 0.0500695 0.0171496 0.00649741 0.00704951 0.0124447 0.0205037 0.0295753 0.0373003 0.0413298 0.0406268 0.0361029 0.0300018 0.0245273 0.0207742 0.0185878 0.0171439
 1.09289e-16 4.01164e-05 0.000389945 0.00259133 0.0117798 0.0366515 0.0780912 0.113983 0.114017 0.078255 0.0372018 0.0133709 0.0065913 0.00914241 0.0167228 0.0277405 0.040327 0.051489 0.0581818 0.0589832 0.0548755 0.0484321 0.0421101 0.0370252 0.0329388 0.029068
 1.07298e-16 6.13161e-05 0.000596014 0.00396072 0.0180049 0.0560199 0.119357 0.174207 0.17422 0.119418 0.0562261 0.0186018 0.0054649 0.00389866 0.00638986 0.0106149 0.0156354 0.0204041 0.0238909 0.025626 0.0259295 0.025571 0.0251474 0.0247069 0.0238606 0.0221867
 1.05527e-16 5.77554e-05 0.000561403 0.00373072 0.0169593 0.0527669 0.112426 0.164094 0.164116 0.112533 0.0531251 0.017994 0.0063287 0.00623575 0.0108435 0.0178603 0.025786 0.0325698 0.0361717 0.0356806 0.0318622 0.0266281 0.021857 0.0184853 0.0163979 0.0149286
 1.0923e-16 3.39377e-05 0.000329887 0.00219222 0.00996552 0.0310066 0.0660644 0.0964315 0.0964721 0.0662631 0.031674 0.0118945 0.00703959 0.0109295 0.0202165 0.0335049 0.0485821 0.0617669 0.0693099 0.0694665 0.0634775 0.0545952 0.0459869 0.0391901 0.0340321 0.0295743
 1.15321e-16 4.15781e-05 0.000404154 0.00268574 0.012209 0.0379869 0.0809359 0.118133 0.118153 0.0810374 0.0383286 0.0131998 0.00518704 0.00591168 0.0106405 0.0178911 0.02663 0.0353063 0.0423391 0.0469865 0.0496557 0.0513131 0.0525139 0.0529172 0.0516289 0.0479639
 1.04727e-16 7.23328e-05 0.000703101 0.00467235 0.0212398 0.0660851 0.140801 0.205505 0.205511 0.140832 0.0661864 0.0215329 0.00540974 0.00231892 0.00315945 0.00515837 0.00754445 0.00975187 0.0112674 0.0118858 0.0118311 0.0115791 0.0115174 0.0117107 0.0119201 0.0118043
pSPR Fmed_Fpbrs
0.719301   0.190449 0.190449
Fs Fmed_Fpbrs
0.164468   1.005 1.005
SSBpbr Bo_Bmed_Bpbrs
2.22771e+06  1.49101e+06  312879 312879
Ro
224655
SPR SPRFo_SPRFmed_SPRFpbrs
1.59969e+06 1.15066e+06 304659
Fref
1.005
log_Ro
12.1423
likeval ReclasPelacesDesembMPH_pf_preclas_ppelaces_ptallas_desvR_qrecl_qpela
 24.8192 17.4159 0.203779 0.00309301 230.987 126.648 82.0809 0 20.4799 0 0 1.02835 0 0 0
q_reclas_q_pelaces
1 1
M
1
N
 247175 48642.6 211021 10350.9 0.365555
 144671 83482.3 16281 70629.9 3464.63
 138281 45712.2 25957.3 5062.27 23038.3
 378600 43988.8 14319.7 8131.33 8802.74
 294006 117512 13410.3 4365.48 5162.48
 395575 102843 40887.3 4666 3315.17
 166010 131060 33698.3 13397.4 2615.16
 79332 48866.5 37679.5 9688.24 4603.59
 62057.7 28178.5 17293 13334.1 5057.62
 76254.4 19729.3 8821.25 5413.55 5757.51
 122342 22879.8 5793.45 2590.34 3280.35
 157218 42316.8 7862.46 1990.87 2017.42
 139967 41994.9 10927.1 2030.26 1035.03
 104061 37992.9 11038.5 2872.24 805.723
 110820 23863.8 8288 2408.01 802.332
 488061 30365.6 6338.32 2201.32 852.679
 129412 135300 8169.82 1705.31 821.674
 716418 39514.1 40506.1 2445.87 756.526
 470340 216283 11682.3 11975.6 946.787
 374176 129819 57909.9 3127.95 3459.97
 515834 107708 36411.9 16242.7 1847.79
 674905 157534 32252.4 10903.3 5417.08
 170646 195000 44368.1 9083.62 4596.5
 432689 54555.6 61422.9 13975.5 4309.1
 378235 141155 17572.7 19784.7 5889.59
 183241 122954 45289.3 5638.2 8237.59
 373815 61154.4 40614 14959.9 4583.42
 402040 122456 19789 13142.3 6324.03
 138903 133857 40343.1 6519.47 6413.18
 115829 46124.6 43970.1 13252.1 4248.19
 545821 37188.9 14597.5 13915.6 5538.5
pred_Ctot
 12888.3 2794.17 12121.6 594.586 0.0209986
 13064.4 8281.87 1615.16 7006.85 343.709
 11966.5 4346.95 2468.38 481.391 2190.8
 37924.2 4837.08 1574.62 894.135 967.964
 9171.08 4044.33 461.533 150.244 177.674
 25067.2 7173.69 2852.03 325.47 231.245
 21356.6 18468.5 4748.65 1887.91 368.519
 1733.73 1179.05 909.132 233.758 111.075
 5391.36 2690.04 1650.86 1272.93 482.821
 9036.96 2563.13 1146.01 703.302 747.988
 4646.06 958.188 242.625 108.481 137.379
 27938.7 8205.67 1524.61 386.051 391.198
 23773.5 7788.14 2026.48 376.52 191.95
 25737.9 10195.5 2962.21 770.77 216.217
 18308 4306.19 1495.56 434.522 144.78
 77798.5 5289.41 1104.08 383.45 148.529
 14120.3 16195 977.9 204.12 98.3517
 82547.4 4992.29 5117.62 309.016 95.5811
 76000.9 38184.1 2062.48 2114.25 167.152
 52489.7 19930.2 8890.52 480.213 531.187
 56228.6 12879.8 4354.18 1942.32 220.962
 93375.5 23856.4 4884.2 1651.16 820.345
 14289.8 17947.4 4083.56 836.04 423.053
 31274.1 4337.64 4883.65 1111.17 342.61
 28102.4 11535 1436.03 1616.79 481.292
 10835.7 8005.78 2948.87 367.114 536.365
 26128.7 4702.95 3123.34 1150.46 352.479
 24331.3 8159.38 1318.56 875.686 421.377
 8620.33 9145.01 2756.22 445.406 438.144
 9420.85 4124.03 3931.39 1184.88 379.833
 20874.9 1568.44 615.648 586.891 233.586
F
 0.0854637 0.0945017 0.0945017 0.0945017 0.0945017
 0.152098 0.168183 0.168183 0.168183 0.168183
 0.145355 0.160727 0.160727 0.160727 0.160727
 0.169939 0.187911 0.187911 0.187911 0.187911
 0.0503929 0.0557221 0.0557221 0.0557221 0.0557221
 0.104687 0.115758 0.115758 0.115758 0.115758
 0.222958 0.246536 0.246536 0.246536 0.246536
 0.0350816 0.0387916 0.0387916 0.0387916 0.0387916
 0.145961 0.161397 0.161397 0.161397 0.161397
 0.203821 0.225376 0.225376 0.225376 0.225376
 0.061636 0.0681541 0.0681541 0.0681541 0.0681541
 0.320087 0.353937 0.353937 0.353937 0.353937
 0.304007 0.336156 0.336156 0.336156 0.336156
 0.472611 0.522591 0.522591 0.522591 0.522591
 0.294596 0.32575 0.32575 0.32575 0.32575
 0.282943 0.312864 0.312864 0.312864 0.312864
 0.186339 0.206045 0.206045 0.206045 0.206045
 0.197677 0.218581 0.218581 0.218581 0.218581
 0.287316 0.3177 0.3177 0.3177 0.3177
 0.245304 0.271245 0.271245 0.271245 0.271245
 0.186144 0.205829 0.205829 0.205829 0.205829
 0.241574 0.267121 0.267121 0.267121 0.267121
 0.140371 0.155215 0.155215 0.155215 0.155215
 0.120164 0.132872 0.132872 0.132872 0.132872
 0.123702 0.136784 0.136784 0.136784 0.136784
 0.0973993 0.107699 0.107699 0.107699 0.107699
 0.116009 0.128277 0.128277 0.128277 0.128277
 0.0997793 0.110331 0.110331 0.110331 0.110331
 0.10243 0.113262 0.113262 0.113262 0.113262
 0.136102 0.150495 0.150495 0.150495 0.150495
 0.0620838 0.0686493 0.0686493 0.0686493 0.0686493
nmprior
 8 9 7.5 0
nm_flota  nm_reclas  nm_pelaces    nm_pelaL
inf 10.7193 17.3216 30.6413
cv_recla  cv_pelaces  cv_mph
0.450629 0.491063 1.71631
 ------------------------------------------------
Talla a la edad & desviación 
 8 13.2811 15.8009 17.003 17.5766
 0.8 1.32811 1.58009 1.7003 1.75766
