    unsorted:	 4.182904813e-05 -4.222305117e-05 0.001099980988 8.373486946 4.887836707 14.07775452 15.34390955 51.05709858 93.08516654 71.03504983 110.5820466 150.2101407 178.8469319 212.9177821 296.0128516 400.5225234 419.5744971 457.3878401 507.9026493 563.1339257 629.5474609 680.2410662 763.3939051 818.5560678 859.6706901 900.9812276 953.3388950 961.9156804 1014.562875 1059.129617 1128.069871 1214.599600 1239.024547 1299.552598 1378.118412 1537.496605 1591.205402 1721.318920 2001.002248 2056.829124 2322.478473 2578.243623 6449.009856 20031.77112 33668.72584 157797.1222 302487.8057 312256.6581 321763.6865 337553.1259 271978.6306 348454.9171 221978.2410 461518.8213 478098.7931 531329.2908 681993.3635 736877.2131 766342.2113 785478.2626 889604.3721 1222228.932 1363051.791 1456674.329 1588202.136 1671401.391 1735824.596 1938502.392 2100184.439 2256619.626 2379955.126 2817595.029 2905879.159 3438518.844 3684597.393 4621448.212 82333779.18
      sorted:	 -4.222305117e-05 4.182904813e-05 0.001099980988 4.887836707 8.373486946 14.07775452 15.34390955 51.05709858 71.03504983 93.08516654 110.5820466 150.2101407 178.8469319 212.9177821 296.0128516 400.5225234 419.5744971 457.3878401 507.9026493 563.1339257 629.5474609 680.2410662 763.3939051 818.5560678 859.6706901 900.9812276 953.3388950 961.9156804 1014.562875 1059.129617 1128.069871 1214.599600 1239.024547 1299.552598 1378.118412 1537.496605 1591.205402 1721.318920 2001.002248 2056.829124 2322.478473 2578.243623 6449.009856 20031.77112 33668.72584 157797.1222 221978.2410 271978.6306 302487.8057 312256.6581 321763.6865 337553.1259 348454.9171 461518.8213 478098.7931 531329.2908 681993.3635 736877.2131 766342.2113 785478.2626 889604.3721 1222228.932 1363051.791 1456674.329 1588202.136 1671401.391 1735824.596 1938502.392 2100184.439 2256619.626 2379955.126 2817595.029 2905879.159 3438518.844 3684597.393 4621448.212 82333779.18
