years
 1991 1992 1993 1994 1995 1996 1997 1998 1999 2000 2001 2002 2003 2004 2005 2006 2007 2008 2009 2010 2011 2012 2013 2014 2015 2016 2017 2018 2019 2020 2021
reclasobs
 0 0 0 0 0 0 0 0 0 252601 567819 844713 477998 351125 339783 2.1784e+06 2.13404e+06 4.81314e+06 1.55562e+06 2.62356e+06 3.21686e+06 3.843e+06 1.13348e+06 3.07943e+06 1.97215e+06 2.03268e+06 2.025e+06 2.42433e+06 2.27542e+06 1.05018e+06 2.36338e+06
reclaspred
 4.58852e+06 2.64874e+06 1.35236e+06 1.54554e+06 1.75145e+06 2.52813e+06 1.80286e+06 1.56833e+06 1.08384e+06 744712 646617 748472 731401 597944 625899 1.37552e+06 1.4838e+06 2.91275e+06 2.53465e+06 1.99243e+06 3.47688e+06 2.76449e+06 2.35396e+06 3.38008e+06 2.65224e+06 2.43495e+06 2.73965e+06 2.78796e+06 2.49231e+06 1.67511e+06 2.62201e+06
pelacesobs
 0 0 0 0 0 0 0 0 0 0 0 0 0 0 0 552880 188675 0 991730 2.46772e+06 1.41603e+06 1.21717e+06 2.29649e+06 1.80582e+06 0 1.4828e+06 1.56532e+06 1.57751e+06 1.42118e+06 867257 0
pelacespred
 2.22738e+06 1.43524e+06 745591 744873 835034 1.27832e+06 874714 873629 607840 401047 368203 346431 366214 321947 352952 649845 655192 1.52732e+06 1.34642e+06 974837 1.64687e+06 1.44515e+06 1.18477e+06 1.92588e+06 1.42207e+06 1.2897e+06 1.70435e+06 1.7368e+06 1.19667e+06 909991 1.44562e+06
mphobs
 0 0 0 0 0 0 0 0 0 0 0 498337 0 5186 125008 0 168611 109162 213762 579715 649985 157893 87575 83554 0 0 0 0 0 0 0
mphpred
 4.18196e+06 2.83192e+06 1.45931e+06 807994 1.15126e+06 1.38891e+06 1.72881e+06 1.18847e+06 992559 659750 410756 480798 476542 410090 301751 400269 1.07021e+06 1.06906e+06 1.89835e+06 1.48648e+06 1.67983e+06 2.03939e+06 1.8928e+06 1.6264e+06 2.20437e+06 1.84249e+06 1.56757e+06 1.63862e+06 2.20145e+06 1.54163e+06 924749
desembarqueobs
 494567 514787 250237 358949 120608 361735 552515 73892 212993 205616 52469 317467 293654 387597 252695 516296 358380 742168 942051 627588 828172 859565 418607 520667 417249 300574 407403 355545 319650 289779 219260
desembarquepred
 494575 512859 251388 358965 120611 361755 552612 73895.5 213051 205677 52472 317573 293739 387700 252710 516304 358416 742121 941986 627538 828285 859665 418634 520706 417267 300585 407418 355545 319656 289798 219261
Reclutas
 237407 138035 132661 338475 264169 365734 154038 73318.4 58372 72133.3 118384 153880 135447 99620.4 104624 481222 121326 711416 456196 367084 503257 662526 162759 419379 367579 175598 362737 393413 131886 107556 501227
log_desv_Rt
 0.10283 -0.439438 -0.479147 0.457506 0.209646 0.534963 -0.329745 -1.07213 -1.30011 -1.08843 -0.593009 -0.330771 -0.458365 -0.765577 -0.716576 0.809383 -0.568462 1.20031 0.755978 0.538647 0.854157 1.12912 -0.274674 0.671831 0.539994 -0.198746 0.526733 0.607914 -0.485004 -0.688937 0.850114
SSB
 4.18196e+06 2.83192e+06 1.45931e+06 807994 1.15126e+06 1.38891e+06 1.72881e+06 1.18847e+06 992559 659750 410756 480798 476542 410090 301751 400269 1.07021e+06 1.06906e+06 1.89835e+06 1.48648e+06 1.67983e+06 2.03939e+06 1.8928e+06 1.6264e+06 2.20437e+06 1.84249e+06 1.56757e+06 1.63862e+06 2.20145e+06 1.54163e+06 924749
BT
 5.55686e+06 3.82035e+06 1.97253e+06 2.02965e+06 2.02508e+06 3.27325e+06 2.52117e+06 2.0863e+06 1.6191e+06 1.13047e+06 902093 1.07607e+06 1.12019e+06 1.15395e+06 1.07573e+06 1.93868e+06 1.79766e+06 4.21762e+06 4.03601e+06 2.81587e+06 4.5059e+06 4.15798e+06 3.1095e+06 4.97104e+06 3.6758e+06 3.25509e+06 4.38239e+06 4.3977e+06 3.02811e+06 2.38274e+06 3.55434e+06
Ftot
 0.100435 0.179384 0.171927 0.208622 0.0627896 0.129479 0.276853 0.0435479 0.180028 0.250367 0.0737418 0.374286 0.355374 0.559794 0.3541 0.327826 0.216768 0.226347 0.328858 0.281417 0.213939 0.276921 0.161663 0.138957 0.142661 0.112653 0.134257 0.114667 0.11749 0.158923 0.0751473
BD_Bspro_t
 0.984059 0.880765 0.75273 0.681576 0.721224 0.786385 0.774538 0.663054 0.70311 0.659181 0.615892 0.731575 0.604788 0.518535 0.426095 0.494209 0.621785 0.608142 0.678095 0.591572 0.574419 0.617488 0.627243 0.629904 0.724636 0.734615 0.747096 0.778136 0.814573 0.757711 0.722067
BD_Bspro
 2.74174 1.85663 0.956737 0.529729 0.754779 0.910582 1.13343 0.779175 0.650732 0.432539 0.269296 0.315216 0.312426 0.268859 0.197831 0.26242 0.701637 0.700883 1.24458 0.974552 1.10131 1.33704 1.24094 1.06628 1.4452 1.20795 1.02771 1.0743 1.44329 1.01071 0.606274
BD_Bo
 1.952 1.32184 0.681156 0.377145 0.537371 0.648296 0.806951 0.55474 0.463294 0.307949 0.191727 0.22442 0.222434 0.191416 0.140847 0.186832 0.499536 0.499 0.886086 0.69384 0.784087 0.951919 0.883496 0.759149 1.02892 0.860011 0.73169 0.764855 1.02756 0.719583 0.431642
BD_Brms
 13.6638 9.25279 4.76803 2.63998 3.76155 4.53802 5.64859 3.88313 3.24301 2.15562 1.34207 1.57092 1.55702 1.3399 0.985919 1.30781 3.49671 3.49295 6.20252 4.85682 5.48854 6.66334 6.18439 5.31398 7.20238 6.02 5.12176 5.35391 7.19285 5.03701 3.02145
Sel_flota
 0.891848 1 1 1 1
 0.891848 1 1 1 1
 0.891848 1 1 1 1
 0.891848 1 1 1 1
 0.891848 1 1 1 1
 0.891848 1 1 1 1
 0.891848 1 1 1 1
 0.891848 1 1 1 1
 0.891848 1 1 1 1
 0.891848 1 1 1 1
 0.891848 1 1 1 1
 0.891848 1 1 1 1
 0.891848 1 1 1 1
 0.891848 1 1 1 1
 0.891848 1 1 1 1
 0.891848 1 1 1 1
 0.891848 1 1 1 1
 0.891848 1 1 1 1
 0.891848 1 1 1 1
 0.891848 1 1 1 1
 0.891848 1 1 1 1
 0.891848 1 1 1 1
 0.891848 1 1 1 1
 0.891848 1 1 1 1
 0.891848 1 1 1 1
 0.891848 1 1 1 1
 0.891848 1 1 1 1
 0.891848 1 1 1 1
 0.891848 1 1 1 1
 0.891848 1 1 1 1
 0.891848 1 1 1 1
Sel_reclas
 0.825378 0.959657 0.991716 0.998343 0.99967
 0.825378 0.959657 0.991716 0.998343 0.99967
 0.825378 0.959657 0.991716 0.998343 0.99967
 0.825378 0.959657 0.991716 0.998343 0.99967
 0.825378 0.959657 0.991716 0.998343 0.99967
 0.825378 0.959657 0.991716 0.998343 0.99967
 0.825378 0.959657 0.991716 0.998343 0.99967
 0.825378 0.959657 0.991716 0.998343 0.99967
 0.825378 0.959657 0.991716 0.998343 0.99967
 0.825378 0.959657 0.991716 0.998343 0.99967
 0.825378 0.959657 0.991716 0.998343 0.99967
 0.825378 0.959657 0.991716 0.998343 0.99967
 0.825378 0.959657 0.991716 0.998343 0.99967
 0.825378 0.959657 0.991716 0.998343 0.99967
 0.825378 0.959657 0.991716 0.998343 0.99967
 0.825378 0.959657 0.991716 0.998343 0.99967
 0.825378 0.959657 0.991716 0.998343 0.99967
 0.825378 0.959657 0.991716 0.998343 0.99967
 0.825378 0.959657 0.991716 0.998343 0.99967
 0.825378 0.959657 0.991716 0.998343 0.99967
 0.825378 0.959657 0.991716 0.998343 0.99967
 0.825378 0.959657 0.991716 0.998343 0.99967
 0.825378 0.959657 0.991716 0.998343 0.99967
 0.825378 0.959657 0.991716 0.998343 0.99967
 0.825378 0.959657 0.991716 0.998343 0.99967
 0.825378 0.959657 0.991716 0.998343 0.99967
 0.825378 0.959657 0.991716 0.998343 0.99967
 0.825378 0.959657 0.991716 0.998343 0.99967
 0.825378 0.959657 0.991716 0.998343 0.99967
 0.825378 0.959657 0.991716 0.998343 0.99967
 0.825378 0.959657 0.991716 0.998343 0.99967
Sel_pelaces
 0.982878 1 1 1 1
 0.982878 1 1 1 1
 0.982878 1 1 1 1
 0.982878 1 1 1 1
 0.982878 1 1 1 1
 0.982878 1 1 1 1
 0.982878 1 1 1 1
 0.982878 1 1 1 1
 0.982878 1 1 1 1
 0.982878 1 1 1 1
 0.982878 1 1 1 1
 0.982878 1 1 1 1
 0.982878 1 1 1 1
 0.982878 1 1 1 1
 0.982878 1 1 1 1
 0.982878 1 1 1 1
 0.982878 1 1 1 1
 0.982878 1 1 1 1
 0.982878 1 1 1 1
 0.982878 1 1 1 1
 0.982878 1 1 1 1
 0.982878 1 1 1 1
 0.982878 1 1 1 1
 0.982878 1 1 1 1
 0.982878 1 1 1 1
 0.982878 1 1 1 1
 0.982878 1 1 1 1
 0.982878 1 1 1 1
 0.982878 1 1 1 1
 0.982878 1 1 1 1
 0.982878 1 1 1 1
pf_obs 
 0.8446 0.082 0.0669 0.0065 0
 0.8095 0.147 0.0364 0.0071 0
 0.9664 0.0169 0.016 0.0007 0
 0.9276 0.0648 0.0075 0.0001 0
 0.7033 0.2144 0.0806 0.0017 0
 0.9318 0.0425 0.0243 0.0014 0
 0.5671 0.3108 0.0964 0.0239 0.0018
 0.0768 0.2599 0.5324 0.112 0.0189
 0.490249 0.384438 0.106611 0.0170017 0.00170017
 0.7925 0.1577 0.0466 0.003 0.0002
 0.840416 0.127587 0.0312969 0.00059994 9.999e-05
 0.8084 0.0986 0.0794 0.0134 0.0002
 0.7335 0.1905 0.0724 0.0035 0.0001
 0.4001 0.4547 0.1325 0.0127 0
 0.49795 0.308269 0.164784 0.0264974 0.00249975
 0.9179 0.0499 0.0305 0.0017 0
 0.2467 0.6533 0.0926 0.0074 0
 0.9418 0.0223 0.034 0.0019 0
 0.707729 0.231977 0.0356964 0.0245975 0
 0.517169 0.277429 0.184464 0.0207286 0.00020938
 0.811772 0.124168 0.05621 0.00726502 0.000585176
 0.764997 0.148141 0.077277 0.00933861 0.000247198
 0.163321 0.427699 0.378323 0.0303852 0.000271297
 0.753843 0.0900009 0.118128 0.0371064 0.000921714
 0.721811 0.176058 0.0630433 0.0369309 0.00215725
 0.143369 0.312575 0.442814 0.0836902 0.0175525
 0.692698 0.0596174 0.167031 0.0765114 0.00414204
 0.394062 0.376323 0.152708 0.0712218 0.00568511
 0.125707 0.32114 0.495352 0.0537591 0.00404204
 0.23352 0.215282 0.420074 0.123614 0.00750983
 0 0 0 0 0
pf_pred 
 0.454586 0.101428 0.422721 0.0212642 7.41664e-07
 0.429579 0.276472 0.0546644 0.227824 0.0114607
 0.5593 0.203027 0.115196 0.0227766 0.0997009
 0.811062 0.111468 0.0356899 0.0202502 0.0215303
 0.654773 0.286501 0.0346464 0.0110931 0.0129862
 0.708566 0.198476 0.0771445 0.00932904 0.00648369
 0.459574 0.396268 0.0981769 0.0381597 0.00782181
 0.421646 0.284903 0.215173 0.0533099 0.0249679
 0.476717 0.235719 0.141657 0.106986 0.0389206
 0.643764 0.181044 0.0789177 0.0474261 0.0488489
 0.770608 0.154415 0.0381043 0.0166098 0.020263
 0.730051 0.213527 0.0379807 0.00937235 0.00906945
 0.695903 0.230073 0.0585519 0.0104148 0.00505699
 0.644627 0.257383 0.0741372 0.0188673 0.00498552
 0.742916 0.174475 0.0598302 0.0172337 0.00554475
 0.922566 0.0594951 0.0121745 0.00417483 0.00158943
 0.435065 0.526371 0.0296301 0.00606322 0.00287075
 0.890489 0.0511268 0.0543987 0.00306217 0.000923295
 0.635166 0.329248 0.0166138 0.017677 0.00129508
 0.638124 0.241035 0.109054 0.00550284 0.00628396
 0.742339 0.172168 0.0569443 0.0257639 0.00278462
 0.749655 0.191791 0.0391257 0.0129408 0.00648774
 0.372674 0.485357 0.108763 0.0221879 0.0110178
 0.744935 0.102611 0.117952 0.0264319 0.0080697
 0.650107 0.268599 0.0327043 0.0375939 0.0109964
 0.472512 0.357466 0.130519 0.0158919 0.0236112
 0.736924 0.1323 0.0886235 0.0323585 0.00979366
 0.693642 0.232856 0.0369642 0.0247611 0.0117772
 0.394137 0.435551 0.12945 0.0205492 0.0203125
 0.483611 0.218745 0.213974 0.0635951 0.0200742
 0.870528 0.0666478 0.0266126 0.0260321 0.0101792
pobs_RECLAS
 0 0 0 0 0
 0 0 0 0 0
 0 0 0 0 0
 0 0 0 0 0
 0 0 0 0 0
 0 0 0 0 0
 0 0 0 0 0
 0 0 0 0 0
 0 0 0 0 0
 0 0 0 0 0
 0.991045 0.00858322 0.000360255 1.14367e-05 0
 0.934742 0.0480273 0.0164251 0.00080598 0
 0.827803 0.169806 0.00239088 0 0
 0.941827 0.0461693 0.0120037 0 0
 0.791401 0.0380133 0.147996 0.0225897 0
 0.846168 0.0940531 0.0597789 0 0
 0.134021 0.677848 0.182769 0.00536245 0
 0.80878 0.0450904 0.141981 0.00414843 0
 0.846168 0.0940531 0.0597789 0 0
 0.905697 0.0802665 0.012482 0.00150086 5.37128e-05
 0.989698 0.0102097 9.19794e-05 0 0
 0.975433 0.0193895 0.00387452 0.00125025 5.28907e-05
 0.303575 0.632131 0.0575291 0.00676475 0
 0.966965 0.00978017 0.0227588 0.000495775 0
 0.843318 0.132988 0.00938335 0.0141283 0.000182051
 0.564624 0.303363 0.111486 0.0197234 0.00080311
 0.826376 0.0876187 0.0782897 0.00655872 0.00115652
 0.89761 0.0855135 0.0140674 0.00269457 0.000114338
 0.34875 0.467042 0.161289 0.0227151 0.000203297
 0.318654 0.224769 0.449479 0.00709798 0
 0.937255 0.0296025 0.0250945 0.00804832 0
ppred_RECLAS
 0.439164 0.101508 0.437188 0.0221389 7.73199e-07
 0.416311 0.277317 0.0566633 0.237733 0.011975
 0.545812 0.205088 0.120252 0.0239353 0.104912
 0.803384 0.11424 0.0377994 0.0215904 0.0229857
 0.645245 0.292589 0.0365647 0.0117856 0.0138151
 0.698979 0.202763 0.0814435 0.00991473 0.00689991
 0.448993 0.400216 0.102468 0.0400936 0.00822914
 0.408619 0.286185 0.223361 0.0557085 0.026126
 0.463117 0.237014 0.147193 0.11191 0.040766
 0.631782 0.183737 0.0827672 0.0500718 0.0516426
 0.762076 0.158235 0.0403516 0.017707 0.0216302
 0.722233 0.218075 0.0400855 0.00995784 0.00964883
 0.687246 0.234627 0.0617056 0.0110491 0.00537211
 0.635761 0.261271 0.0777713 0.0199245 0.00527186
 0.734531 0.178139 0.0631275 0.0183049 0.00589725
 0.919604 0.0612637 0.0129552 0.00447224 0.00170492
 0.426148 0.533401 0.0310288 0.00639188 0.00303038
 0.885338 0.0525815 0.0578155 0.00327625 0.000989158
 0.626758 0.33562 0.0175011 0.0187455 0.00137519
 0.627789 0.245123 0.114609 0.00582177 0.006657
 0.733481 0.175999 0.060156 0.0273989 0.00296527
 0.741775 0.196183 0.0413585 0.0137707 0.006913
 0.362782 0.489122 0.113269 0.0232614 0.0115662
 0.734224 0.104726 0.124405 0.0280643 0.00857946
 0.640132 0.273856 0.0344583 0.0398748 0.0116791
 0.46095 0.361203 0.136289 0.0167053 0.0248528
 0.726611 0.135087 0.0935132 0.034372 0.0104169
 0.684212 0.237908 0.0390279 0.0263182 0.0125344
 0.38345 0.438888 0.134799 0.0215414 0.0213215
 0.46992 0.22005 0.222441 0.0665532 0.0210359
 0.86436 0.0685714 0.0282954 0.0278631 0.0109097
pobs_PELACES
 0 0 0 0 0
 0 0 0 0 0
 0 0 0 0 0
 0 0 0 0 0
 0 0 0 0 0
 0 0 0 0 0
 0 0 0 0 0
 0 0 0 0 0
 0 0 0 0 0
 0 0 0 0 0
 0 0 0 0 0
 0 0 0 0 0
 0 0 0 0 0
 0 0 0 0 0
 0 0 0 0 0
 0 0 0 0 0
 0.505614 0.472636 0.0217494 0 0
 0 0 0 0 0
 0.443492 0.261883 0.143347 0.151278 0
 0.227955 0.32914 0.350689 0.0885471 0.00366901
 0.970185 0.0296113 0.000203453 0 0
 0.997202 0.00247181 0.000326279 0 0
 0.445219 0.490057 0.0546422 0.010081 0
 0.90214 0.0892962 0.00764917 0.000914606 0
 0 0 0 0 0
 0.581667 0.319106 0.0959925 0.00289975 0.000334073
 0.762889 0.0836404 0.116647 0.0363945 0.000428098
 0.88444 0.0763242 0.0277011 0.0115352 0
 0.521256 0.241999 0.230069 0.00667565 0
 0.616807 0.101726 0.260614 0.0208532 0
 0 0 0 0 0
ppred_PELACES
 0.479907 0.0967194 0.403096 0.020277 7.07231e-07
 0.455585 0.263867 0.0521722 0.217437 0.0109382
 0.585019 0.191178 0.108473 0.0214474 0.0938826
 0.826892 0.102129 0.0326996 0.0185535 0.0197263
 0.677019 0.268039 0.0324139 0.0103783 0.0121494
 0.729389 0.184295 0.0716326 0.00866249 0.00602044
 0.487023 0.376141 0.0931903 0.0362215 0.00742453
 0.445993 0.27291 0.206115 0.0510657 0.0239168
 0.503068 0.223849 0.134524 0.101599 0.0369606
 0.668317 0.168565 0.0734783 0.0441573 0.045482
 0.787892 0.14278 0.0352332 0.0153583 0.0187362
 0.752103 0.196084 0.034878 0.00860671 0.00832856
 0.719482 0.212234 0.0540119 0.00960727 0.00466488
 0.67263 0.237101 0.0682953 0.0173806 0.00459267
 0.764074 0.160116 0.0549062 0.0158153 0.00508842
 0.93024 0.0535986 0.0109679 0.00376107 0.0014319
 0.461578 0.501668 0.0282395 0.00577866 0.00273602
 0.900557 0.0464263 0.0493974 0.00278064 0.000838409
 0.660865 0.306056 0.0154435 0.0164318 0.00120386
 0.663201 0.224332 0.101497 0.00512151 0.0058485
 0.762285 0.15884 0.0525361 0.0237695 0.00256905
 0.769752 0.176394 0.0359847 0.0119019 0.00596691
 0.397436 0.466199 0.10447 0.0213121 0.0105829
 0.764104 0.0948994 0.109088 0.0244454 0.00746322
 0.673315 0.250783 0.030535 0.0351002 0.010267
 0.498062 0.340151 0.124197 0.0151221 0.0224676
 0.756458 0.122476 0.0820429 0.0299558 0.00906646
 0.714961 0.216651 0.0343919 0.023038 0.0109576
 0.418869 0.417772 0.124166 0.0197104 0.0194833
 0.509722 0.207685 0.203154 0.0603794 0.0190592
 0.881449 0.0610264 0.0243679 0.0238364 0.00932063
pobs_pel_tallas
 0 0 0 0 0 0 0 0 0 0 0 0 0 0 0 0 0 0 0 0 0 0 0 0 0 0
 0 0 0 0 0 0 0 0 0 0 0 0 0 0 0 0 0 0 0 0 0 0 0 0 0 0
 0 0 0 0 0 0 0 0 0 0 0 0 0 0 0 0 0 0 0 0 0 0 0 0 0 0
 0 0 0 0 0 0 0 0 0 0 0 0 0 0 0 0 0 0 0 0 0 0 0 0 0 0
 0 0 0 0 0 0 0 0 0 0 0 0 0 0 0 0 0 0 0 0 0 0 0 0 0 0
 0 0 0 0 0 0 0 0 0 0 0 0 0 0 0 0 0 0 0 0 0 0 0 0 0 0
 0 0 0 0 0 0 0 0 0 0 0 0 0 0 0 0 0 0 0 0 0 0 0 0 0 0
 0 0 0 0 0 0 0 0 0 0 0 0 0 0 0 0 0 0 0 0 0 0 0 0 0 0
 0 0 0 0 0 0 0 0 0 0 0 0 0 0 0 0 0 0 0 0 0 0 0 0 0 0
 0 0 0 0 0 0 0 0 0 0 0 0 0 0 0 0 0 0 0 0 0 0 0 0 0 0
 0 0 0 0 0 0 0 0 0 0 0 0 0 0 0 0 0 0 0 0 0 0 0 0 0 0
 0 0 0 0 0 0 0 0 0 0 0 0 0 0 0 0 0 0 0 0 0 0 0 0 0 0
 0.00862536 0 0 0.000197151 0.00414017 0.0128641 0.00837892 0.0270097 0.101434 0.158115 0.152841 0.127902 0.109271 0.109419 0.0830992 0.0579132 0.0238553 0.00714673 0.00463305 0.00128148 0.00103504 0.000492878 0.000147863 0.000147863 4.92878e-05 0
 0 0 0 0 0 0 0 0 0 0 0 0 0 0 0 0 0 0 0 0 0 0 0 0 0 0
 0 0 0 0 0 0 0 0.0054083 0.00873648 0.0413646 0.0450493 0.0745869 0.0622846 0.0627006 0.0613931 0.0827291 0.12552 0.122667 0.0946155 0.0697135 0.0546179 0.0294188 0.0215738 0.0213955 0.0102223 0.00600262
 0 0 0 0 0.00359764 0.0251062 0.0480494 0.140153 0.205849 0.193036 0.1447 0.116669 0.0760912 0.0342217 0.00950174 0.001854 0.000860785 0 0 0 0.000165536 0 0.000143464 0 0 0
 0 0 0 0 0 0 0 0.000145254 0.000435761 0.0275982 0.070085 0.0708112 0.156366 0.174668 0.174014 0.160142 0.0824315 0.0480064 0.0283245 0.00493863 0.00203355 0 0 0 0 0
 0 0 0 0 0 0 0 0 0 0 0 0 0 0 0 0 0 0 0 0 0 0 0 0 0 0
 0 0 1.00437e-05 0.000401748 0.00122533 0.00171747 0.00176769 0.0269171 0.070346 0.194647 0.189555 0.159765 0.064822 0.0314167 0.0384472 0.0292271 0.0345202 0.0313363 0.0194345 0.0106764 0.0143323 0.0359363 0.0279516 0.0138201 0.00172751 0
 0 0.0021121 0.0136068 0.0755702 0.200478 0.177729 0.0527432 0.0373336 0.0318909 0.0142505 0.0149659 0.0166563 0.0217959 0.0798694 0.0677717 0.0528807 0.04013 0.0224614 0.0357745 0.0225083 0.00881397 0.00855152 0.00135912 0.000746735 0 0
 0 0 0 0 5.4009e-05 0.00500934 0.000945158 0.0243581 0.138947 0.33067 0.221406 0.137944 0.0707744 0.0437923 0.0131692 0.00525238 0.0047753 0.00276346 9.45158e-05 9.00151e-06 2.25038e-05 9.00151e-06 4.50075e-06 0 0 0
 0.000866109 0.00284123 0.00948549 0.0512746 0.133035 0.25785 0.225252 0.132002 0.0553304 0.0519788 0.0540692 0.017754 0.00435017 0.00159236 0.00146478 0.000404838 0.000125132 0.000115318 0.000107957 0.000100596 0 0 0 0 0 0
 0 0 0 0 0.00144013 0.00171154 0.00461396 0.0210425 0.0478622 0.0707936 0.0888783 0.103762 0.0637923 0.0337046 0.0602308 0.124433 0.169614 0.0934646 0.0462172 0.0250306 0.0313229 0.00938855 0.002487 0.000210481 0 0
 0 0.00764035 0.051015 0.0998891 0.058973 0.0496711 0.0374665 0.0718981 0.12319 0.153886 0.159021 0.0857701 0.0377988 0.023471 0.0147837 0.00900784 0.00315554 0.000888139 0.00291439 0.00214683 0.00393193 0.00274676 0.000635225 9.99891e-05 0 0
 0 0 0 0 0 0 0 0 0 0 0 0 0 0 0 0 0 0 0 0 0 0 0 0 0 0
 0 0 0 0 0 0 0 0 0 0 0 0 0 0 0 0 0 0 0 0 0 0 0 0 0 0
 0 0 0 0 0 0 0 0 0 0 0 0 0 0 0 0 0 0 0 0 0 0 0 0 0 0
 0 0 0 0 0 0 0 0 0 0 0 0 0 0 0 0 0 0 0 0 0 0 0 0 0 0
 0 0 0 0 0 0 0 0 0 0 0 0 0 0 0 0 0 0 0 0 0 0 0 0 0 0
 0 0 0 0 0 0 0 0 0 0 0 0 0 0 0 0 0 0 0 0 0 0 0 0 0 0
 0 0 0 0 0 0 0 0 0 0 0 0 0 0 0 0 0 0 0 0 0 0 0 0 0 0
ppred_pel_tallas
 1.13691e-16 3.95294e-05 0.000384239 0.00255341 0.0116074 0.036115 0.0769473 0.112309 0.112319 0.0769961 0.0362806 0.0120935 0.00380254 0.00320716 0.00568158 0.0100606 0.0161846 0.0238727 0.0328307 0.0427073 0.0529229 0.0623366 0.0691691 0.0715167 0.0682677 0.0597951
 1.2523e-16 3.7526e-05 0.000364766 0.002424 0.0110192 0.0342849 0.0730485 0.106622 0.106647 0.0731733 0.0347043 0.012232 0.00547436 0.00704467 0.0127894 0.0212683 0.0311019 0.0401863 0.0465064 0.0493942 0.0500239 0.0505842 0.0527202 0.0564336 0.0601568 0.0617583
 1.21218e-16 4.81872e-05 0.000468397 0.00311267 0.0141497 0.0440252 0.093801 0.136909 0.136928 0.0938918 0.0443306 0.015034 0.00533992 0.00535623 0.00940807 0.0156835 0.023085 0.0301105 0.0352931 0.0380617 0.0390916 0.0397621 0.0411424 0.0433067 0.0454034 0.0462572
 1.06169e-16 6.811e-05 0.000662054 0.00439958 0.0199999 0.062227 0.132582 0.193509 0.193519 0.13263 0.0623893 0.0204691 0.0055794 0.00324424 0.00499211 0.00819909 0.0119355 0.0152966 0.0174215 0.0179488 0.0172344 0.0160869 0.0152271 0.0148968 0.0148506 0.0146328
 1.04101e-16 5.57652e-05 0.000542058 0.00360217 0.0163749 0.0509486 0.108552 0.158441 0.158467 0.108679 0.0513724 0.0175988 0.0066739 0.00724694 0.0127876 0.0210477 0.030306 0.0380973 0.0419532 0.0407507 0.0353883 0.0281806 0.021472 0.0165423 0.0134332 0.0114869
 1.04002e-16 6.00789e-05 0.000583988 0.00388081 0.0176416 0.0548896 0.116949 0.170694 0.170712 0.117036 0.0551826 0.0184886 0.00601042 0.00524447 0.00894488 0.0147805 0.0214909 0.0274525 0.0310379 0.0314766 0.0292672 0.0257485 0.0222031 0.0192211 0.016705 0.0142993
 1.07675e-16 4.01155e-05 0.000389937 0.00259127 0.0117796 0.0366508 0.0780897 0.113982 0.114018 0.0782673 0.0372471 0.0135028 0.00692032 0.00985213 0.0180456 0.0298625 0.0432342 0.0548367 0.0613024 0.0610829 0.0553386 0.0470614 0.0391715 0.0330958 0.0286667 0.0249706
 1.15187e-16 3.67359e-05 0.000357086 0.00237296 0.0107872 0.033563 0.0715106 0.104377 0.104404 0.0716406 0.0340004 0.012054 0.00556657 0.007374 0.0134964 0.0226043 0.0333816 0.043713 0.051435 0.0555292 0.0565984 0.0561525 0.0553321 0.0541692 0.0518709 0.0476732
 1.20384e-16 4.14371e-05 0.000402783 0.00267664 0.0121676 0.0378581 0.0806614 0.117732 0.117754 0.0807679 0.0382163 0.0132048 0.00529033 0.00614292 0.011046 0.0184714 0.0272674 0.0357246 0.0421574 0.0458935 0.0476497 0.0488742 0.0505773 0.0526044 0.0538338 0.0529837
 1.14289e-16 5.50484e-05 0.00053509 0.00355587 0.0161645 0.0502937 0.107157 0.156402 0.156418 0.107237 0.0505624 0.0169417 0.0055121 0.00482299 0.00825099 0.0136947 0.0200645 0.0259799 0.0300986 0.0318841 0.0319323 0.0315041 0.0316256 0.0324673 0.0333874 0.0334541
 1.05765e-16 6.48977e-05 0.000630829 0.00419208 0.0190566 0.0592922 0.126329 0.184383 0.184397 0.126396 0.0595186 0.019711 0.00583632 0.00422562 0.00690833 0.0113621 0.0164681 0.0209434 0.0235362 0.0236983 0.0219126 0.0193451 0.0171002 0.0156627 0.0148542 0.014175
 1.0333e-16 6.19498e-05 0.000602174 0.00400166 0.018191 0.056599 0.120591 0.17601 0.176029 0.120683 0.0569093 0.0190875 0.00625282 0.0055187 0.009406 0.0154697 0.0223213 0.0281614 0.0312003 0.030618 0.027046 0.0221202 0.0174796 0.0139911 0.011652 0.00999803
 1.03366e-16 5.92628e-05 0.000576056 0.00382809 0.017402 0.0541441 0.11536 0.168376 0.168397 0.115461 0.0544805 0.0183741 0.00627025 0.00591348 0.0102141 0.0168395 0.0243627 0.0308675 0.0344343 0.0341677 0.0307024 0.0257195 0.020885 0.0170539 0.0142063 0.011905
 1.04552e-16 5.54037e-05 0.000538544 0.00357881 0.0162688 0.0506183 0.107849 0.157413 0.157436 0.107961 0.0509945 0.0173559 0.00631054 0.00651126 0.0114262 0.0188742 0.0273527 0.0347524 0.0389522 0.0389651 0.0354908 0.0303668 0.0253846 0.0214184 0.0183788 0.015748
 1.04073e-16 6.29358e-05 0.000611759 0.00406535 0.0184805 0.0574998 0.12251 0.17881 0.178826 0.122586 0.0577541 0.0192158 0.00591372 0.00465563 0.00776917 0.0128133 0.0186139 0.0237496 0.0268104 0.0271433 0.0252119 0.0222167 0.0192992 0.0169695 0.0151009 0.0133113
 1.0095e-16 7.66227e-05 0.0007448 0.00494946 0.0224995 0.0700044 0.149152 0.217693 0.217698 0.149177 0.0700893 0.0227448 0.0055654 0.00209043 0.00263529 0.0042435 0.00612476 0.00774309 0.00860895 0.00849923 0.00758332 0.00629977 0.00508353 0.00415801 0.00351355 0.00302288
 1.01986e-16 3.80197e-05 0.000369565 0.00245589 0.0111641 0.0347361 0.0740107 0.108031 0.108079 0.0742465 0.0355279 0.0134503 0.00819109 0.0128782 0.0237606 0.0391329 0.056162 0.0701896 0.0764928 0.0728937 0.0610777 0.0455024 0.0308056 0.0197083 0.0126067 0.0084894
 1.01859e-16 7.41777e-05 0.000721034 0.00479152 0.0217816 0.0677706 0.144393 0.210746 0.210751 0.144415 0.0678454 0.0219985 0.00533919 0.00192713 0.00239557 0.00392304 0.00582993 0.00771675 0.009216 0.0101354 0.0105261 0.0105665 0.0103713 0.00990456 0.00905915 0.00780259
 1.02376e-16 5.44346e-05 0.000529124 0.00351622 0.0159842 0.049733 0.105963 0.154662 0.154691 0.106106 0.0502161 0.0173791 0.00701567 0.0081621 0.0145324 0.023891 0.0343005 0.0429075 0.0468492 0.0448229 0.0378812 0.0287524 0.0202449 0.0139593 0.0100479 0.0077991
 1.0449e-16 5.46271e-05 0.000530994 0.00352865 0.0160407 0.0499088 0.106337 0.155206 0.155228 0.106443 0.0502657 0.0170732 0.00612541 0.00621673 0.0109024 0.0180661 0.026318 0.0337136 0.0382816 0.0390705 0.0366406 0.032547 0.0282702 0.0244794 0.0210686 0.0176836
 1.04376e-16 6.27885e-05 0.000610326 0.00405583 0.0184372 0.0573652 0.122223 0.178391 0.178407 0.122298 0.0576175 0.0191666 0.0058894 0.00462188 0.00770772 0.0127125 0.0184712 0.023578 0.026642 0.0270269 0.0252042 0.0223705 0.0196505 0.0175246 0.0158272 0.0141382
 1.03287e-16 6.34035e-05 0.000616305 0.00409556 0.0186178 0.0579271 0.12342 0.180139 0.180156 0.123504 0.0582065 0.019425 0.00612262 0.00504478 0.00848397 0.0139522 0.0201563 0.0254839 0.0283362 0.0279815 0.0249799 0.0207774 0.0168073 0.0138045 0.0117327 0.0101654
 1.07063e-16 3.27364e-05 0.000318209 0.00211462 0.00961276 0.0299091 0.0637262 0.0930197 0.0930647 0.0639461 0.0306476 0.0117467 0.00747411 0.0120282 0.0223019 0.0368959 0.0533297 0.0674474 0.0750181 0.0740754 0.0660482 0.054701 0.0437864 0.0352631 0.0291213 0.0243708
 1.06887e-16 6.29383e-05 0.000611783 0.00406551 0.0184812 0.057502 0.122514 0.178815 0.178825 0.12256 0.0576553 0.0189261 0.00518993 0.00309174 0.00484732 0.00810922 0.0121331 0.0162188 0.0196768 0.0221679 0.0238225 0.0249765 0.0257623 0.0259381 0.025085 0.0229615
 1.06203e-16 5.54601e-05 0.000539092 0.00358246 0.0162853 0.0506699 0.107958 0.157574 0.157598 0.108077 0.0510665 0.0174311 0.0064588 0.00681954 0.0119878 0.0197448 0.0284769 0.0359082 0.0397742 0.0390759 0.034692 0.0287869 0.023488 0.0198546 0.0177412 0.0163548
 1.0899e-16 4.10248e-05 0.000398775 0.00265 0.0120466 0.0374815 0.0798595 0.116564 0.116597 0.0800203 0.0380219 0.0136091 0.00657829 0.00899405 0.0164232 0.0272384 0.039591 0.0505368 0.0570821 0.0578284 0.0537413 0.0473533 0.0410863 0.0360461 0.0320068 0.0282041
 1.06938e-16 6.23085e-05 0.000605661 0.00402483 0.0182963 0.0569266 0.121289 0.177027 0.177039 0.121347 0.0571226 0.0188638 0.0054549 0.00374575 0.00607982 0.0100947 0.0148714 0.0194126 0.0227395 0.0244052 0.0247123 0.0243884 0.0239965 0.0235785 0.0227636 0.0211533
 1.05213e-16 5.88905e-05 0.000572436 0.00380404 0.0172926 0.0538039 0.114636 0.167319 0.167339 0.114738 0.0541468 0.0182832 0.00629121 0.00600458 0.0103837 0.0170959 0.0246788 0.0311641 0.0345969 0.0341039 0.0304186 0.025374 0.0207735 0.0175191 0.0155054 0.014097
 1.08964e-16 3.45018e-05 0.00033537 0.00222865 0.0101311 0.031522 0.0671624 0.0980339 0.0980743 0.0673597 0.0321848 0.012047 0.00704291 0.010862 0.0200768 0.0332681 0.0482294 0.0612988 0.0687475 0.0688396 0.0628096 0.0538957 0.0452571 0.0384365 0.0332752 0.0288472
 1.15197e-16 4.19852e-05 0.000408111 0.00271204 0.0123286 0.0383589 0.0817283 0.119289 0.119309 0.0818277 0.0386934 0.0132985 0.00516092 0.00580151 0.010425 0.0175362 0.0261234 0.0346784 0.0416635 0.0463545 0.0491386 0.0509351 0.0522513 0.0527198 0.0514473 0.0477682
 1.04687e-16 7.26038e-05 0.000705735 0.00468985 0.0213194 0.0663326 0.141329 0.206275 0.206281 0.141358 0.0664298 0.0216007 0.00539762 0.00225684 0.00303666 0.00495454 0.00724988 0.00937951 0.0108537 0.0114781 0.011469 0.0112814 0.0112818 0.0115236 0.0117674 0.0116772
pSPR Fmed_Fpbrs
0.7058   0.192859 0.192859
Fs Fmed_Fpbrs
0.17562   1.005 1.005
SSBpbr Bo_Bmed_Bpbrs
2.1424e+06  1.40499e+06  306061 306061
Ro
214207
SPR SPRFo_SPRFmed_SPRFpbrs
1.5253e+06 1.07656e+06 294167
Fref
1.005
log_Ro
12.0947
likeval ReclasPelacesDesembMPH_pf_preclas_ppelaces_ptallas_desvR_qrecl_qpela
 22.6301 17.1906 0.178432 0.00299305 230.612 125.214 81.9779 0 20.9711 0 0 0.901447 0 0 0
q_reclas_q_pelaces
1 1
M
1
N
 237407 47453 197769 9948.42 0.346986
 138035 79854.1 15788.9 65803 3310.22
 132661 43272.8 24552.6 4854.57 21250.1
 338475 41865.6 13404.6 7605.65 8086.43
 264169 103378 12501.4 4002.72 4685.79
 365734 91890 35716.1 4319.13 3001.8
 154038 119873 29699 11543.5 2366.14
 73318.4 44269.2 33434.2 8283.46 3879.59
 58372 25944.9 15591.7 11775.6 4283.86
 72133.3 18288.6 7972.09 4790.88 4934.6
 118384 21226 5237.86 2283.2 2785.37
 153880 40779.1 7253.5 1789.92 1732.07
 135447 40543.2 10317.9 1835.28 891.134
 99620.4 36293.5 10454.1 2660.48 703.008
 104624 22245 7628.15 2197.23 706.937
 481222 28066.2 5743.2 1969.43 749.797
 121326 132153 7439.03 1522.25 720.74
 711416 36787.5 39141.7 2203.33 664.342
 456196 213875 10792.1 11482.7 841.268
 367084 125165 56629.6 2857.52 3263.14
 503257 105068 34751.2 15722.9 1699.36
 662526 152979 31207.9 10322 5174.84
 162759 190393 42665 8703.73 4321.98
 419379 51836.4 59586.3 13352.7 4076.59
 367579 136298 16595.6 19076.7 5580.03
 175598 119069 43475 5293.47 7864.74
 362737 58424.1 39136.4 14289.6 4324.91
 393413 118385 18792.8 12588.7 5987.57
 131886 130659 38833.1 6164.49 6093.46
 107556 43691.7 42738.6 12702.3 4009.57
 501227 34338.7 13711.5 13412.4 5244.59
pred_Ctot
 12952.2 2889.94 12044.3 605.869 0.0211318
 13069.5 8411.35 1663.1 6931.28 348.678
 12071 4381.79 2486.19 491.573 2151.78
 36880.1 5068.6 1622.87 920.802 979.01
 9135.84 3997.46 483.41 154.779 181.192
 25451.9 7129.31 2771.04 335.101 232.896
 21736.2 18742 4643.41 1804.82 369.943
 1771.11 1196.73 903.826 223.927 104.877
 5545.33 2741.97 1647.8 1244.5 452.737
 9292.2 2613.22 1139.11 684.557 705.094
 4788.87 959.594 236.795 103.22 125.922
 28364.4 8296.08 1475.65 364.141 352.372
 23862.6 7889.25 2007.75 357.125 173.405
 25766 10287.7 2963.3 754.136 199.274
 18374.4 4315.26 1479.77 426.236 137.137
 78969.2 5092.62 1042.11 357.354 136.051
 13695.7 16570 932.743 190.868 90.3701
 83567.5 4797.97 5105.02 287.368 86.6462
 75070.9 38914.1 1963.6 2089.26 153.067
 52567.6 19856.1 8983.69 453.315 517.662
 56124.7 13016.8 4305.29 1947.89 210.532
 93509.3 23923.4 4880.4 1614.18 809.258
 13977.5 18203.7 4079.27 832.176 413.231
 31213.6 4299.52 4942.33 1107.53 338.129
 28049.6 11589 1411.06 1622.03 474.45
 10697.7 8093.02 2954.95 359.792 534.558
 26129.2 4690.98 3142.33 1147.34 347.255
 24377.6 8183.57 1299.08 870.214 413.902
 8364.8 9243.73 2747.32 436.118 431.093
 9089.18 4111.19 4021.51 1195.23 377.283
 20651.3 1581.07 631.324 617.553 241.479
F
 0.0895727 0.100435 0.100435 0.100435 0.100435
 0.159983 0.179384 0.179384 0.179384 0.179384
 0.153332 0.171927 0.171927 0.171927 0.171927
 0.186059 0.208622 0.208622 0.208622 0.208622
 0.0559987 0.0627896 0.0627896 0.0627896 0.0627896
 0.115475 0.129479 0.129479 0.129479 0.129479
 0.246911 0.276853 0.276853 0.276853 0.276853
 0.0388381 0.0435479 0.0435479 0.0435479 0.0435479
 0.160557 0.180028 0.180028 0.180028 0.180028
 0.223289 0.250367 0.250367 0.250367 0.250367
 0.0657665 0.0737418 0.0737418 0.0737418 0.0737418
 0.333806 0.374286 0.374286 0.374286 0.374286
 0.31694 0.355374 0.355374 0.355374 0.355374
 0.499251 0.559794 0.559794 0.559794 0.559794
 0.315804 0.3541 0.3541 0.3541 0.3541
 0.29237 0.327826 0.327826 0.327826 0.327826
 0.193324 0.216768 0.216768 0.216768 0.216768
 0.201867 0.226347 0.226347 0.226347 0.226347
 0.293291 0.328858 0.328858 0.328858 0.328858
 0.250981 0.281417 0.281417 0.281417 0.281417
 0.190801 0.213939 0.213939 0.213939 0.213939
 0.246971 0.276921 0.276921 0.276921 0.276921
 0.144179 0.161663 0.161663 0.161663 0.161663
 0.123929 0.138957 0.138957 0.138957 0.138957
 0.127232 0.142661 0.142661 0.142661 0.142661
 0.10047 0.112653 0.112653 0.112653 0.112653
 0.119737 0.134257 0.134257 0.134257 0.134257
 0.102265 0.114667 0.114667 0.114667 0.114667
 0.104783 0.11749 0.11749 0.11749 0.11749
 0.141736 0.158923 0.158923 0.158923 0.158923
 0.0670199 0.0751473 0.0751473 0.0751473 0.0751473
nmprior
 8 9 7.5 0
nm_flota  nm_reclas  nm_pelaces    nm_pelaL
inf 10.9986 18.7886 33.7811
cv_recla  cv_pelaces  cv_mph
0.430296 0.487876 1.68835
 ------------------------------------------------
Talla a la edad & desviación 
 8 13.2811 15.8009 17.003 17.5766
 0.8 1.32811 1.58009 1.7003 1.75766
