years
 1991 1992 1993 1994 1995 1996 1997 1998 1999 2000 2001 2002 2003 2004 2005 2006 2007 2008 2009 2010 2011 2012 2013 2014 2015 2016 2017 2018 2019 2020 2021
reclasobs
 0 0 0 0 0 0 0 0 0 252601 567819 844713 477998 351125 339783 2.1784e+06 2.13404e+06 4.81314e+06 1.55562e+06 2.62356e+06 3.21686e+06 3.843e+06 1.13348e+06 3.07943e+06 1.97215e+06 2.03268e+06 2.025e+06 2.42433e+06 2.27542e+06 1.05018e+06 2.36338e+06
reclaspred
 1.0797e+06 827388 406548 145322 74021.1 413600 174610 19199.1 30224.1 103730 252658 408779 355478 208301 275474 662572 1.35801e+06 2.19588e+06 1.59665e+06 1.12233e+06 2.03819e+06 1.71004e+06 1.23849e+06 1.65301e+06 1.62407e+06 1.22632e+06 1.48565e+06 2.17753e+06 2.49077e+06 1.09528e+06 338956
pelacesobs
 0 0 0 0 0 0 0 0 0 0 0 0 0 0 0 552880 188675 0 991730 2.46772e+06 1.41603e+06 1.21717e+06 2.29649e+06 1.80582e+06 0 1.4828e+06 1.56532e+06 1.57751e+06 1.42118e+06 867257 0
pelacespred
 416070 347252 173926 43346.3 22495.6 175161 42727.8 5082.48 6878.02 40690.9 115242 154458 144697 83070.9 128037 260962 542808 921966 767860 495359 843475 788117 552499 829354 801470 572805 831862 1.20377e+06 1.13723e+06 612672 167843
mphobs
 0 0 0 0 0 0 0 0 0 0 0 498337 0 5186 125008 0 168611 109162 213762 579715 649985 157893 87575 83554 0 0 0 0 0 0 0
mphpred
 770881 845134 479650 159559 70091.5 44057.1 337211 32510.4 2786.34 10957.7 86862.1 293009 293003 186796 105239 234717 738621 1.41816e+06 1.48205e+06 1.03216e+06 1.02995e+06 1.53702e+06 1.30052e+06 733067 1.5079e+06 1.22942e+06 697324 1.3095e+06 2.38194e+06 1.37397e+06 461208
desembarqueobs
 494567 514787 250237 358949 120608 361735 552515 73892 212993 205616 52469 317467 293654 387597 252695 516296 358380 742168 942051 627588 828172 859565 418607 520667 417249 300574 407403 355545 319650 289779 219260
desembarquepred
 493206 511791 249453 356785 120491 362223 551645 73947.2 213386 205961 52360.5 317201 293521 386244 253631 516069 358441 746707 944132 629895 829337 861592 418254 520062 416757 299911 406215 355026 319414 289402 218642
Reclutas
 271531 101032 17557 66826.4 25698.2 235757 9874.17 2934.9 29085 80629.8 108462 120093 85460.5 67069.7 94222.9 383436 276464 428465 373025 255436 476427 472082 13849.3 375860 262790 28193.4 393428 473136 22286.6 17849.7 9770.28
log_desv_Rt
 1.11749 0.128857 -1.62113 -0.284487 -1.24016 0.976218 -2.19666 -3.40991 -1.11636 -0.0967168 0.199815 0.301683 -0.038531 -0.280852 0.0590785 1.46259 1.1355 1.57362 1.43506 1.05639 1.67973 1.67057 -1.85835 1.44263 1.08477 -1.1475 1.48831 1.6728 -1.3826 -1.6046 -2.20724
SSB
 770881 845134 479650 159559 70091.5 44057.1 337211 32510.4 2786.34 10957.7 86862.1 293009 293003 186796 105239 234717 738621 1.41816e+06 1.48205e+06 1.03216e+06 1.02995e+06 1.53702e+06 1.30052e+06 733067 1.5079e+06 1.22942e+06 697324 1.3095e+06 2.38194e+06 1.37397e+06 461208
BT
 1.61981e+06 1.37817e+06 643371 461002 166355 1.09613e+06 585225 84654.7 216221 379739 484808 756924 720413 702593 772471 1.45907e+06 2.03549e+06 3.50786e+06 3.27688e+06 2.00505e+06 3.61883e+06 3.12324e+06 1.67562e+06 3.60821e+06 2.57505e+06 1.66596e+06 3.56748e+06 4.50871e+06 2.91708e+06 1.76508e+06 642059
Ftot
 0.424017 0.562491 0.556386 1.90183 1.35154 0.803926 2.16518 2.54869 4.58429 1.70989 0.196622 0.700569 0.740907 1.53101 0.83615 0.713677 0.248821 0.318224 0.541751 0.515375 0.379595 0.465015 0.314679 0.296228 0.241477 0.229938 0.258201 0.154893 0.121763 0.24793 0.583383
BD_Bspro_t
 0.934407 0.681461 0.463574 0.246713 0.134558 0.120758 0.379104 0.0525974 0.00734832 0.0339864 0.242558 0.569506 0.451858 0.316972 0.211684 0.366426 0.539783 0.660752 0.623096 0.513271 0.472807 0.559111 0.5456 0.453071 0.654234 0.658638 0.588184 0.7425 0.827104 0.735628 0.566038
BD_Bspro
 1.2189 1.33631 0.758412 0.252291 0.110827 0.0696621 0.53319 0.0514047 0.00440569 0.0173261 0.137344 0.4633 0.46329 0.295358 0.166402 0.371129 1.16789 2.24237 2.34339 1.63204 1.62853 2.43031 2.05636 1.15911 2.38426 1.94393 1.10259 2.07055 3.76627 2.17249 0.729252
BD_Bo
 0.438166 0.480371 0.272631 0.0906927 0.0398398 0.0250419 0.19167 0.0184788 0.00158375 0.00622831 0.0493721 0.166546 0.166542 0.106174 0.0598175 0.133412 0.41983 0.806078 0.842394 0.586679 0.58542 0.87364 0.739214 0.416673 0.857084 0.698797 0.396357 0.744315 1.35388 0.780961 0.262149
BD_Brms
 1.85714 2.03603 1.15553 0.384396 0.168859 0.106139 0.812381 0.0783214 0.00671262 0.0263984 0.209261 0.705895 0.705879 0.450015 0.253533 0.565461 1.77943 3.41652 3.57044 2.48661 2.48127 3.70288 3.13312 1.76605 3.63271 2.96181 1.67994 3.15474 5.73837 3.31006 1.11111
Sel_flota
 0.5 1 1 1 1
 0.5 1 1 1 1
 0.5 1 1 1 1
 0.5 1 1 1 1
 0.5 1 1 1 1
 0.5 1 1 1 1
 0.5 1 1 1 1
 0.5 1 1 1 1
 0.5 1 1 1 1
 0.5 1 1 1 1
 0.5 1 1 1 1
 0.5 1 1 1 1
 0.5 1 1 1 1
 0.5 1 1 1 1
 0.5 1 1 1 1
 0.5 1 1 1 1
 0.5 1 1 1 1
 0.5 1 1 1 1
 0.5 1 1 1 1
 0.5 1 1 1 1
 0.5 1 1 1 1
 0.5 1 1 1 1
 0.5 1 1 1 1
 0.5 1 1 1 1
 0.5 1 1 1 1
 0.5 1 1 1 1
 0.5 1 1 1 1
 0.5 1 1 1 1
 0.5 1 1 1 1
 0.5 1 1 1 1
 0.5 1 1 1 1
Sel_reclas
 0.5 1 1 1 1
 0.5 1 1 1 1
 0.5 1 1 1 1
 0.5 1 1 1 1
 0.5 1 1 1 1
 0.5 1 1 1 1
 0.5 1 1 1 1
 0.5 1 1 1 1
 0.5 1 1 1 1
 0.5 1 1 1 1
 0.5 1 1 1 1
 0.5 1 1 1 1
 0.5 1 1 1 1
 0.5 1 1 1 1
 0.5 1 1 1 1
 0.5 1 1 1 1
 0.5 1 1 1 1
 0.5 1 1 1 1
 0.5 1 1 1 1
 0.5 1 1 1 1
 0.5 1 1 1 1
 0.5 1 1 1 1
 0.5 1 1 1 1
 0.5 1 1 1 1
 0.5 1 1 1 1
 0.5 1 1 1 1
 0.5 1 1 1 1
 0.5 1 1 1 1
 0.5 1 1 1 1
 0.5 1 1 1 1
 0.5 1 1 1 1
Sel_pelaces
 0.5 1 1 1 1
 0.5 1 1 1 1
 0.5 1 1 1 1
 0.5 1 1 1 1
 0.5 1 1 1 1
 0.5 1 1 1 1
 0.5 1 1 1 1
 0.5 1 1 1 1
 0.5 1 1 1 1
 0.5 1 1 1 1
 0.5 1 1 1 1
 0.5 1 1 1 1
 0.5 1 1 1 1
 0.5 1 1 1 1
 0.5 1 1 1 1
 0.5 1 1 1 1
 0.5 1 1 1 1
 0.5 1 1 1 1
 0.5 1 1 1 1
 0.5 1 1 1 1
 0.5 1 1 1 1
 0.5 1 1 1 1
 0.5 1 1 1 1
 0.5 1 1 1 1
 0.5 1 1 1 1
 0.5 1 1 1 1
 0.5 1 1 1 1
 0.5 1 1 1 1
 0.5 1 1 1 1
 0.5 1 1 1 1
 0.5 1 1 1 1
pf_obs 
 0.8446 0.082 0.0669 0.0065 0
 0.8095 0.147 0.0364 0.0071 0
 0.9664 0.0169 0.016 0.0007 0
 0.9276 0.0648 0.0075 0.0001 0
 0.7033 0.2144 0.0806 0.0017 0
 0.9318 0.0425 0.0243 0.0014 0
 0.5671 0.3108 0.0964 0.0239 0.0018
 0.0768 0.2599 0.5324 0.112 0.0189
 0.490249 0.384438 0.106611 0.0170017 0.00170017
 0.7925 0.1577 0.0466 0.003 0.0002
 0.840416 0.127587 0.0312969 0.00059994 9.999e-05
 0.8084 0.0986 0.0794 0.0134 0.0002
 0.7335 0.1905 0.0724 0.0035 0.0001
 0.4001 0.4547 0.1325 0.0127 0
 0.49795 0.308269 0.164784 0.0264974 0.00249975
 0.9179 0.0499 0.0305 0.0017 0
 0.2467 0.6533 0.0926 0.0074 0
 0.9418 0.0223 0.034 0.0019 0
 0.707729 0.231977 0.0356964 0.0245975 0
 0.517169 0.277429 0.184464 0.0207286 0.00020938
 0.811772 0.124168 0.05621 0.00726502 0.000585176
 0.764997 0.148141 0.077277 0.00933861 0.000247198
 0.163321 0.427699 0.378323 0.0303852 0.000271297
 0.753843 0.0900009 0.118128 0.0371064 0.000921714
 0.721811 0.176058 0.0630433 0.0369309 0.00215725
 0.143369 0.312575 0.442814 0.0836902 0.0175525
 0.692698 0.0596174 0.167031 0.0765114 0.00414204
 0.394062 0.376323 0.152708 0.0712218 0.00568511
 0.125707 0.32114 0.495352 0.0537591 0.00404204
 0.23352 0.215282 0.420074 0.123614 0.00750983
 0 0 0 0 0
pf_pred 
 0.704546 0.186763 0.0687062 0.0252756 0.0147098
 0.370376 0.531612 0.0619553 0.0227921 0.0132645
 0.168817 0.484642 0.292596 0.0340998 0.0198453
 0.749994 0.0813012 0.0983677 0.0593881 0.0109492
 0.610723 0.358137 0.0101266 0.0122523 0.00876096
 0.959399 0.0337107 0.00633954 0.000179255 0.000371965
 0.10417 0.881342 0.0120291 0.00226216 0.000196694
 0.362492 0.210879 0.419729 0.00572872 0.001171
 0.983138 0.0124498 0.00145939 0.00290474 4.77496e-05
 0.980062 0.0199097 2.08828e-05 2.44792e-06 4.95238e-06
 0.816467 0.182491 0.00104077 1.09164e-06 3.86848e-07
 0.631471 0.333202 0.0351267 0.000200333 2.84586e-07
 0.560994 0.355573 0.0754347 0.00795244 4.54184e-05
 0.603499 0.302569 0.0760801 0.0161404 0.00171126
 0.800112 0.166956 0.0251307 0.00631904 0.00148271
 0.897639 0.0933959 0.00748827 0.00112716 0.000349923
 0.584712 0.397158 0.0165422 0.00132631 0.000261619
 0.656551 0.258287 0.0814437 0.00339224 0.000325631
 0.554492 0.359944 0.0643476 0.0202902 0.000926241
 0.501552 0.371914 0.102231 0.018276 0.00602591
 0.712845 0.201596 0.0638395 0.0175481 0.00417145
 0.601856 0.337527 0.0425559 0.0134762 0.00458491
 0.0399607 0.745902 0.181535 0.0228883 0.00971401
 0.793395 0.017319 0.147066 0.0357925 0.00642804
 0.508323 0.439334 0.00438777 0.037259 0.0106965
 0.106237 0.616372 0.24786 0.00247545 0.0270551
 0.819755 0.0365752 0.0990802 0.0398427 0.00474696
 0.635336 0.330977 0.00683577 0.0185177 0.00833366
 0.0527319 0.743455 0.184985 0.00382055 0.0150074
 0.111767 0.0918977 0.624996 0.155511 0.015828
 0.167248 0.177547 0.0677883 0.461029 0.126388
pobs_RECLAS
 0 0 0 0 0
 0 0 0 0 0
 0 0 0 0 0
 0 0 0 0 0
 0 0 0 0 0
 0 0 0 0 0
 0 0 0 0 0
 0 0 0 0 0
 0 0 0 0 0
 0 0 0 0 0
 0.991045 0.00858322 0.000360255 1.14367e-05 0
 0.934742 0.0480273 0.0164251 0.00080598 0
 0.827803 0.169806 0.00239088 0 0
 0.941827 0.0461693 0.0120037 0 0
 0.791401 0.0380133 0.147996 0.0225897 0
 0.846168 0.0940531 0.0597789 0 0
 0.134021 0.677848 0.182769 0.00536245 0
 0.80878 0.0450904 0.141981 0.00414843 0
 0.846168 0.0940531 0.0597789 0 0
 0.905697 0.0802665 0.012482 0.00150086 5.37128e-05
 0.989698 0.0102097 9.19794e-05 0 0
 0.975433 0.0193895 0.00387452 0.00125025 5.28907e-05
 0.303575 0.632131 0.0575291 0.00676475 0
 0.966965 0.00978017 0.0227588 0.000495775 0
 0.843318 0.132988 0.00938335 0.0141283 0.000182051
 0.564624 0.303363 0.111486 0.0197234 0.00080311
 0.826376 0.0876187 0.0782897 0.00655872 0.00115652
 0.89761 0.0855135 0.0140674 0.00269457 0.000114338
 0.34875 0.467042 0.161289 0.0227151 0.000203297
 0.318654 0.224769 0.449479 0.00709798 0
 0.937255 0.0296025 0.0250945 0.00804832 0
ppred_RECLAS
 0.709235 0.183798 0.0676156 0.0248744 0.0144763
 0.377926 0.525237 0.0612124 0.0225188 0.0131054
 0.173326 0.482013 0.291008 0.0339148 0.0197376
 0.781397 0.0710891 0.086012 0.0519285 0.00957391
 0.635665 0.33519 0.00947773 0.0114673 0.00819961
 0.961358 0.032084 0.00603363 0.000170605 0.000354016
 0.12575 0.860111 0.0117393 0.00220767 0.000191956
 0.42729 0.189445 0.377067 0.00514644 0.00105198
 0.991141 0.00654067 0.000766709 0.00152604 2.50859e-05
 0.982786 0.0171891 1.80292e-05 2.11341e-06 4.27565e-06
 0.817841 0.181124 0.00103298 1.08346e-06 3.8395e-07
 0.64139 0.324233 0.0341812 0.00019494 2.76926e-07
 0.572331 0.346391 0.0734867 0.00774708 4.42455e-05
 0.633525 0.279656 0.0703187 0.0149181 0.00158167
 0.808655 0.15982 0.0240566 0.00604896 0.00141934
 0.901606 0.0897764 0.00719807 0.00108348 0.000336362
 0.587628 0.394369 0.016426 0.001317 0.000259782
 0.660154 0.255578 0.0805894 0.00335666 0.000322216
 0.562071 0.35382 0.0632528 0.019945 0.000910482
 0.508765 0.366532 0.100752 0.0180115 0.00593871
 0.716877 0.198765 0.0629433 0.0173018 0.00411289
 0.607919 0.332387 0.0419079 0.013271 0.00451509
 0.0405716 0.745427 0.18142 0.0228737 0.00970783
 0.795797 0.0171176 0.145356 0.0353762 0.00635328
 0.511226 0.43674 0.00436186 0.037039 0.0106334
 0.107285 0.61565 0.247569 0.00247255 0.0270234
 0.821601 0.0362005 0.0980652 0.0394346 0.00469833
 0.636969 0.329494 0.00680515 0.0184348 0.00829633
 0.0530038 0.743242 0.184932 0.00381946 0.0150031
 0.112962 0.0917741 0.624156 0.155301 0.0158067
 0.172006 0.176533 0.067401 0.458394 0.125666
pobs_PELACES
 0 0 0 0 0
 0 0 0 0 0
 0 0 0 0 0
 0 0 0 0 0
 0 0 0 0 0
 0 0 0 0 0
 0 0 0 0 0
 0 0 0 0 0
 0 0 0 0 0
 0 0 0 0 0
 0 0 0 0 0
 0 0 0 0 0
 0 0 0 0 0
 0 0 0 0 0
 0 0 0 0 0
 0 0 0 0 0
 0.505614 0.472636 0.0217494 0 0
 0 0 0 0 0
 0.443492 0.261883 0.143347 0.151278 0
 0.227955 0.32914 0.350689 0.0885471 0.00366901
 0.970185 0.0296113 0.000203453 0 0
 0.997202 0.00247181 0.000326279 0 0
 0.445219 0.490057 0.0546422 0.010081 0
 0.90214 0.0892962 0.00764917 0.000914606 0
 0 0 0 0 0
 0.581667 0.319106 0.0959925 0.00289975 0.000334073
 0.762889 0.0836404 0.116647 0.0363945 0.000428098
 0.88444 0.0763242 0.0277011 0.0115352 0
 0.521256 0.241999 0.230069 0.00667565 0
 0.616807 0.101726 0.260614 0.0208532 0
 0 0 0 0 0
ppred_PELACES
 0.723449 0.174813 0.0643103 0.0236584 0.0137686
 0.39998 0.506616 0.0590423 0.0217205 0.0126408
 0.186877 0.474112 0.286238 0.0333589 0.0194141
 0.830282 0.0551918 0.0667776 0.040316 0.00743295
 0.685595 0.289255 0.00817888 0.00989576 0.00707591
 0.965995 0.0282338 0.00530958 0.000150132 0.000311534
 0.170538 0.816047 0.0111379 0.00209457 0.000182122
 0.531861 0.154854 0.308218 0.00420675 0.000859896
 0.995823 0.00308436 0.000361554 0.00071963 1.18296e-05
 0.986963 0.0130186 1.36549e-05 1.60066e-06 3.23829e-06
 0.822625 0.176368 0.00100585 1.05501e-06 3.73868e-07
 0.667522 0.300607 0.0316904 0.000180735 2.56746e-07
 0.601955 0.322397 0.0683964 0.00721045 4.11807e-05
 0.689971 0.236582 0.0594879 0.0126203 0.00133805
 0.8291 0.142744 0.0214863 0.00540265 0.00126769
 0.91157 0.0806852 0.00646916 0.00097376 0.000302301
 0.59754 0.38489 0.0160312 0.00128535 0.000253538
 0.671833 0.246795 0.0778199 0.0032413 0.000311143
 0.583938 0.336153 0.0600944 0.0189491 0.00086502
 0.529989 0.350696 0.096399 0.0172333 0.00568212
 0.729415 0.189963 0.0601559 0.0165356 0.00393075
 0.626048 0.317018 0.0399701 0.0126574 0.00430632
 0.0426416 0.743819 0.181029 0.0228244 0.00968689
 0.803625 0.0164614 0.139783 0.0340201 0.00610973
 0.521176 0.427849 0.00427307 0.036285 0.0104169
 0.110973 0.613107 0.246546 0.00246234 0.0269118
 0.82776 0.0349507 0.0946796 0.0380731 0.00453613
 0.642858 0.324149 0.00669476 0.0181357 0.00816175
 0.0540213 0.742443 0.184733 0.00381535 0.014987
 0.117126 0.0913433 0.621226 0.154572 0.0157325
 0.186151 0.173517 0.0662496 0.450563 0.123519
pobs_pel_tallas
 0 0 0 0 0 0 0 0 0 0 0 0 0 0 0 0 0 0 0 0 0 0 0 0 0 0
 0 0 0 0 0 0 0 0 0 0 0 0 0 0 0 0 0 0 0 0 0 0 0 0 0 0
 0 0 0 0 0 0 0 0 0 0 0 0 0 0 0 0 0 0 0 0 0 0 0 0 0 0
 0 0 0 0 0 0 0 0 0 0 0 0 0 0 0 0 0 0 0 0 0 0 0 0 0 0
 0 0 0 0 0 0 0 0 0 0 0 0 0 0 0 0 0 0 0 0 0 0 0 0 0 0
 0 0 0 0 0 0 0 0 0 0 0 0 0 0 0 0 0 0 0 0 0 0 0 0 0 0
 0 0 0 0 0 0 0 0 0 0 0 0 0 0 0 0 0 0 0 0 0 0 0 0 0 0
 0 0 0 0 0 0 0 0 0 0 0 0 0 0 0 0 0 0 0 0 0 0 0 0 0 0
 0 0 0 0 0 0 0 0 0 0 0 0 0 0 0 0 0 0 0 0 0 0 0 0 0 0
 0 0 0 0 0 0 0 0 0 0 0 0 0 0 0 0 0 0 0 0 0 0 0 0 0 0
 0 0 0 0 0 0 0 0 0 0 0 0 0 0 0 0 0 0 0 0 0 0 0 0 0 0
 0 0 0 0 0 0 0 0 0 0 0 0 0 0 0 0 0 0 0 0 0 0 0 0 0 0
 0.00862536 0 0 0.000197151 0.00414017 0.0128641 0.00837892 0.0270097 0.101434 0.158115 0.152841 0.127902 0.109271 0.109419 0.0830992 0.0579132 0.0238553 0.00714673 0.00463305 0.00128148 0.00103504 0.000492878 0.000147863 0.000147863 4.92878e-05 0
 0 0 0 0 0 0 0 0 0 0 0 0 0 0 0 0 0 0 0 0 0 0 0 0 0 0
 0 0 0 0 0 0 0 0.0054083 0.00873648 0.0413646 0.0450493 0.0745869 0.0622846 0.0627006 0.0613931 0.0827291 0.12552 0.122667 0.0946155 0.0697135 0.0546179 0.0294188 0.0215738 0.0213955 0.0102223 0.00600262
 0 0 0 0 0.00359764 0.0251062 0.0480494 0.140153 0.205849 0.193036 0.1447 0.116669 0.0760912 0.0342217 0.00950174 0.001854 0.000860785 0 0 0 0.000165536 0 0.000143464 0 0 0
 0 0 0 0 0 0 0 0.000145254 0.000435761 0.0275982 0.070085 0.0708112 0.156366 0.174668 0.174014 0.160142 0.0824315 0.0480064 0.0283245 0.00493863 0.00203355 0 0 0 0 0
 0 0 0 0 0 0 0 0 0 0 0 0 0 0 0 0 0 0 0 0 0 0 0 0 0 0
 0 0 1.00437e-05 0.000401748 0.00122533 0.00171747 0.00176769 0.0269171 0.070346 0.194647 0.189555 0.159765 0.064822 0.0314167 0.0384472 0.0292271 0.0345202 0.0313363 0.0194345 0.0106764 0.0143323 0.0359363 0.0279516 0.0138201 0.00172751 0
 0 0.0021121 0.0136068 0.0755702 0.200478 0.177729 0.0527432 0.0373336 0.0318909 0.0142505 0.0149659 0.0166563 0.0217959 0.0798694 0.0677717 0.0528807 0.04013 0.0224614 0.0357745 0.0225083 0.00881397 0.00855152 0.00135912 0.000746735 0 0
 0 0 0 0 5.4009e-05 0.00500934 0.000945158 0.0243581 0.138947 0.33067 0.221406 0.137944 0.0707744 0.0437923 0.0131692 0.00525238 0.0047753 0.00276346 9.45158e-05 9.00151e-06 2.25038e-05 9.00151e-06 4.50075e-06 0 0 0
 0.000866109 0.00284123 0.00948549 0.0512746 0.133035 0.25785 0.225252 0.132002 0.0553304 0.0519788 0.0540692 0.017754 0.00435017 0.00159236 0.00146478 0.000404838 0.000125132 0.000115318 0.000107957 0.000100596 0 0 0 0 0 0
 0 0 0 0 0.00144013 0.00171154 0.00461396 0.0210425 0.0478622 0.0707936 0.0888783 0.103762 0.0637923 0.0337046 0.0602308 0.124433 0.169614 0.0934646 0.0462172 0.0250306 0.0313229 0.00938855 0.002487 0.000210481 0 0
 0 0.00764035 0.051015 0.0998891 0.058973 0.0496711 0.0374665 0.0718981 0.12319 0.153886 0.159021 0.0857701 0.0377988 0.023471 0.0147837 0.00900784 0.00315554 0.000888139 0.00291439 0.00214683 0.00393193 0.00274676 0.000635225 9.99891e-05 0 0
 0 0 0 0 0 0 0 0 0 0 0 0 0 0 0 0 0 0 0 0 0 0 0 0 0 0
 0 0 0 0 0 0 0 0 0 0 0 0 0 0 0 0 0 0 0 0 0 0 0 0 0 0
 0 0 0 0 0 0 0 0 0 0 0 0 0 0 0 0 0 0 0 0 0 0 0 0 0 0
 0 0 0 0 0 0 0 0 0 0 0 0 0 0 0 0 0 0 0 0 0 0 0 0 0 0
 0 0 0 0 0 0 0 0 0 0 0 0 0 0 0 0 0 0 0 0 0 0 0 0 0 0
 0 0 0 0 0 0 0 0 0 0 0 0 0 0 0 0 0 0 0 0 0 0 0 0 0 0
 0 0 0 0 0 0 0 0 0 0 0 0 0 0 0 0 0 0 0 0 0 0 0 0 0 0
ppred_pel_tallas
 1.06604e-16 5.95896e-05 0.000579232 0.0038492 0.0174979 0.0544426 0.115996 0.169304 0.169321 0.116079 0.0547205 0.0183015 0.00586983 0.00500197 0.00849387 0.0140397 0.0204374 0.0261671 0.0297221 0.0304222 0.028794 0.0261419 0.0236667 0.0218393 0.0204084 0.0188451
 1.06151e-16 3.29459e-05 0.000320246 0.00212815 0.0096743 0.0301006 0.0641343 0.0936161 0.0936649 0.0643728 0.0309014 0.0119871 0.00793281 0.0129896 0.0240879 0.0397539 0.0572284 0.0718982 0.0790849 0.0766475 0.0662669 0.0523104 0.039219 0.0294443 0.0231223 0.0190812
 1.15013e-16 1.53929e-05 0.000149625 0.000994311 0.00452002 0.0140637 0.0299659 0.0437458 0.0437918 0.0301911 0.0148207 0.00671089 0.00651045 0.0122469 0.0231529 0.0386765 0.0567024 0.0733683 0.084673 0.0886744 0.0864432 0.0809191 0.0747001 0.0686351 0.062096 0.0542323
 1.07243e-16 6.83892e-05 0.000664767 0.00441761 0.0200818 0.0624821 0.133125 0.194301 0.194306 0.133151 0.0625716 0.0203417 0.00507534 0.00211841 0.00288203 0.00479667 0.00723678 0.00981348 0.0121826 0.0142091 0.0160116 0.0177761 0.0194907 0.0208421 0.0213609 0.0206929
 1.025e-16 5.64716e-05 0.000548924 0.0036478 0.0165824 0.051594 0.109928 0.160448 0.160476 0.110064 0.0520504 0.0178999 0.00695265 0.00775573 0.013721 0.022536 0.0323242 0.040372 0.0439636 0.0418688 0.0351032 0.026288 0.018134 0.0122043 0.00866356 0.00681726
 1.00229e-16 7.95677e-05 0.000773427 0.00513969 0.0233643 0.072695 0.154885 0.226059 0.226062 0.154898 0.0727397 0.0234934 0.00546379 0.00148119 0.00142447 0.00223084 0.00320997 0.00404447 0.00446925 0.00436174 0.00380818 0.00304099 0.00229707 0.00170829 0.00128747 0.00098416
 1.00771e-16 1.40472e-05 0.000136544 0.000907384 0.00412488 0.0128345 0.0273481 0.0399318 0.0400103 0.0277315 0.0141213 0.00783955 0.0102233 0.0204456 0.0385027 0.0634158 0.090847 0.11318 0.122664 0.115727 0.095172 0.0684151 0.0432495 0.0243582 0.01256 0.00623951
 1.09502e-16 4.38087e-05 0.000425837 0.00282983 0.012864 0.0400248 0.0852777 0.124469 0.124484 0.085353 0.0402789 0.0136035 0.00470708 0.00459342 0.00816181 0.0139509 0.0213138 0.0293312 0.0369873 0.043637 0.0491005 0.0532473 0.0555259 0.0550124 0.051022 0.0437553
 1.00086e-16 8.20246e-05 0.000797308 0.00529839 0.0240857 0.0749396 0.159667 0.233038 0.233039 0.159668 0.0749445 0.0240998 0.00533378 0.000874599 0.000228916 0.000248911 0.000351354 0.000443479 0.000492842 0.000487252 0.000437731 0.000370778 0.000311917 0.000273024 0.000250915 0.000234701
 1.00005e-16 8.12948e-05 0.000790215 0.00525125 0.0238714 0.0742729 0.158246 0.230965 0.230967 0.158252 0.0742934 0.0239307 0.00539981 0.00111403 0.000694857 0.0010163 0.00144726 0.00180109 0.00194894 0.00183351 0.00149982 0.00106702 0.000660601 0.000356406 0.000168164 7.00454e-05
 1.00075e-16 6.77586e-05 0.000658637 0.00437688 0.0198967 0.061906 0.131898 0.192512 0.192529 0.131981 0.0621841 0.0206993 0.00638974 0.00504635 0.00838202 0.0137006 0.0196136 0.0244203 0.0264383 0.0248948 0.0203974 0.0145564 0.00906618 0.00494982 0.00239156 0.00104347
 1.0101e-16 5.49829e-05 0.000534454 0.00355163 0.0161452 0.050234 0.10703 0.156219 0.156248 0.107171 0.0507089 0.0175167 0.00699312 0.00804367 0.0143056 0.0235344 0.0338277 0.0423892 0.0463997 0.0445444 0.0377892 0.0287275 0.0200493 0.013322 0.00877945 0.00588033
 1.02787e-16 4.95823e-05 0.000481958 0.00320278 0.0145594 0.0452998 0.0965173 0.140876 0.140907 0.0966693 0.0458104 0.0160343 0.00690664 0.00857261 0.01543 0.0254682 0.0367694 0.0464134 0.0514408 0.0504591 0.0444348 0.0359768 0.0277251 0.0211207 0.0162707 0.0126034
 1.0327e-16 5.68321e-05 0.000552428 0.00367108 0.0166882 0.0519233 0.110629 0.161471 0.161494 0.110741 0.0522983 0.0177718 0.00639312 0.00650133 0.0113744 0.0187652 0.027145 0.0343826 0.0383345 0.0379979 0.0340756 0.028438 0.0229425 0.0185475 0.0152436 0.012562
 1.01413e-16 6.82919e-05 0.000663821 0.00441133 0.0200533 0.0623932 0.132936 0.194027 0.19404 0.133003 0.062619 0.0207054 0.00604838 0.00423788 0.00685714 0.0112309 0.0161783 0.0203577 0.0224493 0.0218433 0.018995 0.0151063 0.0113985 0.00854477 0.00659108 0.00524137
 1.00357e-16 7.50848e-05 0.000729851 0.00485012 0.0220479 0.0685993 0.146158 0.213324 0.213332 0.146196 0.0687267 0.0224158 0.00577321 0.00274362 0.00389556 0.00631066 0.00905828 0.0113375 0.0123872 0.0118569 0.0100128 0.00756179 0.00523709 0.00346522 0.00230536 0.00159914
 1.00733e-16 4.92186e-05 0.000478423 0.00317929 0.0144526 0.0449676 0.0958096 0.139845 0.139882 0.0959906 0.0455749 0.0162059 0.00757706 0.0100683 0.0182314 0.0299811 0.042993 0.0536609 0.0583429 0.0553565 0.0459985 0.0337135 0.022105 0.0133167 0.00770302 0.00451745
 1.02687e-16 5.53381e-05 0.000537906 0.00357457 0.0162495 0.0505584 0.107721 0.157227 0.157251 0.107837 0.05095 0.0173814 0.00641875 0.00675669 0.0118948 0.0196513 0.0284741 0.036157 0.0404674 0.0403368 0.0364423 0.0306532 0.0248281 0.0199331 0.0159983 0.0126457
 1.03867e-16 4.80983e-05 0.000467533 0.00310692 0.0141236 0.043944 0.0936286 0.13666 0.136693 0.093787 0.044476 0.0156606 0.00696593 0.00889534 0.0160645 0.0265093 0.0382476 0.0482333 0.0533872 0.0522824 0.045974 0.0372409 0.0288805 0.0223955 0.0178353 0.0144926
 1.05562e-16 4.36546e-05 0.000424338 0.00281988 0.0128188 0.0398842 0.0849787 0.124036 0.12407 0.0851442 0.0404403 0.014426 0.00685787 0.00925126 0.0168426 0.0278665 0.0403516 0.0511876 0.0572153 0.0569542 0.0514335 0.0433913 0.0355301 0.0292195 0.0244107 0.0204021
 1.04109e-16 6.0081e-05 0.000584008 0.00388094 0.0176422 0.0548916 0.116953 0.1707 0.170718 0.117043 0.0551931 0.0185139 0.00607176 0.00537562 0.00918682 0.0151624 0.0220002 0.0280111 0.0315082 0.0317071 0.0291605 0.0253138 0.02156 0.0185522 0.0161834 0.0140268
 1.03233e-16 5.15668e-05 0.000501248 0.00333097 0.0151421 0.0471129 0.10038 0.146514 0.146545 0.100529 0.0476141 0.0165896 0.00696406 0.00843137 0.0151096 0.0248906 0.0358351 0.0450321 0.0495488 0.0480353 0.0415259 0.0327317 0.024414 0.0181057 0.0139142 0.0111502
 1.09343e-16 3.51248e-06 3.41427e-05 0.000226894 0.00103147 0.00320967 0.00684119 0.00999997 0.0100718 0.00719212 0.00438833 0.00443732 0.00878163 0.0187276 0.0355595 0.058921 0.0852003 0.107809 0.119988 0.118562 0.105739 0.0874402 0.069587 0.0553044 0.0446696 0.0362745
 1.08484e-16 6.61936e-05 0.000643425 0.00427579 0.0194371 0.060476 0.128851 0.188062 0.188064 0.12886 0.0605068 0.0195288 0.00451692 0.00120627 0.00124235 0.00223009 0.00386466 0.00624313 0.00948348 0.0136095 0.0184206 0.0233777 0.0276301 0.0302502 0.0305914 0.028564
 1.05635e-16 4.29286e-05 0.000417282 0.00277299 0.0126056 0.039221 0.083566 0.121976 0.122017 0.083767 0.0398959 0.0145542 0.00766057 0.0110753 0.0202513 0.0333268 0.0478131 0.059743 0.0651309 0.0622024 0.0525133 0.0399816 0.0286132 0.0206467 0.0161835 0.0140231
 1.12073e-16 9.14083e-06 8.88522e-05 0.000590457 0.00268417 0.00835176 0.0177965 0.0259869 0.0260463 0.0180865 0.00932638 0.00550231 0.00767604 0.0155952 0.0295709 0.0491641 0.0714979 0.0913112 0.103176 0.104491 0.0968674 0.0847304 0.0723589 0.061792 0.0528379 0.0444617
 1.07328e-16 6.81815e-05 0.000662749 0.0044042 0.0200209 0.0622923 0.132721 0.19371 0.193714 0.132738 0.0623508 0.0201917 0.00484053 0.0016403 0.00199865 0.00339087 0.00533675 0.00768115 0.0103046 0.0131515 0.0161939 0.0192866 0.0220443 0.0238935 0.0243058 0.0230586
 1.03477e-16 5.29515e-05 0.000514707 0.00342041 0.0155487 0.048378 0.103076 0.150448 0.150479 0.103228 0.0488894 0.0170251 0.00712375 0.00859045 0.0153651 0.0252534 0.0362258 0.0452549 0.0493077 0.047021 0.0395506 0.0298475 0.0209477 0.0145777 0.0108741 0.00899997
 1.0844e-16 4.44982e-06 4.32539e-05 0.000287441 0.00130671 0.00406604 0.00866578 0.012663 0.0127347 0.00901606 0.00524253 0.00470627 0.00882632 0.0187018 0.0354929 0.0588053 0.0850214 0.107552 0.119631 0.118058 0.105014 0.0863949 0.0681329 0.0534122 0.0424075 0.0338135
 1.36115e-16 9.64753e-06 9.37775e-05 0.000623185 0.00283291 0.0088143 0.0187801 0.0274122 0.027422 0.0188285 0.00897955 0.00332306 0.00190202 0.0030465 0.00609086 0.0112946 0.0191754 0.0302143 0.0447669 0.0628413 0.0835858 0.104751 0.122723 0.133502 0.134282 0.124705
 1.68045e-16 1.53331e-05 0.000149043 0.000990442 0.00450242 0.0140088 0.0298478 0.0435673 0.0435843 0.0299309 0.0142885 0.00531403 0.00304265 0.00468145 0.00878733 0.0149653 0.0227336 0.0313027 0.0401627 0.049792 0.0616814 0.0773446 0.0968615 0.117993 0.136553 0.1479
pSPR Fmed_Fpbrs
0.456776   0.285935 0.285935
Fs Fmed_Fpbrs
0.560126   1.005 1.005
SSBpbr Bo_Bmed_Bpbrs
1.75933e+06  715654  415089 415089
Ro
88817.6
SPR SPRFo_SPRFmed_SPRFpbrs
632440 288883 180837
Fref
1.005
log_Ro
11.2143
likeval ReclasPelacesDesembMPH_pf_preclas_ppelaces_ptallas_desvR_qrecl_qpela
 59.8784 49.8036 1.11809 0.00216917 268.817 163.192 104.445 0 85.39 0 0 0.0626367 0 0 0
q_reclas_q_pelaces
1 1
M
1
N
 271531 39118.1 14390.7 5294.06 3081.02
 101032 80807.3 9417.48 3464.5 2016.26
 17557 28055.8 16938.3 1974.03 1148.84
 66826.4 4890.33 5916.89 3572.23 658.604
 25698.2 9498.98 268.59 324.972 232.37
 235757 4809.76 904.511 25.5757 53.0712
 9874.17 58023 791.933 148.929 12.9493
 2934.9 1230.39 2448.95 33.4247 6.8323
 29085 301.897 35.3889 70.4374 1.15789
 80629.8 1081.21 1.13405 0.132935 0.268941
 108462 12615.4 71.9477 0.0754641 0.0267425
 120093 36164.9 3812.56 21.7436 0.0308882
 85460.5 31124.1 6602.97 696.095 3.97557
 67069.7 21706.2 5457.97 1157.91 122.765
 94222.9 11475.7 1727.36 434.338 101.914
 383436 22818.9 1829.57 275.393 85.4948
 276464 98724.5 4112.01 329.692 65.0326
 428465 89807.8 28318.4 1179.5 113.224
 373025 134437 24033.5 7578.29 345.946
 255436 104666 28770.4 5143.3 1695.83
 476427 72623.3 22997.7 6321.59 1502.74
 472082 144969 18277.9 5788.08 1969.23
 13849.3 137640 33498.5 4223.55 1792.52
 375860 4353.12 36964.8 8996.38 1615.68
 262790 119236 1190.85 10112.1 2903.05
 28193.4 85679.7 34454.1 344.104 3760.83
 393428 9245.32 25045.1 10071.3 1199.92
 473136 127205 2627.19 7116.93 3202.88
 22286.6 161086 40081 827.806 3251.68
 17849.7 7714.5 52466.4 13054.6 1328.71
 9770.28 5800.94 2214.82 15063 4129.42
pred_Ctot
 33362 8843.68 3253.41 1196.86 696.546
 16019 22992.6 2679.61 985.775 573.698
 2756.84 7914.35 4778.18 556.86 324.08
 27942.5 3029.04 3664.88 2212.62 407.935
 8423.47 4939.65 139.672 168.992 120.837
 50959 1790.56 336.728 9.52123 19.7571
 4493.29 38016.1 518.867 97.5768 8.48426
 1475.31 858.257 1708.26 23.3153 4.76586
 19497.5 246.904 28.9425 57.6067 0.946968
 31347.9 636.823 0.667947 0.078298 0.158405
 6471.38 1446.44 8.24924 0.00865241 0.00306619
 23079.9 12178.4 1283.86 7.32205 0.0104015
 17233.7 10923.2 2317.35 244.298 1.39525
 24105 12085.2 3038.8 644.679 68.3512
 21051.2 4392.66 661.198 166.256 39.0108
 74876.9 7790.65 624.637 94.0225 29.189
 20652.7 14028.1 584.288 46.8469 9.24068
 40361.4 15878.2 5006.74 208.538 20.0182
 57198.4 37130 6637.76 2093.03 95.5461
 37456.5 27775 7634.76 1364.87 450.022
 52874.6 14953.1 4735.23 1301.62 309.413
 63091 35382.1 4461.03 1412.68 480.625
 1290.99 24097.5 5864.78 739.441 313.826
 33106.2 722.677 6136.65 1493.52 268.224
 19080.3 16490.7 164.698 1398.54 401.502
 1953.81 11335.7 4558.38 45.526 497.57
 30439.8 1358.14 3679.12 1479.47 176.268
 22430.1 11684.9 241.333 653.757 294.215
 836.258 11790.2 2933.62 60.5889 237.998
 1328.88 1092.64 7431.03 1848.97 188.19
 1600.02 1698.56 648.517 4410.57 1209.13
F
 0.212008 0.424017 0.424017 0.424017 0.424017
 0.281245 0.562491 0.562491 0.562491 0.562491
 0.278193 0.556386 0.556386 0.556386 0.556386
 0.950913 1.90183 1.90183 1.90183 1.90183
 0.675772 1.35154 1.35154 1.35154 1.35154
 0.401963 0.803926 0.803926 0.803926 0.803926
 1.08259 2.16518 2.16518 2.16518 2.16518
 1.27434 2.54869 2.54869 2.54869 2.54869
 2.29215 4.58429 4.58429 4.58429 4.58429
 0.854946 1.70989 1.70989 1.70989 1.70989
 0.0983108 0.196622 0.196622 0.196622 0.196622
 0.350284 0.700569 0.700569 0.700569 0.700569
 0.370454 0.740907 0.740907 0.740907 0.740907
 0.765504 1.53101 1.53101 1.53101 1.53101
 0.418075 0.83615 0.83615 0.83615 0.83615
 0.356838 0.713677 0.713677 0.713677 0.713677
 0.124411 0.248821 0.248821 0.248821 0.248821
 0.159112 0.318224 0.318224 0.318224 0.318224
 0.270876 0.541751 0.541751 0.541751 0.541751
 0.257687 0.515375 0.515375 0.515375 0.515375
 0.189798 0.379595 0.379595 0.379595 0.379595
 0.232508 0.465015 0.465015 0.465015 0.465015
 0.157339 0.314679 0.314679 0.314679 0.314679
 0.148114 0.296228 0.296228 0.296228 0.296228
 0.120738 0.241477 0.241477 0.241477 0.241477
 0.114969 0.229938 0.229938 0.229938 0.229938
 0.129101 0.258201 0.258201 0.258201 0.258201
 0.0774467 0.154893 0.154893 0.154893 0.154893
 0.0608816 0.121763 0.121763 0.121763 0.121763
 0.123965 0.24793 0.24793 0.24793 0.24793
 0.291692 0.583383 0.583383 0.583383 0.583383
nmprior
 8 9 7.5 0
nm_flota  nm_reclas  nm_pelaces    nm_pelaL
inf 4.39464 4.53072 6.12916
cv_recla  cv_pelaces  cv_mph
0.699939 0.830415 1.43731
 ------------------------------------------------
Talla a la edad & desviación 
 8 13.2811 15.8009 17.003 17.5766
 0.8 1.32811 1.58009 1.7003 1.75766
