years
 1991 1992 1993 1994 1995 1996 1997 1998 1999 2000 2001 2002 2003 2004 2005 2006 2007 2008 2009 2010 2011 2012 2013 2014 2015 2016 2017 2018 2019 2020 2021
reclasobs
 0 0 0 0 0 0 0 0 0 252601 567819 844713 477998 351125 339783 2.1784e+06 2.13404e+06 4.81314e+06 1.55562e+06 2.62356e+06 3.21686e+06 3.843e+06 1.13348e+06 3.07943e+06 1.97215e+06 2.03268e+06 2.025e+06 2.42433e+06 2.27542e+06 1.05018e+06 2.36338e+06
reclaspred
 6.03785e+06 1.50117e+06 1.14459e+06 857965 105992 3.79123e+06 1.21879e+06 267672 1.20147e+06 230912 328754 1.03603e+06 710547 628122 402742 2.29055e+06 773641 5.96486e+06 2.24823e+06 2.47094e+06 2.76785e+06 3.81541e+06 1.60481e+06 3.27357e+06 2.67593e+06 1.47965e+06 2.16833e+06 4.62866e+06 2.9872e+06 632463 875235
pelacesobs
 0 0 0 0 0 0 0 0 0 0 0 0 0 0 0 552880 188675 0 991730 2.46772e+06 1.41603e+06 1.21717e+06 2.29649e+06 1.80582e+06 0 1.4828e+06 1.56532e+06 1.57751e+06 1.42118e+06 867257 0
pelacespred
 4.37957e+06 955538 523671 324571 30190.2 2.2852e+06 570830 157831 661107 80352.5 173208 464508 328363 285754 167298 1.05195e+06 315756 3.58453e+06 1.10954e+06 1.06469e+06 1.33919e+06 1.8661e+06 816550 2.04388e+06 1.4868e+06 813267 1.43891e+06 3.2078e+06 1.84074e+06 357726 435321
mphobs
 0 0 0 0 0 0 0 0 0 0 0 498337 0 5186 125008 0 168611 109162 213762 579715 649985 157893 87575 83554 0 0 0 0 0 0 0
mphpred
 2.92199e+06 1.1134e+06 157743 247833 95030 7932.79 805686 153495 38397.8 190890 15258.3 66472.3 162286 71517.4 44874.1 39590.3 436553 104046 1.15592e+06 259949 525457 393659 775112 285398 616511 600744 244396 377246 1.27047e+06 497062 53848.7
desembarqueobs
 494567 514787 250237 358949 120608 361735 552515 73892 212993 205616 52469 317467 293654 387597 252695 516296 358380 742168 942051 627588 828172 859565 418607 520667 417249 300574 407403 355545 319650 289779 219260
desembarquepred
 494487 514261 250086 358205 120441 361481 551651 73850.1 212781 205309 52437.3 317000 293090 386612 252196 515524 357836 741305 939663 626258 827070 858054 417978 520102 416591 300127 406829 355171 319143 288891 219103
Reclutas
 3450.5 2098.99 180861 52457.3 2577.62 289705 2836.37 791.781 60544.4 3430.49 29865.8 127403 62909 70751.6 40032.2 271238 4683.66 512096 80028.5 261087 158745 466392 6478.07 156201 172794 16165.2 120548 225583 10254.4 3329.82 66905.9
log_desv_Rt
 -2.36075 -2.85782 1.59846 0.360725 -2.65241 2.06959 -2.55675 -3.83274 0.504103 -2.36657 -0.202561 1.24808 0.542415 0.6599 0.0904091 2.00372 -2.05519 2.63924 0.783109 1.96558 1.46802 2.54575 -1.73085 1.45187 1.55282 -0.816411 1.19277 1.81941 -1.27157 -2.39636 0.604012
SSB
 1.7135e+06 652919 92503.4 145333 55727.2 4651.92 472468 90012.4 22517.1 111941 8947.74 38980.5 95167.2 41939 26315 23216.4 256002 61014.4 677853 152438 308137 230848 454539 167362 361533 352287 143318 221223 745026 291486 31577.8
BT
 2.1203e+06 926510 419645 382900 108932 1.28069e+06 705627 130711 466974 208479 116661 453540 393021 521416 316038 846927 400606 2.18006e+06 1.30499e+06 925251 1.22394e+06 1.49184e+06 651002 1.34966e+06 960477 564623 1.02856e+06 1.67636e+06 962986 449440 373824
Ftot
 0.308087 1.14679 1.14049 1.64948 2.86419 0.579484 1.48972 0.971771 1.01151 2.48449 0.909057 1.59691 1.80126 2.75856 2.8193 1.27737 1.54117 0.733051 1.53443 1.31914 1.35194 1.18367 0.94772 0.853218 0.749302 0.78939 0.989254 0.434581 0.412981 1.48042 1.35449
BD_Bspro_t
 0.952083 0.613317 0.197673 0.284488 0.100483 0.0127848 0.457557 0.129426 0.0545272 0.228141 0.0356312 0.205866 0.226471 0.098399 0.0604793 0.0564854 0.27183 0.0856729 0.403933 0.135159 0.199438 0.160772 0.275539 0.137074 0.284823 0.326354 0.206314 0.321691 0.584931 0.353006 0.0921128
BD_Bspro
 6.57991 2.50723 0.355216 0.558084 0.213994 0.0178635 1.81429 0.34565 0.0864664 0.429858 0.0343596 0.149686 0.365445 0.161047 0.10105 0.0891518 0.983057 0.234297 2.60298 0.585368 1.18326 0.886464 1.74544 0.642676 1.3883 1.35279 0.550346 0.849504 2.86092 1.11931 0.12126
BD_Bo
 1.14962 0.438056 0.0620624 0.097507 0.0373885 0.00312107 0.316988 0.0603911 0.0151072 0.0751036 0.00600321 0.0261528 0.0638495 0.0281377 0.0176552 0.0155764 0.171757 0.0409358 0.454785 0.102274 0.206735 0.154881 0.304959 0.112287 0.242559 0.236356 0.096155 0.148423 0.499852 0.195563 0.0211862
BD_Brms
 5.49492 2.0938 0.296643 0.46606 0.178708 0.0149179 1.51513 0.288655 0.0722086 0.358977 0.0286939 0.125004 0.305185 0.134491 0.0843876 0.0744512 0.820956 0.195663 2.17376 0.488844 0.988144 0.740291 1.45763 0.536703 1.15937 1.12972 0.459597 0.709426 2.38917 0.934745 0.101265
Sel_flota
 0.609721 0.967414 0.998231 0.999907 0.999995
 0.609721 0.967414 0.998231 0.999907 0.999995
 0.609721 0.967414 0.998231 0.999907 0.999995
 0.609721 0.967414 0.998231 0.999907 0.999995
 0.609721 0.967414 0.998231 0.999907 0.999995
 0.609721 0.967414 0.998231 0.999907 0.999995
 0.609721 0.967414 0.998231 0.999907 0.999995
 0.609721 0.967414 0.998231 0.999907 0.999995
 0.609721 0.967414 0.998231 0.999907 0.999995
 0.609721 0.967414 0.998231 0.999907 0.999995
 0.609721 0.967414 0.998231 0.999907 0.999995
 0.609721 0.967414 0.998231 0.999907 0.999995
 0.609721 0.967414 0.998231 0.999907 0.999995
 0.609721 0.967414 0.998231 0.999907 0.999995
 0.609721 0.967414 0.998231 0.999907 0.999995
 0.609721 0.967414 0.998231 0.999907 0.999995
 0.609721 0.967414 0.998231 0.999907 0.999995
 0.609721 0.967414 0.998231 0.999907 0.999995
 0.609721 0.967414 0.998231 0.999907 0.999995
 0.609721 0.967414 0.998231 0.999907 0.999995
 0.609721 0.967414 0.998231 0.999907 0.999995
 0.609721 0.967414 0.998231 0.999907 0.999995
 0.609721 0.967414 0.998231 0.999907 0.999995
 0.609721 0.967414 0.998231 0.999907 0.999995
 0.609721 0.967414 0.998231 0.999907 0.999995
 0.609721 0.967414 0.998231 0.999907 0.999995
 0.609721 0.967414 0.998231 0.999907 0.999995
 0.609721 0.967414 0.998231 0.999907 0.999995
 0.609721 0.967414 0.998231 0.999907 0.999995
 0.609721 0.967414 0.998231 0.999907 0.999995
 0.609721 0.967414 0.998231 0.999907 0.999995
Sel_reclas
 1 1 1 1 1
 1 1 1 1 1
 1 1 1 1 1
 1 1 1 1 1
 1 1 1 1 1
 1 1 1 1 1
 1 1 1 1 1
 1 1 1 1 1
 1 1 1 1 1
 1 1 1 1 1
 1 1 1 1 1
 1 1 1 1 1
 1 1 1 1 1
 1 1 1 1 1
 1 1 1 1 1
 1 1 1 1 1
 1 1 1 1 1
 1 1 1 1 1
 1 1 1 1 1
 1 1 1 1 1
 1 1 1 1 1
 1 1 1 1 1
 1 1 1 1 1
 1 1 1 1 1
 1 1 1 1 1
 1 1 1 1 1
 1 1 1 1 1
 1 1 1 1 1
 1 1 1 1 1
 1 1 1 1 1
 1 1 1 1 1
Sel_pelaces
 0.898085 1 1 1 1
 0.898085 1 1 1 1
 0.898085 1 1 1 1
 0.898085 1 1 1 1
 0.898085 1 1 1 1
 0.898085 1 1 1 1
 0.898085 1 1 1 1
 0.898085 1 1 1 1
 0.898085 1 1 1 1
 0.898085 1 1 1 1
 0.898085 1 1 1 1
 0.898085 1 1 1 1
 0.898085 1 1 1 1
 0.898085 1 1 1 1
 0.898085 1 1 1 1
 0.898085 1 1 1 1
 0.898085 1 1 1 1
 0.898085 1 1 1 1
 0.898085 1 1 1 1
 0.898085 1 1 1 1
 0.898085 1 1 1 1
 0.898085 1 1 1 1
 0.898085 1 1 1 1
 0.898085 1 1 1 1
 0.898085 1 1 1 1
 0.898085 1 1 1 1
 0.898085 1 1 1 1
 0.898085 1 1 1 1
 0.898085 1 1 1 1
 0.898085 1 1 1 1
 0.898085 1 1 1 1
pf_obs 
 0.8446 0.082 0.0669 0.0065 0
 0.8095 0.147 0.0364 0.0071 0
 0.9664 0.0169 0.016 0.0007 0
 0.9276 0.0648 0.0075 0.0001 0
 0.7033 0.2144 0.0806 0.0017 0
 0.9318 0.0425 0.0243 0.0014 0
 0.5671 0.3108 0.0964 0.0239 0.0018
 0.0768 0.2599 0.5324 0.112 0.0189
 0.490249 0.384438 0.106611 0.0170017 0.00170017
 0.7925 0.1577 0.0466 0.003 0.0002
 0.840416 0.127587 0.0312969 0.00059994 9.999e-05
 0.8084 0.0986 0.0794 0.0134 0.0002
 0.7335 0.1905 0.0724 0.0035 0.0001
 0.4001 0.4547 0.1325 0.0127 0
 0.49795 0.308269 0.164784 0.0264974 0.00249975
 0.9179 0.0499 0.0305 0.0017 0
 0.2467 0.6533 0.0926 0.0074 0
 0.9418 0.0223 0.034 0.0019 0
 0.707729 0.231977 0.0356964 0.0245975 0
 0.517169 0.277429 0.184464 0.0207286 0.00020938
 0.811772 0.124168 0.05621 0.00726502 0.000585176
 0.764997 0.148141 0.077277 0.00933861 0.000247198
 0.163321 0.427699 0.378323 0.0303852 0.000271297
 0.753843 0.0900009 0.118128 0.0371064 0.000921714
 0.721811 0.176058 0.0630433 0.0369309 0.00215725
 0.143369 0.312575 0.442814 0.0836902 0.0175525
 0.692698 0.0596174 0.167031 0.0765114 0.00414204
 0.394062 0.376323 0.152708 0.0712218 0.00568511
 0.125707 0.32114 0.495352 0.0537591 0.00404204
 0.23352 0.215282 0.420074 0.123614 0.00750983
 0 0 0 0 0
pf_pred 
 0.0211149 0.163126 0.713847 0.101912 6.39461e-07
 0.0492 0.0338885 0.157478 0.664718 0.0947151
 0.971613 0.00283509 0.000961434 0.00423361 0.0203569
 0.543225 0.450627 0.000646071 0.000207603 0.00529375
 0.182176 0.601842 0.213269 0.000286167 0.00242758
 0.99805 0.000835058 0.000841419 0.000270558 3.42378e-06
 0.0276812 0.971273 0.000458392 0.000443049 0.000143942
 0.0739487 0.0550117 0.870161 0.000386065 0.000492704
 0.974152 0.00361249 0.0013842 0.0208306 2.09786e-05
 0.186002 0.803704 0.00150638 0.000548393 0.00823825
 0.968427 0.0126826 0.0186717 3.20783e-05 0.000186187
 0.937804 0.0611868 0.000417362 0.000585259 6.82271e-06
 0.72739 0.264966 0.00752716 4.81268e-05 6.80355e-05
 0.867579 0.114817 0.0171435 0.000454095 6.98049e-06
 0.867229 0.126833 0.005211 0.000707517 1.89309e-05
 0.986368 0.0130214 0.000585205 2.18367e-05 3.02832e-06
 0.0713051 0.922657 0.00578173 0.000245445 1.03966e-05
 0.9873 0.00186731 0.0107668 6.33549e-05 2.79391e-06
 0.332545 0.662991 0.000681904 0.00375932 2.30407e-05
 0.898442 0.0537005 0.0475577 4.59271e-05 0.00025388
 0.722851 0.263516 0.00740523 0.0061892 3.88899e-05
 0.918613 0.0690637 0.011751 0.000311426 0.000261093
 0.0503996 0.910511 0.0334404 0.00538754 0.000261695
 0.884456 0.0107414 0.100689 0.00352041 0.000593138
 0.76764 0.217863 0.0014065 0.0125779 0.000512543
 0.1944 0.691817 0.106991 0.000660405 0.00613157
 0.879431 0.0374637 0.0718234 0.0106099 0.000671799
 0.853577 0.13706 0.00301102 0.0054915 0.000860259
 0.089024 0.827604 0.0782351 0.00165433 0.0034826
 0.108975 0.127714 0.695852 0.063311 0.00414816
 0.957009 0.00956603 0.00505115 0.0258738 0.00249995
pobs_RECLAS
 0 0 0 0 0
 0 0 0 0 0
 0 0 0 0 0
 0 0 0 0 0
 0 0 0 0 0
 0 0 0 0 0
 0 0 0 0 0
 0 0 0 0 0
 0 0 0 0 0
 0 0 0 0 0
 0.991045 0.00858322 0.000360255 1.14367e-05 0
 0.934742 0.0480273 0.0164251 0.00080598 0
 0.827803 0.169806 0.00239088 0 0
 0.941827 0.0461693 0.0120037 0 0
 0.791401 0.0380133 0.147996 0.0225897 0
 0.846168 0.0940531 0.0597789 0 0
 0.134021 0.677848 0.182769 0.00536245 0
 0.80878 0.0450904 0.141981 0.00414843 0
 0.846168 0.0940531 0.0597789 0 0
 0.905697 0.0802665 0.012482 0.00150086 5.37128e-05
 0.989698 0.0102097 9.19794e-05 0 0
 0.975433 0.0193895 0.00387452 0.00125025 5.28907e-05
 0.303575 0.632131 0.0575291 0.00676475 0
 0.966965 0.00978017 0.0227588 0.000495775 0
 0.843318 0.132988 0.00938335 0.0141283 0.000182051
 0.564624 0.303363 0.111486 0.0197234 0.00080311
 0.826376 0.0876187 0.0782897 0.00655872 0.00115652
 0.89761 0.0855135 0.0140674 0.00269457 0.000114338
 0.34875 0.467042 0.161289 0.0227151 0.000203297
 0.318654 0.224769 0.449479 0.00709798 0
 0.937255 0.0296025 0.0250945 0.00804832 0
ppred_RECLAS
 0.0343365 0.165339 0.700492 0.0998321 6.26354e-07
 0.0831043 0.0339271 0.151901 0.639899 0.0911689
 0.983549 0.00170183 0.000556075 0.00244376 0.0117493
 0.676924 0.31891 0.000438698 0.000140654 0.00358617
 0.312654 0.512993 0.172169 0.000230341 0.00195371
 0.998822 0.000514058 0.000500857 0.000160761 2.03416e-06
 0.0470829 0.951934 0.00043167 0.000416326 0.000135245
 0.120948 0.0540139 0.824208 0.000364972 0.000465738
 0.984858 0.00218636 0.000807942 0.012135 1.222e-05
 0.305408 0.686251 0.0012236 0.000444248 0.00667278
 0.981118 0.00774662 0.0110067 1.88736e-05 0.000109534
 0.963555 0.0358777 0.000234921 0.000328701 3.83141e-06
 0.826768 0.168574 0.00458827 2.92687e-05 4.13714e-05
 0.929128 0.0618762 0.00876117 0.0002314 3.55662e-06
 0.929123 0.0678676 0.0026423 0.000357713 9.56978e-06
 0.991971 0.00768247 0.000332324 1.23751e-05 1.716e-06
 0.118083 0.876409 0.00527448 0.000223425 9.46277e-06
 0.992441 0.00114448 0.0063755 3.74462e-05 1.65119e-06
 0.464764 0.531803 0.000525349 0.00288996 1.77104e-05
 0.939046 0.0328154 0.0279632 2.69486e-05 0.000148953
 0.817576 0.173783 0.00469776 0.00391815 2.4617e-05
 0.950506 0.0422355 0.00692195 0.000183077 0.000153472
 0.0812133 0.882252 0.0312634 0.00502713 0.000244164
 0.928875 0.00682651 0.0617793 0.00215593 0.000363206
 0.844617 0.146013 0.000910641 0.00812848 0.0003312
 0.285244 0.616792 0.0921272 0.0005676 0.0052694
 0.925771 0.0236464 0.0437274 0.00644704 0.000408171
 0.904097 0.0899636 0.00191242 0.00348172 0.00054537
 0.136442 0.786857 0.0719829 0.00151945 0.00319837
 0.179966 0.12163 0.636802 0.0578144 0.00378759
 0.975251 0.00568278 0.00288644 0.0147545 0.00142544
pobs_PELACES
 0 0 0 0 0
 0 0 0 0 0
 0 0 0 0 0
 0 0 0 0 0
 0 0 0 0 0
 0 0 0 0 0
 0 0 0 0 0
 0 0 0 0 0
 0 0 0 0 0
 0 0 0 0 0
 0 0 0 0 0
 0 0 0 0 0
 0 0 0 0 0
 0 0 0 0 0
 0 0 0 0 0
 0 0 0 0 0
 0.505614 0.472636 0.0217494 0 0
 0 0 0 0 0
 0.443492 0.261883 0.143347 0.151278 0
 0.227955 0.32914 0.350689 0.0885471 0.00366901
 0.970185 0.0296113 0.000203453 0 0
 0.997202 0.00247181 0.000326279 0 0
 0.445219 0.490057 0.0546422 0.010081 0
 0.90214 0.0892962 0.00764917 0.000914606 0
 0 0 0 0 0
 0.581667 0.319106 0.0959925 0.00289975 0.000334073
 0.762889 0.0836404 0.116647 0.0363945 0.000428098
 0.88444 0.0763242 0.0277011 0.0115352 0
 0.521256 0.241999 0.230069 0.00667565 0
 0.616807 0.101726 0.260614 0.0208532 0
 0 0 0 0 0
ppred_PELACES
 0.0321359 0.166149 0.701724 0.0999906 6.27343e-07
 0.0861728 0.0342128 0.151404 0.6374 0.0908099
 0.984154 0.00165729 0.00053528 0.00235089 0.0113024
 0.695743 0.300402 0.000406363 0.000130168 0.00331866
 0.365903 0.476725 0.155404 0.000207582 0.00176052
 0.99878 0.000534527 0.000517741 0.000166127 2.10202e-06
 0.0502471 0.948788 0.000423775 0.000408375 0.000132656
 0.122712 0.0544077 0.822052 0.000363822 0.000464257
 0.985171 0.00216116 0.00079046 0.0118658 1.19485e-05
 0.346245 0.646108 0.00112328 0.000407265 0.00611684
 0.981215 0.00774884 0.0109085 1.86959e-05 0.0001085
 0.966304 0.0331804 0.000213759 0.000298828 3.48304e-06
 0.841376 0.154433 0.00412709 2.63006e-05 3.71741e-05
 0.942406 0.0504609 0.00694722 0.00018321 2.81572e-06
 0.942665 0.054967 0.00207955 0.00028109 7.51929e-06
 0.992313 0.00735954 0.000314246 1.16937e-05 1.62144e-06
 0.126068 0.868559 0.00514595 0.000217795 9.2239e-06
 0.99233 0.00116859 0.00646149 3.79358e-05 1.67275e-06
 0.483145 0.513593 0.000499504 0.00274545 1.68241e-05
 0.942085 0.0313718 0.0263769 2.54013e-05 0.000140395
 0.825313 0.166523 0.00444005 0.00370044 2.32483e-05
 0.952081 0.0409638 0.0066332 0.000175325 0.000146969
 0.0815693 0.882249 0.0309634 0.00497629 0.000241688
 0.928946 0.00687346 0.0616669 0.00215099 0.000362365
 0.842165 0.148388 0.00091843 0.00819461 0.000333887
 0.282557 0.619792 0.091835 0.000565553 0.00525027
 0.926875 0.0234559 0.042941 0.00632764 0.0004006
 0.899138 0.0946418 0.00200299 0.00364575 0.000571056
 0.12971 0.793288 0.0722671 0.0015251 0.00321022
 0.192095 0.121383 0.626013 0.0567884 0.00372022
 0.976738 0.00540094 0.00270575 0.0138206 0.00133516
pobs_pel_tallas
 0 0 0 0 0 0 0 0 0 0 0 0 0 0 0 0 0 0 0 0 0 0 0 0 0 0
 0 0 0 0 0 0 0 0 0 0 0 0 0 0 0 0 0 0 0 0 0 0 0 0 0 0
 0 0 0 0 0 0 0 0 0 0 0 0 0 0 0 0 0 0 0 0 0 0 0 0 0 0
 0 0 0 0 0 0 0 0 0 0 0 0 0 0 0 0 0 0 0 0 0 0 0 0 0 0
 0 0 0 0 0 0 0 0 0 0 0 0 0 0 0 0 0 0 0 0 0 0 0 0 0 0
 0 0 0 0 0 0 0 0 0 0 0 0 0 0 0 0 0 0 0 0 0 0 0 0 0 0
 0 0 0 0 0 0 0 0 0 0 0 0 0 0 0 0 0 0 0 0 0 0 0 0 0 0
 0 0 0 0 0 0 0 0 0 0 0 0 0 0 0 0 0 0 0 0 0 0 0 0 0 0
 0 0 0 0 0 0 0 0 0 0 0 0 0 0 0 0 0 0 0 0 0 0 0 0 0 0
 0 0 0 0 0 0 0 0 0 0 0 0 0 0 0 0 0 0 0 0 0 0 0 0 0 0
 0 0 0 0 0 0 0 0 0 0 0 0 0 0 0 0 0 0 0 0 0 0 0 0 0 0
 0 0 0 0 0 0 0 0 0 0 0 0 0 0 0 0 0 0 0 0 0 0 0 0 0 0
 0.00862536 0 0 0.000197151 0.00414017 0.0128641 0.00837892 0.0270097 0.101434 0.158115 0.152841 0.127902 0.109271 0.109419 0.0830992 0.0579132 0.0238553 0.00714673 0.00463305 0.00128148 0.00103504 0.000492878 0.000147863 0.000147863 4.92878e-05 0
 0 0 0 0 0 0 0 0 0 0 0 0 0 0 0 0 0 0 0 0 0 0 0 0 0 0
 0 0 0 0 0 0 0 0.0054083 0.00873648 0.0413646 0.0450493 0.0745869 0.0622846 0.0627006 0.0613931 0.0827291 0.12552 0.122667 0.0946155 0.0697135 0.0546179 0.0294188 0.0215738 0.0213955 0.0102223 0.00600262
 0 0 0 0 0.00359764 0.0251062 0.0480494 0.140153 0.205849 0.193036 0.1447 0.116669 0.0760912 0.0342217 0.00950174 0.001854 0.000860785 0 0 0 0.000165536 0 0.000143464 0 0 0
 0 0 0 0 0 0 0 0.000145254 0.000435761 0.0275982 0.070085 0.0708112 0.156366 0.174668 0.174014 0.160142 0.0824315 0.0480064 0.0283245 0.00493863 0.00203355 0 0 0 0 0
 0 0 0 0 0 0 0 0 0 0 0 0 0 0 0 0 0 0 0 0 0 0 0 0 0 0
 0 0 1.00437e-05 0.000401748 0.00122533 0.00171747 0.00176769 0.0269171 0.070346 0.194647 0.189555 0.159765 0.064822 0.0314167 0.0384472 0.0292271 0.0345202 0.0313363 0.0194345 0.0106764 0.0143323 0.0359363 0.0279516 0.0138201 0.00172751 0
 0 0.0021121 0.0136068 0.0755702 0.200478 0.177729 0.0527432 0.0373336 0.0318909 0.0142505 0.0149659 0.0166563 0.0217959 0.0798694 0.0677717 0.0528807 0.04013 0.0224614 0.0357745 0.0225083 0.00881397 0.00855152 0.00135912 0.000746735 0 0
 0 0 0 0 5.4009e-05 0.00500934 0.000945158 0.0243581 0.138947 0.33067 0.221406 0.137944 0.0707744 0.0437923 0.0131692 0.00525238 0.0047753 0.00276346 9.45158e-05 9.00151e-06 2.25038e-05 9.00151e-06 4.50075e-06 0 0 0
 0.000866109 0.00284123 0.00948549 0.0512746 0.133035 0.25785 0.225252 0.132002 0.0553304 0.0519788 0.0540692 0.017754 0.00435017 0.00159236 0.00146478 0.000404838 0.000125132 0.000115318 0.000107957 0.000100596 0 0 0 0 0 0
 0 0 0 0 0.00144013 0.00171154 0.00461396 0.0210425 0.0478622 0.0707936 0.0888783 0.103762 0.0637923 0.0337046 0.0602308 0.124433 0.169614 0.0934646 0.0462172 0.0250306 0.0313229 0.00938855 0.002487 0.000210481 0 0
 0 0.00764035 0.051015 0.0998891 0.058973 0.0496711 0.0374665 0.0718981 0.12319 0.153886 0.159021 0.0857701 0.0377988 0.023471 0.0147837 0.00900784 0.00315554 0.000888139 0.00291439 0.00214683 0.00393193 0.00274676 0.000635225 9.99891e-05 0 0
 0 0 0 0 0 0 0 0 0 0 0 0 0 0 0 0 0 0 0 0 0 0 0 0 0 0
 0 0 0 0 0 0 0 0 0 0 0 0 0 0 0 0 0 0 0 0 0 0 0 0 0 0
 0 0 0 0 0 0 0 0 0 0 0 0 0 0 0 0 0 0 0 0 0 0 0 0 0 0
 0 0 0 0 0 0 0 0 0 0 0 0 0 0 0 0 0 0 0 0 0 0 0 0 0 0
 0 0 0 0 0 0 0 0 0 0 0 0 0 0 0 0 0 0 0 0 0 0 0 0 0 0
 0 0 0 0 0 0 0 0 0 0 0 0 0 0 0 0 0 0 0 0 0 0 0 0 0 0
 0 0 0 0 0 0 0 0 0 0 0 0 0 0 0 0 0 0 0 0 0 0 0 0 0 0
ppred_pel_tallas
 1.30321e-16 2.64703e-06 2.57301e-05 0.000170986 0.000777289 0.00241853 0.00515355 0.00752533 0.00754242 0.00523759 0.00270381 0.00161511 0.00232616 0.00490305 0.00977127 0.0174692 0.0282405 0.041929 0.0581688 0.0764947 0.095996 0.114671 0.129235 0.136005 0.132555 0.119062
 1.83668e-16 7.09795e-06 6.89946e-05 0.000458493 0.00208425 0.00648489 0.0138169 0.0201669 0.0201707 0.0138355 0.006549 0.00227625 0.00096706 0.00127105 0.00257261 0.00502254 0.00917999 0.0159302 0.0265081 0.0423299 0.0644292 0.0925679 0.124445 0.15558 0.18022 0.193058
 1.02165e-16 8.10635e-05 0.000787966 0.00523631 0.0238035 0.0740615 0.157796 0.230308 0.230308 0.157797 0.0740642 0.0238114 0.00525625 0.00083232 0.00016798 0.000157156 0.000238874 0.000348874 0.00049059 0.000687232 0.000975258 0.0013881 0.00193172 0.00256491 0.00319724 0.0037091
 1.00664e-16 5.73075e-05 0.000557049 0.00370179 0.0168278 0.0523578 0.111555 0.162824 0.162852 0.111696 0.0528314 0.0181949 0.00712996 0.00802976 0.014217 0.0233281 0.0334009 0.0415861 0.0450259 0.0424115 0.0347897 0.0249156 0.0156837 0.00883316 0.00465874 0.00253529
 1.04926e-16 3.01391e-05 0.000292963 0.00194684 0.00885009 0.0275362 0.0586704 0.0856408 0.0856869 0.0588956 0.0282927 0.0110369 0.00744215 0.0123092 0.0229092 0.0379751 0.0550438 0.0699178 0.0782869 0.0780776 0.0705788 0.0593777 0.0480464 0.038451 0.0306746 0.0240303
 1.00033e-16 8.22681e-05 0.000799676 0.00531413 0.0241572 0.0751622 0.160141 0.23373 0.23373 0.160141 0.075163 0.0241597 0.00532043 0.000813547 0.000108963 5.08376e-05 6.73468e-05 8.89064e-05 0.000106522 0.000117994 0.000124225 0.00012752 0.000129193 0.000128413 0.000123118 0.000111922
 1.00319e-16 4.13899e-06 4.02325e-05 0.000267364 0.00121545 0.00378221 0.00806178 0.0117855 0.0118768 0.00850744 0.00527798 0.00553289 0.011094 0.0236394 0.0447187 0.0736481 0.105448 0.131249 0.142016 0.133593 0.109261 0.077709 0.048084 0.0259158 0.012205 0.0050668
 1.23852e-16 1.01076e-05 9.82497e-05 0.000652904 0.00296801 0.00923462 0.0196756 0.0287184 0.0287249 0.0197079 0.00934685 0.00330813 0.00156664 0.00229091 0.00475239 0.00934189 0.0169353 0.0285016 0.0447301 0.0654447 0.0889028 0.111468 0.128239 0.134725 0.128812 0.111844
 1.01216e-16 8.11472e-05 0.00078878 0.00524172 0.0238281 0.074138 0.157959 0.230546 0.230546 0.15796 0.0741416 0.0238383 0.00526776 0.000846714 0.000194547 0.000202703 0.000308365 0.000443584 0.000606141 0.000811505 0.00108477 0.00144258 0.00187026 0.00231032 0.00267345 0.00286911
 1.01274e-16 2.85199e-05 0.000277223 0.00184225 0.00837464 0.0260569 0.0555194 0.0810452 0.0811073 0.0558229 0.0270756 0.0113149 0.00921566 0.0163498 0.0304836 0.0501681 0.0718395 0.0894443 0.0968407 0.091212 0.0748068 0.0535477 0.0336582 0.0188798 0.00985162 0.00523761
 1.00338e-16 8.08214e-05 0.000785613 0.00522067 0.0237324 0.0738404 0.157325 0.22962 0.229621 0.157329 0.073853 0.0237689 0.00531299 0.000989505 0.000474963 0.000675217 0.0010063 0.00135103 0.00164696 0.00186097 0.00199452 0.00206389 0.00207178 0.0019992 0.00182478 0.00155141
 1.00046e-16 7.95932e-05 0.000773674 0.00514133 0.0233718 0.0727182 0.154934 0.226131 0.226135 0.15495 0.0727706 0.0235228 0.00552005 0.00159925 0.00164407 0.00258298 0.00369195 0.00459801 0.00498125 0.00469668 0.00385907 0.00277123 0.00175106 0.000989191 0.000517957 0.000269715
 1.00168e-16 6.93031e-05 0.000673651 0.00447665 0.0203502 0.0633171 0.134904 0.1969 0.196915 0.134977 0.0635607 0.0210534 0.00624033 0.00451899 0.00735816 0.0120176 0.0172175 0.0214665 0.0232957 0.0220287 0.0181903 0.0131739 0.00844196 0.00487094 0.00261321 0.00136937
 1.00233e-16 7.76247e-05 0.00075454 0.00501418 0.0227938 0.0709199 0.151102 0.220539 0.220544 0.151126 0.0709996 0.0230242 0.00559248 0.00201677 0.00247422 0.00396581 0.00570096 0.00715874 0.00786446 0.00759764 0.00651684 0.00504924 0.00363526 0.00252763 0.00176016 0.00124371
 1.00104e-16 7.76461e-05 0.000754747 0.00501556 0.0228 0.0709394 0.151144 0.2206 0.220605 0.15117 0.0710261 0.0230504 0.00564355 0.00212411 0.00267378 0.00428548 0.00613776 0.0076589 0.00832433 0.00789371 0.00655279 0.00479452 0.00313466 0.00188013 0.00108155 0.00063147
 1.00013e-16 8.17355e-05 0.000794498 0.00527972 0.0240008 0.0746755 0.159104 0.232217 0.232218 0.159108 0.0746871 0.0240344 0.00536381 0.000977872 0.000429407 0.000578969 0.000822377 0.00102611 0.00111561 0.00105844 0.000879333 0.00064411 0.000421658 0.000253001 0.000145014 8.35596e-05
 1.00394e-16 1.03842e-05 0.000100938 0.000670775 0.0030493 0.00948794 0.0202182 0.0295265 0.02961 0.0206262 0.0108574 0.00700219 0.0105836 0.0217094 0.0409563 0.0674501 0.0965937 0.12027 0.130214 0.122621 0.100485 0.0717322 0.0447079 0.0244469 0.0118545 0.00521611
 1.00191e-16 8.17369e-05 0.000794512 0.00527981 0.0240013 0.0746768 0.159107 0.232221 0.232221 0.159107 0.0746789 0.0240073 0.00529545 0.000830185 0.000153957 0.000136749 0.000215895 0.000326874 0.000463171 0.000619973 0.000786193 0.000940033 0.00105002 0.00108499 0.00102887 0.000890504
 1.00424e-16 3.97961e-05 0.000386833 0.00257064 0.0116858 0.0363591 0.0774687 0.113078 0.113128 0.07771 0.0371688 0.014023 0.00843161 0.0131624 0.0242471 0.0398762 0.0570966 0.0710801 0.0769392 0.072429 0.0593299 0.0423427 0.0264115 0.0145139 0.00717233 0.00334888
 1.00796e-16 7.75983e-05 0.000754284 0.00501248 0.022786 0.0708957 0.151051 0.220464 0.220467 0.151066 0.070946 0.0229317 0.00537986 0.00156153 0.00162601 0.00260492 0.00383652 0.00501335 0.00587097 0.00627396 0.00626926 0.00601172 0.00562979 0.00515173 0.00454024 0.00377844
 1.00546e-16 6.798e-05 0.000660789 0.00439118 0.0199617 0.0621083 0.132329 0.193141 0.193157 0.132407 0.0623709 0.02072 0.00629328 0.00480821 0.00793036 0.0129654 0.018583 0.0231852 0.0251954 0.0238918 0.0198465 0.0145621 0.00960638 0.00590419 0.0035923 0.00232092
 1.00245e-16 7.84216e-05 0.000762286 0.00506566 0.0230278 0.0716479 0.152654 0.222803 0.222807 0.152673 0.0717127 0.0232149 0.00553548 0.001788 0.00202669 0.00322693 0.0046418 0.00583808 0.00643124 0.00624271 0.00539927 0.00424298 0.00312473 0.0022433 0.00162235 0.00118985
 1.01659e-16 6.71894e-06 6.53106e-05 0.000434016 0.00197302 0.00613927 0.0130835 0.0191135 0.0191984 0.0134982 0.00753115 0.00599125 0.0105127 0.022042 0.0416701 0.0686832 0.0984808 0.122873 0.133514 0.12655 0.104969 0.0766962 0.0500244 0.0298908 0.0171101 0.00994898
 1.02059e-16 7.65161e-05 0.000743764 0.00494257 0.0224682 0.0699069 0.148944 0.217388 0.217389 0.148948 0.0699198 0.0225065 0.00504319 0.000978351 0.000565693 0.000927606 0.00159227 0.00254888 0.00382249 0.00539263 0.00714256 0.00882582 0.0100962 0.0106203 0.0102245 0.00898551
 1.00943e-16 6.9368e-05 0.000674282 0.00448084 0.0203693 0.0633764 0.135031 0.197084 0.197099 0.1351 0.0636104 0.0210448 0.00617518 0.00436837 0.0070715 0.0115456 0.0165437 0.0206363 0.0224231 0.0212718 0.017708 0.013087 0.00881319 0.00570065 0.00384028 0.00287607
 1.03754e-16 2.3274e-05 0.000226232 0.00150339 0.00683424 0.0212642 0.0453078 0.0661406 0.0662003 0.0455997 0.0222442 0.00966499 0.00860879 0.0157367 0.0294782 0.048689 0.0701141 0.0881137 0.0969286 0.0938626 0.0808581 0.0631387 0.0460751 0.0327268 0.0234707 0.0171901
 1.01948e-16 7.63455e-05 0.000742105 0.00493155 0.0224181 0.0697511 0.148612 0.216904 0.216907 0.148623 0.0697895 0.0225299 0.00521511 0.00137121 0.00130073 0.00210676 0.00320747 0.00440891 0.00555858 0.00657092 0.00743749 0.00815824 0.00865984 0.00879198 0.00841619 0.00751182
 1.00545e-16 7.40609e-05 0.000719898 0.00478398 0.0217473 0.0676639 0.144165 0.210415 0.210425 0.14421 0.0678131 0.0221783 0.005865 0.00307704 0.00454269 0.00737191 0.0105639 0.013184 0.0143369 0.0136169 0.0113542 0.00840661 0.00566453 0.00364648 0.00241631 0.00175798
 1.02985e-16 1.06842e-05 0.000103854 0.00069015 0.00313737 0.00976193 0.0208016 0.0303766 0.030453 0.0211749 0.0110149 0.00675539 0.0097683 0.0199096 0.0375898 0.0620322 0.0891341 0.111607 0.122011 0.116885 0.0988141 0.0747055 0.0517304 0.0340756 0.0223593 0.0150972
 1.24422e-16 1.58226e-05 0.000153802 0.00102207 0.00464617 0.014456 0.0308006 0.0449569 0.0449696 0.0308629 0.014668 0.00527062 0.00263564 0.00382875 0.00744163 0.0134405 0.0220658 0.0333798 0.0472564 0.0633382 0.080676 0.0972429 0.109933 0.11547 0.111882 0.0995871
 1.01692e-16 8.04526e-05 0.000782028 0.00519685 0.0236241 0.0735034 0.156607 0.228572 0.228573 0.156609 0.0735121 0.0236494 0.0052608 0.000923278 0.000353809 0.000471768 0.000707435 0.00097057 0.00123681 0.00151472 0.00184261 0.0022597 0.00276488 0.00329353 0.00373142 0.00395889
pSPR Fmed_Fpbrs
0.22424   0.259216 0.259216
Fs Fmed_Fpbrs
1.14412   1.005 1.005
SSBpbr Bo_Bmed_Bpbrs
1.49049e+06  259703  311834 311834
Ro
36571.7
SPR SPRFo_SPRFmed_SPRFpbrs
260415 58395.3 67503.6
Fref
1.005
log_Ro
10.327
likeval ReclasPelacesDesembMPH_pf_preclas_ppelaces_ptallas_desvR_qrecl_qpela
 23.1786 24.3956 0.380913 0.00117679 355.479 133.013 113.42 0 147.386 9.59155e-05 0.000161883 0.0155447 0 0 0
q_reclas_q_pelaces
4.00603 6.11135
M
1
N
 3450.5 17556.2 74734.4 10653.7 0.0668429
 2098.99 1051.98 4793.97 20214.5 2880.18
 180861 383.75 127.614 561.357 2699.08
 52457.3 33193.5 46.8369 15.0375 383.429
 2577.62 7058.83 2475.96 3.32049 28.1673
 289705 165.383 162.581 52.2091 0.660636
 2836.37 74854 34.732 33.5393 10.8961
 791.781 420.719 6516.68 2.88804 3.68556
 60544.4 161.06 60.4527 908.749 0.91515
 3430.49 12020.8 22.2698 8.10226 121.713
 29865.8 277.443 399.761 0.68601 3.98145
 127403 6311.94 42.359 59.348 0.691823
 62909 17702.2 495.381 3.16483 4.47385
 70751.6 7716.97 1140.11 30.1822 0.463957
 40032.2 4841.49 196.863 26.7143 0.714768
 271238 2639.78 116.46 4.3414 0.602034
 4683.66 45794.1 282.225 11.9704 0.50702
 512096 673.273 3793.18 22.2928 0.983033
 80028.5 120489 121.874 671.294 4.11413
 261087 11551.4 10045.5 9.69175 53.5723
 158745 42972 1186.09 990.372 6.2227
 466392 25610.1 4274.48 113.167 94.8719
 6478.07 83372.4 2997.83 482.433 23.4324
 156201 1337.2 12261.7 428.205 72.1419
 172794 34155.3 215.491 1924.7 78.4257
 16165.2 40254.9 6086.26 37.5225 348.358
 120548 3675.01 6900.3 1018.2 64.4667
 225583 24261.2 519.202 945.598 148.12
 10254.4 63670.1 5861.82 123.777 260.549
 3329.82 2932.65 15708.3 1427.91 93.5526
 66905.9 496.723 257.62 1318.37 127.375
pred_Ctot
 379.304 2930.36 12823.4 1830.72 0.0114872
 705.811 486.156 2259.14 9535.89 1358.76
 60567.6 176.732 59.9331 263.911 1268.99
 22764 18883.6 27.0738 8.69965 221.836
 1533.89 5067.42 1795.69 2.40949 20.4399
 56093 46.9325 47.2899 15.2061 0.192426
 1149.79 40343.7 19.0402 18.4029 5.97893
 234.666 174.572 2761.34 1.22513 1.56353
 18510.3 68.6426 26.3018 395.812 0.398624
 1899.28 8206.64 15.3817 5.59965 84.121
 8399.58 110.002 161.948 0.278229 1.61488
 54118.6 3530.95 24.0851 33.774 0.393724
 28888.4 10523.2 298.942 1.91136 2.70204
 41334.7 5470.29 816.778 21.6348 0.332576
 23640.1 3457.39 142.048 19.2864 0.516043
 98707.3 1303.07 58.5623 2.18523 0.303048
 1942.84 25139.5 157.534 6.6876 0.283274
 120965 228.786 1319.16 7.76232 0.342314
 33098.9 65988.9 67.8714 374.173 2.29329
 97229.4 5811.46 5146.69 4.97023 27.4749
 60156.3 21930 616.271 515.071 3.23646
 160555 12070.9 2053.83 54.4308 45.6337
 1882.71 34012.8 1249.19 201.255 9.7758
 41764.3 507.213 4754.58 166.235 28.0082
 41563.4 11796.1 76.1544 681.022 27.7514
 4058.34 14442.5 2233.56 13.7868 128.004
 36226.5 1543.25 2958.63 437.057 27.6735
 33915.8 5445.92 119.639 218.198 34.1813
 1472.79 13691.7 1294.3 27.3688 57.6154
 1344.07 1575.18 8582.4 780.857 51.162
 25387.7 253.77 133.998 686.385 66.3192
F
 0.187847 0.298047 0.307541 0.308058 0.308085
 0.699219 1.10942 1.14476 1.14668 1.14678
 0.695378 1.10332 1.13847 1.14038 1.14048
 1.00572 1.59573 1.64656 1.64932 1.64947
 1.74636 2.77086 2.85912 2.86393 2.86418
 0.353324 0.560601 0.578459 0.57943 0.579481
 0.908313 1.44117 1.48708 1.48958 1.48971
 0.592509 0.940105 0.970052 0.971681 0.971766
 0.616737 0.978546 1.00972 1.01141 1.0115
 1.51485 2.40353 2.48009 2.48426 2.48448
 0.554271 0.879434 0.907448 0.908972 0.909052
 0.973668 1.54487 1.59408 1.59676 1.5969
 1.09827 1.74257 1.79808 1.80109 1.80125
 1.68195 2.66867 2.75368 2.7583 2.75855
 1.71899 2.72743 2.81431 2.81904 2.81929
 0.77884 1.23575 1.27511 1.27725 1.27736
 0.939684 1.49095 1.53844 1.54103 1.54116
 0.446957 0.709164 0.731754 0.732983 0.733048
 0.935573 1.48443 1.53171 1.53428 1.53442
 0.804306 1.27615 1.3168 1.31901 1.31913
 0.824308 1.30789 1.34955 1.35182 1.35194
 0.721709 1.1451 1.18158 1.18356 1.18366
 0.577845 0.916838 0.946043 0.947632 0.947716
 0.520225 0.825415 0.851708 0.853138 0.853214
 0.456865 0.724885 0.747976 0.749232 0.749298
 0.481308 0.763667 0.787993 0.789316 0.789386
 0.603169 0.957018 0.987503 0.989161 0.989249
 0.264973 0.42042 0.433812 0.434541 0.434579
 0.251803 0.399524 0.41225 0.412943 0.412979
 0.902642 1.43218 1.4778 1.48028 1.48041
 0.825859 1.31035 1.35209 1.35436 1.35448
nmprior
 8 9 7.5 0
nm_flota  nm_reclas  nm_pelaces    nm_pelaL
inf 20.0505 3.3508 4.26755
cv_recla  cv_pelaces  cv_mph
0.43548 0.581193 1.05865
 ------------------------------------------------
Talla a la edad & desviación 
 8 13.2811 15.8009 17.003 17.5766
 0.8 1.32811 1.58009 1.7003 1.75766
