years
 1991 1992 1993 1994 1995 1996 1997 1998 1999 2000 2001 2002 2003 2004 2005 2006 2007 2008 2009 2010 2011 2012 2013 2014 2015 2016 2017 2018 2019 2020 2021
reclasobs
 0 0 0 0 0 0 0 0 0 252601 567819 844713 477998 351125 339783 2.1784e+06 2.13404e+06 4.81314e+06 1.55562e+06 2.62356e+06 3.21686e+06 3.843e+06 1.13348e+06 3.07943e+06 1.97215e+06 2.03268e+06 2.025e+06 2.42433e+06 2.27542e+06 1.05018e+06 2.36338e+06
reclaspred
 1.29061e+06 1.09423e+06 471878 24725.2 28691.6 781862 785785 366822 323794 217311 237560 364815 350372 226541 443606 791566 1.38676e+06 1.86902e+06 1.44302e+06 1.13284e+06 2.09447e+06 1.89333e+06 1.48165e+06 2.01164e+06 1.86808e+06 1.27742e+06 1.34721e+06 1.8573e+06 2.09204e+06 888100 276204
pelacesobs
 0 0 0 0 0 0 0 0 0 0 0 0 0 0 0 552880 188675 0 991730 2.46772e+06 1.41603e+06 1.21717e+06 2.29649e+06 1.80582e+06 0 1.4828e+06 1.56532e+06 1.57751e+06 1.42118e+06 867257 0
pelacespred
 475368 467422 215552 3072.3 6729.31 356953 316059 182155 148445 86200.8 114121 136404 143940 91548.5 219430 325782 563688 760846 695876 497836 871664 878318 669083 1.01735e+06 946065 619870 749369 1.02215e+06 947448 485577 130427
mphobs
 0 0 0 0 0 0 0 0 0 0 0 498337 0 5186 125008 0 168611 109162 213762 579715 649985 157893 87575 83554 0 0 0 0 0 0 0
mphpred
 687351 1.21856e+06 555046 115334 2016.81 21734.8 934753 397441 195690 261154 89845.3 268482 257023 201943 122464 432049 792301 1.40848e+06 1.08381e+06 1.07721e+06 1.01156e+06 1.62714e+06 1.50833e+06 919149 1.84256e+06 1.31674e+06 724977 1.12813e+06 2.0068e+06 1.14061e+06 350465
desembarqueobs
 494567 514787 250237 358949 120608 361735 552515 73892 212993 205616 52469 317467 293654 387597 252695 516296 358380 742168 942051 627588 828172 859565 418607 520667 417249 300574 407403 355545 319650 289779 219260
desembarquepred
 494262 518747 247512 358793 120358 361746 552025 73851.6 212115 205403 52463.8 317615 293171 387379 252546 516537 358412 741797 942573 627446 828364 859410 418548 520709 417029 300249 407721 355420 319597 289739 219138
Reclutas
 440759 3303.44 33862.7 10288.6 45352.7 435330 5853.9 1645.81 66677.7 13711.7 106015 112303 103655 68272.9 149678 348751 271482 258169 515525 221804 510140 546829 22738.3 435802 227479 32586.4 331378 407572 25107.6 10169.5 23790
log_desv_Rt
 1.72708 -3.16645 -0.839099 -2.03038 -0.546945 1.71469 -2.59431 -3.86318 -0.161545 -1.74317 0.302167 0.359785 0.279653 -0.137902 0.64707 1.49294 1.24248 1.1922 1.88377 1.04038 1.87327 1.94272 -1.23736 1.71577 1.06564 -0.87752 1.44184 1.6488 -1.13824 -2.04202 -1.19215
SSB
 687351 1.21856e+06 555046 115334 2016.81 21734.8 934753 397441 195690 261154 89845.3 268482 257023 201943 122464 432049 792301 1.40848e+06 1.08381e+06 1.07721e+06 1.01156e+06 1.62714e+06 1.50833e+06 919149 1.84256e+06 1.31674e+06 724977 1.12813e+06 2.0068e+06 1.14061e+06 350465
BT
 1.91206e+06 1.54282e+06 757559 329667 117318 1.9428e+06 1.22861e+06 496099 732935 411658 480080 705065 744462 727925 1.15927e+06 1.60433e+06 2.07982e+06 2.8119e+06 3.30708e+06 1.9701e+06 3.75904e+06 3.40955e+06 1.96255e+06 4.25944e+06 2.87328e+06 1.79639e+06 3.17698e+06 3.88982e+06 2.48551e+06 1.45514e+06 577279
Ftot
 0.358509 0.435718 0.480278 4.9281 3.17959 0.434971 0.630547 0.189947 0.601809 0.829341 0.209418 0.77967 0.752447 1.42786 0.529799 0.5997 0.243694 0.369057 0.598284 0.508366 0.369414 0.420883 0.264615 0.244532 0.210528 0.22119 0.285074 0.181473 0.144752 0.304325 0.709403
BD_Bspro_t
 0.944253 0.744555 0.487418 0.169675 0.00539875 0.076426 0.649807 0.389893 0.31532 0.421463 0.270344 0.607378 0.451814 0.344929 0.238453 0.502769 0.560536 0.664926 0.564871 0.527341 0.466285 0.570795 0.578467 0.50551 0.694649 0.674267 0.60018 0.716274 0.803338 0.699147 0.501477
BD_Bspro
 1.23174 2.18368 0.99465 0.20668 0.00361416 0.0389491 1.67509 0.712219 0.350679 0.467992 0.161004 0.481123 0.460589 0.361884 0.219457 0.774238 1.41981 2.52401 1.94221 1.93037 1.81273 2.91586 2.70294 1.64713 3.30189 2.35962 1.29917 2.02162 3.59622 2.04399 0.628038
BD_Bo
 0.418062 0.741156 0.337591 0.0701486 0.00122667 0.0132196 0.568537 0.241732 0.119023 0.15884 0.0546459 0.163296 0.156327 0.122826 0.0744852 0.262782 0.481895 0.856668 0.6592 0.655181 0.615255 0.989663 0.917397 0.559046 1.12069 0.800871 0.440947 0.686152 1.22058 0.693745 0.213161
BD_Brms
 1.77193 3.14135 1.43086 0.297321 0.00519917 0.0560306 2.40971 1.02457 0.504472 0.673233 0.231614 0.692123 0.662583 0.520591 0.315702 1.11379 2.04249 3.63094 2.79398 2.77695 2.60772 4.19463 3.88834 2.36949 4.74996 3.39445 1.86893 2.90822 5.17337 2.9404 0.90347
Sel_flota
 0.5 1 1 1 1
 0.5 1 1 1 1
 0.5 1 1 1 1
 0.5 1 1 1 1
 0.5 1 1 1 1
 0.5 1 1 1 1
 0.5 1 1 1 1
 0.5 1 1 1 1
 0.5 1 1 1 1
 0.5 1 1 1 1
 0.5 1 1 1 1
 0.5 1 1 1 1
 0.5 1 1 1 1
 0.5 1 1 1 1
 0.5 1 1 1 1
 0.5 1 1 1 1
 0.5 1 1 1 1
 0.5 1 1 1 1
 0.5 1 1 1 1
 0.5 1 1 1 1
 0.5 1 1 1 1
 0.5 1 1 1 1
 0.5 1 1 1 1
 0.5 1 1 1 1
 0.5 1 1 1 1
 0.5 1 1 1 1
 0.5 1 1 1 1
 0.5 1 1 1 1
 0.5 1 1 1 1
 0.5 1 1 1 1
 0.5 1 1 1 1
Sel_reclas
 0.5 1 1 1 1
 0.5 1 1 1 1
 0.5 1 1 1 1
 0.5 1 1 1 1
 0.5 1 1 1 1
 0.5 1 1 1 1
 0.5 1 1 1 1
 0.5 1 1 1 1
 0.5 1 1 1 1
 0.5 1 1 1 1
 0.5 1 1 1 1
 0.5 1 1 1 1
 0.5 1 1 1 1
 0.5 1 1 1 1
 0.5 1 1 1 1
 0.5 1 1 1 1
 0.5 1 1 1 1
 0.5 1 1 1 1
 0.5 1 1 1 1
 0.5 1 1 1 1
 0.5 1 1 1 1
 0.5 1 1 1 1
 0.5 1 1 1 1
 0.5 1 1 1 1
 0.5 1 1 1 1
 0.5 1 1 1 1
 0.5 1 1 1 1
 0.5 1 1 1 1
 0.5 1 1 1 1
 0.5 1 1 1 1
 0.5 1 1 1 1
Sel_pelaces
 0.5 1 1 1 1
 0.5 1 1 1 1
 0.5 1 1 1 1
 0.5 1 1 1 1
 0.5 1 1 1 1
 0.5 1 1 1 1
 0.5 1 1 1 1
 0.5 1 1 1 1
 0.5 1 1 1 1
 0.5 1 1 1 1
 0.5 1 1 1 1
 0.5 1 1 1 1
 0.5 1 1 1 1
 0.5 1 1 1 1
 0.5 1 1 1 1
 0.5 1 1 1 1
 0.5 1 1 1 1
 0.5 1 1 1 1
 0.5 1 1 1 1
 0.5 1 1 1 1
 0.5 1 1 1 1
 0.5 1 1 1 1
 0.5 1 1 1 1
 0.5 1 1 1 1
 0.5 1 1 1 1
 0.5 1 1 1 1
 0.5 1 1 1 1
 0.5 1 1 1 1
 0.5 1 1 1 1
 0.5 1 1 1 1
 0.5 1 1 1 1
pf_obs 
 0.8446 0.082 0.0669 0.0065 0
 0.8095 0.147 0.0364 0.0071 0
 0.9664 0.0169 0.016 0.0007 0
 0.9276 0.0648 0.0075 0.0001 0
 0.7033 0.2144 0.0806 0.0017 0
 0.9318 0.0425 0.0243 0.0014 0
 0.5671 0.3108 0.0964 0.0239 0.0018
 0.0768 0.2599 0.5324 0.112 0.0189
 0.490249 0.384438 0.106611 0.0170017 0.00170017
 0.7925 0.1577 0.0466 0.003 0.0002
 0.840416 0.127587 0.0312969 0.00059994 9.999e-05
 0.8084 0.0986 0.0794 0.0134 0.0002
 0.7335 0.1905 0.0724 0.0035 0.0001
 0.4001 0.4547 0.1325 0.0127 0
 0.49795 0.308269 0.164784 0.0264974 0.00249975
 0.9179 0.0499 0.0305 0.0017 0
 0.2467 0.6533 0.0926 0.0074 0
 0.9418 0.0223 0.034 0.0019 0
 0.707729 0.231977 0.0356964 0.0245975 0
 0.517169 0.277429 0.184464 0.0207286 0.00020938
 0.811772 0.124168 0.05621 0.00726502 0.000585176
 0.764997 0.148141 0.077277 0.00933861 0.000247198
 0.163321 0.427699 0.378323 0.0303852 0.000271297
 0.753843 0.0900009 0.118128 0.0371064 0.000921714
 0.721811 0.176058 0.0630433 0.0369309 0.00215725
 0.143369 0.312575 0.442814 0.0836902 0.0175525
 0.692698 0.0596174 0.167031 0.0765114 0.00414204
 0.394062 0.376323 0.152708 0.0712218 0.00568511
 0.125707 0.32114 0.495352 0.0537591 0.00404204
 0.23352 0.215282 0.420074 0.123614 0.00750983
 0 0 0 0 0
pf_pred 
 0.812513 0.118514 0.0435989 0.0160391 0.00933441
 0.011886 0.895393 0.0586112 0.0215618 0.0125485
 0.337082 0.0177184 0.584656 0.0382708 0.0222727
 0.320606 0.367372 0.00833969 0.275186 0.0284966
 0.989342 0.00926869 0.000751062 1.70498e-05 0.000620853
 0.985825 0.0141514 2.04971e-05 1.66093e-06 1.41068e-06
 0.0248277 0.969067 0.00609471 8.8277e-06 1.32288e-06
 0.0307487 0.0564843 0.907053 0.00570468 9.501e-06
 0.810397 0.0119266 0.0103543 0.166274 0.00104748
 0.286394 0.65041 0.00397524 0.00345117 0.0557698
 0.894409 0.0538837 0.0471284 0.000288044 0.00429113
 0.636613 0.344291 0.00974518 0.00852344 0.000828169
 0.635478 0.297925 0.0630973 0.00178598 0.00171385
 0.575211 0.346289 0.0641579 0.013588 0.000753684
 0.845672 0.125437 0.0235519 0.00436352 0.000975407
 0.811201 0.175207 0.0110471 0.00207418 0.000470192
 0.577641 0.38511 0.0345672 0.00217952 0.000501988
 0.539647 0.343556 0.106497 0.0095591 0.000741534
 0.725996 0.198327 0.0564765 0.0175068 0.0016933
 0.429368 0.493233 0.0560216 0.015953 0.00542348
 0.734351 0.169329 0.0832554 0.00945618 0.00360824
 0.62101 0.326212 0.0336416 0.0165408 0.00259558
 0.054814 0.745079 0.17224 0.0177629 0.0101041
 0.776982 0.0248727 0.156195 0.0361078 0.00584191
 0.424688 0.507588 0.0075531 0.0474319 0.0127389
 0.121461 0.536921 0.301404 0.004485 0.0357292
 0.788438 0.0482332 0.0998185 0.0560336 0.00747617
 0.640407 0.320153 0.0089917 0.0186083 0.0118396
 0.069414 0.735029 0.174108 0.00488995 0.0165584
 0.0781177 0.124198 0.630056 0.149243 0.0183852
 0.398567 0.094182 0.0683379 0.346678 0.0922349
pobs_RECLAS
 0 0 0 0 0
 0 0 0 0 0
 0 0 0 0 0
 0 0 0 0 0
 0 0 0 0 0
 0 0 0 0 0
 0 0 0 0 0
 0 0 0 0 0
 0 0 0 0 0
 0 0 0 0 0
 0.991045 0.00858322 0.000360255 1.14367e-05 0
 0.934742 0.0480273 0.0164251 0.00080598 0
 0.827803 0.169806 0.00239088 0 0
 0.941827 0.0461693 0.0120037 0 0
 0.791401 0.0380133 0.147996 0.0225897 0
 0.846168 0.0940531 0.0597789 0 0
 0.134021 0.677848 0.182769 0.00536245 0
 0.80878 0.0450904 0.141981 0.00414843 0
 0.846168 0.0940531 0.0597789 0 0
 0.905697 0.0802665 0.012482 0.00150086 5.37128e-05
 0.989698 0.0102097 9.19794e-05 0 0
 0.975433 0.0193895 0.00387452 0.00125025 5.28907e-05
 0.303575 0.632131 0.0575291 0.00676475 0
 0.966965 0.00978017 0.0227588 0.000495775 0
 0.843318 0.132988 0.00938335 0.0141283 0.000182051
 0.564624 0.303363 0.111486 0.0197234 0.00080311
 0.826376 0.0876187 0.0782897 0.00655872 0.00115652
 0.89761 0.0855135 0.0140674 0.00269457 0.000114338
 0.34875 0.467042 0.161289 0.0227151 0.000203297
 0.318654 0.224769 0.449479 0.00709798 0
 0.937255 0.0296025 0.0250945 0.00804832 0
ppred_RECLAS
 0.81531 0.116747 0.0429487 0.0157999 0.00919519
 0.0121641 0.895141 0.0585947 0.0215558 0.012545
 0.343009 0.01756 0.579429 0.0379286 0.0220736
 0.493228 0.274029 0.00622073 0.205266 0.0212561
 0.992679 0.00636726 0.000515953 1.17126e-05 0.000426504
 0.986148 0.0138292 2.00305e-05 1.62312e-06 1.37857e-06
 0.0257483 0.968153 0.00608895 8.81936e-06 1.32163e-06
 0.0310136 0.0564689 0.906805 0.00570312 9.4984e-06
 0.815742 0.0115904 0.0100624 0.161588 0.00101796
 0.297494 0.640292 0.00391341 0.00339749 0.0549023
 0.895338 0.0534095 0.0467137 0.000285509 0.00425336
 0.647967 0.333533 0.00944069 0.00825712 0.000802293
 0.646325 0.28906 0.0612198 0.00173283 0.00166285
 0.603045 0.323599 0.059954 0.0126976 0.0007043
 0.849531 0.1223 0.0229629 0.0042544 0.000951014
 0.816504 0.170286 0.0107368 0.00201592 0.000456986
 0.580502 0.382501 0.034333 0.00216475 0.000498588
 0.544392 0.340014 0.105399 0.00946056 0.00073389
 0.732884 0.193342 0.0550569 0.0170668 0.00165074
 0.436331 0.487215 0.0553381 0.0157583 0.00535731
 0.738068 0.16696 0.0820905 0.00932387 0.00355775
 0.626275 0.32168 0.0331743 0.0163111 0.00255953
 0.0554866 0.744549 0.172118 0.0177502 0.0100969
 0.779018 0.0246457 0.15477 0.0357782 0.00578859
 0.427118 0.505444 0.00752121 0.0472316 0.0126851
 0.122587 0.536233 0.301017 0.00447925 0.0356834
 0.790777 0.0477002 0.0987153 0.0554144 0.00739355
 0.642342 0.31843 0.00894333 0.0185082 0.0117759
 0.0698385 0.734694 0.174029 0.00488772 0.0165509
 0.079219 0.124049 0.629303 0.149065 0.0183633
 0.40906 0.0925388 0.0671456 0.34063 0.0906257
pobs_PELACES
 0 0 0 0 0
 0 0 0 0 0
 0 0 0 0 0
 0 0 0 0 0
 0 0 0 0 0
 0 0 0 0 0
 0 0 0 0 0
 0 0 0 0 0
 0 0 0 0 0
 0 0 0 0 0
 0 0 0 0 0
 0 0 0 0 0
 0 0 0 0 0
 0 0 0 0 0
 0 0 0 0 0
 0 0 0 0 0
 0.505614 0.472636 0.0217494 0 0
 0 0 0 0 0
 0.443492 0.261883 0.143347 0.151278 0
 0.227955 0.32914 0.350689 0.0885471 0.00366901
 0.970185 0.0296113 0.000203453 0 0
 0.997202 0.00247181 0.000326279 0 0
 0.445219 0.490057 0.0546422 0.010081 0
 0.90214 0.0892962 0.00764917 0.000914606 0
 0 0 0 0 0
 0.581667 0.319106 0.0959925 0.00289975 0.000334073
 0.762889 0.0836404 0.116647 0.0363945 0.000428098
 0.88444 0.0763242 0.0277011 0.0115352 0
 0.521256 0.241999 0.230069 0.00667565 0
 0.616807 0.101726 0.260614 0.0208532 0
 0 0 0 0 0
ppred_PELACES
 0.824051 0.111221 0.0409158 0.0150521 0.00875996
 0.0130589 0.89433 0.0585416 0.0215362 0.0125336
 0.361082 0.0170769 0.563489 0.0368852 0.0214663
 0.686982 0.16926 0.00384236 0.126787 0.0131293
 0.995654 0.00377927 0.000306242 6.952e-06 0.00025315
 0.987095 0.0128838 1.86612e-05 1.51216e-06 1.28433e-06
 0.028491 0.965427 0.00607181 8.79454e-06 1.31791e-06
 0.0319694 0.0564132 0.90591 0.00569749 9.48903e-06
 0.830202 0.0106808 0.00927277 0.148907 0.000938071
 0.326861 0.613526 0.00374981 0.00325547 0.0526072
 0.898532 0.0517796 0.0452881 0.000276796 0.00412356
 0.676725 0.306287 0.00866947 0.00758259 0.000736753
 0.674163 0.266307 0.0564011 0.00159644 0.00153196
 0.657859 0.278915 0.0516752 0.0109443 0.000607047
 0.860368 0.113493 0.0213092 0.00394801 0.000882525
 0.830868 0.156956 0.00989635 0.00185812 0.000421214
 0.590261 0.373603 0.0335343 0.00211439 0.000486989
 0.55945 0.328776 0.101916 0.00914788 0.000709634
 0.75176 0.179679 0.0511662 0.0158607 0.00153409
 0.457059 0.469298 0.0533031 0.0151788 0.0051603
 0.749679 0.159559 0.0784513 0.00891053 0.00340003
 0.642381 0.307817 0.0317446 0.0156081 0.00244922
 0.0578197 0.742709 0.171693 0.0177064 0.0100719
 0.785885 0.0238798 0.14996 0.0346663 0.0056087
 0.435638 0.497927 0.00740934 0.0465291 0.0124964
 0.126567 0.533801 0.299652 0.00445894 0.0355215
 0.798452 0.0459502 0.0950937 0.0533814 0.0071223
 0.649191 0.312332 0.00877206 0.0181537 0.0115504
 0.0714061 0.733456 0.173736 0.00487948 0.016523
 0.08296 0.123545 0.626747 0.148459 0.0182887
 0.437626 0.0880654 0.0638998 0.324164 0.0862448
pobs_pel_tallas
 0 0 0 0 0 0 0 0 0 0 0 0 0 0 0 0 0 0 0 0 0 0 0 0 0 0
 0 0 0 0 0 0 0 0 0 0 0 0 0 0 0 0 0 0 0 0 0 0 0 0 0 0
 0 0 0 0 0 0 0 0 0 0 0 0 0 0 0 0 0 0 0 0 0 0 0 0 0 0
 0 0 0 0 0 0 0 0 0 0 0 0 0 0 0 0 0 0 0 0 0 0 0 0 0 0
 0 0 0 0 0 0 0 0 0 0 0 0 0 0 0 0 0 0 0 0 0 0 0 0 0 0
 0 0 0 0 0 0 0 0 0 0 0 0 0 0 0 0 0 0 0 0 0 0 0 0 0 0
 0 0 0 0 0 0 0 0 0 0 0 0 0 0 0 0 0 0 0 0 0 0 0 0 0 0
 0 0 0 0 0 0 0 0 0 0 0 0 0 0 0 0 0 0 0 0 0 0 0 0 0 0
 0 0 0 0 0 0 0 0 0 0 0 0 0 0 0 0 0 0 0 0 0 0 0 0 0 0
 0 0 0 0 0 0 0 0 0 0 0 0 0 0 0 0 0 0 0 0 0 0 0 0 0 0
 0 0 0 0 0 0 0 0 0 0 0 0 0 0 0 0 0 0 0 0 0 0 0 0 0 0
 0 0 0 0 0 0 0 0 0 0 0 0 0 0 0 0 0 0 0 0 0 0 0 0 0 0
 0.00862536 0 0 0.000197151 0.00414017 0.0128641 0.00837892 0.0270097 0.101434 0.158115 0.152841 0.127902 0.109271 0.109419 0.0830992 0.0579132 0.0238553 0.00714673 0.00463305 0.00128148 0.00103504 0.000492878 0.000147863 0.000147863 4.92878e-05 0
 0 0 0 0 0 0 0 0 0 0 0 0 0 0 0 0 0 0 0 0 0 0 0 0 0 0
 0 0 0 0 0 0 0 0.0054083 0.00873648 0.0413646 0.0450493 0.0745869 0.0622846 0.0627006 0.0613931 0.0827291 0.12552 0.122667 0.0946155 0.0697135 0.0546179 0.0294188 0.0215738 0.0213955 0.0102223 0.00600262
 0 0 0 0 0.00359764 0.0251062 0.0480494 0.140153 0.205849 0.193036 0.1447 0.116669 0.0760912 0.0342217 0.00950174 0.001854 0.000860785 0 0 0 0.000165536 0 0.000143464 0 0 0
 0 0 0 0 0 0 0 0.000145254 0.000435761 0.0275982 0.070085 0.0708112 0.156366 0.174668 0.174014 0.160142 0.0824315 0.0480064 0.0283245 0.00493863 0.00203355 0 0 0 0 0
 0 0 0 0 0 0 0 0 0 0 0 0 0 0 0 0 0 0 0 0 0 0 0 0 0 0
 0 0 1.00437e-05 0.000401748 0.00122533 0.00171747 0.00176769 0.0269171 0.070346 0.194647 0.189555 0.159765 0.064822 0.0314167 0.0384472 0.0292271 0.0345202 0.0313363 0.0194345 0.0106764 0.0143323 0.0359363 0.0279516 0.0138201 0.00172751 0
 0 0.0021121 0.0136068 0.0755702 0.200478 0.177729 0.0527432 0.0373336 0.0318909 0.0142505 0.0149659 0.0166563 0.0217959 0.0798694 0.0677717 0.0528807 0.04013 0.0224614 0.0357745 0.0225083 0.00881397 0.00855152 0.00135912 0.000746735 0 0
 0 0 0 0 5.4009e-05 0.00500934 0.000945158 0.0243581 0.138947 0.33067 0.221406 0.137944 0.0707744 0.0437923 0.0131692 0.00525238 0.0047753 0.00276346 9.45158e-05 9.00151e-06 2.25038e-05 9.00151e-06 4.50075e-06 0 0 0
 0.000866109 0.00284123 0.00948549 0.0512746 0.133035 0.25785 0.225252 0.132002 0.0553304 0.0519788 0.0540692 0.017754 0.00435017 0.00159236 0.00146478 0.000404838 0.000125132 0.000115318 0.000107957 0.000100596 0 0 0 0 0 0
 0 0 0 0 0.00144013 0.00171154 0.00461396 0.0210425 0.0478622 0.0707936 0.0888783 0.103762 0.0637923 0.0337046 0.0602308 0.124433 0.169614 0.0934646 0.0462172 0.0250306 0.0313229 0.00938855 0.002487 0.000210481 0 0
 0 0.00764035 0.051015 0.0998891 0.058973 0.0496711 0.0374665 0.0718981 0.12319 0.153886 0.159021 0.0857701 0.0377988 0.023471 0.0147837 0.00900784 0.00315554 0.000888139 0.00291439 0.00214683 0.00393193 0.00274676 0.000635225 9.99891e-05 0 0
 0 0 0 0 0 0 0 0 0 0 0 0 0 0 0 0 0 0 0 0 0 0 0 0 0 0
 0 0 0 0 0 0 0 0 0 0 0 0 0 0 0 0 0 0 0 0 0 0 0 0 0 0
 0 0 0 0 0 0 0 0 0 0 0 0 0 0 0 0 0 0 0 0 0 0 0 0 0 0
 0 0 0 0 0 0 0 0 0 0 0 0 0 0 0 0 0 0 0 0 0 0 0 0 0 0
 0 0 0 0 0 0 0 0 0 0 0 0 0 0 0 0 0 0 0 0 0 0 0 0 0 0
 0 0 0 0 0 0 0 0 0 0 0 0 0 0 0 0 0 0 0 0 0 0 0 0 0 0
 0 0 0 0 0 0 0 0 0 0 0 0 0 0 0 0 0 0 0 0 0 0 0 0 0 0
ppred_pel_tallas
 1.04202e-16 6.78761e-05 0.000659779 0.00438447 0.0199312 0.0620133 0.132126 0.192844 0.192855 0.132179 0.0621901 0.0204424 0.00567004 0.00347364 0.00543398 0.00893452 0.0130029 0.0166482 0.01891 0.0193554 0.0183195 0.0166322 0.0150573 0.0138947 0.0129844 0.0119897
 1.06199e-16 1.07583e-06 1.04576e-05 6.94984e-05 0.000315982 0.000983601 0.00209885 0.00308138 0.00316747 0.00251946 0.0023956 0.00439295 0.0102981 0.0223226 0.042326 0.069842 0.100308 0.12551 0.137079 0.131173 0.110817 0.0839298 0.0586962 0.0398339 0.0278933 0.0209351
 1.23598e-16 2.97419e-05 0.000289102 0.00192118 0.00873342 0.0271729 0.0578949 0.0844998 0.0845023 0.0579076 0.0272184 0.00887592 0.00232138 0.00130324 0.00236715 0.0049384 0.00960637 0.0172767 0.0287168 0.0440199 0.0620345 0.0801243 0.0946397 0.102117 0.100675 0.0908144
 1.15091e-16 5.65858e-05 0.000550034 0.00365517 0.0166159 0.0516983 0.110149 0.16077 0.160786 0.110229 0.0519663 0.0173903 0.00560045 0.00480211 0.00815079 0.0134426 0.0195164 0.0249332 0.0283412 0.0292969 0.0286175 0.0278663 0.0283264 0.0302231 0.032685 0.0343319
 1.00054e-16 8.20107e-05 0.000797174 0.0052975 0.0240817 0.074927 0.15964 0.232999 0.232999 0.159642 0.0749329 0.0240989 0.00534075 0.000891531 0.000261055 0.000301357 0.000425168 0.000532451 0.000583142 0.000561042 0.00047914 0.000370971 0.000270939 0.000198484 0.000155115 0.000131593
 1.00005e-16 8.13057e-05 0.00079032 0.00525196 0.0238746 0.0742828 0.158267 0.230996 0.230998 0.158274 0.0743031 0.0239333 0.00539898 0.00111079 0.000688526 0.00100587 0.00143233 0.00178255 0.00192895 0.00181482 0.0014847 0.00105647 0.00065429 0.000353194 0.000166767 6.94766e-05
 1.00424e-16 2.34697e-06 2.28135e-05 0.000151608 0.000689245 0.00214499 0.00457357 0.00669472 0.00678756 0.00502709 0.00366717 0.00508302 0.0111701 0.0240415 0.0455156 0.0749736 0.10737 0.133689 0.144747 0.136312 0.111711 0.0797545 0.0497144 0.0271871 0.0131798 0.00578907
 1.2673e-16 2.6333e-06 2.55966e-05 0.000170099 0.000773247 0.0024059 0.00512626 0.00748333 0.00749016 0.00516025 0.00252403 0.00113207 0.00113707 0.00235519 0.00506561 0.0100293 0.018293 0.0309707 0.0488655 0.0718088 0.0978756 0.123026 0.141809 0.149229 0.142917 0.124324
 1.15363e-16 6.83826e-05 0.000664703 0.00441719 0.0200799 0.062476 0.133112 0.194281 0.194282 0.133117 0.0624943 0.0201337 0.00455627 0.000982298 0.000715367 0.00119793 0.00203346 0.00328176 0.00512938 0.00784713 0.0116967 0.0167409 0.0226414 0.0285821 0.0334216 0.036048
 1.09495e-16 2.69232e-05 0.000261703 0.00173911 0.0079058 0.0245982 0.0524112 0.0765081 0.0765671 0.0526995 0.0255658 0.010699 0.00874447 0.0155352 0.0289785 0.0477216 0.0684151 0.0853692 0.0928394 0.0882638 0.0738925 0.0554222 0.0387355 0.0272098 0.0211208 0.0187696
 1.02046e-16 7.40109e-05 0.000719412 0.00478075 0.0217326 0.0676182 0.144068 0.210272 0.210277 0.144093 0.0677013 0.0219734 0.00538798 0.00205431 0.00263641 0.0043121 0.00636877 0.00834977 0.00983143 0.0105999 0.0107386 0.0105015 0.0100882 0.0095219 0.00870947 0.00758999
 1.01214e-16 5.5741e-05 0.000541822 0.0036006 0.0163678 0.0509265 0.108505 0.158373 0.158403 0.108649 0.0514097 0.0177628 0.00709942 0.00817103 0.0145193 0.0238481 0.0341922 0.0426704 0.0463908 0.0440292 0.0366393 0.0269841 0.0179415 0.0112034 0.00700974 0.00470611
 1.02116e-16 5.553e-05 0.000539771 0.00358697 0.0163059 0.0507337 0.108095 0.157773 0.157798 0.10822 0.0511554 0.0175241 0.00664609 0.00722176 0.0127571 0.0210308 0.0303548 0.0383011 0.0424186 0.0415511 0.0364937 0.0294045 0.0224758 0.016918 0.0128428 0.00979692
 1.02763e-16 5.4187e-05 0.000526717 0.00350022 0.0159115 0.0495068 0.10548 0.153957 0.153984 0.105612 0.0499482 0.0171868 0.00670233 0.00751995 0.0133444 0.0219978 0.0317356 0.0400157 0.0442761 0.0433224 0.0380178 0.0306583 0.0235653 0.0180016 0.0140403 0.0111339
 1.0119e-16 7.08674e-05 0.000688856 0.00457769 0.0208095 0.0647462 0.137949 0.201343 0.201354 0.138003 0.0649259 0.0213285 0.00588074 0.00353471 0.0054794 0.00895606 0.012917 0.0162892 0.0180278 0.0176472 0.0154986 0.0125159 0.00964322 0.00739352 0.00579553 0.00462505
 1.00584e-16 6.84375e-05 0.000665237 0.00442073 0.020096 0.0625263 0.133219 0.194441 0.194456 0.133293 0.0627741 0.0208114 0.00621546 0.00457982 0.00749314 0.0122536 0.0175844 0.0219846 0.023974 0.0228701 0.0191968 0.0143426 0.00975142 0.00626945 0.00402028 0.00269279
 1.01358e-16 4.86191e-05 0.000472595 0.00314056 0.0142766 0.0444199 0.0946426 0.138141 0.138177 0.0948183 0.0450099 0.0159805 0.00741586 0.00979991 0.017746 0.0292159 0.0419752 0.0525566 0.0574533 0.055036 0.046523 0.0351682 0.0243485 0.0160342 0.0105137 0.007086
 1.04063e-16 4.60813e-05 0.000447926 0.00297663 0.0135313 0.0421012 0.0897022 0.13093 0.130961 0.0898575 0.0426229 0.0150392 0.00676544 0.00873214 0.0158178 0.0261766 0.0379337 0.0481759 0.0539372 0.0538052 0.0486945 0.0411053 0.0335128 0.0271865 0.0221332 0.0178077
 1.03373e-16 6.19215e-05 0.000601899 0.00399983 0.0181827 0.0565731 0.120536 0.175929 0.175946 0.12062 0.0568581 0.0190065 0.00606991 0.00512795 0.0086785 0.0143039 0.0207274 0.0263351 0.0295192 0.029533 0.0269076 0.0230351 0.0192703 0.0162701 0.0139607 0.011946
 1.04054e-16 3.76475e-05 0.000365947 0.00243185 0.0110549 0.034396 0.073286 0.106973 0.107018 0.0735069 0.0351377 0.0131969 0.00780762 0.0120981 0.0223098 0.0367988 0.0529498 0.0664676 0.0729962 0.0705264 0.0605944 0.0472403 0.0346001 0.0250003 0.0186502 0.0145561
 1.03774e-16 6.17501e-05 0.000600233 0.00398876 0.0181323 0.0564165 0.120202 0.175442 0.175457 0.120278 0.0566707 0.0188675 0.00583842 0.00465203 0.00779777 0.0129001 0.018825 0.0241886 0.0276052 0.0284076 0.0269867 0.0244157 0.0216931 0.0192314 0.0169042 0.0144382
 1.02975e-16 5.29122e-05 0.000514325 0.00341787 0.0155372 0.048342 0.102999 0.150336 0.150366 0.103144 0.0488285 0.0169419 0.00694322 0.00820772 0.014657 0.024129 0.0347121 0.0435672 0.0478395 0.0462208 0.0397332 0.0310414 0.0228652 0.016721 0.012718 0.0101653
 1.08625e-16 4.76268e-06 4.62951e-05 0.00030765 0.00139858 0.00435188 0.00927479 0.0135518 0.0136235 0.00962511 0.00552845 0.0047982 0.00884595 0.0187013 0.0354799 0.0587669 0.0849299 0.107367 0.119306 0.117566 0.104367 0.0856662 0.0674492 0.0529162 0.0422039 0.0339241
 1.0876e-16 6.47323e-05 0.000629221 0.0041814 0.019008 0.059141 0.126006 0.18391 0.183913 0.126019 0.0591838 0.0191346 0.00451084 0.00138706 0.00161772 0.0028698 0.00482536 0.00753196 0.0110523 0.0153788 0.0203122 0.0253295 0.0295825 0.0321255 0.0322916 0.0299936
 1.07123e-16 3.58831e-05 0.000348796 0.00231788 0.0105368 0.032784 0.0698516 0.10196 0.102008 0.0700856 0.0335696 0.0128049 0.00800729 0.0127563 0.0235642 0.0388089 0.0556986 0.0696382 0.0760024 0.0727362 0.0616524 0.0472998 0.034313 0.0252584 0.0202126 0.0177478
 1.15243e-16 1.04252e-05 0.000101337 0.000673423 0.00306132 0.00952517 0.0202963 0.0296339 0.0296857 0.0205495 0.0103765 0.00552475 0.00687364 0.0136914 0.0259813 0.0433543 0.0634248 0.0817794 0.0938417 0.0973847 0.0936465 0.0860738 0.077825 0.0701285 0.0624979 0.0540588
 1.09315e-16 6.57675e-05 0.000639283 0.00424826 0.019312 0.0600868 0.128021 0.186852 0.186857 0.128044 0.0601627 0.0195334 0.00481182 0.00189563 0.00252915 0.00428177 0.00664692 0.00939223 0.0123271 0.015386 0.0186096 0.0219572 0.0251076 0.0274567 0.0283546 0.0274217
 1.04109e-16 5.34731e-05 0.000519778 0.00345411 0.0157019 0.0488546 0.104091 0.15193 0.15196 0.104238 0.0493474 0.0171248 0.00702353 0.0083043 0.0148159 0.0243535 0.034951 0.0436979 0.0476829 0.0456023 0.0385747 0.0294386 0.021102 0.0152 0.0118291 0.0101493
 1.08487e-16 5.88178e-06 5.7173e-05 0.000379938 0.00172719 0.0053743 0.0114531 0.016731 0.0168018 0.0117991 0.00653629 0.00508467 0.00881253 0.0184815 0.0350433 0.0580435 0.083887 0.106051 0.117842 0.116106 0.103022 0.0844628 0.0663443 0.0518514 0.0411605 0.0329431
 1.36102e-16 6.83333e-06 6.64224e-05 0.000441401 0.00200655 0.0062432 0.0133023 0.0194177 0.0194306 0.0133658 0.00645936 0.00264372 0.00208923 0.00382442 0.00761662 0.0138191 0.0228057 0.0347635 0.0497425 0.0676031 0.0875882 0.10772 0.124674 0.134632 0.134838 0.1249
 1.48971e-16 3.60467e-05 0.000350387 0.00232844 0.0105848 0.0329332 0.070168 0.102414 0.102423 0.0702106 0.033077 0.0110032 0.00339096 0.00271277 0.00465589 0.00801208 0.012476 0.01783 0.0240753 0.0317124 0.0416421 0.0545299 0.0699718 0.0860552 0.0997041 0.107703
pSPR Fmed_Fpbrs
0.514979   0.285935 0.285935
Fs Fmed_Fpbrs
0.460077   1.005 1.005
SSBpbr Bo_Bmed_Bpbrs
1.64414e+06  764489  387910 387910
Ro
78367.9
SPR SPRFo_SPRFmed_SPRFpbrs
558031 287374 159561
Fref
1.005
log_Ro
11.0892
likeval ReclasPelacesDesembMPH_pf_preclas_ppelaces_ptallas_desvR_qrecl_qpela
 59.4469 46.389 1.04888 0.00226178 307.6 153.498 104.815 0 113.478 0 0 4.80581 0 0 0
q_reclas_q_pelaces
1 1
M
1
N
 440759 34515.7 12697.6 4671.19 2718.53
 3303.44 135537 8872.05 3263.84 1899.48
 33862.7 977.366 32250.2 2111.06 1228.59
 10288.6 9797.98 222.424 7339.33 760.017
 45352.7 322.059 26.0972 0.592431 21.5728
 435330 3403.06 4.92907 0.399413 0.339236
 5853.9 128846 810.345 1.17372 0.175889
 1645.81 1571.19 25231 158.684 0.264284
 66677.7 550.602 478.015 7676.2 48.3579
 13711.7 18155.4 110.964 96.3351 1556.74
 106015 3332.01 2914.28 17.8118 265.351
 112303 35123.6 994.176 869.538 84.4875
 103655 27976.5 5925.13 167.711 160.938
 68272.9 26176 4849.7 1027.12 56.9711
 149678 12299.8 2309.39 427.866 95.6438
 348751 42249.2 2663.88 500.165 113.381
 271482 95060.1 8532.52 537.989 123.91
 258169 88415.5 27407.5 2460.07 190.837
 515525 78971.2 22488.2 6970.99 674.25
 221804 140618 15971.4 4548.08 1546.2
 510140 63282.6 31114.6 3534.01 1348.49
 546829 156019 16090 7911.07 1241.4
 22738.3 162991 37678.7 3885.74 2210.33
 435802 7328.29 46020.1 10638.5 1721.21
 227479 141872 2111.1 13257.3 3560.53
 32586.4 75323.7 42283.4 629.193 5012.38
 331378 10732.8 22211.4 12468.5 1663.58
 407572 105712 2969 6144.34 3909.35
 25107.6 136932 32435.4 910.968 3084.74
 10169.5 8591.69 43585.7 10324.3 1271.84
 23790 3213.09 2331.4 11827.2 3146.67
pred_Ctot
 46395.7 6767.33 2489.56 915.859 533.009
 416.104 31345.8 2051.86 754.835 439.297
 4659.87 244.942 8082.37 529.061 307.901
 7089.38 8123.48 184.411 6085.02 630.128
 25751.6 241.254 19.5494 0.443789 16.1602
 54748.8 785.91 1.13833 0.0922412 0.0783437
 1026.57 40068.9 252.003 0.365007 0.0546984
 94.9934 174.499 2802.2 17.6237 0.0293519
 11223.4 165.175 143.399 2302.78 14.5069
 3042.5 6909.62 42.2309 36.6635 592.47
 6719.39 404.81 354.06 2.16398 32.2378
 23652.7 12791.8 362.073 316.68 30.7698
 21180.7 9929.93 2103.06 59.5272 57.1231
 23315.4 14036.3 2600.55 550.769 30.5495
 22498.1 3337.1 626.569 116.086 25.9495
 58521.6 12639.8 796.958 149.636 33.9206
 19883.3 13256.1 1189.86 75.0225 17.2792
 27915.8 17772 5509.07 494.49 38.3594
 86326.7 23582.7 6715.5 2081.7 201.347
 32127.3 36905.9 4191.79 1193.67 405.809
 55210.8 12730.7 6259.41 710.946 271.279
 66732.2 35053.8 3615.04 1777.43 278.915
 1800.62 24475.6 5658.04 583.504 331.915
 32022.4 1025.1 6437.41 1488.14 240.768
 14491.1 17319.8 257.725 1618.46 434.672
 2176.22 9620.05 5400.27 80.3581 640.162
 28152.9 1722.27 3564.23 2000.8 266.953
 22514.2 11255.3 316.112 654.194 416.233
 1114.68 11803.4 2795.91 78.5251 265.903
 918.717 1460.65 7409.89 1755.2 216.223
 4621.72 1092.12 792.436 4020.03 1069.54
F
 0.179254 0.358509 0.358509 0.358509 0.358509
 0.217859 0.435718 0.435718 0.435718 0.435718
 0.240139 0.480278 0.480278 0.480278 0.480278
 2.46405 4.9281 4.9281 4.9281 4.9281
 1.58979 3.17959 3.17959 3.17959 3.17959
 0.217486 0.434971 0.434971 0.434971 0.434971
 0.315274 0.630547 0.630547 0.630547 0.630547
 0.0949734 0.189947 0.189947 0.189947 0.189947
 0.300905 0.601809 0.601809 0.601809 0.601809
 0.414671 0.829341 0.829341 0.829341 0.829341
 0.104709 0.209418 0.209418 0.209418 0.209418
 0.389835 0.77967 0.77967 0.77967 0.77967
 0.376224 0.752447 0.752447 0.752447 0.752447
 0.713931 1.42786 1.42786 1.42786 1.42786
 0.2649 0.529799 0.529799 0.529799 0.529799
 0.29985 0.5997 0.5997 0.5997 0.5997
 0.121847 0.243694 0.243694 0.243694 0.243694
 0.184529 0.369057 0.369057 0.369057 0.369057
 0.299142 0.598284 0.598284 0.598284 0.598284
 0.254183 0.508366 0.508366 0.508366 0.508366
 0.184707 0.369414 0.369414 0.369414 0.369414
 0.210441 0.420883 0.420883 0.420883 0.420883
 0.132308 0.264615 0.264615 0.264615 0.264615
 0.122266 0.244532 0.244532 0.244532 0.244532
 0.105264 0.210528 0.210528 0.210528 0.210528
 0.110595 0.22119 0.22119 0.22119 0.22119
 0.142537 0.285074 0.285074 0.285074 0.285074
 0.0907367 0.181473 0.181473 0.181473 0.181473
 0.0723761 0.144752 0.144752 0.144752 0.144752
 0.152163 0.304325 0.304325 0.304325 0.304325
 0.354702 0.709403 0.709403 0.709403 0.709403
nmprior
 8 9 7.5 0
nm_flota  nm_reclas  nm_pelaces    nm_pelaL
inf 4.97814 4.51931 6.11063
cv_recla  cv_pelaces  cv_mph
0.697412 0.801442 1.46768
 ------------------------------------------------
Talla a la edad & desviación 
 8 13.2811 15.8009 17.003 17.5766
 0.8 1.32811 1.58009 1.7003 1.75766
