years
 1991 1992 1993 1994 1995 1996 1997 1998 1999 2000 2001 2002 2003 2004 2005 2006 2007 2008 2009 2010 2011 2012 2013 2014 2015 2016 2017 2018 2019 2020 2021
reclasobs
 0 0 0 0 0 0 0 0 0 252601 567819 844713 477998 351125 339783 2.1784e+06 2.13404e+06 4.81314e+06 1.55562e+06 2.62356e+06 3.21686e+06 3.843e+06 1.13348e+06 3.07943e+06 1.97215e+06 2.03268e+06 2.025e+06 2.42433e+06 2.27542e+06 1.05018e+06 2.36338e+06
reclaspred
 5.25265e+06 3.07779e+06 1.57611e+06 1.80595e+06 2.17189e+06 3.04296e+06 2.29341e+06 1.96678e+06 1.34662e+06 915378 716885 791140 772685 651246 690421 1.36328e+06 1.61255e+06 2.8506e+06 2.5626e+06 2.03819e+06 3.55488e+06 2.80621e+06 2.49806e+06 3.44631e+06 2.78036e+06 2.58673e+06 2.81266e+06 2.778e+06 2.66227e+06 1.86951e+06 2.89256e+06
pelacesobs
 0 0 0 0 0 0 0 0 0 0 0 0 0 0 0 552880 188675 0 991730 2.46772e+06 1.41603e+06 1.21717e+06 2.29649e+06 1.80582e+06 0 1.4828e+06 1.56532e+06 1.57751e+06 1.42118e+06 867257 0
pelacespred
 2.57295e+06 1.68388e+06 885672 868747 1.02451e+06 1.50569e+06 1.13971e+06 1.07591e+06 758895 497216 410476 366413 383225 349227 385673 634868 712828 1.4394e+06 1.35303e+06 1.00342e+06 1.62958e+06 1.4708e+06 1.25088e+06 1.90698e+06 1.49197e+06 1.35721e+06 1.70285e+06 1.70117e+06 1.2758e+06 1.01208e+06 1.55791e+06
mphobs
 0 0 0 0 0 0 0 0 0 0 0 498337 0 5186 125008 0 168611 109162 213762 579715 649985 157893 87575 83554 0 0 0 0 0 0 0
mphpred
 4.96334e+06 3.37827e+06 1.76703e+06 982800 1.5425e+06 1.88828e+06 2.30772e+06 1.62507e+06 1.32233e+06 874473 542509 576406 557552 488175 380548 515950 1.22482e+06 1.28506e+06 2.08225e+06 1.67813e+06 1.89195e+06 2.3083e+06 2.12258e+06 1.86094e+06 2.51233e+06 2.08956e+06 1.80091e+06 1.87052e+06 2.45261e+06 1.75791e+06 1.11749e+06
desembarqueobs
 494567 514787 250237 358949 120608 361735 552515 73892 212993 205616 52469 317467 293654 387597 252695 516296 358380 742168 942051 627588 828172 859565 418607 520667 417249 300574 407403 355545 319650 289779 219260
desembarquepred
 494573 512564 251604 358958 120609 361752 552607 73894.6 213046 205675 52471.8 317583 293748 387719 252716 516323 358419 742141 942039 627572 828299 859704 418642 520711 417276 300589 407424 355553 319664 289800 219259
Reclutas
 266161 157231 149613 450257 346273 446446 186022 89311.5 68413 83737.4 130159 163920 148880 113063 123731 512237 149032 730873 504762 390499 550011 706083 187505 465065 400920 200754 402049 425028 154219 134557 634510
log_desv_Rt
 0.0805871 -0.445797 -0.495462 0.606304 0.343712 0.597804 -0.277648 -1.01138 -1.27795 -1.07583 -0.634759 -0.404137 -0.500374 -0.775568 -0.685407 0.735273 -0.499352 1.09072 0.720573 0.46391 0.806424 1.05622 -0.269707 0.638663 0.490246 -0.201436 0.493059 0.548641 -0.465143 -0.601524 0.949339
SSB
 4.96334e+06 3.37827e+06 1.76703e+06 982800 1.5425e+06 1.88828e+06 2.30772e+06 1.62507e+06 1.32233e+06 874473 542509 576406 557552 488175 380548 515950 1.22482e+06 1.28506e+06 2.08225e+06 1.67813e+06 1.89195e+06 2.3083e+06 2.12258e+06 1.86094e+06 2.51233e+06 2.08956e+06 1.80091e+06 1.87052e+06 2.45261e+06 1.75791e+06 1.11749e+06
BT
 6.54277e+06 4.51661e+06 2.36086e+06 2.57883e+06 2.6893e+06 4.21519e+06 3.28309e+06 2.74764e+06 2.0788e+06 1.43513e+06 1.09836e+06 1.22037e+06 1.2677e+06 1.32928e+06 1.29612e+06 2.17028e+06 2.09114e+06 4.5543e+06 4.42887e+06 3.10416e+06 4.9834e+06 4.58295e+06 3.50433e+06 5.57499e+06 4.1305e+06 3.69545e+06 4.92734e+06 4.86621e+06 3.38919e+06 2.76697e+06 4.43281e+06
Ftot
 0.0846747 0.149853 0.14259 0.158952 0.0463401 0.0976711 0.207225 0.0327092 0.13728 0.192536 0.0601876 0.322324 0.305486 0.463582 0.281156 0.28346 0.183242 0.202618 0.294056 0.250416 0.188881 0.246415 0.141874 0.120983 0.125233 0.0981402 0.116648 0.101549 0.104155 0.134018 0.0584596
BD_Bspro_t
 0.986543 0.89821 0.786994 0.725028 0.775769 0.831722 0.820197 0.729201 0.760876 0.721327 0.681126 0.767391 0.644087 0.56404 0.484467 0.556193 0.654252 0.651381 0.699668 0.621416 0.604068 0.64655 0.653931 0.661343 0.750251 0.758644 0.772466 0.800004 0.830529 0.781232 0.757123
BD_Bspro
 2.83862 1.9321 1.01059 0.562081 0.882185 1.07994 1.31983 0.929405 0.756263 0.500127 0.310271 0.329657 0.318874 0.279196 0.217642 0.295081 0.700498 0.73495 1.19087 0.959754 1.08204 1.32016 1.21394 1.06431 1.43685 1.19506 1.02998 1.06978 1.40269 1.00538 0.639112
BD_Bo
 2.0599 1.40206 0.733355 0.407884 0.640173 0.78368 0.957754 0.674438 0.548795 0.362926 0.225153 0.239221 0.231396 0.202603 0.157936 0.21413 0.508328 0.533329 0.864179 0.696462 0.7852 0.957994 0.880916 0.772332 1.04267 0.867213 0.747419 0.776307 1.01789 0.72957 0.463782
BD_Brms
 14.9782 10.1948 5.33247 2.96586 4.65491 5.6984 6.96415 4.90407 3.99047 2.63895 1.63717 1.73946 1.68256 1.4732 1.14841 1.55701 3.69623 3.87802 6.28373 5.06421 5.70946 6.96589 6.40543 5.61589 7.58163 6.3058 5.43474 5.64479 7.4014 5.30495 3.37232
Sel_flota
 0.919748 1 1 1 1
 0.919748 1 1 1 1
 0.919748 1 1 1 1
 0.919748 1 1 1 1
 0.919748 1 1 1 1
 0.919748 1 1 1 1
 0.919748 1 1 1 1
 0.919748 1 1 1 1
 0.919748 1 1 1 1
 0.919748 1 1 1 1
 0.919748 1 1 1 1
 0.919748 1 1 1 1
 0.919748 1 1 1 1
 0.919748 1 1 1 1
 0.919748 1 1 1 1
 0.919748 1 1 1 1
 0.919748 1 1 1 1
 0.919748 1 1 1 1
 0.919748 1 1 1 1
 0.919748 1 1 1 1
 0.919748 1 1 1 1
 0.919748 1 1 1 1
 0.919748 1 1 1 1
 0.919748 1 1 1 1
 0.919748 1 1 1 1
 0.919748 1 1 1 1
 0.919748 1 1 1 1
 0.919748 1 1 1 1
 0.919748 1 1 1 1
 0.919748 1 1 1 1
 0.919748 1 1 1 1
Sel_reclas
 0.688007 0.917341 0.98241 0.996455 0.999294
 0.688007 0.917341 0.98241 0.996455 0.999294
 0.688007 0.917341 0.98241 0.996455 0.999294
 0.688007 0.917341 0.98241 0.996455 0.999294
 0.688007 0.917341 0.98241 0.996455 0.999294
 0.688007 0.917341 0.98241 0.996455 0.999294
 0.688007 0.917341 0.98241 0.996455 0.999294
 0.688007 0.917341 0.98241 0.996455 0.999294
 0.688007 0.917341 0.98241 0.996455 0.999294
 0.688007 0.917341 0.98241 0.996455 0.999294
 0.688007 0.917341 0.98241 0.996455 0.999294
 0.688007 0.917341 0.98241 0.996455 0.999294
 0.688007 0.917341 0.98241 0.996455 0.999294
 0.688007 0.917341 0.98241 0.996455 0.999294
 0.688007 0.917341 0.98241 0.996455 0.999294
 0.688007 0.917341 0.98241 0.996455 0.999294
 0.688007 0.917341 0.98241 0.996455 0.999294
 0.688007 0.917341 0.98241 0.996455 0.999294
 0.688007 0.917341 0.98241 0.996455 0.999294
 0.688007 0.917341 0.98241 0.996455 0.999294
 0.688007 0.917341 0.98241 0.996455 0.999294
 0.688007 0.917341 0.98241 0.996455 0.999294
 0.688007 0.917341 0.98241 0.996455 0.999294
 0.688007 0.917341 0.98241 0.996455 0.999294
 0.688007 0.917341 0.98241 0.996455 0.999294
 0.688007 0.917341 0.98241 0.996455 0.999294
 0.688007 0.917341 0.98241 0.996455 0.999294
 0.688007 0.917341 0.98241 0.996455 0.999294
 0.688007 0.917341 0.98241 0.996455 0.999294
 0.688007 0.917341 0.98241 0.996455 0.999294
 0.688007 0.917341 0.98241 0.996455 0.999294
Sel_pelaces
 0.786282 0.948758 0.989382 0.997872 0.999576
 0.786282 0.948758 0.989382 0.997872 0.999576
 0.786282 0.948758 0.989382 0.997872 0.999576
 0.786282 0.948758 0.989382 0.997872 0.999576
 0.786282 0.948758 0.989382 0.997872 0.999576
 0.786282 0.948758 0.989382 0.997872 0.999576
 0.786282 0.948758 0.989382 0.997872 0.999576
 0.786282 0.948758 0.989382 0.997872 0.999576
 0.786282 0.948758 0.989382 0.997872 0.999576
 0.786282 0.948758 0.989382 0.997872 0.999576
 0.786282 0.948758 0.989382 0.997872 0.999576
 0.786282 0.948758 0.989382 0.997872 0.999576
 0.786282 0.948758 0.989382 0.997872 0.999576
 0.786282 0.948758 0.989382 0.997872 0.999576
 0.786282 0.948758 0.989382 0.997872 0.999576
 0.786282 0.948758 0.989382 0.997872 0.999576
 0.786282 0.948758 0.989382 0.997872 0.999576
 0.786282 0.948758 0.989382 0.997872 0.999576
 0.786282 0.948758 0.989382 0.997872 0.999576
 0.786282 0.948758 0.989382 0.997872 0.999576
 0.786282 0.948758 0.989382 0.997872 0.999576
 0.786282 0.948758 0.989382 0.997872 0.999576
 0.786282 0.948758 0.989382 0.997872 0.999576
 0.786282 0.948758 0.989382 0.997872 0.999576
 0.786282 0.948758 0.989382 0.997872 0.999576
 0.786282 0.948758 0.989382 0.997872 0.999576
 0.786282 0.948758 0.989382 0.997872 0.999576
 0.786282 0.948758 0.989382 0.997872 0.999576
 0.786282 0.948758 0.989382 0.997872 0.999576
 0.786282 0.948758 0.989382 0.997872 0.999576
 0.786282 0.948758 0.989382 0.997872 0.999576
pf_obs 
 0.8446 0.082 0.0669 0.0065 0
 0.8095 0.147 0.0364 0.0071 0
 0.9664 0.0169 0.016 0.0007 0
 0.9276 0.0648 0.0075 0.0001 0
 0.7033 0.2144 0.0806 0.0017 0
 0.9318 0.0425 0.0243 0.0014 0
 0.5671 0.3108 0.0964 0.0239 0.0018
 0.0768 0.2599 0.5324 0.112 0.0189
 0.490249 0.384438 0.106611 0.0170017 0.00170017
 0.7925 0.1577 0.0466 0.003 0.0002
 0.840416 0.127587 0.0312969 0.00059994 9.999e-05
 0.8084 0.0986 0.0794 0.0134 0.0002
 0.7335 0.1905 0.0724 0.0035 0.0001
 0.4001 0.4547 0.1325 0.0127 0
 0.49795 0.308269 0.164784 0.0264974 0.00249975
 0.9179 0.0499 0.0305 0.0017 0
 0.2467 0.6533 0.0926 0.0074 0
 0.9418 0.0223 0.034 0.0019 0
 0.707729 0.231977 0.0356964 0.0245975 0
 0.517169 0.277429 0.184464 0.0207286 0.00020938
 0.811772 0.124168 0.05621 0.00726502 0.000585176
 0.764997 0.148141 0.077277 0.00933861 0.000247198
 0.163321 0.427699 0.378323 0.0303852 0.000271297
 0.753843 0.0900009 0.118128 0.0371064 0.000921714
 0.721811 0.176058 0.0630433 0.0369309 0.00215725
 0.143369 0.312575 0.442814 0.0836902 0.0175525
 0.692698 0.0596174 0.167031 0.0765114 0.00414204
 0.394062 0.376323 0.152708 0.0712218 0.00568511
 0.125707 0.32114 0.495352 0.0537591 0.00404204
 0.23352 0.215282 0.420074 0.123614 0.00750983
 0 0 0 0 0
pf_pred 
 0.450322 0.0940677 0.435038 0.0205711 7.28745e-07
 0.430985 0.268632 0.0514052 0.237735 0.0112419
 0.554318 0.202061 0.115014 0.0220089 0.106599
 0.832538 0.0965481 0.0321508 0.0183003 0.0204632
 0.653152 0.293043 0.0310206 0.0103299 0.0124546
 0.694082 0.205678 0.0846895 0.00896495 0.00658472
 0.44978 0.392031 0.106356 0.0437927 0.00804069
 0.407504 0.280271 0.22246 0.060352 0.0294131
 0.459152 0.231604 0.146283 0.11611 0.0468516
 0.62723 0.179531 0.0827492 0.0522653 0.058224
 0.750948 0.161554 0.0421402 0.0194232 0.0259344
 0.7205 0.214312 0.0422857 0.0110299 0.0118721
 0.695345 0.225463 0.0607222 0.011981 0.00648894
 0.646121 0.253306 0.0744301 0.0200457 0.00609732
 0.739141 0.174801 0.0616004 0.0181004 0.00635762
 0.911076 0.0673555 0.0144527 0.00509318 0.00202221
 0.465936 0.490621 0.0329059 0.00706073 0.00347616
 0.877191 0.0600524 0.057652 0.00386671 0.00123817
 0.650644 0.309844 0.019321 0.0185488 0.00164243
 0.63216 0.247394 0.106823 0.00666123 0.00696123
 0.744757 0.166961 0.0593747 0.0256377 0.0032694
 0.745721 0.193754 0.0395908 0.0140793 0.00685465
 0.389773 0.465852 0.11001 0.022479 0.011886
 0.744819 0.105001 0.114648 0.0270741 0.00845738
 0.648114 0.267939 0.0345425 0.0377162 0.0116889
 0.485007 0.344153 0.130084 0.0167703 0.0239861
 0.736109 0.133813 0.0869269 0.0328568 0.0102943
 0.689751 0.233638 0.0388478 0.0252361 0.0125274
 0.414494 0.414747 0.128593 0.0213816 0.0207848
 0.512587 0.212581 0.194679 0.0603603 0.0197925
 0.877288 0.0656557 0.0248847 0.022789 0.00938267
pobs_RECLAS
 0 0 0 0 0
 0 0 0 0 0
 0 0 0 0 0
 0 0 0 0 0
 0 0 0 0 0
 0 0 0 0 0
 0 0 0 0 0
 0 0 0 0 0
 0 0 0 0 0
 0 0 0 0 0
 0.991045 0.00858322 0.000360255 1.14367e-05 0
 0.934742 0.0480273 0.0164251 0.00080598 0
 0.827803 0.169806 0.00239088 0 0
 0.941827 0.0461693 0.0120037 0 0
 0.791401 0.0380133 0.147996 0.0225897 0
 0.846168 0.0940531 0.0597789 0 0
 0.134021 0.677848 0.182769 0.00536245 0
 0.80878 0.0450904 0.141981 0.00414843 0
 0.846168 0.0940531 0.0597789 0 0
 0.905697 0.0802665 0.012482 0.00150086 5.37128e-05
 0.989698 0.0102097 9.19794e-05 0 0
 0.975433 0.0193895 0.00387452 0.00125025 5.28907e-05
 0.303575 0.632131 0.0575291 0.00676475 0
 0.966965 0.00978017 0.0227588 0.000495775 0
 0.843318 0.132988 0.00938335 0.0141283 0.000182051
 0.564624 0.303363 0.111486 0.0197234 0.00080311
 0.826376 0.0876187 0.0782897 0.00655872 0.00115652
 0.89761 0.0855135 0.0140674 0.00269457 0.000114338
 0.34875 0.467042 0.161289 0.0227151 0.000203297
 0.318654 0.224769 0.449479 0.00709798 0
 0.937255 0.0296025 0.0250945 0.00804832 0
ppred_RECLAS
 0.386876 0.0990455 0.49055 0.0235277 8.35857e-07
 0.371919 0.283965 0.0581936 0.272977 0.0129452
 0.493044 0.220169 0.13421 0.0260494 0.126528
 0.796976 0.113206 0.0403721 0.0233084 0.0261375
 0.602805 0.331561 0.0375875 0.0126957 0.0153505
 0.643858 0.233814 0.103104 0.0110702 0.00815421
 0.395176 0.421709 0.122522 0.0511706 0.0094221
 0.350424 0.295496 0.251181 0.0691181 0.0337812
 0.398624 0.24633 0.166621 0.134143 0.0542823
 0.56878 0.19935 0.0984018 0.0630401 0.0704274
 0.70525 0.185984 0.0519538 0.0242888 0.0325235
 0.674343 0.245306 0.0518343 0.0137139 0.014803
 0.646691 0.256485 0.0739771 0.014805 0.00804124
 0.594167 0.284424 0.0895017 0.0244494 0.007458
 0.693217 0.200578 0.075698 0.0225607 0.00794686
 0.891566 0.0806416 0.0185309 0.00662371 0.00263739
 0.414557 0.534564 0.0383963 0.00835661 0.00412586
 0.849079 0.0711713 0.0731731 0.00497787 0.00159852
 0.601428 0.350368 0.0233977 0.0227836 0.00202316
 0.57833 0.276991 0.128087 0.00810135 0.00849032
 0.698951 0.191876 0.0730752 0.0320046 0.00409295
 0.701786 0.223164 0.0488348 0.0176149 0.00860042
 0.338769 0.496007 0.12544 0.0259983 0.013786
 0.695295 0.120097 0.140433 0.0336373 0.0105375
 0.59596 0.301863 0.0416763 0.046156 0.0143453
 0.42852 0.372628 0.150837 0.0197239 0.0282908
 0.686922 0.153004 0.106444 0.040809 0.0128222
 0.640225 0.26575 0.0473216 0.0311803 0.0155222
 0.361154 0.442833 0.14704 0.0247983 0.0241749
 0.451545 0.229422 0.225004 0.0707601 0.0232688
 0.849005 0.0778882 0.0316151 0.0293665 0.0121252
pobs_PELACES
 0 0 0 0 0
 0 0 0 0 0
 0 0 0 0 0
 0 0 0 0 0
 0 0 0 0 0
 0 0 0 0 0
 0 0 0 0 0
 0 0 0 0 0
 0 0 0 0 0
 0 0 0 0 0
 0 0 0 0 0
 0 0 0 0 0
 0 0 0 0 0
 0 0 0 0 0
 0 0 0 0 0
 0 0 0 0 0
 0.505614 0.472636 0.0217494 0 0
 0 0 0 0 0
 0.443492 0.261883 0.143347 0.151278 0
 0.227955 0.32914 0.350689 0.0885471 0.00366901
 0.970185 0.0296113 0.000203453 0 0
 0.997202 0.00247181 0.000326279 0 0
 0.445219 0.490057 0.0546422 0.010081 0
 0.90214 0.0892962 0.00764917 0.000914606 0
 0 0 0 0 0
 0.581667 0.319106 0.0959925 0.00289975 0.000334073
 0.762889 0.0836404 0.116647 0.0363945 0.000428098
 0.88444 0.0763242 0.0277011 0.0115352 0
 0.521256 0.241999 0.230069 0.00667565 0
 0.616807 0.101726 0.260614 0.0208532 0
 0 0 0 0 0
ppred_PELACES
 0.416804 0.0963519 0.464682 0.0221614 7.86422e-07
 0.40056 0.275676 0.0550118 0.256598 0.0121546
 0.523161 0.210623 0.12502 0.024129 0.117067
 0.815286 0.104363 0.0362412 0.0208056 0.0233044
 0.627853 0.312141 0.0344569 0.0115727 0.0139768
 0.669065 0.219313 0.0941703 0.0100541 0.00739731
 0.422694 0.405979 0.114856 0.0476984 0.00877277
 0.377279 0.287662 0.238103 0.0651502 0.0318057
 0.427941 0.238451 0.157057 0.12573 0.0508204
 0.598193 0.188772 0.0907341 0.0578004 0.0645002
 0.728057 0.173478 0.0471881 0.0219365 0.0293403
 0.699161 0.228211 0.046956 0.0123532 0.0133191
 0.672621 0.239476 0.0672577 0.0133844 0.00726139
 0.622854 0.266532 0.0816699 0.0221843 0.00675935
 0.717521 0.186489 0.0685333 0.0203103 0.00714603
 0.902159 0.0732937 0.0164003 0.0058291 0.00231835
 0.440766 0.511865 0.0358006 0.00774779 0.00382092
 0.863754 0.0651712 0.0652452 0.00441353 0.00141568
 0.62775 0.328385 0.021354 0.0206764 0.00183395
 0.606276 0.261047 0.117545 0.0073927 0.00773884
 0.722601 0.178623 0.0662421 0.0288485 0.00368513
 0.724987 0.207278 0.0441678 0.0158418 0.00772587
 0.363953 0.480437 0.118313 0.0243829 0.0129147
 0.720092 0.112202 0.127756 0.0304284 0.00952145
 0.622306 0.284312 0.0382227 0.0420927 0.0130675
 0.456174 0.358051 0.141132 0.0183508 0.0262914
 0.711609 0.142999 0.0968718 0.03693 0.0115903
 0.665193 0.249207 0.0432107 0.0283112 0.0140779
 0.387175 0.428445 0.138528 0.0232311 0.0226213
 0.481347 0.220541 0.210616 0.0658621 0.0216335
 0.863258 0.0715597 0.0282838 0.0261241 0.0107742
pobs_pel_tallas
 0 0 0 0 0 0 0 0 0 0 0 0 0 0 0 0 0 0 0 0 0 0 0 0 0 0
 0 0 0 0 0 0 0 0 0 0 0 0 0 0 0 0 0 0 0 0 0 0 0 0 0 0
 0 0 0 0 0 0 0 0 0 0 0 0 0 0 0 0 0 0 0 0 0 0 0 0 0 0
 0 0 0 0 0 0 0 0 0 0 0 0 0 0 0 0 0 0 0 0 0 0 0 0 0 0
 0 0 0 0 0 0 0 0 0 0 0 0 0 0 0 0 0 0 0 0 0 0 0 0 0 0
 0 0 0 0 0 0 0 0 0 0 0 0 0 0 0 0 0 0 0 0 0 0 0 0 0 0
 0 0 0 0 0 0 0 0 0 0 0 0 0 0 0 0 0 0 0 0 0 0 0 0 0 0
 0 0 0 0 0 0 0 0 0 0 0 0 0 0 0 0 0 0 0 0 0 0 0 0 0 0
 0 0 0 0 0 0 0 0 0 0 0 0 0 0 0 0 0 0 0 0 0 0 0 0 0 0
 0 0 0 0 0 0 0 0 0 0 0 0 0 0 0 0 0 0 0 0 0 0 0 0 0 0
 0 0 0 0 0 0 0 0 0 0 0 0 0 0 0 0 0 0 0 0 0 0 0 0 0 0
 0 0 0 0 0 0 0 0 0 0 0 0 0 0 0 0 0 0 0 0 0 0 0 0 0 0
 0.00862536 0 0 0.000197151 0.00414017 0.0128641 0.00837892 0.0270097 0.101434 0.158115 0.152841 0.127902 0.109271 0.109419 0.0830992 0.0579132 0.0238553 0.00714673 0.00463305 0.00128148 0.00103504 0.000492878 0.000147863 0.000147863 4.92878e-05 0
 0 0 0 0 0 0 0 0 0 0 0 0 0 0 0 0 0 0 0 0 0 0 0 0 0 0
 0 0 0 0 0 0 0 0.0054083 0.00873648 0.0413646 0.0450493 0.0745869 0.0622846 0.0627006 0.0613931 0.0827291 0.12552 0.122667 0.0946155 0.0697135 0.0546179 0.0294188 0.0215738 0.0213955 0.0102223 0.00600262
 0 0 0 0 0.00359764 0.0251062 0.0480494 0.140153 0.205849 0.193036 0.1447 0.116669 0.0760912 0.0342217 0.00950174 0.001854 0.000860785 0 0 0 0.000165536 0 0.000143464 0 0 0
 0 0 0 0 0 0 0 0.000145254 0.000435761 0.0275982 0.070085 0.0708112 0.156366 0.174668 0.174014 0.160142 0.0824315 0.0480064 0.0283245 0.00493863 0.00203355 0 0 0 0 0
 0 0 0 0 0 0 0 0 0 0 0 0 0 0 0 0 0 0 0 0 0 0 0 0 0 0
 0 0 1.00437e-05 0.000401748 0.00122533 0.00171747 0.00176769 0.0269171 0.070346 0.194647 0.189555 0.159765 0.064822 0.0314167 0.0384472 0.0292271 0.0345202 0.0313363 0.0194345 0.0106764 0.0143323 0.0359363 0.0279516 0.0138201 0.00172751 0
 0 0.0021121 0.0136068 0.0755702 0.200478 0.177729 0.0527432 0.0373336 0.0318909 0.0142505 0.0149659 0.0166563 0.0217959 0.0798694 0.0677717 0.0528807 0.04013 0.0224614 0.0357745 0.0225083 0.00881397 0.00855152 0.00135912 0.000746735 0 0
 0 0 0 0 5.4009e-05 0.00500934 0.000945158 0.0243581 0.138947 0.33067 0.221406 0.137944 0.0707744 0.0437923 0.0131692 0.00525238 0.0047753 0.00276346 9.45158e-05 9.00151e-06 2.25038e-05 9.00151e-06 4.50075e-06 0 0 0
 0.000866109 0.00284123 0.00948549 0.0512746 0.133035 0.25785 0.225252 0.132002 0.0553304 0.0519788 0.0540692 0.017754 0.00435017 0.00159236 0.00146478 0.000404838 0.000125132 0.000115318 0.000107957 0.000100596 0 0 0 0 0 0
 0 0 0 0 0.00144013 0.00171154 0.00461396 0.0210425 0.0478622 0.0707936 0.0888783 0.103762 0.0637923 0.0337046 0.0602308 0.124433 0.169614 0.0934646 0.0462172 0.0250306 0.0313229 0.00938855 0.002487 0.000210481 0 0
 0 0.00764035 0.051015 0.0998891 0.058973 0.0496711 0.0374665 0.0718981 0.12319 0.153886 0.159021 0.0857701 0.0377988 0.023471 0.0147837 0.00900784 0.00315554 0.000888139 0.00291439 0.00214683 0.00393193 0.00274676 0.000635225 9.99891e-05 0 0
 0 0 0 0 0 0 0 0 0 0 0 0 0 0 0 0 0 0 0 0 0 0 0 0 0 0
 0 0 0 0 0 0 0 0 0 0 0 0 0 0 0 0 0 0 0 0 0 0 0 0 0 0
 0 0 0 0 0 0 0 0 0 0 0 0 0 0 0 0 0 0 0 0 0 0 0 0 0 0
 0 0 0 0 0 0 0 0 0 0 0 0 0 0 0 0 0 0 0 0 0 0 0 0 0 0
 0 0 0 0 0 0 0 0 0 0 0 0 0 0 0 0 0 0 0 0 0 0 0 0 0 0
 0 0 0 0 0 0 0 0 0 0 0 0 0 0 0 0 0 0 0 0 0 0 0 0 0 0
 0 0 0 0 0 0 0 0 0 0 0 0 0 0 0 0 0 0 0 0 0 0 0 0 0 0
ppred_pel_tallas
 1.15657e-16 3.43316e-05 0.000333716 0.00221766 0.0100812 0.0313663 0.0668296 0.0975418 0.0975518 0.0668787 0.0315333 0.0105725 0.00348471 0.00321091 0.00582372 0.0104189 0.0169684 0.0254125 0.035555 0.0470545 0.0591884 0.070503 0.078804 0.0818152 0.0782482 0.0685718
 1.29449e-16 3.29936e-05 0.00032071 0.00213123 0.00968829 0.030144 0.064226 0.0937453 0.093772 0.0643564 0.0305824 0.0109563 0.00532105 0.00730855 0.0133807 0.0222841 0.0326451 0.0423114 0.0492345 0.0527808 0.0542257 0.0558569 0.0593143 0.0644323 0.0693454 0.0716038
 1.25893e-16 4.30922e-05 0.000418871 0.00278355 0.0126536 0.0393702 0.0838831 0.122434 0.122455 0.0839832 0.039707 0.0136287 0.00524008 0.00581192 0.0103766 0.017331 0.0255517 0.033417 0.0393433 0.0427338 0.0443544 0.045722 0.0479763 0.0511221 0.0541147 0.055545
 1.07103e-16 6.7154e-05 0.000652761 0.00433783 0.0197191 0.0613536 0.130721 0.190793 0.190803 0.13077 0.0615196 0.0201991 0.00554481 0.00329538 0.00510939 0.00840376 0.012253 0.0157454 0.0180141 0.0187013 0.0181748 0.0172525 0.0166476 0.0165707 0.0167295 0.0166218
 1.04601e-16 5.17155e-05 0.000502693 0.00334057 0.0151858 0.0472487 0.10067 0.146936 0.146967 0.100816 0.0477421 0.0166106 0.00691647 0.00830721 0.0148691 0.0244881 0.0352456 0.044275 0.0486962 0.0471999 0.0408387 0.0323244 0.0244103 0.018609 0.0149831 0.0127656
 1.05034e-16 5.51101e-05 0.000535689 0.00355985 0.0161826 0.05035 0.107277 0.156578 0.156599 0.107381 0.0506989 0.0171915 0.00609728 0.00609078 0.0106517 0.0176431 0.025692 0.0328954 0.0373307 0.0380818 0.0357209 0.0317969 0.027778 0.0243147 0.0212679 0.0182301
 1.09687e-16 3.48168e-05 0.000338432 0.002249 0.0102237 0.0318098 0.0677756 0.0989287 0.0989679 0.0679673 0.0324539 0.0120854 0.0069274 0.0105684 0.0195137 0.0323383 0.0468969 0.0596466 0.0669912 0.0672807 0.0617498 0.053558 0.045741 0.0397057 0.0351637 0.0310842
 1.18861e-16 3.1076e-05 0.00030207 0.00200736 0.0091252 0.028392 0.0604933 0.0882976 0.0883257 0.0606305 0.0288538 0.0104633 0.00538245 0.0077239 0.0142858 0.0239871 0.0355379 0.0467739 0.055478 0.0606172 0.0628129 0.0635647 0.063908 0.0636721 0.0618381 0.0574958
 1.25803e-16 3.5249e-05 0.000342633 0.00227692 0.0103506 0.0322045 0.068616 0.100152 0.100175 0.0687296 0.0325867 0.0114576 0.00506826 0.00647817 0.0118137 0.019812 0.0293494 0.0386718 0.0460563 0.0508509 0.053844 0.0565313 0.0598529 0.0634321 0.0658317 0.0654805
 1.19379e-16 4.92724e-05 0.000478945 0.00318276 0.0144684 0.0450166 0.0959133 0.139992 0.14001 0.0960029 0.0453179 0.0153402 0.00537802 0.00529416 0.00926337 0.0154227 0.0226651 0.0294949 0.0344604 0.0370098 0.0378384 0.0383409 0.0395888 0.0416361 0.043591 0.0442434
 1.08572e-16 5.99691e-05 0.000582921 0.00387372 0.0176094 0.0547893 0.116735 0.170382 0.170399 0.116817 0.0550646 0.0184052 0.0058737 0.00495713 0.00839221 0.0138462 0.0201035 0.0256397 0.0289585 0.0294161 0.0276108 0.0249492 0.022736 0.0214962 0.0209343 0.0203687
 1.04907e-16 5.7589e-05 0.000559785 0.00371997 0.0169105 0.0526149 0.112102 0.163621 0.163643 0.11221 0.0529763 0.0179548 0.00634265 0.00628964 0.0109531 0.0180525 0.0260856 0.0329885 0.0366986 0.0362755 0.0324519 0.0271068 0.0220993 0.0183773 0.0158797 0.0140284
 1.04574e-16 5.54029e-05 0.000538536 0.00357876 0.0162686 0.0506176 0.107847 0.157411 0.157434 0.10796 0.0509975 0.0173663 0.00633698 0.00656856 0.0115334 0.0190473 0.027592 0.0350316 0.0392181 0.0391515 0.0355423 0.0302596 0.0251348 0.0210756 0.018011 0.0154224
 1.05794e-16 5.13037e-05 0.00049869 0.00331397 0.0150649 0.0468725 0.0998678 0.145765 0.145791 0.0999937 0.0472955 0.0162876 0.00638686 0.00721881 0.0128494 0.0212542 0.0308307 0.0392303 0.0440843 0.0442927 0.0406389 0.0351669 0.0298517 0.0256274 0.0223508 0.0194145
 1.05272e-16 5.91013e-05 0.000574486 0.00381766 0.0173545 0.0539965 0.115046 0.167917 0.167935 0.115134 0.0542929 0.0182115 0.00597235 0.00528986 0.0090489 0.0149568 0.0217536 0.027807 0.031488 0.0320434 0.0300082 0.0267602 0.0235937 0.0210619 0.0189828 0.016895
 1.0147e-16 7.43096e-05 0.000722316 0.00480004 0.0218203 0.0678911 0.144649 0.211122 0.211129 0.144684 0.0680072 0.0221559 0.0056429 0.0025641 0.00357761 0.00581126 0.00839826 0.0106339 0.0118544 0.0117573 0.010573 0.0088946 0.00730606 0.00609974 0.00525122 0.00458073
 1.02588e-16 3.63054e-05 0.000352902 0.00234516 0.0106608 0.0331699 0.0706738 0.103161 0.10321 0.0709145 0.0339781 0.0129943 0.00819965 0.0131236 0.0242616 0.0399767 0.0574082 0.0718213 0.0784125 0.0749665 0.0631921 0.0476043 0.0328844 0.0217546 0.0145799 0.010318
 1.02582e-16 7.11463e-05 0.000691568 0.00459571 0.0208914 0.065001 0.138492 0.202134 0.202141 0.138523 0.0651059 0.0211955 0.0053631 0.00238063 0.00331948 0.00548053 0.00813266 0.010735 0.012769 0.0139661 0.0144092 0.0143699 0.0140348 0.013374 0.0122424 0.0105813
 1.03085e-16 5.1707e-05 0.000502611 0.00334003 0.0151833 0.047241 0.100653 0.146913 0.146944 0.100808 0.0477596 0.0166806 0.00709681 0.00869832 0.0156013 0.0256703 0.0368829 0.0461958 0.0505517 0.0485608 0.0413475 0.0318165 0.0229414 0.0163935 0.0122968 0.00986934
 1.0551e-16 4.99382e-05 0.000485417 0.00322577 0.0146639 0.045625 0.0972098 0.141886 0.141911 0.0973334 0.0460404 0.0158653 0.00624752 0.00710169 0.0126732 0.0210226 0.0306277 0.0392386 0.0445658 0.0455069 0.0427201 0.0380195 0.0331281 0.028817 0.0249477 0.0210879
 1.05475e-16 5.95197e-05 0.000578553 0.00384469 0.0174774 0.0543788 0.11586 0.169105 0.169123 0.115945 0.0546627 0.0182985 0.00590941 0.00509779 0.00867768 0.014345 0.0208794 0.0267252 0.030335 0.031 0.0292389 0.0263632 0.0235846 0.0213876 0.0195458 0.0175771
 1.04224e-16 5.97162e-05 0.000580463 0.00385738 0.0175351 0.0545583 0.116243 0.169664 0.169684 0.116341 0.0548867 0.0184839 0.00624023 0.00578686 0.0099614 0.0164104 0.0237215 0.0300183 0.0334306 0.0331042 0.0296976 0.024902 0.0203847 0.0169853 0.014638 0.0128249
 1.08168e-16 2.99784e-05 0.000291401 0.00193646 0.0088029 0.0273894 0.0583576 0.0851844 0.0852308 0.0585843 0.0281508 0.0110033 0.00746378 0.0123709 0.0230104 0.0380964 0.0551177 0.0698189 0.0778638 0.0772364 0.0693931 0.0581636 0.0473387 0.0388552 0.0326434 0.0276664
 1.08379e-16 5.9313e-05 0.000576544 0.00383134 0.0174167 0.0541899 0.115458 0.168516 0.168527 0.115512 0.0543712 0.0179427 0.00516051 0.00350796 0.00571433 0.00958311 0.0143387 0.0191657 0.0232524 0.0262021 0.0281764 0.0295797 0.0305729 0.0308668 0.0299528 0.0275263
 1.07609e-16 5.12585e-05 0.000498251 0.00331106 0.0150516 0.0468313 0.09978 0.145638 0.145665 0.0999139 0.0472811 0.016351 0.00657354 0.00762295 0.013591 0.0224128 0.0323476 0.0408353 0.0453217 0.0446823 0.0399124 0.0334502 0.0276779 0.0237583 0.0214903 0.0199518
 1.10454e-16 3.75746e-05 0.000365238 0.00242714 0.0110334 0.0343293 0.0731435 0.106762 0.106797 0.0733129 0.0348986 0.0126795 0.00656622 0.00942458 0.0173126 0.0287445 0.0418323 0.053506 0.060639 0.0617712 0.057905 0.051659 0.0455075 0.0405321 0.0364325 0.032381
 1.08498e-16 5.86143e-05 0.000569752 0.0037862 0.0172115 0.0535516 0.114098 0.166532 0.166546 0.114166 0.0537804 0.0178744 0.00545652 0.00423783 0.00708936 0.0117973 0.0173903 0.0227207 0.0266537 0.028674 0.029138 0.0288918 0.0285806 0.0282329 0.027392 0.0255711
 1.06533e-16 5.47912e-05 0.00053259 0.00353925 0.0160889 0.0500587 0.106656 0.155673 0.155697 0.106774 0.0504532 0.0172288 0.0064017 0.0067855 0.0119429 0.0196923 0.0284489 0.0359698 0.0400181 0.0395966 0.0355476 0.0299635 0.0248901 0.0213291 0.0191265 0.0175313
 1.10266e-16 3.18912e-05 0.000309994 0.00206002 0.00936457 0.0291369 0.0620807 0.0906173 0.0906588 0.0622832 0.0298171 0.0113308 0.00700168 0.0111183 0.0206195 0.034197 0.0496327 0.0632009 0.0711042 0.0715757 0.0658664 0.0572464 0.0488735 0.0422399 0.0371135 0.0325189
 1.16401e-16 3.9648e-05 0.000385392 0.00256107 0.0116423 0.0362235 0.0771788 0.112649 0.112671 0.0772843 0.0365786 0.0126717 0.00515996 0.00610818 0.011054 0.018595 0.0276857 0.0367231 0.0440725 0.0489714 0.0518495 0.0537113 0.0551247 0.0557156 0.0545268 0.050817
 1.05278e-16 7.11055e-05 0.00069117 0.00459307 0.0208794 0.0649637 0.138412 0.202018 0.202025 0.138446 0.0650777 0.0212091 0.00542272 0.00250916 0.00354446 0.00580297 0.008488 0.0109708 0.0126737 0.0133649 0.0132951 0.0129989 0.0129127 0.0131114 0.0133298 0.0131881
pSPR Fmed_Fpbrs
0.743064   0.187526 0.187526
Fs Fmed_Fpbrs
0.146296   1.005 1.005
SSBpbr Bo_Bmed_Bpbrs
2.40951e+06  1.66995e+06  331371 331371
Ro
245553
SPR SPRFo_SPRFmed_SPRFpbrs
1.7485e+06 1.29925e+06 327890
Fref
1.005
log_Ro
12.2313
likeval ReclasPelacesDesembMPH_pf_preclas_ppelaces_ptallas_desvR_qrecl_qpela
 28.6853 17.6442 0.245183 0.00331841 231.639 129.927 82.5622 0 19.9131 0 0 1.23515 0 0 0
q_reclas_q_pelaces
1 1
M
1
N
 266161 51279.7 237155 11214.1 0.397265
 157231 90579 17333.1 80161.1 3790.62
 149613 50395 28684.9 5489.12 26586.1
 450257 48274.6 16075.6 9150.23 10231.7
 346273 143111 15149.3 5044.75 6082.35
 446446 122071 50263.7 5320.74 3908.07
 186022 150128 40728.8 16770.3 3079.17
 89311.5 56558.3 44892.1 12179 5935.52
 68413 31882.1 20137.1 15983.4 6449.5
 83737.4 22182.4 10224.3 6457.76 7194.01
 130159 25805.8 6731.27 3102.57 4142.64
 163920 45304.1 8938.91 2331.65 2509.67
 148880 44831.9 12074.2 2382.35 1290.29
 113063 41354.1 12151.3 3272.61 995.435
 123731 27155.2 9569.57 2811.88 987.651
 512237 35146.2 7541.43 2657.63 1055.19
 149032 145195 9738.2 2089.56 1028.74
 730873 46322.4 44470.9 2982.65 955.084
 504762 223158 13915.6 13359.4 1182.92
 390499 141688 61180.4 3815.05 3986.86
 550011 114103 40577.5 17521.2 2234.35
 706083 170071 34751.5 12358.4 6016.78
 187505 207077 48901.1 9992.23 5283.47
 465065 60540.9 66103.3 15610.2 4876.31
 400920 153071 19733.9 21547 6677.78
 200754 131444 49683.4 6405.16 9161.1
 402049 67478.8 43835.3 16569 5191.2
 425028 132859 22090.9 14350.6 7123.74
 154219 142417 44156.4 7342.04 7137.12
 134557 51551.2 47209.8 14637.4 4799.71
 634510 43760.3 16586 15189.2 6253.67
pred_Ctot
 12686.2 2650.02 12255.6 579.518 0.0205298
 12941.2 8066.24 1543.55 7138.51 337.562
 11749.4 4282.91 2437.84 466.503 2259.47
 39176 4543.18 1512.89 861.14 962.921
 9165.12 4112.02 435.285 144.951 174.764
 24425 7237.88 2980.25 315.479 231.718
 20725.1 18064.1 4900.68 2017.89 370.501
 1677.26 1153.58 915.628 248.405 121.062
 5182.82 2614.3 1651.22 1310.62 528.852
 8715.44 2494.61 1149.81 726.232 809.03
 4450.95 957.548 249.769 115.123 153.716
 27231.5 8099.99 1598.2 416.878 448.708
 23584.9 7647.32 2059.6 406.376 220.094
 25680 10067.6 2958.21 796.712 242.337
 18200.7 4304.33 1516.86 445.706 156.551
 75903.3 5611.5 1204.08 424.321 168.474
 14813.7 15598.6 1046.19 224.485 110.519
 79753.7 5459.93 5241.69 351.559 112.574
 77291.8 36807.2 2295.2 2203.46 195.108
 51742 20249.1 8743.46 545.219 569.774
 56235.1 12606.9 4483.26 1935.85 246.866
 92198.8 23955.2 4894.89 1740.73 847.488
 14655.1 17515.6 4136.29 845.191 446.902
 31240.6 4404.14 4808.78 1135.59 354.735
 27833 11506.5 1483.42 1619.71 501.976
 11034 7829.52 2959.42 381.527 545.687
 26082.3 4741.35 3080.05 1164.21 364.756
 24141 8177.23 1359.66 883.253 438.454
 8975.4 8980.89 2784.53 462.994 450.072
 9963.74 4132.18 3784.19 1173.29 384.73
 21088.8 1578.27 598.195 547.817 225.547
F
 0.0778794 0.0846747 0.0846747 0.0846747 0.0846747
 0.137827 0.149853 0.149853 0.149853 0.149853
 0.131147 0.14259 0.14259 0.14259 0.14259
 0.146196 0.158952 0.158952 0.158952 0.158952
 0.0426213 0.0463401 0.0463401 0.0463401 0.0463401
 0.0898328 0.0976711 0.0976711 0.0976711 0.0976711
 0.190595 0.207225 0.207225 0.207225 0.207225
 0.0300842 0.0327092 0.0327092 0.0327092 0.0327092
 0.126263 0.13728 0.13728 0.13728 0.13728
 0.177085 0.192536 0.192536 0.192536 0.192536
 0.0553575 0.0601876 0.0601876 0.0601876 0.0601876
 0.296457 0.322324 0.322324 0.322324 0.322324
 0.28097 0.305486 0.305486 0.305486 0.305486
 0.426379 0.463582 0.463582 0.463582 0.463582
 0.258592 0.281156 0.281156 0.281156 0.281156
 0.260711 0.28346 0.28346 0.28346 0.28346
 0.168537 0.183242 0.183242 0.183242 0.183242
 0.186357 0.202618 0.202618 0.202618 0.202618
 0.270457 0.294056 0.294056 0.294056 0.294056
 0.23032 0.250416 0.250416 0.250416 0.250416
 0.173723 0.188881 0.188881 0.188881 0.188881
 0.22664 0.246415 0.246415 0.246415 0.246415
 0.130489 0.141874 0.141874 0.141874 0.141874
 0.111274 0.120983 0.120983 0.120983 0.120983
 0.115182 0.125233 0.125233 0.125233 0.125233
 0.0902643 0.0981402 0.0981402 0.0981402 0.0981402
 0.107287 0.116648 0.116648 0.116648 0.116648
 0.0933993 0.101549 0.101549 0.101549 0.101549
 0.0957967 0.104155 0.104155 0.104155 0.104155
 0.123263 0.134018 0.134018 0.134018 0.134018
 0.0537681 0.0584596 0.0584596 0.0584596 0.0584596
nmprior
 8 9 7.5 0
nm_flota  nm_reclas  nm_pelaces    nm_pelaL
inf 10.3779 13.6049 22.9316
cv_recla  cv_pelaces  cv_mph
0.484457 0.494272 1.77775
 ------------------------------------------------
Talla a la edad & desviación 
 8 13.2811 15.8009 17.003 17.5766
 0.8 1.32811 1.58009 1.7003 1.75766
