years
 1991 1992 1993 1994 1995 1996 1997 1998 1999 2000 2001 2002 2003 2004 2005 2006 2007 2008 2009 2010 2011 2012 2013 2014 2015 2016 2017 2018 2019 2020 2021
reclasobs
 0 0 0 0 0 0 0 0 0 252601 567819 844713 477998 351125 339783 2.1784e+06 2.13404e+06 4.81314e+06 1.55562e+06 2.62356e+06 3.21686e+06 3.843e+06 1.13348e+06 3.07943e+06 1.97215e+06 2.03268e+06 2.025e+06 2.42433e+06 2.27542e+06 1.05018e+06 2.36338e+06
reclaspred
 3.27566e+06 1.81837e+06 915494 853363 813398 1.33754e+06 783773 677615 496617 359635 471060 631417 620175 472741 477281 1.38859e+06 1.30686e+06 2.99863e+06 2.48377e+06 1.88186e+06 3.32937e+06 2.68473e+06 2.08295e+06 3.20733e+06 2.38482e+06 2.09597e+06 2.53859e+06 2.74942e+06 2.21734e+06 1.34151e+06 1.86943e+06
pelacesobs
 0 0 0 0 0 0 0 0 0 0 0 0 0 0 0 552880 188675 0 991730 2.46772e+06 1.41603e+06 1.21717e+06 2.29649e+06 1.80582e+06 0 1.4828e+06 1.56532e+06 1.57751e+06 1.42118e+06 867257 0
pelacespred
 1.49145e+06 916469 458824 347971 351326 593886 308677 346551 237132 161176 223549 250370 271664 215462 225119 552203 522183 1.38791e+06 1.17973e+06 825290 1.43011e+06 1.24431e+06 966064 1.63224e+06 1.16684e+06 1.02377e+06 1.41538e+06 1.5118e+06 1.00363e+06 690877 901534
mphobs
 0 0 0 0 0 0 0 0 0 0 0 498337 0 5186 125008 0 168611 109162 213762 579715 649985 157893 87575 83554 0 0 0 0 0 0 0
mphpred
 2.83823e+06 1.88952e+06 929200 504075 500740 552914 742393 420128 376054 252853 167238 319738 348385 289753 188333 243263 914638 839604 1.69863e+06 1.28502e+06 1.40574e+06 1.73683e+06 1.63428e+06 1.31623e+06 1.83503e+06 1.49826e+06 1.22598e+06 1.34126e+06 1.91187e+06 1.26353e+06 663212
desembarqueobs
 494567 514787 250237 358949 120608 361735 552515 73892 212993 205616 52469 317467 293654 387597 252695 516296 358380 742168 942051 627588 828172 859565 418607 520667 417249 300574 407403 355545 319650 289779 219260
desembarquepred
 494571 513764 250673 358981 120613 361739 552524 73896.3 213039 205656 52471.4 317523 293693 387599 252676 516232 358398 742050 941791 627421 828215 859538 418605 520683 417240 300568 407393 355523 319636 289781 219263
Reclutas
 186453 105071 104883 151625 121717 227173 90293.8 39039.8 39553.8 54155.1 102952 140036 115515 81147 79130.9 461512 88428.2 689609 406301 322321 458842 608865 120107 369508 307541 138001 318984 360081 94840.3 70113.9 301098
log_desv_Rt
 0.140823 -0.432717 -0.434508 -0.0659475 -0.285655 0.338356 -0.584285 -1.42277 -1.40969 -1.0955 -0.453091 -0.145452 -0.337952 -0.691092 -0.716252 1.04715 -0.605163 1.44877 0.919741 0.688194 1.04135 1.32424 -0.29897 0.824818 0.641253 -0.160097 0.677785 0.798976 -0.535161 -0.837234 0.620082
SSB
 2.83823e+06 1.88952e+06 929200 504075 500740 552914 742393 420128 376054 252853 167238 319738 348385 289753 188333 243263 914638 839604 1.69863e+06 1.28502e+06 1.40574e+06 1.73683e+06 1.63428e+06 1.31623e+06 1.83503e+06 1.49826e+06 1.22598e+06 1.34126e+06 1.91187e+06 1.26353e+06 663212
BT
 3.85872e+06 2.62132e+06 1.30611e+06 1.1042e+06 906590 1.67956e+06 1.20495e+06 865105 758233 569228 560598 842232 892822 899859 772625 1.69031e+06 1.48402e+06 3.85766e+06 3.62525e+06 2.46428e+06 3.96938e+06 3.67323e+06 2.59295e+06 4.24991e+06 3.07754e+06 2.62793e+06 3.68073e+06 3.843e+06 2.57923e+06 1.87796e+06 2.27037e+06
Ftot
 0.149317 0.273634 0.268523 0.434852 0.154155 0.293093 0.672571 0.113185 0.439402 0.579036 0.126452 0.525362 0.491923 0.835043 0.578595 0.429347 0.274128 0.278994 0.390645 0.346739 0.264816 0.336922 0.200601 0.178851 0.180212 0.146502 0.175797 0.143291 0.140801 0.213948 0.132684
BD_Bspro_t
 0.976392 0.830765 0.658946 0.562814 0.533448 0.607763 0.59969 0.412061 0.468871 0.420486 0.388903 0.633121 0.517773 0.4253 0.314555 0.374742 0.581319 0.547356 0.650788 0.554838 0.530842 0.579888 0.594014 0.581647 0.68796 0.694782 0.701368 0.743546 0.792849 0.719788 0.655485
BD_Bspro
 2.46104 1.63841 0.80571 0.437084 0.434192 0.479433 0.64373 0.364294 0.326077 0.219249 0.145012 0.277245 0.302085 0.251245 0.163304 0.210934 0.793084 0.728021 1.47289 1.11424 1.21892 1.506 1.41709 1.1413 1.59116 1.29915 1.06305 1.16301 1.65778 1.09561 0.575072
BD_Bo
 1.59197 1.05983 0.521189 0.282736 0.280865 0.31013 0.416409 0.23565 0.210929 0.141826 0.0938037 0.179341 0.19541 0.162523 0.105636 0.136447 0.513021 0.470934 0.952765 0.72077 0.788481 0.974187 0.916671 0.738274 1.02927 0.840378 0.687655 0.752316 1.07237 0.708716 0.371996
BD_Brms
 9.47768 6.30966 3.10287 1.68325 1.67211 1.84634 2.47906 1.40293 1.25575 0.844349 0.558454 1.0677 1.16336 0.967569 0.628898 0.812327 3.05424 2.80368 5.67223 4.29106 4.69417 5.79976 5.45734 4.39527 6.1277 5.00314 4.09391 4.47887 6.38427 4.21929 2.21465
Sel_flota
 0.770058 1 1 1 1
 0.770058 1 1 1 1
 0.770058 1 1 1 1
 0.770058 1 1 1 1
 0.770058 1 1 1 1
 0.770058 1 1 1 1
 0.770058 1 1 1 1
 0.770058 1 1 1 1
 0.770058 1 1 1 1
 0.770058 1 1 1 1
 0.770058 1 1 1 1
 0.770058 1 1 1 1
 0.770058 1 1 1 1
 0.770058 1 1 1 1
 0.770058 1 1 1 1
 0.770058 1 1 1 1
 0.770058 1 1 1 1
 0.770058 1 1 1 1
 0.770058 1 1 1 1
 0.770058 1 1 1 1
 0.770058 1 1 1 1
 0.770058 1 1 1 1
 0.770058 1 1 1 1
 0.770058 1 1 1 1
 0.770058 1 1 1 1
 0.770058 1 1 1 1
 0.770058 1 1 1 1
 0.770058 1 1 1 1
 0.770058 1 1 1 1
 0.770058 1 1 1 1
 0.770058 1 1 1 1
Sel_reclas
 1 1 1 1 1
 1 1 1 1 1
 1 1 1 1 1
 1 1 1 1 1
 1 1 1 1 1
 1 1 1 1 1
 1 1 1 1 1
 1 1 1 1 1
 1 1 1 1 1
 1 1 1 1 1
 1 1 1 1 1
 1 1 1 1 1
 1 1 1 1 1
 1 1 1 1 1
 1 1 1 1 1
 1 1 1 1 1
 1 1 1 1 1
 1 1 1 1 1
 1 1 1 1 1
 1 1 1 1 1
 1 1 1 1 1
 1 1 1 1 1
 1 1 1 1 1
 1 1 1 1 1
 1 1 1 1 1
 1 1 1 1 1
 1 1 1 1 1
 1 1 1 1 1
 1 1 1 1 1
 1 1 1 1 1
 1 1 1 1 1
Sel_pelaces
 1 1 1 1 1
 1 1 1 1 1
 1 1 1 1 1
 1 1 1 1 1
 1 1 1 1 1
 1 1 1 1 1
 1 1 1 1 1
 1 1 1 1 1
 1 1 1 1 1
 1 1 1 1 1
 1 1 1 1 1
 1 1 1 1 1
 1 1 1 1 1
 1 1 1 1 1
 1 1 1 1 1
 1 1 1 1 1
 1 1 1 1 1
 1 1 1 1 1
 1 1 1 1 1
 1 1 1 1 1
 1 1 1 1 1
 1 1 1 1 1
 1 1 1 1 1
 1 1 1 1 1
 1 1 1 1 1
 1 1 1 1 1
 1 1 1 1 1
 1 1 1 1 1
 1 1 1 1 1
 1 1 1 1 1
 1 1 1 1 1
pf_obs 
 0.8446 0.082 0.0669 0.0065 0
 0.8095 0.147 0.0364 0.0071 0
 0.9664 0.0169 0.016 0.0007 0
 0.9276 0.0648 0.0075 0.0001 0
 0.7033 0.2144 0.0806 0.0017 0
 0.9318 0.0425 0.0243 0.0014 0
 0.5671 0.3108 0.0964 0.0239 0.0018
 0.0768 0.2599 0.5324 0.112 0.0189
 0.490249 0.384438 0.106611 0.0170017 0.00170017
 0.7925 0.1577 0.0466 0.003 0.0002
 0.840416 0.127587 0.0312969 0.00059994 9.999e-05
 0.8084 0.0986 0.0794 0.0134 0.0002
 0.7335 0.1905 0.0724 0.0035 0.0001
 0.4001 0.4547 0.1325 0.0127 0
 0.49795 0.308269 0.164784 0.0264974 0.00249975
 0.9179 0.0499 0.0305 0.0017 0
 0.2467 0.6533 0.0926 0.0074 0
 0.9418 0.0223 0.034 0.0019 0
 0.707729 0.231977 0.0356964 0.0245975 0
 0.517169 0.277429 0.184464 0.0207286 0.00020938
 0.811772 0.124168 0.05621 0.00726502 0.000585176
 0.764997 0.148141 0.077277 0.00933861 0.000247198
 0.163321 0.427699 0.378323 0.0303852 0.000271297
 0.753843 0.0900009 0.118128 0.0371064 0.000921714
 0.721811 0.176058 0.0630433 0.0369309 0.00215725
 0.143369 0.312575 0.442814 0.0836902 0.0175525
 0.692698 0.0596174 0.167031 0.0765114 0.00414204
 0.394062 0.376323 0.152708 0.0712218 0.00568511
 0.125707 0.32114 0.495352 0.0537591 0.00404204
 0.23352 0.215282 0.420074 0.123614 0.00750983
 0 0 0 0 0
pf_pred 
 0.447463 0.133073 0.39396 0.025503 8.02e-07
 0.412617 0.30407 0.0682333 0.202003 0.0130771
 0.562608 0.212786 0.116271 0.0260913 0.0822431
 0.710417 0.183643 0.0515384 0.0281617 0.0262394
 0.647846 0.271878 0.0509082 0.0142871 0.0150807
 0.762191 0.168673 0.0533761 0.00999449 0.00576559
 0.472969 0.428235 0.0700744 0.0221748 0.00654744
 0.463298 0.301737 0.190919 0.0312411 0.0128052
 0.561604 0.233379 0.115262 0.0729298 0.0168254
 0.729826 0.172628 0.0519284 0.0256465 0.0199711
 0.832838 0.132413 0.022203 0.00667889 0.00586722
 0.740476 0.225295 0.0271135 0.00454638 0.002569
 0.683675 0.252963 0.055005 0.00661967 0.00173719
 0.633427 0.275138 0.0731199 0.0158994 0.00241559
 0.745468 0.182558 0.0540217 0.0143566 0.00359604
 0.940991 0.0475086 0.00824821 0.00244078 0.000811127
 0.35382 0.618082 0.0226223 0.00392758 0.00154847
 0.897814 0.0434082 0.0562221 0.00205778 0.000498113
 0.593558 0.374833 0.0134274 0.0173912 0.000790614
 0.606935 0.262177 0.120709 0.00432409 0.00585515
 0.729962 0.183054 0.0580193 0.0267127 0.00225265
 0.733692 0.208927 0.0388973 0.0123286 0.00615489
 0.300939 0.551875 0.115473 0.0214983 0.0102157
 0.736059 0.0963184 0.13233 0.0276883 0.00760446
 0.615639 0.302774 0.029773 0.0409044 0.0109093
 0.42684 0.390152 0.144162 0.014176 0.0246704
 0.732213 0.132988 0.0917577 0.0339046 0.00913606
 0.682615 0.24894 0.0339909 0.0234526 0.0110009
 0.315872 0.506339 0.139448 0.0190406 0.0192997
 0.400248 0.227509 0.275506 0.0758756 0.0208615
 0.835015 0.0778045 0.0330709 0.0400477 0.0140618
pobs_RECLAS
 0 0 0 0 0
 0 0 0 0 0
 0 0 0 0 0
 0 0 0 0 0
 0 0 0 0 0
 0 0 0 0 0
 0 0 0 0 0
 0 0 0 0 0
 0 0 0 0 0
 0 0 0 0 0
 0.991045 0.00858322 0.000360255 1.14367e-05 0
 0.934742 0.0480273 0.0164251 0.00080598 0
 0.827803 0.169806 0.00239088 0 0
 0.941827 0.0461693 0.0120037 0 0
 0.791401 0.0380133 0.147996 0.0225897 0
 0.846168 0.0940531 0.0597789 0 0
 0.134021 0.677848 0.182769 0.00536245 0
 0.80878 0.0450904 0.141981 0.00414843 0
 0.846168 0.0940531 0.0597789 0 0
 0.905697 0.0802665 0.012482 0.00150086 5.37128e-05
 0.989698 0.0102097 9.19794e-05 0 0
 0.975433 0.0193895 0.00387452 0.00125025 5.28907e-05
 0.303575 0.632131 0.0575291 0.00676475 0
 0.966965 0.00978017 0.0227588 0.000495775 0
 0.843318 0.132988 0.00938335 0.0141283 0.000182051
 0.564624 0.303363 0.111486 0.0197234 0.00080311
 0.826376 0.0876187 0.0782897 0.00655872 0.00115652
 0.89761 0.0855135 0.0140674 0.00269457 0.000114338
 0.34875 0.467042 0.161289 0.0227151 0.000203297
 0.318654 0.224769 0.449479 0.00709798 0
 0.937255 0.0296025 0.0250945 0.00804832 0
ppred_RECLAS
 0.513381 0.117198 0.34696 0.0224605 7.06321e-07
 0.478634 0.269895 0.0605645 0.1793 0.0116073
 0.626973 0.181473 0.0991611 0.0222518 0.0701404
 0.763125 0.150218 0.0421578 0.023036 0.0214635
 0.705611 0.227281 0.0425576 0.0119435 0.0126069
 0.807354 0.13664 0.0432392 0.00809638 0.00467061
 0.543091 0.371257 0.0607509 0.0192244 0.00567629
 0.529106 0.264739 0.167509 0.0274104 0.011235
 0.627217 0.19845 0.098011 0.0620146 0.0143072
 0.780948 0.139963 0.0421024 0.0207937 0.0161922
 0.866435 0.1058 0.0177404 0.0053365 0.00468797
 0.789843 0.182439 0.021956 0.00368156 0.00208032
 0.739831 0.208056 0.0452402 0.00544451 0.0014288
 0.697358 0.227153 0.0603676 0.0131265 0.0019943
 0.794462 0.147418 0.0436233 0.0115932 0.00290385
 0.954416 0.0367001 0.00637169 0.00188548 0.00062659
 0.417113 0.557541 0.0204065 0.00354287 0.0013968
 0.919898 0.0340271 0.0440718 0.00161307 0.000390465
 0.656957 0.316364 0.0113329 0.0146784 0.000667289
 0.669114 0.220703 0.101614 0.00364006 0.00492892
 0.779341 0.149581 0.04741 0.021828 0.00184073
 0.78294 0.170291 0.0317041 0.0100487 0.00501668
 0.359596 0.505567 0.105784 0.0196944 0.00935854
 0.784276 0.0787231 0.108156 0.0226302 0.00621529
 0.676183 0.255082 0.0250832 0.0344611 0.00919091
 0.49241 0.345518 0.12767 0.0125542 0.0218481
 0.78091 0.108804 0.0750715 0.0277391 0.00747467
 0.736942 0.206329 0.0281726 0.0194382 0.00911786
 0.375535 0.462181 0.127287 0.0173801 0.0176166
 0.465461 0.202771 0.245549 0.0676254 0.0185931
 0.868261 0.0621262 0.0264068 0.0319777 0.0112282
pobs_PELACES
 0 0 0 0 0
 0 0 0 0 0
 0 0 0 0 0
 0 0 0 0 0
 0 0 0 0 0
 0 0 0 0 0
 0 0 0 0 0
 0 0 0 0 0
 0 0 0 0 0
 0 0 0 0 0
 0 0 0 0 0
 0 0 0 0 0
 0 0 0 0 0
 0 0 0 0 0
 0 0 0 0 0
 0 0 0 0 0
 0.505614 0.472636 0.0217494 0 0
 0 0 0 0 0
 0.443492 0.261883 0.143347 0.151278 0
 0.227955 0.32914 0.350689 0.0885471 0.00366901
 0.970185 0.0296113 0.000203453 0 0
 0.997202 0.00247181 0.000326279 0 0
 0.445219 0.490057 0.0546422 0.010081 0
 0.90214 0.0892962 0.00764917 0.000914606 0
 0 0 0 0 0
 0.581667 0.319106 0.0959925 0.00289975 0.000334073
 0.762889 0.0836404 0.116647 0.0363945 0.000428098
 0.88444 0.0763242 0.0277011 0.0115352 0
 0.521256 0.241999 0.230069 0.00667565 0
 0.616807 0.101726 0.260614 0.0208532 0
 0 0 0 0 0
ppred_PELACES
 0.516211 0.116516 0.344943 0.0223299 7.02213e-07
 0.483817 0.267212 0.0599623 0.177517 0.0114919
 0.631726 0.179161 0.0978976 0.0219683 0.0692467
 0.769038 0.146468 0.0411055 0.022461 0.0209277
 0.708035 0.22541 0.0422072 0.0118452 0.0125031
 0.81079 0.134203 0.0424681 0.007952 0.00458732
 0.555725 0.360992 0.0590711 0.0186929 0.00551934
 0.531246 0.263537 0.166748 0.0272859 0.011184
 0.63498 0.194318 0.0959701 0.0607233 0.0140093
 0.788372 0.13522 0.0406756 0.020089 0.0156434
 0.867542 0.104923 0.0175935 0.00529229 0.00464914
 0.796384 0.176761 0.0212726 0.00356698 0.00201557
 0.746951 0.202362 0.0440021 0.00529551 0.0013897
 0.710562 0.217243 0.0577339 0.0125538 0.00190729
 0.801538 0.142342 0.0421214 0.011194 0.00280387
 0.955813 0.0355757 0.00617647 0.00182772 0.000607393
 0.422179 0.552695 0.0202291 0.00351208 0.00138466
 0.921444 0.0333703 0.0432211 0.00158193 0.000382928
 0.663606 0.310232 0.0111133 0.0143939 0.000654355
 0.674913 0.216835 0.099833 0.00357626 0.00484253
 0.782777 0.147251 0.0466717 0.0214881 0.00181207
 0.787253 0.166907 0.0310741 0.00984903 0.00491699
 0.363109 0.502794 0.105203 0.0195864 0.0093072
 0.786563 0.0778884 0.107009 0.0223903 0.00614939
 0.67917 0.252729 0.0248518 0.0341433 0.00910613
 0.495189 0.343626 0.126971 0.0124855 0.0217285
 0.783184 0.107675 0.0742924 0.0274512 0.00739709
 0.739045 0.20468 0.0279475 0.0192828 0.00904499
 0.378044 0.460325 0.126776 0.0173102 0.0175458
 0.469502 0.201238 0.243693 0.0671141 0.0184526
 0.869408 0.0615852 0.0261768 0.0316992 0.0111304
pobs_pel_tallas
 0 0 0 0 0 0 0 0 0 0 0 0 0 0 0 0 0 0 0 0 0 0 0 0 0 0
 0 0 0 0 0 0 0 0 0 0 0 0 0 0 0 0 0 0 0 0 0 0 0 0 0 0
 0 0 0 0 0 0 0 0 0 0 0 0 0 0 0 0 0 0 0 0 0 0 0 0 0 0
 0 0 0 0 0 0 0 0 0 0 0 0 0 0 0 0 0 0 0 0 0 0 0 0 0 0
 0 0 0 0 0 0 0 0 0 0 0 0 0 0 0 0 0 0 0 0 0 0 0 0 0 0
 0 0 0 0 0 0 0 0 0 0 0 0 0 0 0 0 0 0 0 0 0 0 0 0 0 0
 0 0 0 0 0 0 0 0 0 0 0 0 0 0 0 0 0 0 0 0 0 0 0 0 0 0
 0 0 0 0 0 0 0 0 0 0 0 0 0 0 0 0 0 0 0 0 0 0 0 0 0 0
 0 0 0 0 0 0 0 0 0 0 0 0 0 0 0 0 0 0 0 0 0 0 0 0 0 0
 0 0 0 0 0 0 0 0 0 0 0 0 0 0 0 0 0 0 0 0 0 0 0 0 0 0
 0 0 0 0 0 0 0 0 0 0 0 0 0 0 0 0 0 0 0 0 0 0 0 0 0 0
 0 0 0 0 0 0 0 0 0 0 0 0 0 0 0 0 0 0 0 0 0 0 0 0 0 0
 0.00862536 0 0 0.000197151 0.00414017 0.0128641 0.00837892 0.0270097 0.101434 0.158115 0.152841 0.127902 0.109271 0.109419 0.0830992 0.0579132 0.0238553 0.00714673 0.00463305 0.00128148 0.00103504 0.000492878 0.000147863 0.000147863 4.92878e-05 0
 0 0 0 0 0 0 0 0 0 0 0 0 0 0 0 0 0 0 0 0 0 0 0 0 0 0
 0 0 0 0 0 0 0 0.0054083 0.00873648 0.0413646 0.0450493 0.0745869 0.0622846 0.0627006 0.0613931 0.0827291 0.12552 0.122667 0.0946155 0.0697135 0.0546179 0.0294188 0.0215738 0.0213955 0.0102223 0.00600262
 0 0 0 0 0.00359764 0.0251062 0.0480494 0.140153 0.205849 0.193036 0.1447 0.116669 0.0760912 0.0342217 0.00950174 0.001854 0.000860785 0 0 0 0.000165536 0 0.000143464 0 0 0
 0 0 0 0 0 0 0 0.000145254 0.000435761 0.0275982 0.070085 0.0708112 0.156366 0.174668 0.174014 0.160142 0.0824315 0.0480064 0.0283245 0.00493863 0.00203355 0 0 0 0 0
 0 0 0 0 0 0 0 0 0 0 0 0 0 0 0 0 0 0 0 0 0 0 0 0 0 0
 0 0 1.00437e-05 0.000401748 0.00122533 0.00171747 0.00176769 0.0269171 0.070346 0.194647 0.189555 0.159765 0.064822 0.0314167 0.0384472 0.0292271 0.0345202 0.0313363 0.0194345 0.0106764 0.0143323 0.0359363 0.0279516 0.0138201 0.00172751 0
 0 0.0021121 0.0136068 0.0755702 0.200478 0.177729 0.0527432 0.0373336 0.0318909 0.0142505 0.0149659 0.0166563 0.0217959 0.0798694 0.0677717 0.0528807 0.04013 0.0224614 0.0357745 0.0225083 0.00881397 0.00855152 0.00135912 0.000746735 0 0
 0 0 0 0 5.4009e-05 0.00500934 0.000945158 0.0243581 0.138947 0.33067 0.221406 0.137944 0.0707744 0.0437923 0.0131692 0.00525238 0.0047753 0.00276346 9.45158e-05 9.00151e-06 2.25038e-05 9.00151e-06 4.50075e-06 0 0 0
 0.000866109 0.00284123 0.00948549 0.0512746 0.133035 0.25785 0.225252 0.132002 0.0553304 0.0519788 0.0540692 0.017754 0.00435017 0.00159236 0.00146478 0.000404838 0.000125132 0.000115318 0.000107957 0.000100596 0 0 0 0 0 0
 0 0 0 0 0.00144013 0.00171154 0.00461396 0.0210425 0.0478622 0.0707936 0.0888783 0.103762 0.0637923 0.0337046 0.0602308 0.124433 0.169614 0.0934646 0.0462172 0.0250306 0.0313229 0.00938855 0.002487 0.000210481 0 0
 0 0.00764035 0.051015 0.0998891 0.058973 0.0496711 0.0374665 0.0718981 0.12319 0.153886 0.159021 0.0857701 0.0377988 0.023471 0.0147837 0.00900784 0.00315554 0.000888139 0.00291439 0.00214683 0.00393193 0.00274676 0.000635225 9.99891e-05 0 0
 0 0 0 0 0 0 0 0 0 0 0 0 0 0 0 0 0 0 0 0 0 0 0 0 0 0
 0 0 0 0 0 0 0 0 0 0 0 0 0 0 0 0 0 0 0 0 0 0 0 0 0 0
 0 0 0 0 0 0 0 0 0 0 0 0 0 0 0 0 0 0 0 0 0 0 0 0 0 0
 0 0 0 0 0 0 0 0 0 0 0 0 0 0 0 0 0 0 0 0 0 0 0 0 0 0
 0 0 0 0 0 0 0 0 0 0 0 0 0 0 0 0 0 0 0 0 0 0 0 0 0 0
 0 0 0 0 0 0 0 0 0 0 0 0 0 0 0 0 0 0 0 0 0 0 0 0 0 0
 0 0 0 0 0 0 0 0 0 0 0 0 0 0 0 0 0 0 0 0 0 0 0 0 0 0
ppred_pel_tallas
 1.12224e-16 4.25196e-05 0.000413306 0.00274656 0.0124855 0.0388471 0.0827682 0.120805 0.120817 0.0828258 0.039042 0.0130551 0.00420107 0.00366983 0.00646509 0.0112397 0.0176245 0.025149 0.0332488 0.0414859 0.049489 0.0565915 0.0615835 0.0630053 0.059904 0.052495
 1.21546e-16 3.98514e-05 0.00038737 0.00257421 0.011702 0.0364094 0.0775751 0.113229 0.113254 0.0777015 0.036834 0.0129298 0.00566182 0.00714716 0.0129385 0.0214955 0.0313853 0.0404331 0.0465295 0.0489095 0.0486764 0.0480086 0.048634 0.0507468 0.0530597 0.0537379
 1.16793e-16 5.20345e-05 0.000505794 0.00336118 0.0152794 0.0475401 0.10129 0.147839 0.147857 0.101375 0.0478262 0.0161074 0.00544625 0.0050799 0.00880595 0.0146543 0.0215336 0.0280067 0.0326651 0.0349344 0.035413 0.0353778 0.0358519 0.0369738 0.0380626 0.038162
 1.07018e-16 6.33446e-05 0.000615732 0.00409176 0.0186006 0.0578733 0.123306 0.179971 0.179985 0.123375 0.0581058 0.0192726 0.00578096 0.00431065 0.00710289 0.0117023 0.0169971 0.0216936 0.0245304 0.0249637 0.0234923 0.0212909 0.0194428 0.0183738 0.0178263 0.0172321
 1.0458e-16 5.83199e-05 0.000566891 0.00376719 0.0171251 0.0532827 0.113525 0.165698 0.16572 0.113631 0.0536395 0.0181561 0.00635612 0.00622194 0.0108084 0.0178034 0.0257064 0.0324687 0.0360452 0.0355046 0.0315781 0.0261413 0.0210592 0.0172962 0.01481 0.0130305
 1.02834e-16 6.67837e-05 0.000649161 0.00431391 0.0196104 0.0610153 0.13 0.189742 0.189755 0.130063 0.0612283 0.0202262 0.00586139 0.0040335 0.00651237 0.010708 0.0155299 0.0197621 0.0222076 0.0223084 0.0204533 0.0176668 0.0149426 0.0127572 0.0110516 0.00953563
 1.04606e-16 4.57744e-05 0.000444944 0.00295681 0.0134412 0.0418209 0.0891051 0.130059 0.130094 0.0892752 0.042392 0.0150912 0.00709911 0.00949022 0.0172321 0.0284363 0.041008 0.0516736 0.0571233 0.0558314 0.0489525 0.0395065 0.0305379 0.023687 0.0190044 0.0156922
 1.09509e-16 4.37581e-05 0.000425344 0.00282656 0.0128492 0.0399786 0.0851796 0.124328 0.124353 0.0853049 0.0403997 0.0140681 0.00589628 0.00716001 0.0129322 0.0215669 0.0316631 0.0410714 0.0475939 0.0501709 0.0493948 0.0468625 0.0439455 0.0410215 0.0376527 0.033312
 1.1128e-16 5.23025e-05 0.000508399 0.00337849 0.0153581 0.0477849 0.101812 0.148601 0.14862 0.101904 0.0480949 0.0162551 0.00563642 0.00545915 0.00951926 0.0158264 0.0232042 0.0300628 0.0348258 0.036809 0.0365935 0.0355059 0.0346314 0.0341647 0.0335107 0.0318824
 1.05871e-16 6.49372e-05 0.000631213 0.00419463 0.0190682 0.0593283 0.126406 0.184495 0.184509 0.12647 0.059543 0.0196889 0.00575482 0.00404435 0.00656878 0.0108149 0.0157131 0.0200639 0.0226992 0.0231072 0.0217319 0.0196373 0.0178072 0.0166337 0.0159005 0.015125
 1.01853e-16 7.14583e-05 0.0006946 0.00461586 0.020983 0.0652861 0.139099 0.203022 0.203032 0.139149 0.0654521 0.0214627 0.00582014 0.00332454 0.00506921 0.00827546 0.0119339 0.0150503 0.0166647 0.0163401 0.0144183 0.0117807 0.00930955 0.0074705 0.00625852 0.00541661
 1.01358e-16 6.55971e-05 0.000637627 0.00423726 0.019262 0.0599312 0.12769 0.186372 0.186389 0.127774 0.0602106 0.0200688 0.00626227 0.00505717 0.00845591 0.013867 0.0199494 0.0250435 0.0275035 0.0265681 0.0228098 0.0177442 0.0129267 0.00923841 0.00677057 0.00516632
 1.02088e-16 6.15254e-05 0.000598049 0.00397425 0.0180664 0.0562113 0.119765 0.174804 0.174824 0.11986 0.0565317 0.0189923 0.00629961 0.00567792 0.00971958 0.015998 0.0231017 0.0291779 0.0323725 0.0318161 0.0281175 0.0229115 0.0178461 0.013811 0.0108559 0.00860633
 1.03304e-16 5.85281e-05 0.000568914 0.00378063 0.0171862 0.0534728 0.11393 0.166289 0.16631 0.114033 0.0538173 0.0181816 0.0062814 0.0060351 0.0104603 0.0172539 0.0249741 0.0316664 0.0353695 0.0351666 0.0316988 0.0266695 0.0217611 0.0178282 0.0148421 0.0123649
 1.0285e-16 6.60217e-05 0.000641754 0.00426468 0.0193866 0.0603191 0.128517 0.187577 0.187591 0.128584 0.060545 0.0200395 0.00590513 0.0042288 0.00689599 0.0113419 0.0164398 0.0209003 0.0234511 0.0235014 0.0214701 0.0184546 0.0155213 0.013184 0.0113801 0.00979466
 1.00474e-16 7.8729e-05 0.000765274 0.00508552 0.023118 0.0719288 0.153252 0.223676 0.22368 0.153269 0.0719851 0.0232807 0.00549387 0.00165705 0.0017734 0.00280987 0.00404642 0.0051018 0.00564594 0.00552841 0.00486227 0.00394348 0.00306975 0.00240055 0.00193962 0.00160852
 1.01312e-16 3.47744e-05 0.00033802 0.00224626 0.0102112 0.0317712 0.0676938 0.0988123 0.0988654 0.0679536 0.0326432 0.0127286 0.00856059 0.0141067 0.0261384 0.0430371 0.0617114 0.0770097 0.0837052 0.0793877 0.0659312 0.048298 0.031677 0.0191503 0.0112151 0.00677317
 1.0148e-16 7.58981e-05 0.000737757 0.00490265 0.0222867 0.0693424 0.147741 0.215633 0.215637 0.147757 0.0693964 0.0224435 0.005299 0.00161239 0.00176447 0.00286828 0.00428996 0.0057375 0.00695554 0.00780501 0.00830329 0.00853937 0.00854582 0.00825476 0.00757336 0.00649699
 1.01955e-16 5.46604e-05 0.000531319 0.0035308 0.0160505 0.0499393 0.106402 0.155303 0.155333 0.106548 0.0504289 0.0174639 0.00707615 0.00826308 0.014716 0.0241833 0.0346957 0.0433494 0.0472308 0.0450131 0.0377686 0.0282848 0.0194439 0.0129093 0.00886789 0.00661219
 1.04115e-16 5.55918e-05 0.000540372 0.00359096 0.016324 0.0507901 0.108215 0.157947 0.157968 0.108317 0.0511352 0.0173221 0.00610139 0.00603733 0.0105439 0.0174695 0.0254521 0.0326107 0.0370384 0.0378105 0.0354605 0.0314812 0.0272958 0.023551 0.0201556 0.0167874
 1.03847e-16 6.44763e-05 0.000626733 0.00416486 0.0189329 0.0589072 0.125509 0.183186 0.183201 0.125578 0.0591411 0.0196088 0.00586385 0.00434328 0.00714555 0.0117709 0.0170923 0.0217961 0.0245879 0.024875 0.0230971 0.0203726 0.0177588 0.0157179 0.0141094 0.0125494
 1.0276e-16 6.4845e-05 0.000630317 0.00418868 0.0190411 0.0592441 0.126226 0.184235 0.184251 0.126305 0.0595083 0.0198045 0.00610548 0.00481704 0.00802313 0.0131797 0.0190236 0.0240172 0.0266393 0.0261926 0.0232099 0.019073 0.0151615 0.0121979 0.0101713 0.00868962
 1.06704e-16 2.99089e-05 0.000290725 0.00193197 0.0087825 0.0273259 0.0582225 0.0849876 0.0850361 0.0584596 0.0281221 0.011083 0.00770909 0.012911 0.0240237 0.0397356 0.057394 0.0725006 0.0804721 0.0791752 0.0701577 0.057513 0.0453464 0.0358393 0.0290398 0.0239107
 1.06395e-16 6.47882e-05 0.000629764 0.004185 0.0190244 0.0591921 0.126115 0.184071 0.184078 0.126153 0.0593185 0.0193916 0.00511431 0.00268368 0.00403971 0.00677012 0.010201 0.0137818 0.0169761 0.0195113 0.0214576 0.0230027 0.0241341 0.0245385 0.0238079 0.0217581
 1.05747e-16 5.59424e-05 0.00054378 0.00361361 0.016427 0.0511105 0.108897 0.158944 0.158968 0.109016 0.05151 0.0175809 0.00650998 0.00686636 0.0120636 0.019857 0.0286096 0.036014 0.0397752 0.0388805 0.0342243 0.0280152 0.0224393 0.0186094 0.0164117 0.0150566
 1.08682e-16 4.07881e-05 0.000396475 0.00263472 0.0119771 0.0372653 0.0793988 0.115892 0.115925 0.0795614 0.0378113 0.0135557 0.00660336 0.00908014 0.0165916 0.027519 0.0399988 0.0510552 0.0576595 0.0583907 0.0542139 0.0476779 0.0412265 0.0359864 0.0317529 0.0277854
 1.06177e-16 6.45099e-05 0.000627059 0.00416703 0.0189427 0.0589378 0.125574 0.183281 0.183291 0.125625 0.0591102 0.0194419 0.00542511 0.0033901 0.00536115 0.00889048 0.0131065 0.0171293 0.0201023 0.0216338 0.0219849 0.0217836 0.0215076 0.0211768 0.0204548 0.0189919
 1.04324e-16 6.08742e-05 0.000591719 0.00393218 0.0178751 0.0556163 0.118497 0.172954 0.172974 0.118594 0.05594 0.0188103 0.00627999 0.00571814 0.00980053 0.0161166 0.0232388 0.0292907 0.0324117 0.0317679 0.0280559 0.0230275 0.018423 0.0151387 0.0131143 0.0117711
 1.08482e-16 3.11391e-05 0.000302683 0.00201144 0.00914372 0.0284498 0.0606168 0.0884814 0.0885258 0.0608342 0.0291797 0.0112534 0.00731185 0.0118894 0.0220828 0.0365796 0.0529751 0.067212 0.0751525 0.074865 0.0677162 0.0573173 0.0472269 0.0392398 0.0332662 0.0283351
 1.16938e-16 3.86723e-05 0.000375909 0.00249805 0.0113558 0.0353321 0.0752796 0.109877 0.109897 0.0753763 0.0356578 0.0123011 0.00488841 0.00565217 0.0102304 0.017301 0.0259745 0.0348871 0.0426337 0.0485341 0.0528677 0.05629 0.0589614 0.0602046 0.058966 0.0546202
 1.05834e-16 7.1612e-05 0.000696094 0.00462579 0.0210282 0.0654265 0.139398 0.203457 0.203463 0.139428 0.0655247 0.0213124 0.00534141 0.00226548 0.00307394 0.00502757 0.00737973 0.0095984 0.0112089 0.0120354 0.0123091 0.012485 0.0129028 0.0135598 0.0141414 0.0142396
pSPR Fmed_Fpbrs
0.613306   0.21797 0.21797
Fs Fmed_Fpbrs
0.270497   1.005 1.005
SSBpbr Bo_Bmed_Bpbrs
1.78285e+06  1.00429e+06  299465 299465
Ro
161961
SPR SPRFo_SPRFmed_SPRFpbrs
1.15327e+06 707307 251378
Fref
1.005
log_Ro
11.8151
likeval ReclasPelacesDesembMPH_pf_preclas_ppelaces_ptallas_desvR_qrecl_qpela
 12.4107 18.6035 0.0367269 0.00255057 228.882 120.481 82.5362 0 26.2167 0 0 0.186618 0 0 0
q_reclas_q_pelaces
1 1
M
1
N
 186453 43301.5 128193 8298.58 0.260968
 105071 61141.8 13720.2 40618.4 2629.51
 104883 31309.6 17108.3 3839.1 12101.3
 151625 31376.8 8805.72 4811.64 4483.19
 121717 39906.8 7472.41 2097.09 2213.57
 227173 39765.2 12583.6 2356.23 1359.25
 90293.8 66687.2 10912.4 3453.19 1019.61
 39039.8 19789.5 12521.4 2048.95 839.829
 39553.8 13163.2 6501.07 4113.43 948.997
 54155.1 10373.9 3120.59 1541.2 1200.15
 102952 12755.5 2138.83 643.383 565.194
 140036 34359.8 4135.09 693.369 391.798
 115515 34375.5 7474.71 899.557 236.07
 81147 29095.8 7732.41 1681.36 255.447
 79130.9 15693.3 4643.88 1234.14 309.127
 461512 18644.5 3236.97 957.869 318.322
 88428.2 121984 4464.71 775.141 305.604
 689609 26340.2 34115.7 1248.67 302.257
 406301 204646 7330.94 9495 431.649
 322321 110639 50939.5 1824.78 2470.89
 458842 90789.1 28775.9 13248.7 1117.25
 608865 137659 25629 8123.18 4055.38
 120107 172802 36156.7 6731.53 3198.73
 369508 37860.6 52015.8 10883.6 2989.14
 307541 118445 11647.1 16001.7 4267.71
 138001 98478.1 36387.8 3578.16 6227.04
 318984 45351.5 31291 11562.1 3115.56
 360081 102490 13994.2 9655.57 4529.13
 94840.3 118627 32670.6 4460.92 4521.63
 70113.9 31304.7 37908.9 10440.3 2870.49
 301098 21875.5 9298.2 11259.8 3953.6
pred_Ctot
 12922.7 3843.14 11377.5 736.524 0.0231617
 12837.6 9460.38 2122.91 6284.83 406.861
 12595.1 4763.65 2602.96 584.106 1841.18
 28025.3 7244.56 2033.14 1110.96 1035.12
 8696.07 3649.43 683.343 191.776 202.428
 29551.6 6539.78 2069.49 387.505 223.543
 24056.3 21781 3564.15 1127.86 333.018
 2074.56 1351.12 854.895 139.891 57.339
 7377.24 3065.67 1514.08 958.008 221.019
 12767 3019.83 908.396 448.641 349.36
 6086.53 967.701 162.264 48.8105 42.8787
 30433.8 9259.71 1114.38 186.858 105.587
 23742.6 8784.87 1910.21 229.887 60.3291
 25616.6 11126.9 2957.06 642.992 97.6892
 18643.3 4565.55 1351.02 359.042 89.9325
 84363.3 4259.33 739.483 218.825 72.7206
 10822 18904.7 691.93 120.129 47.3617
 85764.3 4146.59 5370.65 196.571 47.5826
 68372.9 43177.7 1546.73 2003.32 91.0721
 48793 21077.1 9704.09 347.624 470.71
 54402.8 13642.7 4324.08 1990.85 167.886
 89829.8 25580 4762.4 1509.46 753.575
 11005 20181.4 4222.71 786.169 373.578
 30392.1 3977.02 5463.93 1143.26 313.991
 25476.8 12529.6 1232.08 1692.73 451.458
 9392.61 8585.3 3172.28 311.943 542.872
 25813.1 4688.31 3234.78 1195.26 322.078
 23995 8750.64 1194.83 824.396 386.699
 6214.97 9962.51 2743.72 374.635 379.733
 6823.24 3878.46 4696.69 1293.49 355.636
 18641.4 1736.96 738.295 894.05 313.924
F
 0.114983 0.149317 0.149317 0.149317 0.149317
 0.210714 0.273634 0.273634 0.273634 0.273634
 0.206778 0.268523 0.268523 0.268523 0.268523
 0.334861 0.434852 0.434852 0.434852 0.434852
 0.118708 0.154155 0.154155 0.154155 0.154155
 0.225698 0.293093 0.293093 0.293093 0.293093
 0.517918 0.672571 0.672571 0.672571 0.672571
 0.0871587 0.113185 0.113185 0.113185 0.113185
 0.338365 0.439402 0.439402 0.439402 0.439402
 0.445891 0.579036 0.579036 0.579036 0.579036
 0.0973756 0.126452 0.126452 0.126452 0.126452
 0.404559 0.525362 0.525362 0.525362 0.525362
 0.378809 0.491923 0.491923 0.491923 0.491923
 0.643031 0.835043 0.835043 0.835043 0.835043
 0.445551 0.578595 0.578595 0.578595 0.578595
 0.330622 0.429347 0.429347 0.429347 0.429347
 0.211094 0.274128 0.274128 0.274128 0.274128
 0.214841 0.278994 0.278994 0.278994 0.278994
 0.300819 0.390645 0.390645 0.390645 0.390645
 0.267009 0.346739 0.346739 0.346739 0.346739
 0.203924 0.264816 0.264816 0.264816 0.264816
 0.259449 0.336922 0.336922 0.336922 0.336922
 0.154474 0.200601 0.200601 0.200601 0.200601
 0.137726 0.178851 0.178851 0.178851 0.178851
 0.138773 0.180212 0.180212 0.180212 0.180212
 0.112815 0.146502 0.146502 0.146502 0.146502
 0.135374 0.175797 0.175797 0.175797 0.175797
 0.110343 0.143291 0.143291 0.143291 0.143291
 0.108425 0.140801 0.140801 0.140801 0.140801
 0.164752 0.213948 0.213948 0.213948 0.213948
 0.102174 0.132684 0.132684 0.132684 0.132684
nmprior
 8 9 7.5 0
nm_flota  nm_reclas  nm_pelaces    nm_pelaL
inf 13.7485 15.2658 26.3307
cv_recla  cv_pelaces  cv_mph
0.318657 0.50753 1.55856
 ------------------------------------------------
Talla a la edad & desviación 
 8 13.2811 15.8009 17.003 17.5766
 0.8 1.32811 1.58009 1.7003 1.75766
