years
 1991 1992 1993 1994 1995 1996 1997 1998 1999 2000 2001 2002 2003 2004 2005 2006 2007 2008 2009 2010 2011 2012 2013 2014 2015 2016 2017 2018 2019 2020 2021
reclasobs
 0 0 0 0 0 0 0 0 0 252601 567819 844713 477998 351125 339783 2.1784e+06 2.13404e+06 4.81314e+06 1.55562e+06 2.62356e+06 3.21686e+06 3.843e+06 1.13348e+06 3.07943e+06 1.97215e+06 2.03268e+06 2.025e+06 2.42433e+06 2.27542e+06 1.05018e+06 2.36338e+06
reclaspred
 3.2803e+06 1.76519e+06 891252 889440 888499 1.73943e+06 909477 752016 518861 325189 500593 714900 701509 503516 477452 1.42531e+06 1.13505e+06 3.29312e+06 2.51257e+06 1.87497e+06 3.17547e+06 2.61743e+06 1.89353e+06 3.05798e+06 2.24907e+06 1.95454e+06 2.40883e+06 2.71372e+06 2.06982e+06 1.1456e+06 1.87346e+06
pelacesobs
 0 0 0 0 0 0 0 0 0 0 0 0 0 0 0 552880 188675 0 991730 2.46772e+06 1.41603e+06 1.21717e+06 2.29649e+06 1.80582e+06 0 1.4828e+06 1.56532e+06 1.57751e+06 1.42118e+06 867257 0
pelacespred
 1.80682e+06 1.04853e+06 507209 414095 464166 947509 417427 481268 290394 161569 283438 332588 364349 258780 254704 655213 536375 1.84183e+06 1.39971e+06 937478 1.65058e+06 1.38779e+06 1.05334e+06 1.89185e+06 1.31833e+06 1.16134e+06 1.63279e+06 1.81457e+06 1.16162e+06 705196 1.088e+06
mphobs
 0 0 0 0 0 0 0 0 0 0 0 498337 0 5186 125008 0 168611 109162 213762 579715 649985 157893 87575 83554 0 0 0 0 0 0 0
mphpred
 517479 345096 161750 89918.9 93028.5 114400 174785 84648.4 75070.3 43017.8 24430.8 62106.8 67577 53905.1 30552.3 38502.4 159013 123920 334324 218379 240618 289395 279999 212199 315551 259313 206912 230023 347242 210933 100134
desembarqueobs
 494567 514787 250237 358949 120608 361735 552515 73892 212993 205616 52469 317467 293654 387597 252695 516296 358380 742168 942051 627588 828172 859565 418607 520667 417249 300574 407403 355545 319650 289779 219260
desembarquepred
 494564 514099 250491 358977 120612 361720 552467 73896.7 213045 205661 52471.1 317500 293653 387491 252640 516172 358391 741960 941633 627281 828220 859430 418576 520670 417204 300554 407373 355491 319603 289764 219262
Reclutas
 157979 89703.5 88860.9 120691 97498.6 204751 73668.1 29037.1 30286.5 41073.8 75335.8 118691 98566.1 69931.4 59930.7 327237 54935.8 538526 286182 253740 313057 452171 80246.6 242836 211421 88468.4 204628 236932 62123 44397.4 205501
log_desv_Rt
 0.273597 -0.292355 -0.301792 0.00437282 -0.209027 0.532928 -0.489295 -1.42029 -1.37816 -1.07349 -0.46691 -0.0123378 -0.198138 -0.54135 -0.695675 1.00182 -0.7827 1.49997 0.867762 0.747446 0.957521 1.3252 -0.40376 0.703521 0.564985 -0.306219 0.532331 0.678908 -0.659748 -0.995683 0.536584
SSB
 1.60443e+06 1.06996e+06 501500 278790 288432 354695 541915 262449 232753 133375 75746.7 192560 209520 167131 94726.3 119375 493016 384210 1.03656e+06 677077 746029 897258 868127 657916 978356 803990 641524 713178 1.07661e+06 653989 310463
BT
 2.34117e+06 1.61553e+06 776922 742091 596027 1.34532e+06 933684 586955 524982 371272 355761 625607 662475 684418 532666 1.13993e+06 855180 2.69425e+06 2.41124e+06 1.56211e+06 2.48095e+06 2.29167e+06 1.49125e+06 2.5636e+06 1.80293e+06 1.51618e+06 2.20587e+06 2.34164e+06 1.50218e+06 1.03899e+06 1.38584e+06
Ftot
 0.258852 0.481738 0.476061 0.741867 0.253918 0.415169 0.982873 0.180433 0.736265 1.1093 0.22437 0.837523 0.782818 1.38389 1.05131 0.776478 0.544371 0.4776 0.676872 0.625701 0.498218 0.622453 0.382953 0.342404 0.339151 0.275201 0.335662 0.265934 0.25866 0.427442 0.246932
BD_Bspro_t
 0.959628 0.734301 0.504459 0.400922 0.38402 0.485739 0.511798 0.302051 0.349229 0.274729 0.2244 0.507516 0.390769 0.297302 0.187299 0.227676 0.42733 0.358561 0.528133 0.396097 0.37318 0.414526 0.433638 0.403931 0.534859 0.545326 0.547003 0.604829 0.681309 0.568929 0.472276
BD_Bspro
 1.87509 1.25046 0.586102 0.325822 0.33709 0.414531 0.633335 0.306724 0.272018 0.155875 0.088525 0.225044 0.244866 0.195326 0.110706 0.139514 0.576186 0.449026 1.21142 0.791299 0.871883 1.04862 1.01458 0.768905 1.1434 0.939622 0.749747 0.83349 1.25823 0.764316 0.362837
BD_Bo
 1.21354 0.809285 0.37932 0.210869 0.218162 0.268281 0.409889 0.198509 0.176048 0.100881 0.0572926 0.145647 0.158475 0.126413 0.0716483 0.0902921 0.372903 0.290606 0.784024 0.512122 0.564275 0.67866 0.656626 0.497629 0.74 0.608115 0.48523 0.539428 0.814318 0.494659 0.234825
BD_Brms
 6.31398 4.21066 1.97358 1.09714 1.13508 1.39585 2.13263 1.03283 0.915964 0.524878 0.29809 0.757791 0.824535 0.657719 0.372781 0.469784 1.94019 1.512 4.07922 2.66454 2.93589 3.53103 3.41638 2.58913 3.85017 3.16398 2.52462 2.80661 4.23684 2.57368 1.22178
Sel_flota
 0.674372 0.975216 0.998664 0.99993 0.999996
 0.674372 0.975216 0.998664 0.99993 0.999996
 0.674372 0.975216 0.998664 0.99993 0.999996
 0.674372 0.975216 0.998664 0.99993 0.999996
 0.674372 0.975216 0.998664 0.99993 0.999996
 0.674372 0.975216 0.998664 0.99993 0.999996
 0.674372 0.975216 0.998664 0.99993 0.999996
 0.674372 0.975216 0.998664 0.99993 0.999996
 0.674372 0.975216 0.998664 0.99993 0.999996
 0.674372 0.975216 0.998664 0.99993 0.999996
 0.674372 0.975216 0.998664 0.99993 0.999996
 0.674372 0.975216 0.998664 0.99993 0.999996
 0.674372 0.975216 0.998664 0.99993 0.999996
 0.674372 0.975216 0.998664 0.99993 0.999996
 0.674372 0.975216 0.998664 0.99993 0.999996
 0.674372 0.975216 0.998664 0.99993 0.999996
 0.674372 0.975216 0.998664 0.99993 0.999996
 0.674372 0.975216 0.998664 0.99993 0.999996
 0.674372 0.975216 0.998664 0.99993 0.999996
 0.674372 0.975216 0.998664 0.99993 0.999996
 0.674372 0.975216 0.998664 0.99993 0.999996
 0.674372 0.975216 0.998664 0.99993 0.999996
 0.674372 0.975216 0.998664 0.99993 0.999996
 0.674372 0.975216 0.998664 0.99993 0.999996
 0.674372 0.975216 0.998664 0.99993 0.999996
 0.674372 0.975216 0.998664 0.99993 0.999996
 0.674372 0.975216 0.998664 0.99993 0.999996
 0.674372 0.975216 0.998664 0.99993 0.999996
 0.674372 0.975216 0.998664 0.99993 0.999996
 0.674372 0.975216 0.998664 0.99993 0.999996
 0.674372 0.975216 0.998664 0.99993 0.999996
Sel_reclas
 1 1 1 1 1
 1 1 1 1 1
 1 1 1 1 1
 1 1 1 1 1
 1 1 1 1 1
 1 1 1 1 1
 1 1 1 1 1
 1 1 1 1 1
 1 1 1 1 1
 1 1 1 1 1
 1 1 1 1 1
 1 1 1 1 1
 1 1 1 1 1
 1 1 1 1 1
 1 1 1 1 1
 1 1 1 1 1
 1 1 1 1 1
 1 1 1 1 1
 1 1 1 1 1
 1 1 1 1 1
 1 1 1 1 1
 1 1 1 1 1
 1 1 1 1 1
 1 1 1 1 1
 1 1 1 1 1
 1 1 1 1 1
 1 1 1 1 1
 1 1 1 1 1
 1 1 1 1 1
 1 1 1 1 1
 1 1 1 1 1
Sel_pelaces
 0.94907 1 1 1 1
 0.94907 1 1 1 1
 0.94907 1 1 1 1
 0.94907 1 1 1 1
 0.94907 1 1 1 1
 0.94907 1 1 1 1
 0.94907 1 1 1 1
 0.94907 1 1 1 1
 0.94907 1 1 1 1
 0.94907 1 1 1 1
 0.94907 1 1 1 1
 0.94907 1 1 1 1
 0.94907 1 1 1 1
 0.94907 1 1 1 1
 0.94907 1 1 1 1
 0.94907 1 1 1 1
 0.94907 1 1 1 1
 0.94907 1 1 1 1
 0.94907 1 1 1 1
 0.94907 1 1 1 1
 0.94907 1 1 1 1
 0.94907 1 1 1 1
 0.94907 1 1 1 1
 0.94907 1 1 1 1
 0.94907 1 1 1 1
 0.94907 1 1 1 1
 0.94907 1 1 1 1
 0.94907 1 1 1 1
 0.94907 1 1 1 1
 0.94907 1 1 1 1
 0.94907 1 1 1 1
pf_obs 
 0.8446 0.082 0.0669 0.0065 0
 0.8095 0.147 0.0364 0.0071 0
 0.9664 0.0169 0.016 0.0007 0
 0.9276 0.0648 0.0075 0.0001 0
 0.7033 0.2144 0.0806 0.0017 0
 0.9318 0.0425 0.0243 0.0014 0
 0.5671 0.3108 0.0964 0.0239 0.0018
 0.0768 0.2599 0.5324 0.112 0.0189
 0.490249 0.384438 0.106611 0.0170017 0.00170017
 0.7925 0.1577 0.0466 0.003 0.0002
 0.840416 0.127587 0.0312969 0.00059994 9.999e-05
 0.8084 0.0986 0.0794 0.0134 0.0002
 0.7335 0.1905 0.0724 0.0035 0.0001
 0.4001 0.4547 0.1325 0.0127 0
 0.49795 0.308269 0.164784 0.0264974 0.00249975
 0.9179 0.0499 0.0305 0.0017 0
 0.2467 0.6533 0.0926 0.0074 0
 0.9418 0.0223 0.034 0.0019 0
 0.707729 0.231977 0.0356964 0.0245975 0
 0.517169 0.277429 0.184464 0.0207286 0.00020938
 0.811772 0.124168 0.05621 0.00726502 0.000585176
 0.764997 0.148141 0.077277 0.00933861 0.000247198
 0.163321 0.427699 0.378323 0.0303852 0.000271297
 0.753843 0.0900009 0.118128 0.0371064 0.000921714
 0.721811 0.176058 0.0630433 0.0369309 0.00215725
 0.143369 0.312575 0.442814 0.0836902 0.0175525
 0.692698 0.0596174 0.167031 0.0765114 0.00414204
 0.394062 0.376323 0.152708 0.0712218 0.00568511
 0.125707 0.32114 0.495352 0.0537591 0.00404204
 0.23352 0.215282 0.420074 0.123614 0.00750983
 0 0 0 0 0
pf_pred 
 0.506533 0.152317 0.316973 0.0241762 8.73851e-07
 0.449882 0.334668 0.0677258 0.137268 0.0104554
 0.604842 0.222051 0.106577 0.0209363 0.0455935
 0.729801 0.190871 0.0451686 0.0210443 0.0131151
 0.678245 0.262648 0.0421742 0.00964941 0.00728405
 0.788673 0.160318 0.0418409 0.00654427 0.00262383
 0.458745 0.46133 0.0610575 0.0154813 0.00338693
 0.465744 0.316915 0.186277 0.0237426 0.0073221
 0.575469 0.239359 0.11098 0.0635995 0.0105917
 0.765239 0.162595 0.0413034 0.0185111 0.0123521
 0.864599 0.115497 0.0139571 0.00340696 0.00254023
 0.773624 0.204795 0.0184788 0.00217568 0.000925753
 0.718254 0.239815 0.0380608 0.00331446 0.000555216
 0.677694 0.260824 0.0526013 0.00806272 0.000818206
 0.785455 0.171507 0.0351261 0.00677202 0.00114058
 0.951634 0.0418616 0.00524021 0.00103209 0.000232002
 0.354963 0.625783 0.0167414 0.0020248 0.000487534
 0.928758 0.0330254 0.0371097 0.000962789 0.000144243
 0.586583 0.394228 0.00903768 0.00985786 0.000293603
 0.66292 0.23467 0.097807 0.0021698 0.00243292
 0.740114 0.197507 0.0438471 0.0176999 0.000831478
 0.76916 0.188603 0.0323326 0.00696559 0.00293917
 0.309057 0.581885 0.0896239 0.0148826 0.00455123
 0.756797 0.0986572 0.122272 0.0183099 0.00396423
 0.63958 0.297941 0.0257644 0.0310639 0.00565047
 0.426824 0.417634 0.129205 0.0108703 0.0154672
 0.741876 0.136169 0.0895024 0.0269642 0.00548841
 0.696469 0.247125 0.0301462 0.019279 0.00698003
 0.320132 0.526211 0.125726 0.0149377 0.012993
 0.409871 0.243714 0.269723 0.0627679 0.0139241
 0.861373 0.0720253 0.0279768 0.0300841 0.00854071
pobs_RECLAS
 0 0 0 0 0
 0 0 0 0 0
 0 0 0 0 0
 0 0 0 0 0
 0 0 0 0 0
 0 0 0 0 0
 0 0 0 0 0
 0 0 0 0 0
 0 0 0 0 0
 0 0 0 0 0
 0.991045 0.00858322 0.000360255 1.14367e-05 0
 0.934742 0.0480273 0.0164251 0.00080598 0
 0.827803 0.169806 0.00239088 0 0
 0.941827 0.0461693 0.0120037 0 0
 0.791401 0.0380133 0.147996 0.0225897 0
 0.846168 0.0940531 0.0597789 0 0
 0.134021 0.677848 0.182769 0.00536245 0
 0.80878 0.0450904 0.141981 0.00414843 0
 0.846168 0.0940531 0.0597789 0 0
 0.905697 0.0802665 0.012482 0.00150086 5.37128e-05
 0.989698 0.0102097 9.19794e-05 0 0
 0.975433 0.0193895 0.00387452 0.00125025 5.28907e-05
 0.303575 0.632131 0.0575291 0.00676475 0
 0.966965 0.00978017 0.0227588 0.000495775 0
 0.843318 0.132988 0.00938335 0.0141283 0.000182051
 0.564624 0.303363 0.111486 0.0197234 0.00080311
 0.826376 0.0876187 0.0782897 0.00655872 0.00115652
 0.89761 0.0855135 0.0140674 0.00269457 0.000114338
 0.34875 0.467042 0.161289 0.0227151 0.000203297
 0.318654 0.224769 0.449479 0.00709798 0
 0.937255 0.0296025 0.0250945 0.00804832 0
ppred_RECLAS
 0.603376 0.124506 0.252857 0.0192609 6.96139e-07
 0.548396 0.277528 0.0547705 0.110862 0.00844346
 0.694619 0.173525 0.0812232 0.0159344 0.0346983
 0.802029 0.140941 0.032492 0.015117 0.00942044
 0.755213 0.20072 0.0314544 0.00718741 0.00542518
 0.846238 0.11735 0.0298746 0.00466645 0.00187082
 0.562142 0.37471 0.0482569 0.0122178 0.00267275
 0.561329 0.262786 0.150773 0.0191926 0.0059185
 0.671084 0.187605 0.0847408 0.0484947 0.00807559
 0.833336 0.116442 0.0287626 0.0128713 0.00858813
 0.903174 0.0828891 0.00977631 0.00238334 0.00177689
 0.836745 0.148066 0.0130094 0.00152955 0.000650774
 0.79241 0.177385 0.0274208 0.00238454 0.000399413
 0.766175 0.190289 0.037256 0.00570154 0.000578545
 0.847964 0.122213 0.0243469 0.00468695 0.000789337
 0.967149 0.0285336 0.00347907 0.000684263 0.000153802
 0.448051 0.535877 0.0139776 0.00168824 0.000406468
 0.951024 0.0230098 0.0252149 0.00065331 9.78709e-05
 0.678171 0.307265 0.00686416 0.00747676 0.000222669
 0.745712 0.178408 0.0724743 0.00160561 0.00180018
 0.808235 0.146625 0.0317424 0.0127964 0.000601086
 0.832006 0.137903 0.0230424 0.00495737 0.00209164
 0.396644 0.51011 0.0766474 0.0127109 0.00388686
 0.82193 0.0733041 0.08864 0.0132562 0.00286986
 0.722595 0.230318 0.0194324 0.0233987 0.00425589
 0.522222 0.350439 0.105801 0.00888964 0.0126482
 0.809505 0.101676 0.0652064 0.0196188 0.00399303
 0.770645 0.187595 0.0223326 0.0142636 0.00516382
 0.408277 0.460519 0.107381 0.0127414 0.0110819
 0.508291 0.206079 0.222461 0.0517007 0.0114682
 0.901578 0.0517529 0.0196189 0.0210693 0.00598106
pobs_PELACES
 0 0 0 0 0
 0 0 0 0 0
 0 0 0 0 0
 0 0 0 0 0
 0 0 0 0 0
 0 0 0 0 0
 0 0 0 0 0
 0 0 0 0 0
 0 0 0 0 0
 0 0 0 0 0
 0 0 0 0 0
 0 0 0 0 0
 0 0 0 0 0
 0 0 0 0 0
 0 0 0 0 0
 0 0 0 0 0
 0.505614 0.472636 0.0217494 0 0
 0 0 0 0 0
 0.443492 0.261883 0.143347 0.151278 0
 0.227955 0.32914 0.350689 0.0885471 0.00366901
 0.970185 0.0296113 0.000203453 0 0
 0.997202 0.00247181 0.000326279 0 0
 0.445219 0.490057 0.0546422 0.010081 0
 0.90214 0.0892962 0.00764917 0.000914606 0
 0 0 0 0 0
 0.581667 0.319106 0.0959925 0.00289975 0.000334073
 0.762889 0.0836404 0.116647 0.0363945 0.000428098
 0.88444 0.0763242 0.0277011 0.0115352 0
 0.521256 0.241999 0.230069 0.00667565 0
 0.616807 0.101726 0.260614 0.0208532 0
 0 0 0 0 0
ppred_PELACES
 0.597331 0.126578 0.25655 0.0195401 7.06228e-07
 0.547663 0.278393 0.0547366 0.110771 0.00843645
 0.6939 0.174216 0.0812468 0.0159358 0.0347011
 0.805666 0.138586 0.0317661 0.0147747 0.00920697
 0.750243 0.204869 0.0320416 0.00732081 0.00552584
 0.844895 0.118466 0.030062 0.00469491 0.00188221
 0.573531 0.365368 0.0466973 0.0118181 0.00258525
 0.552991 0.267932 0.153512 0.0195397 0.00602551
 0.676211 0.185142 0.0831535 0.0475716 0.00792176
 0.84157 0.110982 0.0271796 0.0121573 0.00811152
 0.900542 0.0851643 0.0100272 0.00244428 0.00182232
 0.841 0.144294 0.0125961 0.00148044 0.000629868
 0.796707 0.173867 0.0267146 0.00232236 0.000388992
 0.781419 0.178239 0.0345251 0.00528056 0.000535811
 0.854759 0.116938 0.0231074 0.00444637 0.000748804
 0.967953 0.0278574 0.00337627 0.00066383 0.000149207
 0.448519 0.535488 0.0139087 0.00167954 0.000404369
 0.950889 0.0231185 0.0252406 0.000653846 9.79502e-05
 0.681473 0.304187 0.00675989 0.00736111 0.000219221
 0.747847 0.177166 0.0716221 0.00158631 0.00177852
 0.807942 0.146985 0.0316978 0.0127757 0.000600109
 0.833454 0.136833 0.0227539 0.00489402 0.00206489
 0.393349 0.513134 0.0768736 0.0127464 0.00389767
 0.819471 0.074433 0.089767 0.0134228 0.00290591
 0.718944 0.233457 0.0196456 0.023652 0.00430194
 0.516137 0.355106 0.106982 0.00898783 0.0127878
 0.806758 0.10327 0.0660564 0.0198718 0.00404448
 0.766109 0.191379 0.0227362 0.0145197 0.00525652
 0.401976 0.465632 0.108356 0.0128557 0.0111813
 0.506318 0.207308 0.223049 0.0518281 0.0114963
 0.899172 0.0530676 0.0200789 0.021561 0.00612062
pobs_pel_tallas
 0 0 0 0 0 0 0 0 0 0 0 0 0 0 0 0 0 0 0 0 0 0 0 0 0 0
 0 0 0 0 0 0 0 0 0 0 0 0 0 0 0 0 0 0 0 0 0 0 0 0 0 0
 0 0 0 0 0 0 0 0 0 0 0 0 0 0 0 0 0 0 0 0 0 0 0 0 0 0
 0 0 0 0 0 0 0 0 0 0 0 0 0 0 0 0 0 0 0 0 0 0 0 0 0 0
 0 0 0 0 0 0 0 0 0 0 0 0 0 0 0 0 0 0 0 0 0 0 0 0 0 0
 0 0 0 0 0 0 0 0 0 0 0 0 0 0 0 0 0 0 0 0 0 0 0 0 0 0
 0 0 0 0 0 0 0 0 0 0 0 0 0 0 0 0 0 0 0 0 0 0 0 0 0 0
 0 0 0 0 0 0 0 0 0 0 0 0 0 0 0 0 0 0 0 0 0 0 0 0 0 0
 0 0 0 0 0 0 0 0 0 0 0 0 0 0 0 0 0 0 0 0 0 0 0 0 0 0
 0 0 0 0 0 0 0 0 0 0 0 0 0 0 0 0 0 0 0 0 0 0 0 0 0 0
 0 0 0 0 0 0 0 0 0 0 0 0 0 0 0 0 0 0 0 0 0 0 0 0 0 0
 0 0 0 0 0 0 0 0 0 0 0 0 0 0 0 0 0 0 0 0 0 0 0 0 0 0
 0.00862536 0 0 0.000197151 0.00414017 0.0128641 0.00837892 0.0270097 0.101434 0.158115 0.152841 0.127902 0.109271 0.109419 0.0830992 0.0579132 0.0238553 0.00714673 0.00463305 0.00128148 0.00103504 0.000492878 0.000147863 0.000147863 4.92878e-05 0
 0 0 0 0 0 0 0 0 0 0 0 0 0 0 0 0 0 0 0 0 0 0 0 0 0 0
 0 0 0 0 0 0 0 0.0054083 0.00873648 0.0413646 0.0450493 0.0745869 0.0622846 0.0627006 0.0613931 0.0827291 0.12552 0.122667 0.0946155 0.0697135 0.0546179 0.0294188 0.0215738 0.0213955 0.0102223 0.00600262
 0 0 0 0 0.00359764 0.0251062 0.0480494 0.140153 0.205849 0.193036 0.1447 0.116669 0.0760912 0.0342217 0.00950174 0.001854 0.000860785 0 0 0 0.000165536 0 0.000143464 0 0 0
 0 0 0 0 0 0 0 0.000145254 0.000435761 0.0275982 0.070085 0.0708112 0.156366 0.174668 0.174014 0.160142 0.0824315 0.0480064 0.0283245 0.00493863 0.00203355 0 0 0 0 0
 0 0 0 0 0 0 0 0 0 0 0 0 0 0 0 0 0 0 0 0 0 0 0 0 0 0
 0 0 1.00437e-05 0.000401748 0.00122533 0.00171747 0.00176769 0.0269171 0.070346 0.194647 0.189555 0.159765 0.064822 0.0314167 0.0384472 0.0292271 0.0345202 0.0313363 0.0194345 0.0106764 0.0143323 0.0359363 0.0279516 0.0138201 0.00172751 0
 0 0.0021121 0.0136068 0.0755702 0.200478 0.177729 0.0527432 0.0373336 0.0318909 0.0142505 0.0149659 0.0166563 0.0217959 0.0798694 0.0677717 0.0528807 0.04013 0.0224614 0.0357745 0.0225083 0.00881397 0.00855152 0.00135912 0.000746735 0 0
 0 0 0 0 5.4009e-05 0.00500934 0.000945158 0.0243581 0.138947 0.33067 0.221406 0.137944 0.0707744 0.0437923 0.0131692 0.00525238 0.0047753 0.00276346 9.45158e-05 9.00151e-06 2.25038e-05 9.00151e-06 4.50075e-06 0 0 0
 0.000866109 0.00284123 0.00948549 0.0512746 0.133035 0.25785 0.225252 0.132002 0.0553304 0.0519788 0.0540692 0.017754 0.00435017 0.00159236 0.00146478 0.000404838 0.000125132 0.000115318 0.000107957 0.000100596 0 0 0 0 0 0
 0 0 0 0 0.00144013 0.00171154 0.00461396 0.0210425 0.0478622 0.0707936 0.0888783 0.103762 0.0637923 0.0337046 0.0602308 0.124433 0.169614 0.0934646 0.0462172 0.0250306 0.0313229 0.00938855 0.002487 0.000210481 0 0
 0 0.00764035 0.051015 0.0998891 0.058973 0.0496711 0.0374665 0.0718981 0.12319 0.153886 0.159021 0.0857701 0.0377988 0.023471 0.0147837 0.00900784 0.00315554 0.000888139 0.00291439 0.00214683 0.00393193 0.00274676 0.000635225 9.99891e-05 0 0
 0 0 0 0 0 0 0 0 0 0 0 0 0 0 0 0 0 0 0 0 0 0 0 0 0 0
 0 0 0 0 0 0 0 0 0 0 0 0 0 0 0 0 0 0 0 0 0 0 0 0 0 0
 0 0 0 0 0 0 0 0 0 0 0 0 0 0 0 0 0 0 0 0 0 0 0 0 0 0
 0 0 0 0 0 0 0 0 0 0 0 0 0 0 0 0 0 0 0 0 0 0 0 0 0 0
 0 0 0 0 0 0 0 0 0 0 0 0 0 0 0 0 0 0 0 0 0 0 0 0 0 0
 0 0 0 0 0 0 0 0 0 0 0 0 0 0 0 0 0 0 0 0 0 0 0 0 0 0
 0 0 0 0 0 0 0 0 0 0 0 0 0 0 0 0 0 0 0 0 0 0 0 0 0 0
ppred_pel_tallas
 1.09396e-16 4.92014e-05 0.000478255 0.00317817 0.0144475 0.0449517 0.0957747 0.139789 0.139801 0.0958363 0.0451596 0.0150529 0.00471574 0.00389401 0.00670957 0.0114652 0.0175588 0.0242568 0.0307639 0.0365853 0.0415881 0.045642 0.0482249 0.0484679 0.0456822 0.0399274
 1.14188e-16 4.51104e-05 0.000438489 0.00291391 0.0132462 0.0412141 0.0878121 0.12817 0.128197 0.0879435 0.0416557 0.0145224 0.00612087 0.00745157 0.0134021 0.0221904 0.032226 0.0411246 0.0465329 0.0474884 0.0450282 0.0414495 0.038793 0.037726 0.03751 0.036798
 1.0986e-16 5.71557e-05 0.000555574 0.00369198 0.0167832 0.0522189 0.111259 0.162389 0.162406 0.111341 0.0524965 0.0175861 0.00571225 0.0049821 0.00851222 0.0141099 0.0206245 0.0265862 0.0305396 0.0318397 0.0310109 0.0293046 0.0278229 0.0269126 0.0261999 0.025059
 1.03992e-16 6.63617e-05 0.000645059 0.00428665 0.0194865 0.0606297 0.129179 0.188543 0.188556 0.129244 0.0608494 0.0201212 0.00588122 0.00413021 0.00669785 0.0110015 0.0159229 0.0202002 0.022599 0.0225666 0.0205546 0.0176906 0.0150634 0.013186 0.0119508 0.0109488
 1.02647e-16 6.17965e-05 0.000600684 0.00399176 0.018146 0.056459 0.120293 0.175575 0.175594 0.120389 0.056783 0.0190821 0.00634189 0.00573199 0.00980997 0.0161277 0.023245 0.0292706 0.0323199 0.0315253 0.027546 0.0221076 0.0169559 0.0130412 0.0104056 0.00859655
 1.01688e-16 6.95929e-05 0.000676468 0.00449537 0.0204353 0.0635818 0.135468 0.197722 0.197734 0.135524 0.0637696 0.0209779 0.00585841 0.00365534 0.00573678 0.00939931 0.0135924 0.0172154 0.0191921 0.0190196 0.0170493 0.0142188 0.0114602 0.00925728 0.00760882 0.00628195
 1.03064e-16 4.72411e-05 0.0004592 0.00305155 0.0138719 0.0431609 0.0919601 0.134226 0.134261 0.0921321 0.0437385 0.0155401 0.00723858 0.00959824 0.0174001 0.0286811 0.0412879 0.0518701 0.0570403 0.0552316 0.047624 0.0373342 0.027548 0.0200506 0.0150006 0.0116462
 1.07478e-16 4.55492e-05 0.000442754 0.00294226 0.0133751 0.041615 0.0886662 0.129416 0.129442 0.0887934 0.0420425 0.0146122 0.00605643 0.00727016 0.0130974 0.0218033 0.0319224 0.0412235 0.0474239 0.0494157 0.047812 0.0443067 0.0404209 0.0366939 0.0328194 0.0283405
 1.08559e-16 5.56986e-05 0.00054141 0.00359786 0.0163554 0.0508877 0.108422 0.158249 0.158267 0.10851 0.0511827 0.0172087 0.00574497 0.00524609 0.00904285 0.0149999 0.0219319 0.0282851 0.0325169 0.0339406 0.033099 0.031287 0.0296199 0.0284048 0.0272094 0.0253928
 1.03405e-16 6.9319e-05 0.000673806 0.00447768 0.0203549 0.0633316 0.134935 0.196944 0.196955 0.134987 0.0635076 0.0208634 0.00575532 0.00346676 0.00538514 0.00882379 0.0127783 0.0162297 0.018193 0.0182277 0.0166941 0.0144875 0.0124676 0.0110311 0.0100799 0.0092806
 1.00865e-16 7.41765e-05 0.000721022 0.00479144 0.0217812 0.0677695 0.14439 0.210744 0.210752 0.14443 0.0679041 0.02217 0.00576714 0.0028505 0.00411707 0.00668539 0.00961511 0.0120742 0.0132693 0.0128372 0.0110575 0.00866315 0.00640311 0.00469651 0.003577 0.00285936
 1.00656e-16 6.9272e-05 0.000673349 0.00447464 0.0203411 0.0632887 0.134844 0.196811 0.196825 0.134912 0.0635166 0.0209991 0.00612582 0.00427567 0.0069042 0.0112871 0.0162118 0.0202996 0.0221944 0.0212692 0.0179975 0.0136388 0.00949776 0.00633255 0.00424767 0.00296286
 1.01115e-16 6.56238e-05 0.000637886 0.00423898 0.0192698 0.0599556 0.127742 0.186447 0.186464 0.127824 0.0602306 0.020064 0.0062327 0.00499036 0.00833215 0.0136715 0.0196885 0.0247572 0.027262 0.0264486 0.0228605 0.0179564 0.0132311 0.00952874 0.00694323 0.00515659
 1.01663e-16 6.43645e-05 0.000625646 0.00415764 0.0189 0.0588051 0.125291 0.18287 0.182887 0.125375 0.0590872 0.0197151 0.00620432 0.00509572 0.00856009 0.0140657 0.0202927 0.0255933 0.0283278 0.0277297 0.0243445 0.0196322 0.0150707 0.0114671 0.00887623 0.00696214
 1.0127e-16 7.04054e-05 0.000684366 0.00454785 0.0206739 0.0643242 0.13705 0.200031 0.200042 0.137105 0.0645093 0.0212087 0.0058909 0.00361788 0.00564641 0.00923551 0.0133257 0.0168159 0.0186319 0.0182736 0.0161006 0.0130692 0.0101434 0.00784347 0.00619421 0.00496526
 1.00197e-16 7.9729e-05 0.000774995 0.00515011 0.0234117 0.0728424 0.155198 0.226517 0.22652 0.155212 0.0728864 0.0235388 0.00546926 0.00147153 0.0014021 0.00219044 0.0031445 0.0039473 0.00433517 0.00418777 0.003595 0.00279531 0.00203342 0.00144799 0.00105367 0.000795008
 1.00776e-16 3.69441e-05 0.000359109 0.00238641 0.0108483 0.0337534 0.0719171 0.104976 0.105027 0.0721687 0.034598 0.0132866 0.00850192 0.0136927 0.025311 0.0416573 0.0597034 0.0744422 0.080796 0.0764236 0.0631488 0.0458063 0.0294653 0.0171577 0.0093992 0.00513674
 1.00817e-16 7.83235e-05 0.000761332 0.00505932 0.0229989 0.0715582 0.152462 0.222524 0.222526 0.152474 0.0715955 0.023107 0.00533218 0.00136232 0.00123525 0.00195852 0.00290718 0.00384908 0.00459777 0.00505514 0.00524317 0.00524681 0.0051208 0.00484856 0.00438256 0.00371602
 1.01049e-16 5.61321e-05 0.000545624 0.00362586 0.0164827 0.0512839 0.109267 0.159484 0.159513 0.10941 0.0517637 0.0178678 0.0071 0.0081205 0.0144153 0.0236721 0.0339308 0.0423252 0.0459792 0.0435761 0.0361651 0.0264986 0.0174475 0.0107055 0.00652014 0.00424416
 1.02573e-16 6.15992e-05 0.000598766 0.00397901 0.018088 0.0562787 0.119908 0.175013 0.17503 0.119992 0.0565603 0.0189023 0.00602638 0.00507917 0.00860267 0.0142072 0.0206507 0.0263613 0.0297592 0.0300805 0.0277767 0.0241135 0.0203227 0.0170052 0.0141367 0.0114653
 1.02336e-16 6.65491e-05 0.000646881 0.00429875 0.0195415 0.060801 0.129543 0.189075 0.18909 0.129613 0.0610338 0.0202143 0.00598849 0.00433883 0.00708786 0.0116378 0.0168184 0.0212772 0.0236819 0.0234189 0.0209445 0.0174474 0.0141035 0.0115126 0.00964691 0.00817158
 1.01532e-16 6.86505e-05 0.000667307 0.00443449 0.0201586 0.0627209 0.133634 0.195045 0.195059 0.133698 0.0629374 0.0207839 0.00600455 0.00409565 0.00658231 0.0107801 0.0155383 0.0195729 0.0216226 0.0211042 0.0184508 0.0148052 0.0113245 0.00864064 0.00678837 0.00548241
 1.04288e-16 3.23997e-05 0.000314937 0.00209287 0.00951391 0.0296016 0.0630711 0.0920644 0.0921139 0.0633128 0.0304131 0.0118579 0.00797694 0.0131606 0.0244303 0.040341 0.0581176 0.0730974 0.0805352 0.0782234 0.0677873 0.0535474 0.0399133 0.0293466 0.0220676 0.0170666
 1.04448e-16 6.74988e-05 0.000656112 0.0043601 0.0198204 0.0616686 0.131392 0.191771 0.191779 0.131427 0.0617889 0.0201696 0.00524282 0.00260339 0.00382518 0.0063722 0.00953498 0.0127467 0.0154562 0.0173785 0.0185895 0.0193255 0.0196774 0.019472 0.0184317 0.0164434
 1.03727e-16 5.92185e-05 0.000575625 0.00382523 0.017389 0.0541036 0.115274 0.168251 0.168273 0.115384 0.0544725 0.0184542 0.0064986 0.00640976 0.0111342 0.0183012 0.0263329 0.033071 0.0363687 0.035264 0.030568 0.0243293 0.0186095 0.014512 0.0120265 0.0105122
 1.06244e-16 4.25136e-05 0.000413247 0.00274617 0.0124837 0.0388417 0.0827576 0.120794 0.120829 0.0829253 0.0394051 0.0141121 0.00683788 0.00935952 0.0170742 0.028267 0.0409645 0.0520322 0.0582809 0.0582104 0.0528442 0.0449203 0.0371344 0.0308438 0.0259929 0.0218875
 1.04611e-16 6.64516e-05 0.000645933 0.00429245 0.0195129 0.0607118 0.129353 0.188797 0.188807 0.129402 0.0608769 0.0199908 0.00549645 0.00328826 0.00512598 0.00847751 0.0124605 0.0162063 0.0188683 0.0200496 0.0199951 0.0193269 0.0185543 0.0177714 0.016738 0.0151838
 1.03051e-16 6.31034e-05 0.000613388 0.00407618 0.0185297 0.0576529 0.122836 0.179287 0.179306 0.122926 0.0579555 0.0194036 0.00626971 0.00540166 0.00915648 0.0150372 0.0216565 0.0272409 0.0300331 0.0292388 0.0255034 0.0204759 0.0158149 0.0124076 0.0102536 0.00886022
 1.06428e-16 3.31103e-05 0.000321844 0.00213877 0.00972256 0.0302507 0.0644541 0.094082 0.094127 0.0646737 0.0309884 0.0118541 0.00749242 0.0120194 0.0222794 0.0368596 0.0532792 0.0673837 0.0749388 0.0739642 0.0658652 0.0543824 0.0432586 0.0344715 0.02806 0.0230993
 1.13633e-16 4.17048e-05 0.000405386 0.00269393 0.0122462 0.0381027 0.0811826 0.118493 0.118513 0.0812819 0.0384371 0.0132163 0.0051444 0.00580603 0.0104492 0.0176035 0.0262796 0.0349898 0.0422005 0.0471552 0.0501606 0.0520176 0.0531209 0.0530549 0.050987 0.0464175
 1.03792e-16 7.40636e-05 0.000719925 0.00478415 0.0217481 0.0676663 0.14417 0.210422 0.210427 0.144196 0.0677508 0.0219925 0.00539919 0.00206751 0.00264831 0.00430138 0.00628742 0.00812239 0.00937633 0.00987745 0.00981275 0.00957991 0.00950296 0.00963637 0.00978144 0.00965532
pSPR Fmed_Fpbrs
0.466386   0.242199 0.242199
Fs Fmed_Fpbrs
0.477785   1.005 1.005
SSBpbr Bo_Bmed_Bpbrs
1.3221e+06  550505  254107 254107
Ro
120165
SPR SPRFo_SPRFmed_SPRFpbrs
855653 399065 207238
Fref
1.005
log_Ro
11.5166
likeval ReclasPelacesDesembMPH_pf_preclas_ppelaces_ptallas_desvR_qrecl_qpela
 11.7155 16.6158 0.0187924 0.0008275 230.519 118.748 84.08 0 25.4203 1.31672e-05 3.02111e-05 0.080975 0 0 0
q_reclas_q_pelaces
1.6723 2.1858
M
1
N
 157979 33893.1 69042.1 5260.02 0.190112
 89703.5 48808.3 9686.9 19613.4 1493.82
 88860.9 23846.5 11224.5 2202.69 4796.6
 120691 23713.2 5514.48 2566.84 1599.61
 97498.6 26922 4231.47 967.056 729.957
 204751 30223 7731.62 1208.01 484.306
 73668.1 56929.6 7416.62 1878.93 411.045
 29037.1 13967.7 8030.93 1022.41 315.286
 30286.5 9458.32 4309.35 2467.26 410.872
 41073.8 6781.41 1697.03 759.956 507.084
 75335.8 7151.29 845.677 206.194 153.729
 118691 23822.9 2113.79 248.655 105.798
 98566.1 24821.9 3872.42 336.917 56.4353
 69931.4 21387.7 4255.91 651.882 66.1507
 59930.7 10117.4 2040.56 393.083 66.202
 327237 10850.5 1335.09 262.715 59.0521
 54935.8 71310.9 1871.95 226.176 54.456
 538526 14000 15427.8 399.85 59.9016
 286182 143560 3232.62 3522.63 104.911
 253740 66697.3 27293.8 604.911 678.229
 313057 61212.8 13329.4 5375.19 252.494
 452171 82302.5 13852.8 2981.48 1257.99
 80246.6 109322 16500.2 2737.01 836.955
 242836 22802.1 27683.4 4140.98 896.499
 211421 70914.7 6007.05 7234.68 1315.9
 88468.4 61876.2 18741.4 1574.97 2240.88
 204628 27033 17405 5237.79 1066.06
 236932 60029.4 7168.63 4579.28 1657.84
 62123 72852.3 17038.8 2022.1 1758.74
 44397.4 19195.6 20825.6 4841.27 1073.9
 205501 12242.7 4654.5 4999.38 1419.21
pred_Ctot
 16224.8 4878.91 10153 774.393 0.0279905
 16148.7 12013.1 2431.05 4927.31 375.301
 15832.3 5812.4 2789.76 548.028 1193.45
 31268.8 8178.01 1935.28 901.655 561.922
 9835.73 3808.85 611.599 139.933 105.631
 32333.9 6572.68 1715.38 268.301 107.571
 23797.3 23931.4 3167.35 803.092 175.696
 2123.89 1445.2 849.463 108.271 33.3903
 7798.54 3243.7 1503.96 861.875 143.535
 14516.9 3084.49 783.544 351.163 234.325
 6769.98 904.367 109.287 26.6772 19.8905
 33881.4 8969.15 809.292 95.2855 40.544
 26666 8903.4 1413.05 123.053 20.613
 28874.5 11112.9 2241.19 343.528 34.8613
 20361.1 4445.92 910.563 175.549 29.5669
 87955.2 3869.08 484.329 95.3917 21.4429
 10992.4 19379.2 518.446 62.7038 15.0979
 96219.8 3421.45 3844.58 99.7455 14.9437
 68787.6 46230.5 1059.83 1156.02 34.4304
 57131.1 20224.1 8429.11 186.996 209.671
 58032 15486.4 3438.03 1387.84 65.1958
 101366 24855.7 4261.05 917.982 387.348
 11790.3 22198.5 3419.09 567.76 173.626
 32250.9 4204.28 5210.62 780.278 168.936
 27836.3 12967.2 1121.34 1351.99 245.924
 9616.89 9409.81 2911.15 244.921 348.497
 26690 4898.86 3219.97 970.072 197.453
 24951.1 8853.29 1079.99 690.673 250.06
 6375.8 10480.1 2503.98 297.501 258.77
 7194.82 4278.12 4734.67 1101.82 244.421
 20199.1 1688.99 656.053 705.468 200.279
F
 0.174562 0.252436 0.258506 0.258834 0.258851
 0.32487 0.469799 0.481095 0.481704 0.481736
 0.321042 0.464262 0.475425 0.476027 0.476059
 0.500294 0.723481 0.740876 0.741815 0.741865
 0.171235 0.247625 0.253579 0.2539 0.253917
 0.279978 0.404879 0.414614 0.41514 0.415167
 0.662822 0.958514 0.98156 0.982804 0.98287
 0.121679 0.175961 0.180192 0.18042 0.180432
 0.496516 0.718017 0.735281 0.736213 0.736262
 0.748078 1.0818 1.10781 1.10922 1.10929
 0.151309 0.218809 0.22407 0.224354 0.224369
 0.564801 0.816766 0.836404 0.837464 0.83752
 0.52791 0.763416 0.781772 0.782763 0.782815
 0.933258 1.34959 1.38204 1.3838 1.38389
 0.708976 1.02526 1.04991 1.05124 1.05131
 0.523635 0.757234 0.775441 0.776424 0.776475
 0.367108 0.530879 0.543644 0.544333 0.544369
 0.32208 0.465763 0.476962 0.477566 0.477598
 0.456463 0.660096 0.675968 0.676824 0.676869
 0.421955 0.610193 0.624865 0.625656 0.625698
 0.335984 0.48587 0.497553 0.498183 0.498216
 0.419765 0.607026 0.621622 0.622409 0.622451
 0.258253 0.373462 0.382442 0.382926 0.382952
 0.230908 0.333918 0.341947 0.34238 0.342403
 0.228713 0.330745 0.338698 0.339127 0.339149
 0.185588 0.268381 0.274833 0.275182 0.2752
 0.226361 0.327343 0.335214 0.335639 0.335661
 0.179339 0.259343 0.265579 0.265916 0.265933
 0.174433 0.252249 0.258315 0.258642 0.258659
 0.288255 0.416848 0.426871 0.427412 0.42744
 0.166524 0.240812 0.246602 0.246914 0.246931
nmprior
 8 9 7.5 0
nm_flota  nm_reclas  nm_pelaces    nm_pelaL
inf 16.5874 17.8038 31.6676
cv_recla  cv_pelaces  cv_mph
0.309604 0.479651 0.887747
 ------------------------------------------------
Talla a la edad & desviación 
 8 13.2811 15.8009 17.003 17.5766
 0.8 1.32811 1.58009 1.7003 1.75766
