years
 1991 1992 1993 1994 1995 1996 1997 1998 1999 2000 2001 2002 2003 2004 2005 2006 2007 2008 2009 2010 2011 2012 2013 2014 2015 2016 2017 2018 2019 2020 2021
reclasobs
 0 0 0 0 0 0 0 0 0 252601 567819 844713 477998 351125 339783 2.1784e+06 2.13404e+06 4.81314e+06 1.55562e+06 2.62356e+06 3.21686e+06 3.843e+06 1.13348e+06 3.07943e+06 1.97215e+06 2.03268e+06 2.025e+06 2.42433e+06 2.27542e+06 1.05018e+06 2.36338e+06
reclaspred
 2.71247e+06 2.12769e+06 1.19905e+06 991962 1.1549e+06 1.71384e+06 1.43403e+06 1.25343e+06 848312 602408 522071 637931 613898 541733 629307 1.05324e+06 1.71045e+06 2.69869e+06 2.29343e+06 1.81172e+06 3.1379e+06 2.59979e+06 2.441e+06 3.05979e+06 2.74726e+06 2.57055e+06 2.60457e+06 2.49063e+06 2.71292e+06 1.76267e+06 2.57684e+06
pelacesobs
 0 0 0 0 0 0 0 0 0 0 0 0 0 0 0 552880 188675 0 991730 2.46772e+06 1.41603e+06 1.21717e+06 2.29649e+06 1.80582e+06 0 1.4828e+06 1.56532e+06 1.57751e+06 1.42118e+06 867257 0
pelacespred
 1.16638e+06 1.02198e+06 606624 440952 518621 768913 650048 622982 448412 300341 276238 265873 275080 263697 322539 447483 711708 1.18071e+06 1.14305e+06 851660 1.30603e+06 1.28121e+06 1.14893e+06 1.55322e+06 1.42752e+06 1.27743e+06 1.44919e+06 1.43057e+06 1.25648e+06 920127 1.27506e+06
mphobs
 0 0 0 0 0 0 0 0 0 0 0 498337 0 5186 125008 0 168611 109162 213762 579715 649985 157893 87575 83554 0 0 0 0 0 0 0
mphpred
 2.02986e+06 2.2244e+06 1.26969e+06 755302 839625 1.04252e+06 1.43616e+06 1.0243e+06 855495 566822 380461 494111 474390 408320 368771 559885 1.09125e+06 1.65169e+06 2.00281e+06 1.61315e+06 1.78255e+06 2.26638e+06 2.15385e+06 1.7967e+06 2.59922e+06 2.10954e+06 1.87603e+06 1.93584e+06 2.44852e+06 1.74865e+06 1.05533e+06
desembarqueobs
 494567 514787 250237 358949 120608 361735 552515 73892 212993 205616 52469 317467 293654 387597 252695 516296 358380 742168 942051 627588 828172 859565 418607 520667 417249 300574 407403 355545 319650 289779 219260
desembarquepred
 494583 508831 253224 358432 120577 362040 552763 73912.3 213021 205766 52427.7 317612 293775 387783 252629 516002 358794 742633 943032 628318 828356 859497 418328 520296 416919 300721 408065 355923 320154 290013 219352
Reclutas
 495153 74624.6 118603 225863 223066 342336 147337 59701.1 52523.4 76944.4 127697 143333 133758 122757 140643 436494 270617 585642 508372 364110 554003 706659 154225 495918 382198 220582 410292 411816 151010 113898 739362
log_desv_Rt
 0.790303 -1.10209 -0.638779 0.00536231 -0.00709798 0.421229 -0.421843 -1.32521 -1.45331 -1.07148 -0.564908 -0.449393 -0.518533 -0.604356 -0.468343 0.664209 0.186138 0.958144 0.816649 0.48289 0.902606 1.14598 -0.37615 0.791846 0.531375 -0.0182972 0.602305 0.606011 -0.397217 -0.679259 1.19122
SSB
 2.02986e+06 2.2244e+06 1.26969e+06 755302 839625 1.04252e+06 1.43616e+06 1.0243e+06 855495 566822 380461 494111 474390 408320 368771 559885 1.09125e+06 1.65169e+06 2.00281e+06 1.61315e+06 1.78255e+06 2.26638e+06 2.15385e+06 1.7967e+06 2.59922e+06 2.10954e+06 1.87603e+06 1.93584e+06 2.44852e+06 1.74865e+06 1.05533e+06
BT
 3.63717e+06 2.92242e+06 1.72802e+06 1.63572e+06 1.55877e+06 2.76943e+06 2.16785e+06 1.76813e+06 1.42078e+06 1.04627e+06 900305 1.06843e+06 1.11923e+06 1.30519e+06 1.40185e+06 2.01618e+06 2.43142e+06 4.42141e+06 4.37964e+06 2.97692e+06 4.89133e+06 4.56133e+06 3.3806e+06 5.7342e+06 4.19145e+06 3.84353e+06 5.08558e+06 4.8749e+06 3.37844e+06 2.66198e+06 4.87753e+06
Ftot
 0.1727 0.224936 0.199207 0.337603 0.0994371 0.199774 0.358266 0.0563343 0.236304 0.319119 0.0957319 0.459658 0.44276 0.651558 0.375443 0.455443 0.19834 0.258975 0.382535 0.324187 0.248601 0.309598 0.16226 0.161376 0.143975 0.111292 0.148761 0.135836 0.112189 0.155868 0.0812976
BD_Bspro_t
 0.972746 0.848941 0.70507 0.630396 0.654664 0.74986 0.750066 0.638588 0.679201 0.632039 0.606677 0.736339 0.607669 0.524981 0.481004 0.569674 0.637073 0.708082 0.69879 0.623681 0.604315 0.653749 0.670443 0.66831 0.766133 0.771772 0.788893 0.809909 0.83636 0.786815 0.756708
BD_Bspro
 1.26891 1.39052 0.793711 0.472156 0.524867 0.651702 0.897773 0.640311 0.534788 0.354332 0.237834 0.30888 0.296551 0.255249 0.230526 0.349996 0.682165 1.03251 1.252 1.00841 1.11431 1.41676 1.34642 1.12315 1.62483 1.31872 1.17275 1.21013 1.53062 1.09312 0.659708
BD_Bo
 0.981612 1.07568 0.614003 0.365253 0.40603 0.504147 0.694505 0.495335 0.413704 0.274107 0.183985 0.238945 0.229408 0.197457 0.178332 0.270752 0.527713 0.798734 0.968527 0.780093 0.862012 1.09599 1.04157 0.868856 1.25694 1.02014 0.907219 0.936142 1.18407 0.845622 0.510341
BD_Brms
 4.16051 4.55923 2.60242 1.5481 1.72094 2.1368 2.94362 2.09945 1.75346 1.16179 0.779812 1.01275 0.972332 0.836912 0.755851 1.14757 2.23669 3.38539 4.10505 3.30638 3.65359 4.64528 4.41464 3.6826 5.32749 4.32381 3.8452 3.96779 5.01861 3.58412 2.16305
Sel_flota
 0.5 1 1 1 1
 0.5 1 1 1 1
 0.5 1 1 1 1
 0.5 1 1 1 1
 0.5 1 1 1 1
 0.5 1 1 1 1
 0.5 1 1 1 1
 0.5 1 1 1 1
 0.5 1 1 1 1
 0.5 1 1 1 1
 0.5 1 1 1 1
 0.5 1 1 1 1
 0.5 1 1 1 1
 0.5 1 1 1 1
 0.5 1 1 1 1
 0.5 1 1 1 1
 0.5 1 1 1 1
 0.5 1 1 1 1
 0.5 1 1 1 1
 0.5 1 1 1 1
 0.5 1 1 1 1
 0.5 1 1 1 1
 0.5 1 1 1 1
 0.5 1 1 1 1
 0.5 1 1 1 1
 0.5 1 1 1 1
 0.5 1 1 1 1
 0.5 1 1 1 1
 0.5 1 1 1 1
 0.5 1 1 1 1
 0.5 1 1 1 1
Sel_reclas
 0.5 1 1 1 1
 0.5 1 1 1 1
 0.5 1 1 1 1
 0.5 1 1 1 1
 0.5 1 1 1 1
 0.5 1 1 1 1
 0.5 1 1 1 1
 0.5 1 1 1 1
 0.5 1 1 1 1
 0.5 1 1 1 1
 0.5 1 1 1 1
 0.5 1 1 1 1
 0.5 1 1 1 1
 0.5 1 1 1 1
 0.5 1 1 1 1
 0.5 1 1 1 1
 0.5 1 1 1 1
 0.5 1 1 1 1
 0.5 1 1 1 1
 0.5 1 1 1 1
 0.5 1 1 1 1
 0.5 1 1 1 1
 0.5 1 1 1 1
 0.5 1 1 1 1
 0.5 1 1 1 1
 0.5 1 1 1 1
 0.5 1 1 1 1
 0.5 1 1 1 1
 0.5 1 1 1 1
 0.5 1 1 1 1
 0.5 1 1 1 1
Sel_pelaces
 0.5 1 1 1 1
 0.5 1 1 1 1
 0.5 1 1 1 1
 0.5 1 1 1 1
 0.5 1 1 1 1
 0.5 1 1 1 1
 0.5 1 1 1 1
 0.5 1 1 1 1
 0.5 1 1 1 1
 0.5 1 1 1 1
 0.5 1 1 1 1
 0.5 1 1 1 1
 0.5 1 1 1 1
 0.5 1 1 1 1
 0.5 1 1 1 1
 0.5 1 1 1 1
 0.5 1 1 1 1
 0.5 1 1 1 1
 0.5 1 1 1 1
 0.5 1 1 1 1
 0.5 1 1 1 1
 0.5 1 1 1 1
 0.5 1 1 1 1
 0.5 1 1 1 1
 0.5 1 1 1 1
 0.5 1 1 1 1
 0.5 1 1 1 1
 0.5 1 1 1 1
 0.5 1 1 1 1
 0.5 1 1 1 1
 0.5 1 1 1 1
pf_obs 
 0.8446 0.082 0.0669 0.0065 0
 0.8095 0.147 0.0364 0.0071 0
 0.9664 0.0169 0.016 0.0007 0
 0.9276 0.0648 0.0075 0.0001 0
 0.7033 0.2144 0.0806 0.0017 0
 0.9318 0.0425 0.0243 0.0014 0
 0.5671 0.3108 0.0964 0.0239 0.0018
 0.0768 0.2599 0.5324 0.112 0.0189
 0.490249 0.384438 0.106611 0.0170017 0.00170017
 0.7925 0.1577 0.0466 0.003 0.0002
 0.840416 0.127587 0.0312969 0.00059994 9.999e-05
 0.8084 0.0986 0.0794 0.0134 0.0002
 0.7335 0.1905 0.0724 0.0035 0.0001
 0.4001 0.4547 0.1325 0.0127 0
 0.49795 0.308269 0.164784 0.0264974 0.00249975
 0.9179 0.0499 0.0305 0.0017 0
 0.2467 0.6533 0.0926 0.0074 0
 0.9418 0.0223 0.034 0.0019 0
 0.707729 0.231977 0.0356964 0.0245975 0
 0.517169 0.277429 0.184464 0.0207286 0.00020938
 0.811772 0.124168 0.05621 0.00726502 0.000585176
 0.764997 0.148141 0.077277 0.00933861 0.000247198
 0.163321 0.427699 0.378323 0.0303852 0.000271297
 0.753843 0.0900009 0.118128 0.0371064 0.000921714
 0.721811 0.176058 0.0630433 0.0369309 0.00215725
 0.143369 0.312575 0.442814 0.0836902 0.0175525
 0.692698 0.0596174 0.167031 0.0765114 0.00414204
 0.394062 0.376323 0.152708 0.0712218 0.00568511
 0.125707 0.32114 0.495352 0.0537591 0.00404204
 0.23352 0.215282 0.420074 0.123614 0.00750983
 0 0 0 0 0
pf_pred 
 0.620977 0.239588 0.0881397 0.0324248 0.0188705
 0.153385 0.656306 0.120298 0.0442552 0.0257555
 0.412763 0.163984 0.328111 0.0601414 0.0350009
 0.646729 0.211476 0.0395958 0.0792259 0.0229731
 0.565411 0.34858 0.0514866 0.00964013 0.0248817
 0.624408 0.273507 0.0818812 0.0120942 0.00810915
 0.350975 0.505692 0.104376 0.0312474 0.00770996
 0.266982 0.40057 0.259029 0.053464 0.019955
 0.35437 0.274697 0.202703 0.131078 0.0371526
 0.563624 0.236004 0.0852527 0.0629092 0.0522107
 0.666264 0.246895 0.0469661 0.0169658 0.0229095
 0.584727 0.333953 0.0601597 0.011444 0.00971623
 0.570845 0.327916 0.081414 0.0146662 0.00515863
 0.570089 0.323589 0.0812398 0.02017 0.00491153
 0.639775 0.275374 0.0638664 0.0160342 0.00495031
 0.816385 0.146734 0.0281939 0.00653891 0.00214848
 0.500849 0.45464 0.0355703 0.0068346 0.00210594
 0.699527 0.204429 0.0874792 0.00684423 0.00172029
 0.547161 0.377748 0.0510888 0.0218619 0.00214035
 0.478818 0.380804 0.1171 0.0158372 0.00744055
 0.631238 0.246875 0.0890573 0.0273857 0.00544388
 0.621625 0.297648 0.0540442 0.0194958 0.00718683
 0.218893 0.611509 0.133413 0.024224 0.0119598
 0.644617 0.131594 0.175199 0.0382233 0.0103668
 0.480813 0.411138 0.0400094 0.0532671 0.0147732
 0.362401 0.420182 0.17217 0.0167545 0.0284929
 0.598117 0.217076 0.121789 0.049903 0.0131148
 0.533452 0.353041 0.0613108 0.0343979 0.0177987
 0.277656 0.508652 0.161703 0.0280821 0.0239075
 0.331379 0.296041 0.262359 0.0834051 0.0268159
 0.831651 0.0857425 0.0365749 0.0324136 0.0136174
pobs_RECLAS
 0 0 0 0 0
 0 0 0 0 0
 0 0 0 0 0
 0 0 0 0 0
 0 0 0 0 0
 0 0 0 0 0
 0 0 0 0 0
 0 0 0 0 0
 0 0 0 0 0
 0 0 0 0 0
 0.991045 0.00858322 0.000360255 1.14367e-05 0
 0.934742 0.0480273 0.0164251 0.00080598 0
 0.827803 0.169806 0.00239088 0 0
 0.941827 0.0461693 0.0120037 0 0
 0.791401 0.0380133 0.147996 0.0225897 0
 0.846168 0.0940531 0.0597789 0 0
 0.134021 0.677848 0.182769 0.00536245 0
 0.80878 0.0450904 0.141981 0.00414843 0
 0.846168 0.0940531 0.0597789 0 0
 0.905697 0.0802665 0.012482 0.00150086 5.37128e-05
 0.989698 0.0102097 9.19794e-05 0 0
 0.975433 0.0193895 0.00387452 0.00125025 5.28907e-05
 0.303575 0.632131 0.0575291 0.00676475 0
 0.966965 0.00978017 0.0227588 0.000495775 0
 0.843318 0.132988 0.00938335 0.0141283 0.000182051
 0.564624 0.303363 0.111486 0.0197234 0.00080311
 0.826376 0.0876187 0.0782897 0.00655872 0.00115652
 0.89761 0.0855135 0.0140674 0.00269457 0.000114338
 0.34875 0.467042 0.161289 0.0227151 0.000203297
 0.318654 0.224769 0.449479 0.00709798 0
 0.937255 0.0296025 0.0250945 0.00804832 0
ppred_RECLAS
 0.622848 0.238405 0.0877044 0.0322647 0.0187773
 0.154782 0.655223 0.1201 0.0441823 0.025713
 0.415028 0.163352 0.326845 0.0599094 0.0348659
 0.650645 0.209132 0.039157 0.0783478 0.0227185
 0.566484 0.34772 0.0513595 0.00961633 0.0248203
 0.626602 0.27191 0.0814029 0.0120235 0.00806178
 0.355189 0.502409 0.103698 0.0310445 0.00765991
 0.267453 0.400313 0.258863 0.0534296 0.0199422
 0.356967 0.273592 0.201887 0.130551 0.0370032
 0.567572 0.233868 0.0844813 0.06234 0.0517383
 0.667196 0.246205 0.0468349 0.0169184 0.0228455
 0.590785 0.329081 0.059282 0.0112771 0.00957447
 0.576683 0.323455 0.0803065 0.0144667 0.00508845
 0.579616 0.316419 0.0794396 0.019723 0.00480269
 0.644261 0.271945 0.0630711 0.0158345 0.00488866
 0.820062 0.143795 0.0276294 0.00640797 0.00210546
 0.503171 0.452525 0.0354048 0.0068028 0.00209615
 0.702167 0.202633 0.0867107 0.0067841 0.00170517
 0.552103 0.373626 0.0505312 0.0216233 0.00211699
 0.482905 0.377818 0.116181 0.015713 0.00738219
 0.63403 0.245006 0.0883832 0.0271784 0.00540267
 0.625265 0.294785 0.0535243 0.0193083 0.00711769
 0.220166 0.610513 0.133196 0.0241845 0.0119404
 0.646307 0.130968 0.174366 0.0380416 0.0103175
 0.482439 0.40985 0.0398841 0.0531002 0.0147269
 0.36354 0.419431 0.171862 0.0167246 0.028442
 0.599739 0.2162 0.121297 0.0497017 0.0130619
 0.534973 0.35189 0.0611109 0.0342857 0.0177407
 0.278654 0.507949 0.161479 0.0280433 0.0238745
 0.332956 0.295343 0.26174 0.0832084 0.0267526
 0.832145 0.0854912 0.0364677 0.0323186 0.0135775
pobs_PELACES
 0 0 0 0 0
 0 0 0 0 0
 0 0 0 0 0
 0 0 0 0 0
 0 0 0 0 0
 0 0 0 0 0
 0 0 0 0 0
 0 0 0 0 0
 0 0 0 0 0
 0 0 0 0 0
 0 0 0 0 0
 0 0 0 0 0
 0 0 0 0 0
 0 0 0 0 0
 0 0 0 0 0
 0 0 0 0 0
 0.505614 0.472636 0.0217494 0 0
 0 0 0 0 0
 0.443492 0.261883 0.143347 0.151278 0
 0.227955 0.32914 0.350689 0.0885471 0.00366901
 0.970185 0.0296113 0.000203453 0 0
 0.997202 0.00247181 0.000326279 0 0
 0.445219 0.490057 0.0546422 0.010081 0
 0.90214 0.0892962 0.00764917 0.000914606 0
 0 0 0 0 0
 0.581667 0.319106 0.0959925 0.00289975 0.000334073
 0.762889 0.0836404 0.116647 0.0363945 0.000428098
 0.88444 0.0763242 0.0277011 0.0115352 0
 0.521256 0.241999 0.230069 0.00667565 0
 0.616807 0.101726 0.260614 0.0208532 0
 0 0 0 0 0
ppred_PELACES
 0.629518 0.234189 0.0861534 0.031694 0.0184452
 0.1597 0.651411 0.119401 0.0439252 0.0255634
 0.423029 0.161117 0.322374 0.0590899 0.034389
 0.663198 0.201617 0.0377499 0.0755325 0.0219022
 0.570509 0.344491 0.0508827 0.00952705 0.0245899
 0.634282 0.266317 0.0797287 0.0117762 0.00789598
 0.36884 0.491772 0.101502 0.0303873 0.00749773
 0.269278 0.399315 0.258218 0.0532965 0.0198925
 0.365966 0.269763 0.199062 0.128724 0.0364853
 0.580446 0.226906 0.0819661 0.060484 0.0501979
 0.670694 0.243617 0.0463427 0.0167406 0.0226054
 0.608987 0.314444 0.0566451 0.0107755 0.0091486
 0.59441 0.30991 0.0769435 0.0138609 0.00487536
 0.605564 0.296888 0.0745362 0.0185056 0.00450625
 0.658329 0.261191 0.060577 0.0152084 0.00469534
 0.830885 0.135146 0.0259674 0.00602253 0.00197881
 0.511351 0.445075 0.0348219 0.0066908 0.00206164
 0.711025 0.196606 0.0841317 0.00658232 0.00165446
 0.567655 0.360653 0.0487767 0.0208725 0.00204349
 0.496272 0.368052 0.113178 0.0153069 0.00719138
 0.643494 0.23867 0.0860975 0.0264755 0.00526295
 0.637156 0.285431 0.0518259 0.0186956 0.00689184
 0.224797 0.606887 0.132405 0.0240409 0.0118695
 0.65237 0.128723 0.171377 0.0373895 0.0101406
 0.488373 0.405151 0.0394268 0.0524914 0.0145581
 0.3678 0.416624 0.170712 0.0166127 0.0282516
 0.605617 0.213025 0.119516 0.0489718 0.0128701
 0.540544 0.347674 0.0603787 0.033875 0.0175281
 0.28239 0.505318 0.160643 0.027898 0.0237508
 0.338692 0.292803 0.25949 0.0824929 0.0265226
 0.83401 0.0845412 0.0360625 0.0319595 0.0134267
pobs_pel_tallas
 0 0 0 0 0 0 0 0 0 0 0 0 0 0 0 0 0 0 0 0 0 0 0 0 0 0
 0 0 0 0 0 0 0 0 0 0 0 0 0 0 0 0 0 0 0 0 0 0 0 0 0 0
 0 0 0 0 0 0 0 0 0 0 0 0 0 0 0 0 0 0 0 0 0 0 0 0 0 0
 0 0 0 0 0 0 0 0 0 0 0 0 0 0 0 0 0 0 0 0 0 0 0 0 0 0
 0 0 0 0 0 0 0 0 0 0 0 0 0 0 0 0 0 0 0 0 0 0 0 0 0 0
 0 0 0 0 0 0 0 0 0 0 0 0 0 0 0 0 0 0 0 0 0 0 0 0 0 0
 0 0 0 0 0 0 0 0 0 0 0 0 0 0 0 0 0 0 0 0 0 0 0 0 0 0
 0 0 0 0 0 0 0 0 0 0 0 0 0 0 0 0 0 0 0 0 0 0 0 0 0 0
 0 0 0 0 0 0 0 0 0 0 0 0 0 0 0 0 0 0 0 0 0 0 0 0 0 0
 0 0 0 0 0 0 0 0 0 0 0 0 0 0 0 0 0 0 0 0 0 0 0 0 0 0
 0 0 0 0 0 0 0 0 0 0 0 0 0 0 0 0 0 0 0 0 0 0 0 0 0 0
 0 0 0 0 0 0 0 0 0 0 0 0 0 0 0 0 0 0 0 0 0 0 0 0 0 0
 0.00862536 0 0 0.000197151 0.00414017 0.0128641 0.00837892 0.0270097 0.101434 0.158115 0.152841 0.127902 0.109271 0.109419 0.0830992 0.0579132 0.0238553 0.00714673 0.00463305 0.00128148 0.00103504 0.000492878 0.000147863 0.000147863 4.92878e-05 0
 0 0 0 0 0 0 0 0 0 0 0 0 0 0 0 0 0 0 0 0 0 0 0 0 0 0
 0 0 0 0 0 0 0 0.0054083 0.00873648 0.0413646 0.0450493 0.0745869 0.0622846 0.0627006 0.0613931 0.0827291 0.12552 0.122667 0.0946155 0.0697135 0.0546179 0.0294188 0.0215738 0.0213955 0.0102223 0.00600262
 0 0 0 0 0.00359764 0.0251062 0.0480494 0.140153 0.205849 0.193036 0.1447 0.116669 0.0760912 0.0342217 0.00950174 0.001854 0.000860785 0 0 0 0.000165536 0 0.000143464 0 0 0
 0 0 0 0 0 0 0 0.000145254 0.000435761 0.0275982 0.070085 0.0708112 0.156366 0.174668 0.174014 0.160142 0.0824315 0.0480064 0.0283245 0.00493863 0.00203355 0 0 0 0 0
 0 0 0 0 0 0 0 0 0 0 0 0 0 0 0 0 0 0 0 0 0 0 0 0 0 0
 0 0 1.00437e-05 0.000401748 0.00122533 0.00171747 0.00176769 0.0269171 0.070346 0.194647 0.189555 0.159765 0.064822 0.0314167 0.0384472 0.0292271 0.0345202 0.0313363 0.0194345 0.0106764 0.0143323 0.0359363 0.0279516 0.0138201 0.00172751 0
 0 0.0021121 0.0136068 0.0755702 0.200478 0.177729 0.0527432 0.0373336 0.0318909 0.0142505 0.0149659 0.0166563 0.0217959 0.0798694 0.0677717 0.0528807 0.04013 0.0224614 0.0357745 0.0225083 0.00881397 0.00855152 0.00135912 0.000746735 0 0
 0 0 0 0 5.4009e-05 0.00500934 0.000945158 0.0243581 0.138947 0.33067 0.221406 0.137944 0.0707744 0.0437923 0.0131692 0.00525238 0.0047753 0.00276346 9.45158e-05 9.00151e-06 2.25038e-05 9.00151e-06 4.50075e-06 0 0 0
 0.000866109 0.00284123 0.00948549 0.0512746 0.133035 0.25785 0.225252 0.132002 0.0553304 0.0519788 0.0540692 0.017754 0.00435017 0.00159236 0.00146478 0.000404838 0.000125132 0.000115318 0.000107957 0.000100596 0 0 0 0 0 0
 0 0 0 0 0.00144013 0.00171154 0.00461396 0.0210425 0.0478622 0.0707936 0.0888783 0.103762 0.0637923 0.0337046 0.0602308 0.124433 0.169614 0.0934646 0.0462172 0.0250306 0.0313229 0.00938855 0.002487 0.000210481 0 0
 0 0.00764035 0.051015 0.0998891 0.058973 0.0496711 0.0374665 0.0718981 0.12319 0.153886 0.159021 0.0857701 0.0377988 0.023471 0.0147837 0.00900784 0.00315554 0.000888139 0.00291439 0.00214683 0.00393193 0.00274676 0.000635225 9.99891e-05 0 0
 0 0 0 0 0 0 0 0 0 0 0 0 0 0 0 0 0 0 0 0 0 0 0 0 0 0
 0 0 0 0 0 0 0 0 0 0 0 0 0 0 0 0 0 0 0 0 0 0 0 0 0 0
 0 0 0 0 0 0 0 0 0 0 0 0 0 0 0 0 0 0 0 0 0 0 0 0 0 0
 0 0 0 0 0 0 0 0 0 0 0 0 0 0 0 0 0 0 0 0 0 0 0 0 0 0
 0 0 0 0 0 0 0 0 0 0 0 0 0 0 0 0 0 0 0 0 0 0 0 0 0 0
 0 0 0 0 0 0 0 0 0 0 0 0 0 0 0 0 0 0 0 0 0 0 0 0 0 0
 0 0 0 0 0 0 0 0 0 0 0 0 0 0 0 0 0 0 0 0 0 0 0 0 0 0
ppred_pel_tallas
 1.08847e-16 5.18526e-05 0.000504026 0.00334943 0.015226 0.047374 0.100936 0.147324 0.147347 0.101047 0.0477463 0.0163026 0.00605637 0.00642896 0.0113508 0.0188064 0.0273789 0.0350548 0.0398173 0.0407551 0.038574 0.0350211 0.0317051 0.0292571 0.0273402 0.0252459
 1.12344e-16 1.31544e-05 0.000127865 0.000849713 0.00386271 0.0120187 0.0256093 0.0373908 0.0374536 0.0259164 0.0130499 0.00684198 0.00833087 0.0164687 0.0310756 0.0514293 0.0742674 0.093791 0.104096 0.102487 0.0910732 0.0752693 0.0604573 0.0494185 0.0420325 0.0366692
 1.2109e-16 3.48444e-05 0.0003387 0.00225078 0.0102317 0.0318348 0.067828 0.0990003 0.0990163 0.0679065 0.0320998 0.0110034 0.00421148 0.00469781 0.00854563 0.0146806 0.0225696 0.0313753 0.0402023 0.0485711 0.056464 0.0638019 0.0698589 0.0732588 0.0726558 0.0675618
 1.12423e-16 5.46268e-05 0.000530992 0.00352863 0.0160406 0.0499085 0.106336 0.155205 0.155224 0.106431 0.0502283 0.0169648 0.00585092 0.00560941 0.009727 0.0160714 0.0233413 0.0297994 0.0337553 0.0345375 0.0329332 0.0306444 0.0291727 0.0289897 0.0294989 0.0296163
 1.06674e-16 4.69922e-05 0.000456781 0.00303547 0.0137988 0.0429334 0.0914754 0.133518 0.133551 0.0916377 0.0434783 0.0153728 0.00698676 0.00908392 0.0164361 0.0271106 0.0390822 0.0492236 0.054385 0.0531365 0.0466271 0.0378016 0.0296215 0.023671 0.0199503 0.0175788
 1.04887e-16 5.2245e-05 0.00050784 0.00337478 0.0153413 0.0477325 0.1017 0.14844 0.148465 0.101826 0.048155 0.0165625 0.00644361 0.00721787 0.0128273 0.0212057 0.0307344 0.0390501 0.0437658 0.0437629 0.0398144 0.0339734 0.0282521 0.0236488 0.0200961 0.0170504
 1.07372e-16 3.0381e-05 0.000295314 0.00196247 0.00892113 0.0277572 0.0591414 0.0863285 0.086376 0.0593733 0.028536 0.0111713 0.0076134 0.0126404 0.0235026 0.0388769 0.0561666 0.0709819 0.078856 0.0777224 0.0691126 0.0570352 0.0454861 0.0365499 0.0302031 0.0253601
 1.16265e-16 2.21801e-05 0.000215599 0.00143273 0.00651302 0.0202646 0.0431774 0.0630267 0.0630656 0.0433672 0.0209029 0.00836094 0.00608728 0.0104297 0.0195767 0.0327384 0.0481172 0.0625204 0.0726558 0.0769503 0.0763153 0.0731489 0.0694615 0.0657182 0.0611319 0.0547995
 1.24898e-16 3.01442e-05 0.000293012 0.00194717 0.00885156 0.0275406 0.0586792 0.0856495 0.0856758 0.0588079 0.0279735 0.0101057 0.00511027 0.00724865 0.0133908 0.0224911 0.0333542 0.0440025 0.0524581 0.0579088 0.0611217 0.0636418 0.066427 0.0690652 0.0701122 0.0681134
 1.16985e-16 4.78106e-05 0.000464737 0.00308834 0.0140392 0.0436811 0.0930681 0.13584 0.135862 0.0931755 0.0440422 0.0150834 0.00571508 0.0062178 0.0110309 0.0183149 0.0267543 0.0344709 0.0396181 0.0414495 0.0407816 0.0393764 0.038725 0.039184 0.0399976 0.0399711
 1.06905e-16 5.52442e-05 0.000536994 0.00356851 0.016222 0.0504726 0.107538 0.15696 0.156984 0.107653 0.0508584 0.0173366 0.00636769 0.00665224 0.0116832 0.0192654 0.0278404 0.0352166 0.0392078 0.0388364 0.0349201 0.0294995 0.0245748 0.0211344 0.0190423 0.0175741
 1.04344e-16 5.01615e-05 0.000487588 0.00324019 0.0147295 0.045829 0.0976447 0.142522 0.142552 0.0977929 0.0463267 0.0161671 0.00684994 0.00837099 0.0150319 0.0247969 0.0357762 0.0451165 0.0499389 0.048913 0.0430341 0.0349143 0.0271849 0.0212616 0.0171882 0.0142811
 1.04515e-16 4.89609e-05 0.000475917 0.00316264 0.0143769 0.0447321 0.0953075 0.13911 0.13914 0.0954537 0.0452232 0.0157963 0.00672794 0.00826743 0.0148712 0.0245721 0.0355425 0.0450087 0.0501636 0.0496949 0.0445287 0.0371261 0.0299329 0.0242158 0.0199646 0.0165559
 1.04846e-16 4.98796e-05 0.000484847 0.00322198 0.0146467 0.0455714 0.0970958 0.14172 0.141749 0.0972359 0.046042 0.0160066 0.00663824 0.00795127 0.0142556 0.0235554 0.0340847 0.0431922 0.0481991 0.0478589 0.0430653 0.0361716 0.0295021 0.0242373 0.0203268 0.0171377
 1.04135e-16 5.42257e-05 0.000527093 0.00350272 0.0159229 0.0495421 0.105556 0.154067 0.154092 0.105679 0.049956 0.0171187 0.00650638 0.00709049 0.0125381 0.0206915 0.0299174 0.0378654 0.04217 0.0417337 0.0373544 0.0311289 0.0251378 0.0204524 0.017045 0.0143513
 1.01723e-16 6.84389e-05 0.000665251 0.00442083 0.0200964 0.0625276 0.133222 0.194444 0.194457 0.133286 0.0627415 0.0207145 0.00597288 0.00405521 0.00651195 0.0106713 0.0153985 0.0194327 0.0215353 0.0211329 0.018647 0.0151885 0.0118743 0.00930159 0.00748707 0.00614686
 1.02139e-16 4.21194e-05 0.000409416 0.00272071 0.012368 0.0384816 0.0819908 0.119677 0.11972 0.0822002 0.0391845 0.0143974 0.00781253 0.0115173 0.0211155 0.0347824 0.0499621 0.0625344 0.0683254 0.0654058 0.0552498 0.0417624 0.0289896 0.0192811 0.0129531 0.00911725
 1.03419e-16 5.85662e-05 0.000569285 0.0037831 0.0171974 0.0535077 0.114004 0.166397 0.166416 0.114098 0.0538204 0.0181017 0.00605722 0.0055474 0.00955286 0.0158039 0.0230006 0.0294209 0.0333274 0.0338822 0.0315828 0.0278097 0.0238874 0.0204295 0.0173626 0.0143828
 1.03939e-16 4.6757e-05 0.000454495 0.00302028 0.0137298 0.0427186 0.0910178 0.13285 0.132885 0.0911877 0.0432889 0.015377 0.00715506 0.00948086 0.0171899 0.0283459 0.0408335 0.051362 0.0566078 0.0550428 0.0478393 0.03806 0.0288084 0.0217817 0.0170633 0.0138524
 1.06113e-16 4.08773e-05 0.000397342 0.00264048 0.0120033 0.0373468 0.0795726 0.116146 0.116182 0.0797464 0.0379308 0.0136913 0.0068824 0.00967278 0.0177014 0.0293159 0.042498 0.0540068 0.0605417 0.0605464 0.0550715 0.0469323 0.0388927 0.0323316 0.0271792 0.0227298
 1.06092e-16 5.30038e-05 0.000515216 0.00342379 0.0155641 0.0484257 0.103177 0.150595 0.150618 0.10329 0.048805 0.0166606 0.00618064 0.00654782 0.0115524 0.0191261 0.0278089 0.0355236 0.0401786 0.0408021 0.0380739 0.0337581 0.0295208 0.0260889 0.0232549 0.0204564
 1.0461e-16 5.24817e-05 0.000510141 0.00339007 0.0154108 0.0479488 0.102161 0.149113 0.14914 0.102296 0.0484006 0.0167161 0.00666765 0.00766888 0.0136594 0.0225284 0.0325193 0.0410474 0.0455139 0.0447269 0.0395998 0.0324997 0.0257899 0.0207081 0.0172349 0.0146974
 1.08396e-16 1.85164e-05 0.000179986 0.00119607 0.00543721 0.0169175 0.0360467 0.0526234 0.052682 0.0363329 0.0178787 0.00821456 0.00817122 0.0154187 0.0289947 0.0479962 0.0693519 0.0876574 0.0973912 0.0959814 0.0852852 0.0702179 0.0556976 0.0443215 0.0361264 0.0298612
 1.10445e-16 5.37349e-05 0.000522322 0.00347101 0.0157787 0.0490936 0.1046 0.152669 0.152681 0.104661 0.0493023 0.016385 0.00500493 0.00391127 0.00660873 0.0111516 0.0167879 0.022641 0.0278199 0.0318751 0.0349357 0.0373396 0.0391014 0.0397327 0.0385716 0.0353008
 1.0897e-16 4.02267e-05 0.000391018 0.00259845 0.0118122 0.0367524 0.0783063 0.114299 0.114338 0.0784971 0.0373929 0.013662 0.00724129 0.0105257 0.0192869 0.0318222 0.0458476 0.0576998 0.0636981 0.0622139 0.0546786 0.0446344 0.0355945 0.0293576 0.0257596 0.0235509
 1.1148e-16 3.02953e-05 0.000294481 0.00195693 0.00889594 0.0276788 0.0589741 0.0860829 0.0861232 0.0591713 0.0283413 0.0108119 0.00677486 0.0108407 0.0201436 0.0334734 0.0487311 0.062358 0.0707137 0.0720843 0.0676075 0.060293 0.052989 0.0469496 0.041859 0.0368213
 1.10593e-16 4.98839e-05 0.000484889 0.00322226 0.0146479 0.0455753 0.0971037 0.14173 0.141751 0.0972049 0.0459154 0.0156323 0.00570089 0.00592145 0.0104509 0.0173993 0.0255346 0.0331196 0.0384109 0.0406165 0.0403048 0.0388523 0.0373995 0.0361808 0.0346548 0.0321361
 1.08195e-16 4.4524e-05 0.000432789 0.00287604 0.0130741 0.0406785 0.086671 0.126506 0.126539 0.0868349 0.0412288 0.0146642 0.0068689 0.00915451 0.0166247 0.0274573 0.039657 0.0501105 0.0556853 0.0549738 0.0491359 0.0410863 0.0336931 0.0283905 0.0250195 0.0225929
 1.11583e-16 2.32602e-05 0.000226098 0.0015025 0.00683018 0.0212515 0.0452803 0.0660982 0.066147 0.0455191 0.0220536 0.00914883 0.00732972 0.0129705 0.0242965 0.0403119 0.0584947 0.0744549 0.0837065 0.0841598 0.0772904 0.0669632 0.05692 0.0489426 0.0427799 0.0372987
 1.20325e-16 2.78977e-05 0.000271175 0.00180206 0.0081919 0.0254882 0.0543064 0.0792677 0.0792963 0.0544462 0.0259589 0.00955622 0.00524474 0.00784674 0.0145928 0.0245477 0.0364595 0.0481743 0.0574811 0.0633504 0.0663868 0.0680205 0.0691514 0.0694343 0.067703 0.0629938
 1.0654e-16 6.86963e-05 0.000667753 0.00443745 0.020172 0.0627627 0.133723 0.195174 0.195182 0.133763 0.0628974 0.0205619 0.00541869 0.00281867 0.00418038 0.00687423 0.0100703 0.013045 0.015124 0.0160374 0.0160787 0.0158677 0.0158994 0.0162389 0.016553 0.0163835
pSPR Fmed_Fpbrs
0.71862   0.285935 0.285935
Fs Fmed_Fpbrs
0.210263   1.005 1.005
SSBpbr Bo_Bmed_Bpbrs
2.06789e+06  1.38263e+06  487888 487888
Ro
224655
SPR SPRFo_SPRFmed_SPRFpbrs
1.59969e+06 1.14957e+06 457408
Fref
1.005
log_Ro
12.1423
likeval ReclasPelacesDesembMPH_pf_preclas_ppelaces_ptallas_desvR_qrecl_qpela
 21.9383 19.5957 1.47303 0.00324698 239.141 141.544 87.4554 0 23.9374 0 0 7.46828 0 0 0
q_reclas_q_pelaces
1 1
M
1
N
 495153 98945.1 36399.9 13390.8 7793.11
 74624.6 167088 30626.5 11266.9 6557.05
 118603 24532.6 49086.4 8997.34 5236.24
 225863 39495.3 7394.93 14796.3 4290.47
 223066 70184.4 10366.5 1940.98 5009.77
 342336 78081.1 23375.5 3452.65 2315.01
 147337 113967 23522.9 7042.16 1737.58
 59701.1 45312.8 29301.6 6047.89 2257.33
 52523.4 21352.8 15756.5 10189 2887.96
 76944.4 17169 6202.04 4576.57 3798.27
 127697 24131.6 4590.5 1658.25 2239.19
 143333 44781.3 8067.08 1534.58 1302.89
 133758 41902.4 10403.4 1874.11 659.189
 122757 39434.9 9900.47 2458.06 598.554
 140643 32603.8 7561.69 1898.42 586.109
 436494 42884 8239.89 1911.05 627.91
 270617 127875 10004.7 1922.34 592.331
 585642 90155.2 38579.2 3018.37 758.662
 508372 189279 25599.1 10954.4 1072.47
 364110 154462 47497.9 6423.89 3018.03
 554003 113905 41089.8 12635.4 2511.73
 706659 179984 32679.9 11788.9 4345.79
 154225 222683 48583 8821.25 4355.22
 495918 52315.1 69650.5 15195.7 4121.31
 382198 168296 16377.5 21804.4 6047.29
 220582 130837 53610.6 5217.06 8872.17
 410292 76755.2 43062.8 17645.1 4637.24
 411816 140119 24333.7 13652.2 7064.14
 151010 141551 44999.6 7814.85 6653.12
 113898 52523.1 46547.3 14797.6 4757.63
 739362 38759.3 16533.5 14652.4 6155.68
pred_Ctot
 26076.7 10061.1 3701.26 1361.62 792.429
 5064.2 21668.7 3971.78 1461.14 850.348
 7165.71 2846.83 5696.12 1044.08 607.628
 22483.5 7351.94 1376.55 2754.28 798.659
 6867.01 4233.57 625.314 117.081 302.193
 20739.5 9084.46 2719.66 401.704 269.343
 15499.4 22331.9 4609.33 1379.92 340.48
 1050.57 1576.23 1019.27 210.38 78.5225
 3735.8 2895.88 2136.91 1381.84 391.666
 7267.21 3042.97 1099.23 811.135 673.191
 3787.52 1403.53 266.989 96.4457 130.234
 18955.3 10825.9 1950.22 370.985 314.974
 17096.4 9820.88 2438.3 439.245 154.498
 22153.1 12574.3 3156.89 783.784 190.857
 15450.9 6650.43 1542.41 387.235 119.553
 57243.6 10288.7 1976.91 458.498 150.648
 16281.7 14779.6 1156.33 222.181 68.4606
 45440.1 13279.4 5682.5 444.59 111.747
 56823.1 39229.4 5305.61 2270.37 222.277
 34899.6 27755.7 8535.04 1154.33 542.319
 41350.7 16172.1 5833.9 1793.96 356.614
 64876.2 31064.2 5640.35 2034.69 750.057
 7647.55 21364.5 4661.11 846.323 417.846
 24461.5 4993.63 6648.34 1450.47 393.392
 16879.7 14433.7 1404.6 1870.03 518.639
 7581.48 8790.28 3601.83 350.508 596.076
 18704.3 6788.41 3808.58 1560.57 410.128
 17188.4 11375.4 1975.5 1108.34 573.494
 5231.13 9583.17 3046.53 529.075 450.425
 5432.5 4853.18 4301.01 1367.31 439.609
 18679 1925.79 821.478 728.014 305.85
F
 0.0863499 0.1727 0.1727 0.1727 0.1727
 0.112468 0.224936 0.224936 0.224936 0.224936
 0.0996034 0.199207 0.199207 0.199207 0.199207
 0.168801 0.337603 0.337603 0.337603 0.337603
 0.0497186 0.0994371 0.0994371 0.0994371 0.0994371
 0.0998869 0.199774 0.199774 0.199774 0.199774
 0.179133 0.358266 0.358266 0.358266 0.358266
 0.0281671 0.0563343 0.0563343 0.0563343 0.0563343
 0.118152 0.236304 0.236304 0.236304 0.236304
 0.159559 0.319119 0.319119 0.319119 0.319119
 0.0478659 0.0957319 0.0957319 0.0957319 0.0957319
 0.229829 0.459658 0.459658 0.459658 0.459658
 0.22138 0.44276 0.44276 0.44276 0.44276
 0.325779 0.651558 0.651558 0.651558 0.651558
 0.187722 0.375443 0.375443 0.375443 0.375443
 0.227722 0.455443 0.455443 0.455443 0.455443
 0.0991702 0.19834 0.19834 0.19834 0.19834
 0.129487 0.258975 0.258975 0.258975 0.258975
 0.191267 0.382535 0.382535 0.382535 0.382535
 0.162093 0.324187 0.324187 0.324187 0.324187
 0.1243 0.248601 0.248601 0.248601 0.248601
 0.154799 0.309598 0.309598 0.309598 0.309598
 0.0811302 0.16226 0.16226 0.16226 0.16226
 0.0806882 0.161376 0.161376 0.161376 0.161376
 0.0719875 0.143975 0.143975 0.143975 0.143975
 0.055646 0.111292 0.111292 0.111292 0.111292
 0.0743803 0.148761 0.148761 0.148761 0.148761
 0.0679178 0.135836 0.135836 0.135836 0.135836
 0.0560943 0.112189 0.112189 0.112189 0.112189
 0.077934 0.155868 0.155868 0.155868 0.155868
 0.0406488 0.0812976 0.0812976 0.0812976 0.0812976
nmprior
 8 9 7.5 0
nm_flota  nm_reclas  nm_pelaces    nm_pelaL
inf 6.76888 8.38817 12.8351
cv_recla  cv_pelaces  cv_mph
0.423668 0.520889 1.75851
 ------------------------------------------------
Talla a la edad & desviación 
 8 13.2811 15.8009 17.003 17.5766
 0.8 1.32811 1.58009 1.7003 1.75766
