years
 1991 1992 1993 1994 1995 1996 1997 1998 1999 2000 2001 2002 2003 2004 2005 2006 2007 2008 2009 2010 2011 2012 2013 2014 2015 2016 2017 2018 2019 2020 2021
reclasobs
 0 0 0 0 0 0 0 0 0 252601 567819 844713 477998 351125 339783 2.1784e+06 2.13404e+06 4.81314e+06 1.55562e+06 2.62356e+06 3.21686e+06 3.843e+06 1.13348e+06 3.07943e+06 1.97215e+06 2.03268e+06 2.025e+06 2.42433e+06 2.27542e+06 1.05018e+06 2.36338e+06
reclaspred
 1.18495e+06 1.01592e+06 453858 91904.5 28398.6 615116 517846 193320 223842 189330 249651 406502 333521 223322 337024 760613 1.11299e+06 1.0985e+06 1.71044e+06 1.39257e+06 2.12631e+06 2.01287e+06 1.66547e+06 1.91801e+06 1.50682e+06 879025 1.21763e+06 2.03345e+06 2.41429e+06 1.01276e+06 269673
pelacesobs
 0 0 0 0 0 0 0 0 0 0 0 0 0 0 0 552880 188675 0 991730 2.46772e+06 1.41603e+06 1.21717e+06 2.29649e+06 1.80582e+06 0 1.4828e+06 1.56532e+06 1.57751e+06 1.42118e+06 867257 0
pelacespred
 426479 427155 202525 21376.2 6509.49 275579 189709 91857.1 95984.2 73301 118248 154849 132579 92991.9 161628 306582 446625 439074 824949 651053 889213 938454 754369 956233 768975 429757 676859 1.11227e+06 1.09395e+06 568104 129953
mphobs
 0 0 0 0 0 0 0 0 0 0 0 498337 0 5186 125008 0 168611 109162 213762 579715 649985 157893 87575 83554 0 0 0 0 0 0 0
mphpred
 592717 1.13645e+06 509111 180371 17097.7 18294.4 682517 218812 92850.1 191249 96281.9 283945 296602 165865 126671 302687 831202 871423 643201 1.64559e+06 1.01172e+06 1.65539e+06 1.67287e+06 1.04638e+06 1.62067e+06 939303 491516 1.10231e+06 2.303e+06 1.31748e+06 391471
desembarqueobs
 494567 514787 250237 358949 120608 361735 552515 73892 212993 205616 52469 317467 293654 387597 252695 516296 358380 742168 942051 627588 828172 859565 418607 520667 417249 300574 407403 355545 319650 289779 219260
desembarquepred
 494454 518241 248781 359204 120306 360340 550560 73778.9 212286 205029 52329.7 316961 293455 386477 252048 516003 358653 740479 942790 629171 827768 858113 419084 518797 417312 300425 406094 355848 319718 290349 220230
Reclutas
 433436 3652.26 57646 18874 34333.7 352057 1860.32 2023.23 63011.3 32136.1 106917 127267 69712.9 81275.3 109897 405551 125669 206594 906919 28240.6 526352 624934 23536 357559 131690 36228.1 358237 481618 17177.8 5114.3 8529.97
log_desv_Rt
 1.85343 -2.92297 -0.163994 -1.28053 -0.682189 1.64548 -3.59757 -3.51362 -0.0750006 -0.748335 0.453736 0.62797 0.0260708 0.179527 0.481229 1.78693 0.615339 1.11244 2.59174 -0.877554 2.04765 2.21933 -1.05978 1.66099 0.662137 -0.628479 1.66288 1.95884 -1.3747 -2.58627 -2.07473
SSB
 592717 1.13645e+06 509111 180371 17097.7 18294.4 682517 218812 92850.1 191249 96281.9 283945 296602 165865 126671 302687 831202 871423 643201 1.64559e+06 1.01172e+06 1.65539e+06 1.67287e+06 1.04638e+06 1.62067e+06 939303 491516 1.10231e+06 2.303e+06 1.31748e+06 391471
BT
 1.78058e+06 1.44773e+06 739576 375922 118348 1.57248e+06 932287 290565 578691 405638 490849 767491 666458 757751 902227 1.60921e+06 1.5389e+06 1.97493e+06 4.17489e+06 2.14041e+06 3.83756e+06 3.63215e+06 2.15883e+06 3.85352e+06 2.35134e+06 1.37732e+06 3.07835e+06 4.31446e+06 2.80903e+06 1.63897e+06 557730
Ftot
 0.389935 0.467137 0.501313 2.53242 3.01705 0.547463 0.916574 0.354171 0.85878 0.944017 0.198842 0.704391 0.783903 1.45629 0.686868 0.624809 0.301629 0.612385 0.512408 0.41639 0.363843 0.396409 0.236371 0.25508 0.259844 0.318694 0.314037 0.166183 0.125693 0.268376 0.725419
BD_Bspro_t
 0.939517 0.729847 0.46422 0.255052 0.0392959 0.0606747 0.570583 0.264182 0.185137 0.351123 0.276656 0.60781 0.474607 0.305073 0.24662 0.425722 0.565905 0.547083 0.452225 0.615741 0.447875 0.566439 0.601097 0.535771 0.665372 0.599838 0.517593 0.716179 0.822676 0.725052 0.523611
BD_Bspro
 1.22556 2.34985 1.05269 0.372954 0.0353529 0.0378274 1.41125 0.452438 0.191987 0.395447 0.199083 0.587115 0.613287 0.34296 0.261918 0.625869 1.71868 1.80185 1.32995 3.4026 2.09194 3.42286 3.459 2.16361 3.35107 1.9422 1.01631 2.27925 4.76193 2.72416 0.809447
BD_Bo
 0.36531 0.70043 0.313781 0.111168 0.0105378 0.0112754 0.420657 0.13486 0.0572264 0.117873 0.0593416 0.175004 0.182805 0.102228 0.0780713 0.186556 0.512296 0.537085 0.396425 1.01423 0.623555 1.02027 1.03104 0.644916 0.99887 0.578922 0.302936 0.679387 1.41941 0.812004 0.241276
BD_Brms
 1.54835 2.96874 1.32994 0.47118 0.044664 0.0477902 1.78293 0.571599 0.242551 0.499598 0.251516 0.741746 0.77481 0.433287 0.330901 0.790706 2.17134 2.27641 1.68023 4.29876 2.6429 4.32435 4.37001 2.73344 4.23366 2.45373 1.28398 2.87955 6.01611 3.44164 1.02263
Sel_flota
 0.5 1 1 1 1
 0.5 1 1 1 1
 0.5 1 1 1 1
 0.5 1 1 1 1
 0.5 1 1 1 1
 0.5 1 1 1 1
 0.5 1 1 1 1
 0.5 1 1 1 1
 0.5 1 1 1 1
 0.5 1 1 1 1
 0.5 1 1 1 1
 0.5 1 1 1 1
 0.5 1 1 1 1
 0.5 1 1 1 1
 0.5 1 1 1 1
 0.5 1 1 1 1
 0.5 1 1 1 1
 0.5 1 1 1 1
 0.5 1 1 1 1
 0.5 1 1 1 1
 0.5 1 1 1 1
 0.5 1 1 1 1
 0.5 1 1 1 1
 0.5 1 1 1 1
 0.5 1 1 1 1
 0.5 1 1 1 1
 0.5 1 1 1 1
 0.5 1 1 1 1
 0.5 1 1 1 1
 0.5 1 1 1 1
 0.5 1 1 1 1
Sel_reclas
 0.5 1 1 1 1
 0.5 1 1 1 1
 0.5 1 1 1 1
 0.5 1 1 1 1
 0.5 1 1 1 1
 0.5 1 1 1 1
 0.5 1 1 1 1
 0.5 1 1 1 1
 0.5 1 1 1 1
 0.5 1 1 1 1
 0.5 1 1 1 1
 0.5 1 1 1 1
 0.5 1 1 1 1
 0.5 1 1 1 1
 0.5 1 1 1 1
 0.5 1 1 1 1
 0.5 1 1 1 1
 0.5 1 1 1 1
 0.5 1 1 1 1
 0.5 1 1 1 1
 0.5 1 1 1 1
 0.5 1 1 1 1
 0.5 1 1 1 1
 0.5 1 1 1 1
 0.5 1 1 1 1
 0.5 1 1 1 1
 0.5 1 1 1 1
 0.5 1 1 1 1
 0.5 1 1 1 1
 0.5 1 1 1 1
 0.5 1 1 1 1
Sel_pelaces
 0.5 1 1 1 1
 0.5 1 1 1 1
 0.5 1 1 1 1
 0.5 1 1 1 1
 0.5 1 1 1 1
 0.5 1 1 1 1
 0.5 1 1 1 1
 0.5 1 1 1 1
 0.5 1 1 1 1
 0.5 1 1 1 1
 0.5 1 1 1 1
 0.5 1 1 1 1
 0.5 1 1 1 1
 0.5 1 1 1 1
 0.5 1 1 1 1
 0.5 1 1 1 1
 0.5 1 1 1 1
 0.5 1 1 1 1
 0.5 1 1 1 1
 0.5 1 1 1 1
 0.5 1 1 1 1
 0.5 1 1 1 1
 0.5 1 1 1 1
 0.5 1 1 1 1
 0.5 1 1 1 1
 0.5 1 1 1 1
 0.5 1 1 1 1
 0.5 1 1 1 1
 0.5 1 1 1 1
 0.5 1 1 1 1
 0.5 1 1 1 1
pf_obs 
 0.8446 0.082 0.0669 0.0065 0
 0.8095 0.147 0.0364 0.0071 0
 0.9664 0.0169 0.016 0.0007 0
 0.9276 0.0648 0.0075 0.0001 0
 0.7033 0.2144 0.0806 0.0017 0
 0.9318 0.0425 0.0243 0.0014 0
 0.5671 0.3108 0.0964 0.0239 0.0018
 0.0768 0.2599 0.5324 0.112 0.0189
 0.490249 0.384438 0.106611 0.0170017 0.00170017
 0.7925 0.1577 0.0466 0.003 0.0002
 0.840416 0.127587 0.0312969 0.00059994 9.999e-05
 0.8084 0.0986 0.0794 0.0134 0.0002
 0.7335 0.1905 0.0724 0.0035 0.0001
 0.4001 0.4547 0.1325 0.0127 0
 0.49795 0.308269 0.164784 0.0264974 0.00249975
 0.9179 0.0499 0.0305 0.0017 0
 0.2467 0.6533 0.0926 0.0074 0
 0.9418 0.0223 0.034 0.0019 0
 0.707729 0.231977 0.0356964 0.0245975 0
 0.517169 0.277429 0.184464 0.0207286 0.00020938
 0.811772 0.124168 0.05621 0.00726502 0.000585176
 0.764997 0.148141 0.077277 0.00933861 0.000247198
 0.163321 0.427699 0.378323 0.0303852 0.000271297
 0.753843 0.0900009 0.118128 0.0371064 0.000921714
 0.721811 0.176058 0.0630433 0.0369309 0.00215725
 0.143369 0.312575 0.442814 0.0836902 0.0175525
 0.692698 0.0596174 0.167031 0.0765114 0.00414204
 0.394062 0.376323 0.152708 0.0712218 0.00568511
 0.125707 0.32114 0.495352 0.0537591 0.00404204
 0.23352 0.215282 0.420074 0.123614 0.00750983
 0 0 0 0 0
pf_pred 
 0.831831 0.106303 0.0391068 0.0143866 0.00837266
 0.013798 0.904905 0.0513894 0.0189051 0.0110023
 0.48281 0.0161637 0.459725 0.0261077 0.0151941
 0.360526 0.438137 0.00629234 0.178966 0.0160783
 0.906209 0.0689742 0.0170032 0.000244193 0.00756926
 0.985681 0.0140775 0.00017755 4.37689e-05 2.0113e-05
 0.0109764 0.982988 0.00593387 7.48402e-05 2.69272e-05
 0.0674231 0.0268846 0.900165 0.00543391 9.31929e-05
 0.891358 0.0150563 0.00269791 0.0903329 0.000554653
 0.547211 0.43268 0.00278683 0.000499366 0.0168227
 0.852456 0.112933 0.0330735 0.000213022 0.00132408
 0.653623 0.320251 0.0199975 0.00585644 0.00027218
 0.502604 0.410124 0.0806895 0.0050385 0.00154415
 0.6837 0.228046 0.0727696 0.014317 0.00116798
 0.791365 0.182567 0.0187945 0.00599734 0.0012762
 0.878051 0.110214 0.0102692 0.00105717 0.000409128
 0.366413 0.599279 0.0310061 0.00288899 0.000412508
 0.620057 0.212281 0.158584 0.00820499 0.000873657
 0.877157 0.0979921 0.0138846 0.0103724 0.000593803
 0.0530297 0.893483 0.0426673 0.00604556 0.00477488
 0.790803 0.0235853 0.175128 0.00836306 0.00212087
 0.651741 0.311357 0.00416042 0.0308924 0.00184935
 0.0502605 0.767791 0.162669 0.00217361 0.0171059
 0.713868 0.0291803 0.207725 0.0440099 0.00521606
 0.335708 0.560245 0.0106109 0.0755356 0.0179001
 0.191514 0.422072 0.325891 0.00617228 0.0543509
 0.851873 0.0507615 0.05083 0.0392469 0.00728879
 0.672079 0.303879 0.00823921 0.00825032 0.00755331
 0.042022 0.777419 0.167321 0.00453665 0.00870174
 0.0365628 0.0803935 0.716608 0.154233 0.0122029
 0.184207 0.0619924 0.0629005 0.56068 0.13022
pobs_RECLAS
 0 0 0 0 0
 0 0 0 0 0
 0 0 0 0 0
 0 0 0 0 0
 0 0 0 0 0
 0 0 0 0 0
 0 0 0 0 0
 0 0 0 0 0
 0 0 0 0 0
 0 0 0 0 0
 0.991045 0.00858322 0.000360255 1.14367e-05 0
 0.934742 0.0480273 0.0164251 0.00080598 0
 0.827803 0.169806 0.00239088 0 0
 0.941827 0.0461693 0.0120037 0 0
 0.791401 0.0380133 0.147996 0.0225897 0
 0.846168 0.0940531 0.0597789 0 0
 0.134021 0.677848 0.182769 0.00536245 0
 0.80878 0.0450904 0.141981 0.00414843 0
 0.846168 0.0940531 0.0597789 0 0
 0.905697 0.0802665 0.012482 0.00150086 5.37128e-05
 0.989698 0.0102097 9.19794e-05 0 0
 0.975433 0.0193895 0.00387452 0.00125025 5.28907e-05
 0.303575 0.632131 0.0575291 0.00676475 0
 0.966965 0.00978017 0.0227588 0.000495775 0
 0.843318 0.132988 0.00938335 0.0141283 0.000182051
 0.564624 0.303363 0.111486 0.0197234 0.00080311
 0.826376 0.0876187 0.0782897 0.00655872 0.00115652
 0.89761 0.0855135 0.0140674 0.00269457 0.000114338
 0.34875 0.467042 0.161289 0.0227151 0.000203297
 0.318654 0.224769 0.449479 0.00709798 0
 0.937255 0.0296025 0.0250945 0.00804832 0
ppred_RECLAS
 0.83467 0.104509 0.0384466 0.0141437 0.00823131
 0.0141495 0.904583 0.0513711 0.0188984 0.0109984
 0.489771 0.0159461 0.453537 0.0257563 0.0149896
 0.424571 0.394257 0.00566214 0.161042 0.014468
 0.932032 0.0499838 0.0123218 0.00017696 0.00548525
 0.986114 0.0136517 0.00017218 4.24451e-05 1.95047e-05
 0.0116649 0.982304 0.00592974 7.47881e-05 2.69085e-05
 0.0685762 0.0268513 0.899052 0.00542719 9.30777e-05
 0.896692 0.0143172 0.00256546 0.0858984 0.000527424
 0.563034 0.41756 0.00268944 0.000481915 0.0162348
 0.853624 0.112039 0.0328117 0.000211335 0.0013136
 0.663333 0.311273 0.0194369 0.00569226 0.000264549
 0.515045 0.399866 0.0786713 0.00491248 0.00150553
 0.708722 0.210005 0.0670128 0.0131844 0.00107558
 0.798178 0.176605 0.0181808 0.0058015 0.00123453
 0.881948 0.106691 0.00994093 0.00102338 0.000396051
 0.369911 0.595971 0.030835 0.00287304 0.00041023
 0.628492 0.207568 0.155063 0.00802282 0.00085426
 0.88021 0.0955564 0.0135394 0.0101146 0.000579044
 0.0541524 0.892423 0.0426167 0.00603839 0.00476922
 0.793895 0.0232367 0.17254 0.00823945 0.00208953
 0.656457 0.30714 0.00410407 0.030474 0.0018243
 0.0508044 0.767352 0.162576 0.00217237 0.0170961
 0.716389 0.0289233 0.205896 0.0436222 0.00517012
 0.338532 0.557863 0.0105658 0.0752145 0.017824
 0.194011 0.420768 0.324884 0.00615322 0.0541831
 0.853852 0.0500834 0.050151 0.0387227 0.00719143
 0.673757 0.302323 0.00819703 0.00820808 0.00751464
 0.0422488 0.777235 0.167281 0.00453557 0.00869968
 0.0370277 0.0803547 0.716262 0.154158 0.012197
 0.191049 0.0614725 0.062373 0.555977 0.129128
pobs_PELACES
 0 0 0 0 0
 0 0 0 0 0
 0 0 0 0 0
 0 0 0 0 0
 0 0 0 0 0
 0 0 0 0 0
 0 0 0 0 0
 0 0 0 0 0
 0 0 0 0 0
 0 0 0 0 0
 0 0 0 0 0
 0 0 0 0 0
 0 0 0 0 0
 0 0 0 0 0
 0 0 0 0 0
 0 0 0 0 0
 0.505614 0.472636 0.0217494 0 0
 0 0 0 0 0
 0.443492 0.261883 0.143347 0.151278 0
 0.227955 0.32914 0.350689 0.0885471 0.00366901
 0.970185 0.0296113 0.000203453 0 0
 0.997202 0.00247181 0.000326279 0 0
 0.445219 0.490057 0.0546422 0.010081 0
 0.90214 0.0892962 0.00764917 0.000914606 0
 0 0 0 0 0
 0.581667 0.319106 0.0959925 0.00289975 0.000334073
 0.762889 0.0836404 0.116647 0.0363945 0.000428098
 0.88444 0.0763242 0.0277011 0.0115352 0
 0.521256 0.241999 0.230069 0.00667565 0
 0.616807 0.101726 0.260614 0.0208532 0
 0 0 0 0 0
ppred_PELACES
 0.843358 0.0990165 0.0364261 0.0134004 0.00779873
 0.015266 0.903558 0.051313 0.018877 0.010986
 0.510447 0.0152999 0.435158 0.0247126 0.0143821
 0.528423 0.323102 0.00464026 0.131978 0.0118569
 0.957554 0.0312151 0.007695 0.000110512 0.00342556
 0.987298 0.0124876 0.000157498 3.88257e-05 1.78415e-05
 0.0135436 0.980436 0.00591847 7.46459e-05 2.68573e-05
 0.0724043 0.026741 0.895357 0.00540488 9.26951e-05
 0.9091 0.0125976 0.00225733 0.0755814 0.000464077
 0.600908 0.381368 0.00245634 0.000440146 0.0148277
 0.857676 0.108938 0.0319034 0.000205485 0.00127723
 0.688777 0.287748 0.0179679 0.00526206 0.000244556
 0.547244 0.373316 0.0734478 0.00458631 0.00140556
 0.755742 0.176105 0.0561952 0.0110561 0.000901955
 0.81582 0.161168 0.0165915 0.00529438 0.00112662
 0.892266 0.0973661 0.00907206 0.000933931 0.000361435
 0.381584 0.58493 0.0302637 0.00281981 0.00040263
 0.651763 0.194566 0.14535 0.00752028 0.00080075
 0.888843 0.0886706 0.0125638 0.00938577 0.000537318
 0.0577812 0.888999 0.0424532 0.00601523 0.00475092
 0.803545 0.0221488 0.164461 0.00785367 0.00199169
 0.671054 0.294091 0.0039297 0.0291792 0.00174679
 0.0527184 0.765804 0.162248 0.00216799 0.0170616
 0.724862 0.0280592 0.199745 0.042319 0.00501566
 0.348198 0.549711 0.0104114 0.0741154 0.0175636
 0.202366 0.416406 0.321517 0.00608944 0.0536214
 0.8602 0.047908 0.0479726 0.0370407 0.00687905
 0.679756 0.296764 0.00804632 0.00805717 0.00737648
 0.043096 0.776547 0.167133 0.00453156 0.00869199
 0.0386395 0.0802202 0.715064 0.1539 0.0121766
 0.210234 0.0600146 0.0608937 0.542792 0.126066
pobs_pel_tallas
 0 0 0 0 0 0 0 0 0 0 0 0 0 0 0 0 0 0 0 0 0 0 0 0 0 0
 0 0 0 0 0 0 0 0 0 0 0 0 0 0 0 0 0 0 0 0 0 0 0 0 0 0
 0 0 0 0 0 0 0 0 0 0 0 0 0 0 0 0 0 0 0 0 0 0 0 0 0 0
 0 0 0 0 0 0 0 0 0 0 0 0 0 0 0 0 0 0 0 0 0 0 0 0 0 0
 0 0 0 0 0 0 0 0 0 0 0 0 0 0 0 0 0 0 0 0 0 0 0 0 0 0
 0 0 0 0 0 0 0 0 0 0 0 0 0 0 0 0 0 0 0 0 0 0 0 0 0 0
 0 0 0 0 0 0 0 0 0 0 0 0 0 0 0 0 0 0 0 0 0 0 0 0 0 0
 0 0 0 0 0 0 0 0 0 0 0 0 0 0 0 0 0 0 0 0 0 0 0 0 0 0
 0 0 0 0 0 0 0 0 0 0 0 0 0 0 0 0 0 0 0 0 0 0 0 0 0 0
 0 0 0 0 0 0 0 0 0 0 0 0 0 0 0 0 0 0 0 0 0 0 0 0 0 0
 0 0 0 0 0 0 0 0 0 0 0 0 0 0 0 0 0 0 0 0 0 0 0 0 0 0
 0 0 0 0 0 0 0 0 0 0 0 0 0 0 0 0 0 0 0 0 0 0 0 0 0 0
 0.00862536 0 0 0.000197151 0.00414017 0.0128641 0.00837892 0.0270097 0.101434 0.158115 0.152841 0.127902 0.109271 0.109419 0.0830992 0.0579132 0.0238553 0.00714673 0.00463305 0.00128148 0.00103504 0.000492878 0.000147863 0.000147863 4.92878e-05 0
 0 0 0 0 0 0 0 0 0 0 0 0 0 0 0 0 0 0 0 0 0 0 0 0 0 0
 0 0 0 0 0 0 0 0.0054083 0.00873648 0.0413646 0.0450493 0.0745869 0.0622846 0.0627006 0.0613931 0.0827291 0.12552 0.122667 0.0946155 0.0697135 0.0546179 0.0294188 0.0215738 0.0213955 0.0102223 0.00600262
 0 0 0 0 0.00359764 0.0251062 0.0480494 0.140153 0.205849 0.193036 0.1447 0.116669 0.0760912 0.0342217 0.00950174 0.001854 0.000860785 0 0 0 0.000165536 0 0.000143464 0 0 0
 0 0 0 0 0 0 0 0.000145254 0.000435761 0.0275982 0.070085 0.0708112 0.156366 0.174668 0.174014 0.160142 0.0824315 0.0480064 0.0283245 0.00493863 0.00203355 0 0 0 0 0
 0 0 0 0 0 0 0 0 0 0 0 0 0 0 0 0 0 0 0 0 0 0 0 0 0 0
 0 0 1.00437e-05 0.000401748 0.00122533 0.00171747 0.00176769 0.0269171 0.070346 0.194647 0.189555 0.159765 0.064822 0.0314167 0.0384472 0.0292271 0.0345202 0.0313363 0.0194345 0.0106764 0.0143323 0.0359363 0.0279516 0.0138201 0.00172751 0
 0 0.0021121 0.0136068 0.0755702 0.200478 0.177729 0.0527432 0.0373336 0.0318909 0.0142505 0.0149659 0.0166563 0.0217959 0.0798694 0.0677717 0.0528807 0.04013 0.0224614 0.0357745 0.0225083 0.00881397 0.00855152 0.00135912 0.000746735 0 0
 0 0 0 0 5.4009e-05 0.00500934 0.000945158 0.0243581 0.138947 0.33067 0.221406 0.137944 0.0707744 0.0437923 0.0131692 0.00525238 0.0047753 0.00276346 9.45158e-05 9.00151e-06 2.25038e-05 9.00151e-06 4.50075e-06 0 0 0
 0.000866109 0.00284123 0.00948549 0.0512746 0.133035 0.25785 0.225252 0.132002 0.0553304 0.0519788 0.0540692 0.017754 0.00435017 0.00159236 0.00146478 0.000404838 0.000125132 0.000115318 0.000107957 0.000100596 0 0 0 0 0 0
 0 0 0 0 0.00144013 0.00171154 0.00461396 0.0210425 0.0478622 0.0707936 0.0888783 0.103762 0.0637923 0.0337046 0.0602308 0.124433 0.169614 0.0934646 0.0462172 0.0250306 0.0313229 0.00938855 0.002487 0.000210481 0 0
 0 0.00764035 0.051015 0.0998891 0.058973 0.0496711 0.0374665 0.0718981 0.12319 0.153886 0.159021 0.0857701 0.0377988 0.023471 0.0147837 0.00900784 0.00315554 0.000888139 0.00291439 0.00214683 0.00393193 0.00274676 0.000635225 9.99891e-05 0 0
 0 0 0 0 0 0 0 0 0 0 0 0 0 0 0 0 0 0 0 0 0 0 0 0 0 0
 0 0 0 0 0 0 0 0 0 0 0 0 0 0 0 0 0 0 0 0 0 0 0 0 0 0
 0 0 0 0 0 0 0 0 0 0 0 0 0 0 0 0 0 0 0 0 0 0 0 0 0 0
 0 0 0 0 0 0 0 0 0 0 0 0 0 0 0 0 0 0 0 0 0 0 0 0 0 0
 0 0 0 0 0 0 0 0 0 0 0 0 0 0 0 0 0 0 0 0 0 0 0 0 0 0
 0 0 0 0 0 0 0 0 0 0 0 0 0 0 0 0 0 0 0 0 0 0 0 0 0 0
 0 0 0 0 0 0 0 0 0 0 0 0 0 0 0 0 0 0 0 0 0 0 0 0 0 0
ppred_pel_tallas
 1.03741e-16 6.94663e-05 0.000675237 0.00448719 0.0203981 0.0634662 0.135222 0.197362 0.197372 0.135269 0.0636236 0.0208533 0.0056317 0.00318033 0.00484675 0.00795477 0.0115761 0.0148214 0.016835 0.0172315 0.0163093 0.0148071 0.0134051 0.0123701 0.0115596 0.0106741
 1.05464e-16 1.25762e-06 1.22246e-05 8.12413e-05 0.000369364 0.0011497 0.00245276 0.00359811 0.00368508 0.00287765 0.00257598 0.00448741 0.0104122 0.0225455 0.0427391 0.0705059 0.10122 0.126563 0.138059 0.131819 0.110904 0.0833533 0.0574954 0.0381629 0.0259652 0.0189653
 1.17474e-16 4.20449e-05 0.000408691 0.0027159 0.0123461 0.0384132 0.0818435 0.119453 0.119456 0.0818544 0.0384516 0.0124656 0.00304858 0.00124295 0.00194258 0.00396842 0.00762813 0.0135788 0.0223812 0.0340849 0.0477964 0.0614948 0.0723918 0.0778526 0.0764683 0.0686703
 1.15459e-16 4.35256e-05 0.000423084 0.00281154 0.0127809 0.0397662 0.0847273 0.123669 0.1237 0.0848794 0.0402768 0.0142555 0.00651299 0.00850366 0.0153934 0.0253967 0.0366448 0.0462777 0.0514884 0.0511672 0.0466671 0.0409542 0.0367771 0.0352291 0.035569 0.0360859
 1.00821e-16 7.88724e-05 0.000766668 0.00509478 0.0231601 0.0720598 0.153531 0.224084 0.224087 0.153546 0.0721093 0.0233031 0.00545391 0.00155153 0.00157208 0.002481 0.00358258 0.00453966 0.00506746 0.00503752 0.00454847 0.00385376 0.00320326 0.00272295 0.00240266 0.00216305
 1.00015e-16 8.13225e-05 0.000790483 0.00525304 0.0238796 0.0742982 0.1583 0.231044 0.231045 0.158306 0.0743178 0.0239364 0.00539559 0.00110125 0.000670274 0.000976074 0.00139037 0.0017318 0.00187686 0.0017707 0.00145628 0.00104717 0.000662707 0.000374539 0.000195079 9.94033e-05
 1.00434e-16 1.11577e-06 1.08458e-05 7.20789e-05 0.000327718 0.00102016 0.00217704 0.00319722 0.0032915 0.00263761 0.00256599 0.00478978 0.0112618 0.0244027 0.0462214 0.0761378 0.109036 0.135762 0.146988 0.138417 0.113429 0.0809708 0.0504618 0.0275859 0.013366 0.00586769
 1.26403e-16 5.96386e-06 5.79708e-05 0.000385236 0.00175123 0.00544875 0.0116093 0.0169449 0.0169488 0.0116292 0.00551977 0.00197384 0.00100984 0.0016387 0.00364244 0.00766026 0.0148545 0.0265948 0.0439507 0.0668821 0.0933862 0.119204 0.138671 0.146678 0.140856 0.122697
 1.07727e-16 7.48813e-05 0.000727873 0.00483697 0.0219882 0.0684134 0.145762 0.212744 0.212745 0.145768 0.0684339 0.0220479 0.00498858 0.00106506 0.000734971 0.00115262 0.00179731 0.00259577 0.00356832 0.00482064 0.00651606 0.00876458 0.0114797 0.0143036 0.0166709 0.0179989
 1.02722e-16 4.9496e-05 0.000481119 0.00319721 0.0145341 0.0452211 0.0963496 0.140633 0.140669 0.0965288 0.0458224 0.01627 0.00755067 0.0099718 0.0180361 0.0296404 0.0424641 0.0529235 0.0574131 0.0542964 0.0449246 0.0328051 0.0215988 0.0134677 0.00871055 0.00644114
 1.01186e-16 7.06457e-05 0.000686701 0.00456337 0.0207444 0.0645437 0.137518 0.200713 0.200724 0.137569 0.0647165 0.0212438 0.0058179 0.00342908 0.00528979 0.00866127 0.0125342 0.015893 0.0177454 0.0176195 0.0158206 0.0131884 0.0105623 0.00838637 0.00668229 0.00527775
 1.01162e-16 5.67337e-05 0.000551472 0.00366473 0.0166593 0.0518335 0.110438 0.161193 0.161221 0.110573 0.0522878 0.0179709 0.00695508 0.00772834 0.0136692 0.0224617 0.0322423 0.0403156 0.0439745 0.0419708 0.035267 0.0264088 0.0180396 0.0117032 0.00761617 0.00519869
 1.02913e-16 4.50758e-05 0.000438153 0.00291168 0.0132361 0.0411827 0.0877453 0.128074 0.12811 0.0879213 0.0417736 0.0149433 0.00719821 0.00979994 0.0178371 0.0294481 0.0424867 0.0535675 0.0592515 0.0579206 0.050705 0.0406567 0.0308803 0.0230944 0.0174578 0.0133141
 1.02929e-16 6.22495e-05 0.000605087 0.00402102 0.018279 0.0568728 0.121174 0.176861 0.176878 0.121257 0.0571523 0.019087 0.00605162 0.0050459 0.00851956 0.0140471 0.0203715 0.025914 0.0290984 0.0291822 0.026663 0.0228732 0.0191124 0.0160157 0.0135325 0.0113238
 1.01242e-16 6.7198e-05 0.000653189 0.00434067 0.0197321 0.0613939 0.130807 0.190919 0.190935 0.130883 0.0616485 0.0204675 0.00618619 0.00468044 0.00771118 0.01263 0.01816 0.022779 0.0249843 0.0240844 0.0206093 0.015954 0.01155 0.0082078 0.00600737 0.00460952
 1.00442e-16 7.34948e-05 0.000714396 0.00474741 0.0215811 0.0671467 0.143064 0.208807 0.208817 0.143109 0.0673005 0.0220252 0.00586178 0.00314571 0.00468697 0.00762149 0.0109465 0.0137111 0.0149994 0.0143878 0.0121944 0.00926584 0.00647908 0.00434279 0.00292692 0.0020444
 1.01374e-16 3.14307e-05 0.000305518 0.00203027 0.00922937 0.0287163 0.0611852 0.0893134 0.0893696 0.0614602 0.0296394 0.0118945 0.00871588 0.0148859 0.0276797 0.0455987 0.06542 0.0817099 0.0889464 0.0845751 0.0705543 0.0520894 0.0346155 0.0213512 0.0128128 0.00786994
 1.05134e-16 5.36849e-05 0.000521836 0.00346779 0.0157641 0.0490479 0.104503 0.152528 0.152547 0.104595 0.0493594 0.016666 0.00574047 0.00551181 0.00961433 0.016027 0.0235863 0.0307039 0.0357524 0.0379074 0.0375147 0.0356268 0.0331421 0.0303018 0.0268677 0.0226491
 1.01418e-16 7.32128e-05 0.000711654 0.00472919 0.0214982 0.066889 0.142514 0.208006 0.208014 0.142556 0.0670293 0.0219034 0.00574638 0.00293269 0.00429297 0.00698582 0.0100679 0.0126874 0.0140323 0.0137359 0.0120921 0.00985137 0.00776207 0.00621462 0.00519571 0.00447778
 1.0286e-16 4.75954e-06 4.62645e-05 0.000307448 0.00139767 0.00434912 0.00926942 0.0135469 0.0136325 0.00968737 0.00575205 0.00544801 0.0104676 0.0222036 0.0420197 0.0692865 0.0994024 0.124143 0.135125 0.128477 0.107198 0.0792249 0.0528366 0.0329232 0.0202393 0.0130109
 1.05877e-16 6.61869e-05 0.00064336 0.00427536 0.0194351 0.06047 0.128838 0.188043 0.188045 0.12885 0.0605103 0.0195547 0.00458752 0.00136472 0.00155289 0.00276617 0.00468378 0.0073553 0.0108252 0.0150293 0.0196757 0.0241438 0.0275419 0.0289883 0.0280015 0.0247533
 1.03411e-16 5.52739e-05 0.000537282 0.00357043 0.0162307 0.0504998 0.107596 0.157046 0.157074 0.107734 0.0509637 0.0175702 0.00693046 0.00786461 0.0139492 0.0229175 0.0328818 0.0410963 0.0448202 0.0428305 0.0361875 0.02757 0.0197141 0.0141462 0.0109364 0.00927789
 1.07983e-16 4.34251e-06 4.22108e-05 0.000280509 0.0012752 0.00396801 0.008457 0.0123587 0.0124326 0.00881807 0.0051806 0.00477852 0.00907791 0.0192587 0.0365339 0.0604779 0.0873184 0.110208 0.122123 0.119764 0.105445 0.085394 0.065921 0.0504804 0.0393301 0.0310724
 1.10865e-16 5.97059e-05 0.000580363 0.00385671 0.0175321 0.0545488 0.116222 0.16963 0.169633 0.116237 0.0545998 0.0176835 0.00425226 0.00149506 0.00194735 0.00351865 0.0059842 0.00945591 0.0140434 0.019739 0.0262523 0.0328474 0.0383683 0.0415624 0.041582 0.038369
 1.10846e-16 2.86808e-05 0.000278787 0.00185264 0.00842187 0.0262039 0.055832 0.0814996 0.0815525 0.0560905 0.0270714 0.0109268 0.00813687 0.0139861 0.0260298 0.0429096 0.0616428 0.0772031 0.0845367 0.081432 0.0699315 0.0550544 0.0418444 0.0329847 0.0283581 0.0261911
 1.1907e-16 1.66687e-05 0.000162026 0.00107672 0.00489464 0.0152293 0.0324491 0.0473688 0.0474094 0.0326474 0.0158964 0.00682669 0.00594629 0.0108581 0.0205232 0.0344056 0.0507336 0.0662469 0.0775521 0.082983 0.0833679 0.0810018 0.0777612 0.0739975 0.068913 0.0617327
 1.06276e-16 7.08535e-05 0.000688722 0.0045768 0.0208055 0.0647335 0.137922 0.201302 0.201307 0.137945 0.0648109 0.02103 0.00514438 0.00194097 0.00248854 0.00410699 0.00616069 0.00828799 0.0101793 0.011722 0.0130468 0.0143665 0.0157315 0.0169154 0.0175192 0.0171986
 1.02365e-16 5.59906e-05 0.000544249 0.00361673 0.0164411 0.0511546 0.108991 0.159082 0.159111 0.109131 0.0516228 0.0177928 0.00700708 0.00793724 0.0140728 0.0231147 0.0331491 0.0413902 0.0450477 0.0428553 0.0358524 0.0267303 0.0182777 0.0121114 0.00841654 0.00649417
 1.06947e-16 3.54993e-06 3.45066e-05 0.000229312 0.00104247 0.0032439 0.00691424 0.0101072 0.0101822 0.00728039 0.00447357 0.00459516 0.00915081 0.0195225 0.0370501 0.0613361 0.0885618 0.111783 0.123872 0.121467 0.106892 0.0864342 0.066468 0.050495 0.038808 0.0300531
 1.38151e-16 3.1827e-06 3.0937e-05 0.000205588 0.000934577 0.00290786 0.00619583 0.00904484 0.00905371 0.00623973 0.00305858 0.00138459 0.00139068 0.00280201 0.00580652 0.0110089 0.0191673 0.0310368 0.0472098 0.0677405 0.0915084 0.115684 0.135927 0.14764 0.147787 0.136233
 1.77541e-16 1.73167e-05 0.000168325 0.00111858 0.0050849 0.015821 0.0337086 0.0492 0.049206 0.0337385 0.0159223 0.00538204 0.00188244 0.00189883 0.00350087 0.00631449 0.0105033 0.0164521 0.0248997 0.0370225 0.0540888 0.0766106 0.103373 0.130989 0.154455 0.168642
pSPR Fmed_Fpbrs
0.496444   0.285935 0.285935
Fs Fmed_Fpbrs
0.490068   1.005 1.005
SSBpbr Bo_Bmed_Bpbrs
1.6225e+06  724356  382806 382806
Ro
67918.9
SPR SPRFo_SPRFmed_SPRFpbrs
483627 240094 138286
Fref
1.005
log_Ro
10.9461
likeval ReclasPelacesDesembMPH_pf_preclas_ppelaces_ptallas_desvR_qrecl_qpela
 69.4151 41.2968 1.12442 0.0021147 311.292 177.101 115.506 0 123.823 0 0 2.81122 0 0 0
q_reclas_q_pelaces
1 1
M
1
N
 433436 29913.6 11004.6 4048.37 2356.06
 3652.26 131207 7451.23 2741.16 1595.29
 57646 1063.73 30254.4 1718.14 999.918
 18874 16505 237.038 6741.8 605.685
 34333.7 1957.31 482.508 6.92957 214.796
 352057 2794.36 35.2435 8.68807 3.99241
 1860.32 98500.4 594.604 7.49937 2.69824
 2023.23 432.774 14490.4 87.4723 1.50017
 63011.3 623.51 111.725 3740.86 22.9692
 32136.1 15088.4 97.182 17.4138 586.64
 106917 7374.08 2159.57 13.9094 86.457
 127267 35610.1 2223.6 651.202 30.2648
 69712.9 32920.3 6476.88 404.436 123.947
 81275.3 17329.9 5529.99 1087.99 88.7585
 109897 14435.6 1486.09 474.212 100.91
 405551 28677.4 2672.01 275.072 106.454
 125669 109163 5647.99 526.25 75.1413
 206594 39759.1 29702 1536.75 163.632
 906919 55955.9 7928.43 5922.92 339.076
 28240.6 258230 12331.5 1747.26 1380.01
 526352 8436.48 62643.5 2991.47 758.638
 624934 161426 2157.01 16016.4 958.814
 23536 188565 39950.4 533.825 4201.11
 357559 7693.28 54766.1 11603.1 1375.2
 131690 115788 2192.99 15611.2 3699.49
 36228.1 42543.6 32848.9 622.148 5478.42
 358237 11364.4 11379.8 8786.56 1631.81
 481618 112638 3054 3058.12 2799.76
 17177.8 163051 35092.7 951.485 1825.04
 5114.3 5934.43 52898.1 11385 900.783
 8529.97 1645.19 1669.29 14879.6 3455.85
pred_Ctot
 49310.8 6301.65 2318.25 852.835 496.33
 490.123 32143.4 1825.42 671.534 390.817
 8245.48 276.045 7851.23 445.87 259.486
 9451.93 11486.7 164.967 4691.96 421.527
 18966.4 1443.59 355.867 5.11081 158.42
 54490.5 778.232 9.81535 2.41964 1.11189
 448.626 40176.6 242.528 3.05886 1.10057
 210.58 83.9674 2811.45 16.9715 0.291065
 14396.1 243.17 43.5732 1458.94 8.95805
 7940.09 6278.24 40.4372 7.24586 244.1
 6448.28 854.266 250.18 1.61137 10.0158
 24573.6 12040.2 751.826 220.179 10.2329
 14750.2 12036.2 2368.05 147.868 45.3171
 28162.5 9393.51 2997.48 589.737 48.1107
 20762.9 4789.97 493.107 157.351 33.4834
 70552.3 8855.81 825.137 84.9444 32.8738
 11258.5 18413.7 952.705 88.768 12.6749
 35312 12089.3 9031.31 467.271 49.7545
 132301 14780.1 2094.2 1564.47 89.5629
 3412.62 57498.4 2745.77 389.05 307.278
 56169.4 1675.23 12439.1 594.014 150.642
 72183.3 34484.2 460.785 3421.47 204.824
 1674.48 25579.8 5419.48 72.4161 569.902
 27347.6 1117.87 7957.76 1685.98 199.822
 10250.3 17106.2 323.988 2306.37 546.554
 3417.4 7531.48 5815.22 110.139 969.843
 33330.1 1986.08 1988.76 1535.56 285.179
 24439.6 11050.3 299.612 300.016 274.67
 664.823 12299.4 2647.15 71.7735 137.669
 410.438 902.464 8044.35 1731.35 136.984
 1689.26 568.498 576.826 5141.68 1194.18
F
 0.194967 0.389935 0.389935 0.389935 0.389935
 0.233568 0.467137 0.467137 0.467137 0.467137
 0.250657 0.501313 0.501313 0.501313 0.501313
 1.26621 2.53242 2.53242 2.53242 2.53242
 1.50852 3.01705 3.01705 3.01705 3.01705
 0.273731 0.547463 0.547463 0.547463 0.547463
 0.458287 0.916574 0.916574 0.916574 0.916574
 0.177086 0.354171 0.354171 0.354171 0.354171
 0.42939 0.85878 0.85878 0.85878 0.85878
 0.472008 0.944017 0.944017 0.944017 0.944017
 0.0994209 0.198842 0.198842 0.198842 0.198842
 0.352195 0.704391 0.704391 0.704391 0.704391
 0.391952 0.783903 0.783903 0.783903 0.783903
 0.728144 1.45629 1.45629 1.45629 1.45629
 0.343434 0.686868 0.686868 0.686868 0.686868
 0.312405 0.624809 0.624809 0.624809 0.624809
 0.150814 0.301629 0.301629 0.301629 0.301629
 0.306192 0.612385 0.612385 0.612385 0.612385
 0.256204 0.512408 0.512408 0.512408 0.512408
 0.208195 0.41639 0.41639 0.41639 0.41639
 0.181922 0.363843 0.363843 0.363843 0.363843
 0.198205 0.396409 0.396409 0.396409 0.396409
 0.118185 0.236371 0.236371 0.236371 0.236371
 0.12754 0.25508 0.25508 0.25508 0.25508
 0.129922 0.259844 0.259844 0.259844 0.259844
 0.159347 0.318694 0.318694 0.318694 0.318694
 0.157018 0.314037 0.314037 0.314037 0.314037
 0.0830916 0.166183 0.166183 0.166183 0.166183
 0.0628464 0.125693 0.125693 0.125693 0.125693
 0.134188 0.268376 0.268376 0.268376 0.268376
 0.362709 0.725419 0.725419 0.725419 0.725419
nmprior
 8 9 7.5 0
nm_flota  nm_reclas  nm_pelaces    nm_pelaL
inf 4.6971 2.6685 3.24728
cv_recla  cv_pelaces  cv_mph
0.753619 0.756176 1.41916
 ------------------------------------------------
Talla a la edad & desviación 
 8 13.2811 15.8009 17.003 17.5766
 0.8 1.32811 1.58009 1.7003 1.75766
