    unsorted:	 2.306714675e-06 6.884776133e-07 6.129907665e-05 9.621870882e-05 0.001099991185 7.926864860 13.45429784 36.15640916 64.29575322 222.8901427 201.2693285 129.2459436 250.7157215 476.7693159 436.1361141 558.5133259 620.2714557 906.1109435 875.5092981 827.5467609 938.2299198 769.3325511 1014.649698 1135.421698 1243.227438 1299.910369 1409.985317 1699.472454 1655.453458 1778.598504 1958.296507 2048.708379 2289.132926 2382.600772 2395.324001 2466.333724 2656.578042 2687.062016 3077.126845 3134.948651 3443.271455 3597.508567 4131.074112 9318.377458 41340.06984 158270.5150 382797.0595 385102.8787 373594.3971 351858.7312 354659.6802 400220.1589 422286.0225 313178.8902 443372.8421 461223.8294 241472.4421 504806.9096 617586.7791 666732.9199 690890.7872 718509.7041 732100.0703 1003475.982 1121382.643 1194441.080 1282212.636 1517109.201 1529901.735 1759734.070 1859803.283 2285582.234 2508135.551 2476720.723 2753640.103 3001136.887 3342962.667
      sorted:	 6.884776133e-07 2.306714675e-06 6.129907665e-05 9.621870882e-05 0.001099991185 7.926864860 13.45429784 36.15640916 64.29575322 129.2459436 201.2693285 222.8901427 250.7157215 436.1361141 476.7693159 558.5133259 620.2714557 769.3325511 827.5467609 875.5092981 906.1109435 938.2299198 1014.649698 1135.421698 1243.227438 1299.910369 1409.985317 1655.453458 1699.472454 1778.598504 1958.296507 2048.708379 2289.132926 2382.600772 2395.324001 2466.333724 2656.578042 2687.062016 3077.126845 3134.948651 3443.271455 3597.508567 4131.074112 9318.377458 41340.06984 158270.5150 241472.4421 313178.8902 351858.7312 354659.6802 373594.3971 382797.0595 385102.8787 400220.1589 422286.0225 443372.8421 461223.8294 504806.9096 617586.7791 666732.9199 690890.7872 718509.7041 732100.0703 1003475.982 1121382.643 1194441.080 1282212.636 1517109.201 1529901.735 1759734.070 1859803.283 2285582.234 2476720.723 2508135.551 2753640.103 3001136.887 3342962.667
