years
 1991 1992 1993 1994 1995 1996 1997 1998 1999 2000 2001 2002 2003 2004 2005 2006 2007 2008 2009 2010 2011 2012 2013 2014 2015 2016 2017 2018 2019 2020 2021
reclasobs
 0 0 0 0 0 0 0 0 0 252601 567819 844713 477998 351125 339783 2.1784e+06 2.13404e+06 4.81314e+06 1.55562e+06 2.62356e+06 3.21686e+06 3.843e+06 1.13348e+06 3.07943e+06 1.97215e+06 2.03268e+06 2.025e+06 2.42433e+06 2.27542e+06 1.05018e+06 2.36338e+06
reclaspred
 2.98617e+06 1.61558e+06 803267 620867 517964 1.21974e+06 603654 466284 347143 253017 425832 614526 600257 431868 414078 1.5203e+06 1.32328e+06 3.29636e+06 2.71485e+06 1.98924e+06 3.56243e+06 2.88334e+06 2.10644e+06 3.3161e+06 2.40043e+06 2.04401e+06 2.60575e+06 2.96939e+06 2.32157e+06 1.27346e+06 1.47631e+06
pelacesobs
 0 0 0 0 0 0 0 0 0 0 0 0 0 0 0 552880 188675 0 991730 2.46772e+06 1.41603e+06 1.21717e+06 2.29649e+06 1.80582e+06 0 1.4828e+06 1.56532e+06 1.57751e+06 1.42118e+06 867257 0
pelacespred
 1.04852e+06 615733 297449 182003 168966 420822 164417 183870 116926 79339 152935 184542 200650 145618 145029 468714 411030 1.20707e+06 1.00375e+06 675595 1.21072e+06 1.03337e+06 761711 1.33105e+06 918205 782816 1.14569e+06 1.28275e+06 827161 517626 559051
mphobs
 0 0 0 0 0 0 0 0 0 0 0 498337 0 5186 125008 0 168611 109162 213762 579715 649985 157893 87575 83554 0 0 0 0 0 0 0
mphpred
 2.03811e+06 1.32255e+06 627920 333735 250078 259963 497413 220725 186213 116498 81110.9 224597 251866 200909 116703 149432 780125 647541 1.46401e+06 1.08242e+06 1.14585e+06 1.45149e+06 1.36689e+06 1.03131e+06 1.48102e+06 1.17339e+06 927789 1.07966e+06 1.63228e+06 1.0201e+06 472077
desembarqueobs
 494567 514787 250237 358949 120608 361735 552515 73892 212993 205616 52469 317467 293654 387597 252695 516296 358380 742168 942051 627588 828172 859565 418607 520667 417249 300574 407403 355545 319650 289779 219260
desembarquepred
 494555 514371 250168 358973 120608 361679 552313 73893.1 212992 205609 52469.9 317463 293630 387454 252623 516150 358373 741961 941559 627276 828132 859390 418566 520650 417204 300538 407357 355494 319608 289751 219259
Reclutas
 153272 94350.2 90006.8 89210.7 71819.3 217131 65378.8 23958.9 31736.2 47702.2 85355.3 126470 102101 71520.9 64055.6 434368 63680.2 644056 368649 282340 417486 546530 88628.5 319612 251885 109032 279959 324658 68671.2 47442.8 186517
log_desv_Rt
 0.159967 -0.325231 -0.37236 -0.381244 -0.598091 0.508256 -0.692046 -1.6959 -1.41479 -1.00727 -0.425423 -0.0322361 -0.246284 -0.602254 -0.712493 1.20165 -0.718371 1.59554 1.0376 0.770868 1.16201 1.43134 -0.387791 0.894862 0.656728 -0.180604 0.762399 0.910526 -0.642916 -1.01272 0.356279
SSB
 2.03811e+06 1.32255e+06 627920 333735 250078 259963 497413 220725 186213 116498 81110.9 224597 251866 200909 116703 149432 780125 647541 1.46401e+06 1.08242e+06 1.14585e+06 1.45149e+06 1.36689e+06 1.03131e+06 1.48102e+06 1.17339e+06 927789 1.07966e+06 1.63228e+06 1.0201e+06 472077
BT
 2.84154e+06 1.92662e+06 928720 718697 488352 1.28362e+06 863291 490967 478396 377597 396997 688044 727655 736780 587584 1.49479e+06 1.22827e+06 3.44497e+06 3.2162e+06 2.1237e+06 3.46379e+06 3.18737e+06 2.12224e+06 3.55811e+06 2.50934e+06 2.07483e+06 3.06204e+06 3.31708e+06 2.17426e+06 1.48558e+06 1.48841e+06
Ftot
 0.211647 0.396727 0.39587 0.765551 0.323026 0.464238 1.0983 0.218863 0.847466 1.11584 0.202115 0.74128 0.691045 1.23188 0.926579 0.56821 0.35194 0.358442 0.480465 0.439271 0.337034 0.424903 0.25689 0.238013 0.237491 0.197647 0.23645 0.184225 0.172982 0.287257 0.228563
BD_Bspro_t
 0.966873 0.77427 0.565264 0.450483 0.363137 0.430522 0.497046 0.26839 0.300748 0.248955 0.234367 0.53909 0.431236 0.335519 0.220995 0.270876 0.539825 0.481084 0.614636 0.511285 0.479932 0.535859 0.551417 0.523194 0.641352 0.64284 0.643208 0.701672 0.765996 0.674541 0.578319
BD_Bspro
 2.19138 1.42201 0.675142 0.358833 0.268885 0.279513 0.53482 0.237325 0.200217 0.125259 0.0872107 0.241488 0.270808 0.216019 0.125479 0.16067 0.838793 0.696239 1.57411 1.16382 1.23202 1.56065 1.46969 1.10887 1.5924 1.26163 0.997562 1.16086 1.75504 1.09682 0.507579
BD_Bo
 1.27575 0.827848 0.393046 0.208901 0.156536 0.162724 0.311355 0.138163 0.11656 0.0729216 0.0507713 0.140586 0.157655 0.125759 0.0730499 0.0935371 0.488318 0.405328 0.916396 0.677539 0.717243 0.908559 0.855604 0.64555 0.927043 0.734482 0.580749 0.675814 1.02173 0.638532 0.295496
BD_Brms
 6.52147 4.23185 2.0092 1.06787 0.800192 0.831822 1.59161 0.706271 0.595841 0.372766 0.259536 0.718659 0.805915 0.642864 0.373422 0.47815 2.49622 2.07198 4.6845 3.46349 3.66645 4.64444 4.37374 3.29997 4.73893 3.75458 2.96871 3.45467 5.22294 3.26409 1.51054
Sel_flota
 0.660964 0.973713 0.998581 0.999925 0.999996
 0.660964 0.973713 0.998581 0.999925 0.999996
 0.660964 0.973713 0.998581 0.999925 0.999996
 0.660964 0.973713 0.998581 0.999925 0.999996
 0.660964 0.973713 0.998581 0.999925 0.999996
 0.660964 0.973713 0.998581 0.999925 0.999996
 0.660964 0.973713 0.998581 0.999925 0.999996
 0.660964 0.973713 0.998581 0.999925 0.999996
 0.660964 0.973713 0.998581 0.999925 0.999996
 0.660964 0.973713 0.998581 0.999925 0.999996
 0.660964 0.973713 0.998581 0.999925 0.999996
 0.660964 0.973713 0.998581 0.999925 0.999996
 0.660964 0.973713 0.998581 0.999925 0.999996
 0.660964 0.973713 0.998581 0.999925 0.999996
 0.660964 0.973713 0.998581 0.999925 0.999996
 0.660964 0.973713 0.998581 0.999925 0.999996
 0.660964 0.973713 0.998581 0.999925 0.999996
 0.660964 0.973713 0.998581 0.999925 0.999996
 0.660964 0.973713 0.998581 0.999925 0.999996
 0.660964 0.973713 0.998581 0.999925 0.999996
 0.660964 0.973713 0.998581 0.999925 0.999996
 0.660964 0.973713 0.998581 0.999925 0.999996
 0.660964 0.973713 0.998581 0.999925 0.999996
 0.660964 0.973713 0.998581 0.999925 0.999996
 0.660964 0.973713 0.998581 0.999925 0.999996
 0.660964 0.973713 0.998581 0.999925 0.999996
 0.660964 0.973713 0.998581 0.999925 0.999996
 0.660964 0.973713 0.998581 0.999925 0.999996
 0.660964 0.973713 0.998581 0.999925 0.999996
 0.660964 0.973713 0.998581 0.999925 0.999996
 0.660964 0.973713 0.998581 0.999925 0.999996
Sel_reclas
 1 1 1 1 1
 1 1 1 1 1
 1 1 1 1 1
 1 1 1 1 1
 1 1 1 1 1
 1 1 1 1 1
 1 1 1 1 1
 1 1 1 1 1
 1 1 1 1 1
 1 1 1 1 1
 1 1 1 1 1
 1 1 1 1 1
 1 1 1 1 1
 1 1 1 1 1
 1 1 1 1 1
 1 1 1 1 1
 1 1 1 1 1
 1 1 1 1 1
 1 1 1 1 1
 1 1 1 1 1
 1 1 1 1 1
 1 1 1 1 1
 1 1 1 1 1
 1 1 1 1 1
 1 1 1 1 1
 1 1 1 1 1
 1 1 1 1 1
 1 1 1 1 1
 1 1 1 1 1
 1 1 1 1 1
 1 1 1 1 1
Sel_pelaces
 1 1 1 1 1
 1 1 1 1 1
 1 1 1 1 1
 1 1 1 1 1
 1 1 1 1 1
 1 1 1 1 1
 1 1 1 1 1
 1 1 1 1 1
 1 1 1 1 1
 1 1 1 1 1
 1 1 1 1 1
 1 1 1 1 1
 1 1 1 1 1
 1 1 1 1 1
 1 1 1 1 1
 1 1 1 1 1
 1 1 1 1 1
 1 1 1 1 1
 1 1 1 1 1
 1 1 1 1 1
 1 1 1 1 1
 1 1 1 1 1
 1 1 1 1 1
 1 1 1 1 1
 1 1 1 1 1
 1 1 1 1 1
 1 1 1 1 1
 1 1 1 1 1
 1 1 1 1 1
 1 1 1 1 1
 1 1 1 1 1
pf_obs 
 0.8446 0.082 0.0669 0.0065 0
 0.8095 0.147 0.0364 0.0071 0
 0.9664 0.0169 0.016 0.0007 0
 0.9276 0.0648 0.0075 0.0001 0
 0.7033 0.2144 0.0806 0.0017 0
 0.9318 0.0425 0.0243 0.0014 0
 0.5671 0.3108 0.0964 0.0239 0.0018
 0.0768 0.2599 0.5324 0.112 0.0189
 0.490249 0.384438 0.106611 0.0170017 0.00170017
 0.7925 0.1577 0.0466 0.003 0.0002
 0.840416 0.127587 0.0312969 0.00059994 9.999e-05
 0.8084 0.0986 0.0794 0.0134 0.0002
 0.7335 0.1905 0.0724 0.0035 0.0001
 0.4001 0.4547 0.1325 0.0127 0
 0.49795 0.308269 0.164784 0.0264974 0.00249975
 0.9179 0.0499 0.0305 0.0017 0
 0.2467 0.6533 0.0926 0.0074 0
 0.9418 0.0223 0.034 0.0019 0
 0.707729 0.231977 0.0356964 0.0245975 0
 0.517169 0.277429 0.184464 0.0207286 0.00020938
 0.811772 0.124168 0.05621 0.00726502 0.000585176
 0.764997 0.148141 0.077277 0.00933861 0.000247198
 0.163321 0.427699 0.378323 0.0303852 0.000271297
 0.753843 0.0900009 0.118128 0.0371064 0.000921714
 0.721811 0.176058 0.0630433 0.0369309 0.00215725
 0.143369 0.312575 0.442814 0.0836902 0.0175525
 0.692698 0.0596174 0.167031 0.0765114 0.00414204
 0.394062 0.376323 0.152708 0.0712218 0.00568511
 0.125707 0.32114 0.495352 0.0537591 0.00404204
 0.23352 0.215282 0.420074 0.123614 0.00750983
 0 0 0 0 0
pf_pred 
 0.437281 0.169604 0.362588 0.0305252 8.91834e-07
 0.42685 0.311197 0.0804692 0.16741 0.0140736
 0.564719 0.235102 0.110239 0.0276598 0.0622805
 0.635751 0.244894 0.0653838 0.0297443 0.0242266
 0.657194 0.256235 0.058907 0.0151681 0.0124956
 0.845263 0.115676 0.0294124 0.00656855 0.0030798
 0.433167 0.508541 0.0439254 0.0108224 0.00354405
 0.454524 0.316377 0.206425 0.0170953 0.00557848
 0.635219 0.204137 0.0942548 0.0598275 0.00656169
 0.804987 0.146724 0.0274842 0.0122172 0.00858772
 0.862112 0.121732 0.012285 0.00220569 0.00166578
 0.754842 0.221626 0.0208414 0.00204676 0.000644054
 0.688374 0.26109 0.0458412 0.00415855 0.000535858
 0.646969 0.277758 0.0634248 0.0107495 0.00109872
 0.762528 0.184115 0.0423798 0.00925268 0.00172429
 0.954504 0.0386337 0.00536699 0.00118795 0.000307044
 0.285491 0.694047 0.0174624 0.00234739 0.00065271
 0.903702 0.0367114 0.0579284 0.00141528 0.000242763
 0.570584 0.402167 0.0105792 0.0162073 0.000463152
 0.581379 0.283834 0.126491 0.00322426 0.00507212
 0.723298 0.190179 0.0592448 0.0256023 0.00167637
 0.718336 0.225944 0.03865 0.0116939 0.00537592
 0.246706 0.602835 0.121428 0.0201474 0.0088834
 0.729704 0.0898039 0.145246 0.0284533 0.00679227
 0.585482 0.33387 0.0272955 0.0429471 0.0104061
 0.394937 0.412175 0.156214 0.0124246 0.0242495
 0.733896 0.131941 0.0921822 0.0340085 0.00797221
 0.674176 0.263247 0.0314649 0.021387 0.00972539
 0.254096 0.563851 0.147856 0.0172071 0.0169896
 0.3335 0.225118 0.335826 0.0857516 0.019804
 0.797619 0.0883538 0.0392489 0.0569161 0.0178623
pobs_RECLAS
 0 0 0 0 0
 0 0 0 0 0
 0 0 0 0 0
 0 0 0 0 0
 0 0 0 0 0
 0 0 0 0 0
 0 0 0 0 0
 0 0 0 0 0
 0 0 0 0 0
 0 0 0 0 0
 0.991045 0.00858322 0.000360255 1.14367e-05 0
 0.934742 0.0480273 0.0164251 0.00080598 0
 0.827803 0.169806 0.00239088 0 0
 0.941827 0.0461693 0.0120037 0 0
 0.791401 0.0380133 0.147996 0.0225897 0
 0.846168 0.0940531 0.0597789 0 0
 0.134021 0.677848 0.182769 0.00536245 0
 0.80878 0.0450904 0.141981 0.00414843 0
 0.846168 0.0940531 0.0597789 0 0
 0.905697 0.0802665 0.012482 0.00150086 5.37128e-05
 0.989698 0.0102097 9.19794e-05 0 0
 0.975433 0.0193895 0.00387452 0.00125025 5.28907e-05
 0.303575 0.632131 0.0575291 0.00676475 0
 0.966965 0.00978017 0.0227588 0.000495775 0
 0.843318 0.132988 0.00938335 0.0141283 0.000182051
 0.564624 0.303363 0.111486 0.0197234 0.00080311
 0.826376 0.0876187 0.0782897 0.00655872 0.00115652
 0.89761 0.0855135 0.0140674 0.00269457 0.000114338
 0.34875 0.467042 0.161289 0.0227151 0.000203297
 0.318654 0.224769 0.449479 0.00709798 0
 0.937255 0.0296025 0.0250945 0.00804832 0
ppred_RECLAS
 0.539796 0.141223 0.294242 0.0247374 7.22683e-07
 0.529565 0.258611 0.0651339 0.135316 0.0113747
 0.662251 0.184684 0.0843484 0.0211339 0.0475829
 0.728048 0.184543 0.0479166 0.0217657 0.0177266
 0.741779 0.194296 0.0435178 0.0111899 0.00921764
 0.891702 0.0815064 0.0201807 0.00450049 0.00210999
 0.543097 0.411167 0.0344772 0.00848105 0.0027771
 0.555366 0.260687 0.165764 0.0137091 0.00447318
 0.729171 0.153486 0.0688922 0.0436627 0.00478841
 0.86589 0.101657 0.0184841 0.00820344 0.00576586
 0.902857 0.0860202 0.00846064 0.00151698 0.00114557
 0.824108 0.15943 0.0145822 0.00142994 0.000449925
 0.770559 0.193087 0.0329812 0.00298755 0.000384936
 0.742707 0.203747 0.0451291 0.00763623 0.000780441
 0.832136 0.130989 0.0292984 0.00638685 0.00119013
 0.96941 0.0260823 0.00352688 0.000779529 0.000201466
 0.373384 0.609125 0.0149299 0.00200415 0.000557228
 0.93428 0.0254622 0.039139 0.000954892 0.00016378
 0.666027 0.313319 0.00802542 0.0122774 0.000350822
 0.676871 0.220954 0.0958946 0.00244091 0.00383954
 0.796966 0.1407 0.0427008 0.0184272 0.00120647
 0.793046 0.166889 0.0278034 0.00840035 0.00386151
 0.328326 0.540301 0.106053 0.0175721 0.00774731
 0.802995 0.0665985 0.104969 0.0205349 0.00490167
 0.67811 0.2606 0.0207625 0.032623 0.00790399
 0.493717 0.347726 0.128445 0.0102019 0.0199101
 0.805687 0.0976198 0.0664657 0.0244873 0.00573984
 0.754908 0.199014 0.0231847 0.0157373 0.00715579
 0.336669 0.50458 0.128966 0.0149881 0.0147977
 0.43079 0.19562 0.284342 0.0725048 0.0167435
 0.855791 0.0639063 0.0276661 0.0400643 0.0125727
pobs_PELACES
 0 0 0 0 0
 0 0 0 0 0
 0 0 0 0 0
 0 0 0 0 0
 0 0 0 0 0
 0 0 0 0 0
 0 0 0 0 0
 0 0 0 0 0
 0 0 0 0 0
 0 0 0 0 0
 0 0 0 0 0
 0 0 0 0 0
 0 0 0 0 0
 0 0 0 0 0
 0 0 0 0 0
 0 0 0 0 0
 0.505614 0.472636 0.0217494 0 0
 0 0 0 0 0
 0.443492 0.261883 0.143347 0.151278 0
 0.227955 0.32914 0.350689 0.0885471 0.00366901
 0.970185 0.0296113 0.000203453 0 0
 0.997202 0.00247181 0.000326279 0 0
 0.445219 0.490057 0.0546422 0.010081 0
 0.90214 0.0892962 0.00764917 0.000914606 0
 0 0 0 0 0
 0.581667 0.319106 0.0959925 0.00289975 0.000334073
 0.762889 0.0836404 0.116647 0.0363945 0.000428098
 0.88444 0.0763242 0.0277011 0.0115352 0
 0.521256 0.241999 0.230069 0.00667565 0
 0.616807 0.101726 0.260614 0.0208532 0
 0 0 0 0 0
ppred_PELACES
 0.545517 0.139636 0.290431 0.0244147 7.13252e-07
 0.540129 0.253188 0.0635608 0.132024 0.011098
 0.671661 0.17981 0.0818558 0.0205057 0.0461682
 0.743801 0.174213 0.0449511 0.0204117 0.0166236
 0.748239 0.189562 0.042345 0.0108868 0.00896788
 0.896332 0.0780967 0.019263 0.00429494 0.0020136
 0.571282 0.386156 0.0320894 0.00788983 0.00258344
 0.561121 0.257506 0.163447 0.0135162 0.0044102
 0.746675 0.144008 0.0641899 0.0406672 0.00445981
 0.878949 0.0919652 0.0165694 0.00735006 0.00516592
 0.904687 0.0844152 0.00828902 0.00148607 0.00112223
 0.835003 0.14964 0.0136038 0.00133356 0.000419591
 0.783078 0.182717 0.0310333 0.00281024 0.000362085
 0.766622 0.1852 0.0406083 0.00686751 0.000701856
 0.845294 0.120925 0.0268426 0.00584908 0.0010899
 0.971121 0.0246402 0.00331637 0.000732816 0.000189391
 0.381939 0.600857 0.0146847 0.00197093 0.000547988
 0.936623 0.0245989 0.037701 0.000919663 0.000157737
 0.67702 0.303082 0.00773266 0.011827 0.000337949
 0.686952 0.214305 0.0926744 0.00235849 0.00370985
 0.802673 0.136863 0.0414216 0.0178725 0.00117015
 0.80026 0.161182 0.0267591 0.0080833 0.00371573
 0.334292 0.535725 0.104933 0.0173846 0.0076646
 0.807056 0.0653111 0.102739 0.0200965 0.004797
 0.68352 0.256319 0.0203817 0.0320212 0.00775814
 0.498945 0.344312 0.126978 0.0100845 0.0196808
 0.809631 0.0957327 0.0650544 0.0239648 0.00561734
 0.758462 0.196185 0.0228207 0.0154889 0.00704281
 0.340744 0.501652 0.128035 0.0148789 0.0146897
 0.43846 0.193286 0.280289 0.0714622 0.0165026
 0.858809 0.0626366 0.0270656 0.0391907 0.0122985
pobs_pel_tallas
 0 0 0 0 0 0 0 0 0 0 0 0 0 0 0 0 0 0 0 0 0 0 0 0 0 0
 0 0 0 0 0 0 0 0 0 0 0 0 0 0 0 0 0 0 0 0 0 0 0 0 0 0
 0 0 0 0 0 0 0 0 0 0 0 0 0 0 0 0 0 0 0 0 0 0 0 0 0 0
 0 0 0 0 0 0 0 0 0 0 0 0 0 0 0 0 0 0 0 0 0 0 0 0 0 0
 0 0 0 0 0 0 0 0 0 0 0 0 0 0 0 0 0 0 0 0 0 0 0 0 0 0
 0 0 0 0 0 0 0 0 0 0 0 0 0 0 0 0 0 0 0 0 0 0 0 0 0 0
 0 0 0 0 0 0 0 0 0 0 0 0 0 0 0 0 0 0 0 0 0 0 0 0 0 0
 0 0 0 0 0 0 0 0 0 0 0 0 0 0 0 0 0 0 0 0 0 0 0 0 0 0
 0 0 0 0 0 0 0 0 0 0 0 0 0 0 0 0 0 0 0 0 0 0 0 0 0 0
 0 0 0 0 0 0 0 0 0 0 0 0 0 0 0 0 0 0 0 0 0 0 0 0 0 0
 0 0 0 0 0 0 0 0 0 0 0 0 0 0 0 0 0 0 0 0 0 0 0 0 0 0
 0 0 0 0 0 0 0 0 0 0 0 0 0 0 0 0 0 0 0 0 0 0 0 0 0 0
 0.00862536 0 0 0.000197151 0.00414017 0.0128641 0.00837892 0.0270097 0.101434 0.158115 0.152841 0.127902 0.109271 0.109419 0.0830992 0.0579132 0.0238553 0.00714673 0.00463305 0.00128148 0.00103504 0.000492878 0.000147863 0.000147863 4.92878e-05 0
 0 0 0 0 0 0 0 0 0 0 0 0 0 0 0 0 0 0 0 0 0 0 0 0 0 0
 0 0 0 0 0 0 0 0.0054083 0.00873648 0.0413646 0.0450493 0.0745869 0.0622846 0.0627006 0.0613931 0.0827291 0.12552 0.122667 0.0946155 0.0697135 0.0546179 0.0294188 0.0215738 0.0213955 0.0102223 0.00600262
 0 0 0 0 0.00359764 0.0251062 0.0480494 0.140153 0.205849 0.193036 0.1447 0.116669 0.0760912 0.0342217 0.00950174 0.001854 0.000860785 0 0 0 0.000165536 0 0.000143464 0 0 0
 0 0 0 0 0 0 0 0.000145254 0.000435761 0.0275982 0.070085 0.0708112 0.156366 0.174668 0.174014 0.160142 0.0824315 0.0480064 0.0283245 0.00493863 0.00203355 0 0 0 0 0
 0 0 0 0 0 0 0 0 0 0 0 0 0 0 0 0 0 0 0 0 0 0 0 0 0 0
 0 0 1.00437e-05 0.000401748 0.00122533 0.00171747 0.00176769 0.0269171 0.070346 0.194647 0.189555 0.159765 0.064822 0.0314167 0.0384472 0.0292271 0.0345202 0.0313363 0.0194345 0.0106764 0.0143323 0.0359363 0.0279516 0.0138201 0.00172751 0
 0 0.0021121 0.0136068 0.0755702 0.200478 0.177729 0.0527432 0.0373336 0.0318909 0.0142505 0.0149659 0.0166563 0.0217959 0.0798694 0.0677717 0.0528807 0.04013 0.0224614 0.0357745 0.0225083 0.00881397 0.00855152 0.00135912 0.000746735 0 0
 0 0 0 0 5.4009e-05 0.00500934 0.000945158 0.0243581 0.138947 0.33067 0.221406 0.137944 0.0707744 0.0437923 0.0131692 0.00525238 0.0047753 0.00276346 9.45158e-05 9.00151e-06 2.25038e-05 9.00151e-06 4.50075e-06 0 0 0
 0.000866109 0.00284123 0.00948549 0.0512746 0.133035 0.25785 0.225252 0.132002 0.0553304 0.0519788 0.0540692 0.017754 0.00435017 0.00159236 0.00146478 0.000404838 0.000125132 0.000115318 0.000107957 0.000100596 0 0 0 0 0 0
 0 0 0 0 0.00144013 0.00171154 0.00461396 0.0210425 0.0478622 0.0707936 0.0888783 0.103762 0.0637923 0.0337046 0.0602308 0.124433 0.169614 0.0934646 0.0462172 0.0250306 0.0313229 0.00938855 0.002487 0.000210481 0 0
 0 0.00764035 0.051015 0.0998891 0.058973 0.0496711 0.0374665 0.0718981 0.12319 0.153886 0.159021 0.0857701 0.0377988 0.023471 0.0147837 0.00900784 0.00315554 0.000888139 0.00291439 0.00214683 0.00393193 0.00274676 0.000635225 9.99891e-05 0 0
 0 0 0 0 0 0 0 0 0 0 0 0 0 0 0 0 0 0 0 0 0 0 0 0 0 0
 0 0 0 0 0 0 0 0 0 0 0 0 0 0 0 0 0 0 0 0 0 0 0 0 0 0
 0 0 0 0 0 0 0 0 0 0 0 0 0 0 0 0 0 0 0 0 0 0 0 0 0 0
 0 0 0 0 0 0 0 0 0 0 0 0 0 0 0 0 0 0 0 0 0 0 0 0 0 0
 0 0 0 0 0 0 0 0 0 0 0 0 0 0 0 0 0 0 0 0 0 0 0 0 0 0
 0 0 0 0 0 0 0 0 0 0 0 0 0 0 0 0 0 0 0 0 0 0 0 0 0 0
 0 0 0 0 0 0 0 0 0 0 0 0 0 0 0 0 0 0 0 0 0 0 0 0 0 0
ppred_pel_tallas
 1.10866e-16 4.49336e-05 0.00043677 0.00290249 0.0131943 0.0410525 0.0874672 0.127664 0.127678 0.0875352 0.0412822 0.0138631 0.00460159 0.00421329 0.00741434 0.0126994 0.0194822 0.0269783 0.034327 0.0409893 0.0468055 0.0515951 0.0547256 0.0551795 0.0521559 0.0457127
 1.17018e-16 4.44898e-05 0.000432456 0.00287383 0.013064 0.0406471 0.0866039 0.126406 0.126431 0.0867236 0.0410494 0.0142271 0.00579844 0.00683413 0.0122553 0.020336 0.0296531 0.0381054 0.0436366 0.0454464 0.0445053 0.0428416 0.0421403 0.0427447 0.0436889 0.0435113
 1.12278e-16 5.53238e-05 0.000537767 0.00357365 0.0162453 0.0505453 0.107693 0.157184 0.157202 0.107778 0.0508318 0.0170741 0.00565901 0.00510729 0.00878486 0.014572 0.0213128 0.0275058 0.0316713 0.0331754 0.0325964 0.0312554 0.0302923 0.0300223 0.0299676 0.0293571
 1.06202e-16 6.12659e-05 0.000595526 0.00395748 0.0179902 0.0559741 0.119259 0.174066 0.174083 0.119342 0.0562505 0.0187888 0.00596422 0.00498313 0.00841478 0.0138698 0.0201077 0.0255768 0.0287462 0.0289365 0.0267197 0.023497 0.0205994 0.0186165 0.0173534 0.0162468
 1.0388e-16 6.16315e-05 0.00059908 0.0039811 0.0180975 0.0563081 0.119971 0.175105 0.175123 0.120061 0.0566085 0.0189653 0.00616074 0.00536178 0.00912024 0.0150155 0.0217085 0.0274783 0.0306136 0.03033 0.0272238 0.0228354 0.0186854 0.0155446 0.0133624 0.0116784
 1.01348e-16 7.38297e-05 0.000717651 0.00476904 0.0216794 0.0674526 0.143715 0.209758 0.209766 0.143752 0.0675764 0.0220371 0.00566756 0.00268133 0.00380969 0.0061983 0.00896153 0.0113529 0.012664 0.0125673 0.0112999 0.00948394 0.00773462 0.00636502 0.00536182 0.0045548
 1.02254e-16 4.70558e-05 0.000457399 0.00303958 0.0138175 0.0429916 0.0915995 0.1337 0.133737 0.0917812 0.0436015 0.0155786 0.00745825 0.0100974 0.0183378 0.0301957 0.0433856 0.0543316 0.0594194 0.0569816 0.0482981 0.0367492 0.0258276 0.0175469 0.0121557 0.00886417
 1.06885e-16 4.62188e-05 0.000449263 0.00298551 0.0135717 0.0422268 0.0899696 0.131319 0.131344 0.090092 0.0426382 0.0147623 0.0059836 0.0070255 0.0126275 0.0210414 0.030861 0.03996 0.0461557 0.0483703 0.0471436 0.0440205 0.0403714 0.036655 0.0325835 0.0277973
 1.06723e-16 6.15027e-05 0.000597828 0.00397278 0.0180597 0.0561904 0.11972 0.174738 0.174752 0.119788 0.0564199 0.0187234 0.00564292 0.00425749 0.0070527 0.0116708 0.017065 0.0220145 0.0253215 0.0264556 0.0258421 0.0244876 0.0232536 0.022367 0.0214759 0.0200692
 1.02114e-16 7.23979e-05 0.000703734 0.00467656 0.021259 0.0661446 0.140928 0.205691 0.2057 0.140972 0.0662901 0.0216796 0.00573283 0.00301101 0.00445866 0.00726825 0.0104919 0.0132572 0.0147306 0.0145375 0.0129819 0.0108327 0.00884868 0.00741296 0.00649062 0.00582876
 1.006e-16 7.45179e-05 0.000724341 0.0048135 0.0218815 0.0680814 0.145055 0.211714 0.211722 0.145095 0.0682148 0.0222666 0.0057799 0.00283302 0.0040764 0.00661358 0.00950199 0.0119111 0.0130494 0.012553 0.0106996 0.00822291 0.00587849 0.00409873 0.00293281 0.00220717
 1.00636e-16 6.87781e-05 0.000668548 0.00444273 0.020196 0.0628374 0.133882 0.195408 0.195423 0.133953 0.0630738 0.0208785 0.00615525 0.0044048 0.00715811 0.0117078 0.016818 0.0210618 0.0230331 0.0220808 0.0186939 0.014175 0.00987451 0.00657709 0.00439279 0.00303545
 1.01286e-16 6.45011e-05 0.000626974 0.00416646 0.0189401 0.0589299 0.125557 0.183258 0.183275 0.125643 0.059219 0.0197752 0.00626275 0.00520412 0.00875993 0.0143863 0.0207315 0.0260964 0.0287884 0.0280155 0.0243426 0.0192876 0.014401 0.0105506 0.00782497 0.00589274
 1.02027e-16 6.31457e-05 0.000613799 0.00407891 0.0185421 0.0576916 0.122919 0.179407 0.179425 0.123006 0.0579849 0.0193897 0.00620734 0.00526369 0.00890435 0.0146472 0.021155 0.0267291 0.0296757 0.029202 0.0258664 0.0211623 0.0165906 0.0129543 0.0102863 0.00823472
 1.01577e-16 6.96257e-05 0.000676787 0.00449749 0.0204449 0.0636118 0.135532 0.197816 0.197827 0.135589 0.0638034 0.0209984 0.00588751 0.00371372 0.00584469 0.00957146 0.013826 0.0174798 0.019429 0.0191604 0.0170416 0.0140473 0.0111518 0.00886799 0.00720226 0.00590959
 1.00208e-16 7.999e-05 0.000777531 0.00516697 0.0234883 0.0730808 0.155706 0.227259 0.227261 0.155718 0.0731197 0.0236008 0.00544939 0.00139402 0.00125066 0.00194056 0.00278664 0.00350179 0.00385308 0.00373452 0.00322521 0.00253452 0.00187636 0.00137046 0.00102746 0.00079729
 1.00868e-16 3.146e-05 0.000305802 0.00203217 0.00923797 0.0287431 0.0612423 0.089397 0.0894548 0.0615246 0.0296908 0.0119738 0.0088939 0.0152662 0.0283885 0.0467364 0.0669801 0.0835076 0.0906212 0.0856941 0.0707753 0.0512945 0.0329456 0.0191352 0.0104431 0.00568465
 1.01214e-16 7.71484e-05 0.00074991 0.00498341 0.0226539 0.0704846 0.150175 0.219185 0.219188 0.150187 0.0705246 0.0227701 0.00527763 0.00140052 0.00133709 0.00215153 0.00323817 0.0043749 0.00538012 0.00615086 0.00668549 0.00701999 0.00714044 0.00696441 0.00641077 0.00548936
 1.01544e-16 5.57653e-05 0.000542059 0.00360217 0.016375 0.0509487 0.108553 0.158442 0.158471 0.108695 0.0514269 0.0177553 0.00706447 0.00809175 0.014369 0.0236017 0.033843 0.042245 0.0459521 0.0436624 0.0364264 0.0269822 0.0181721 0.0116526 0.00763335 0.00543678
 1.03594e-16 5.65834e-05 0.000550011 0.00365502 0.0166152 0.0516961 0.110145 0.160764 0.160785 0.110246 0.052037 0.0176009 0.00613385 0.00597619 0.0104052 0.0172246 0.0250667 0.0320573 0.0362989 0.0368723 0.0343144 0.0301283 0.0257635 0.0219039 0.0184909 0.0152137
 1.03221e-16 6.61151e-05 0.000642663 0.00427072 0.0194141 0.0604045 0.128699 0.187842 0.187855 0.128763 0.0606217 0.020042 0.00584892 0.00409433 0.00664052 0.0109238 0.0158487 0.0201828 0.0227146 0.0228878 0.0211107 0.0184317 0.0158518 0.0138251 0.0122454 0.0107724
 1.02253e-16 6.59164e-05 0.000640731 0.00425788 0.0193557 0.0602229 0.128312 0.187278 0.187294 0.128388 0.060478 0.0200925 0.00610759 0.00467995 0.00774099 0.0127034 0.0183179 0.0230882 0.0255358 0.0249818 0.0219433 0.0177692 0.0138169 0.0108142 0.00877646 0.00733907
 1.06206e-16 2.75353e-05 0.000267653 0.00177865 0.00808553 0.0251574 0.0536023 0.078245 0.0782967 0.0538549 0.0260055 0.0105357 0.00793115 0.0137058 0.0255699 0.0422832 0.0610342 0.0770137 0.0853176 0.0836601 0.0736955 0.0598173 0.0464557 0.0360031 0.0285705 0.0230854
 1.05809e-16 6.64761e-05 0.000646172 0.00429404 0.0195201 0.0607343 0.129401 0.188866 0.188872 0.129433 0.0608407 0.0198295 0.00507802 0.00238202 0.00343488 0.00576096 0.00873133 0.0118995 0.0148358 0.0173147 0.0193656 0.0210799 0.022358 0.0228548 0.0221865 0.020215
 1.05178e-16 5.63007e-05 0.000547263 0.00363675 0.0165322 0.0514378 0.109595 0.159962 0.159986 0.109715 0.0518429 0.0177018 0.00657223 0.00695375 0.012219 0.0201018 0.0289349 0.0363646 0.0400492 0.038952 0.0339839 0.0274059 0.0214739 0.0173636 0.0150014 0.0136104
 1.08095e-16 4.10975e-05 0.000399482 0.0026547 0.0120679 0.0375479 0.080001 0.116771 0.116804 0.0801639 0.038095 0.0136496 0.00663084 0.00909918 0.0166214 0.0275647 0.040057 0.0511104 0.0576816 0.0583372 0.0540353 0.0473272 0.0406694 0.0352122 0.0307828 0.0266752
 1.05256e-16 6.66882e-05 0.000648233 0.00430774 0.0195824 0.060928 0.129814 0.189469 0.189479 0.12986 0.0610813 0.0200261 0.00542584 0.00310351 0.0047724 0.0078967 0.0116344 0.0151925 0.0178047 0.0191196 0.0193688 0.0191135 0.0187866 0.0184166 0.0177168 0.0163863
 1.03454e-16 6.24736e-05 0.000607266 0.00403549 0.0183448 0.0570775 0.12161 0.177498 0.177517 0.121703 0.0573877 0.0192406 0.00628409 0.00551575 0.00938422 0.0154151 0.0222021 0.0279308 0.0308032 0.0300098 0.0262186 0.0211255 0.0164324 0.0130432 0.0109435 0.00960817
 1.07802e-16 2.80668e-05 0.000272819 0.00181298 0.00824158 0.0256429 0.0546366 0.0797539 0.0798024 0.0548734 0.026438 0.0105394 0.00758504 0.0128875 0.0240273 0.0397863 0.0575637 0.0729143 0.0812996 0.0805953 0.0722969 0.0603826 0.0488074 0.039622 0.0328141 0.027376
 1.18098e-16 3.61154e-05 0.000351055 0.00233288 0.010605 0.0329961 0.0703023 0.102612 0.102631 0.0703956 0.0333104 0.0115183 0.00464584 0.0054678 0.00995253 0.0169178 0.0255902 0.0347523 0.0431332 0.0500952 0.0558064 0.0606619 0.0644931 0.0663442 0.0650369 0.0600113
 1.06809e-16 7.07389e-05 0.000687608 0.0045694 0.0207718 0.0646288 0.137699 0.200977 0.200983 0.137729 0.0647288 0.0210612 0.00529809 0.00228638 0.00313151 0.00513151 0.0075483 0.00985345 0.0115795 0.0125646 0.0130568 0.0135187 0.0142752 0.0152797 0.0161523 0.0164188
pSPR Fmed_Fpbrs
0.527211   0.245623 0.245623
Fs Fmed_Fpbrs
0.395125   1.005 1.005
SSBpbr Bo_Bmed_Bpbrs
1.59757e+06  762380  312522 312522
Ro
130614
SPR SPRFo_SPRFmed_SPRFpbrs
930056 490336 228443
Fref
1.005
log_Ro
11.6
likeval ReclasPelacesDesembMPH_pf_preclas_ppelaces_ptallas_desvR_qrecl_qpela
 11.6134 26.5648 0.0096849 0.00213649 229.391 119.385 83.6774 0 31.2258 2.58384e-06 0 0.0199297 0 0 0
q_reclas_q_pelaces
1.25581 1
M
1
N
 153272 41448.7 86587.1 7280.55 0.212697
 94350.2 49024.5 12408.4 25785.3 2167.57
 90006.8 26703.4 12256.1 3071.64 6915.88
 89210.7 25488.5 6681.4 3036.52 2473.11
 71819.3 19786.5 4449.55 1144.38 942.688
 217131 21341.3 5314.63 1185.58 555.852
 65378.8 58771.4 4995.86 1229.84 402.724
 23958.9 11637.8 7420.34 613.771 200.27
 31736.2 7626.89 3459.59 2193.88 240.606
 47702.2 6667.95 1229.36 546.013 383.785
 85355.3 8393.4 827.623 148.411 112.076
 126470 27473.8 2536.14 248.82 78.2922
 102101 28504.1 4910.8 445.043 57.3439
 71520.9 23788.6 5350.39 906.081 92.6076
 64055.6 11655.3 2637.16 575.241 107.194
 434368 12772.8 1739.39 384.597 99.3996
 63680.2 109763 2702.14 362.813 100.877
 644056 18564.6 28663.9 699.493 119.977
 368649 186955 4817.4 7372.11 210.659
 282340 98718.7 43078.9 1096.86 1725.38
 417486 77693.4 23678.1 10220.4 669.164
 546530 122914 20585.7 6221.39 2859.92
 88628.5 151827 29896.7 4954.49 2184.39
 319612 27513 43493.3 8509.84 2031.31
 251885 100463 8027.74 12615.6 3056.56
 109032 79201.8 29327.9 2329.72 4546.72
 279959 35198.5 24035.9 8856.7 2076.04
 324658 88089.9 10285.8 6982.69 3175.06
 68671.2 105742 27084.9 3148.12 3108.13
 47442.8 22533.3 32870.3 8383.28 1935.96
 186517 14435 6266.95 9076.8 2848.44
pred_Ctot
 12793.5 4962.11 10608.2 893.075 0.0260924
 14053.4 10245.7 2649.33 5511.71 463.354
 13380.5 5570.52 2612.02 655.373 1475.68
 23325.8 8985.21 2398.95 1091.32 888.877
 8881.28 3462.75 796.065 204.981 168.864
 37182.5 5088.52 1293.83 288.946 135.478
 22603.7 26537 2292.14 564.739 184.938
 2064.02 1436.69 937.385 77.6307 25.3321
 9000.33 2892.4 1335.48 847.688 92.9717
 16685.5 3041.24 569.682 253.234 178.003
 6821.19 963.168 97.2009 17.4519 13.18
 32215.3 9458.62 889.475 87.352 27.4871
 24554.3 9313.09 1635.16 148.336 19.1141
 26867.8 11534.9 2633.96 446.415 45.6285
 19478.3 4703.1 1082.56 236.353 44.0458
 88625.9 3587.15 498.326 110.301 28.5091
 8514.23 20698.7 520.785 70.0065 19.4659
 87552.5 3556.68 5612.22 137.116 23.5194
 65060.6 45856.9 1206.29 1848.03 52.8108
 46048 22481 10018.7 255.377 401.736
 53666.1 14110.6 4395.74 1899.59 124.38
 86544.8 27221.7 4656.54 1408.88 647.689
 8870.88 21676.3 4366.23 724.446 319.423
 29789.6 3666.17 5929.55 1161.58 277.289
 23428.9 13360.3 1092.27 1718.59 416.415
 8530.94 8903.3 3374.35 268.38 523.809
 25933.3 4662.33 3257.4 1201.74 281.71
 23763 9278.78 1109.06 753.836 342.795
 4733.91 10504.8 2754.62 320.574 316.523
 5267.03 3555.34 5303.77 1354.29 312.769
 16736.6 1853.95 823.568 1194.28 374.809
F
 0.139891 0.206083 0.211346 0.211631 0.211646
 0.262223 0.386299 0.396165 0.396698 0.396726
 0.261656 0.385464 0.395308 0.395841 0.395869
 0.506002 0.745427 0.764465 0.765494 0.765548
 0.213509 0.314535 0.322568 0.323002 0.323025
 0.306845 0.452034 0.463579 0.464203 0.464236
 0.725939 1.06943 1.09674 1.09822 1.0983
 0.14466 0.213109 0.218552 0.218846 0.218862
 0.560145 0.825188 0.846263 0.847402 0.847462
 0.737532 1.08651 1.11426 1.11576 1.11584
 0.133591 0.196802 0.201828 0.2021 0.202114
 0.489959 0.721794 0.740228 0.741224 0.741277
 0.456756 0.67288 0.690065 0.690994 0.691042
 0.814231 1.1995 1.23014 1.23179 1.23188
 0.612436 0.902222 0.925265 0.92651 0.926576
 0.375567 0.553274 0.567404 0.568168 0.568208
 0.23262 0.342689 0.351441 0.351914 0.351939
 0.236917 0.349019 0.357933 0.358415 0.358441
 0.317571 0.467835 0.479784 0.480429 0.480464
 0.290343 0.427724 0.438648 0.439238 0.43927
 0.222768 0.328175 0.336556 0.337009 0.337033
 0.280846 0.413734 0.4243 0.424871 0.424902
 0.169795 0.250137 0.256525 0.256871 0.256889
 0.157318 0.231756 0.237675 0.237995 0.238012
 0.156973 0.231248 0.237154 0.237473 0.23749
 0.130637 0.192451 0.197366 0.197632 0.197646
 0.156285 0.230235 0.236115 0.236433 0.236449
 0.121766 0.179382 0.183964 0.184211 0.184224
 0.114335 0.168434 0.172736 0.172969 0.172981
 0.189866 0.279705 0.286849 0.287235 0.287255
 0.151072 0.222555 0.228239 0.228546 0.228562
nmprior
 8 9 7.5 0
nm_flota  nm_reclas  nm_pelaces    nm_pelaL
inf 15.5222 12.5076 20.7305
cv_recla  cv_pelaces  cv_mph
0.308251 0.606482 1.42645
 ------------------------------------------------
Talla a la edad & desviación 
 8 13.2811 15.8009 17.003 17.5766
 0.8 1.32811 1.58009 1.7003 1.75766
