years
 1991 1992 1993 1994 1995 1996 1997 1998 1999 2000 2001 2002 2003 2004 2005 2006 2007 2008 2009 2010 2011 2012 2013 2014 2015 2016 2017 2018 2019 2020 2021
reclasobs
 0 0 0 0 0 0 0 0 0 252601 567819 844713 477998 351125 339783 2.1784e+06 2.13404e+06 4.81314e+06 1.55562e+06 2.62356e+06 3.21686e+06 3.843e+06 1.13348e+06 3.07943e+06 1.97215e+06 2.03268e+06 2.025e+06 2.42433e+06 2.27542e+06 1.05018e+06 2.36338e+06
reclaspred
 1.79742e+06 1.34511e+06 669724 400801 367353 590228 443397 362183 213042 193856 309964 462923 402378 329794 418565 885485 1.39392e+06 2.18823e+06 2.07861e+06 1.57591e+06 2.67728e+06 2.19811e+06 1.9373e+06 2.34565e+06 1.97118e+06 1.66496e+06 1.83543e+06 1.92879e+06 2.10409e+06 1.24764e+06 1.04922e+06
pelacesobs
 0 0 0 0 0 0 0 0 0 0 0 0 0 0 0 552880 188675 0 991730 2.46772e+06 1.41603e+06 1.21717e+06 2.29649e+06 1.80582e+06 0 1.4828e+06 1.56532e+06 1.57751e+06 1.42118e+06 867257 0
pelacespred
 747840 615058 321684 161540 153790 250933 155027 160630 91029.6 81854.2 147182 179254 167838 149445 205803 364263 569487 965939 1.00918e+06 733491 1.11066e+06 1.06022e+06 900705 1.17829e+06 1.01322e+06 824758 1.01167e+06 1.08418e+06 959319 644528 523582
mphobs
 0 0 0 0 0 0 0 0 0 0 0 498337 0 5186 125008 0 168611 109162 213762 579715 649985 157893 87575 83554 0 0 0 0 0 0 0
mphpred
 1.35023e+06 1.42721e+06 768879 335430 304293 268500 479173 286944 212880 123769 142489 341914 332690 231307 210289 369791 977635 1.22024e+06 1.72782e+06 1.47755e+06 1.47516e+06 1.94918e+06 1.76264e+06 1.36975e+06 1.96414e+06 1.4036e+06 1.18299e+06 1.42374e+06 1.92219e+06 1.30791e+06 686309
desembarqueobs
 494567 514787 250237 358949 120608 361735 552515 73892 212993 205616 52469 317467 293654 387597 252695 516296 358380 742168 942051 627588 828172 859565 418607 520667 417249 300574 407403 355545 319650 289779 219260
desembarquepred
 494753 513752 250815 359122 120708 361915 552146 73950.7 212649 205650 52383.1 317415 294155 387579 252571 515704 358457 742963 942899 627497 828435 859758 418527 521358 417920 301191 407077 355285 319567 289761 219316
Reclutas
 355246 71842.7 33238.2 126294 56370.7 206766 96486.9 16879.2 28195.4 72614.9 114452 122704 90583.1 100919 113672 444521 178278 589150 505180 284437 516705 595255 111422 395831 238994 151331 352222 346853 107389 68154.8 219483
log_desv_Rt
 0.852144 -0.746185 -1.51696 -0.182048 -0.988715 0.310923 -0.451257 -2.19458 -1.68151 -0.735494 -0.280509 -0.210889 -0.514397 -0.406347 -0.28735 1.07633 0.162677 1.35802 1.20425 0.629848 1.22681 1.36833 -0.307338 0.960323 0.455775 -0.00119295 0.843597 0.828236 -0.34421 -0.798882 0.37061
SSB
 1.35023e+06 1.42721e+06 768879 335430 304293 268500 479173 286944 212880 123769 142489 341914 332690 231307 210289 369791 977635 1.22024e+06 1.72782e+06 1.47755e+06 1.47516e+06 1.94918e+06 1.76264e+06 1.36975e+06 1.96414e+06 1.4036e+06 1.18299e+06 1.42374e+06 1.92219e+06 1.30791e+06 686309
BT
 2.50412e+06 1.98097e+06 1.00711e+06 838995 516010 1.25469e+06 917929 504258 490680 495658 572146 823706 787265 956073 1.03141e+06 1.80664e+06 1.92352e+06 3.92231e+06 4.03799e+06 2.60777e+06 4.34533e+06 3.91287e+06 2.70528e+06 4.51239e+06 3.04912e+06 2.60088e+06 3.86597e+06 3.8686e+06 2.63045e+06 1.92347e+06 1.90676e+06
Ftot
 0.258906 0.354663 0.347852 0.801401 0.307217 0.565431 1.06764 0.192814 0.881846 0.942691 0.16058 0.623387 0.661332 1.03414 0.557637 0.539433 0.242099 0.318343 0.420757 0.370405 0.290495 0.364454 0.203762 0.210207 0.200127 0.171254 0.209766 0.17463 0.143975 0.218732 0.197861
BD_Bspro_t
 0.959421 0.782222 0.587627 0.427514 0.409442 0.444244 0.497256 0.324624 0.325917 0.263052 0.350404 0.630961 0.499219 0.378544 0.346218 0.471172 0.605654 0.637538 0.663576 0.596794 0.553081 0.614831 0.623301 0.606074 0.71151 0.693423 0.706709 0.759561 0.799245 0.731387 0.664488
BD_Bspro
 1.25153 1.32288 0.712674 0.31091 0.28205 0.248872 0.444146 0.265968 0.197318 0.114722 0.132073 0.31692 0.30837 0.214399 0.194917 0.342759 0.90617 1.13104 1.60152 1.36954 1.36733 1.80669 1.63379 1.26962 1.82056 1.301 1.09651 1.31967 1.78168 1.2123 0.63614
BD_Bo
 0.78327 0.827923 0.446027 0.194583 0.176521 0.155757 0.277969 0.166456 0.123492 0.0717986 0.0826578 0.198344 0.192993 0.134181 0.121989 0.214516 0.567126 0.707862 1.00231 0.857128 0.855742 1.13072 1.02251 0.794595 1.1394 0.814228 0.686253 0.825913 1.11506 0.758719 0.398128
BD_Brms
 3.31985 3.50911 1.89046 0.824729 0.748174 0.660167 1.17815 0.705516 0.523413 0.304315 0.350341 0.840672 0.817992 0.568721 0.517043 0.909214 2.40373 3.00024 4.24824 3.63289 3.62702 4.79249 4.33385 3.36785 4.82927 3.45106 2.90865 3.50059 4.72614 3.21579 1.68745
Sel_flota
 0.5 1 1 1 1
 0.5 1 1 1 1
 0.5 1 1 1 1
 0.5 1 1 1 1
 0.5 1 1 1 1
 0.5 1 1 1 1
 0.5 1 1 1 1
 0.5 1 1 1 1
 0.5 1 1 1 1
 0.5 1 1 1 1
 0.5 1 1 1 1
 0.5 1 1 1 1
 0.5 1 1 1 1
 0.5 1 1 1 1
 0.5 1 1 1 1
 0.5 1 1 1 1
 0.5 1 1 1 1
 0.5 1 1 1 1
 0.5 1 1 1 1
 0.5 1 1 1 1
 0.5 1 1 1 1
 0.5 1 1 1 1
 0.5 1 1 1 1
 0.5 1 1 1 1
 0.5 1 1 1 1
 0.5 1 1 1 1
 0.5 1 1 1 1
 0.5 1 1 1 1
 0.5 1 1 1 1
 0.5 1 1 1 1
 0.5 1 1 1 1
Sel_reclas
 0.5 1 1 1 1
 0.5 1 1 1 1
 0.5 1 1 1 1
 0.5 1 1 1 1
 0.5 1 1 1 1
 0.5 1 1 1 1
 0.5 1 1 1 1
 0.5 1 1 1 1
 0.5 1 1 1 1
 0.5 1 1 1 1
 0.5 1 1 1 1
 0.5 1 1 1 1
 0.5 1 1 1 1
 0.5 1 1 1 1
 0.5 1 1 1 1
 0.5 1 1 1 1
 0.5 1 1 1 1
 0.5 1 1 1 1
 0.5 1 1 1 1
 0.5 1 1 1 1
 0.5 1 1 1 1
 0.5 1 1 1 1
 0.5 1 1 1 1
 0.5 1 1 1 1
 0.5 1 1 1 1
 0.5 1 1 1 1
 0.5 1 1 1 1
 0.5 1 1 1 1
 0.5 1 1 1 1
 0.5 1 1 1 1
 0.5 1 1 1 1
Sel_pelaces
 0.5 1 1 1 1
 0.5 1 1 1 1
 0.5 1 1 1 1
 0.5 1 1 1 1
 0.5 1 1 1 1
 0.5 1 1 1 1
 0.5 1 1 1 1
 0.5 1 1 1 1
 0.5 1 1 1 1
 0.5 1 1 1 1
 0.5 1 1 1 1
 0.5 1 1 1 1
 0.5 1 1 1 1
 0.5 1 1 1 1
 0.5 1 1 1 1
 0.5 1 1 1 1
 0.5 1 1 1 1
 0.5 1 1 1 1
 0.5 1 1 1 1
 0.5 1 1 1 1
 0.5 1 1 1 1
 0.5 1 1 1 1
 0.5 1 1 1 1
 0.5 1 1 1 1
 0.5 1 1 1 1
 0.5 1 1 1 1
 0.5 1 1 1 1
 0.5 1 1 1 1
 0.5 1 1 1 1
 0.5 1 1 1 1
 0.5 1 1 1 1
pf_obs 
 0.8446 0.082 0.0669 0.0065 0
 0.8095 0.147 0.0364 0.0071 0
 0.9664 0.0169 0.016 0.0007 0
 0.9276 0.0648 0.0075 0.0001 0
 0.7033 0.2144 0.0806 0.0017 0
 0.9318 0.0425 0.0243 0.0014 0
 0.5671 0.3108 0.0964 0.0239 0.0018
 0.0768 0.2599 0.5324 0.112 0.0189
 0.490249 0.384438 0.106611 0.0170017 0.00170017
 0.7925 0.1577 0.0466 0.003 0.0002
 0.840416 0.127587 0.0312969 0.00059994 9.999e-05
 0.8084 0.0986 0.0794 0.0134 0.0002
 0.7335 0.1905 0.0724 0.0035 0.0001
 0.4001 0.4547 0.1325 0.0127 0
 0.49795 0.308269 0.164784 0.0264974 0.00249975
 0.9179 0.0499 0.0305 0.0017 0
 0.2467 0.6533 0.0926 0.0074 0
 0.9418 0.0223 0.034 0.0019 0
 0.707729 0.231977 0.0356964 0.0245975 0
 0.517169 0.277429 0.184464 0.0207286 0.00020938
 0.811772 0.124168 0.05621 0.00726502 0.000585176
 0.764997 0.148141 0.077277 0.00933861 0.000247198
 0.163321 0.427699 0.378323 0.0303852 0.000271297
 0.753843 0.0900009 0.118128 0.0371064 0.000921714
 0.721811 0.176058 0.0630433 0.0369309 0.00215725
 0.143369 0.312575 0.442814 0.0836902 0.0175525
 0.692698 0.0596174 0.167031 0.0765114 0.00414204
 0.394062 0.376323 0.152708 0.0712218 0.00568511
 0.125707 0.32114 0.495352 0.0537591 0.00404204
 0.23352 0.215282 0.420074 0.123614 0.00750983
 0 0 0 0 0
pf_pred 
 0.639331 0.227986 0.0838714 0.0308546 0.0179566
 0.210228 0.626266 0.103356 0.0380225 0.0221282
 0.230371 0.286326 0.383245 0.0632488 0.0368094
 0.740155 0.103761 0.058068 0.0777237 0.0202922
 0.458691 0.476301 0.0259588 0.0145273 0.0245214
 0.808214 0.12469 0.0590383 0.00321763 0.00484014
 0.480818 0.472105 0.0306073 0.014492 0.00197792
 0.233649 0.554058 0.193043 0.0125153 0.00673453
 0.535643 0.182188 0.204003 0.0710781 0.00708775
 0.829465 0.128416 0.0165249 0.0185036 0.00708985
 0.767199 0.216321 0.0124098 0.00159692 0.00247328
 0.60842 0.342085 0.0459907 0.00263837 0.000865341
 0.551128 0.354724 0.0822479 0.0110576 0.0008424
 0.655866 0.258412 0.0677418 0.0157069 0.00227254
 0.706376 0.247079 0.0349503 0.00916209 0.00243172
 0.869015 0.111466 0.0164255 0.00232345 0.00077074
 0.413351 0.551427 0.0299728 0.00441677 0.000832018
 0.764922 0.141595 0.0878702 0.00477619 0.000836397
 0.565694 0.381087 0.0320554 0.0198928 0.00127062
 0.431715 0.424765 0.125933 0.010593 0.00699362
 0.664726 0.211056 0.0928464 0.0275269 0.00384413
 0.612524 0.314721 0.0457997 0.0201479 0.00680757
 0.198658 0.624408 0.143712 0.0209136 0.0123087
 0.658102 0.117959 0.174494 0.040161 0.00928416
 0.432833 0.455911 0.0383844 0.0567814 0.0160898
 0.378497 0.384265 0.190702 0.0160557 0.0304811
 0.668844 0.185998 0.0897487 0.0445403 0.0108691
 0.555483 0.360634 0.0471137 0.0227336 0.0140353
 0.255242 0.539699 0.166363 0.0217339 0.0169618
 0.287768 0.296985 0.300914 0.0927575 0.0215751
 0.701826 0.138072 0.0667592 0.0676424 0.0257008
pobs_RECLAS
 0 0 0 0 0
 0 0 0 0 0
 0 0 0 0 0
 0 0 0 0 0
 0 0 0 0 0
 0 0 0 0 0
 0 0 0 0 0
 0 0 0 0 0
 0 0 0 0 0
 0 0 0 0 0
 0.991045 0.00858322 0.000360255 1.14367e-05 0
 0.934742 0.0480273 0.0164251 0.00080598 0
 0.827803 0.169806 0.00239088 0 0
 0.941827 0.0461693 0.0120037 0 0
 0.791401 0.0380133 0.147996 0.0225897 0
 0.846168 0.0940531 0.0597789 0 0
 0.134021 0.677848 0.182769 0.00536245 0
 0.80878 0.0450904 0.141981 0.00414843 0
 0.846168 0.0940531 0.0597789 0 0
 0.905697 0.0802665 0.012482 0.00150086 5.37128e-05
 0.989698 0.0102097 9.19794e-05 0 0
 0.975433 0.0193895 0.00387452 0.00125025 5.28907e-05
 0.303575 0.632131 0.0575291 0.00676475 0
 0.966965 0.00978017 0.0227588 0.000495775 0
 0.843318 0.132988 0.00938335 0.0141283 0.000182051
 0.564624 0.303363 0.111486 0.0197234 0.00080311
 0.826376 0.0876187 0.0782897 0.00655872 0.00115652
 0.89761 0.0855135 0.0140674 0.00269457 0.000114338
 0.34875 0.467042 0.161289 0.0227151 0.000203297
 0.318654 0.224769 0.449479 0.00709798 0
 0.937255 0.0296025 0.0250945 0.00804832 0
ppred_RECLAS
 0.642228 0.226155 0.0831977 0.0306067 0.0178124
 0.21327 0.623854 0.102958 0.037876 0.022043
 0.233543 0.285145 0.381665 0.0629881 0.0366576
 0.749895 0.0998719 0.0558914 0.0748102 0.0195316
 0.462509 0.472942 0.0257757 0.0144249 0.0243484
 0.813195 0.121451 0.057505 0.00313406 0.00471444
 0.499811 0.454834 0.0294876 0.0139618 0.00190556
 0.235265 0.55289 0.192636 0.0124889 0.00672033
 0.550127 0.176505 0.19764 0.0688611 0.00686667
 0.838322 0.121747 0.0156667 0.0175426 0.00672163
 0.768508 0.215104 0.01234 0.00158794 0.00245937
 0.617153 0.334457 0.0449651 0.00257953 0.000846043
 0.560939 0.346971 0.0804501 0.0108159 0.000823986
 0.672085 0.246234 0.0645493 0.0149667 0.00216544
 0.712947 0.241551 0.0341682 0.00895708 0.00237731
 0.872455 0.108538 0.015994 0.00226241 0.000750495
 0.416179 0.548769 0.0298284 0.00439548 0.000828007
 0.767791 0.139867 0.0867978 0.0047179 0.000826189
 0.571195 0.376261 0.0316495 0.0196409 0.00125453
 0.436432 0.42124 0.124888 0.0105051 0.00693557
 0.667925 0.209043 0.0919605 0.0272642 0.00380745
 0.616984 0.311099 0.0452726 0.019916 0.00672922
 0.200187 0.623217 0.143438 0.0208737 0.0122853
 0.660331 0.11719 0.173357 0.0398993 0.00922365
 0.435139 0.454058 0.0382284 0.0565506 0.0160244
 0.380353 0.383117 0.190132 0.0160078 0.03039
 0.671032 0.184769 0.0891556 0.044246 0.0107973
 0.557472 0.359021 0.0469029 0.0226318 0.0139725
 0.256482 0.5388 0.166086 0.0216977 0.0169335
 0.2899 0.296096 0.300013 0.0924799 0.0215106
 0.703761 0.137176 0.0663259 0.0672034 0.025534
pobs_PELACES
 0 0 0 0 0
 0 0 0 0 0
 0 0 0 0 0
 0 0 0 0 0
 0 0 0 0 0
 0 0 0 0 0
 0 0 0 0 0
 0 0 0 0 0
 0 0 0 0 0
 0 0 0 0 0
 0 0 0 0 0
 0 0 0 0 0
 0 0 0 0 0
 0 0 0 0 0
 0 0 0 0 0
 0 0 0 0 0
 0.505614 0.472636 0.0217494 0 0
 0 0 0 0 0
 0.443492 0.261883 0.143347 0.151278 0
 0.227955 0.32914 0.350689 0.0885471 0.00366901
 0.970185 0.0296113 0.000203453 0 0
 0.997202 0.00247181 0.000326279 0 0
 0.445219 0.490057 0.0546422 0.010081 0
 0.90214 0.0892962 0.00764917 0.000914606 0
 0 0 0 0 0
 0.581667 0.319106 0.0959925 0.00289975 0.000334073
 0.762889 0.0836404 0.116647 0.0363945 0.000428098
 0.88444 0.0763242 0.0277011 0.0115352 0
 0.521256 0.241999 0.230069 0.00667565 0
 0.616807 0.101726 0.260614 0.0208532 0
 0 0 0 0 0
ppred_PELACES
 0.651983 0.219989 0.0809293 0.0297722 0.0173267
 0.223253 0.615937 0.101651 0.0373954 0.0217632
 0.243974 0.281265 0.376471 0.062131 0.0361588
 0.773868 0.090299 0.050534 0.0676395 0.0176594
 0.475131 0.461836 0.0251704 0.0140861 0.0237766
 0.826956 0.112505 0.053269 0.0029032 0.00436716
 0.543739 0.414889 0.0268979 0.0127357 0.00173821
 0.241037 0.548717 0.191182 0.0123946 0.00666961
 0.585814 0.162503 0.181962 0.0633985 0.00632196
 0.858312 0.106694 0.0137296 0.0153736 0.00589056
 0.773189 0.210756 0.0120905 0.00155583 0.00240965
 0.641146 0.313496 0.0421472 0.00241787 0.000793022
 0.58761 0.325894 0.0755631 0.0101589 0.000773933
 0.708531 0.218866 0.0573749 0.0133032 0.00192476
 0.731402 0.226021 0.0319715 0.0083812 0.00222446
 0.882036 0.100385 0.0147926 0.00209247 0.000694122
 0.425916 0.539616 0.0293309 0.00432217 0.000814198
 0.777024 0.134306 0.0833466 0.00453031 0.000793339
 0.588108 0.361419 0.0304011 0.0188661 0.00120505
 0.451518 0.409963 0.121545 0.0102239 0.00674992
 0.67847 0.202405 0.0890405 0.0263985 0.00368655
 0.631091 0.29964 0.0436051 0.0191824 0.00648137
 0.205624 0.61898 0.142463 0.0207318 0.0122017
 0.668066 0.114521 0.169409 0.0389906 0.00901359
 0.443272 0.44752 0.037678 0.0557363 0.0157936
 0.387035 0.378985 0.188082 0.0158352 0.0300623
 0.678627 0.180503 0.0870973 0.0432245 0.010548
 0.564568 0.353264 0.0461508 0.0222689 0.0137485
 0.261039 0.535498 0.165069 0.0215648 0.0168298
 0.297385 0.292975 0.296851 0.091505 0.0212838
 0.710522 0.134045 0.0648123 0.0656697 0.0249513
pobs_pel_tallas
 0 0 0 0 0 0 0 0 0 0 0 0 0 0 0 0 0 0 0 0 0 0 0 0 0 0
 0 0 0 0 0 0 0 0 0 0 0 0 0 0 0 0 0 0 0 0 0 0 0 0 0 0
 0 0 0 0 0 0 0 0 0 0 0 0 0 0 0 0 0 0 0 0 0 0 0 0 0 0
 0 0 0 0 0 0 0 0 0 0 0 0 0 0 0 0 0 0 0 0 0 0 0 0 0 0
 0 0 0 0 0 0 0 0 0 0 0 0 0 0 0 0 0 0 0 0 0 0 0 0 0 0
 0 0 0 0 0 0 0 0 0 0 0 0 0 0 0 0 0 0 0 0 0 0 0 0 0 0
 0 0 0 0 0 0 0 0 0 0 0 0 0 0 0 0 0 0 0 0 0 0 0 0 0 0
 0 0 0 0 0 0 0 0 0 0 0 0 0 0 0 0 0 0 0 0 0 0 0 0 0 0
 0 0 0 0 0 0 0 0 0 0 0 0 0 0 0 0 0 0 0 0 0 0 0 0 0 0
 0 0 0 0 0 0 0 0 0 0 0 0 0 0 0 0 0 0 0 0 0 0 0 0 0 0
 0 0 0 0 0 0 0 0 0 0 0 0 0 0 0 0 0 0 0 0 0 0 0 0 0 0
 0 0 0 0 0 0 0 0 0 0 0 0 0 0 0 0 0 0 0 0 0 0 0 0 0 0
 0.00862536 0 0 0.000197151 0.00414017 0.0128641 0.00837892 0.0270097 0.101434 0.158115 0.152841 0.127902 0.109271 0.109419 0.0830992 0.0579132 0.0238553 0.00714673 0.00463305 0.00128148 0.00103504 0.000492878 0.000147863 0.000147863 4.92878e-05 0
 0 0 0 0 0 0 0 0 0 0 0 0 0 0 0 0 0 0 0 0 0 0 0 0 0 0
 0 0 0 0 0 0 0 0.0054083 0.00873648 0.0413646 0.0450493 0.0745869 0.0622846 0.0627006 0.0613931 0.0827291 0.12552 0.122667 0.0946155 0.0697135 0.0546179 0.0294188 0.0215738 0.0213955 0.0102223 0.00600262
 0 0 0 0 0.00359764 0.0251062 0.0480494 0.140153 0.205849 0.193036 0.1447 0.116669 0.0760912 0.0342217 0.00950174 0.001854 0.000860785 0 0 0 0.000165536 0 0.000143464 0 0 0
 0 0 0 0 0 0 0 0.000145254 0.000435761 0.0275982 0.070085 0.0708112 0.156366 0.174668 0.174014 0.160142 0.0824315 0.0480064 0.0283245 0.00493863 0.00203355 0 0 0 0 0
 0 0 0 0 0 0 0 0 0 0 0 0 0 0 0 0 0 0 0 0 0 0 0 0 0 0
 0 0 1.00437e-05 0.000401748 0.00122533 0.00171747 0.00176769 0.0269171 0.070346 0.194647 0.189555 0.159765 0.064822 0.0314167 0.0384472 0.0292271 0.0345202 0.0313363 0.0194345 0.0106764 0.0143323 0.0359363 0.0279516 0.0138201 0.00172751 0
 0 0.0021121 0.0136068 0.0755702 0.200478 0.177729 0.0527432 0.0373336 0.0318909 0.0142505 0.0149659 0.0166563 0.0217959 0.0798694 0.0677717 0.0528807 0.04013 0.0224614 0.0357745 0.0225083 0.00881397 0.00855152 0.00135912 0.000746735 0 0
 0 0 0 0 5.4009e-05 0.00500934 0.000945158 0.0243581 0.138947 0.33067 0.221406 0.137944 0.0707744 0.0437923 0.0131692 0.00525238 0.0047753 0.00276346 9.45158e-05 9.00151e-06 2.25038e-05 9.00151e-06 4.50075e-06 0 0 0
 0.000866109 0.00284123 0.00948549 0.0512746 0.133035 0.25785 0.225252 0.132002 0.0553304 0.0519788 0.0540692 0.017754 0.00435017 0.00159236 0.00146478 0.000404838 0.000125132 0.000115318 0.000107957 0.000100596 0 0 0 0 0 0
 0 0 0 0 0.00144013 0.00171154 0.00461396 0.0210425 0.0478622 0.0707936 0.0888783 0.103762 0.0637923 0.0337046 0.0602308 0.124433 0.169614 0.0934646 0.0462172 0.0250306 0.0313229 0.00938855 0.002487 0.000210481 0 0
 0 0.00764035 0.051015 0.0998891 0.058973 0.0496711 0.0374665 0.0718981 0.12319 0.153886 0.159021 0.0857701 0.0377988 0.023471 0.0147837 0.00900784 0.00315554 0.000888139 0.00291439 0.00214683 0.00393193 0.00274676 0.000635225 9.99891e-05 0 0
 0 0 0 0 0 0 0 0 0 0 0 0 0 0 0 0 0 0 0 0 0 0 0 0 0 0
 0 0 0 0 0 0 0 0 0 0 0 0 0 0 0 0 0 0 0 0 0 0 0 0 0 0
 0 0 0 0 0 0 0 0 0 0 0 0 0 0 0 0 0 0 0 0 0 0 0 0 0 0
 0 0 0 0 0 0 0 0 0 0 0 0 0 0 0 0 0 0 0 0 0 0 0 0 0 0
 0 0 0 0 0 0 0 0 0 0 0 0 0 0 0 0 0 0 0 0 0 0 0 0 0 0
 0 0 0 0 0 0 0 0 0 0 0 0 0 0 0 0 0 0 0 0 0 0 0 0 0 0
 0 0 0 0 0 0 0 0 0 0 0 0 0 0 0 0 0 0 0 0 0 0 0 0 0 0
ppred_pel_tallas
 1.0831e-16 5.3703e-05 0.000522013 0.00346896 0.0157694 0.0490646 0.104538 0.152581 0.152602 0.104642 0.0494143 0.0167807 0.00601176 0.00608767 0.0106676 0.0176663 0.0257187 0.0329292 0.0374029 0.0382839 0.0362349 0.0328975 0.0297826 0.027483 0.0256824 0.0237151
 1.10525e-16 1.83892e-05 0.00017875 0.00118786 0.00539986 0.0168013 0.0357991 0.0522623 0.0523217 0.0360894 0.017776 0.00821547 0.00825709 0.0156167 0.029355 0.0485474 0.0700464 0.0883358 0.0978043 0.0958885 0.0845962 0.0690989 0.0545708 0.0437375 0.0365616 0.0315336
 1.23286e-16 2.00959e-05 0.000195339 0.0012981 0.00590098 0.0183603 0.0391196 0.0571019 0.0571296 0.039255 0.0188165 0.00722555 0.00464943 0.0075992 0.0143396 0.0243505 0.0366584 0.0494182 0.0606792 0.0694499 0.0760105 0.0811136 0.0848271 0.0861375 0.0836495 0.0766945
 1.11254e-16 6.37425e-05 0.0006196 0.00411746 0.0187174 0.0582368 0.12408 0.1811 0.181109 0.124123 0.0583813 0.0191361 0.0051731 0.00293936 0.00451559 0.00748949 0.0110879 0.0146151 0.0174369 0.0193445 0.0206863 0.0220721 0.0238658 0.0258716 0.027428 0.0277903
 1.06281e-16 3.9136e-05 0.000380416 0.002528 0.011492 0.035756 0.0761835 0.111201 0.111246 0.0764007 0.0364851 0.0135971 0.00780951 0.0119011 0.0218933 0.0360665 0.0518018 0.0648403 0.0708846 0.0679962 0.0577963 0.0444323 0.0321557 0.0233629 0.0182171 0.0155331
 1.02597e-16 6.81153e-05 0.000662105 0.00439992 0.0200014 0.0622318 0.132592 0.193524 0.193535 0.132645 0.0624109 0.0205195 0.00570318 0.00351632 0.00551564 0.00908052 0.0132364 0.016982 0.0193325 0.0198148 0.0187086 0.0167843 0.014768 0.0129752 0.0113348 0.00965795
 1.02454e-16 4.47872e-05 0.000435347 0.00289304 0.0131514 0.040919 0.0871837 0.127255 0.127295 0.0873788 0.041574 0.0150427 0.00763813 0.010786 0.0196793 0.0324023 0.0465308 0.0582181 0.0635767 0.060821 0.0513484 0.0388273 0.0270493 0.018202 0.0125471 0.0092002
 1.0803e-16 1.9854e-05 0.000192988 0.00128247 0.00582998 0.0181395 0.0386501 0.0564221 0.0564751 0.0389094 0.0190108 0.00834884 0.00761342 0.0140407 0.0263985 0.0438164 0.0635927 0.0809512 0.0909801 0.0913301 0.0834872 0.0715278 0.0594509 0.0492511 0.0408701 0.0334083
 1.12721e-16 4.82528e-05 0.000469034 0.0031169 0.014169 0.044085 0.0939284 0.137095 0.137111 0.0940064 0.0443476 0.0149308 0.00504226 0.00471573 0.0082421 0.0138875 0.0207959 0.0278286 0.0338309 0.0382525 0.0413475 0.0437047 0.0455282 0.0463335 0.045295 0.0418891
 1.02963e-16 7.06981e-05 0.00068721 0.00456675 0.0207598 0.0645915 0.137619 0.200862 0.200872 0.13767 0.0647603 0.0212474 0.00579086 0.00336033 0.0051503 0.00841108 0.0121323 0.0153113 0.0169866 0.0167373 0.01494 0.0125148 0.0103605 0.00891655 0.00810577 0.00757549
 1.00967e-16 6.36866e-05 0.000619056 0.00411385 0.018701 0.0581857 0.123972 0.180944 0.180965 0.124071 0.0585184 0.0196614 0.00652333 0.00587424 0.0100303 0.0164447 0.0235971 0.029493 0.0321462 0.0306426 0.0256914 0.0191664 0.0130166 0.00838493 0.00543552 0.00373915
 1.01674e-16 5.28104e-05 0.000513336 0.0034113 0.0155073 0.0482491 0.102801 0.150047 0.150077 0.102948 0.0487447 0.0169386 0.00700384 0.00835458 0.0149408 0.0246054 0.0354119 0.0444679 0.0488524 0.0472014 0.0405064 0.031428 0.0227057 0.0159061 0.0112273 0.00809737
 1.03414e-16 4.84007e-05 0.000470473 0.00312646 0.0142124 0.0442203 0.0942173 0.137519 0.137551 0.094371 0.0447366 0.0157042 0.00687309 0.00865639 0.0156153 0.0257912 0.0372695 0.047116 0.0523554 0.0515882 0.0457828 0.0375456 0.0294956 0.0230337 0.0182248 0.0144749
 1.03372e-16 5.83608e-05 0.000567288 0.00376983 0.0171371 0.05332 0.113605 0.165814 0.165835 0.113708 0.053667 0.0181399 0.00628906 0.00607368 0.0105363 0.0173792 0.0251534 0.0318896 0.0356123 0.0353988 0.0318981 0.0268304 0.0218941 0.0179512 0.0149699 0.0125029
 1.02198e-16 6.02447e-05 0.0005856 0.00389152 0.0176903 0.0550412 0.117272 0.171166 0.171188 0.117378 0.0553986 0.0187226 0.00648289 0.00624267 0.0108043 0.0177668 0.0255893 0.0321818 0.0354547 0.0344424 0.0298709 0.0236541 0.0177394 0.0132056 0.0101303 0.00804063
 1.0078e-16 7.26521e-05 0.000706205 0.00469298 0.0213336 0.0663768 0.141423 0.206413 0.206423 0.14147 0.0665356 0.0217921 0.00584396 0.00321883 0.00484464 0.00789418 0.0113644 0.0142892 0.0157349 0.0152684 0.0132075 0.0103985 0.00770661 0.00561736 0.00417791 0.00319386
 1.01556e-16 3.50823e-05 0.000341012 0.00226615 0.0103016 0.0320524 0.068293 0.0996865 0.0997385 0.0685467 0.0329041 0.0127605 0.00843452 0.0137939 0.0255468 0.0420795 0.0603805 0.0754372 0.0821612 0.0782007 0.0653629 0.0484436 0.0324434 0.0203123 0.0125071 0.00797076
 1.03029e-16 6.40025e-05 0.000622127 0.00413425 0.0187937 0.0584743 0.124586 0.18184 0.181853 0.12465 0.0586888 0.0194144 0.00569695 0.00404914 0.00661814 0.0109583 0.0160539 0.0207559 0.0239134 0.0249552 0.0241593 0.0223384 0.0202261 0.0180912 0.0158176 0.013246
 1.03066e-16 4.84418e-05 0.000470871 0.00312911 0.0142245 0.0442579 0.0942973 0.137637 0.137672 0.0944674 0.0448288 0.0158731 0.00726586 0.00949683 0.017177 0.0282859 0.040663 0.0509722 0.0558506 0.053759 0.0459104 0.035465 0.0256604 0.0183192 0.0135946 0.0106739
 1.0578e-16 3.7191e-05 0.00036151 0.00240236 0.0109208 0.0339789 0.0723972 0.105674 0.105714 0.0725908 0.0346292 0.0128004 0.00712501 0.0106864 0.0196908 0.0326099 0.0472405 0.0599608 0.0670734 0.0668272 0.0603887 0.0509138 0.0415284 0.0338363 0.0278315 0.0227812
 1.05893e-16 5.58847e-05 0.000543219 0.00360988 0.01641 0.0510578 0.108785 0.158778 0.158798 0.108881 0.0513799 0.0173419 0.00595387 0.00567654 0.00985322 0.0163275 0.0238123 0.0305705 0.0348572 0.035856 0.0341103 0.0310344 0.0279254 0.0252866 0.0228753 0.0202206
 1.04356e-16 5.19822e-05 0.000505285 0.0033578 0.0152641 0.0474924 0.101189 0.147694 0.147723 0.10133 0.0479664 0.0166331 0.00679462 0.00800912 0.0143069 0.0235806 0.0339906 0.0428052 0.0472786 0.0461559 0.0404189 0.0326055 0.025269 0.0197766 0.0161447 0.0136576
 1.08414e-16 1.69371e-05 0.000164635 0.00109406 0.00497347 0.0154746 0.0329726 0.0481369 0.0481967 0.0332645 0.0164552 0.0078069 0.00821048 0.0157135 0.0295871 0.048991 0.070814 0.0895542 0.0995844 0.0982738 0.0874936 0.0722193 0.057428 0.0457457 0.0372183 0.0306101
 1.10354e-16 5.50278e-05 0.00053489 0.00355453 0.0161584 0.0502748 0.107116 0.156342 0.156353 0.107171 0.0504611 0.0166998 0.00492578 0.00356885 0.00593624 0.0100389 0.0151877 0.020635 0.0256234 0.0297661 0.0331477 0.0359837 0.0381608 0.0391141 0.0381667 0.0350244
 1.09465e-16 3.65118e-05 0.000354908 0.00235849 0.0107214 0.0333584 0.0710752 0.103745 0.103788 0.0712859 0.0340656 0.0127638 0.00748454 0.0115428 0.0212785 0.035108 0.0505527 0.0635585 0.0700471 0.0682138 0.059649 0.0482943 0.0380747 0.0310246 0.026997 0.0246203
 1.122e-16 3.18797e-05 0.000309882 0.00205927 0.00936119 0.0291263 0.0620581 0.0905833 0.09062 0.0622377 0.0297301 0.0111078 0.00645393 0.00993776 0.0184177 0.0306609 0.0447802 0.0575999 0.0658648 0.0680298 0.0650648 0.0595506 0.0538598 0.0489239 0.0443358 0.0392946
 1.0868e-16 5.58976e-05 0.000543345 0.00361072 0.0164138 0.0510696 0.10881 0.158815 0.158832 0.108895 0.0513573 0.0172464 0.00570604 0.00513588 0.00883269 0.0146588 0.0214559 0.0277173 0.031947 0.0334753 0.0328194 0.0312163 0.0297215 0.028608 0.0274438 0.0256131
 1.05983e-16 4.65028e-05 0.000452024 0.00300386 0.0136551 0.0424863 0.0905229 0.132128 0.132162 0.0906893 0.043045 0.0152687 0.00705416 0.00929431 0.0168413 0.0277741 0.0400216 0.0503718 0.0555901 0.05421 0.0474158 0.0382375 0.0297203 0.0234903 0.0195436 0.0169756
 1.09912e-16 2.15015e-05 0.000209003 0.0013889 0.00631376 0.0196447 0.0418571 0.0611025 0.0611543 0.0421101 0.0204945 0.00876995 0.00756111 0.0137056 0.0257203 0.0426599 0.0618546 0.078626 0.0881839 0.0882775 0.0804488 0.0688038 0.0573626 0.0481133 0.0409177 0.0346985
 1.2142e-16 2.44953e-05 0.000238103 0.00158228 0.00719283 0.0223797 0.0476834 0.0696013 0.06963 0.0478237 0.0228519 0.0085623 0.00504079 0.00785775 0.0147011 0.0248051 0.0370002 0.0492079 0.0592782 0.0661911 0.0704653 0.073336 0.0754351 0.0761665 0.0742319 0.0687131
 1.12713e-16 5.85248e-05 0.000568882 0.00378042 0.0171852 0.0534697 0.113923 0.166277 0.16629 0.113987 0.0536838 0.0178047 0.00534054 0.00399196 0.00661179 0.010979 0.0161522 0.0210619 0.0246872 0.026641 0.0274044 0.0279294 0.0289122 0.0303171 0.0314593 0.0314827
pSPR Fmed_Fpbrs
0.59336   0.285935 0.285935
Fs Fmed_Fpbrs
0.348922   1.005 1.005
SSBpbr Bo_Bmed_Bpbrs
1.72384e+06  936666  406715 406715
Ro
151512
SPR SPRFo_SPRFmed_SPRFpbrs
1.07887e+06 640156 308486
Fref
1.005
log_Ro
11.7484
likeval ReclasPelacesDesembMPH_pf_preclas_ppelaces_ptallas_desvR_qrecl_qpela
 24.0911 27.3384 0.168243 0.00264087 240.881 139.204 87.8033 0 35.3955 0 0 0.275723 0 0 0
q_reclas_q_pelaces
1 1
M
1
N
 355246 66730.7 24548.8 9031.01 5255.84
 71842.7 114819 18949.1 6971 4056.96
 33238.2 22134.7 29627.2 4889.53 2845.59
 126294 10275.6 5750.55 7697.08 2009.57
 56370.7 31122 1696.17 949.229 1602.25
 206766 17784.8 8420.75 458.937 690.359
 96486.9 57332.8 3716.98 1759.92 240.2
 16879.2 20813.2 7251.65 470.136 252.982
 28195.4 5638.82 6314.02 2199.91 219.37
 72614.9 6674.11 858.842 961.68 368.477
 114452 16673.6 956.519 123.087 190.635
 122704 38856.1 5223.9 299.682 98.2906
 90583.1 33052 7663.57 1030.31 78.4919
 100919 23941.2 6276.11 1455.2 210.545
 113672 22137 3131.36 820.874 217.869
 444521 31642.3 4662.79 659.568 218.794
 178278 124871 6787.37 1000.18 188.411
 589150 58107.4 36059.9 1960.04 343.238
 505180 184844 15548.3 9648.86 616.307
 284437 150586 44645.5 3755.39 2479.36
 516705 86948 38249.5 11340.1 1583.65
 595255 164387 23922.4 10523.8 3555.78
 111422 182502 42004.2 6112.66 3597.61
 395831 37019.5 54762.3 12603.9 2913.7
 238994 131090 11036.8 16326.6 4626.36
 151331 79549.3 39478.5 3323.81 6310.1
 352222 51103.1 24658.5 12237.5 2986.3
 346853 116673 15242.4 7354.82 4540.75
 107389 116931 36044.3 4708.88 3674.94
 68154.8 36762.1 37248.4 11481.9 2670.67
 219483 22475.3 10867.1 11010.8 4183.57
pred_Ctot
 27556.7 9826.74 3615.06 1329.91 773.974
 7487.1 22303.9 3680.93 1354.14 788.077
 3402.08 4228.41 5659.7 934.048 543.594
 27226.1 3816.8 2136 2859.02 746.437
 5137.91 5335.16 290.77 162.724 274.67
 32935.7 5081.26 2405.88 131.122 197.242
 26337 25859.8 1676.53 793.806 108.342
 988.364 2343.73 816.595 52.9412 28.4879
 6585.52 2239.93 2508.14 873.878 87.1412
 17920.8 2774.46 357.025 399.775 153.178
 5618.49 1584.2 90.8814 11.6948 18.1128
 21303.7 11978.1 1610.36 92.382 30.2998
 16560.3 10658.8 2471.38 332.258 25.3124
 26851.5 10579.5 2773.39 643.049 93.0393
 17884.7 6255.79 884.905 231.975 61.5686
 67900.9 8709.44 1283.41 181.544 60.2222
 12975.8 17310.2 940.899 138.65 26.1185
 55517.4 10276.8 6377.55 346.652 60.705
 61632.7 41519.6 3492.46 2167.33 138.435
 30860.2 30363.4 9002.07 757.216 499.924
 44683.2 14187.3 6241.17 1850.37 258.404
 63621.1 32689.2 4757.09 2092.7 707.084
 6879.33 21622.7 4976.61 724.22 426.24
 25178.9 4513.08 6676.11 1536.55 355.21
 14503.4 15276.6 1286.18 1902.63 539.135
 7905.34 8025.81 3983.03 335.343 636.633
 22359.9 6218.03 3000.36 1489.01 363.362
 18463.4 11986.9 1565.99 755.629 466.514
 4742.82 10028.5 3091.31 403.853 315.178
 4503.28 4647.51 4709 1451.56 337.629
 13174.6 2591.88 1253.2 1269.78 482.455
F
 0.129453 0.258906 0.258906 0.258906 0.258906
 0.177331 0.354663 0.354663 0.354663 0.354663
 0.173926 0.347852 0.347852 0.347852 0.347852
 0.400701 0.801401 0.801401 0.801401 0.801401
 0.153608 0.307217 0.307217 0.307217 0.307217
 0.282716 0.565431 0.565431 0.565431 0.565431
 0.533821 1.06764 1.06764 1.06764 1.06764
 0.0964069 0.192814 0.192814 0.192814 0.192814
 0.440923 0.881846 0.881846 0.881846 0.881846
 0.471345 0.942691 0.942691 0.942691 0.942691
 0.0802901 0.16058 0.16058 0.16058 0.16058
 0.311694 0.623387 0.623387 0.623387 0.623387
 0.330666 0.661332 0.661332 0.661332 0.661332
 0.517068 1.03414 1.03414 1.03414 1.03414
 0.278818 0.557637 0.557637 0.557637 0.557637
 0.269716 0.539433 0.539433 0.539433 0.539433
 0.121049 0.242099 0.242099 0.242099 0.242099
 0.159172 0.318343 0.318343 0.318343 0.318343
 0.210378 0.420757 0.420757 0.420757 0.420757
 0.185203 0.370405 0.370405 0.370405 0.370405
 0.145248 0.290495 0.290495 0.290495 0.290495
 0.182227 0.364454 0.364454 0.364454 0.364454
 0.101881 0.203762 0.203762 0.203762 0.203762
 0.105104 0.210207 0.210207 0.210207 0.210207
 0.100063 0.200127 0.200127 0.200127 0.200127
 0.085627 0.171254 0.171254 0.171254 0.171254
 0.104883 0.209766 0.209766 0.209766 0.209766
 0.0873148 0.17463 0.17463 0.17463 0.17463
 0.0719877 0.143975 0.143975 0.143975 0.143975
 0.109366 0.218732 0.218732 0.218732 0.218732
 0.0989305 0.197861 0.197861 0.197861 0.197861
nmprior
 8 9 7.5 0
nm_flota  nm_reclas  nm_pelaces    nm_pelaL
inf 7.07675 7.16711 10.6271
cv_recla  cv_pelaces  cv_mph
0.44397 0.615249 1.58591
 ------------------------------------------------
Talla a la edad & desviación 
 8 13.2811 15.8009 17.003 17.5766
 0.8 1.32811 1.58009 1.7003 1.75766
