years
 1991 1992 1993 1994 1995 1996 1997 1998 1999 2000 2001 2002 2003 2004 2005 2006 2007 2008 2009 2010 2011 2012 2013 2014 2015 2016 2017 2018 2019 2020 2021
reclasobs
 0 0 0 0 0 0 0 0 0 252601 567819 844713 477998 351125 339783 2.1784e+06 2.13404e+06 4.81314e+06 1.55562e+06 2.62356e+06 3.21686e+06 3.843e+06 1.13348e+06 3.07943e+06 1.97215e+06 2.03268e+06 2.025e+06 2.42433e+06 2.27542e+06 1.05018e+06 2.36338e+06
reclaspred
 3.50466e+06 2.00498e+06 1.02214e+06 1.09551e+06 1.14206e+06 1.73122e+06 1.19084e+06 1.07136e+06 772505 560546 551449 666554 659889 540055 548862 1.21606e+06 1.22628e+06 2.57103e+06 2.15258e+06 1.65546e+06 2.91767e+06 2.36492e+06 1.92846e+06 2.9512e+06 2.2331e+06 1.98871e+06 2.31082e+06 2.40309e+06 1.99989e+06 1.31542e+06 2.15714e+06
pelacesobs
 0 0 0 0 0 0 0 0 0 0 0 0 0 0 0 552880 188675 0 991730 2.46772e+06 1.41603e+06 1.21717e+06 2.29649e+06 1.80582e+06 0 1.4828e+06 1.56532e+06 1.57751e+06 1.42118e+06 867257 0
pelacespred
 2.39777e+06 1.54084e+06 796543 662435 714169 1.09288e+06 773035 786250 572991 397986 386775 393409 423360 369279 375287 669492 718517 1.60784e+06 1.4698e+06 1.0613e+06 1.73079e+06 1.58237e+06 1.302e+06 2.0561e+06 1.58459e+06 1.39547e+06 1.77369e+06 1.82882e+06 1.32912e+06 981803 1.4037e+06
mphobs
 0 0 0 0 0 0 0 0 0 0 0 498337 0 5186 125008 0 168611 109162 213762 579715 649985 157893 87575 83554 0 0 0 0 0 0 0
mphpred
 4.56345e+06 3.07086e+06 1.57363e+06 859386 1.04511e+06 1.2027e+06 1.56499e+06 1.08652e+06 934821 655786 430028 554261 586121 510400 374491 461569 1.21121e+06 1.20996e+06 2.19427e+06 1.71275e+06 1.88701e+06 2.30063e+06 2.18522e+06 1.84509e+06 2.54531e+06 2.10785e+06 1.75151e+06 1.83022e+06 2.48754e+06 1.7306e+06 1.00465e+06
desembarqueobs
 494567 514787 250237 358949 120608 361735 552515 73892 212993 205616 52469 317467 293654 387597 252695 516296 358380 742168 942051 627588 828172 859565 418607 520667 417249 300574 407403 355545 319650 289779 219260
desembarquepred
 494573 513090 251164 358967 120611 361749 552575 73895 213034 205657 52471.1 317538 293713 387667 252704 516296 358410 742113 941969 627526 828258 859630 418626 520693 417257 300582 407412 355541 319652 289793 219261
Reclutas
 240251 139863 137048 284834 227849 356328 151175 72760.2 63125.9 79298.2 139808 177284 149976 106692 109543 521594 129657 797374 484114 380360 548598 739555 165181 476655 401110 184051 397137 439134 135886 107317 519955
log_desv_Rt
 0.0671206 -0.473902 -0.494236 0.237341 0.0141166 0.461288 -0.396127 -1.1274 -1.26943 -1.04135 -0.474294 -0.236811 -0.404091 -0.744618 -0.718251 0.842325 -0.549673 1.26676 0.767756 0.526554 0.892801 1.19148 -0.30752 0.752228 0.579672 -0.199354 0.569718 0.67024 -0.502751 -0.738774 0.839178
SSB
 4.56345e+06 3.07086e+06 1.57363e+06 859386 1.04511e+06 1.2027e+06 1.56499e+06 1.08652e+06 934821 655786 430028 554261 586121 510400 374491 461569 1.21121e+06 1.20996e+06 2.19427e+06 1.71275e+06 1.88701e+06 2.30063e+06 2.18522e+06 1.84509e+06 2.54531e+06 2.10785e+06 1.75151e+06 1.83022e+06 2.48754e+06 1.7306e+06 1.00465e+06
BT
 6.01216e+06 4.10685e+06 2.11418e+06 1.92811e+06 1.81019e+06 3.01201e+06 2.32068e+06 1.96123e+06 1.58437e+06 1.157e+06 999350 1.23418e+06 1.30639e+06 1.31856e+06 1.19623e+06 2.13288e+06 1.99786e+06 4.73568e+06 4.48969e+06 3.12053e+06 4.97216e+06 4.65714e+06 3.46662e+06 5.64008e+06 4.17079e+06 3.61837e+06 4.8362e+06 4.90615e+06 3.3763e+06 2.60472e+06 3.74044e+06
Ftot
 0.0930212 0.166959 0.161134 0.22298 0.0715673 0.143484 0.302564 0.0464882 0.184341 0.243576 0.066267 0.319946 0.298661 0.476449 0.316415 0.297832 0.19437 0.201618 0.292734 0.254774 0.193415 0.246136 0.144105 0.122693 0.125789 0.101447 0.12204 0.103116 0.10508 0.145948 0.0721942
BD_Bspro_t
 0.985227 0.889028 0.76757 0.695722 0.705935 0.767851 0.759978 0.642849 0.688773 0.65545 0.623894 0.756315 0.649987 0.570437 0.47837 0.53009 0.65106 0.638748 0.708954 0.625158 0.603638 0.646985 0.661255 0.659996 0.75289 0.760725 0.768757 0.797436 0.832716 0.77869 0.740128
BD_Bspro
 2.85271 1.91966 0.983709 0.53722 0.65332 0.751836 0.978307 0.679207 0.584377 0.409946 0.26882 0.34648 0.366397 0.319062 0.234102 0.288537 0.757155 0.756371 1.37168 1.07068 1.17961 1.43817 1.36603 1.15341 1.59113 1.31766 1.09491 1.14411 1.55501 1.08184 0.628028
BD_Bo
 2.00521 1.34936 0.691465 0.377621 0.459229 0.528478 0.687667 0.477425 0.410768 0.288157 0.188958 0.243546 0.257546 0.224274 0.164554 0.202817 0.532217 0.531665 0.964177 0.752597 0.829168 1.01091 0.960203 0.810748 1.11843 0.926207 0.769629 0.804214 1.09304 0.760441 0.441451
BD_Brms
 13.8072 9.29124 4.7612 2.60017 3.1621 3.63892 4.73505 3.28739 2.82841 1.98416 1.3011 1.67698 1.77338 1.54427 1.13307 1.39653 3.66467 3.66087 6.63901 5.18214 5.70938 6.96082 6.61164 5.58255 7.70115 6.37756 5.29941 5.53755 7.52633 5.23614 3.03969
Sel_flota
 0.879694 1 1 1 1
 0.879694 1 1 1 1
 0.879694 1 1 1 1
 0.879694 1 1 1 1
 0.879694 1 1 1 1
 0.879694 1 1 1 1
 0.879694 1 1 1 1
 0.879694 1 1 1 1
 0.879694 1 1 1 1
 0.879694 1 1 1 1
 0.879694 1 1 1 1
 0.879694 1 1 1 1
 0.879694 1 1 1 1
 0.879694 1 1 1 1
 0.879694 1 1 1 1
 0.879694 1 1 1 1
 0.879694 1 1 1 1
 0.879694 1 1 1 1
 0.879694 1 1 1 1
 0.879694 1 1 1 1
 0.879694 1 1 1 1
 0.879694 1 1 1 1
 0.879694 1 1 1 1
 0.879694 1 1 1 1
 0.879694 1 1 1 1
 0.879694 1 1 1 1
 0.879694 1 1 1 1
 0.879694 1 1 1 1
 0.879694 1 1 1 1
 0.879694 1 1 1 1
 0.879694 1 1 1 1
Sel_reclas
 1 1 1 1 1
 1 1 1 1 1
 1 1 1 1 1
 1 1 1 1 1
 1 1 1 1 1
 1 1 1 1 1
 1 1 1 1 1
 1 1 1 1 1
 1 1 1 1 1
 1 1 1 1 1
 1 1 1 1 1
 1 1 1 1 1
 1 1 1 1 1
 1 1 1 1 1
 1 1 1 1 1
 1 1 1 1 1
 1 1 1 1 1
 1 1 1 1 1
 1 1 1 1 1
 1 1 1 1 1
 1 1 1 1 1
 1 1 1 1 1
 1 1 1 1 1
 1 1 1 1 1
 1 1 1 1 1
 1 1 1 1 1
 1 1 1 1 1
 1 1 1 1 1
 1 1 1 1 1
 1 1 1 1 1
 1 1 1 1 1
Sel_pelaces
 0.867134 1 1 1 1
 0.867134 1 1 1 1
 0.867134 1 1 1 1
 0.867134 1 1 1 1
 0.867134 1 1 1 1
 0.867134 1 1 1 1
 0.867134 1 1 1 1
 0.867134 1 1 1 1
 0.867134 1 1 1 1
 0.867134 1 1 1 1
 0.867134 1 1 1 1
 0.867134 1 1 1 1
 0.867134 1 1 1 1
 0.867134 1 1 1 1
 0.867134 1 1 1 1
 0.867134 1 1 1 1
 0.867134 1 1 1 1
 0.867134 1 1 1 1
 0.867134 1 1 1 1
 0.867134 1 1 1 1
 0.867134 1 1 1 1
 0.867134 1 1 1 1
 0.867134 1 1 1 1
 0.867134 1 1 1 1
 0.867134 1 1 1 1
 0.867134 1 1 1 1
 0.867134 1 1 1 1
 0.867134 1 1 1 1
 0.867134 1 1 1 1
 0.867134 1 1 1 1
 0.867134 1 1 1 1
pf_obs 
 0.8446 0.082 0.0669 0.0065 0
 0.8095 0.147 0.0364 0.0071 0
 0.9664 0.0169 0.016 0.0007 0
 0.9276 0.0648 0.0075 0.0001 0
 0.7033 0.2144 0.0806 0.0017 0
 0.9318 0.0425 0.0243 0.0014 0
 0.5671 0.3108 0.0964 0.0239 0.0018
 0.0768 0.2599 0.5324 0.112 0.0189
 0.490249 0.384438 0.106611 0.0170017 0.00170017
 0.7925 0.1577 0.0466 0.003 0.0002
 0.840416 0.127587 0.0312969 0.00059994 9.999e-05
 0.8084 0.0986 0.0794 0.0134 0.0002
 0.7335 0.1905 0.0724 0.0035 0.0001
 0.4001 0.4547 0.1325 0.0127 0
 0.49795 0.308269 0.164784 0.0264974 0.00249975
 0.9179 0.0499 0.0305 0.0017 0
 0.2467 0.6533 0.0926 0.0074 0
 0.9418 0.0223 0.034 0.0019 0
 0.707729 0.231977 0.0356964 0.0245975 0
 0.517169 0.277429 0.184464 0.0207286 0.00020938
 0.811772 0.124168 0.05621 0.00726502 0.000585176
 0.764997 0.148141 0.077277 0.00933861 0.000247198
 0.163321 0.427699 0.378323 0.0303852 0.000271297
 0.753843 0.0900009 0.118128 0.0371064 0.000921714
 0.721811 0.176058 0.0630433 0.0369309 0.00215725
 0.143369 0.312575 0.442814 0.0836902 0.0175525
 0.692698 0.0596174 0.167031 0.0765114 0.00414204
 0.394062 0.376323 0.152708 0.0712218 0.00568511
 0.125707 0.32114 0.495352 0.0537591 0.00404204
 0.23352 0.215282 0.420074 0.123614 0.00750983
 0 0 0 0 0
pf_pred 
 0.432569 0.107804 0.436568 0.0230589 7.42503e-07
 0.415079 0.272515 0.0593528 0.240357 0.0126957
 0.551443 0.201605 0.115055 0.0250587 0.106838
 0.772233 0.133402 0.0424125 0.0242048 0.0277478
 0.650424 0.278473 0.0416445 0.01324 0.0162182
 0.731733 0.182443 0.0683674 0.0102241 0.00723224
 0.469534 0.402103 0.0872971 0.0327132 0.00835267
 0.432874 0.287555 0.21192 0.0460081 0.0216429
 0.503689 0.230976 0.134535 0.0991485 0.0316511
 0.658288 0.184168 0.0733187 0.0427055 0.0415197
 0.783433 0.149492 0.0361506 0.0143918 0.0165326
 0.724327 0.221952 0.037083 0.0089675 0.0076711
 0.671998 0.247158 0.0650894 0.0108749 0.00487942
 0.614253 0.271622 0.0859963 0.0226472 0.00548157
 0.711966 0.187858 0.0705388 0.0223328 0.0073049
 0.918824 0.0602292 0.0136617 0.00512983 0.00215536
 0.420179 0.53884 0.0304067 0.0068971 0.00367792
 0.889129 0.0504623 0.0561395 0.00316795 0.00110177
 0.613365 0.348911 0.0171697 0.0191013 0.00145276
 0.614611 0.24979 0.122369 0.00602169 0.00720865
 0.738618 0.169558 0.0595152 0.0291558 0.00315228
 0.74739 0.193272 0.0384923 0.0135109 0.00733443
 0.340771 0.510204 0.114019 0.0227083 0.0122975
 0.74591 0.0946545 0.123393 0.0275757 0.0084662
 0.634896 0.281486 0.0311497 0.0406073 0.011861
 0.450681 0.365878 0.141428 0.0156507 0.0263619
 0.733261 0.1292 0.091609 0.0354109 0.0105191
 0.69195 0.23386 0.0359355 0.02548 0.0127749
 0.369654 0.453885 0.133962 0.020585 0.0219136
 0.455996 0.218569 0.234332 0.0691621 0.0219412
 0.866398 0.065536 0.0273475 0.0293199 0.0113989
pobs_RECLAS
 0 0 0 0 0
 0 0 0 0 0
 0 0 0 0 0
 0 0 0 0 0
 0 0 0 0 0
 0 0 0 0 0
 0 0 0 0 0
 0 0 0 0 0
 0 0 0 0 0
 0 0 0 0 0
 0.991045 0.00858322 0.000360255 1.14367e-05 0
 0.934742 0.0480273 0.0164251 0.00080598 0
 0.827803 0.169806 0.00239088 0 0
 0.941827 0.0461693 0.0120037 0 0
 0.791401 0.0380133 0.147996 0.0225897 0
 0.846168 0.0940531 0.0597789 0 0
 0.134021 0.677848 0.182769 0.00536245 0
 0.80878 0.0450904 0.141981 0.00414843 0
 0.846168 0.0940531 0.0597789 0 0
 0.905697 0.0802665 0.012482 0.00150086 5.37128e-05
 0.989698 0.0102097 9.19794e-05 0 0
 0.975433 0.0193895 0.00387452 0.00125025 5.28907e-05
 0.303575 0.632131 0.0575291 0.00676475 0
 0.966965 0.00978017 0.0227588 0.000495775 0
 0.843318 0.132988 0.00938335 0.0141283 0.000182051
 0.564624 0.303363 0.111486 0.0197234 0.00080311
 0.826376 0.0876187 0.0782897 0.00655872 0.00115652
 0.89761 0.0855135 0.0140674 0.00269457 0.000114338
 0.34875 0.467042 0.161289 0.0227151 0.000203297
 0.318654 0.224769 0.449479 0.00709798 0
 0.937255 0.0296025 0.0250945 0.00804832 0
ppred_RECLAS
 0.464509 0.101736 0.411993 0.0217609 7.00708e-07
 0.446967 0.257658 0.0561171 0.227254 0.0120036
 0.583341 0.187268 0.106874 0.0232767 0.0992409
 0.794421 0.120407 0.0382809 0.0218468 0.0250448
 0.679143 0.255596 0.0382233 0.0121523 0.0148858
 0.756432 0.165646 0.0620731 0.00928278 0.00656639
 0.50249 0.377122 0.0818737 0.0306808 0.00783376
 0.46469 0.271423 0.200031 0.043427 0.0204287
 0.536201 0.215845 0.125722 0.0926536 0.0295777
 0.68714 0.168618 0.0671281 0.0390997 0.038014
 0.8045 0.13495 0.032634 0.0129918 0.0149244
 0.749935 0.201334 0.0336382 0.00813448 0.0069585
 0.700389 0.225765 0.0594554 0.00993364 0.00445707
 0.645677 0.249494 0.0789908 0.0208023 0.00503503
 0.738297 0.170685 0.0640903 0.0202912 0.00663711
 0.928134 0.0533213 0.0120948 0.00454147 0.00190815
 0.452244 0.50904 0.0287251 0.00651567 0.00347452
 0.901358 0.0448963 0.0499473 0.00281852 0.000980243
 0.644123 0.321154 0.0158038 0.0175817 0.00133719
 0.6452 0.229963 0.112656 0.00554374 0.00663649
 0.763004 0.153739 0.0539627 0.0264357 0.00285819
 0.771339 0.174949 0.0348431 0.01223 0.00663909
 0.3705 0.487195 0.108878 0.0216842 0.011743
 0.769669 0.0858038 0.111855 0.0249973 0.00767456
 0.664373 0.25876 0.0286348 0.0373289 0.0109034
 0.482845 0.344455 0.133147 0.0147343 0.0248183
 0.757817 0.117306 0.0831754 0.032151 0.00955075
 0.718805 0.213472 0.0328027 0.0232586 0.0116612
 0.400259 0.431847 0.127458 0.0195855 0.0208496
 0.488337 0.205575 0.220401 0.0650505 0.0206368
 0.880631 0.0585543 0.0244341 0.0261963 0.0101846
pobs_PELACES
 0 0 0 0 0
 0 0 0 0 0
 0 0 0 0 0
 0 0 0 0 0
 0 0 0 0 0
 0 0 0 0 0
 0 0 0 0 0
 0 0 0 0 0
 0 0 0 0 0
 0 0 0 0 0
 0 0 0 0 0
 0 0 0 0 0
 0 0 0 0 0
 0 0 0 0 0
 0 0 0 0 0
 0 0 0 0 0
 0.505614 0.472636 0.0217494 0 0
 0 0 0 0 0
 0.443492 0.261883 0.143347 0.151278 0
 0.227955 0.32914 0.350689 0.0885471 0.00366901
 0.970185 0.0296113 0.000203453 0 0
 0.997202 0.00247181 0.000326279 0 0
 0.445219 0.490057 0.0546422 0.010081 0
 0.90214 0.0892962 0.00764917 0.000914606 0
 0 0 0 0 0
 0.581667 0.319106 0.0959925 0.00289975 0.000334073
 0.762889 0.0836404 0.116647 0.0363945 0.000428098
 0.88444 0.0763242 0.0277011 0.0115352 0
 0.521256 0.241999 0.230069 0.00667565 0
 0.616807 0.101726 0.260614 0.0208532 0
 0 0 0 0 0
ppred_PELACES
 0.430191 0.108256 0.438397 0.0231555 7.45614e-07
 0.413658 0.273178 0.0594971 0.240941 0.0127266
 0.549918 0.20229 0.115447 0.0251439 0.107202
 0.771724 0.1337 0.0425072 0.0242588 0.0278098
 0.647967 0.28043 0.0419372 0.0133331 0.0163322
 0.73034 0.18339 0.0687225 0.0102772 0.0072698
 0.469889 0.401834 0.0872387 0.0326913 0.00834709
 0.429916 0.289055 0.213025 0.046248 0.0217557
 0.502454 0.231551 0.13487 0.0993953 0.0317299
 0.657887 0.184385 0.0734047 0.0427556 0.0415684
 0.781551 0.150791 0.0364647 0.0145168 0.0166763
 0.724802 0.221569 0.0370191 0.00895205 0.00765789
 0.672264 0.246958 0.0650364 0.0108661 0.00487546
 0.616908 0.269752 0.0854044 0.0224913 0.00544385
 0.712413 0.187566 0.0704291 0.0222981 0.00729354
 0.918911 0.0601648 0.0136471 0.00512434 0.00215305
 0.419104 0.539838 0.030463 0.00690988 0.00368474
 0.888731 0.0506433 0.0563408 0.00317931 0.00110572
 0.613575 0.348722 0.0171603 0.0190909 0.00145197
 0.614332 0.24997 0.122458 0.00602605 0.00721387
 0.737756 0.170118 0.0597116 0.029252 0.00316268
 0.74708 0.19351 0.0385397 0.0135275 0.00734345
 0.339188 0.511429 0.114293 0.0227628 0.0123271
 0.74436 0.0952322 0.124146 0.027744 0.00851787
 0.633039 0.282918 0.0313082 0.0408139 0.0119213
 0.448389 0.367405 0.142018 0.015716 0.0264719
 0.731654 0.129979 0.0921608 0.0356242 0.0105825
 0.68999 0.235347 0.0361641 0.025642 0.0128562
 0.367542 0.455406 0.134411 0.0206539 0.021987
 0.454271 0.219262 0.235075 0.0693815 0.0220108
 0.865148 0.0661492 0.0276034 0.0295942 0.0115056
pobs_pel_tallas
 0 0 0 0 0 0 0 0 0 0 0 0 0 0 0 0 0 0 0 0 0 0 0 0 0 0
 0 0 0 0 0 0 0 0 0 0 0 0 0 0 0 0 0 0 0 0 0 0 0 0 0 0
 0 0 0 0 0 0 0 0 0 0 0 0 0 0 0 0 0 0 0 0 0 0 0 0 0 0
 0 0 0 0 0 0 0 0 0 0 0 0 0 0 0 0 0 0 0 0 0 0 0 0 0 0
 0 0 0 0 0 0 0 0 0 0 0 0 0 0 0 0 0 0 0 0 0 0 0 0 0 0
 0 0 0 0 0 0 0 0 0 0 0 0 0 0 0 0 0 0 0 0 0 0 0 0 0 0
 0 0 0 0 0 0 0 0 0 0 0 0 0 0 0 0 0 0 0 0 0 0 0 0 0 0
 0 0 0 0 0 0 0 0 0 0 0 0 0 0 0 0 0 0 0 0 0 0 0 0 0 0
 0 0 0 0 0 0 0 0 0 0 0 0 0 0 0 0 0 0 0 0 0 0 0 0 0 0
 0 0 0 0 0 0 0 0 0 0 0 0 0 0 0 0 0 0 0 0 0 0 0 0 0 0
 0 0 0 0 0 0 0 0 0 0 0 0 0 0 0 0 0 0 0 0 0 0 0 0 0 0
 0 0 0 0 0 0 0 0 0 0 0 0 0 0 0 0 0 0 0 0 0 0 0 0 0 0
 0.00862536 0 0 0.000197151 0.00414017 0.0128641 0.00837892 0.0270097 0.101434 0.158115 0.152841 0.127902 0.109271 0.109419 0.0830992 0.0579132 0.0238553 0.00714673 0.00463305 0.00128148 0.00103504 0.000492878 0.000147863 0.000147863 4.92878e-05 0
 0 0 0 0 0 0 0 0 0 0 0 0 0 0 0 0 0 0 0 0 0 0 0 0 0 0
 0 0 0 0 0 0 0 0.0054083 0.00873648 0.0413646 0.0450493 0.0745869 0.0622846 0.0627006 0.0613931 0.0827291 0.12552 0.122667 0.0946155 0.0697135 0.0546179 0.0294188 0.0215738 0.0213955 0.0102223 0.00600262
 0 0 0 0 0.00359764 0.0251062 0.0480494 0.140153 0.205849 0.193036 0.1447 0.116669 0.0760912 0.0342217 0.00950174 0.001854 0.000860785 0 0 0 0.000165536 0 0.000143464 0 0 0
 0 0 0 0 0 0 0 0.000145254 0.000435761 0.0275982 0.070085 0.0708112 0.156366 0.174668 0.174014 0.160142 0.0824315 0.0480064 0.0283245 0.00493863 0.00203355 0 0 0 0 0
 0 0 0 0 0 0 0 0 0 0 0 0 0 0 0 0 0 0 0 0 0 0 0 0 0 0
 0 0 1.00437e-05 0.000401748 0.00122533 0.00171747 0.00176769 0.0269171 0.070346 0.194647 0.189555 0.159765 0.064822 0.0314167 0.0384472 0.0292271 0.0345202 0.0313363 0.0194345 0.0106764 0.0143323 0.0359363 0.0279516 0.0138201 0.00172751 0
 0 0.0021121 0.0136068 0.0755702 0.200478 0.177729 0.0527432 0.0373336 0.0318909 0.0142505 0.0149659 0.0166563 0.0217959 0.0798694 0.0677717 0.0528807 0.04013 0.0224614 0.0357745 0.0225083 0.00881397 0.00855152 0.00135912 0.000746735 0 0
 0 0 0 0 5.4009e-05 0.00500934 0.000945158 0.0243581 0.138947 0.33067 0.221406 0.137944 0.0707744 0.0437923 0.0131692 0.00525238 0.0047753 0.00276346 9.45158e-05 9.00151e-06 2.25038e-05 9.00151e-06 4.50075e-06 0 0 0
 0.000866109 0.00284123 0.00948549 0.0512746 0.133035 0.25785 0.225252 0.132002 0.0553304 0.0519788 0.0540692 0.017754 0.00435017 0.00159236 0.00146478 0.000404838 0.000125132 0.000115318 0.000107957 0.000100596 0 0 0 0 0 0
 0 0 0 0 0.00144013 0.00171154 0.00461396 0.0210425 0.0478622 0.0707936 0.0888783 0.103762 0.0637923 0.0337046 0.0602308 0.124433 0.169614 0.0934646 0.0462172 0.0250306 0.0313229 0.00938855 0.002487 0.000210481 0 0
 0 0.00764035 0.051015 0.0998891 0.058973 0.0496711 0.0374665 0.0718981 0.12319 0.153886 0.159021 0.0857701 0.0377988 0.023471 0.0147837 0.00900784 0.00315554 0.000888139 0.00291439 0.00214683 0.00393193 0.00274676 0.000635225 9.99891e-05 0 0
 0 0 0 0 0 0 0 0 0 0 0 0 0 0 0 0 0 0 0 0 0 0 0 0 0 0
 0 0 0 0 0 0 0 0 0 0 0 0 0 0 0 0 0 0 0 0 0 0 0 0 0 0
 0 0 0 0 0 0 0 0 0 0 0 0 0 0 0 0 0 0 0 0 0 0 0 0 0 0
 0 0 0 0 0 0 0 0 0 0 0 0 0 0 0 0 0 0 0 0 0 0 0 0 0 0
 0 0 0 0 0 0 0 0 0 0 0 0 0 0 0 0 0 0 0 0 0 0 0 0 0 0
 0 0 0 0 0 0 0 0 0 0 0 0 0 0 0 0 0 0 0 0 0 0 0 0 0 0
 0 0 0 0 0 0 0 0 0 0 0 0 0 0 0 0 0 0 0 0 0 0 0 0 0 0
ppred_pel_tallas
 1.15002e-16 3.54343e-05 0.000344434 0.00228888 0.0104049 0.0323737 0.068976 0.100675 0.100686 0.0690305 0.0325586 0.0109475 0.0036825 0.00349116 0.00631697 0.0111814 0.0179481 0.026399 0.0361878 0.046921 0.0579807 0.0681545 0.0755339 0.0780602 0.0745194 0.0653028
 1.28104e-16 3.40725e-05 0.000331197 0.00220092 0.0100051 0.0311297 0.066326 0.0968103 0.0968367 0.0664553 0.0315641 0.0112618 0.00536241 0.00725713 0.0132637 0.0220868 0.0323529 0.0419202 0.0487424 0.0521652 0.0534207 0.054751 0.0577825 0.0623932 0.0668175 0.068729
 1.24047e-16 4.5296e-05 0.000440294 0.00292591 0.0133008 0.0413837 0.0881731 0.128695 0.128715 0.0882692 0.041707 0.0142367 0.00528351 0.00561493 0.00995676 0.016614 0.0244725 0.0319599 0.0375433 0.0406415 0.0419912 0.0430629 0.044977 0.0477704 0.050471 0.0517489
 1.084e-16 6.35659e-05 0.000617884 0.00410605 0.0186655 0.0580755 0.123736 0.1806 0.180613 0.1238 0.0582879 0.0192798 0.0056506 0.00399833 0.00650989 0.0107325 0.0156273 0.0200316 0.0228228 0.0235324 0.0226321 0.0211851 0.0201375 0.0198013 0.0198438 0.0196503
 1.05383e-16 5.33722e-05 0.000518797 0.00344759 0.0156723 0.0487624 0.103894 0.151643 0.15167 0.104027 0.049206 0.0169537 0.00666461 0.00754314 0.0133988 0.0220801 0.0318367 0.0401152 0.0443556 0.0433973 0.0381743 0.0310749 0.0244924 0.0196938 0.0166598 0.0146661
 1.04292e-16 6.01572e-05 0.000584749 0.00388587 0.0176646 0.0549612 0.117101 0.170916 0.170934 0.117188 0.0552526 0.0185072 0.00600434 0.00522041 0.00889649 0.0146971 0.0213636 0.0272789 0.0308254 0.0312423 0.0290377 0.0255593 0.0220959 0.0192366 0.0168703 0.0146152
 1.07312e-16 3.87042e-05 0.000376219 0.00250011 0.0113652 0.0353614 0.0753427 0.109973 0.110012 0.0755322 0.035998 0.0132045 0.00711995 0.0104705 0.0192369 0.0318136 0.0459966 0.0582084 0.0648229 0.0641735 0.0575199 0.0481207 0.0391922 0.0323626 0.0275279 0.0237307
 1.14542e-16 3.54117e-05 0.000344214 0.00228743 0.0103983 0.0323532 0.068933 0.100616 0.100644 0.0690706 0.0328162 0.0117393 0.00566716 0.00776801 0.0142694 0.0238877 0.0352372 0.0460563 0.0540257 0.0580413 0.0587326 0.057718 0.0562608 0.05448 0.0516318 0.046987
 1.19289e-16 4.13865e-05 0.000402291 0.00267337 0.0121528 0.0378119 0.080563 0.117589 0.117611 0.0806731 0.0381822 0.0132249 0.00537458 0.00633283 0.0114055 0.0190601 0.0281006 0.036738 0.0432009 0.0467667 0.0481616 0.0488926 0.0500478 0.051544 0.052317 0.0511329
 1.13488e-16 5.41893e-05 0.000526739 0.00350037 0.0159122 0.0495088 0.105484 0.153961 0.153979 0.105572 0.0498023 0.0167613 0.00563674 0.00520697 0.00899242 0.0149141 0.0218023 0.0281232 0.0323747 0.033939 0.033455 0.0323213 0.0317211 0.0319371 0.0323807 0.0321331
 1.05369e-16 6.43753e-05 0.000625751 0.00415834 0.0189032 0.058815 0.125312 0.1829 0.182914 0.125383 0.059054 0.0195941 0.00589424 0.00442047 0.00728696 0.0119872 0.0173641 0.0220593 0.0247415 0.0248209 0.0227988 0.0199045 0.0173139 0.0155622 0.0144959 0.0136262
 1.03319e-16 5.9701e-05 0.000580315 0.0038564 0.0175306 0.0545444 0.116213 0.169621 0.169643 0.116318 0.054895 0.0185434 0.00639913 0.0061329 0.0106104 0.0174609 0.0251815 0.0317399 0.0351066 0.0343493 0.0301815 0.0244605 0.0190562 0.0149718 0.0122276 0.0103161
 1.03855e-16 5.53736e-05 0.000538251 0.00357687 0.0162599 0.0505908 0.10779 0.157328 0.157351 0.107907 0.0509823 0.0173914 0.00641931 0.00675098 0.0118769 0.0196059 0.0283743 0.0359663 0.0401506 0.0398837 0.0358971 0.0301349 0.0245219 0.0200439 0.0166777 0.0139259
 1.05711e-16 5.0814e-05 0.00049393 0.00328234 0.0149211 0.0464251 0.0989145 0.144374 0.1444 0.099042 0.0468533 0.0161589 0.00639325 0.00729781 0.0130101 0.0215263 0.0312353 0.0397647 0.0447189 0.0449819 0.0413366 0.0358353 0.0304586 0.0261401 0.0227361 0.0196491
 1.05551e-16 5.86806e-05 0.000570396 0.00379048 0.017231 0.0536121 0.114227 0.166721 0.16674 0.114316 0.0539103 0.0180932 0.00595833 0.00531508 0.0091059 0.0150564 0.0219084 0.0280262 0.0317771 0.032408 0.0304568 0.027302 0.0242306 0.0217797 0.0197475 0.0176579
 1.01288e-16 7.56895e-05 0.000735729 0.00488918 0.0222255 0.0691518 0.147335 0.215041 0.215047 0.147364 0.0692471 0.022501 0.00558116 0.00224792 0.00295233 0.0047735 0.00689883 0.00873912 0.00975003 0.00968439 0.00873206 0.00737965 0.00610425 0.00514219 0.00446875 0.00393199
 1.02334e-16 3.45212e-05 0.000335558 0.0022299 0.0101369 0.0315398 0.0672008 0.0980924 0.0981443 0.0674546 0.0323919 0.012597 0.00840161 0.0137963 0.0255632 0.0421128 0.0604418 0.0755446 0.0823418 0.0784929 0.0658146 0.0491044 0.0333509 0.0214755 0.0138944 0.00950766
 1.02145e-16 7.32036e-05 0.000711565 0.0047286 0.0214955 0.0668806 0.142496 0.207979 0.207984 0.142521 0.0669623 0.0217324 0.00532691 0.00202979 0.00261217 0.00429467 0.00639328 0.00848324 0.0101683 0.0112397 0.0117482 0.0118763 0.0117325 0.0112621 0.0103392 0.00893005
 1.02745e-16 5.05394e-05 0.000491261 0.00326461 0.0148404 0.0461743 0.0983805 0.143596 0.14363 0.0985445 0.0467248 0.0164298 0.00725178 0.00918799 0.0165459 0.0272189 0.0390784 0.0488823 0.0533697 0.0510572 0.0431458 0.0327468 0.0230617 0.0159149 0.0114774 0.00893448
 1.05423e-16 5.06018e-05 0.000491867 0.00326863 0.0148587 0.0462312 0.0985013 0.143771 0.143795 0.0986197 0.0466293 0.0160103 0.00616558 0.00683718 0.0121636 0.02019 0.0294535 0.0378138 0.0430904 0.0442258 0.0418249 0.0375745 0.0330619 0.0289739 0.0251612 0.0212367
 1.05236e-16 6.0768e-05 0.000590687 0.00392532 0.017844 0.0555192 0.11829 0.172651 0.172668 0.118371 0.0557896 0.0186256 0.00589067 0.00489173 0.00826085 0.0136444 0.019848 0.0253827 0.0287722 0.0293442 0.0276028 0.0248134 0.0221478 0.0200785 0.0183875 0.0165996
 1.03762e-16 6.1536e-05 0.000598152 0.00397493 0.0180695 0.0562209 0.119785 0.174834 0.174853 0.119877 0.0565274 0.0189549 0.00619843 0.00545563 0.00929743 0.0153015 0.0221044 0.0279433 0.0310658 0.0306717 0.0273805 0.0227849 0.0184621 0.0152185 0.0130083 0.0113515
 1.07798e-16 2.79386e-05 0.000271573 0.0018047 0.00820394 0.0255258 0.0543872 0.07939 0.0794394 0.0546284 0.0263359 0.0105449 0.00768404 0.0131173 0.0244567 0.0404727 0.0584989 0.0739818 0.0822802 0.0812374 0.0724222 0.0599674 0.0479931 0.0386512 0.0319316 0.0267458
 1.07831e-16 6.13119e-05 0.000595974 0.00396046 0.0180037 0.0560161 0.119349 0.174195 0.174204 0.119394 0.0561705 0.0184519 0.00509441 0.0031007 0.00490441 0.0082368 0.0123888 0.0166911 0.0204812 0.0234288 0.0256382 0.0273746 0.028666 0.029163 0.0283755 0.0260546
 1.07087e-16 5.21426e-05 0.000506845 0.00336816 0.0153112 0.047639 0.101501 0.148149 0.148176 0.101634 0.0480863 0.0166034 0.0066121 0.00758927 0.0135063 0.0222575 0.0320913 0.0404445 0.0447617 0.0439185 0.0389169 0.0322149 0.0262301 0.0221682 0.0198619 0.0183992
 1.10249e-16 3.69333e-05 0.000359005 0.00238572 0.0108451 0.0337434 0.0718953 0.104941 0.104976 0.0720691 0.0343275 0.0125338 0.00663161 0.00965118 0.0177531 0.0294708 0.0428713 0.054796 0.062026 0.0630549 0.0589118 0.0522965 0.0457744 0.0404905 0.0361707 0.0319882
 1.08057e-16 6.02654e-05 0.000585801 0.00389285 0.0176964 0.05506 0.117312 0.171222 0.171235 0.117374 0.0552682 0.0182994 0.00541274 0.00392468 0.00646339 0.0107534 0.0158714 0.0207787 0.0244533 0.0264315 0.0270313 0.0270012 0.0268952 0.0267038 0.0259852 0.0242887
 1.05852e-16 5.68336e-05 0.000552443 0.00367118 0.0166887 0.0519248 0.110632 0.161475 0.161498 0.110743 0.0522972 0.0177646 0.00637266 0.00645248 0.0112704 0.0185658 0.0267986 0.0338363 0.0375565 0.0370139 0.0330118 0.0275488 0.0225904 0.0191172 0.0170069 0.0155541
 1.09788e-16 3.02741e-05 0.000294275 0.00195556 0.00888973 0.0276595 0.0589331 0.0860238 0.0860678 0.0591482 0.028382 0.0109781 0.00720312 0.0117681 0.0218752 0.0362578 0.0525599 0.0667934 0.0748925 0.0749648 0.0683586 0.0586101 0.0491712 0.0417314 0.0361215 0.0313301
 1.17523e-16 3.74177e-05 0.000363714 0.00241701 0.0109874 0.0341859 0.0728375 0.106313 0.106334 0.0729426 0.0345398 0.0120139 0.00501036 0.00608072 0.0110592 0.0186555 0.0278857 0.0372096 0.0450483 0.0506547 0.0544034 0.0571651 0.0593249 0.0603376 0.0591513 0.0550414
 1.05729e-16 7.12611e-05 0.000692683 0.00460312 0.0209251 0.0651059 0.138715 0.20246 0.202467 0.138747 0.0652113 0.0212303 0.00537115 0.00237651 0.00329096 0.00538685 0.00789683 0.0102467 0.0119171 0.0127088 0.0128628 0.0128693 0.0131081 0.0136051 0.0140602 0.0140712
pSPR Fmed_Fpbrs
0.722973   0.195229 0.195229
Fs Fmed_Fpbrs
0.163916   1.005 1.005
SSBpbr Bo_Bmed_Bpbrs
2.27579e+06  1.53155e+06  330511 330511
Ro
224655
SPR SPRFo_SPRFmed_SPRFpbrs
1.59969e+06 1.15653e+06 312306
Fref
1.005
log_Ro
12.1423
likeval ReclasPelacesDesembMPH_pf_preclas_ppelaces_ptallas_desvR_qrecl_qpela
 17.8208 17.7804 0.124302 0.00333935 229.651 122.823 82.5413 0 21.3801 7.42257e-06 0 0.63136 0 0 0
q_reclas_q_pelaces
0.679727 1
M
1
N
 240251 52914.7 214285 11318.2 0.364451
 139863 81439.1 17737.1 71828.9 3794.02
 137048 44424.4 25353 5521.78 23542.3
 284834 43753.8 13910.7 7938.79 9100.86
 227849 86120.9 12879 4094.63 5015.65
 356328 78706.4 29493.9 4410.7 3120.01
 151175 115542 25084.2 9399.91 2400.09
 72760.2 42617.9 31408.1 6818.75 3207.64
 63125.9 25694.4 14966.1 11029.5 3520.95
 79298.2 19746.3 7861.14 4578.83 4451.69
 139808 23545.7 5693.88 2266.77 2603.96
 177284 48520 8106.58 1960.35 1676.95
 149976 49219.9 12962.1 2165.67 971.704
 106692 42425.2 13432 3537.32 856.18
 109543 25811.4 9691.94 3068.5 1003.68
 521594 30507.3 6919.91 2598.36 1091.73
 129657 147656 8332.25 1889.99 1007.85
 797374 40201.5 44724.3 2523.79 877.739
 484114 245663 12088.9 13448.9 1022.87
 380360 137662 67439.2 3318.63 3972.79
 548598 111832 39253.1 19229.7 2079.08
 739555 170242 33905.6 11900.9 6460.47
 165181 219099 48963.9 9751.73 5280.99
 476655 53531.8 69785 15595.4 4788.06
 401110 157411 17419.4 22708.2 6632.84
 184051 132103 51063.6 5650.79 9518.14
 397137 61927.7 43909.6 16973 5041.99
 439134 131226 20164.6 14297.6 7168.42
 135886 147539 43545.6 6691.33 7123.19
 107317 45575.8 48862.7 14421.6 4575.16
 519955 34723 14489.6 15534.5 6039.5
pred_Ctot
 12012.6 2993.78 12123.7 640.356 0.0206197
 12222.2 8024.36 1747.68 7077.44 373.832
 11582.5 4234.49 2416.62 526.331 2244.03
 32586.4 5629.25 1789.71 1021.38 1170.89
 8833.47 3781.97 565.578 179.814 220.261
 26986.4 6728.5 2521.4 377.064 266.725
 22820.1 19542.8 4242.77 1589.91 405.953
 1849.15 1228.38 905.279 196.537 92.454
 6053.02 2775.73 1616.76 1191.51 380.363
 9838.17 2752.41 1095.75 638.238 620.516
 5028.48 959.52 232.033 92.3739 106.115
 28127.6 8619.01 1440.04 348.233 297.89
 22377.5 8230.37 2167.47 362.135 162.485
 23887.5 10563 3344.28 880.719 213.171
 17209.2 4540.79 1705.02 539.815 176.57
 77632.4 5088.83 1154.29 433.424 182.108
 13062.2 16751 945.261 214.412 114.337
 83111.8 4716.99 5247.67 296.126 102.988
 70947 40358 1985.99 2209.42 168.038
 49164.5 19981.4 9788.64 481.692 576.64
 55015.3 12629.4 4432.94 2171.65 234.795
 92633.7 23954.7 4770.85 1674.58 909.051
 12561.3 18806.8 4202.91 837.057 453.303
 31100 3946.52 5144.75 1149.74 352.989
 26801.5 11882.6 1314.95 1714.19 500.699
 10005.6 8122.92 3139.87 347.463 585.264
 25779.9 4542.41 3220.78 1244.97 369.831
 24251 8196.17 1259.45 893.005 447.727
 7641.67 9382.93 2769.33 425.543 453.008
 8259.89 3959.14 4244.68 1252.8 397.441
 20330.1 1537.81 641.712 687.993 267.477
F
 0.0818302 0.0930212 0.0930212 0.0930212 0.0930212
 0.146873 0.166959 0.166959 0.166959 0.166959
 0.141749 0.161134 0.161134 0.161134 0.161134
 0.196154 0.22298 0.22298 0.22298 0.22298
 0.0629573 0.0715673 0.0715673 0.0715673 0.0715673
 0.126222 0.143484 0.143484 0.143484 0.143484
 0.266164 0.302564 0.302564 0.302564 0.302564
 0.0408954 0.0464882 0.0464882 0.0464882 0.0464882
 0.162164 0.184341 0.184341 0.184341 0.184341
 0.214272 0.243576 0.243576 0.243576 0.243576
 0.0582947 0.066267 0.066267 0.066267 0.066267
 0.281455 0.319946 0.319946 0.319946 0.319946
 0.26273 0.298661 0.298661 0.298661 0.298661
 0.419129 0.476449 0.476449 0.476449 0.476449
 0.278348 0.316415 0.316415 0.316415 0.316415
 0.262001 0.297832 0.297832 0.297832 0.297832
 0.170986 0.19437 0.19437 0.19437 0.19437
 0.177362 0.201618 0.201618 0.201618 0.201618
 0.257516 0.292734 0.292734 0.292734 0.292734
 0.224123 0.254774 0.254774 0.254774 0.254774
 0.170146 0.193415 0.193415 0.193415 0.193415
 0.216524 0.246136 0.246136 0.246136 0.246136
 0.126768 0.144105 0.144105 0.144105 0.144105
 0.107932 0.122693 0.122693 0.122693 0.122693
 0.110656 0.125789 0.125789 0.125789 0.125789
 0.0892426 0.101447 0.101447 0.101447 0.101447
 0.107358 0.12204 0.12204 0.12204 0.12204
 0.0907109 0.103116 0.103116 0.103116 0.103116
 0.0924379 0.10508 0.10508 0.10508 0.10508
 0.12839 0.145948 0.145948 0.145948 0.145948
 0.0635088 0.0721942 0.0721942 0.0721942 0.0721942
nmprior
 8 9 7.5 0
nm_flota  nm_reclas  nm_pelaces    nm_pelaL
inf 12.0257 12.9106 21.5346
cv_recla  cv_pelaces  cv_mph
0.381847 0.496176 1.78335
 ------------------------------------------------
Talla a la edad & desviación 
 8 13.2811 15.8009 17.003 17.5766
 0.8 1.32811 1.58009 1.7003 1.75766
