years
 1991 1992 1993 1994 1995 1996 1997 1998 1999 2000 2001 2002 2003 2004 2005 2006 2007 2008 2009 2010 2011 2012 2013 2014 2015 2016 2017 2018 2019 2020 2021
reclasobs
 0 0 0 0 0 0 0 0 0 252601 567819 844713 477998 351125 339783 2.1784e+06 2.13404e+06 4.81314e+06 1.55562e+06 2.62356e+06 3.21686e+06 3.843e+06 1.13348e+06 3.07943e+06 1.97215e+06 2.03268e+06 2.025e+06 2.42433e+06 2.27542e+06 1.05018e+06 2.36338e+06
reclaspred
 2.99088e+06 1.64515e+06 822934 705178 635813 1.14771e+06 630532 528167 396847 296523 436089 601781 589970 441379 438823 1.35582e+06 1.24511e+06 2.94765e+06 2.4312e+06 1.81389e+06 3.22064e+06 2.60617e+06 1.98229e+06 3.0846e+06 2.27688e+06 1.97208e+06 2.42251e+06 2.67157e+06 2.13277e+06 1.24545e+06 1.64833e+06
pelacesobs
 0 0 0 0 0 0 0 0 0 0 0 0 0 0 0 552880 188675 0 991730 2.46772e+06 1.41603e+06 1.21717e+06 2.29649e+06 1.80582e+06 0 1.4828e+06 1.56532e+06 1.57751e+06 1.42118e+06 867257 0
pelacespred
 1.35142e+06 818776 404980 279720 271433 504101 234615 267186 181731 127694 203058 235923 256307 198261 204089 536139 495212 1.36501e+06 1.14986e+06 792584 1.38262e+06 1.20042e+06 915059 1.56737e+06 1.11041e+06 960431 1.34841e+06 1.46419e+06 963324 642025 793115
mphobs
 0 0 0 0 0 0 0 0 0 0 0 498337 0 5186 125008 0 168611 109162 213762 579715 649985 157893 87575 83554 0 0 0 0 0 0 0
mphpred
 2.58773e+06 1.70896e+06 829897 445810 393780 420516 614913 318135 283803 191532 132983 296687 328762 270183 170334 218365 890728 791310 1.66992e+06 1.25056e+06 1.34527e+06 1.67441e+06 1.58074e+06 1.2452e+06 1.7586e+06 1.42292e+06 1.14593e+06 1.27628e+06 1.85654e+06 1.20433e+06 604711
desembarqueobs
 494567 514787 250237 358949 120608 361735 552515 73892 212993 205616 52469 317467 293654 387597 252695 516296 358380 742168 942051 627588 828172 859565 418607 520667 417249 300574 407403 355545 319650 289779 219260
desembarquepred
 494566 514033 250448 358981 120612 361718 552444 73895.3 213021 205638 52470.9 317502 293674 387557 252662 516208 358390 742025 941727 627379 828187 859491 418593 520672 417229 300560 407383 355515 319628 289773 219262
Reclutas
 174876 100317 99415 121905 98649.3 216343 79399.5 32308.3 36813.5 53022.1 100921 137652 112076 78229.7 75008.4 458956 79854.3 690934 395727 309576 450764 597240 109092 360323 293307 128369 310311 354706 85458.8 61519.2 264376
log_desv_Rt
 0.143413 -0.412334 -0.421361 -0.217426 -0.429094 0.356199 -0.646173 -1.54534 -1.4148 -1.04996 -0.406326 -0.0959324 -0.301489 -0.661015 -0.703065 1.10829 -0.640462 1.51738 0.960059 0.714538 1.09028 1.37165 -0.328472 0.866336 0.660554 -0.165754 0.716909 0.850625 -0.57263 -0.901316 0.556707
SSB
 2.58773e+06 1.70896e+06 829897 445810 393780 420516 614913 318135 283803 191532 132983 296687 328762 270183 170334 218365 890728 791310 1.66992e+06 1.25056e+06 1.34527e+06 1.67441e+06 1.58074e+06 1.2452e+06 1.7586e+06 1.42292e+06 1.14593e+06 1.27628e+06 1.85654e+06 1.20433e+06 604711
BT
 3.53745e+06 2.3963e+06 1.1809e+06 947064 723738 1.47413e+06 1.03055e+06 682721 629389 490712 512873 807739 856836 859650 724238 1.65259e+06 1.42215e+06 3.80609e+06 3.55506e+06 2.39171e+06 3.85965e+06 3.57248e+06 2.4753e+06 4.10089e+06 2.94906e+06 2.48255e+06 3.52719e+06 3.73366e+06 2.48677e+06 1.76796e+06 2.02281e+06
Ftot
 0.164568 0.303829 0.300364 0.526683 0.199783 0.353864 0.830127 0.147559 0.561154 0.717606 0.14225 0.563535 0.526884 0.910777 0.64675 0.45754 0.288969 0.293502 0.405026 0.365192 0.279571 0.353813 0.211719 0.190859 0.191051 0.157171 0.189005 0.15149 0.146632 0.23103 0.154222
BD_Bspro_t
 0.974013 0.816073 0.632988 0.52954 0.474554 0.545808 0.553599 0.346821 0.398528 0.35362 0.334354 0.611092 0.500258 0.406633 0.293046 0.350395 0.574248 0.532647 0.646357 0.547784 0.520153 0.571347 0.586629 0.569012 0.679257 0.684523 0.688246 0.734588 0.788155 0.710095 0.635852
BD_Bspro
 2.39856 1.58403 0.769232 0.413221 0.364995 0.389776 0.569963 0.294879 0.263057 0.177531 0.123262 0.274999 0.30473 0.250433 0.157883 0.202402 0.825616 0.733465 1.54785 1.15915 1.24693 1.55201 1.46519 1.15417 1.63005 1.3189 1.06216 1.18299 1.72083 1.1163 0.560507
BD_Bo
 1.4944 0.986913 0.479261 0.257452 0.227406 0.242845 0.355108 0.183721 0.163894 0.110609 0.0767967 0.171335 0.189858 0.156029 0.0983669 0.126104 0.51439 0.456977 0.96437 0.722192 0.776882 0.96696 0.912869 0.719094 1.01558 0.821727 0.661768 0.737045 1.07214 0.695496 0.349217
BD_Brms
 8.51756 5.62508 2.73163 1.46739 1.29614 1.38414 2.024 1.04715 0.934144 0.630433 0.437716 0.976551 1.08213 0.889314 0.560659 0.718752 2.93185 2.60461 5.49659 4.11626 4.42797 5.51135 5.20305 4.0986 5.78848 4.68357 3.77186 4.20091 6.11085 3.96409 1.99042
Sel_flota
 0.736491 1 1 1 1
 0.736491 1 1 1 1
 0.736491 1 1 1 1
 0.736491 1 1 1 1
 0.736491 1 1 1 1
 0.736491 1 1 1 1
 0.736491 1 1 1 1
 0.736491 1 1 1 1
 0.736491 1 1 1 1
 0.736491 1 1 1 1
 0.736491 1 1 1 1
 0.736491 1 1 1 1
 0.736491 1 1 1 1
 0.736491 1 1 1 1
 0.736491 1 1 1 1
 0.736491 1 1 1 1
 0.736491 1 1 1 1
 0.736491 1 1 1 1
 0.736491 1 1 1 1
 0.736491 1 1 1 1
 0.736491 1 1 1 1
 0.736491 1 1 1 1
 0.736491 1 1 1 1
 0.736491 1 1 1 1
 0.736491 1 1 1 1
 0.736491 1 1 1 1
 0.736491 1 1 1 1
 0.736491 1 1 1 1
 0.736491 1 1 1 1
 0.736491 1 1 1 1
 0.736491 1 1 1 1
Sel_reclas
 1 1 1 1 1
 1 1 1 1 1
 1 1 1 1 1
 1 1 1 1 1
 1 1 1 1 1
 1 1 1 1 1
 1 1 1 1 1
 1 1 1 1 1
 1 1 1 1 1
 1 1 1 1 1
 1 1 1 1 1
 1 1 1 1 1
 1 1 1 1 1
 1 1 1 1 1
 1 1 1 1 1
 1 1 1 1 1
 1 1 1 1 1
 1 1 1 1 1
 1 1 1 1 1
 1 1 1 1 1
 1 1 1 1 1
 1 1 1 1 1
 1 1 1 1 1
 1 1 1 1 1
 1 1 1 1 1
 1 1 1 1 1
 1 1 1 1 1
 1 1 1 1 1
 1 1 1 1 1
 1 1 1 1 1
 1 1 1 1 1
Sel_pelaces
 1 1 1 1 1
 1 1 1 1 1
 1 1 1 1 1
 1 1 1 1 1
 1 1 1 1 1
 1 1 1 1 1
 1 1 1 1 1
 1 1 1 1 1
 1 1 1 1 1
 1 1 1 1 1
 1 1 1 1 1
 1 1 1 1 1
 1 1 1 1 1
 1 1 1 1 1
 1 1 1 1 1
 1 1 1 1 1
 1 1 1 1 1
 1 1 1 1 1
 1 1 1 1 1
 1 1 1 1 1
 1 1 1 1 1
 1 1 1 1 1
 1 1 1 1 1
 1 1 1 1 1
 1 1 1 1 1
 1 1 1 1 1
 1 1 1 1 1
 1 1 1 1 1
 1 1 1 1 1
 1 1 1 1 1
 1 1 1 1 1
pf_obs 
 0.8446 0.082 0.0669 0.0065 0
 0.8095 0.147 0.0364 0.0071 0
 0.9664 0.0169 0.016 0.0007 0
 0.9276 0.0648 0.0075 0.0001 0
 0.7033 0.2144 0.0806 0.0017 0
 0.9318 0.0425 0.0243 0.0014 0
 0.5671 0.3108 0.0964 0.0239 0.0018
 0.0768 0.2599 0.5324 0.112 0.0189
 0.490249 0.384438 0.106611 0.0170017 0.00170017
 0.7925 0.1577 0.0466 0.003 0.0002
 0.840416 0.127587 0.0312969 0.00059994 9.999e-05
 0.8084 0.0986 0.0794 0.0134 0.0002
 0.7335 0.1905 0.0724 0.0035 0.0001
 0.4001 0.4547 0.1325 0.0127 0
 0.49795 0.308269 0.164784 0.0264974 0.00249975
 0.9179 0.0499 0.0305 0.0017 0
 0.2467 0.6533 0.0926 0.0074 0
 0.9418 0.0223 0.034 0.0019 0
 0.707729 0.231977 0.0356964 0.0245975 0
 0.517169 0.277429 0.184464 0.0207286 0.00020938
 0.811772 0.124168 0.05621 0.00726502 0.000585176
 0.764997 0.148141 0.077277 0.00933861 0.000247198
 0.163321 0.427699 0.378323 0.0303852 0.000271297
 0.753843 0.0900009 0.118128 0.0371064 0.000921714
 0.721811 0.176058 0.0630433 0.0369309 0.00215725
 0.143369 0.312575 0.442814 0.0836902 0.0175525
 0.692698 0.0596174 0.167031 0.0765114 0.00414204
 0.394062 0.376323 0.152708 0.0712218 0.00568511
 0.125707 0.32114 0.495352 0.0537591 0.00404204
 0.23352 0.215282 0.420074 0.123614 0.00750983
 0 0 0 0 0
pf_pred 
 0.440996 0.146192 0.385264 0.0275474 8.1766e-07
 0.412021 0.307865 0.0732561 0.193054 0.0138043
 0.561302 0.219183 0.114938 0.0273493 0.0772281
 0.675881 0.209268 0.0573819 0.0300905 0.0273783
 0.648138 0.26572 0.055618 0.0152506 0.0152737
 0.791802 0.150054 0.0439091 0.00919063 0.005044
 0.465997 0.451392 0.0595405 0.0174229 0.00564822
 0.467956 0.306789 0.190408 0.0251156 0.00973193
 0.596694 0.221804 0.104658 0.0649559 0.0118879
 0.762754 0.163144 0.0407537 0.0192296 0.0141191
 0.845072 0.128745 0.0180043 0.00449752 0.00368031
 0.739184 0.230391 0.0252836 0.00353576 0.001606
 0.67788 0.260401 0.0545198 0.00598311 0.00121675
 0.6295 0.280422 0.0728189 0.015246 0.00201338
 0.744746 0.1861 0.0523404 0.0135915 0.00322144
 0.943959 0.0456763 0.00755664 0.00212529 0.000682695
 0.325829 0.647861 0.0214437 0.00354762 0.00131827
 0.899999 0.0407233 0.0569647 0.00188549 0.000427845
 0.579194 0.390318 0.0124156 0.0173673 0.000705284
 0.59348 0.270761 0.125923 0.00400548 0.0058305
 0.726908 0.185038 0.058648 0.0272754 0.00213051
 0.727765 0.215255 0.0386077 0.0122367 0.00613546
 0.278022 0.572832 0.117929 0.0211515 0.0100654
 0.734572 0.0931343 0.136701 0.0281428 0.00744964
 0.603381 0.315209 0.0285657 0.0419284 0.0109167
 0.411023 0.400711 0.149622 0.0135595 0.0250843
 0.732004 0.132033 0.0925025 0.0345397 0.00892076
 0.679357 0.254122 0.0327726 0.0229606 0.0107875
 0.290272 0.529851 0.14256 0.0183851 0.0189323
 0.373483 0.226996 0.298264 0.0802498 0.0210067
 0.825545 0.0796123 0.0343631 0.0451517 0.0153284
pobs_RECLAS
 0 0 0 0 0
 0 0 0 0 0
 0 0 0 0 0
 0 0 0 0 0
 0 0 0 0 0
 0 0 0 0 0
 0 0 0 0 0
 0 0 0 0 0
 0 0 0 0 0
 0 0 0 0 0
 0.991045 0.00858322 0.000360255 1.14367e-05 0
 0.934742 0.0480273 0.0164251 0.00080598 0
 0.827803 0.169806 0.00239088 0 0
 0.941827 0.0461693 0.0120037 0 0
 0.791401 0.0380133 0.147996 0.0225897 0
 0.846168 0.0940531 0.0597789 0 0
 0.134021 0.677848 0.182769 0.00536245 0
 0.80878 0.0450904 0.141981 0.00414843 0
 0.846168 0.0940531 0.0597789 0 0
 0.905697 0.0802665 0.012482 0.00150086 5.37128e-05
 0.989698 0.0102097 9.19794e-05 0 0
 0.975433 0.0193895 0.00387452 0.00125025 5.28907e-05
 0.303575 0.632131 0.0575291 0.00676475 0
 0.966965 0.00978017 0.0227588 0.000495775 0
 0.843318 0.132988 0.00938335 0.0141283 0.000182051
 0.564624 0.303363 0.111486 0.0197234 0.00080311
 0.826376 0.0876187 0.0782897 0.00655872 0.00115652
 0.89761 0.0855135 0.0140674 0.00269457 0.000114338
 0.34875 0.467042 0.161289 0.0227151 0.000203297
 0.318654 0.224769 0.449479 0.00709798 0
 0.937255 0.0296025 0.0250945 0.00804832 0
ppred_RECLAS
 0.518187 0.126005 0.332064 0.0237434 7.04752e-07
 0.489616 0.267236 0.0635886 0.167577 0.0119825
 0.636547 0.181589 0.0952235 0.0226583 0.0639819
 0.742126 0.166497 0.0456538 0.0239405 0.0217825
 0.7154 0.214925 0.0449861 0.0123353 0.012354
 0.839102 0.115964 0.0339335 0.00710264 0.00389807
 0.549723 0.380618 0.0502052 0.0146911 0.00476263
 0.545148 0.262278 0.162782 0.0214717 0.00831996
 0.67156 0.18063 0.0852303 0.052898 0.00968115
 0.817308 0.12563 0.0313826 0.0148078 0.0108724
 0.881401 0.0985566 0.0137826 0.00344292 0.00281733
 0.796631 0.179645 0.0197146 0.00275698 0.00125226
 0.743873 0.207052 0.0433503 0.00475734 0.000967471
 0.704737 0.223477 0.0580315 0.01215 0.00160452
 0.801861 0.144459 0.0406288 0.0105503 0.00250062
 0.95865 0.0337022 0.00557566 0.00156814 0.000503725
 0.39807 0.578439 0.0191459 0.00316747 0.00117701
 0.924906 0.0305804 0.0427765 0.00141587 0.000321282
 0.654074 0.320863 0.0102064 0.0142769 0.000579783
 0.666967 0.221816 0.10316 0.00328141 0.00477652
 0.784535 0.145992 0.0462724 0.0215199 0.00168094
 0.785675 0.169466 0.0303951 0.00963374 0.00483032
 0.344557 0.520042 0.107061 0.0192023 0.00913778
 0.790606 0.0734729 0.107843 0.0222016 0.00587697
 0.674852 0.258407 0.0234181 0.0343728 0.00894951
 0.487493 0.348685 0.130196 0.011799 0.0218275
 0.788415 0.104241 0.0730314 0.0272693 0.007043
 0.74276 0.203873 0.0262923 0.0184204 0.00865445
 0.357863 0.479391 0.128983 0.0166341 0.0171293
 0.448806 0.199706 0.262405 0.0706017 0.0184812
 0.865762 0.0612593 0.0264414 0.0347429 0.0117947
pobs_PELACES
 0 0 0 0 0
 0 0 0 0 0
 0 0 0 0 0
 0 0 0 0 0
 0 0 0 0 0
 0 0 0 0 0
 0 0 0 0 0
 0 0 0 0 0
 0 0 0 0 0
 0 0 0 0 0
 0 0 0 0 0
 0 0 0 0 0
 0 0 0 0 0
 0 0 0 0 0
 0 0 0 0 0
 0 0 0 0 0
 0.505614 0.472636 0.0217494 0 0
 0 0 0 0 0
 0.443492 0.261883 0.143347 0.151278 0
 0.227955 0.32914 0.350689 0.0885471 0.00366901
 0.970185 0.0296113 0.000203453 0 0
 0.997202 0.00247181 0.000326279 0 0
 0.445219 0.490057 0.0546422 0.010081 0
 0.90214 0.0892962 0.00764917 0.000914606 0
 0 0 0 0 0
 0.581667 0.319106 0.0959925 0.00289975 0.000334073
 0.762889 0.0836404 0.116647 0.0363945 0.000428098
 0.88444 0.0763242 0.0277011 0.0115352 0
 0.521256 0.241999 0.230069 0.00667565 0
 0.616807 0.101726 0.260614 0.0208532 0
 0 0 0 0 0
ppred_PELACES
 0.521759 0.125071 0.329603 0.0235674 6.99527e-07
 0.496219 0.263779 0.0627658 0.165409 0.0118275
 0.642568 0.178581 0.093646 0.022283 0.062922
 0.750794 0.160901 0.0441194 0.0231358 0.0210504
 0.718924 0.212264 0.0444291 0.0121826 0.012201
 0.843213 0.113001 0.0330665 0.00692116 0.00379847
 0.56752 0.365575 0.0482209 0.0141105 0.0045744
 0.548328 0.260444 0.161644 0.0213216 0.00826179
 0.682232 0.174761 0.0824611 0.0511793 0.0093666
 0.826441 0.119349 0.0298136 0.0140675 0.0103289
 0.882688 0.0974871 0.013633 0.00340556 0.00278676
 0.804455 0.172734 0.0189562 0.00265091 0.00120408
 0.752504 0.200074 0.0418894 0.00459702 0.000934868
 0.720946 0.211209 0.0548458 0.011483 0.00151644
 0.810645 0.138055 0.0388276 0.0100826 0.00238976
 0.960199 0.0324399 0.00536683 0.00150941 0.000484859
 0.404106 0.572639 0.0189539 0.00313571 0.00116521
 0.92666 0.0298663 0.0417777 0.00138281 0.000313779
 0.661999 0.313512 0.00997252 0.0139498 0.0005665
 0.673983 0.217143 0.100986 0.00321228 0.00467589
 0.788616 0.143227 0.0453959 0.0211122 0.0016491
 0.79081 0.165405 0.0296668 0.00940291 0.00471458
 0.348726 0.516734 0.10638 0.0190801 0.00907965
 0.79334 0.0725135 0.106434 0.0219117 0.00580022
 0.678487 0.255519 0.0231563 0.0339885 0.00884947
 0.490908 0.346361 0.129328 0.0117203 0.021682
 0.791144 0.102897 0.0720896 0.0269176 0.00695217
 0.745269 0.201884 0.0260358 0.0182407 0.00857004
 0.360799 0.477199 0.128393 0.0165581 0.017051
 0.453781 0.197903 0.260037 0.0699645 0.0183144
 0.867313 0.0605515 0.0261359 0.0343415 0.0116585
pobs_pel_tallas
 0 0 0 0 0 0 0 0 0 0 0 0 0 0 0 0 0 0 0 0 0 0 0 0 0 0
 0 0 0 0 0 0 0 0 0 0 0 0 0 0 0 0 0 0 0 0 0 0 0 0 0 0
 0 0 0 0 0 0 0 0 0 0 0 0 0 0 0 0 0 0 0 0 0 0 0 0 0 0
 0 0 0 0 0 0 0 0 0 0 0 0 0 0 0 0 0 0 0 0 0 0 0 0 0 0
 0 0 0 0 0 0 0 0 0 0 0 0 0 0 0 0 0 0 0 0 0 0 0 0 0 0
 0 0 0 0 0 0 0 0 0 0 0 0 0 0 0 0 0 0 0 0 0 0 0 0 0 0
 0 0 0 0 0 0 0 0 0 0 0 0 0 0 0 0 0 0 0 0 0 0 0 0 0 0
 0 0 0 0 0 0 0 0 0 0 0 0 0 0 0 0 0 0 0 0 0 0 0 0 0 0
 0 0 0 0 0 0 0 0 0 0 0 0 0 0 0 0 0 0 0 0 0 0 0 0 0 0
 0 0 0 0 0 0 0 0 0 0 0 0 0 0 0 0 0 0 0 0 0 0 0 0 0 0
 0 0 0 0 0 0 0 0 0 0 0 0 0 0 0 0 0 0 0 0 0 0 0 0 0 0
 0 0 0 0 0 0 0 0 0 0 0 0 0 0 0 0 0 0 0 0 0 0 0 0 0 0
 0.00862536 0 0 0.000197151 0.00414017 0.0128641 0.00837892 0.0270097 0.101434 0.158115 0.152841 0.127902 0.109271 0.109419 0.0830992 0.0579132 0.0238553 0.00714673 0.00463305 0.00128148 0.00103504 0.000492878 0.000147863 0.000147863 4.92878e-05 0
 0 0 0 0 0 0 0 0 0 0 0 0 0 0 0 0 0 0 0 0 0 0 0 0 0 0
 0 0 0 0 0 0 0 0.0054083 0.00873648 0.0413646 0.0450493 0.0745869 0.0622846 0.0627006 0.0613931 0.0827291 0.12552 0.122667 0.0946155 0.0697135 0.0546179 0.0294188 0.0215738 0.0213955 0.0102223 0.00600262
 0 0 0 0 0.00359764 0.0251062 0.0480494 0.140153 0.205849 0.193036 0.1447 0.116669 0.0760912 0.0342217 0.00950174 0.001854 0.000860785 0 0 0 0.000165536 0 0.000143464 0 0 0
 0 0 0 0 0 0 0 0.000145254 0.000435761 0.0275982 0.070085 0.0708112 0.156366 0.174668 0.174014 0.160142 0.0824315 0.0480064 0.0283245 0.00493863 0.00203355 0 0 0 0 0
 0 0 0 0 0 0 0 0 0 0 0 0 0 0 0 0 0 0 0 0 0 0 0 0 0 0
 0 0 1.00437e-05 0.000401748 0.00122533 0.00171747 0.00176769 0.0269171 0.070346 0.194647 0.189555 0.159765 0.064822 0.0314167 0.0384472 0.0292271 0.0345202 0.0313363 0.0194345 0.0106764 0.0143323 0.0359363 0.0279516 0.0138201 0.00172751 0
 0 0.0021121 0.0136068 0.0755702 0.200478 0.177729 0.0527432 0.0373336 0.0318909 0.0142505 0.0149659 0.0166563 0.0217959 0.0798694 0.0677717 0.0528807 0.04013 0.0224614 0.0357745 0.0225083 0.00881397 0.00855152 0.00135912 0.000746735 0 0
 0 0 0 0 5.4009e-05 0.00500934 0.000945158 0.0243581 0.138947 0.33067 0.221406 0.137944 0.0707744 0.0437923 0.0131692 0.00525238 0.0047753 0.00276346 9.45158e-05 9.00151e-06 2.25038e-05 9.00151e-06 4.50075e-06 0 0 0
 0.000866109 0.00284123 0.00948549 0.0512746 0.133035 0.25785 0.225252 0.132002 0.0553304 0.0519788 0.0540692 0.017754 0.00435017 0.00159236 0.00146478 0.000404838 0.000125132 0.000115318 0.000107957 0.000100596 0 0 0 0 0 0
 0 0 0 0 0.00144013 0.00171154 0.00461396 0.0210425 0.0478622 0.0707936 0.0888783 0.103762 0.0637923 0.0337046 0.0602308 0.124433 0.169614 0.0934646 0.0462172 0.0250306 0.0313229 0.00938855 0.002487 0.000210481 0 0
 0 0.00764035 0.051015 0.0998891 0.058973 0.0496711 0.0374665 0.0718981 0.12319 0.153886 0.159021 0.0857701 0.0377988 0.023471 0.0147837 0.00900784 0.00315554 0.000888139 0.00291439 0.00214683 0.00393193 0.00274676 0.000635225 9.99891e-05 0 0
 0 0 0 0 0 0 0 0 0 0 0 0 0 0 0 0 0 0 0 0 0 0 0 0 0 0
 0 0 0 0 0 0 0 0 0 0 0 0 0 0 0 0 0 0 0 0 0 0 0 0 0 0
 0 0 0 0 0 0 0 0 0 0 0 0 0 0 0 0 0 0 0 0 0 0 0 0 0 0
 0 0 0 0 0 0 0 0 0 0 0 0 0 0 0 0 0 0 0 0 0 0 0 0 0 0
 0 0 0 0 0 0 0 0 0 0 0 0 0 0 0 0 0 0 0 0 0 0 0 0 0 0
 0 0 0 0 0 0 0 0 0 0 0 0 0 0 0 0 0 0 0 0 0 0 0 0 0 0
 0 0 0 0 0 0 0 0 0 0 0 0 0 0 0 0 0 0 0 0 0 0 0 0 0 0
ppred_pel_tallas
 1.11908e-16 4.29766e-05 0.000417748 0.00277608 0.0126197 0.0392646 0.0836577 0.122104 0.122116 0.0837193 0.0394725 0.0132266 0.00432285 0.00387174 0.00682905 0.0118108 0.0183781 0.0259539 0.0338724 0.0416592 0.049011 0.0554167 0.059847 0.060975 0.0578878 0.0507476
 1.20469e-16 4.0873e-05 0.0003973 0.0026402 0.012002 0.0373427 0.0795636 0.116131 0.116156 0.0796883 0.0377619 0.0132142 0.00568853 0.00707118 0.0127756 0.0212222 0.0309834 0.0399052 0.0458931 0.0481724 0.0478088 0.0469351 0.0472585 0.0490024 0.0509577 0.0513878
 1.15631e-16 5.29275e-05 0.000514475 0.00341887 0.0155417 0.048356 0.103028 0.150376 0.150394 0.103113 0.048641 0.0163665 0.00549548 0.00506882 0.00876538 0.0145752 0.0213942 0.0277758 0.0323006 0.034383 0.034614 0.034275 0.0344108 0.0351995 0.036009 0.0359304
 1.07197e-16 6.18419e-05 0.000601125 0.00399469 0.0181593 0.0565004 0.120381 0.175702 0.175718 0.120457 0.0567557 0.0188974 0.00584972 0.0046583 0.00779012 0.0128427 0.0186445 0.0237747 0.0268403 0.027236 0.0255053 0.0229399 0.0207407 0.019396 0.0186497 0.0179043
 1.04623e-16 5.92168e-05 0.000575609 0.00382512 0.0173885 0.0541021 0.115271 0.168246 0.168266 0.115371 0.0544383 0.0183599 0.00626486 0.005906 0.0101958 0.0167973 0.0242755 0.0307084 0.0341793 0.0338145 0.0302945 0.0253627 0.0207418 0.0173057 0.0149916 0.0132596
 1.02321e-16 6.94544e-05 0.000675121 0.00448642 0.0203946 0.0634553 0.135199 0.197329 0.197339 0.135252 0.0636346 0.0209128 0.00578848 0.00352209 0.00548975 0.00900084 0.0130416 0.0165732 0.0185831 0.0186015 0.0169626 0.0145422 0.0121942 0.0103347 0.00891975 0.00769916
 1.03675e-16 4.67459e-05 0.000454387 0.00301956 0.0137265 0.0427085 0.0909962 0.132819 0.132854 0.0911684 0.0432865 0.0153959 0.00720982 0.00960111 0.0174162 0.0287139 0.0413485 0.0519759 0.0572167 0.0555125 0.0480492 0.0379415 0.0283611 0.021067 0.0161837 0.0129271
 1.08268e-16 4.51651e-05 0.000439021 0.00291745 0.0132623 0.0412641 0.0879186 0.128325 0.12835 0.0880423 0.0416801 0.0144664 0.00594936 0.00708937 0.0127682 0.0212792 0.0312137 0.04043 0.0467358 0.0490656 0.0479959 0.0451153 0.0418143 0.0385243 0.0348818 0.0304264
 1.09143e-16 5.61946e-05 0.000546231 0.0036299 0.016501 0.0513408 0.109388 0.159658 0.159675 0.109471 0.0516194 0.0173071 0.00565872 0.00499328 0.00855588 0.0141991 0.0207911 0.0268798 0.0310295 0.0326099 0.0321389 0.0308229 0.0296723 0.0289133 0.0280679 0.0264752
 1.0405e-16 6.80729e-05 0.000661693 0.00439718 0.019989 0.0621931 0.132509 0.193404 0.193415 0.132566 0.0623824 0.020536 0.00577154 0.00366637 0.00578779 0.00949634 0.0137594 0.0174902 0.0196354 0.0197272 0.0181573 0.0158885 0.0138389 0.0124211 0.0115104 0.0107277
 1.01232e-16 7.27058e-05 0.000706727 0.00469645 0.0213494 0.0664259 0.141528 0.206566 0.206575 0.141574 0.06658 0.0217947 0.00581418 0.00314682 0.00470712 0.00766743 0.01104 0.0138876 0.0153084 0.0148895 0.0129487 0.0103156 0.00783158 0.00595841 0.00471981 0.00389689
 1.01061e-16 6.62619e-05 0.000644089 0.0042802 0.0194572 0.0605386 0.128985 0.18826 0.188277 0.129066 0.0608116 0.0202454 0.00625831 0.0049607 0.00825952 0.0135371 0.0194641 0.024412 0.0267665 0.0257802 0.0220135 0.0169553 0.0121399 0.00844574 0.00597824 0.00439831
 1.0188e-16 6.19828e-05 0.000602495 0.00400379 0.0182007 0.0566292 0.120655 0.176104 0.176123 0.120749 0.056946 0.019116 0.00630221 0.00562305 0.00960587 0.0158053 0.0228147 0.028797 0.0319148 0.031306 0.0275741 0.0223429 0.0172538 0.0132009 0.0102454 0.00802255
 1.03046e-16 5.93834e-05 0.000577228 0.00383588 0.0174374 0.0542543 0.115595 0.168719 0.168739 0.115695 0.0545891 0.018405 0.00626664 0.00589 0.0101681 0.0167649 0.0242588 0.030744 0.0343098 0.0340623 0.0306259 0.0256624 0.0208179 0.0169357 0.013999 0.0115881
 1.02572e-16 6.67718e-05 0.000649046 0.00431314 0.0196069 0.0610044 0.129977 0.189708 0.189721 0.130042 0.0612234 0.0202398 0.00590336 0.0041257 0.00668486 0.0109858 0.015913 0.0202086 0.0226335 0.0226123 0.0205536 0.0175317 0.014596 0.0122619 0.0104821 0.00895611
 1.00397e-16 7.90903e-05 0.000768786 0.00510885 0.0232241 0.0722588 0.153955 0.224703 0.224706 0.153971 0.0723102 0.0233724 0.0054811 0.00158163 0.00162353 0.00256065 0.00368529 0.0046432 0.00513218 0.00501451 0.00439348 0.00354018 0.00272821 0.00210562 0.00167816 0.00137559
 1.01206e-16 3.32858e-05 0.00032355 0.00215011 0.00977411 0.0304112 0.0647963 0.0945836 0.0946387 0.0650654 0.0313146 0.0123821 0.00869151 0.0145869 0.027073 0.044576 0.0639083 0.0797301 0.0866219 0.0820845 0.0680629 0.049708 0.0324103 0.0193787 0.011139 0.00655595
 1.01406e-16 7.63277e-05 0.000741933 0.0049304 0.0224129 0.0697349 0.148578 0.216854 0.216857 0.148592 0.0697833 0.0225535 0.00528623 0.00152787 0.00159575 0.00258684 0.00388025 0.00521343 0.00636175 0.00720081 0.00773877 0.00803966 0.00811226 0.00787802 0.00724614 0.00621847
 1.01863e-16 5.4528e-05 0.000530032 0.00352225 0.0160117 0.0498184 0.106144 0.154927 0.154957 0.106292 0.050313 0.0174398 0.00710457 0.00834207 0.0148671 0.0244298 0.0350427 0.0437686 0.0476603 0.0453751 0.0379987 0.0283538 0.0193631 0.0127186 0.00861742 0.00634773
 1.04084e-16 5.55151e-05 0.000539627 0.00358601 0.0163015 0.0507201 0.108065 0.157729 0.15775 0.108168 0.0510657 0.0173011 0.00610032 0.00604529 0.0105611 0.0174996 0.0254993 0.0326777 0.0371257 0.0379162 0.0355801 0.0316068 0.0274158 0.0236514 0.0202235 0.0168155
 1.03744e-16 6.49573e-05 0.000631408 0.00419593 0.0190741 0.0593466 0.126445 0.184553 0.184567 0.126512 0.059574 0.0197315 0.00584849 0.00424643 0.00695263 0.0114497 0.0166258 0.0212018 0.0239186 0.0242 0.0224735 0.0198269 0.0172881 0.0153059 0.0137426 0.0122244
 1.0264e-16 6.5138e-05 0.000633165 0.0042076 0.0191272 0.0595118 0.126797 0.185067 0.185083 0.126875 0.0597736 0.0198835 0.00610672 0.00478095 0.0079485 0.0130533 0.0188353 0.0237676 0.0263397 0.0258596 0.0228569 0.0187064 0.0147835 0.0118134 0.009792 0.00833274
 1.06653e-16 2.87242e-05 0.00027921 0.00185545 0.00843463 0.0262435 0.0559165 0.0816222 0.081672 0.0561601 0.0270618 0.0107986 0.00779198 0.0132472 0.024682 0.0408235 0.0589555 0.0744518 0.0825966 0.0811941 0.0718362 0.0587375 0.0461314 0.0362772 0.0292399 0.0239625
 1.0627e-16 6.53464e-05 0.00063519 0.00422106 0.0191883 0.0597021 0.127202 0.185656 0.185663 0.127237 0.05982 0.019531 0.00508877 0.00255464 0.0037849 0.00634795 0.00959265 0.0130162 0.0161309 0.0186861 0.0207329 0.022412 0.0236643 0.0241518 0.0234686 0.0214466
 1.0564e-16 5.58861e-05 0.000543233 0.00360998 0.0164104 0.0510591 0.108788 0.158784 0.158809 0.108908 0.051463 0.0175769 0.00653755 0.00693339 0.0121903 0.0200624 0.0288957 0.0363532 0.0401103 0.0391407 0.034352 0.027986 0.0222676 0.0183372 0.0160914 0.0147354
 1.08666e-16 4.04355e-05 0.000393048 0.00261194 0.0118735 0.0369431 0.0787125 0.11489 0.114924 0.0788763 0.0374935 0.0134648 0.00661256 0.00914692 0.0167258 0.0277443 0.0403301 0.0514853 0.058157 0.0589108 0.0547143 0.0481295 0.0416127 0.0362973 0.0319813 0.027929
 1.05983e-16 6.51655e-05 0.000633432 0.00420938 0.0191352 0.0595368 0.12685 0.185143 0.185153 0.126899 0.0597016 0.0196124 0.00541208 0.00327514 0.00513013 0.00850423 0.0125423 0.0164034 0.0192714 0.0207732 0.0211568 0.0210164 0.0207997 0.0205158 0.019836 0.018424
 1.04083e-16 6.13869e-05 0.000596702 0.0039653 0.0180257 0.0560847 0.119495 0.174411 0.17443 0.11959 0.0564039 0.0189479 0.00628041 0.00565126 0.00966318 0.015885 0.0228963 0.028841 0.0318795 0.0311867 0.0274514 0.0224081 0.0177856 0.0144824 0.012451 0.0111269
 1.08374e-16 2.97186e-05 0.000288875 0.00191968 0.00872662 0.027152 0.0578519 0.0844462 0.0844923 0.0580772 0.0279086 0.0109133 0.00741313 0.0122966 0.0228801 0.0378971 0.0548666 0.0695759 0.0777267 0.0773109 0.0697473 0.0587926 0.0481594 0.0397371 0.0334584 0.0283318
 1.17671e-16 3.73774e-05 0.000363321 0.0024144 0.0109755 0.034149 0.0727588 0.106198 0.106217 0.0728541 0.03447 0.0119076 0.00477278 0.00557411 0.0101174 0.0171494 0.0258337 0.0348716 0.0429191 0.0493175 0.0543006 0.058411 0.0616618 0.0632454 0.0620412 0.0574394
 1.06187e-16 7.14394e-05 0.000694416 0.00461464 0.0209775 0.0652688 0.139062 0.202967 0.202973 0.139091 0.0653654 0.0212571 0.00531873 0.0022389 0.00302731 0.00495317 0.00727878 0.00948589 0.0111154 0.0120028 0.0123815 0.0126983 0.0132766 0.0140916 0.0148043 0.0149846
pSPR Fmed_Fpbrs
0.588929   0.225449 0.225449
Fs Fmed_Fpbrs
0.301312   1.005 1.005
SSBpbr Bo_Bmed_Bpbrs
1.73162e+06  933221  303811 303811
Ro
151512
SPR SPRFo_SPRFmed_SPRFpbrs
1.07887e+06 635375 243229
Fref
1.005
log_Ro
11.7484
likeval ReclasPelacesDesembMPH_pf_preclas_ppelaces_ptallas_desvR_qrecl_qpela
 11.9616 19.8303 0.0164279 0.00246383 228.873 120.071 82.824 0 28.1748 0 0 0.0791217 0 0 0
q_reclas_q_pelaces
1 1
M
1
N
 174876 43455.8 114520 8188.49 0.243051
 100317 56989.9 13560.7 35736.9 2555.36
 99415 29505.1 15472.2 3681.6 10396
 121905 29314.7 8038.16 4215.13 3835.19
 98649.3 30427.3 6368.76 1746.33 1748.97
 216343 31325.5 9166.52 1918.65 1052.99
 79399.5 61328.6 8089.52 2367.17 767.399
 32308.3 15849.1 9836.7 1297.5 502.764
 36813.5 10661.6 5030.67 3122.27 571.424
 53022.1 8958.3 2237.8 1055.91 775.284
 100921 11498.3 1607.97 401.675 328.69
 137652 33434 3669.11 513.104 233.06
 112076 33438 7000.89 768.292 156.243
 78229.7 27969.9 7263.13 1520.67 200.819
 75008.4 14715.1 4138.59 1074.69 254.722
 458956 17137.6 2835.23 797.403 256.145
 79854.3 120540 3989.78 660.064 245.275
 690934 23745.2 33215.4 1099.4 249.47
 395727 204769 6513.51 9111.25 370.007
 309576 108032 50242.3 1598.16 2326.33
 450764 87029.1 27584 12828.4 1002.05
 597240 134969 24207.7 7672.66 3847.04
 109092 169311 34856.2 6251.74 2975.01
 360323 34338.4 50401.5 10376.2 2746.67
 293307 115173 10437.5 15320.1 3988.82
 128369 93738.7 35001.3 3171.98 5868
 310311 42062.5 29469.1 11003.5 2841.94
 354706 99322.6 12809 8974.04 4216.27
 85458.8 116713 31402.4 4049.77 4170.32
 61519.2 28220.3 37080.3 9976.69 2611.56
 264376 19090.6 8240.09 10827.2 3675.67
pred_Ctot
 12743.5 4224.54 11133.1 796.042 0.0236281
 12948 9674.81 2302.11 6066.83 433.806
 12698.2 4958.54 2600.21 618.718 1747.12
 25566.6 7916 2170.59 1138.24 1035.64
 8635.32 3540.26 741.015 203.188 203.496
 32047.3 6073.26 1777.17 371.98 204.15
 24111.9 23356.2 3080.79 901.505 292.254
 2121.88 1391.09 863.375 113.883 44.128
 8145.65 3027.92 1428.72 886.733 162.286
 14357.6 3070.92 767.124 361.967 265.769
 6399.84 975.006 136.349 34.0603 27.8715
 30566.7 9527.11 1045.52 146.211 66.4111
 23512.8 9032.21 1891.07 207.529 42.2039
 25499.7 11359.3 2949.73 617.583 81.5577
 18671.6 4665.72 1312.23 340.754 80.7649
 85295.2 4127.26 682.81 192.039 61.6876
 9845.87 19577 647.982 107.201 39.8352
 86411.4 3909.96 5469.35 181.031 41.0786
 66101 44545.3 1416.94 1982.06 80.4911
 47169.5 21520 10008.3 318.354 463.405
 53920.4 13725.7 4350.38 2023.22 158.037
 88458.9 26164 4692.72 1487.36 745.757
 10083.9 20776.6 4277.29 767.167 365.071
 30212.7 3830.59 5622.49 1157.5 306.402
 24616.9 12860 1165.43 1710.6 445.384
 8953.95 8729.31 3259.45 295.387 546.451
 25780.9 4650.16 3257.91 1216.48 314.186
 23887.9 8935.58 1152.37 807.352 379.318
 5578.87 10183.5 2739.92 353.351 363.869
 6169.52 3749.72 4926.99 1325.64 347.007
 18110.7 1746.53 753.854 990.534 336.272
F
 0.121203 0.164568 0.164568 0.164568 0.164568
 0.223767 0.303829 0.303829 0.303829 0.303829
 0.221215 0.300364 0.300364 0.300364 0.300364
 0.387897 0.526683 0.526683 0.526683 0.526683
 0.147138 0.199783 0.199783 0.199783 0.199783
 0.260617 0.353864 0.353864 0.353864 0.353864
 0.61138 0.830126 0.830127 0.830127 0.830127
 0.108676 0.147559 0.147559 0.147559 0.147559
 0.413285 0.561154 0.561154 0.561154 0.561154
 0.52851 0.717606 0.717606 0.717606 0.717606
 0.104766 0.14225 0.14225 0.14225 0.14225
 0.415038 0.563535 0.563535 0.563535 0.563535
 0.388045 0.526884 0.526884 0.526884 0.526884
 0.670778 0.910777 0.910777 0.910777 0.910777
 0.476325 0.64675 0.64675 0.64675 0.64675
 0.336974 0.45754 0.45754 0.45754 0.45754
 0.212823 0.288969 0.288969 0.288969 0.288969
 0.216162 0.293502 0.293502 0.293502 0.293502
 0.298298 0.405026 0.405026 0.405026 0.405026
 0.26896 0.365192 0.365192 0.365192 0.365192
 0.205901 0.279571 0.279571 0.279571 0.279571
 0.26058 0.353813 0.353813 0.353813 0.353813
 0.155929 0.211719 0.211719 0.211719 0.211719
 0.140565 0.190858 0.190859 0.190859 0.190859
 0.140707 0.191051 0.191051 0.191051 0.191051
 0.115755 0.157171 0.157171 0.157171 0.157171
 0.139201 0.189005 0.189005 0.189005 0.189005
 0.111571 0.15149 0.15149 0.15149 0.15149
 0.107993 0.146632 0.146632 0.146632 0.146632
 0.170151 0.23103 0.23103 0.23103 0.23103
 0.113583 0.154222 0.154222 0.154222 0.154222
nmprior
 8 9 7.5 0
nm_flota  nm_reclas  nm_pelaces    nm_pelaL
inf 14.3893 13.9455 23.6222
cv_recla  cv_pelaces  cv_mph
0.312838 0.523998 1.53183
 ------------------------------------------------
Talla a la edad & desviación 
 8 13.2811 15.8009 17.003 17.5766
 0.8 1.32811 1.58009 1.7003 1.75766
