years
 1991 1992 1993 1994 1995 1996 1997 1998 1999 2000 2001 2002 2003 2004 2005 2006 2007 2008 2009 2010 2011 2012 2013 2014 2015 2016 2017 2018 2019 2020 2021
reclasobs
 0 0 0 0 0 0 0 0 0 252601 567819 844713 477998 351125 339783 2.1784e+06 2.13404e+06 4.81314e+06 1.55562e+06 2.62356e+06 3.21686e+06 3.843e+06 1.13348e+06 3.07943e+06 1.97215e+06 2.03268e+06 2.025e+06 2.42433e+06 2.27542e+06 1.05018e+06 2.36338e+06
reclaspred
 5.03436e+06 1.16184e+06 1.38513e+06 802944 43963.1 3.32564e+06 1.07355e+06 228145 1.08465e+06 219502 306564 1.2127e+06 575308 766379 382684 2.08339e+06 739259 8.53448e+06 5.39962e+06 1.39877e+06 2.86528e+06 3.54549e+06 1.56875e+06 3.33088e+06 2.56505e+06 1.38042e+06 2.09013e+06 4.28265e+06 2.7838e+06 599062 789022
pelacesobs
 0 0 0 0 0 0 0 0 0 0 0 0 0 0 0 552880 188675 0 991730 2.46772e+06 1.41603e+06 1.21717e+06 2.29649e+06 1.80582e+06 0 1.4828e+06 1.56532e+06 1.57751e+06 1.42118e+06 867257 0
pelacespred
 3.49778e+06 685307 596524 284839 8897.12 1.87887e+06 484785 128350 562114 76282.4 152955 552273 249531 378252 160513 906598 300253 5.08625e+06 3.27808e+06 722008 1.43655e+06 1.6627e+06 787692 2.01104e+06 1.38927e+06 737358 1.33444e+06 2.80525e+06 1.65894e+06 341538 371136
mphobs
 0 0 0 0 0 0 0 0 0 0 0 498337 0 5186 125008 0 168611 109162 213762 579715 649985 157893 87575 83554 0 0 0 0 0 0 0
mphpred
 1.32525e+06 485662 60913.4 195057 36457.2 1017.02 382178 72996.6 16381.6 96783.4 7898.39 33721.2 114290 29748.7 33783.3 21214 222167 56569.8 1.11246e+06 489406 116278 246934 406727 153705 352970 318984 120432 201383 641735 254246 26038.1
desembarqueobs
 494567 514787 250237 358949 120608 361735 552515 73892 212993 205616 52469 317467 293654 387597 252695 516296 358380 742168 942051 627588 828172 859565 418607 520667 417249 300574 407403 355545 319650 289779 219260
desembarquepred
 494453 513906 250929 357634 120323 361415 551636 73846.2 212741 205306 52428.7 316970 293035 386495 252099 515400 357921 741371 939912 624969 826804 857832 418010 520044 416541 300100 406736 355108 319169 288948 219063
Reclutas
 1530.59 916.986 246936 4519.53 1240.62 293438 1265.95 369.573 62544.1 1676.39 31327.6 154517 36902.3 84143.6 36845.6 278193 2489.88 781762 163015 25913.4 252764 446842 3203.78 174605 166842 10679.6 130014 234369 5739.32 1782.29 68070.9
log_desv_Rt
 -2.83715 -3.34947 2.24632 -1.7544 -3.04719 2.41886 -3.02699 -4.25821 0.873065 -2.74617 0.181693 1.7775 0.345467 1.16972 0.34393 2.36551 -2.35057 3.39874 1.83104 -0.00804534 2.26965 2.8394 -2.09848 1.89972 1.85424 -0.894476 1.60484 2.19409 -1.51547 -2.68491 0.957743
SSB
 1.66674e+06 610808 76609.6 245319 45851.5 1279.09 480658 91806.5 20602.8 121723 9933.65 42410.6 143741 37414.4 42488.6 26680.4 279415 71146.7 1.39911e+06 615517 146241 310564 511533 193312 443923 401180 151465 253276 807098 319761 32747.6
BT
 2.06194e+06 879262 504371 367985 107492 1.29284e+06 711384 129443 480660 212364 123771 543623 371171 600332 330675 875527 418864 3.29809e+06 2.42426e+06 969428 1.46571e+06 1.56898e+06 701174 1.52258e+06 1.05455e+06 592600 1.11234e+06 1.77608e+06 1.02269e+06 476047 385189
Ftot
 0.321248 1.25908 1.22078 1.38774 4.18068 0.861015 1.53063 0.984226 1.42395 2.42254 1.21589 1.75337 1.99994 3.08036 3.48836 1.79968 1.48074 0.670898 0.696613 1.41008 1.78344 1.44148 0.880224 0.987482 0.80189 0.76265 1.21313 0.555645 0.399073 1.37977 1.85778
BD_Bspro_t
 0.950285 0.5954 0.17206 0.39033 0.0829108 0.00388201 0.474561 0.134394 0.0507502 0.24483 0.0396371 0.220942 0.294267 0.0900312 0.0929011 0.0648755 0.291327 0.0990202 0.589645 0.354436 0.110556 0.207193 0.311009 0.162946 0.334607 0.366023 0.223314 0.357587 0.610522 0.37877 0.0961176
BD_Bspro
 8.96042 3.28371 0.411855 1.31884 0.246498 0.00687643 2.58403 0.493553 0.110761 0.654383 0.0534035 0.228 0.772752 0.20114 0.22842 0.143435 1.50214 0.382486 7.52166 3.30903 0.786193 1.6696 2.75001 1.03925 2.38654 2.15675 0.81428 1.36162 4.33897 1.71904 0.176052
BD_Bo
 1.15451 0.42309 0.0530654 0.169926 0.0317601 0.000885994 0.33294 0.0635919 0.014271 0.0843141 0.00688078 0.0293767 0.0995653 0.025916 0.0294308 0.0184808 0.193543 0.0492815 0.969129 0.426352 0.101297 0.21512 0.354325 0.133902 0.307494 0.277887 0.104916 0.175438 0.559055 0.22149 0.0226834
BD_Brms
 4.23288 1.55122 0.194559 0.623018 0.116445 0.00324841 1.22069 0.233154 0.0523232 0.309129 0.0252277 0.107707 0.365046 0.0950183 0.107905 0.0677581 0.709607 0.180686 3.55322 1.56318 0.371396 0.788714 1.2991 0.490938 1.1274 1.01885 0.384664 0.643225 2.04972 0.81207 0.0831663
Sel_flota
 0.406238 0.928568 0.995968 0.999787 0.999989
 0.406238 0.928568 0.995968 0.999787 0.999989
 0.406238 0.928568 0.995968 0.999787 0.999989
 0.406238 0.928568 0.995968 0.999787 0.999989
 0.406238 0.928568 0.995968 0.999787 0.999989
 0.406238 0.928568 0.995968 0.999787 0.999989
 0.406238 0.928568 0.995968 0.999787 0.999989
 0.406238 0.928568 0.995968 0.999787 0.999989
 0.406238 0.928568 0.995968 0.999787 0.999989
 0.406238 0.928568 0.995968 0.999787 0.999989
 0.406238 0.928568 0.995968 0.999787 0.999989
 0.406238 0.928568 0.995968 0.999787 0.999989
 0.406238 0.928568 0.995968 0.999787 0.999989
 0.406238 0.928568 0.995968 0.999787 0.999989
 0.406238 0.928568 0.995968 0.999787 0.999989
 0.406238 0.928568 0.995968 0.999787 0.999989
 0.406238 0.928568 0.995968 0.999787 0.999989
 0.406238 0.928568 0.995968 0.999787 0.999989
 0.406238 0.928568 0.995968 0.999787 0.999989
 0.406238 0.928568 0.995968 0.999787 0.999989
 0.406238 0.928568 0.995968 0.999787 0.999989
 0.406238 0.928568 0.995968 0.999787 0.999989
 0.406238 0.928568 0.995968 0.999787 0.999989
 0.406238 0.928568 0.995968 0.999787 0.999989
 0.406238 0.928568 0.995968 0.999787 0.999989
 0.406238 0.928568 0.995968 0.999787 0.999989
 0.406238 0.928568 0.995968 0.999787 0.999989
 0.406238 0.928568 0.995968 0.999787 0.999989
 0.406238 0.928568 0.995968 0.999787 0.999989
 0.406238 0.928568 0.995968 0.999787 0.999989
 0.406238 0.928568 0.995968 0.999787 0.999989
Sel_reclas
 1 1 1 1 1
 1 1 1 1 1
 1 1 1 1 1
 1 1 1 1 1
 1 1 1 1 1
 1 1 1 1 1
 1 1 1 1 1
 1 1 1 1 1
 1 1 1 1 1
 1 1 1 1 1
 1 1 1 1 1
 1 1 1 1 1
 1 1 1 1 1
 1 1 1 1 1
 1 1 1 1 1
 1 1 1 1 1
 1 1 1 1 1
 1 1 1 1 1
 1 1 1 1 1
 1 1 1 1 1
 1 1 1 1 1
 1 1 1 1 1
 1 1 1 1 1
 1 1 1 1 1
 1 1 1 1 1
 1 1 1 1 1
 1 1 1 1 1
 1 1 1 1 1
 1 1 1 1 1
 1 1 1 1 1
 1 1 1 1 1
Sel_pelaces
 0.87942 1 1 1 1
 0.87942 1 1 1 1
 0.87942 1 1 1 1
 0.87942 1 1 1 1
 0.87942 1 1 1 1
 0.87942 1 1 1 1
 0.87942 1 1 1 1
 0.87942 1 1 1 1
 0.87942 1 1 1 1
 0.87942 1 1 1 1
 0.87942 1 1 1 1
 0.87942 1 1 1 1
 0.87942 1 1 1 1
 0.87942 1 1 1 1
 0.87942 1 1 1 1
 0.87942 1 1 1 1
 0.87942 1 1 1 1
 0.87942 1 1 1 1
 0.87942 1 1 1 1
 0.87942 1 1 1 1
 0.87942 1 1 1 1
 0.87942 1 1 1 1
 0.87942 1 1 1 1
 0.87942 1 1 1 1
 0.87942 1 1 1 1
 0.87942 1 1 1 1
 0.87942 1 1 1 1
 0.87942 1 1 1 1
 0.87942 1 1 1 1
 0.87942 1 1 1 1
 0.87942 1 1 1 1
pf_obs 
 0.8446 0.082 0.0669 0.0065 0
 0.8095 0.147 0.0364 0.0071 0
 0.9664 0.0169 0.016 0.0007 0
 0.9276 0.0648 0.0075 0.0001 0
 0.7033 0.2144 0.0806 0.0017 0
 0.9318 0.0425 0.0243 0.0014 0
 0.5671 0.3108 0.0964 0.0239 0.0018
 0.0768 0.2599 0.5324 0.112 0.0189
 0.490249 0.384438 0.106611 0.0170017 0.00170017
 0.7925 0.1577 0.0466 0.003 0.0002
 0.840416 0.127587 0.0312969 0.00059994 9.999e-05
 0.8084 0.0986 0.0794 0.0134 0.0002
 0.7335 0.1905 0.0724 0.0035 0.0001
 0.4001 0.4547 0.1325 0.0127 0
 0.49795 0.308269 0.164784 0.0264974 0.00249975
 0.9179 0.0499 0.0305 0.0017 0
 0.2467 0.6533 0.0926 0.0074 0
 0.9418 0.0223 0.034 0.0019 0
 0.707729 0.231977 0.0356964 0.0245975 0
 0.517169 0.277429 0.184464 0.0207286 0.00020938
 0.811772 0.124168 0.05621 0.00726502 0.000585176
 0.764997 0.148141 0.077277 0.00933861 0.000247198
 0.163321 0.427699 0.378323 0.0303852 0.000271297
 0.753843 0.0900009 0.118128 0.0371064 0.000921714
 0.721811 0.176058 0.0630433 0.0369309 0.00215725
 0.143369 0.312575 0.442814 0.0836902 0.0175525
 0.692698 0.0596174 0.167031 0.0765114 0.00414204
 0.394062 0.376323 0.152708 0.0712218 0.00568511
 0.125707 0.32114 0.495352 0.0537591 0.00404204
 0.23352 0.215282 0.420074 0.123614 0.00750983
 0 0 0 0 0
pf_pred 
 0.00683433 0.142496 0.738356 0.112313 5.81152e-07
 0.0176824 0.0172483 0.148417 0.709246 0.107406
 0.977263 0.00145754 0.00042473 0.00322621 0.0176282
 0.0437375 0.950344 0.000428244 0.000110357 0.00537992
 0.121438 0.1245 0.750002 0.000295953 0.00376483
 0.999177 0.000549382 4.95797e-05 0.000222385 1.18321e-06
 0.00947707 0.990253 0.000186687 1.51617e-05 6.79692e-05
 0.0259447 0.0332124 0.94062 0.000154397 6.81993e-05
 0.969829 0.00249547 0.00105052 0.0266192 6.25995e-06
 0.0765589 0.916507 0.000652331 0.00024017 0.0060418
 0.957868 0.0128426 0.0291088 1.71661e-05 0.000163484
 0.927931 0.0712023 0.000287414 0.00057607 3.54954e-06
 0.442942 0.546674 0.0102769 3.56616e-05 7.13117e-05
 0.882417 0.0921467 0.0250334 0.000398907 4.11267e-06
 0.743478 0.252033 0.00368048 0.000795769 1.26476e-05
 0.979817 0.0193923 0.000779849 8.84749e-06 1.91586e-06
 0.0279195 0.96728 0.00463847 0.000160014 2.18944e-06
 0.986492 0.00126574 0.0121898 5.10465e-05 1.77159e-06
 0.27141 0.725205 0.000345772 0.0030259 1.30417e-05
 0.14095 0.434852 0.422418 0.000182664 0.00159675
 0.914971 0.0326778 0.0282356 0.0240148 0.000100378
 0.846566 0.15033 0.00130992 0.000971824 0.000822957
 0.0170065 0.935491 0.0466629 0.000355714 0.000483668
 0.843603 0.00752998 0.142365 0.00638797 0.000114214
 0.653147 0.32864 0.000974371 0.0164897 0.0007485
 0.0935943 0.763352 0.13627 0.000364877 0.00641881
 0.849009 0.0343091 0.0997765 0.0161078 0.000797185
 0.789126 0.200858 0.0024987 0.0064343 0.00108277
 0.0346826 0.874786 0.0866007 0.000984434 0.00294673
 0.044149 0.0790359 0.800674 0.0728502 0.00329102
 0.944448 0.00863701 0.00437563 0.0388696 0.00366932
pobs_RECLAS
 0 0 0 0 0
 0 0 0 0 0
 0 0 0 0 0
 0 0 0 0 0
 0 0 0 0 0
 0 0 0 0 0
 0 0 0 0 0
 0 0 0 0 0
 0 0 0 0 0
 0 0 0 0 0
 0.991045 0.00858322 0.000360255 1.14367e-05 0
 0.934742 0.0480273 0.0164251 0.00080598 0
 0.827803 0.169806 0.00239088 0 0
 0.941827 0.0461693 0.0120037 0 0
 0.791401 0.0380133 0.147996 0.0225897 0
 0.846168 0.0940531 0.0597789 0 0
 0.134021 0.677848 0.182769 0.00536245 0
 0.80878 0.0450904 0.141981 0.00414843 0
 0.846168 0.0940531 0.0597789 0 0
 0.905697 0.0802665 0.012482 0.00150086 5.37128e-05
 0.989698 0.0102097 9.19794e-05 0 0
 0.975433 0.0193895 0.00387452 0.00125025 5.28907e-05
 0.303575 0.632131 0.0575291 0.00676475 0
 0.966965 0.00978017 0.0227588 0.000495775 0
 0.843318 0.132988 0.00938335 0.0141283 0.000182051
 0.564624 0.303363 0.111486 0.0197234 0.00080311
 0.826376 0.0876187 0.0782897 0.00655872 0.00115652
 0.89761 0.0855135 0.0140674 0.00269457 0.000114338
 0.34875 0.467042 0.161289 0.0227151 0.000203297
 0.318654 0.224769 0.449479 0.00709798 0
 0.937255 0.0296025 0.0250945 0.00804832 0
ppred_RECLAS
 0.016732 0.150115 0.72353 0.109623 5.67114e-07
 0.0470535 0.018252 0.144318 0.686449 0.103928
 0.991521 0.000590454 0.000158208 0.00119619 0.00653445
 0.104515 0.890424 0.000367881 9.43481e-05 0.00459833
 0.387419 0.0991568 0.510685 0.000199749 0.00253983
 0.999669 0.000227218 1.89583e-05 8.46697e-05 4.50386e-07
 0.0242079 0.975549 0.00016818 1.35913e-05 6.09134e-05
 0.0657701 0.0344168 0.899601 0.000147014 6.4923e-05
 0.988956 0.000993676 0.000383278 0.00966511 2.27233e-06
 0.195476 0.799132 0.000510179 0.000186699 0.00469516
 0.983682 0.00526863 0.0109814 6.44611e-06 6.13755e-05
 0.971714 0.0279774 0.00010282 0.000205016 1.26289e-06
 0.686867 0.307838 0.00524141 1.80884e-05 3.61605e-05
 0.961702 0.0308001 0.00738041 0.000116784 1.20357e-06
 0.910619 0.0880159 0.00112108 0.00024054 3.82149e-06
 0.992402 0.00732605 0.000267977 3.0243e-06 6.54709e-07
 0.0689587 0.926832 0.00406806 0.000139652 1.91034e-06
 0.994659 0.000535979 0.004784 1.99503e-05 6.92232e-07
 0.470651 0.527078 0.00023284 0.00202911 8.74358e-06
 0.304381 0.367273 0.326976 0.000140713 0.00122973
 0.968278 0.0129258 0.0101623 0.00859808 3.59288e-05
 0.934136 0.0646448 0.000515953 0.000380933 0.000322498
 0.0403775 0.916606 0.0422597 0.000320757 0.000436038
 0.934416 0.00340843 0.0594714 0.00265675 4.74905e-05
 0.819844 0.171402 0.000470209 0.00792369 0.000359592
 0.20041 0.6814 0.112609 0.000300247 0.00528068
 0.937543 0.0151395 0.0404889 0.00650637 0.000321926
 0.898629 0.0969005 0.00111871 0.00286898 0.000482692
 0.0778848 0.841208 0.0774079 0.000876423 0.00262287
 0.113037 0.0794152 0.737728 0.0668026 0.00301705
 0.980383 0.00331876 0.00152747 0.0134968 0.00127375
pobs_PELACES
 0 0 0 0 0
 0 0 0 0 0
 0 0 0 0 0
 0 0 0 0 0
 0 0 0 0 0
 0 0 0 0 0
 0 0 0 0 0
 0 0 0 0 0
 0 0 0 0 0
 0 0 0 0 0
 0 0 0 0 0
 0 0 0 0 0
 0 0 0 0 0
 0 0 0 0 0
 0 0 0 0 0
 0 0 0 0 0
 0.505614 0.472636 0.0217494 0 0
 0 0 0 0 0
 0.443492 0.261883 0.143347 0.151278 0
 0.227955 0.32914 0.350689 0.0885471 0.00366901
 0.970185 0.0296113 0.000203453 0 0
 0.997202 0.00247181 0.000326279 0 0
 0.445219 0.490057 0.0546422 0.010081 0
 0.90214 0.0892962 0.00764917 0.000914606 0
 0 0 0 0 0
 0.581667 0.319106 0.0959925 0.00289975 0.000334073
 0.762889 0.0836404 0.116647 0.0363945 0.000428098
 0.88444 0.0763242 0.0277011 0.0115352 0
 0.521256 0.241999 0.230069 0.00667565 0
 0.616807 0.101726 0.260614 0.0208532 0
 0 0 0 0 0
ppred_PELACES
 0.0156643 0.151196 0.723556 0.109582 5.66893e-07
 0.0526025 0.0186756 0.14359 0.681901 0.103231
 0.992387 0.000544482 0.000141982 0.00107186 0.00585478
 0.115358 0.879802 0.000352444 9.02311e-05 0.00439728
 0.552633 0.0782385 0.36717 0.00014286 0.00181598
 0.999677 0.000222739 1.8232e-05 8.13378e-05 4.32638e-07
 0.0276196 0.972147 0.000161984 1.30653e-05 5.85502e-05
 0.0696989 0.0350021 0.895088 0.000146095 6.4513e-05
 0.990454 0.000885341 0.000330845 0.00832796 1.95777e-06
 0.245018 0.7502 0.000453817 0.000165567 0.00416306
 0.985202 0.00486578 0.00987111 5.7855e-06 5.50812e-05
 0.976127 0.0236224 8.34947e-05 0.000166115 1.02314e-06
 0.731546 0.264108 0.0043012 1.48063e-05 2.95953e-05
 0.97439 0.0208668 0.00466906 7.35943e-05 7.58308e-07
 0.942414 0.0567721 0.000669136 0.000142941 2.27039e-06
 0.993666 0.00611652 0.000214955 2.42042e-06 5.23915e-07
 0.0775645 0.9184 0.00390046 0.000133648 1.82803e-06
 0.994662 0.000542913 0.00477412 1.98923e-05 6.90187e-07
 0.468572 0.529185 0.000230177 0.00200414 8.63558e-06
 0.332416 0.357685 0.308608 0.000132572 0.00115848
 0.97395 0.0108715 0.00821482 0.00693477 2.89749e-05
 0.941177 0.0577684 0.000446523 0.000329073 0.000278567
 0.0413218 0.916501 0.0414357 0.000314154 0.000427036
 0.938148 0.00328222 0.0560251 0.00249968 4.46799e-05
 0.82141 0.170067 0.000458299 0.00771518 0.00035011
 0.201287 0.682354 0.11087 0.000295327 0.00519388
 0.943211 0.0140514 0.0365785 0.005869 0.000290366
 0.895662 0.0997927 0.00113795 0.00291628 0.000490632
 0.0737566 0.845631 0.0771273 0.000872807 0.00261197
 0.127559 0.0803362 0.723729 0.0654211 0.00295439
 0.984315 0.00275072 0.00121478 0.0107087 0.0010105
pobs_pel_tallas
 0 0 0 0 0 0 0 0 0 0 0 0 0 0 0 0 0 0 0 0 0 0 0 0 0 0
 0 0 0 0 0 0 0 0 0 0 0 0 0 0 0 0 0 0 0 0 0 0 0 0 0 0
 0 0 0 0 0 0 0 0 0 0 0 0 0 0 0 0 0 0 0 0 0 0 0 0 0 0
 0 0 0 0 0 0 0 0 0 0 0 0 0 0 0 0 0 0 0 0 0 0 0 0 0 0
 0 0 0 0 0 0 0 0 0 0 0 0 0 0 0 0 0 0 0 0 0 0 0 0 0 0
 0 0 0 0 0 0 0 0 0 0 0 0 0 0 0 0 0 0 0 0 0 0 0 0 0 0
 0 0 0 0 0 0 0 0 0 0 0 0 0 0 0 0 0 0 0 0 0 0 0 0 0 0
 0 0 0 0 0 0 0 0 0 0 0 0 0 0 0 0 0 0 0 0 0 0 0 0 0 0
 0 0 0 0 0 0 0 0 0 0 0 0 0 0 0 0 0 0 0 0 0 0 0 0 0 0
 0 0 0 0 0 0 0 0 0 0 0 0 0 0 0 0 0 0 0 0 0 0 0 0 0 0
 0 0 0 0 0 0 0 0 0 0 0 0 0 0 0 0 0 0 0 0 0 0 0 0 0 0
 0 0 0 0 0 0 0 0 0 0 0 0 0 0 0 0 0 0 0 0 0 0 0 0 0 0
 0.00862536 0 0 0.000197151 0.00414017 0.0128641 0.00837892 0.0270097 0.101434 0.158115 0.152841 0.127902 0.109271 0.109419 0.0830992 0.0579132 0.0238553 0.00714673 0.00463305 0.00128148 0.00103504 0.000492878 0.000147863 0.000147863 4.92878e-05 0
 0 0 0 0 0 0 0 0 0 0 0 0 0 0 0 0 0 0 0 0 0 0 0 0 0 0
 0 0 0 0 0 0 0 0.0054083 0.00873648 0.0413646 0.0450493 0.0745869 0.0622846 0.0627006 0.0613931 0.0827291 0.12552 0.122667 0.0946155 0.0697135 0.0546179 0.0294188 0.0215738 0.0213955 0.0102223 0.00600262
 0 0 0 0 0.00359764 0.0251062 0.0480494 0.140153 0.205849 0.193036 0.1447 0.116669 0.0760912 0.0342217 0.00950174 0.001854 0.000860785 0 0 0 0.000165536 0 0.000143464 0 0 0
 0 0 0 0 0 0 0 0.000145254 0.000435761 0.0275982 0.070085 0.0708112 0.156366 0.174668 0.174014 0.160142 0.0824315 0.0480064 0.0283245 0.00493863 0.00203355 0 0 0 0 0
 0 0 0 0 0 0 0 0 0 0 0 0 0 0 0 0 0 0 0 0 0 0 0 0 0 0
 0 0 1.00437e-05 0.000401748 0.00122533 0.00171747 0.00176769 0.0269171 0.070346 0.194647 0.189555 0.159765 0.064822 0.0314167 0.0384472 0.0292271 0.0345202 0.0313363 0.0194345 0.0106764 0.0143323 0.0359363 0.0279516 0.0138201 0.00172751 0
 0 0.0021121 0.0136068 0.0755702 0.200478 0.177729 0.0527432 0.0373336 0.0318909 0.0142505 0.0149659 0.0166563 0.0217959 0.0798694 0.0677717 0.0528807 0.04013 0.0224614 0.0357745 0.0225083 0.00881397 0.00855152 0.00135912 0.000746735 0 0
 0 0 0 0 5.4009e-05 0.00500934 0.000945158 0.0243581 0.138947 0.33067 0.221406 0.137944 0.0707744 0.0437923 0.0131692 0.00525238 0.0047753 0.00276346 9.45158e-05 9.00151e-06 2.25038e-05 9.00151e-06 4.50075e-06 0 0 0
 0.000866109 0.00284123 0.00948549 0.0512746 0.133035 0.25785 0.225252 0.132002 0.0553304 0.0519788 0.0540692 0.017754 0.00435017 0.00159236 0.00146478 0.000404838 0.000125132 0.000115318 0.000107957 0.000100596 0 0 0 0 0 0
 0 0 0 0 0.00144013 0.00171154 0.00461396 0.0210425 0.0478622 0.0707936 0.0888783 0.103762 0.0637923 0.0337046 0.0602308 0.124433 0.169614 0.0934646 0.0462172 0.0250306 0.0313229 0.00938855 0.002487 0.000210481 0 0
 0 0.00764035 0.051015 0.0998891 0.058973 0.0496711 0.0374665 0.0718981 0.12319 0.153886 0.159021 0.0857701 0.0377988 0.023471 0.0147837 0.00900784 0.00315554 0.000888139 0.00291439 0.00214683 0.00393193 0.00274676 0.000635225 9.99891e-05 0 0
 0 0 0 0 0 0 0 0 0 0 0 0 0 0 0 0 0 0 0 0 0 0 0 0 0 0
 0 0 0 0 0 0 0 0 0 0 0 0 0 0 0 0 0 0 0 0 0 0 0 0 0 0
 0 0 0 0 0 0 0 0 0 0 0 0 0 0 0 0 0 0 0 0 0 0 0 0 0 0
 0 0 0 0 0 0 0 0 0 0 0 0 0 0 0 0 0 0 0 0 0 0 0 0 0 0
 0 0 0 0 0 0 0 0 0 0 0 0 0 0 0 0 0 0 0 0 0 0 0 0 0 0
 0 0 0 0 0 0 0 0 0 0 0 0 0 0 0 0 0 0 0 0 0 0 0 0 0 0
 0 0 0 0 0 0 0 0 0 0 0 0 0 0 0 0 0 0 0 0 0 0 0 0 0 0
ppred_pel_tallas
 1.31909e-16 1.29028e-06 1.2542e-05 8.3347e-05 0.000378893 0.00117896 0.00251247 0.0036703 0.00368599 0.00258968 0.00144145 0.0011514 0.00207657 0.00454297 0.00913073 0.0164641 0.0269143 0.0405183 0.0571025 0.076289 0.09708 0.117227 0.133134 0.140849 0.137801 0.124164
 1.90004e-16 4.3328e-06 4.21164e-05 0.000279878 0.00127229 0.00395857 0.00843423 0.0123105 0.0123128 0.00844562 0.00399834 0.00139415 0.000613184 0.000864496 0.00185845 0.00387504 0.00760466 0.0141377 0.0249496 0.0416463 0.0653299 0.0956853 0.130199 0.164062 0.191109 0.205614
 1.01103e-16 8.17416e-05 0.000794557 0.00528011 0.0240026 0.0746811 0.159116 0.232234 0.232234 0.159116 0.074682 0.0240052 0.0052868 0.000809543 0.000111492 5.86876e-05 8.64787e-05 0.00013231 0.000198076 0.000296737 0.000446165 0.000661476 0.000943988 0.00127213 0.00160017 0.00186762
 1.00989e-16 9.50207e-06 9.23636e-05 0.000613793 0.00279026 0.008682 0.018501 0.0270205 0.0271051 0.0189143 0.010069 0.00679384 0.0106535 0.0219763 0.0414746 0.0682983 0.097793 0.121733 0.131746 0.123989 0.101514 0.0723856 0.045087 0.0247346 0.0122308 0.00579228
 1.10938e-16 4.55196e-05 0.000442467 0.00294035 0.0133664 0.0415879 0.0886077 0.129327 0.129335 0.0886475 0.0417231 0.0137638 0.00396403 0.00276364 0.00470631 0.00836406 0.0135635 0.020202 0.0280742 0.0368684 0.045997 0.0543326 0.0602063 0.0619217 0.0585824 0.0506666
 1.00009e-16 8.23421e-05 0.000800394 0.0053189 0.024179 0.0752297 0.160285 0.23394 0.23394 0.160285 0.0752301 0.02418 0.00532146 0.000805976 9.29523e-05 2.3357e-05 2.56674e-05 3.21384e-05 3.58465e-05 3.57388e-05 3.26691e-05 2.85916e-05 2.53266e-05 2.36171e-05 2.30352e-05 2.25678e-05
 1.00265e-16 2.27519e-06 2.21158e-05 0.000146972 0.00066817 0.00207942 0.00443389 0.00649099 0.00658446 0.00489052 0.003612 0.00509186 0.0112401 0.0242019 0.0458166 0.0754585 0.108039 0.134469 0.145491 0.136845 0.111894 0.0795405 0.0491605 0.0264235 0.0123592 0.00503969
 1.25865e-16 5.74102e-06 5.58047e-05 0.000370842 0.0016858 0.00524517 0.0111755 0.016312 0.0163168 0.0111994 0.00532916 0.00194582 0.00108912 0.00184024 0.00402662 0.00828898 0.0157435 0.0276753 0.0450649 0.0678251 0.0939734 0.119328 0.138317 0.145913 0.139795 0.121478
 1.00846e-16 8.15824e-05 0.00079301 0.00526983 0.0239559 0.0745356 0.158806 0.231782 0.231782 0.158806 0.0745371 0.0239602 0.00528082 0.000817735 0.000130816 9.35816e-05 0.000143346 0.00021823 0.000320859 0.000464751 0.000665844 0.000931148 0.00124575 0.00156694 0.00183202 0.00197834
 1.00926e-16 2.01819e-05 0.000196176 0.00130366 0.00592629 0.0184393 0.0392895 0.0573593 0.0574315 0.0396419 0.019622 0.00934014 0.00986448 0.0188566 0.0353778 0.0582399 0.0833911 0.103808 0.112354 0.10575 0.0866026 0.0617861 0.0385337 0.0212053 0.0105667 0.00509314
 1.00297e-16 8.11498e-05 0.000788805 0.00524189 0.0238289 0.0741404 0.157964 0.230553 0.230554 0.157966 0.0741484 0.0238521 0.00530093 0.000919917 0.000336638 0.000444906 0.000671932 0.000925276 0.00116828 0.00138025 0.00155494 0.00168735 0.00175927 0.00174116 0.0016118 0.0013785
 1.00026e-16 8.04023e-05 0.000781539 0.0051936 0.0236094 0.0734575 0.156509 0.22843 0.228432 0.15652 0.0734947 0.0237169 0.0054632 0.00136922 0.00119399 0.00184006 0.00262738 0.00327125 0.00354229 0.0033371 0.00273747 0.00195932 0.00122954 0.000684524 0.000347824 0.00017152
 1.00199e-16 6.02566e-05 0.000585715 0.00389228 0.0176938 0.055052 0.117295 0.171201 0.171226 0.117419 0.0554685 0.0188961 0.00690752 0.00715911 0.0125182 0.0205309 0.0294081 0.0366406 0.039716 0.0374772 0.030828 0.0221653 0.0140083 0.00787236 0.00402578 0.00195217
 1.00148e-16 8.02592e-05 0.000780148 0.00518436 0.0235673 0.0733267 0.15623 0.228023 0.228025 0.15624 0.0733598 0.0236628 0.00542414 0.00130394 0.00107607 0.00165452 0.00238142 0.00300611 0.003332 0.00326791 0.00287518 0.00232141 0.00177687 0.00133561 0.00100686 0.000757002
 1.00049e-16 7.76254e-05 0.000754546 0.00501422 0.0227939 0.0709204 0.151104 0.220541 0.220547 0.15113 0.07101 0.0230524 0.00566229 0.00216733 0.00275498 0.00441652 0.00631901 0.00787112 0.00852877 0.00804328 0.00660975 0.00474471 0.00299101 0.00167513 0.000854365 0.000416279
 1.00009e-16 8.18469e-05 0.000795581 0.00528692 0.0240336 0.0747773 0.159321 0.232534 0.232534 0.159324 0.074787 0.0240614 0.00535679 0.000947934 0.000370669 0.000481856 0.000682875 0.000851537 0.000924963 0.00087612 0.000725663 0.000528524 0.000342279 0.000201335 0.000111589 6.12716e-05
 1.00362e-16 6.38907e-06 6.21042e-05 0.000412708 0.00187617 0.00583792 0.0124416 0.0181774 0.0182657 0.012873 0.00728589 0.00605571 0.0108938 0.0229089 0.0432978 0.0713104 0.102116 0.127131 0.137615 0.129545 0.106089 0.0756379 0.047024 0.0255816 0.0122726 0.00528218
 1.00141e-16 8.1929e-05 0.000796379 0.00529222 0.0240577 0.0748523 0.159481 0.232767 0.232767 0.159481 0.0748533 0.0240607 0.00530012 0.000814762 0.000120178 7.76564e-05 0.000123928 0.000197095 0.000294075 0.000412634 0.000543454 0.000667492 0.000758425 0.000791403 0.000754276 0.000654275
 1.00345e-16 3.85957e-05 0.000375164 0.0024931 0.0113333 0.0352624 0.0751322 0.109668 0.109719 0.0753807 0.0360967 0.0137414 0.00853182 0.0135381 0.0249794 0.0410832 0.0588222 0.073222 0.079245 0.0745763 0.0610495 0.0435097 0.0270549 0.0147595 0.00716864 0.00321867
 1.09207e-16 2.73808e-05 0.000266151 0.00176867 0.00804013 0.025016 0.0533005 0.077801 0.0778359 0.0534711 0.0255898 0.0097025 0.00596017 0.00947792 0.017702 0.0296878 0.0438412 0.0573554 0.067278 0.0720668 0.072237 0.069514 0.0653105 0.0599051 0.0528558 0.0439891
 1.00941e-16 8.0223e-05 0.000779796 0.00518202 0.0235567 0.0732936 0.15616 0.22792 0.227921 0.156165 0.0733111 0.0236073 0.00530964 0.00106056 0.00061986 0.000914858 0.00135087 0.00178618 0.00213742 0.00237205 0.0025198 0.00263943 0.00276387 0.0028702 0.00289585 0.00278239
 1.00108e-16 7.75235e-05 0.000753556 0.00500765 0.022764 0.0708274 0.150906 0.220252 0.220258 0.150933 0.0709185 0.023027 0.00566704 0.00219099 0.00280153 0.0044932 0.00642856 0.00800718 0.00867599 0.00818295 0.0067281 0.00483876 0.00306836 0.00174861 0.00093528 0.000509732
 1.01534e-16 3.40381e-06 3.30863e-05 0.000219875 0.000999572 0.00311051 0.00663053 0.00969595 0.00978413 0.00706137 0.0045567 0.00517471 0.0106927 0.0228711 0.0433051 0.0713974 0.102404 0.127831 0.139011 0.131935 0.109675 0.0804192 0.0527322 0.0317155 0.0182262 0.0105146
 1.01876e-16 7.7274e-05 0.000751131 0.00499153 0.0226908 0.0705994 0.15042 0.219542 0.219542 0.150422 0.0706064 0.0227121 0.00504918 0.000890682 0.000382384 0.000614096 0.00111914 0.00190961 0.00303655 0.00449483 0.00616832 0.00780549 0.00906184 0.00961512 0.00930216 0.00819689
 1.0089e-16 6.76585e-05 0.000657664 0.00437041 0.0198673 0.0618145 0.131703 0.192228 0.192244 0.131783 0.0620827 0.0206414 0.00631192 0.00489035 0.00808984 0.0132243 0.0189446 0.0236181 0.0256371 0.024273 0.0201268 0.0147547 0.00977437 0.00613169 0.00394524 0.00281862
 1.04283e-16 1.65799e-05 0.000161162 0.00107098 0.00486857 0.0151483 0.0322775 0.0471237 0.0471895 0.0325989 0.0162276 0.00798614 0.00889703 0.0172471 0.03247 0.0536624 0.0773173 0.0972494 0.107132 0.103994 0.0899501 0.0707008 0.0520954 0.0374484 0.0271556 0.0200122
 1.01697e-16 7.7691e-05 0.000755184 0.00501847 0.0228132 0.0709804 0.151231 0.220727 0.220728 0.151238 0.0710038 0.0228814 0.0051924 0.00114374 0.000841601 0.0013362 0.00207551 0.00294021 0.0038569 0.00477953 0.00568107 0.00650711 0.00713676 0.00740493 0.00718409 0.00646533
 1.00434e-16 7.37746e-05 0.000717115 0.00476548 0.0216632 0.0674023 0.143608 0.209602 0.209612 0.143655 0.0675597 0.0221175 0.0059049 0.00320127 0.00478223 0.00776471 0.0111211 0.0138661 0.0150528 0.0142511 0.0118094 0.00863716 0.00568187 0.00350147 0.00217355 0.00147643
 1.02972e-16 6.07541e-06 5.90552e-05 0.000392447 0.00178406 0.0055513 0.0118306 0.0172842 0.0173657 0.0122285 0.00688692 0.00564078 0.0100695 0.0211713 0.040064 0.0661229 0.0950103 0.11896 0.130038 0.124552 0.105254 0.0795048 0.0549504 0.0360599 0.0235031 0.0157104
 1.27967e-16 1.05069e-05 0.000102131 0.000678697 0.00308526 0.00959945 0.020453 0.0298535 0.0298624 0.0204968 0.00974991 0.00353416 0.00185946 0.00285823 0.00576728 0.010879 0.0188375 0.0302798 0.0456296 0.0647328 0.0862809 0.107379 0.123857 0.131584 0.128228 0.114402
 1.01281e-16 8.10767e-05 0.000788095 0.00523717 0.0238074 0.0740737 0.157822 0.230346 0.230346 0.157823 0.0740781 0.0238204 0.00527004 0.000860966 0.00022295 0.000250025 0.000377081 0.000531008 0.000704122 0.000909162 0.00117286 0.00151687 0.00193231 0.00236598 0.00273034 0.00293413
pSPR Fmed_Fpbrs
0.264513   0.322747 0.322747
Fs Fmed_Fpbrs
1.24846   1.005 1.005
SSBpbr Bo_Bmed_Bpbrs
1.44368e+06  309689  393760 393760
Ro
26122.8
SPR SPRFo_SPRFmed_SPRFpbrs
186011 49202.5 60034.6
Fref
1.005
log_Ro
9.99056
likeval ReclasPelacesDesembMPH_pf_preclas_ppelaces_ptallas_desvR_qrecl_qpela
 37.8935 35.5086 0.589416 0.00105827 417.331 149.857 112.184 0 211.427 7.72297e-05 0.000130133 0.574456 0 0 0
q_reclas_q_pelaces
3.47399 5.06804
M
1
N
 1530.59 14933.8 72762.2 11031 0.057069
 916.986 494.183 4076.86 19438.3 2943.32
 246936 202.271 56.4734 427.983 2338.24
 4519.53 55323.9 23.9516 6.159 300.219
 1240.62 946.16 5610.24 2.21198 28.1374
 293438 83.5144 7.1733 32.0895 0.170709
 1265.95 76087.9 13.8116 1.11943 5.01785
 369.573 250.079 6757.1 1.10633 0.488617
 62544.1 91.1511 36.8868 932.707 0.219317
 1676.39 12902.4 8.93776 3.28592 82.6555
 31327.6 230.505 500.534 0.294498 2.80436
 154517 7032.63 27.419 54.8548 0.337963
 36902.3 27883.1 507.853 1.75934 3.51779
 84143.6 6024.43 1601.5 25.4908 0.26279
 36845.6 8856.63 126.881 27.4058 0.435553
 278193 3285.88 127.708 1.44624 0.313142
 2489.88 49265.2 227.299 7.82502 0.107057
 781762 501.93 4582.53 19.1347 0.663975
 163015 218986 99.0362 864.209 3.7242
 25913.4 45189 42188.7 18.2047 159.118
 252764 5375.93 4488.39 3810.48 15.9257
 446842 45058.2 377.527 279.5 236.659
 3203.78 91525.7 4346.8 33.0484 44.9299
 174605 824.277 14868.9 665.488 11.8971
 166842 43007.4 121.215 2045.77 92.8481
 10679.6 44313.6 7513.96 20.0636 352.901
 130014 2882.08 8029.47 1293.29 63.9978
 234369 29219.2 343.71 882.395 148.467
 5739.32 68797.9 6416.5 72.7038 217.589
 1782.29 1795.39 17472.1 1586.31 71.6534
 68070.9 374.331 183.417 1626.45 153.523
pred_Ctot
 119.641 2494.51 12925.5 1966.13 0.0101736
 241.858 235.92 2030.03 9700.98 1469.09
 63522.9 94.7416 27.6078 209.706 1145.85
 1288.25 27991.5 12.6135 3.25045 158.46
 728.287 746.652 4497.92 1.77489 22.5785
 56323.3 30.9685 2.79479 12.5358 0.066697
 389.485 40697 7.67239 0.623108 2.79337
 79.5249 101.802 2883.16 0.473253 0.209043
 18192.3 46.8106 19.7059 499.331 0.117426
 717.157 8585.27 6.11064 2.24977 56.5959
 8032.63 107.697 244.104 0.143954 1.37097
 52677.9 4042.1 16.3163 32.7031 0.201505
 13841.3 17082.9 321.138 1.11438 2.22839
 41846.3 4369.81 1187.14 18.9171 0.195032
 19675.4 6669.82 97.4005 21.0593 0.334707
 96683.3 1913.53 76.9514 0.873024 0.189047
 746.671 25868.6 124.05 4.27937 0.0585537
 120531 154.65 1489.37 6.23694 0.216456
 25989.1 69442.5 33.1096 289.747 1.24882
 7479.82 23076.4 22416.6 9.69347 84.7352
 87261.7 3116.51 2692.85 2290.32 9.57319
 131225 23302.3 203.048 150.641 127.565
 626.75 34476.2 1719.7 13.1093 17.8249
 37676.5 336.3 6358.23 285.296 5.10097
 30107.1 15148.8 44.914 760.098 34.5024
 1844.37 15042.6 2685.35 7.19028 126.489
 33275 1344.67 3910.52 631.31 31.2439
 30490.9 7760.9 96.5468 248.613 41.8371
 550.189 13877.2 1373.79 15.6166 46.7456
 505.72 905.343 9171.58 834.487 37.698
 24213.6 221.434 112.182 996.532 94.0733
F
 0.130503 0.2983 0.319952 0.321179 0.321244
 0.511484 1.16914 1.254 1.25881 1.25906
 0.495925 1.13357 1.21585 1.22052 1.22076
 0.563753 1.28861 1.38214 1.38745 1.38773
 1.69835 3.88205 4.16382 4.17979 4.18063
 0.349777 0.799511 0.857543 0.860832 0.861005
 0.6218 1.4213 1.52446 1.53031 1.53061
 0.39983 0.913921 0.980257 0.984017 0.984215
 0.578462 1.32223 1.41821 1.42365 1.42393
 0.984125 2.24949 2.41277 2.42202 2.42251
 0.49394 1.12904 1.21099 1.21563 1.21588
 0.712285 1.62812 1.7463 1.753 1.75335
 0.812451 1.85708 1.99188 1.99951 1.99992
 1.25136 2.86032 3.06794 3.0797 3.08033
 1.4171 3.23918 3.47429 3.48761 3.48832
 0.731096 1.67112 1.79242 1.79929 1.79966
 0.601531 1.37497 1.47477 1.48042 1.48072
 0.272544 0.622974 0.668193 0.670755 0.67089
 0.282991 0.646853 0.693804 0.696465 0.696605
 0.572829 1.30936 1.4044 1.40978 1.41007
 0.724501 1.65605 1.77625 1.78306 1.78342
 0.585584 1.33851 1.43567 1.44118 1.44147
 0.35758 0.817348 0.876675 0.880037 0.880214
 0.401152 0.916944 0.9835 0.987272 0.987471
 0.325758 0.744609 0.798656 0.801719 0.801881
 0.309817 0.708173 0.759575 0.762488 0.762642
 0.492817 1.12647 1.20823 1.21287 1.21311
 0.225724 0.515954 0.553405 0.555527 0.555639
 0.162119 0.370567 0.397464 0.398988 0.399069
 0.560516 1.28121 1.37421 1.37948 1.37976
 0.754699 1.72507 1.85029 1.85738 1.85776
nmprior
 8 9 7.5 0
nm_flota  nm_reclas  nm_pelaces    nm_pelaL
inf 8.59284 4.72292 6.44248
cv_recla  cv_pelaces  cv_mph
0.556811 0.701183 1.00393
 ------------------------------------------------
Talla a la edad & desviación 
 8 13.2811 15.8009 17.003 17.5766
 0.8 1.32811 1.58009 1.7003 1.75766
