years
 1991 1992 1993 1994 1995 1996 1997 1998 1999 2000 2001 2002 2003 2004 2005 2006 2007 2008 2009 2010 2011 2012 2013 2014 2015 2016 2017 2018 2019 2020 2021
reclasobs
 0 0 0 0 0 0 0 0 0 252601 567819 844713 477998 351125 339783 2.1784e+06 2.13404e+06 4.81314e+06 1.55562e+06 2.62356e+06 3.21686e+06 3.843e+06 1.13348e+06 3.07943e+06 1.97215e+06 2.03268e+06 2.025e+06 2.42433e+06 2.27542e+06 1.05018e+06 2.36338e+06
reclaspred
 4.255e+06 1.5365e+06 885767 489373 102163 1.81794e+06 630628 198853 543795 195689 329638 651617 580977 423185 325668 1.91674e+06 1.26053e+06 4.38796e+06 3.54936e+06 2.0668e+06 3.9988e+06 3.56433e+06 2.1017e+06 3.81449e+06 2.53767e+06 1.73023e+06 2.69224e+06 3.81385e+06 2.76535e+06 1.09937e+06 738175
pelacesobs
 0 0 0 0 0 0 0 0 0 0 0 0 0 0 0 552880 188675 0 991730 2.46772e+06 1.41603e+06 1.21717e+06 2.29649e+06 1.80582e+06 0 1.4828e+06 1.56532e+06 1.57751e+06 1.42118e+06 867257 0
pelacespred
 1.04624e+06 385346 186782 68636.4 14171.9 407874 100010 43454.8 110318 30318.6 71470.4 115476 112351 79518.8 60704.7 364246 237589 1.02831e+06 813575 435357 864034 773800 459991 966676 603006 407051 743251 1.02998e+06 620006 284444 163917
mphobs
 0 0 0 0 0 0 0 0 0 0 0 498337 0 5186 125008 0 168611 109162 213762 579715 649985 157893 87575 83554 0 0 0 0 0 0 0
mphpred
 2.32319e+06 1.09154e+06 286017 242618 74406.5 14721 465303 105609 40351.4 111897 26079.7 99512.3 148369 99950.1 52619.9 56353.5 594862 344834 1.24399e+06 854150 686515 1.00904e+06 1.04028e+06 616071 1.0531e+06 738720 456978 693251 1.33705e+06 715281 205933
desembarqueobs
 494567 514787 250237 358949 120608 361735 552515 73892 212993 205616 52469 317467 293654 387597 252695 516296 358380 742168 942051 627588 828172 859565 418607 520667 417249 300574 407403 355545 319650 289779 219260
desembarquepred
 494524 514662 249707 358714 120526 361550 551810 73865.8 212835 205405 52457.9 317204 293365 386976 252409 515919 358239 741704 940803 626692 827719 858819 418368 520468 416999 300364 407191 355389 319481 289546 219179
Reclutas
 18902.6 12285.1 183625 23111.3 8198.18 282512 13297.6 3443.5 54496.3 18183.7 50488 125743 81362.7 68212 46382 391304 17517.8 637490 317838 175944 372166 510187 25142.1 273024 171393 49754.4 228492 304375 24310.8 12197.5 65295.6
log_desv_Rt
 -1.27902 -1.70993 0.994579 -1.07799 -2.1144 1.42541 -1.63073 -2.98183 -0.220182 -1.31779 -0.296579 0.615924 0.180602 0.0043058 -0.381403 1.75117 -1.3551 2.23922 1.54323 0.951853 1.70103 2.01646 -0.993769 1.39124 0.925645 -0.311216 1.21318 1.49995 -1.02739 -1.71708 -0.0393905
SSB
 2.32319e+06 1.09154e+06 286017 242618 74406.5 14721 465303 105609 40351.4 111897 26079.7 99512.3 148369 99950.1 52619.9 56353.5 594862 344834 1.24399e+06 854150 686515 1.00904e+06 1.04028e+06 616071 1.0531e+06 738720 456978 693251 1.33705e+06 715281 205933
BT
 2.86736e+06 1.44486e+06 663396 418922 137402 1.26174e+06 716972 170251 447080 254963 209231 527600 522283 585199 390290 1.24718e+06 830466 3.04524e+06 2.76648e+06 1.57884e+06 2.68948e+06 2.56028e+06 1.42348e+06 2.72549e+06 1.7827e+06 1.21376e+06 2.14326e+06 2.72881e+06 1.69705e+06 966474 587431
Ftot
 0.216247 0.597123 0.602975 1.26047 1.83392 0.493179 1.42047 0.684311 0.905548 1.75998 0.383589 1.05292 1.03632 1.78458 1.60649 0.651249 0.529956 0.40313 0.54519 0.60865 0.454709 0.517453 0.375065 0.310751 0.33474 0.342304 0.346727 0.215851 0.218923 0.483227 0.636011
BD_Bspro_t
 0.966087 0.734267 0.412194 0.39478 0.141271 0.0441929 0.468993 0.150166 0.0918768 0.234445 0.0929782 0.367879 0.311394 0.201409 0.112851 0.124804 0.466777 0.333351 0.571762 0.445144 0.354498 0.443296 0.475003 0.388683 0.550992 0.524695 0.473436 0.602838 0.723189 0.584477 0.378862
BD_Bspro
 4.80368 2.25698 0.591399 0.501663 0.153851 0.0304387 0.96211 0.218369 0.0834348 0.231371 0.0539251 0.205762 0.306783 0.206667 0.108803 0.116523 1.23 0.713017 2.57221 1.76613 1.41951 2.08639 2.15099 1.27385 2.17751 1.52746 0.944897 1.43344 2.76463 1.47899 0.425809
BD_Bo
 1.42772 0.670809 0.175773 0.149102 0.0457268 0.00904683 0.285954 0.0649026 0.0247981 0.0687668 0.0160273 0.0611556 0.0911805 0.0614247 0.0323377 0.0346322 0.365575 0.211919 0.764499 0.524921 0.4219 0.620106 0.639307 0.378608 0.647188 0.453983 0.280838 0.42604 0.821688 0.439579 0.126557
BD_Brms
 7.96897 3.74418 0.98109 0.832225 0.255228 0.0504957 1.59608 0.36226 0.138413 0.383828 0.089458 0.341346 0.508932 0.342847 0.180496 0.193303 2.04049 1.18285 4.26712 2.92989 2.35487 3.46118 3.56835 2.11324 3.61234 2.53395 1.56752 2.37798 4.58633 2.45355 0.706388
Sel_flota
 0.727408 0.980658 0.998963 0.999945 0.999997
 0.727408 0.980658 0.998963 0.999945 0.999997
 0.727408 0.980658 0.998963 0.999945 0.999997
 0.727408 0.980658 0.998963 0.999945 0.999997
 0.727408 0.980658 0.998963 0.999945 0.999997
 0.727408 0.980658 0.998963 0.999945 0.999997
 0.727408 0.980658 0.998963 0.999945 0.999997
 0.727408 0.980658 0.998963 0.999945 0.999997
 0.727408 0.980658 0.998963 0.999945 0.999997
 0.727408 0.980658 0.998963 0.999945 0.999997
 0.727408 0.980658 0.998963 0.999945 0.999997
 0.727408 0.980658 0.998963 0.999945 0.999997
 0.727408 0.980658 0.998963 0.999945 0.999997
 0.727408 0.980658 0.998963 0.999945 0.999997
 0.727408 0.980658 0.998963 0.999945 0.999997
 0.727408 0.980658 0.998963 0.999945 0.999997
 0.727408 0.980658 0.998963 0.999945 0.999997
 0.727408 0.980658 0.998963 0.999945 0.999997
 0.727408 0.980658 0.998963 0.999945 0.999997
 0.727408 0.980658 0.998963 0.999945 0.999997
 0.727408 0.980658 0.998963 0.999945 0.999997
 0.727408 0.980658 0.998963 0.999945 0.999997
 0.727408 0.980658 0.998963 0.999945 0.999997
 0.727408 0.980658 0.998963 0.999945 0.999997
 0.727408 0.980658 0.998963 0.999945 0.999997
 0.727408 0.980658 0.998963 0.999945 0.999997
 0.727408 0.980658 0.998963 0.999945 0.999997
 0.727408 0.980658 0.998963 0.999945 0.999997
 0.727408 0.980658 0.998963 0.999945 0.999997
 0.727408 0.980658 0.998963 0.999945 0.999997
 0.727408 0.980658 0.998963 0.999945 0.999997
Sel_reclas
 1 1 1 1 1
 1 1 1 1 1
 1 1 1 1 1
 1 1 1 1 1
 1 1 1 1 1
 1 1 1 1 1
 1 1 1 1 1
 1 1 1 1 1
 1 1 1 1 1
 1 1 1 1 1
 1 1 1 1 1
 1 1 1 1 1
 1 1 1 1 1
 1 1 1 1 1
 1 1 1 1 1
 1 1 1 1 1
 1 1 1 1 1
 1 1 1 1 1
 1 1 1 1 1
 1 1 1 1 1
 1 1 1 1 1
 1 1 1 1 1
 1 1 1 1 1
 1 1 1 1 1
 1 1 1 1 1
 1 1 1 1 1
 1 1 1 1 1
 1 1 1 1 1
 1 1 1 1 1
 1 1 1 1 1
 1 1 1 1 1
Sel_pelaces
 1 1 1 1 1
 1 1 1 1 1
 1 1 1 1 1
 1 1 1 1 1
 1 1 1 1 1
 1 1 1 1 1
 1 1 1 1 1
 1 1 1 1 1
 1 1 1 1 1
 1 1 1 1 1
 1 1 1 1 1
 1 1 1 1 1
 1 1 1 1 1
 1 1 1 1 1
 1 1 1 1 1
 1 1 1 1 1
 1 1 1 1 1
 1 1 1 1 1
 1 1 1 1 1
 1 1 1 1 1
 1 1 1 1 1
 1 1 1 1 1
 1 1 1 1 1
 1 1 1 1 1
 1 1 1 1 1
 1 1 1 1 1
 1 1 1 1 1
 1 1 1 1 1
 1 1 1 1 1
 1 1 1 1 1
 1 1 1 1 1
pf_obs 
 0.8446 0.082 0.0669 0.0065 0
 0.8095 0.147 0.0364 0.0071 0
 0.9664 0.0169 0.016 0.0007 0
 0.9276 0.0648 0.0075 0.0001 0
 0.7033 0.2144 0.0806 0.0017 0
 0.9318 0.0425 0.0243 0.0014 0
 0.5671 0.3108 0.0964 0.0239 0.0018
 0.0768 0.2599 0.5324 0.112 0.0189
 0.490249 0.384438 0.106611 0.0170017 0.00170017
 0.7925 0.1577 0.0466 0.003 0.0002
 0.840416 0.127587 0.0312969 0.00059994 9.999e-05
 0.8084 0.0986 0.0794 0.0134 0.0002
 0.7335 0.1905 0.0724 0.0035 0.0001
 0.4001 0.4547 0.1325 0.0127 0
 0.49795 0.308269 0.164784 0.0264974 0.00249975
 0.9179 0.0499 0.0305 0.0017 0
 0.2467 0.6533 0.0926 0.0074 0
 0.9418 0.0223 0.034 0.0019 0
 0.707729 0.231977 0.0356964 0.0245975 0
 0.517169 0.277429 0.184464 0.0207286 0.00020938
 0.811772 0.124168 0.05621 0.00726502 0.000585176
 0.764997 0.148141 0.077277 0.00933861 0.000247198
 0.163321 0.427699 0.378323 0.0303852 0.000271297
 0.753843 0.0900009 0.118128 0.0371064 0.000921714
 0.721811 0.176058 0.0630433 0.0369309 0.00215725
 0.143369 0.312575 0.442814 0.0836902 0.0175525
 0.692698 0.0596174 0.167031 0.0765114 0.00414204
 0.394062 0.376323 0.152708 0.0712218 0.00568511
 0.125707 0.32114 0.495352 0.0537591 0.00404204
 0.23352 0.215282 0.420074 0.123614 0.00750983
 0 0 0 0 0
pf_pred 
 0.0895538 0.200897 0.634172 0.075377 7.55728e-07
 0.163826 0.100875 0.16482 0.509934 0.060546
 0.917743 0.0186159 0.0078522 0.0125181 0.043271
 0.292578 0.667434 0.00923343 0.0037991 0.026955
 0.455916 0.221007 0.305409 0.00408562 0.0135826
 0.994126 0.0035918 0.000950098 0.00125959 7.27005e-05
 0.132184 0.864304 0.00216729 0.000559948 0.00078421
 0.242917 0.155185 0.599549 0.00145093 0.000898107
 0.949089 0.0166496 0.00716783 0.0269883 0.000105592
 0.590816 0.395739 0.00448604 0.00187649 0.00708213
 0.937986 0.0448313 0.0166409 0.00018118 0.000361002
 0.874441 0.11998 0.00405792 0.00147325 4.79418e-05
 0.738355 0.239925 0.0207834 0.000681771 0.000255158
 0.771555 0.18677 0.0383108 0.00321893 0.000144872
 0.831182 0.145399 0.0192889 0.00379749 0.000332699
 0.981206 0.0168521 0.00168089 0.000214636 4.58643e-05
 0.130929 0.85794 0.010007 0.000973267 0.00015063
 0.952477 0.00848282 0.0385523 0.000439142 4.92576e-05
 0.578638 0.407248 0.00256574 0.0114042 0.000144303
 0.539281 0.306589 0.14909 0.000917061 0.00412246
 0.814648 0.117321 0.0456443 0.021655 0.000730977
 0.77744 0.192145 0.0194159 0.00738327 0.00361667
 0.111433 0.741491 0.127389 0.0125729 0.00711402
 0.81684 0.0275245 0.130344 0.0219098 0.00338197
 0.586203 0.357243 0.00865354 0.0401243 0.00777686
 0.339404 0.439235 0.191686 0.00454508 0.0251302
 0.837719 0.0681252 0.0630568 0.0269344 0.00416478
 0.756584 0.214116 0.0124562 0.0112847 0.00555915
 0.135025 0.700755 0.144808 0.00825773 0.0111544
 0.180422 0.145073 0.548532 0.111097 0.0148766
 0.79862 0.0490003 0.027497 0.101582 0.0232999
pobs_RECLAS
 0 0 0 0 0
 0 0 0 0 0
 0 0 0 0 0
 0 0 0 0 0
 0 0 0 0 0
 0 0 0 0 0
 0 0 0 0 0
 0 0 0 0 0
 0 0 0 0 0
 0 0 0 0 0
 0.991045 0.00858322 0.000360255 1.14367e-05 0
 0.934742 0.0480273 0.0164251 0.00080598 0
 0.827803 0.169806 0.00239088 0 0
 0.941827 0.0461693 0.0120037 0 0
 0.791401 0.0380133 0.147996 0.0225897 0
 0.846168 0.0940531 0.0597789 0 0
 0.134021 0.677848 0.182769 0.00536245 0
 0.80878 0.0450904 0.141981 0.00414843 0
 0.846168 0.0940531 0.0597789 0 0
 0.905697 0.0802665 0.012482 0.00150086 5.37128e-05
 0.989698 0.0102097 9.19794e-05 0 0
 0.975433 0.0193895 0.00387452 0.00125025 5.28907e-05
 0.303575 0.632131 0.0575291 0.00676475 0
 0.966965 0.00978017 0.0227588 0.000495775 0
 0.843318 0.132988 0.00938335 0.0141283 0.000182051
 0.564624 0.303363 0.111486 0.0197234 0.00080311
 0.826376 0.0876187 0.0782897 0.00655872 0.00115652
 0.89761 0.0855135 0.0140674 0.00269457 0.000114338
 0.34875 0.467042 0.161289 0.0227151 0.000203297
 0.318654 0.224769 0.449479 0.00709798 0
 0.937255 0.0296025 0.0250945 0.00804832 0
ppred_RECLAS
 0.119171 0.197254 0.611022 0.0725526 7.27372e-07
 0.215047 0.0964339 0.154461 0.47738 0.0566777
 0.939658 0.013878 0.00573837 0.00913853 0.0315872
 0.37023 0.594951 0.00804764 0.00330724 0.0234637
 0.556478 0.182901 0.246388 0.00329159 0.0109421
 0.995731 0.00263061 0.000682357 0.000903693 5.21561e-05
 0.179243 0.817513 0.00200282 0.000516814 0.000723752
 0.310017 0.143712 0.544141 0.00131542 0.000814187
 0.963422 0.0121388 0.00511745 0.0192467 7.52986e-05
 0.679481 0.310249 0.00342986 0.00143278 0.00540711
 0.953949 0.0334684 0.0121859 0.00013254 0.000264073
 0.907238 0.0887257 0.00293684 0.00106501 3.4655e-05
 0.798494 0.185105 0.0156937 0.000514221 0.000192439
 0.832947 0.137204 0.0274429 0.0023027 0.000103628
 0.877595 0.105779 0.013697 0.0026931 0.000235927
 0.986301 0.0123092 0.00120338 0.000153498 3.27983e-05
 0.171068 0.818521 0.0093612 0.0009095 0.000140753
 0.965228 0.00630599 0.0281105 0.000319873 3.58775e-05
 0.653144 0.335466 0.00207222 0.00920095 0.000116417
 0.618132 0.255809 0.121942 0.00074928 0.00336805
 0.858073 0.0904866 0.0345255 0.016363 0.00055231
 0.827424 0.149396 0.0148025 0.00562307 0.00275429
 0.146277 0.714687 0.120442 0.0118752 0.00671885
 0.860356 0.0213309 0.0991032 0.0166415 0.00256864
 0.658942 0.295245 0.00701608 0.0324987 0.00629853
 0.41297 0.392838 0.168182 0.00398372 0.0220252
 0.876598 0.0523917 0.0475725 0.0202996 0.00313869
 0.808513 0.16883 0.00963798 0.00872278 0.00429683
 0.175149 0.670647 0.135993 0.00774726 0.0104643
 0.234228 0.137765 0.510817 0.103351 0.0138386
 0.847112 0.0377923 0.0207874 0.0767133 0.0175947
pobs_PELACES
 0 0 0 0 0
 0 0 0 0 0
 0 0 0 0 0
 0 0 0 0 0
 0 0 0 0 0
 0 0 0 0 0
 0 0 0 0 0
 0 0 0 0 0
 0 0 0 0 0
 0 0 0 0 0
 0 0 0 0 0
 0 0 0 0 0
 0 0 0 0 0
 0 0 0 0 0
 0 0 0 0 0
 0 0 0 0 0
 0.505614 0.472636 0.0217494 0 0
 0 0 0 0 0
 0.443492 0.261883 0.143347 0.151278 0
 0.227955 0.32914 0.350689 0.0885471 0.00366901
 0.970185 0.0296113 0.000203453 0 0
 0.997202 0.00247181 0.000326279 0 0
 0.445219 0.490057 0.0546422 0.010081 0
 0.90214 0.0892962 0.00764917 0.000914606 0
 0 0 0 0 0
 0.581667 0.319106 0.0959925 0.00289975 0.000334073
 0.762889 0.0836404 0.116647 0.0363945 0.000428098
 0.88444 0.0763242 0.0277011 0.0115352 0
 0.521256 0.241999 0.230069 0.00667565 0
 0.616807 0.101726 0.260614 0.0208532 0
 0 0 0 0 0
ppred_PELACES
 0.121189 0.197002 0.609447 0.0723605 7.25444e-07
 0.224163 0.0956286 0.15262 0.471598 0.0559906
 0.942612 0.0132374 0.00545362 0.00868336 0.0300136
 0.395213 0.5716 0.00767313 0.00315204 0.0223622
 0.595478 0.167908 0.223699 0.0029867 0.00992823
 0.995908 0.00252483 0.000652973 0.000864638 4.99016e-05
 0.197382 0.799474 0.00194189 0.00050086 0.000701394
 0.323097 0.14145 0.533366 0.00128909 0.000797879
 0.966122 0.0112856 0.0047318 0.0177911 6.96026e-05
 0.710708 0.280121 0.00306404 0.00127923 0.00482751
 0.955364 0.0324606 0.0117916 0.000128235 0.000255495
 0.914404 0.0818938 0.00269351 0.000976438 3.17723e-05
 0.812148 0.172651 0.0145465 0.00047647 0.000178308
 0.852925 0.121028 0.023948 0.00200829 9.0376e-05
 0.89143 0.0939477 0.0120475 0.00236754 0.000207401
 0.987022 0.0116657 0.001136 0.000144872 3.09547e-05
 0.177446 0.812256 0.00925985 0.000899499 0.000139204
 0.966406 0.00610452 0.0271462 0.00030886 3.4642e-05
 0.663418 0.325566 0.00200445 0.00889849 0.000112589
 0.630347 0.247927 0.117751 0.000723385 0.00325162
 0.862758 0.0875881 0.0333279 0.0157931 0.00053307
 0.833572 0.144136 0.0142368 0.00540726 0.00264856
 0.150283 0.711598 0.11965 0.0117956 0.00667381
 0.863636 0.0208633 0.0967489 0.0162446 0.00250735
 0.665264 0.289854 0.00687407 0.0318374 0.00617034
 0.42009 0.388341 0.165914 0.00392955 0.0217255
 0.879828 0.0510829 0.046287 0.0197489 0.00305352
 0.811314 0.166386 0.0094861 0.00858472 0.00422881
 0.177844 0.668622 0.135403 0.00771311 0.0104182
 0.241993 0.136698 0.505384 0.102236 0.0136892
 0.854246 0.0361378 0.0198011 0.0730585 0.0167563
pobs_pel_tallas
 0 0 0 0 0 0 0 0 0 0 0 0 0 0 0 0 0 0 0 0 0 0 0 0 0 0
 0 0 0 0 0 0 0 0 0 0 0 0 0 0 0 0 0 0 0 0 0 0 0 0 0 0
 0 0 0 0 0 0 0 0 0 0 0 0 0 0 0 0 0 0 0 0 0 0 0 0 0 0
 0 0 0 0 0 0 0 0 0 0 0 0 0 0 0 0 0 0 0 0 0 0 0 0 0 0
 0 0 0 0 0 0 0 0 0 0 0 0 0 0 0 0 0 0 0 0 0 0 0 0 0 0
 0 0 0 0 0 0 0 0 0 0 0 0 0 0 0 0 0 0 0 0 0 0 0 0 0 0
 0 0 0 0 0 0 0 0 0 0 0 0 0 0 0 0 0 0 0 0 0 0 0 0 0 0
 0 0 0 0 0 0 0 0 0 0 0 0 0 0 0 0 0 0 0 0 0 0 0 0 0 0
 0 0 0 0 0 0 0 0 0 0 0 0 0 0 0 0 0 0 0 0 0 0 0 0 0 0
 0 0 0 0 0 0 0 0 0 0 0 0 0 0 0 0 0 0 0 0 0 0 0 0 0 0
 0 0 0 0 0 0 0 0 0 0 0 0 0 0 0 0 0 0 0 0 0 0 0 0 0 0
 0 0 0 0 0 0 0 0 0 0 0 0 0 0 0 0 0 0 0 0 0 0 0 0 0 0
 0.00862536 0 0 0.000197151 0.00414017 0.0128641 0.00837892 0.0270097 0.101434 0.158115 0.152841 0.127902 0.109271 0.109419 0.0830992 0.0579132 0.0238553 0.00714673 0.00463305 0.00128148 0.00103504 0.000492878 0.000147863 0.000147863 4.92878e-05 0
 0 0 0 0 0 0 0 0 0 0 0 0 0 0 0 0 0 0 0 0 0 0 0 0 0 0
 0 0 0 0 0 0 0 0.0054083 0.00873648 0.0413646 0.0450493 0.0745869 0.0622846 0.0627006 0.0613931 0.0827291 0.12552 0.122667 0.0946155 0.0697135 0.0546179 0.0294188 0.0215738 0.0213955 0.0102223 0.00600262
 0 0 0 0 0.00359764 0.0251062 0.0480494 0.140153 0.205849 0.193036 0.1447 0.116669 0.0760912 0.0342217 0.00950174 0.001854 0.000860785 0 0 0 0.000165536 0 0.000143464 0 0 0
 0 0 0 0 0 0 0 0.000145254 0.000435761 0.0275982 0.070085 0.0708112 0.156366 0.174668 0.174014 0.160142 0.0824315 0.0480064 0.0283245 0.00493863 0.00203355 0 0 0 0 0
 0 0 0 0 0 0 0 0 0 0 0 0 0 0 0 0 0 0 0 0 0 0 0 0 0 0
 0 0 1.00437e-05 0.000401748 0.00122533 0.00171747 0.00176769 0.0269171 0.070346 0.194647 0.189555 0.159765 0.064822 0.0314167 0.0384472 0.0292271 0.0345202 0.0313363 0.0194345 0.0106764 0.0143323 0.0359363 0.0279516 0.0138201 0.00172751 0
 0 0.0021121 0.0136068 0.0755702 0.200478 0.177729 0.0527432 0.0373336 0.0318909 0.0142505 0.0149659 0.0166563 0.0217959 0.0798694 0.0677717 0.0528807 0.04013 0.0224614 0.0357745 0.0225083 0.00881397 0.00855152 0.00135912 0.000746735 0 0
 0 0 0 0 5.4009e-05 0.00500934 0.000945158 0.0243581 0.138947 0.33067 0.221406 0.137944 0.0707744 0.0437923 0.0131692 0.00525238 0.0047753 0.00276346 9.45158e-05 9.00151e-06 2.25038e-05 9.00151e-06 4.50075e-06 0 0 0
 0.000866109 0.00284123 0.00948549 0.0512746 0.133035 0.25785 0.225252 0.132002 0.0553304 0.0519788 0.0540692 0.017754 0.00435017 0.00159236 0.00146478 0.000404838 0.000125132 0.000115318 0.000107957 0.000100596 0 0 0 0 0 0
 0 0 0 0 0.00144013 0.00171154 0.00461396 0.0210425 0.0478622 0.0707936 0.0888783 0.103762 0.0637923 0.0337046 0.0602308 0.124433 0.169614 0.0934646 0.0462172 0.0250306 0.0313229 0.00938855 0.002487 0.000210481 0 0
 0 0.00764035 0.051015 0.0998891 0.058973 0.0496711 0.0374665 0.0718981 0.12319 0.153886 0.159021 0.0857701 0.0377988 0.023471 0.0147837 0.00900784 0.00315554 0.000888139 0.00291439 0.00214683 0.00393193 0.00274676 0.000635225 9.99891e-05 0 0
 0 0 0 0 0 0 0 0 0 0 0 0 0 0 0 0 0 0 0 0 0 0 0 0 0 0
 0 0 0 0 0 0 0 0 0 0 0 0 0 0 0 0 0 0 0 0 0 0 0 0 0 0
 0 0 0 0 0 0 0 0 0 0 0 0 0 0 0 0 0 0 0 0 0 0 0 0 0 0
 0 0 0 0 0 0 0 0 0 0 0 0 0 0 0 0 0 0 0 0 0 0 0 0 0 0
 0 0 0 0 0 0 0 0 0 0 0 0 0 0 0 0 0 0 0 0 0 0 0 0 0 0
 0 0 0 0 0 0 0 0 0 0 0 0 0 0 0 0 0 0 0 0 0 0 0 0 0 0
 0 0 0 0 0 0 0 0 0 0 0 0 0 0 0 0 0 0 0 0 0 0 0 0 0 0
ppred_pel_tallas
 1.24895e-16 9.98226e-06 9.70312e-05 0.000644807 0.00293121 0.00912019 0.0194323 0.0283661 0.028386 0.01953 0.00945094 0.00389827 0.00311661 0.00563969 0.0109661 0.0192336 0.0303136 0.0435531 0.0581046 0.0733026 0.0885147 0.102484 0.112904 0.116962 0.112716 0.100323
 1.61199e-16 1.8464e-05 0.000179477 0.00119269 0.00542179 0.0168693 0.0359421 0.0524605 0.0524701 0.0359892 0.0170288 0.0058882 0.00238518 0.0028573 0.00533242 0.00941299 0.0151084 0.0224672 0.0317736 0.0437447 0.0592651 0.078578 0.100391 0.121598 0.13798 0.145645
 1.06111e-16 7.76417e-05 0.000754705 0.00501528 0.0227987 0.0709353 0.151135 0.220587 0.220588 0.151142 0.0709566 0.0228603 0.00517071 0.00109708 0.000737507 0.00112364 0.00168108 0.00227709 0.00285542 0.00344486 0.00416732 0.00517241 0.0065283 0.00814016 0.00974815 0.0110062
 1.04468e-16 3.25533e-05 0.00031643 0.00210279 0.009559 0.0297419 0.0633703 0.0925023 0.0925573 0.0636389 0.0306434 0.0121613 0.00862947 0.014546 0.0270038 0.0444526 0.063711 0.0794514 0.0862832 0.0817594 0.0679005 0.0499438 0.0333432 0.0213021 0.0142378 0.0108096
 1.08479e-16 4.90488e-05 0.000476771 0.00316831 0.0144027 0.0448123 0.0954779 0.139356 0.139373 0.0955586 0.0450842 0.0151922 0.00516479 0.00488395 0.0085618 0.0144477 0.0216683 0.0290333 0.0352914 0.0397518 0.0424992 0.0439645 0.0442828 0.0430789 0.0398552 0.0345654
 1.00115e-16 8.20316e-05 0.000797376 0.00529885 0.0240878 0.074946 0.15968 0.233058 0.233059 0.159682 0.07495 0.0240994 0.00532797 0.000861096 0.000203461 0.000207642 0.000293855 0.000375315 0.000425669 0.000435592 0.000413818 0.000380334 0.000352975 0.00033773 0.000328716 0.000315265
 1.0043e-16 1.62583e-05 0.000158036 0.00105021 0.00477415 0.0148546 0.0316521 0.0462132 0.0462901 0.0320276 0.016115 0.00841233 0.0101737 0.0200451 0.0376985 0.0620697 0.0888773 0.11064 0.119749 0.112703 0.0922659 0.0657509 0.0408554 0.022227 0.0106995 0.00468126
 1.15693e-16 2.66131e-05 0.000258689 0.00171908 0.00781468 0.0243145 0.051805 0.075614 0.0756284 0.0518759 0.0245546 0.00851842 0.00352331 0.00432191 0.00810704 0.0143047 0.0227913 0.0331893 0.0449366 0.0574571 0.0699904 0.0811503 0.0887775 0.0905701 0.0852588 0.0734918
 1.01936e-16 7.95782e-05 0.000773528 0.00514037 0.0233674 0.0727045 0.154905 0.226088 0.226089 0.15491 0.0727226 0.0234197 0.00527249 0.00106413 0.000638169 0.000947574 0.00140342 0.00186872 0.00227136 0.00259981 0.0029113 0.00328673 0.00375827 0.00426579 0.00467423 0.00483771
 1.01106e-16 5.85401e-05 0.000569031 0.00378141 0.0171898 0.0534839 0.113954 0.166325 0.166352 0.114086 0.0539256 0.0184649 0.00697931 0.00754063 0.0132712 0.0217749 0.0311927 0.0388717 0.0421558 0.0398311 0.0328737 0.0238423 0.0154154 0.00918722 0.0054057 0.00346875
 1.00405e-16 7.86921e-05 0.000764915 0.00508313 0.0231072 0.071895 0.15318 0.223571 0.223574 0.153195 0.0719466 0.0232562 0.00545776 0.0015844 0.00163991 0.00259908 0.00376524 0.00479381 0.00538887 0.00540965 0.00494159 0.0042231 0.00348913 0.00285863 0.00233234 0.00186357
 1.00203e-16 7.53183e-05 0.000732121 0.0048652 0.0221165 0.0688127 0.146613 0.213988 0.213995 0.146651 0.0689419 0.0224895 0.00580073 0.00277205 0.00394261 0.00638063 0.00914175 0.0114064 0.0123961 0.011754 0.00975875 0.00714692 0.00468816 0.00283899 0.00167154 0.00102073
 1.00542e-16 6.68956e-05 0.000650249 0.00432113 0.0196432 0.0611175 0.130218 0.19006 0.190077 0.130299 0.0613902 0.0204305 0.00629646 0.00495951 0.00824233 0.0134975 0.0193827 0.0242578 0.0264971 0.0253463 0.0213696 0.0160755 0.011032 0.00715803 0.00459365 0.00301717
 1.00939e-16 7.02543e-05 0.000682897 0.00453809 0.0206295 0.0641861 0.136756 0.199601 0.199613 0.136813 0.0643777 0.021183 0.00592785 0.0037182 0.00583898 0.00955236 0.0137775 0.0173728 0.0192207 0.0187966 0.0164666 0.0132188 0.0100576 0.00753742 0.00570794 0.00435596
 1.00645e-16 7.34259e-05 0.000713726 0.00474296 0.0215608 0.0670838 0.142929 0.208611 0.208621 0.142974 0.0672323 0.0219897 0.00581951 0.00306344 0.00453475 0.00737741 0.0106125 0.0133281 0.0146478 0.0141658 0.0121834 0.00950073 0.00693852 0.00496066 0.00361583 0.00271981
 1.00056e-16 8.12997e-05 0.000790262 0.00525157 0.0238729 0.0742774 0.158256 0.230979 0.23098 0.158261 0.0742958 0.0239261 0.00538511 0.00108162 0.000634204 0.000918607 0.00131255 0.00164429 0.00179981 0.00172819 0.00146744 0.00111874 0.000786738 0.00053196 0.000362486 0.000255856
 1.00589e-16 1.46161e-05 0.000142074 0.000944137 0.00429196 0.0133543 0.0284556 0.0415482 0.0416263 0.0288372 0.0146351 0.00798913 0.0102161 0.0203545 0.0383187 0.0631073 0.0903948 0.112595 0.121987 0.115015 0.0944686 0.06774 0.0426009 0.0237299 0.011956 0.00567718
 1.00822e-16 7.96016e-05 0.000773756 0.00514188 0.0233742 0.0727259 0.15495 0.226155 0.226155 0.154953 0.0727364 0.0234051 0.00522124 0.000953397 0.000439463 0.000649069 0.00103975 0.0015403 0.00212825 0.00277933 0.00345144 0.004064 0.00449594 0.00462238 0.00437576 0.00378951
 1.01053e-16 5.4645e-05 0.000531169 0.0035298 0.016046 0.0499252 0.106372 0.15526 0.155291 0.106525 0.0504386 0.0175279 0.00724633 0.00863336 0.0154099 0.0253049 0.0362508 0.0451764 0.0489975 0.0463065 0.03824 0.0277702 0.0180013 0.0107716 0.00635299 0.00403684
 1.04085e-16 5.19209e-05 0.00050469 0.00335384 0.0152461 0.0474364 0.101069 0.147518 0.147542 0.101187 0.0478311 0.0163876 0.00622509 0.00679218 0.0120499 0.0199861 0.0291258 0.0373269 0.0424051 0.0432911 0.0405753 0.0359418 0.0310029 0.0265026 0.0223672 0.0182797
 1.02659e-16 7.10642e-05 0.00069077 0.00459041 0.0208673 0.0649261 0.138332 0.201902 0.20191 0.138374 0.0650653 0.0212701 0.00560323 0.0029079 0.00429991 0.00704402 0.0102535 0.0131344 0.0149276 0.0152861 0.0144618 0.0130912 0.0117588 0.010692 0.00977352 0.00876739
 1.01439e-16 6.86602e-05 0.000667402 0.00443512 0.0201614 0.0627297 0.133653 0.195073 0.195087 0.133721 0.0629575 0.0208191 0.00608555 0.00426892 0.00690459 0.0112957 0.0162414 0.0203753 0.0223559 0.02157 0.0184981 0.0143939 0.0105399 0.00765552 0.0057983 0.00464435
 1.05948e-16 1.23787e-05 0.000120326 0.00079961 0.00363495 0.0113101 0.0240998 0.0351887 0.0352574 0.0244351 0.0124358 0.00688692 0.00896363 0.0179461 0.0338771 0.0560121 0.0807438 0.101649 0.11216 0.109207 0.0950064 0.0754859 0.0566896 0.0419835 0.0316749 0.0244188
 1.04851e-16 7.11365e-05 0.000691473 0.00459508 0.0208886 0.0649921 0.138473 0.202105 0.202107 0.138483 0.0650282 0.0209949 0.00486926 0.00131421 0.00132482 0.00226314 0.00368654 0.00554198 0.00780292 0.0104249 0.0132856 0.0160949 0.0183742 0.0195821 0.0193475 0.0176583
 1.0451e-16 5.47969e-05 0.000532646 0.00353962 0.0160906 0.050064 0.106668 0.155691 0.155718 0.106804 0.0505215 0.0174113 0.00685285 0.00775913 0.0137612 0.0226182 0.0324769 0.0406452 0.0444391 0.0426702 0.0363926 0.0282397 0.0208805 0.0157711 0.0129207 0.0114774
 1.08958e-16 3.46023e-05 0.000336347 0.00223515 0.0101607 0.0316138 0.067358 0.0983188 0.0983564 0.0675418 0.0322315 0.0119469 0.0067271 0.0101695 0.018789 0.0312141 0.0454423 0.0581437 0.0659053 0.067095 0.0627271 0.0555633 0.0482436 0.0419751 0.0365624 0.0313084
 1.03847e-16 7.24703e-05 0.000704437 0.00468123 0.0212802 0.0662106 0.141069 0.205895 0.2059 0.141093 0.0662928 0.0215185 0.00528262 0.00202837 0.00261967 0.00430265 0.00639538 0.00847533 0.0101615 0.0112819 0.0119445 0.0123911 0.0127584 0.0129557 0.0127464 0.0119388
 1.01893e-16 6.68269e-05 0.000649581 0.0043167 0.0196231 0.0610548 0.130084 0.189865 0.189881 0.130163 0.0613175 0.0203816 0.00621971 0.00480084 0.00794205 0.0130016 0.0186716 0.0233764 0.0255643 0.0245345 0.020865 0.0160402 0.0115801 0.00833976 0.00637838 0.00528217
 1.06615e-16 1.46489e-05 0.000142393 0.000946254 0.00430157 0.0133841 0.0285187 0.0416374 0.0417019 0.0288339 0.0144427 0.0073597 0.00862531 0.0169148 0.0318944 0.052771 0.0761686 0.0960911 0.106401 0.104218 0.0915759 0.073936 0.0568341 0.0433046 0.0335741 0.0264078
 1.27189e-16 1.99326e-05 0.000193752 0.00128755 0.00585304 0.0182111 0.0388011 0.0566342 0.0566482 0.0388697 0.0184437 0.00653503 0.00303768 0.00414108 0.00788899 0.0139848 0.0224221 0.0329693 0.0452787 0.0590355 0.0737265 0.0880933 0.099857 0.106255 0.105243 0.0965696
 1.10744e-16 7.03631e-05 0.000683955 0.00454512 0.0206615 0.0642855 0.136967 0.199908 0.199912 0.136984 0.0643437 0.0208304 0.00497224 0.00162661 0.00189225 0.00310465 0.0046853 0.00639007 0.00806375 0.00974188 0.0116644 0.0140985 0.0170747 0.0202336 0.0229024 0.0243573
pSPR Fmed_Fpbrs
0.383615   0.22916 0.22916
Fs Fmed_Fpbrs
0.598151   1.005 1.005
SSBpbr Bo_Bmed_Bpbrs
1.6272e+06  542858  291529 291529
Ro
67918.9
SPR SPRFo_SPRFmed_SPRFpbrs
483627 185527 110828
Fref
1.005
log_Ro
10.9461
likeval ReclasPelacesDesembMPH_pf_preclas_ppelaces_ptallas_desvR_qrecl_qpela
 21.0704 61.3334 0.117032 0.00159109 277.557 122.668 92.6278 0 81.8926 2.2419e-05 0 0.0674827 0 0 0
q_reclas_q_pelaces
1.9561 1
M
1
N
 18902.6 32156.4 99806.6 11852.3 0.118825
 12285.1 5941.72 9569.18 29583.4 3512.38
 183625 2927.16 1217.04 1938.75 6701.36
 23111.3 43566.3 596.14 245.14 1739.24
 8198.18 3398.89 4656.18 62.2597 206.977
 282512 794.459 207.008 274.222 15.8267
 13297.6 72600.9 180.192 46.5297 65.1632
 3443.5 1740.77 6632.5 16.039 9.92759
 54496.3 770.061 327.342 1231.68 4.81879
 18183.7 10375.3 116.563 48.7349 183.927
 50488 1859.48 679.423 7.39113 14.7262
 125743 14051.2 469.602 170.384 5.54436
 81362.7 21506.1 1840.72 60.3439 22.5834
 68212 14084.7 2863.55 240.488 10.8231
 46382 6851.74 900.347 177.166 15.5212
 391304 5303.35 521.569 66.5503 14.2202
 17517.8 89636.3 1030.13 100.11 15.4931
 637490 4382.95 19610.3 223.192 25.0339
 317838 174915 1085.88 4822.74 61.0217
 175944 78646.7 37699.8 231.718 1041.6
 372166 41572.2 15928.2 7550.66 254.866
 510187 98354.8 9791.52 3720.47 1822.39
 25142.1 128815 21783.2 2148.14 1215.4
 273024 7040.79 32804.6 5509.43 850.393
 171393 80119.3 1909.76 8847.53 1714.74
 49754.4 49425.5 21226.5 502.875 2780.31
 228492 14269.2 12997.8 5547.24 857.714
 304375 65319.3 3736.26 3381.83 1665.89
 24310.8 95702.9 19445.4 1107.89 1496.45
 12197.5 7626.85 28404.9 5748.36 769.712
 65295.6 3157.34 1746.81 6448.42 1479.01
pred_Ctot
 1761.63 3951.89 12474.9 1482.76 0.0148661
 2833.78 1744.89 2850.97 8820.58 1047.29
 42701.6 866.179 365.355 582.454 2013.35
 9428.81 21509.2 297.562 122.432 868.669
 4231.61 2051.29 2834.67 37.9209 126.068
 55421.8 200.24 52.9673 70.2214 4.053
 5872.97 38401.1 96.2928 24.8786 34.8425
 888.496 567.607 2192.92 5.30693 3.28493
 17521.3 307.371 132.327 498.237 1.94935
 9165.16 6138.99 69.5907 29.1095 109.863
 7948.87 379.918 141.021 1.53539 3.05928
 45209.2 6203.03 209.797 76.168 2.47862
 28917.3 9396.54 813.974 26.7012 9.99313
 34660 8390.15 1721.01 144.602 6.50796
 22135.9 3872.25 513.7 101.134 8.86039
 96970.1 1665.45 166.118 21.2119 4.53265
 3654.58 23947.3 279.323 27.1664 4.20447
 104888 934.142 4245.44 48.3591 5.42432
 67921.4 47803.4 301.171 1338.65 16.9385
 41235.2 23442.8 11399.9 70.1214 315.217
 68055.7 9801.03 3813.13 1809.06 61.0658
 104293 25776 2604.62 990.458 485.173
 3879.95 25817.7 4435.5 437.772 247.7
 35565.5 1198.42 5675.21 953.957 147.252
 23882.9 14554.7 352.56 1634.73 316.843
 7074.19 9154.98 3995.31 94.7332 523.788
 32865 2672.66 2473.82 1056.68 163.391
 28317.7 8014.02 466.217 422.37 208.07
 2291.89 11894.5 2457.95 140.166 189.333
 2351.2 1890.54 7148.28 1447.78 193.867
 15869.5 973.692 546.397 2018.56 462.996
F
 0.1573 0.212064 0.216022 0.216235 0.216246
 0.434353 0.585574 0.596504 0.597091 0.597122
 0.438609 0.591313 0.60235 0.602942 0.602974
 0.916875 1.23609 1.25916 1.2604 1.26046
 1.33401 1.79844 1.83201 1.83382 1.83391
 0.358743 0.48364 0.492668 0.493152 0.493178
 1.03326 1.393 1.419 1.42039 1.42047
 0.497774 0.671075 0.683601 0.684274 0.684309
 0.658703 0.888033 0.904609 0.905499 0.905546
 1.28023 1.72594 1.75816 1.75988 1.75998
 0.279026 0.37617 0.383191 0.383568 0.383588
 0.7659 1.03255 1.05182 1.05286 1.05291
 0.753828 1.01628 1.03525 1.03626 1.03632
 1.29812 1.75006 1.78273 1.78448 1.78457
 1.16857 1.57542 1.60482 1.6064 1.60648
 0.473724 0.638653 0.650574 0.651214 0.651247
 0.385495 0.519706 0.529407 0.529927 0.529955
 0.29324 0.395333 0.402712 0.403108 0.403129
 0.396576 0.534645 0.544624 0.54516 0.545188
 0.442737 0.596877 0.608018 0.608616 0.608648
 0.330759 0.445914 0.454238 0.454684 0.454708
 0.3764 0.507445 0.516917 0.517425 0.517452
 0.272825 0.36781 0.374676 0.375044 0.375064
 0.226043 0.304741 0.310429 0.310734 0.31075
 0.243493 0.328266 0.334393 0.334722 0.334739
 0.248995 0.335683 0.341949 0.342285 0.342303
 0.252212 0.34002 0.346367 0.346708 0.346726
 0.157012 0.211676 0.215627 0.215839 0.21585
 0.159247 0.214689 0.218696 0.218911 0.218922
 0.351503 0.47388 0.482726 0.483201 0.483226
 0.46264 0.623709 0.635352 0.635976 0.636009
nmprior
 8 9 7.5 0
nm_flota  nm_reclas  nm_pelaces    nm_pelaL
inf 12.3555 5.90545 8.42371
cv_recla  cv_pelaces  cv_mph
0.415204 0.921538 1.23099
 ------------------------------------------------
Talla a la edad & desviación 
 8 13.2811 15.8009 17.003 17.5766
 0.8 1.32811 1.58009 1.7003 1.75766
