years
 1991 1992 1993 1994 1995 1996 1997 1998 1999 2000 2001 2002 2003 2004 2005 2006 2007 2008 2009 2010 2011 2012 2013 2014 2015 2016 2017 2018 2019 2020 2021
reclasobs
 0 0 0 0 0 0 0 0 0 252601 567819 844713 477998 351125 339783 2.1784e+06 2.13404e+06 4.81314e+06 1.55562e+06 2.62356e+06 3.21686e+06 3.843e+06 1.13348e+06 3.07943e+06 1.97215e+06 2.03268e+06 2.025e+06 2.42433e+06 2.27542e+06 1.05018e+06 2.36338e+06
reclaspred
 7.43601e+06 2.03387e+06 1.08063e+06 870085 199533 3.42068e+06 1.54937e+06 513824 946229 248535 389084 861691 770953 595235 420696 1.9182e+06 868502 4.35307e+06 2.89514e+06 2.1888e+06 3.14609e+06 3.33801e+06 1.68327e+06 3.40874e+06 2.5068e+06 1.60042e+06 2.20266e+06 3.63608e+06 2.83939e+06 714711 1.04177e+06
pelacesobs
 0 0 0 0 0 0 0 0 0 0 0 0 0 0 0 552880 188675 0 991730 2.46772e+06 1.41603e+06 1.21717e+06 2.29649e+06 1.80582e+06 0 1.4828e+06 1.56532e+06 1.57751e+06 1.42118e+06 867257 0
pelacespred
 8.06283e+06 2.04008e+06 590194 340046 86467 1.69802e+06 901586 461296 477075 94295.1 188255 332430 342859 235410 158183 725333 407426 2.13864e+06 1.55232e+06 985101 1.50134e+06 1.57002e+06 1.02508e+06 1.99208e+06 1.6044e+06 1.07322e+06 1.38703e+06 2.34925e+06 2.11161e+06 512648 493186
mphobs
 0 0 0 0 0 0 0 0 0 0 0 498337 0 5186 125008 0 168611 109162 213762 579715 649985 157893 87575 83554 0 0 0 0 0 0 0
mphpred
 1.65383e+06 659180 108880 135070 59440.3 12262.1 477209 111593 42400.2 85272.5 10319.8 52800.2 80419.2 50371.4 28126.6 27897.5 225990 62326.8 522429 220910 276157 282533 388869 149981 407477 294873 144387 236793 585921 235048 34963.8
desembarqueobs
 494567 514787 250237 358949 120608 361735 552515 73892 212993 205616 52469 317467 293654 387597 252695 516296 358380 742168 942051 627588 828172 859565 418607 520667 417249 300574 407403 355545 319650 289779 219260
desembarquepred
 494495 514374 249991 358508 120504 361538 551824 73864.8 212817 205373 52450.4 317120 293263 386839 252332 515705 358080 741405 940267 626365 827518 858402 418148 520286 416752 300236 406998 355251 319255 289130 219168
Reclutas
 15514.1 9742.18 165901 57017.8 9381.13 286400 12521.9 3432.19 50078 13616.4 36044.8 110835 75961.1 68689.1 41909.4 254872 13913.7 425991 189282 216613 196934 408673 18273.6 174293 133996 31115.9 126643 182469 25621.3 11457 79012
log_desv_Rt
 -1.30951 -1.7748 1.06012 -0.00790092 -1.81256 1.60612 -1.52379 -2.81807 -0.137682 -1.43999 -0.466502 0.656775 0.278957 0.178325 -0.315754 1.4895 -1.41839 2.00315 1.19197 1.32685 1.23161 1.96165 -1.14581 1.10948 0.846548 -0.613547 0.790111 1.15531 -0.807839 -1.61267 0.318335
SSB
 1.64767e+06 656725 108475 134567 59219 12216.4 475432 111178 42242.3 84955 10281.4 52603.6 80119.7 50183.8 28021.9 27793.6 225148 62094.7 520484 220087 275128 281481 387421 149423 405959 293775 143849 235911 583739 234173 34833.6
BT
 2.07005e+06 945413 416926 382190 121119 1.27578e+06 727024 176790 419457 213160 139591 423597 418142 521129 329222 804625 396328 1.82994e+06 1.46003e+06 902343 1.35488e+06 1.4206e+06 629184 1.45258e+06 912786 580176 1.06838e+06 1.43036e+06 818653 410651 435251
Ftot
 0.312897 1.08761 1.08732 1.64413 2.12695 0.538196 1.36826 0.654438 1.07709 2.63131 0.671692 1.62099 1.62266 2.53775 2.41946 1.27693 1.56295 0.841866 1.36342 1.29011 1.17909 1.17929 1.02876 0.748875 0.755347 0.826354 0.886644 0.482432 0.497568 1.59176 1.01589
BD_Bspro_t
 0.951169 0.61726 0.217799 0.26491 0.107235 0.0321596 0.458228 0.153318 0.094229 0.18499 0.0398998 0.242743 0.199808 0.114674 0.0638764 0.0660011 0.24842 0.0865118 0.355197 0.178206 0.178829 0.182604 0.243195 0.126341 0.308639 0.292048 0.210906 0.335685 0.526555 0.30734 0.0964847
BD_Bspro
 4.02631 1.6048 0.265073 0.328835 0.14471 0.0298527 1.16179 0.271679 0.103225 0.2076 0.025124 0.128544 0.195784 0.122631 0.0684756 0.0679177 0.550182 0.151737 1.27188 0.537814 0.672316 0.68784 0.946718 0.365136 0.99202 0.717882 0.351515 0.576482 1.42645 0.572235 0.0851208
BD_Bo
 1.15958 0.462184 0.0763411 0.0947046 0.0416766 0.00859757 0.334595 0.0782437 0.0297289 0.0597888 0.00723571 0.0370208 0.0563859 0.0353179 0.019721 0.0195603 0.158453 0.0437004 0.366301 0.154891 0.193627 0.198098 0.272655 0.105159 0.285702 0.20675 0.101237 0.166027 0.410818 0.164804 0.0245148
BD_Brms
 5.96783 2.37865 0.392893 0.487402 0.21449 0.0442478 1.72201 0.402685 0.153001 0.307706 0.0372389 0.190529 0.290193 0.181765 0.101495 0.100668 0.815483 0.224906 1.88519 0.797152 0.996511 1.01952 1.40323 0.541207 1.47038 1.06405 0.521019 0.854465 2.11429 0.848171 0.126167
Sel_flota
 0.656566 1 1 1 1
 0.656566 1 1 1 1
 0.656566 1 1 1 1
 0.656566 1 1 1 1
 0.656566 1 1 1 1
 0.656566 1 1 1 1
 0.656566 1 1 1 1
 0.656566 1 1 1 1
 0.656566 1 1 1 1
 0.656566 1 1 1 1
 0.656566 1 1 1 1
 0.656566 1 1 1 1
 0.656566 1 1 1 1
 0.656566 1 1 1 1
 0.656566 1 1 1 1
 0.656566 1 1 1 1
 0.656566 1 1 1 1
 0.656566 1 1 1 1
 0.656566 1 1 1 1
 0.656566 1 1 1 1
 0.656566 1 1 1 1
 0.656566 1 1 1 1
 0.656566 1 1 1 1
 0.656566 1 1 1 1
 0.656566 1 1 1 1
 0.656566 1 1 1 1
 0.656566 1 1 1 1
 0.656566 1 1 1 1
 0.656566 1 1 1 1
 0.656566 1 1 1 1
 0.656566 1 1 1 1
Sel_reclas
 0.701518 0.922046 0.983478 0.996673 0.999337
 0.701518 0.922046 0.983478 0.996673 0.999337
 0.701518 0.922046 0.983478 0.996673 0.999337
 0.701518 0.922046 0.983478 0.996673 0.999337
 0.701518 0.922046 0.983478 0.996673 0.999337
 0.701518 0.922046 0.983478 0.996673 0.999337
 0.701518 0.922046 0.983478 0.996673 0.999337
 0.701518 0.922046 0.983478 0.996673 0.999337
 0.701518 0.922046 0.983478 0.996673 0.999337
 0.701518 0.922046 0.983478 0.996673 0.999337
 0.701518 0.922046 0.983478 0.996673 0.999337
 0.701518 0.922046 0.983478 0.996673 0.999337
 0.701518 0.922046 0.983478 0.996673 0.999337
 0.701518 0.922046 0.983478 0.996673 0.999337
 0.701518 0.922046 0.983478 0.996673 0.999337
 0.701518 0.922046 0.983478 0.996673 0.999337
 0.701518 0.922046 0.983478 0.996673 0.999337
 0.701518 0.922046 0.983478 0.996673 0.999337
 0.701518 0.922046 0.983478 0.996673 0.999337
 0.701518 0.922046 0.983478 0.996673 0.999337
 0.701518 0.922046 0.983478 0.996673 0.999337
 0.701518 0.922046 0.983478 0.996673 0.999337
 0.701518 0.922046 0.983478 0.996673 0.999337
 0.701518 0.922046 0.983478 0.996673 0.999337
 0.701518 0.922046 0.983478 0.996673 0.999337
 0.701518 0.922046 0.983478 0.996673 0.999337
 0.701518 0.922046 0.983478 0.996673 0.999337
 0.701518 0.922046 0.983478 0.996673 0.999337
 0.701518 0.922046 0.983478 0.996673 0.999337
 0.701518 0.922046 0.983478 0.996673 0.999337
 0.701518 0.922046 0.983478 0.996673 0.999337
Sel_pelaces
 0.313229 0.69654 0.920328 0.983089 0.996594
 0.313229 0.69654 0.920328 0.983089 0.996594
 0.313229 0.69654 0.920328 0.983089 0.996594
 0.313229 0.69654 0.920328 0.983089 0.996594
 0.313229 0.69654 0.920328 0.983089 0.996594
 0.313229 0.69654 0.920328 0.983089 0.996594
 0.313229 0.69654 0.920328 0.983089 0.996594
 0.313229 0.69654 0.920328 0.983089 0.996594
 0.313229 0.69654 0.920328 0.983089 0.996594
 0.313229 0.69654 0.920328 0.983089 0.996594
 0.313229 0.69654 0.920328 0.983089 0.996594
 0.313229 0.69654 0.920328 0.983089 0.996594
 0.313229 0.69654 0.920328 0.983089 0.996594
 0.313229 0.69654 0.920328 0.983089 0.996594
 0.313229 0.69654 0.920328 0.983089 0.996594
 0.313229 0.69654 0.920328 0.983089 0.996594
 0.313229 0.69654 0.920328 0.983089 0.996594
 0.313229 0.69654 0.920328 0.983089 0.996594
 0.313229 0.69654 0.920328 0.983089 0.996594
 0.313229 0.69654 0.920328 0.983089 0.996594
 0.313229 0.69654 0.920328 0.983089 0.996594
 0.313229 0.69654 0.920328 0.983089 0.996594
 0.313229 0.69654 0.920328 0.983089 0.996594
 0.313229 0.69654 0.920328 0.983089 0.996594
 0.313229 0.69654 0.920328 0.983089 0.996594
 0.313229 0.69654 0.920328 0.983089 0.996594
 0.313229 0.69654 0.920328 0.983089 0.996594
 0.313229 0.69654 0.920328 0.983089 0.996594
 0.313229 0.69654 0.920328 0.983089 0.996594
 0.313229 0.69654 0.920328 0.983089 0.996594
 0.313229 0.69654 0.920328 0.983089 0.996594
pf_obs 
 0.8446 0.082 0.0669 0.0065 0
 0.8095 0.147 0.0364 0.0071 0
 0.9664 0.0169 0.016 0.0007 0
 0.9276 0.0648 0.0075 0.0001 0
 0.7033 0.2144 0.0806 0.0017 0
 0.9318 0.0425 0.0243 0.0014 0
 0.5671 0.3108 0.0964 0.0239 0.0018
 0.0768 0.2599 0.5324 0.112 0.0189
 0.490249 0.384438 0.106611 0.0170017 0.00170017
 0.7925 0.1577 0.0466 0.003 0.0002
 0.840416 0.127587 0.0312969 0.00059994 9.999e-05
 0.8084 0.0986 0.0794 0.0134 0.0002
 0.7335 0.1905 0.0724 0.0035 0.0001
 0.4001 0.4547 0.1325 0.0127 0
 0.49795 0.308269 0.164784 0.0264974 0.00249975
 0.9179 0.0499 0.0305 0.0017 0
 0.2467 0.6533 0.0926 0.0074 0
 0.9418 0.0223 0.034 0.0019 0
 0.707729 0.231977 0.0356964 0.0245975 0
 0.517169 0.277429 0.184464 0.0207286 0.00020938
 0.811772 0.124168 0.05621 0.00726502 0.000585176
 0.764997 0.148141 0.077277 0.00933861 0.000247198
 0.163321 0.427699 0.378323 0.0303852 0.000271297
 0.753843 0.0900009 0.118128 0.0371064 0.000921714
 0.721811 0.176058 0.0630433 0.0369309 0.00215725
 0.143369 0.312575 0.442814 0.0836902 0.0175525
 0.692698 0.0596174 0.167031 0.0765114 0.00414204
 0.394062 0.376323 0.152708 0.0712218 0.00568511
 0.125707 0.32114 0.495352 0.0537591 0.00404204
 0.23352 0.215282 0.420074 0.123614 0.00750983
 0 0 0 0 0
pf_pred 
 0.095397 0.17489 0.641817 0.0878958 9.0945e-07
 0.186663 0.118983 0.134242 0.492645 0.0674677
 0.956152 0.0135145 0.0044375 0.00500656 0.0208895
 0.594405 0.396234 0.00288513 0.000947335 0.00552839
 0.450974 0.420683 0.125381 0.000912948 0.00204913
 0.993787 0.00420466 0.00153866 0.000458584 1.08339e-05
 0.114686 0.882084 0.00218645 0.000800112 0.000244101
 0.217349 0.166264 0.614138 0.00152229 0.000727018
 0.937169 0.0205666 0.00897852 0.0331644 0.000121466
 0.548719 0.436179 0.00494351 0.00215813 0.0080008
 0.957728 0.0330364 0.00892676 0.000101173 0.000207911
 0.908656 0.089108 0.00174727 0.000472128 1.63472e-05
 0.802216 0.189227 0.00834745 0.00016368 4.57593e-05
 0.842796 0.141516 0.0150093 0.000662112 1.66125e-05
 0.872344 0.119848 0.00702817 0.000745413 3.37078e-05
 0.983217 0.0159401 0.000791195 4.63974e-05 5.14347e-06
 0.21003 0.783398 0.00624208 0.000309829 2.01832e-05
 0.984213 0.00580857 0.00989531 7.88454e-05 4.16847e-06
 0.615114 0.381542 0.00123044 0.00209614 1.7585e-05
 0.817042 0.140643 0.0419475 0.000135277 0.000232388
 0.796857 0.183062 0.0154361 0.00460389 4.03525e-05
 0.891142 0.0964714 0.0111619 0.000941186 0.000283174
 0.155962 0.795123 0.0433496 0.0050156 0.000550168
 0.905763 0.0246179 0.0655847 0.00357564 0.000459086
 0.700059 0.283471 0.00430248 0.0114623 0.00070515
 0.37865 0.501532 0.113239 0.00171872 0.00486054
 0.880162 0.0630742 0.0458178 0.010345 0.000601052
 0.820494 0.167197 0.00647829 0.00470591 0.00112426
 0.245422 0.667904 0.0807306 0.00312802 0.00281508
 0.318956 0.241708 0.388872 0.0470036 0.00346024
 0.95267 0.0240509 0.00826185 0.0132921 0.00172491
pobs_RECLAS
 0 0 0 0 0
 0 0 0 0 0
 0 0 0 0 0
 0 0 0 0 0
 0 0 0 0 0
 0 0 0 0 0
 0 0 0 0 0
 0 0 0 0 0
 0 0 0 0 0
 0 0 0 0 0
 0.991045 0.00858322 0.000360255 1.14367e-05 0
 0.934742 0.0480273 0.0164251 0.00080598 0
 0.827803 0.169806 0.00239088 0 0
 0.941827 0.0461693 0.0120037 0 0
 0.791401 0.0380133 0.147996 0.0225897 0
 0.846168 0.0940531 0.0597789 0 0
 0.134021 0.677848 0.182769 0.00536245 0
 0.80878 0.0450904 0.141981 0.00414843 0
 0.846168 0.0940531 0.0597789 0 0
 0.905697 0.0802665 0.012482 0.00150086 5.37128e-05
 0.989698 0.0102097 9.19794e-05 0 0
 0.975433 0.0193895 0.00387452 0.00125025 5.28907e-05
 0.303575 0.632131 0.0575291 0.00676475 0
 0.966965 0.00978017 0.0227588 0.000495775 0
 0.843318 0.132988 0.00938335 0.0141283 0.000182051
 0.564624 0.303363 0.111486 0.0197234 0.00080311
 0.826376 0.0876187 0.0782897 0.00655872 0.00115652
 0.89761 0.0855135 0.0140674 0.00269457 0.000114338
 0.34875 0.467042 0.161289 0.0227151 0.000203297
 0.318654 0.224769 0.449479 0.00709798 0
 0.937255 0.0296025 0.0250945 0.00804832 0
ppred_RECLAS
 0.104823 0.164024 0.642045 0.0891068 9.24444e-07
 0.208593 0.108508 0.130579 0.485634 0.0666853
 0.961984 0.0110964 0.00388628 0.00444347 0.0185896
 0.65242 0.338946 0.00263243 0.000875957 0.00512551
 0.521211 0.361208 0.114828 0.000847321 0.00190691
 0.99463 0.0035542 0.00138728 0.000419015 9.92552e-06
 0.13957 0.857066 0.00226598 0.000840341 0.000257059
 0.239179 0.153562 0.605012 0.00151979 0.000727764
 0.945516 0.0169464 0.00789102 0.0295385 0.000108475
 0.633377 0.353434 0.00427259 0.00189026 0.00702646
 0.963807 0.0278765 0.00803435 9.22804e-05 0.000190144
 0.927088 0.0710057 0.00148507 0.000406664 1.41181e-05
 0.838165 0.154386 0.00726427 0.000144352 4.04636e-05
 0.8824 0.105159 0.0118963 0.000531827 1.33793e-05
 0.904389 0.0893912 0.00559136 0.00060098 2.72491e-05
 0.986411 0.0128631 0.000681007 4.04715e-05 4.49854e-06
 0.252868 0.740501 0.00629339 0.000316567 2.06772e-05
 0.986316 0.00483094 0.00877816 7.08824e-05 3.75749e-06
 0.666623 0.330263 0.00113603 0.00196128 1.64975e-05
 0.845519 0.116946 0.0372038 0.000121589 0.000209431
 0.827777 0.154133 0.0138627 0.00419009 3.68238e-05
 0.909277 0.0797823 0.00984593 0.000841363 0.000253817
 0.183393 0.766249 0.0445587 0.00522467 0.000574633
 0.916444 0.0207911 0.0590802 0.00326423 0.000420223
 0.735829 0.24861 0.00402475 0.0108662 0.00067027
 0.42 0.462138 0.111296 0.0017119 0.00485419
 0.895756 0.0531199 0.0411578 0.00941751 0.000548627
 0.843006 0.145494 0.00601298 0.0044265 0.00106034
 0.276064 0.635838 0.0819752 0.00321886 0.00290457
 0.364203 0.216128 0.370885 0.0454309 0.0033534
 0.959437 0.0198688 0.00727996 0.0118695 0.00154442
pobs_PELACES
 0 0 0 0 0
 0 0 0 0 0
 0 0 0 0 0
 0 0 0 0 0
 0 0 0 0 0
 0 0 0 0 0
 0 0 0 0 0
 0 0 0 0 0
 0 0 0 0 0
 0 0 0 0 0
 0 0 0 0 0
 0 0 0 0 0
 0 0 0 0 0
 0 0 0 0 0
 0 0 0 0 0
 0 0 0 0 0
 0.505614 0.472636 0.0217494 0 0
 0 0 0 0 0
 0.443492 0.261883 0.143347 0.151278 0
 0.227955 0.32914 0.350689 0.0885471 0.00366901
 0.970185 0.0296113 0.000203453 0 0
 0.997202 0.00247181 0.000326279 0 0
 0.445219 0.490057 0.0546422 0.010081 0
 0.90214 0.0892962 0.00764917 0.000914606 0
 0 0 0 0 0
 0.581667 0.319106 0.0959925 0.00289975 0.000334073
 0.762889 0.0836404 0.116647 0.0363945 0.000428098
 0.88444 0.0763242 0.0277011 0.0115352 0
 0.521256 0.241999 0.230069 0.00667565 0
 0.616807 0.101726 0.260614 0.0208532 0
 0 0 0 0 0
ppred_PELACES
 0.0563145 0.143893 0.697723 0.102068 1.0706e-06
 0.123217 0.0958671 0.142912 0.560228 0.077777
 0.932909 0.0160956 0.006983 0.00841576 0.0355965
 0.57026 0.416028 0.00400252 0.00140385 0.00830504
 0.43603 0.401737 0.158203 0.00123049 0.0027998
 0.990752 0.00563541 0.00272479 0.000867482 2.07754e-05
 0.100593 0.894976 0.00293115 0.00114578 0.000354358
 0.143876 0.145114 0.708228 0.00187522 0.000907878
 0.906101 0.0243188 0.0140275 0.0553477 0.000205498
 0.576559 0.403969 0.00604944 0.00282103 0.010602
 0.941493 0.0426948 0.0152431 0.000184541 0.000384442
 0.899715 0.0970202 0.00251363 0.000725524 2.54659e-05
 0.784432 0.203394 0.0118551 0.000248313 7.03732e-05
 0.852189 0.128878 0.0180605 0.000851041 2.16461e-05
 0.878627 0.111694 0.00865437 0.000980483 4.49468e-05
 0.97998 0.0187079 0.00122692 7.68556e-05 8.637e-06
 0.19244 0.798676 0.00840841 0.000445817 2.94408e-05
 0.975953 0.00735153 0.0165476 0.000140842 7.54843e-06
 0.579082 0.415894 0.00177214 0.00322484 2.74255e-05
 0.779663 0.157631 0.0621193 0.000213991 0.000372656
 0.759761 0.209409 0.0233309 0.00743309 6.60451e-05
 0.868005 0.112735 0.0172343 0.00155232 0.000473462
 0.128099 0.805876 0.0580518 0.00717471 0.000797814
 0.856497 0.0302001 0.106306 0.00619096 0.000805793
 0.638136 0.334847 0.0067151 0.0191098 0.00119177
 0.309346 0.524402 0.156444 0.0025364 0.00727147
 0.833282 0.0756118 0.072572 0.0175031 0.00103091
 0.766717 0.211971 0.0108519 0.00842049 0.00203932
 0.188044 0.692591 0.110611 0.00457804 0.00417662
 0.258564 0.21675 0.460757 0.0594903 0.00443962
 0.932 0.0291031 0.0132094 0.0227012 0.00298639
pobs_pel_tallas
 0 0 0 0 0 0 0 0 0 0 0 0 0 0 0 0 0 0 0 0 0 0 0 0 0 0
 0 0 0 0 0 0 0 0 0 0 0 0 0 0 0 0 0 0 0 0 0 0 0 0 0 0
 0 0 0 0 0 0 0 0 0 0 0 0 0 0 0 0 0 0 0 0 0 0 0 0 0 0
 0 0 0 0 0 0 0 0 0 0 0 0 0 0 0 0 0 0 0 0 0 0 0 0 0 0
 0 0 0 0 0 0 0 0 0 0 0 0 0 0 0 0 0 0 0 0 0 0 0 0 0 0
 0 0 0 0 0 0 0 0 0 0 0 0 0 0 0 0 0 0 0 0 0 0 0 0 0 0
 0 0 0 0 0 0 0 0 0 0 0 0 0 0 0 0 0 0 0 0 0 0 0 0 0 0
 0 0 0 0 0 0 0 0 0 0 0 0 0 0 0 0 0 0 0 0 0 0 0 0 0 0
 0 0 0 0 0 0 0 0 0 0 0 0 0 0 0 0 0 0 0 0 0 0 0 0 0 0
 0 0 0 0 0 0 0 0 0 0 0 0 0 0 0 0 0 0 0 0 0 0 0 0 0 0
 0 0 0 0 0 0 0 0 0 0 0 0 0 0 0 0 0 0 0 0 0 0 0 0 0 0
 0 0 0 0 0 0 0 0 0 0 0 0 0 0 0 0 0 0 0 0 0 0 0 0 0 0
 0.00862536 0 0 0.000197151 0.00414017 0.0128641 0.00837892 0.0270097 0.101434 0.158115 0.152841 0.127902 0.109271 0.109419 0.0830992 0.0579132 0.0238553 0.00714673 0.00463305 0.00128148 0.00103504 0.000492878 0.000147863 0.000147863 4.92878e-05 0
 0 0 0 0 0 0 0 0 0 0 0 0 0 0 0 0 0 0 0 0 0 0 0 0 0 0
 0 0 0 0 0 0 0 0.0054083 0.00873648 0.0413646 0.0450493 0.0745869 0.0622846 0.0627006 0.0613931 0.0827291 0.12552 0.122667 0.0946155 0.0697135 0.0546179 0.0294188 0.0215738 0.0213955 0.0102223 0.00600262
 0 0 0 0 0.00359764 0.0251062 0.0480494 0.140153 0.205849 0.193036 0.1447 0.116669 0.0760912 0.0342217 0.00950174 0.001854 0.000860785 0 0 0 0.000165536 0 0.000143464 0 0 0
 0 0 0 0 0 0 0 0.000145254 0.000435761 0.0275982 0.070085 0.0708112 0.156366 0.174668 0.174014 0.160142 0.0824315 0.0480064 0.0283245 0.00493863 0.00203355 0 0 0 0 0
 0 0 0 0 0 0 0 0 0 0 0 0 0 0 0 0 0 0 0 0 0 0 0 0 0 0
 0 0 1.00437e-05 0.000401748 0.00122533 0.00171747 0.00176769 0.0269171 0.070346 0.194647 0.189555 0.159765 0.064822 0.0314167 0.0384472 0.0292271 0.0345202 0.0313363 0.0194345 0.0106764 0.0143323 0.0359363 0.0279516 0.0138201 0.00172751 0
 0 0.0021121 0.0136068 0.0755702 0.200478 0.177729 0.0527432 0.0373336 0.0318909 0.0142505 0.0149659 0.0166563 0.0217959 0.0798694 0.0677717 0.0528807 0.04013 0.0224614 0.0357745 0.0225083 0.00881397 0.00855152 0.00135912 0.000746735 0 0
 0 0 0 0 5.4009e-05 0.00500934 0.000945158 0.0243581 0.138947 0.33067 0.221406 0.137944 0.0707744 0.0437923 0.0131692 0.00525238 0.0047753 0.00276346 9.45158e-05 9.00151e-06 2.25038e-05 9.00151e-06 4.50075e-06 0 0 0
 0.000866109 0.00284123 0.00948549 0.0512746 0.133035 0.25785 0.225252 0.132002 0.0553304 0.0519788 0.0540692 0.017754 0.00435017 0.00159236 0.00146478 0.000404838 0.000125132 0.000115318 0.000107957 0.000100596 0 0 0 0 0 0
 0 0 0 0 0.00144013 0.00171154 0.00461396 0.0210425 0.0478622 0.0707936 0.0888783 0.103762 0.0637923 0.0337046 0.0602308 0.124433 0.169614 0.0934646 0.0462172 0.0250306 0.0313229 0.00938855 0.002487 0.000210481 0 0
 0 0.00764035 0.051015 0.0998891 0.058973 0.0496711 0.0374665 0.0718981 0.12319 0.153886 0.159021 0.0857701 0.0377988 0.023471 0.0147837 0.00900784 0.00315554 0.000888139 0.00291439 0.00214683 0.00393193 0.00274676 0.000635225 9.99891e-05 0 0
 0 0 0 0 0 0 0 0 0 0 0 0 0 0 0 0 0 0 0 0 0 0 0 0 0 0
 0 0 0 0 0 0 0 0 0 0 0 0 0 0 0 0 0 0 0 0 0 0 0 0 0 0
 0 0 0 0 0 0 0 0 0 0 0 0 0 0 0 0 0 0 0 0 0 0 0 0 0 0
 0 0 0 0 0 0 0 0 0 0 0 0 0 0 0 0 0 0 0 0 0 0 0 0 0 0
 0 0 0 0 0 0 0 0 0 0 0 0 0 0 0 0 0 0 0 0 0 0 0 0 0 0
 0 0 0 0 0 0 0 0 0 0 0 0 0 0 0 0 0 0 0 0 0 0 0 0 0 0
 0 0 0 0 0 0 0 0 0 0 0 0 0 0 0 0 0 0 0 0 0 0 0 0 0 0
ppred_pel_tallas
 1.30408e-16 4.63859e-06 4.50887e-05 0.000299631 0.00136209 0.00423804 0.00903014 0.0131829 0.0131978 0.00910369 0.00448813 0.00209824 0.00219962 0.00436535 0.00871547 0.0157212 0.0257242 0.0387704 0.0547035 0.0731601 0.0931652 0.112534 0.127787 0.135125 0.132092 0.118887
 1.73494e-16 1.01492e-05 9.86541e-05 0.000655592 0.00298023 0.00927266 0.0197567 0.0288375 0.0288472 0.0198041 0.00943305 0.00344946 0.00185677 0.00280138 0.00539087 0.00958039 0.0155044 0.0233385 0.0335523 0.0470982 0.0650841 0.0878501 0.113943 0.139759 0.160297 0.170799
 1.07074e-16 7.68425e-05 0.000746936 0.00496366 0.0225641 0.0702052 0.14958 0.218316 0.218318 0.149587 0.070231 0.0226389 0.00515253 0.00116284 0.00087797 0.00136165 0.00203543 0.00274881 0.00342946 0.00410591 0.00491982 0.00604953 0.00758113 0.00941181 0.0112467 0.0126894
 1.01769e-16 4.69717e-05 0.000456581 0.00303415 0.0137928 0.0429148 0.0914359 0.133462 0.133502 0.0916314 0.0435708 0.0156865 0.00778339 0.0108101 0.0196687 0.0323336 0.0463203 0.0577202 0.0625909 0.0591315 0.0487947 0.0353858 0.0228872 0.0136694 0.00809826 0.00527235
 1.05266e-16 3.59153e-05 0.000349109 0.00231996 0.0105462 0.0328134 0.0699138 0.102049 0.102088 0.0701038 0.0334518 0.0123922 0.00696074 0.0105036 0.0193898 0.0321759 0.0467556 0.0596353 0.0672264 0.0677886 0.0623491 0.0537963 0.0449578 0.037237 0.0306159 0.0245443
 1.00171e-16 8.16069e-05 0.000793248 0.00527141 0.0239631 0.074558 0.158854 0.231852 0.231852 0.158856 0.074567 0.023989 0.00533677 0.000936446 0.000355104 0.000461917 0.000666893 0.000858228 0.000982967 0.00101825 0.000978629 0.000902106 0.000822839 0.000752927 0.000684495 0.000604614
 1.00489e-16 8.28587e-06 8.05417e-05 0.000535232 0.00243314 0.00757086 0.0161337 0.0235656 0.0236517 0.0165541 0.00898188 0.00650602 0.0107488 0.0223441 0.0421942 0.069489 0.0995057 0.123879 0.134093 0.126229 0.103379 0.0737247 0.0458773 0.0250326 0.0121209 0.00536099
 1.20817e-16 1.18509e-05 0.000115195 0.000765511 0.00347991 0.0108274 0.0230694 0.0336736 0.0336887 0.0231434 0.011079 0.00422002 0.0026739 0.00444823 0.00872867 0.0156777 0.0255171 0.0381633 0.0532784 0.0702844 0.0880239 0.104265 0.115728 0.119106 0.112669 0.0973626
 1.05997e-16 7.46343e-05 0.000725472 0.00482102 0.0219156 0.0681877 0.145281 0.212043 0.212045 0.145293 0.0682269 0.0220294 0.00510867 0.00136042 0.00130204 0.00209385 0.00315704 0.00430325 0.00542036 0.00652015 0.00774504 0.00925129 0.0110395 0.0128638 0.0142943 0.0148977
 1.02355e-16 4.74905e-05 0.000461624 0.00306766 0.0139452 0.0433888 0.0924458 0.134935 0.134974 0.0926356 0.0440259 0.0157843 0.00768028 0.0105181 0.0191086 0.0314162 0.0450214 0.0561357 0.0609413 0.0576982 0.0478209 0.0349981 0.0230787 0.014336 0.00909213 0.00644247
 1.00535e-16 7.75496e-05 0.000753809 0.00500933 0.0227717 0.0708512 0.150956 0.220326 0.22033 0.150976 0.070919 0.0229677 0.00550198 0.00183141 0.00213032 0.00341514 0.00494897 0.00629893 0.00707709 0.00709852 0.00647633 0.00552556 0.00455695 0.00372826 0.00304072 0.00243194
 1.00175e-16 7.41084e-05 0.00072036 0.00478704 0.0217612 0.0677073 0.144258 0.21055 0.21056 0.144303 0.0678603 0.022203 0.00589509 0.00313626 0.00465358 0.007553 0.0108191 0.0134914 0.0146465 0.0138607 0.0114651 0.00833562 0.00538966 0.00317442 0.00178047 0.00101432
 1.00431e-16 6.46127e-05 0.000628058 0.00417367 0.0189729 0.0590319 0.125774 0.183575 0.183595 0.12587 0.0593529 0.0198998 0.00649882 0.00569913 0.00968149 0.0158662 0.0227621 0.0284383 0.0309717 0.0294725 0.024617 0.0182084 0.0121297 0.00749663 0.00449109 0.00272841
 1.00644e-16 7.01937e-05 0.000682308 0.00453418 0.0206117 0.0641308 0.136638 0.19943 0.199442 0.136699 0.0643345 0.0212002 0.00601129 0.00390648 0.00619227 0.0101225 0.014566 0.0182957 0.0201082 0.0194417 0.0167011 0.0129758 0.00938761 0.00657803 0.00462951 0.00331208
 1.00385e-16 7.23713e-05 0.000703475 0.00467484 0.0212512 0.0661203 0.140877 0.205616 0.205627 0.140929 0.0662966 0.0217604 0.00595254 0.00349068 0.00535983 0.00873059 0.0125324 0.0156804 0.0171212 0.0163677 0.0137879 0.0103613 0.00710546 0.00461598 0.00298072 0.00198593
 1.0005e-16 8.07196e-05 0.000784624 0.0052141 0.0237025 0.0737474 0.157127 0.229331 0.229333 0.157136 0.0737769 0.0237878 0.00542802 0.00125121 0.000965674 0.00146557 0.00209596 0.00261979 0.00285597 0.00272255 0.00228151 0.00169802 0.00114423 0.000721675 0.000446298 0.000282544
 1.00497e-16 1.58512e-05 0.00015408 0.00102392 0.00465463 0.0144827 0.0308597 0.0450568 0.0451336 0.0312349 0.0157421 0.00828989 0.0101405 0.0200278 0.0376773 0.062047 0.0888719 0.110689 0.119906 0.113023 0.0927858 0.0664648 0.0417081 0.0231228 0.0115299 0.00535702
 1.00495e-16 8.03879e-05 0.000781399 0.00519267 0.0236051 0.0734443 0.156481 0.228389 0.228389 0.156485 0.0734565 0.0236405 0.00528247 0.000981184 0.000470792 0.000679566 0.00103709 0.00144047 0.00183942 0.00220299 0.00251796 0.00276845 0.00291577 0.00290531 0.00270015 0.00231396
 1.00486e-16 4.76983e-05 0.000463644 0.00308108 0.0140062 0.0435786 0.0928503 0.135526 0.135566 0.0930457 0.0442343 0.015899 0.00782772 0.0108106 0.0196546 0.0323024 0.0462583 0.0576042 0.0623853 0.0587857 0.0482457 0.0345652 0.021736 0.012156 0.00623673 0.0031328
 1.01918e-16 6.42198e-05 0.00062424 0.00414829 0.0188575 0.0586729 0.125009 0.182458 0.182473 0.125084 0.0589234 0.0195818 0.00596917 0.00460844 0.00765773 0.0126273 0.0183428 0.0233924 0.0263633 0.0265704 0.0244142 0.0210265 0.0175173 0.0144407 0.0117961 0.00937626
 1.01484e-16 6.25805e-05 0.000608305 0.0040424 0.0183762 0.0571752 0.121819 0.177802 0.177822 0.121917 0.0575062 0.0193319 0.00644095 0.00584275 0.00999906 0.0164191 0.0236174 0.0296383 0.0325322 0.0313987 0.0269198 0.0208965 0.0151759 0.0108018 0.00787838 0.00597635
 1.00763e-16 7.14964e-05 0.000694971 0.00461833 0.0209942 0.065321 0.139174 0.20313 0.203141 0.139227 0.0654992 0.0215092 0.00591104 0.00351707 0.00543142 0.00886649 0.0127659 0.0160524 0.0176771 0.0171513 0.0148283 0.0116547 0.00860035 0.006212 0.00454903 0.00340282
 1.02736e-16 1.05515e-05 0.000102565 0.000681583 0.00309842 0.00964076 0.0205435 0.0300001 0.0300777 0.0209226 0.0109131 0.00677224 0.00989871 0.0202081 0.0381486 0.0629293 0.0903644 0.113028 0.123344 0.117803 0.0990705 0.0742358 0.0506711 0.0326961 0.0209528 0.0138864
 1.03833e-16 7.05486e-05 0.000685757 0.0045571 0.0207159 0.0644549 0.137328 0.200435 0.200438 0.137343 0.064506 0.0208655 0.00494019 0.00154733 0.00178071 0.00302448 0.00479664 0.00695953 0.00939021 0.0119789 0.0145922 0.016974 0.0186979 0.0192823 0.0184273 0.0162086
 1.02398e-16 5.25625e-05 0.000510926 0.00339529 0.0154345 0.0480226 0.102318 0.149344 0.149376 0.102476 0.0485509 0.0169595 0.00722041 0.00885185 0.0158663 0.0260768 0.0373975 0.0466951 0.0508251 0.0483635 0.0404875 0.030233 0.0207369 0.0138042 0.00962024 0.00738163
 1.06134e-16 2.54806e-05 0.00024768 0.00164592 0.00748216 0.0232801 0.0496025 0.0724069 0.0724576 0.0498501 0.0241118 0.00988621 0.00768616 0.0134525 0.0251587 0.0416939 0.0603849 0.076603 0.0855994 0.0851094 0.0766016 0.0641052 0.0516389 0.0413112 0.0331998 0.0264591
 1.04044e-16 6.86364e-05 0.00066717 0.00443358 0.0201544 0.0627079 0.133606 0.195004 0.195011 0.133642 0.0628296 0.0205072 0.00532391 0.00262705 0.00383865 0.00636267 0.00945206 0.0125005 0.0149245 0.0164373 0.0171611 0.0174264 0.0174388 0.0171155 0.0162069 0.0145535
 1.01557e-16 6.31535e-05 0.000613875 0.00407942 0.0185444 0.0576988 0.122934 0.17943 0.179451 0.123034 0.0580333 0.0195105 0.00650294 0.00589991 0.010089 0.0165449 0.0237478 0.0296989 0.0324106 0.0309771 0.0261251 0.0197456 0.0137901 0.00937879 0.00663122 0.00506617
 1.04535e-16 1.54891e-05 0.000150559 0.00100052 0.00454828 0.0141517 0.0301542 0.044025 0.0440917 0.0304805 0.0152472 0.0077125 0.00894362 0.0174919 0.0329535 0.0544627 0.078469 0.0986962 0.108726 0.10555 0.0913226 0.071838 0.0530349 0.0382689 0.0279212 0.0207439
 1.2007e-16 2.12976e-05 0.00020702 0.00137572 0.00625386 0.0194582 0.0414585 0.0605144 0.060536 0.0415642 0.0198152 0.00729375 0.00401893 0.00608614 0.0115061 0.019821 0.0304911 0.0423887 0.0542429 0.0652734 0.0752559 0.0838695 0.0900117 0.0919121 0.0881101 0.0785143
 1.03171e-16 7.67676e-05 0.000746209 0.00495882 0.0225421 0.0701368 0.149434 0.218104 0.218107 0.149448 0.0701833 0.0226767 0.00529789 0.00149051 0.00150283 0.00239697 0.00352879 0.00462188 0.0054611 0.00597447 0.00627627 0.00657361 0.0070019 0.00751936 0.00793161 0.00801046
pSPR Fmed_Fpbrs
0.223336   0.244305 0.244305
Fs Fmed_Fpbrs
1.08637   1.005 1.005
SSBpbr Bo_Bmed_Bpbrs
1.42092e+06  246296  276092 276092
Ro
57470.1
SPR SPRFo_SPRFmed_SPRFpbrs
409225 91394.7 99975.7
Fref
1.005
log_Ro
10.779
likeval ReclasPelacesDesembMPH_pf_preclas_ppelaces_ptallas_desvR_qrecl_qpela
 18.2817 17.4989 0.213502 0.000909887 290.332 121.094 97.8982 0 70.5664 0.000133775 0.000322376 0.00208067 0 0 0
q_reclas_q_pelaces
5.14983 12.864
M
1
N
 15514.1 19489.4 71522.8 9794.94 0.101347
 9742.18 4647.43 5243.41 19242.5 2635.25
 165901 1754.84 576.203 650.095 2712.47
 57017.8 29889.1 217.634 71.4602 417.022
 9381.13 7126.96 2124.13 15.4666 34.7151
 286400 854.035 312.526 93.1458 2.20053
 12521.9 73997.2 183.419 67.1207 20.4774
 3432.19 1875.96 6929.34 17.176 8.20297
 50078 821.614 358.683 1324.89 4.85245
 13616.4 9082.97 102.943 44.9408 166.608
 36044.8 890.162 240.53 2.72609 5.60213
 110835 8531.39 167.287 45.2025 1.56511
 75961.1 14065.9 620.496 12.1669 3.40145
 68689.1 9629.59 1021.32 45.0541 1.13042
 41909.4 4774.97 280.015 29.6986 1.34298
 254872 3148.66 156.285 9.1649 1.01599
 13913.7 40543.2 323.046 16.0346 1.04454
 425991 1834.36 3124.96 24.8996 1.31641
 189282 90168.3 290.785 495.373 4.15579
 216613 28447.6 8484.63 27.3622 47.0045
 196934 34160.4 2880.46 859.111 7.53
 408673 33405.6 3865.07 325.909 98.0559
 18273.6 69313.4 3778.92 437.226 47.9599
 174293 3421.26 9114.62 496.923 63.8013
 133996 39214.8 595.195 1585.67 97.549
 31115.9 30020.4 6778.17 102.878 290.939
 126643 6653.63 4833.27 1091.28 63.4044
 182469 26029.6 1008.55 732.625 175.027
 25621.3 48902.5 5910.93 229.027 206.114
 11457 6798.76 10938.2 1322.12 97.3296
 79012 1482.16 509.144 819.138 106.299
pred_Ctot
 1851.96 3395.17 12459.7 1706.34 0.0176554
 3327.52 2121.04 2393.04 8782.07 1202.7
 56653.5 800.757 262.929 296.647 1237.74
 25898.9 17264.3 125.708 41.2764 240.878
 4968.93 4635.18 1381.48 10.0591 22.5777
 55458 234.64 85.8643 25.5912 0.60458
 5037.94 38748.4 96.0471 35.1475 10.7229
 784.591 600.183 2216.93 5.49518 2.6244
 16981.8 372.672 162.693 600.949 2.201
 8060.58 6407.38 72.6192 31.7026 117.53
 8420.27 290.454 78.4834 0.889505 1.82794
 49891.2 4892.61 95.9363 25.9229 0.897565
 34215.6 8070.77 356.03 6.98118 1.9517
 39942.1 6706.78 711.326 31.3791 0.787308
 23786.7 3267.98 191.641 20.3256 0.919131
 97743.7 1584.64 78.6543 4.61246 0.511323
 6117.69 22818.6 181.817 9.02458 0.587889
 119545 705.526 1201.91 9.57679 0.506314
 75969.3 47122.1 151.965 258.883 2.17182
 83671.6 14403 4295.76 13.8535 23.7984
 71355.7 16392.5 1382.25 412.262 3.61342
 148093 16032 1854.92 156.41 47.0589
 5987.63 30526 1664.26 192.557 21.1218
 44524.3 1210.13 3223.93 175.766 22.5671
 34470.3 13957.9 211.85 564.393 34.721
 8603.98 11396.2 2573.1 39.054 110.445
 37020.3 2652.95 1927.13 435.119 25.2807
 32129.8 6547.28 253.684 184.279 44.0249
 4634.91 12613.7 1524.64 59.0742 53.164
 5097.38 3862.84 6214.75 751.187 55.2997
 25645.1 647.431 222.402 357.813 46.4332
F
 0.205437 0.312897 0.312897 0.312897 0.312897
 0.714087 1.08761 1.08761 1.08761 1.08761
 0.713897 1.08732 1.08732 1.08732 1.08732
 1.07948 1.64413 1.64413 1.64413 1.64413
 1.39648 2.12695 2.12695 2.12695 2.12695
 0.353361 0.538196 0.538196 0.538196 0.538196
 0.898354 1.36826 1.36826 1.36826 1.36826
 0.429682 0.654438 0.654438 0.654438 0.654438
 0.707182 1.07709 1.07709 1.07709 1.07709
 1.72763 2.63131 2.63131 2.63131 2.63131
 0.44101 0.671692 0.671692 0.671692 0.671692
 1.06429 1.62099 1.62099 1.62099 1.62099
 1.06538 1.62266 1.62266 1.62266 1.62266
 1.6662 2.53775 2.53775 2.53775 2.53775
 1.58853 2.41946 2.41946 2.41946 2.41946
 0.838392 1.27693 1.27693 1.27693 1.27693
 1.02618 1.56295 1.56295 1.56295 1.56295
 0.552741 0.841866 0.841866 0.841866 0.841866
 0.895176 1.36342 1.36342 1.36342 1.36342
 0.847045 1.29011 1.29011 1.29011 1.29011
 0.774148 1.17909 1.17909 1.17909 1.17909
 0.774278 1.17929 1.17929 1.17929 1.17929
 0.675447 1.02876 1.02876 1.02876 1.02876
 0.491686 0.748875 0.748875 0.748875 0.748875
 0.495935 0.755347 0.755347 0.755347 0.755347
 0.542556 0.826354 0.826354 0.826354 0.826354
 0.58214 0.886644 0.886644 0.886644 0.886644
 0.316748 0.482432 0.482432 0.482432 0.482432
 0.326686 0.497568 0.497568 0.497568 0.497568
 1.0451 1.59176 1.59176 1.59176 1.59176
 0.667 1.01589 1.01589 1.01589 1.01589
nmprior
 8 9 7.5 0
nm_flota  nm_reclas  nm_pelaces    nm_pelaL
inf 19.2048 4.65238 6.32719
cv_recla  cv_pelaces  cv_mph
0.386753 0.492232 0.930892
 ------------------------------------------------
Talla a la edad & desviación 
 8 13.2811 15.8009 17.003 17.5766
 0.8 1.32811 1.58009 1.7003 1.75766
