years
 1991 1992 1993 1994 1995 1996 1997 1998 1999 2000 2001 2002 2003 2004 2005 2006 2007 2008 2009 2010 2011 2012 2013 2014 2015 2016 2017 2018 2019 2020 2021
reclasobs
 0 0 0 0 0 0 0 0 0 252601 567819 844713 477998 351125 339783 2.1784e+06 2.13404e+06 4.81314e+06 1.55562e+06 2.62356e+06 3.21686e+06 3.843e+06 1.13348e+06 3.07943e+06 1.97215e+06 2.03268e+06 2.025e+06 2.42433e+06 2.27542e+06 1.05018e+06 2.36338e+06
reclaspred
 3.47128e+06 1.97875e+06 1.0071e+06 1.06164e+06 1.09505e+06 1.66647e+06 1.12947e+06 1.01423e+06 733154 532745 539488 660217 652956 530135 539449 1.23183e+06 1.22807e+06 2.6183e+06 2.1855e+06 1.67944e+06 2.95654e+06 2.39425e+06 1.94152e+06 2.96914e+06 2.24651e+06 1.99919e+06 2.33154e+06 2.43724e+06 2.02033e+06 1.31439e+06 2.12419e+06
pelacesobs
 0 0 0 0 0 0 0 0 0 0 0 0 0 0 0 552880 188675 0 991730 2.46772e+06 1.41603e+06 1.21717e+06 2.29649e+06 1.80582e+06 0 1.4828e+06 1.56532e+06 1.57751e+06 1.42118e+06 867257 0
pelacespred
 2.25551e+06 1.44216e+06 742821 619139 658433 1.0199e+06 692403 716354 518570 360103 364327 374375 403433 349078 357950 663589 689061 1.60613e+06 1.43763e+06 1.03257e+06 1.70626e+06 1.54267e+06 1.25506e+06 2.02009e+06 1.52744e+06 1.34749e+06 1.74368e+06 1.8053e+06 1.2794e+06 938966 1.35665e+06
mphobs
 0 0 0 0 0 0 0 0 0 0 0 498337 0 5186 125008 0 168611 109162 213762 579715 649985 157893 87575 83554 0 0 0 0 0 0 0
mphpred
 526966 354139 180605 98569.8 117119 134028 174227 118812 102843 71999.9 47293.8 63363.9 67229.5 58243.6 42189.7 52357.4 142805 140723 260460 201936 222633 271311 257387 216275 298237 247291 205174 215219 294309 203466 116599
desembarqueobs
 494567 514787 250237 358949 120608 361735 552515 73892 212993 205616 52469 317467 293654 387597 252695 516296 358380 742168 942051 627588 828172 859565 418607 520667 417249 300574 407403 355545 319650 289779 219260
desembarquepred
 494574 513172 251107 358969 120612 361750 552575 73895.3 213036 205658 52471.2 317538 293713 387663 252702 516290 358409 742107 941952 627515 828254 859621 418624 520693 417256 300581 407410 355539 319651 289792 219262
Reclutas
 231278 133856 131572 261541 209064 331630 140495 67079.5 59036.1 74911.6 133705 170865 144076 102318 104691 510703 121789 782423 469163 371795 532255 717592 158197 457624 387493 176423 383511 425847 129292 100884 485842
log_desv_Rt
 0.0766772 -0.470179 -0.487388 0.199645 -0.0243041 0.437075 -0.421774 -1.16107 -1.2888 -1.05064 -0.471308 -0.226073 -0.396603 -0.738855 -0.715934 0.868843 -0.564652 1.29545 0.784005 0.551397 0.910177 1.20896 -0.303106 0.759102 0.592753 -0.194059 0.582425 0.687136 -0.504872 -0.752975 0.818939
SSB
 4.28048e+06 2.87663e+06 1.46703e+06 800671 951342 1.08869e+06 1.41523e+06 965093 835381 584847 384162 514698 546097 473106 342702 425293 1.15999e+06 1.14307e+06 2.11569e+06 1.6403e+06 1.80842e+06 2.20383e+06 2.09073e+06 1.75678e+06 2.42255e+06 2.00871e+06 1.6666e+06 1.7482e+06 2.39064e+06 1.65273e+06 947120
BT
 5.65857e+06 3.86169e+06 1.98028e+06 1.78769e+06 1.65327e+06 2.76949e+06 2.11783e+06 1.76584e+06 1.43814e+06 1.05383e+06 924013 1.16767e+06 1.23637e+06 1.24734e+06 1.1262e+06 2.05684e+06 1.90598e+06 4.59532e+06 4.3429e+06 3.01245e+06 4.80008e+06 4.48902e+06 3.32037e+06 5.39964e+06 3.98869e+06 3.45638e+06 4.6426e+06 4.72755e+06 3.243e+06 2.48227e+06 3.50603e+06
Ftot
 0.0991334 0.17841 0.172522 0.243426 0.0789821 0.158077 0.336128 0.0519675 0.205419 0.270892 0.0720444 0.342132 0.319572 0.513445 0.341848 0.313231 0.204951 0.210645 0.305135 0.265998 0.202334 0.257619 0.15119 0.129484 0.132319 0.106708 0.128395 0.108001 0.109722 0.154178 0.0779578
BD_Bspro_t
 0.984264 0.882365 0.754626 0.67952 0.685942 0.750059 0.741265 0.615436 0.664009 0.62887 0.596681 0.741681 0.633007 0.551237 0.456115 0.509871 0.640707 0.625199 0.700955 0.614811 0.593239 0.637002 0.651308 0.648916 0.743637 0.751912 0.75986 0.789973 0.827078 0.770623 0.728958
BD_Bspro
 2.80633 1.88595 0.961801 0.524928 0.623709 0.713757 0.927836 0.632724 0.547684 0.383431 0.25186 0.337441 0.358027 0.310173 0.224679 0.278826 0.760501 0.74941 1.38707 1.0754 1.18562 1.44485 1.3707 1.15176 1.58825 1.31693 1.09264 1.14614 1.56732 1.08355 0.620941
BD_Bo
 1.95681 1.31504 0.670649 0.366024 0.434903 0.497692 0.646965 0.441189 0.381891 0.267361 0.175618 0.235292 0.249646 0.216279 0.156665 0.194421 0.530286 0.522552 0.967179 0.74986 0.826714 1.00747 0.955769 0.803104 1.10746 0.918277 0.761881 0.799184 1.09287 0.755542 0.432972
BD_Brms
 13.2508 8.90501 4.5414 2.47859 2.94501 3.3702 4.38103 2.98758 2.58604 1.81047 1.18923 1.59332 1.69052 1.46457 1.06088 1.31655 3.59091 3.53854 6.5494 5.07779 5.59822 6.82224 6.47214 5.43834 7.49933 6.21825 5.15919 5.4118 7.40054 5.11627 2.93194
Sel_flota
 0.867308 1 1 1 1
 0.867308 1 1 1 1
 0.867308 1 1 1 1
 0.867308 1 1 1 1
 0.867308 1 1 1 1
 0.867308 1 1 1 1
 0.867308 1 1 1 1
 0.867308 1 1 1 1
 0.867308 1 1 1 1
 0.867308 1 1 1 1
 0.867308 1 1 1 1
 0.867308 1 1 1 1
 0.867308 1 1 1 1
 0.867308 1 1 1 1
 0.867308 1 1 1 1
 0.867308 1 1 1 1
 0.867308 1 1 1 1
 0.867308 1 1 1 1
 0.867308 1 1 1 1
 0.867308 1 1 1 1
 0.867308 1 1 1 1
 0.867308 1 1 1 1
 0.867308 1 1 1 1
 0.867308 1 1 1 1
 0.867308 1 1 1 1
 0.867308 1 1 1 1
 0.867308 1 1 1 1
 0.867308 1 1 1 1
 0.867308 1 1 1 1
 0.867308 1 1 1 1
 0.867308 1 1 1 1
Sel_reclas
 1 1 1 1 1
 1 1 1 1 1
 1 1 1 1 1
 1 1 1 1 1
 1 1 1 1 1
 1 1 1 1 1
 1 1 1 1 1
 1 1 1 1 1
 1 1 1 1 1
 1 1 1 1 1
 1 1 1 1 1
 1 1 1 1 1
 1 1 1 1 1
 1 1 1 1 1
 1 1 1 1 1
 1 1 1 1 1
 1 1 1 1 1
 1 1 1 1 1
 1 1 1 1 1
 1 1 1 1 1
 1 1 1 1 1
 1 1 1 1 1
 1 1 1 1 1
 1 1 1 1 1
 1 1 1 1 1
 1 1 1 1 1
 1 1 1 1 1
 1 1 1 1 1
 1 1 1 1 1
 1 1 1 1 1
 1 1 1 1 1
Sel_pelaces
 0.913638 1 1 1 1
 0.913638 1 1 1 1
 0.913638 1 1 1 1
 0.913638 1 1 1 1
 0.913638 1 1 1 1
 0.913638 1 1 1 1
 0.913638 1 1 1 1
 0.913638 1 1 1 1
 0.913638 1 1 1 1
 0.913638 1 1 1 1
 0.913638 1 1 1 1
 0.913638 1 1 1 1
 0.913638 1 1 1 1
 0.913638 1 1 1 1
 0.913638 1 1 1 1
 0.913638 1 1 1 1
 0.913638 1 1 1 1
 0.913638 1 1 1 1
 0.913638 1 1 1 1
 0.913638 1 1 1 1
 0.913638 1 1 1 1
 0.913638 1 1 1 1
 0.913638 1 1 1 1
 0.913638 1 1 1 1
 0.913638 1 1 1 1
 0.913638 1 1 1 1
 0.913638 1 1 1 1
 0.913638 1 1 1 1
 0.913638 1 1 1 1
 0.913638 1 1 1 1
 0.913638 1 1 1 1
pf_obs 
 0.8446 0.082 0.0669 0.0065 0
 0.8095 0.147 0.0364 0.0071 0
 0.9664 0.0169 0.016 0.0007 0
 0.9276 0.0648 0.0075 0.0001 0
 0.7033 0.2144 0.0806 0.0017 0
 0.9318 0.0425 0.0243 0.0014 0
 0.5671 0.3108 0.0964 0.0239 0.0018
 0.0768 0.2599 0.5324 0.112 0.0189
 0.490249 0.384438 0.106611 0.0170017 0.00170017
 0.7925 0.1577 0.0466 0.003 0.0002
 0.840416 0.127587 0.0312969 0.00059994 9.999e-05
 0.8084 0.0986 0.0794 0.0134 0.0002
 0.7335 0.1905 0.0724 0.0035 0.0001
 0.4001 0.4547 0.1325 0.0127 0
 0.49795 0.308269 0.164784 0.0264974 0.00249975
 0.9179 0.0499 0.0305 0.0017 0
 0.2467 0.6533 0.0926 0.0074 0
 0.9418 0.0223 0.034 0.0019 0
 0.707729 0.231977 0.0356964 0.0245975 0
 0.517169 0.277429 0.184464 0.0207286 0.00020938
 0.811772 0.124168 0.05621 0.00726502 0.000585176
 0.764997 0.148141 0.077277 0.00933861 0.000247198
 0.163321 0.427699 0.378323 0.0303852 0.000271297
 0.753843 0.0900009 0.118128 0.0371064 0.000921714
 0.721811 0.176058 0.0630433 0.0369309 0.00215725
 0.143369 0.312575 0.442814 0.0836902 0.0175525
 0.692698 0.0596174 0.167031 0.0765114 0.00414204
 0.394062 0.376323 0.152708 0.0712218 0.00568511
 0.125707 0.32114 0.495352 0.0537591 0.00404204
 0.23352 0.215282 0.420074 0.123614 0.00750983
 0 0 0 0 0
pf_pred 
 0.434709 0.110354 0.431656 0.0232809 7.4936e-07
 0.414679 0.276208 0.0603437 0.236038 0.0127309
 0.552993 0.202532 0.115365 0.025204 0.103905
 0.765227 0.138787 0.0434897 0.0247723 0.0277234
 0.649591 0.277885 0.0428731 0.0134345 0.0162166
 0.733842 0.18168 0.0669933 0.010336 0.00714836
 0.47076 0.403793 0.0856309 0.0315758 0.00824083
 0.436691 0.28902 0.209273 0.0443798 0.0206357
 0.509313 0.232083 0.132683 0.0960733 0.0298474
 0.665585 0.183532 0.0713639 0.0407991 0.0387196
 0.789294 0.147714 0.0345709 0.0134424 0.0149785
 0.726314 0.222466 0.0359073 0.00840373 0.00690873
 0.673601 0.24766 0.0640035 0.0103305 0.00440539
 0.616613 0.27198 0.0845312 0.0218457 0.00502966
 0.716462 0.186908 0.0685506 0.0213055 0.00677373
 0.921811 0.0586162 0.0129024 0.0047321 0.00193833
 0.410352 0.550178 0.0295894 0.00651312 0.00336722
 0.891529 0.0487248 0.0557467 0.00299814 0.00100112
 0.609729 0.353578 0.0164824 0.0188578 0.00135285
 0.615584 0.249342 0.122375 0.00570463 0.00699498
 0.737405 0.171604 0.0590189 0.0289659 0.00300598
 0.746523 0.194392 0.0386114 0.0132794 0.00719375
 0.337087 0.514484 0.113831 0.0226098 0.0119885
 0.744623 0.0950957 0.124393 0.0275224 0.0083653
 0.634757 0.282162 0.0309373 0.0404687 0.0116753
 0.447694 0.369708 0.141063 0.0154666 0.0260686
 0.7331 0.129496 0.0919772 0.035094 0.0103333
 0.691593 0.234959 0.0356355 0.0253109 0.012501
 0.363697 0.45992 0.134377 0.0203806 0.0216253
 0.44892 0.220044 0.239273 0.0699097 0.0218535
 0.863987 0.0662887 0.0278408 0.0302737 0.0116102
pobs_RECLAS
 0 0 0 0 0
 0 0 0 0 0
 0 0 0 0 0
 0 0 0 0 0
 0 0 0 0 0
 0 0 0 0 0
 0 0 0 0 0
 0 0 0 0 0
 0 0 0 0 0
 0 0 0 0 0
 0.991045 0.00858322 0.000360255 1.14367e-05 0
 0.934742 0.0480273 0.0164251 0.00080598 0
 0.827803 0.169806 0.00239088 0 0
 0.941827 0.0461693 0.0120037 0 0
 0.791401 0.0380133 0.147996 0.0225897 0
 0.846168 0.0940531 0.0597789 0 0
 0.134021 0.677848 0.182769 0.00536245 0
 0.80878 0.0450904 0.141981 0.00414843 0
 0.846168 0.0940531 0.0597789 0 0
 0.905697 0.0802665 0.012482 0.00150086 5.37128e-05
 0.989698 0.0102097 9.19794e-05 0 0
 0.975433 0.0193895 0.00387452 0.00125025 5.28907e-05
 0.303575 0.632131 0.0575291 0.00676475 0
 0.966965 0.00978017 0.0227588 0.000495775 0
 0.843318 0.132988 0.00938335 0.0141283 0.000182051
 0.564624 0.303363 0.111486 0.0197234 0.00080311
 0.826376 0.0876187 0.0782897 0.00655872 0.00115652
 0.89761 0.0855135 0.0140674 0.00269457 0.000114338
 0.34875 0.467042 0.161289 0.0227151 0.000203297
 0.318654 0.224769 0.449479 0.00709798 0
 0.937255 0.0296025 0.0250945 0.00804832 0
ppred_RECLAS
 0.470253 0.103415 0.404514 0.0218171 7.02242e-07
 0.450155 0.259468 0.0566863 0.221732 0.0119593
 0.588387 0.186496 0.106231 0.0232084 0.0956777
 0.790367 0.123926 0.0388328 0.0221197 0.0247548
 0.681467 0.252606 0.038973 0.0122124 0.0147414
 0.761065 0.163098 0.0601411 0.00927878 0.00641721
 0.507503 0.375759 0.0796859 0.0293836 0.0076687
 0.472117 0.270844 0.196113 0.0415889 0.019338
 0.545439 0.214996 0.122915 0.0889999 0.0276498
 0.697264 0.166147 0.0646036 0.0369343 0.0350518
 0.812124 0.131709 0.0308252 0.0119859 0.0133556
 0.754584 0.199487 0.0321983 0.00753567 0.0061951
 0.705025 0.223817 0.0578416 0.00933596 0.00398126
 0.651506 0.247227 0.0768379 0.0198575 0.0045719
 0.745392 0.167837 0.0615561 0.0191316 0.00608258
 0.931753 0.0511632 0.0112619 0.00413042 0.00169187
 0.445835 0.51707 0.0278088 0.00612118 0.00316459
 0.904783 0.042771 0.048935 0.00263179 0.000878796
 0.643997 0.322532 0.0150352 0.017202 0.00123407
 0.649487 0.227351 0.111582 0.00520152 0.00637807
 0.764495 0.153901 0.0529303 0.0259777 0.00269587
 0.773111 0.174002 0.0345613 0.0118865 0.00643918
 0.370033 0.488915 0.108174 0.0214861 0.0113927
 0.771018 0.0852668 0.111536 0.0246777 0.00750067
 0.667445 0.25691 0.0281685 0.0368469 0.0106304
 0.483416 0.345796 0.131939 0.0144663 0.0243825
 0.7603 0.116299 0.0826036 0.0315175 0.00928018
 0.721362 0.21228 0.0321958 0.0228678 0.0112943
 0.397551 0.43545 0.127228 0.0192962 0.0204747
 0.484813 0.205712 0.223688 0.0653563 0.0204301
 0.879962 0.0585027 0.0245707 0.0267179 0.0102466
pobs_PELACES
 0 0 0 0 0
 0 0 0 0 0
 0 0 0 0 0
 0 0 0 0 0
 0 0 0 0 0
 0 0 0 0 0
 0 0 0 0 0
 0 0 0 0 0
 0 0 0 0 0
 0 0 0 0 0
 0 0 0 0 0
 0 0 0 0 0
 0 0 0 0 0
 0 0 0 0 0
 0 0 0 0 0
 0 0 0 0 0
 0.505614 0.472636 0.0217494 0 0
 0 0 0 0 0
 0.443492 0.261883 0.143347 0.151278 0
 0.227955 0.32914 0.350689 0.0885471 0.00366901
 0.970185 0.0296113 0.000203453 0 0
 0.997202 0.00247181 0.000326279 0 0
 0.445219 0.490057 0.0546422 0.010081 0
 0.90214 0.0892962 0.00764917 0.000914606 0
 0 0 0 0 0
 0.581667 0.319106 0.0959925 0.00289975 0.000334073
 0.762889 0.0836404 0.116647 0.0363945 0.000428098
 0.88444 0.0763242 0.0277011 0.0115352 0
 0.521256 0.241999 0.230069 0.00667565 0
 0.616807 0.101726 0.260614 0.0208532 0
 0 0 0 0 0
ppred_PELACES
 0.448902 0.107583 0.420818 0.0226964 7.30546e-07
 0.429828 0.26906 0.0587819 0.229929 0.0124014
 0.568206 0.19564 0.111439 0.0243463 0.100369
 0.776863 0.131909 0.0413343 0.0235446 0.0263494
 0.662322 0.267789 0.0413154 0.0129464 0.0156274
 0.745571 0.173674 0.0640411 0.00988048 0.00683335
 0.488605 0.390178 0.0827436 0.0305111 0.00796297
 0.450241 0.282068 0.204239 0.0433123 0.0201393
 0.525212 0.224563 0.128384 0.0929603 0.0288802
 0.68045 0.175374 0.0681916 0.0389855 0.0369985
 0.798461 0.141288 0.0330669 0.0128576 0.0143268
 0.740366 0.211044 0.0340637 0.00797224 0.006554
 0.688907 0.236046 0.0610022 0.0098461 0.00419881
 0.63595 0.258263 0.0802678 0.0207439 0.00477599
 0.730829 0.177437 0.065077 0.0202259 0.00643049
 0.926717 0.0549381 0.0120928 0.00443517 0.0018167
 0.425836 0.53573 0.0288123 0.00634209 0.0032788
 0.897564 0.0460141 0.0526454 0.00283134 0.000945429
 0.626164 0.338688 0.0157883 0.0180636 0.00129588
 0.631373 0.239101 0.117348 0.00547032 0.00670768
 0.749514 0.163691 0.0562973 0.0276302 0.00286736
 0.758948 0.184863 0.0367187 0.0126285 0.00684113
 0.350743 0.503886 0.111486 0.0221441 0.0117416
 0.755732 0.0909592 0.118982 0.0263252 0.00800142
 0.648425 0.271603 0.0297796 0.0389543 0.0112384
 0.462071 0.360085 0.137391 0.015064 0.02539
 0.744526 0.123952 0.0880396 0.0335916 0.00989089
 0.703837 0.225632 0.0342208 0.0243061 0.0120047
 0.377259 0.450117 0.131513 0.0199462 0.0211643
 0.463979 0.214031 0.232735 0.0679994 0.0212563
 0.870475 0.0631265 0.0265127 0.0288296 0.0110564
pobs_pel_tallas
 0 0 0 0 0 0 0 0 0 0 0 0 0 0 0 0 0 0 0 0 0 0 0 0 0 0
 0 0 0 0 0 0 0 0 0 0 0 0 0 0 0 0 0 0 0 0 0 0 0 0 0 0
 0 0 0 0 0 0 0 0 0 0 0 0 0 0 0 0 0 0 0 0 0 0 0 0 0 0
 0 0 0 0 0 0 0 0 0 0 0 0 0 0 0 0 0 0 0 0 0 0 0 0 0 0
 0 0 0 0 0 0 0 0 0 0 0 0 0 0 0 0 0 0 0 0 0 0 0 0 0 0
 0 0 0 0 0 0 0 0 0 0 0 0 0 0 0 0 0 0 0 0 0 0 0 0 0 0
 0 0 0 0 0 0 0 0 0 0 0 0 0 0 0 0 0 0 0 0 0 0 0 0 0 0
 0 0 0 0 0 0 0 0 0 0 0 0 0 0 0 0 0 0 0 0 0 0 0 0 0 0
 0 0 0 0 0 0 0 0 0 0 0 0 0 0 0 0 0 0 0 0 0 0 0 0 0 0
 0 0 0 0 0 0 0 0 0 0 0 0 0 0 0 0 0 0 0 0 0 0 0 0 0 0
 0 0 0 0 0 0 0 0 0 0 0 0 0 0 0 0 0 0 0 0 0 0 0 0 0 0
 0 0 0 0 0 0 0 0 0 0 0 0 0 0 0 0 0 0 0 0 0 0 0 0 0 0
 0.00862536 0 0 0.000197151 0.00414017 0.0128641 0.00837892 0.0270097 0.101434 0.158115 0.152841 0.127902 0.109271 0.109419 0.0830992 0.0579132 0.0238553 0.00714673 0.00463305 0.00128148 0.00103504 0.000492878 0.000147863 0.000147863 4.92878e-05 0
 0 0 0 0 0 0 0 0 0 0 0 0 0 0 0 0 0 0 0 0 0 0 0 0 0 0
 0 0 0 0 0 0 0 0.0054083 0.00873648 0.0413646 0.0450493 0.0745869 0.0622846 0.0627006 0.0613931 0.0827291 0.12552 0.122667 0.0946155 0.0697135 0.0546179 0.0294188 0.0215738 0.0213955 0.0102223 0.00600262
 0 0 0 0 0.00359764 0.0251062 0.0480494 0.140153 0.205849 0.193036 0.1447 0.116669 0.0760912 0.0342217 0.00950174 0.001854 0.000860785 0 0 0 0.000165536 0 0.000143464 0 0 0
 0 0 0 0 0 0 0 0.000145254 0.000435761 0.0275982 0.070085 0.0708112 0.156366 0.174668 0.174014 0.160142 0.0824315 0.0480064 0.0283245 0.00493863 0.00203355 0 0 0 0 0
 0 0 0 0 0 0 0 0 0 0 0 0 0 0 0 0 0 0 0 0 0 0 0 0 0 0
 0 0 1.00437e-05 0.000401748 0.00122533 0.00171747 0.00176769 0.0269171 0.070346 0.194647 0.189555 0.159765 0.064822 0.0314167 0.0384472 0.0292271 0.0345202 0.0313363 0.0194345 0.0106764 0.0143323 0.0359363 0.0279516 0.0138201 0.00172751 0
 0 0.0021121 0.0136068 0.0755702 0.200478 0.177729 0.0527432 0.0373336 0.0318909 0.0142505 0.0149659 0.0166563 0.0217959 0.0798694 0.0677717 0.0528807 0.04013 0.0224614 0.0357745 0.0225083 0.00881397 0.00855152 0.00135912 0.000746735 0 0
 0 0 0 0 5.4009e-05 0.00500934 0.000945158 0.0243581 0.138947 0.33067 0.221406 0.137944 0.0707744 0.0437923 0.0131692 0.00525238 0.0047753 0.00276346 9.45158e-05 9.00151e-06 2.25038e-05 9.00151e-06 4.50075e-06 0 0 0
 0.000866109 0.00284123 0.00948549 0.0512746 0.133035 0.25785 0.225252 0.132002 0.0553304 0.0519788 0.0540692 0.017754 0.00435017 0.00159236 0.00146478 0.000404838 0.000125132 0.000115318 0.000107957 0.000100596 0 0 0 0 0 0
 0 0 0 0 0.00144013 0.00171154 0.00461396 0.0210425 0.0478622 0.0707936 0.0888783 0.103762 0.0637923 0.0337046 0.0602308 0.124433 0.169614 0.0934646 0.0462172 0.0250306 0.0313229 0.00938855 0.002487 0.000210481 0 0
 0 0.00764035 0.051015 0.0998891 0.058973 0.0496711 0.0374665 0.0718981 0.12319 0.153886 0.159021 0.0857701 0.0377988 0.023471 0.0147837 0.00900784 0.00315554 0.000888139 0.00291439 0.00214683 0.00393193 0.00274676 0.000635225 9.99891e-05 0 0
 0 0 0 0 0 0 0 0 0 0 0 0 0 0 0 0 0 0 0 0 0 0 0 0 0 0
 0 0 0 0 0 0 0 0 0 0 0 0 0 0 0 0 0 0 0 0 0 0 0 0 0 0
 0 0 0 0 0 0 0 0 0 0 0 0 0 0 0 0 0 0 0 0 0 0 0 0 0 0
 0 0 0 0 0 0 0 0 0 0 0 0 0 0 0 0 0 0 0 0 0 0 0 0 0 0
 0 0 0 0 0 0 0 0 0 0 0 0 0 0 0 0 0 0 0 0 0 0 0 0 0 0
 0 0 0 0 0 0 0 0 0 0 0 0 0 0 0 0 0 0 0 0 0 0 0 0 0 0
 0 0 0 0 0 0 0 0 0 0 0 0 0 0 0 0 0 0 0 0 0 0 0 0 0 0
ppred_pel_tallas
 1.14448e-16 3.69755e-05 0.000359415 0.00238844 0.0108575 0.0337818 0.071976 0.105053 0.105064 0.0720301 0.0339651 0.011395 0.00376807 0.00347132 0.00623987 0.0110189 0.0176383 0.0258527 0.0352954 0.0455737 0.0561078 0.0657676 0.0727553 0.0751136 0.0716774 0.0628118
 1.26923e-16 3.54044e-05 0.000344143 0.00228695 0.0103962 0.0323465 0.0689186 0.100594 0.10062 0.0690459 0.0327744 0.0116338 0.00540016 0.00716375 0.0130602 0.0217399 0.0318315 0.0412146 0.0478599 0.0511071 0.0521567 0.0532154 0.0559028 0.0601389 0.0642405 0.0659723
 1.22693e-16 4.68024e-05 0.000454936 0.00302321 0.0137431 0.0427599 0.0911053 0.132975 0.132994 0.0911982 0.0430726 0.0146482 0.00530305 0.0054587 0.00963029 0.0160625 0.0236548 0.0308804 0.0362506 0.039196 0.0404212 0.0413436 0.043048 0.0455816 0.0480257 0.0491229
 1.08047e-16 6.39892e-05 0.000621998 0.00413339 0.0187898 0.0584622 0.12456 0.181802 0.181815 0.124623 0.0586717 0.0193958 0.00565694 0.00395625 0.00642152 0.0105829 0.0154046 0.019736 0.0224658 0.0231285 0.0221876 0.020693 0.0195832 0.019175 0.0191518 0.0189183
 1.05204e-16 5.45546e-05 0.000530291 0.00352397 0.0160195 0.0498426 0.106196 0.155002 0.155027 0.106322 0.0502663 0.0172433 0.00659644 0.00723935 0.0128019 0.0210934 0.0304195 0.0383417 0.0424175 0.0415392 0.0365962 0.0298627 0.0236154 0.0190553 0.016159 0.014235
 1.0404e-16 6.14117e-05 0.000596944 0.0039669 0.018033 0.0561074 0.119543 0.17448 0.174497 0.119625 0.0563833 0.0188309 0.00597278 0.00498598 0.00842693 0.0139125 0.0202185 0.0258083 0.0291483 0.0295181 0.0274015 0.0240799 0.0207804 0.0180662 0.0158342 0.0137202
 1.06895e-16 4.02458e-05 0.000391203 0.00259969 0.0118178 0.0367698 0.0783434 0.114352 0.11439 0.0785274 0.0373879 0.0136036 0.00708469 0.0101903 0.0186753 0.030876 0.0446299 0.0564558 0.0628273 0.062123 0.0555682 0.0463366 0.0375674 0.0308602 0.0261294 0.0224523
 1.13718e-16 3.70858e-05 0.000360488 0.00239557 0.0108899 0.0338827 0.0721918 0.105372 0.105399 0.0723261 0.0343344 0.012198 0.00569208 0.00760041 0.0139153 0.0232826 0.034325 0.0448234 0.0525037 0.0562821 0.0567756 0.0555799 0.0539561 0.0520551 0.0491815 0.0446402
 1.17973e-16 4.32611e-05 0.000420513 0.00279446 0.0127032 0.0395245 0.084212 0.122914 0.122936 0.0843188 0.0398835 0.0137426 0.00541287 0.00616832 0.0110544 0.0184606 0.027198 0.035518 0.0416896 0.0450002 0.0461493 0.0466069 0.0474531 0.0486461 0.0491983 0.0479508
 1.12184e-16 5.60478e-05 0.000544805 0.00362042 0.0164579 0.0512068 0.109102 0.159241 0.159258 0.109185 0.0514859 0.0172653 0.00565152 0.00499375 0.00855059 0.0141687 0.0206991 0.0266715 0.0306471 0.0320288 0.0314191 0.0301517 0.029367 0.0293605 0.0296057 0.0292608
 1.04705e-16 6.57682e-05 0.00063929 0.00424831 0.0193122 0.0600875 0.128023 0.186857 0.18687 0.12809 0.0603115 0.0199594 0.00587428 0.00419329 0.006829 0.011222 0.0162474 0.0206238 0.0230982 0.0231134 0.0211373 0.0183246 0.0157865 0.014039 0.0129551 0.0120918
 1.02946e-16 6.0983e-05 0.000592777 0.00393921 0.0179071 0.0557157 0.118709 0.173264 0.173284 0.118808 0.0560496 0.0188716 0.00636063 0.00588009 0.0101065 0.0166222 0.0239644 0.0301905 0.033363 0.032591 0.0285541 0.0230262 0.0177974 0.0138358 0.0111728 0.00933357
 1.03519e-16 5.67444e-05 0.000551576 0.00366542 0.0166625 0.0518432 0.110458 0.161222 0.161245 0.11057 0.0522174 0.0177438 0.00638178 0.00648839 0.0113523 0.018731 0.0271012 0.0343386 0.0383068 0.0380061 0.0341363 0.0285606 0.023128 0.0187916 0.0155397 0.0129025
 1.05271e-16 5.23824e-05 0.000509175 0.00338365 0.0153816 0.047858 0.101967 0.14883 0.148855 0.102089 0.0482679 0.0165665 0.00636143 0.00702143 0.0124549 0.0205981 0.0298798 0.0380213 0.0427245 0.042918 0.0393527 0.0339999 0.028768 0.0245652 0.0212667 0.0183074
 1.05041e-16 6.01975e-05 0.000585141 0.00388847 0.0176764 0.054998 0.11718 0.171031 0.171048 0.117264 0.05528 0.0184918 0.00593859 0.0050717 0.00861384 0.0142316 0.0206992 0.0264608 0.0299671 0.0305025 0.0285771 0.0255016 0.0225061 0.020114 0.018148 0.0161655
 1.01116e-16 7.63325e-05 0.000741979 0.00493071 0.0224143 0.0697392 0.148587 0.216868 0.216873 0.148613 0.0698263 0.0226658 0.00556242 0.00212234 0.00270183 0.00435634 0.006293 0.0079669 0.00887929 0.00880358 0.00791322 0.00665412 0.00546498 0.00456556 0.00393707 0.00344322
 1.0216e-16 3.50757e-05 0.000340948 0.00226572 0.0102997 0.0320464 0.0682802 0.0996677 0.0997193 0.0685321 0.032892 0.0127409 0.00838989 0.0136976 0.0253651 0.041782 0.0599594 0.0749254 0.0816357 0.0777654 0.065119 0.0484639 0.0327613 0.0209229 0.0133717 0.0090207
 1.01976e-16 7.39311e-05 0.000718637 0.0047756 0.0217092 0.0675453 0.143913 0.210046 0.21005 0.143935 0.0676196 0.0219246 0.00531972 0.00191783 0.00238459 0.00391148 0.00582771 0.00774388 0.00930147 0.0103106 0.0108137 0.0109693 0.0108665 0.0104474 0.00959475 0.00828137
 1.02574e-16 5.15764e-05 0.000501341 0.00333159 0.0151449 0.0471217 0.100399 0.146542 0.146575 0.100558 0.0476563 0.0166884 0.00720368 0.00894679 0.0160696 0.0264293 0.0379398 0.0474476 0.0517834 0.0495049 0.0417798 0.0316339 0.0221836 0.015209 0.0108827 0.00841658
 1.05132e-16 5.20054e-05 0.000505511 0.0033593 0.0152709 0.0475136 0.101234 0.147758 0.147781 0.101347 0.0478944 0.0163724 0.00613032 0.006575 0.0116385 0.0193128 0.0281736 0.0361705 0.0412172 0.0423011 0.0399993 0.0359237 0.031592 0.0276621 0.0239941 0.0202219
 1.04923e-16 6.17365e-05 0.000600101 0.00398788 0.0181283 0.0564041 0.120175 0.175403 0.175419 0.120253 0.0566642 0.0188804 0.00587852 0.0047373 0.00794846 0.0131207 0.0190798 0.0243875 0.0276202 0.0281295 0.0264017 0.0236598 0.0210406 0.0190087 0.0173625 0.015648
 1.03532e-16 6.25136e-05 0.000607655 0.00403808 0.0183565 0.0571141 0.121688 0.177611 0.177629 0.121775 0.0574068 0.0192023 0.00616215 0.00524788 0.00888515 0.0146167 0.0211135 0.0266879 0.0296646 0.0292781 0.0261195 0.0217104 0.0175591 0.0144388 0.0123092 0.0107151
 1.07554e-16 2.88903e-05 0.000280824 0.00186618 0.0084834 0.0263953 0.0562397 0.0820937 0.0821423 0.0564774 0.0271934 0.0107896 0.00765835 0.0129358 0.024094 0.0398678 0.0576186 0.0728562 0.0810048 0.0799381 0.0712027 0.0588753 0.0470236 0.0377771 0.0311334 0.0260238
 1.07452e-16 6.22486e-05 0.000605079 0.00402096 0.0182787 0.0568719 0.121172 0.176856 0.176865 0.121216 0.0570194 0.0187069 0.00510415 0.00299776 0.00468891 0.00786948 0.0118371 0.0159497 0.0195747 0.0223956 0.0245107 0.0261709 0.0274006 0.0278652 0.0270978 0.0248637
 1.06738e-16 5.341e-05 0.000519164 0.00345003 0.0156833 0.0487968 0.103968 0.151749 0.151776 0.104096 0.0492263 0.0169239 0.00656409 0.00731795 0.0129685 0.0213651 0.0308025 0.0388161 0.0429513 0.042128 0.0373076 0.0308509 0.0250812 0.0211595 0.0189289 0.017517
 1.09865e-16 3.80602e-05 0.000369959 0.00245851 0.0111761 0.034773 0.0740889 0.108142 0.108177 0.0742592 0.0353453 0.0128309 0.00661911 0.00947497 0.0173959 0.0288711 0.0419899 0.0536508 0.0606948 0.0616433 0.0575073 0.0509407 0.0444707 0.0392333 0.034971 0.0308776
 1.07615e-16 6.13256e-05 0.000596107 0.00396134 0.0180077 0.0560287 0.119375 0.174234 0.174247 0.119434 0.0562272 0.0185827 0.00541076 0.00378019 0.00616757 0.010255 0.015135 0.0198137 0.0233153 0.0251964 0.0257587 0.0257148 0.0255931 0.0253864 0.024677 0.0230401
 1.05515e-16 5.79741e-05 0.000563529 0.00374485 0.0170236 0.0529667 0.112852 0.164715 0.164737 0.112958 0.0533238 0.018055 0.00633461 0.0062194 0.0108071 0.0177958 0.025684 0.0324227 0.0359754 0.0354344 0.0315695 0.0262987 0.0215099 0.0181483 0.0161022 0.0146993
 1.09493e-16 3.10744e-05 0.000302055 0.00200726 0.00912475 0.0283907 0.060491 0.0882975 0.088341 0.0607036 0.0291048 0.0111887 0.00719333 0.0116411 0.0216181 0.0358268 0.0519277 0.0659747 0.073945 0.0739661 0.0673715 0.0576619 0.0482593 0.0408456 0.0352644 0.030522
 1.17188e-16 3.82174e-05 0.000371486 0.00246866 0.0112222 0.0349165 0.074394 0.108585 0.108606 0.0744966 0.035262 0.0122245 0.00500132 0.00595547 0.0108058 0.0182312 0.0272643 0.0364065 0.0441212 0.0496795 0.0534394 0.0562338 0.0584164 0.0594352 0.0582541 0.0541716
 1.05544e-16 7.16999e-05 0.000696948 0.00463147 0.021054 0.0655068 0.139569 0.203707 0.203713 0.139599 0.0656074 0.0213452 0.00536452 0.00230419 0.00314523 0.00514332 0.00754135 0.00978954 0.0113936 0.0121646 0.0123336 0.0123675 0.0126261 0.0131297 0.0135867 0.0136083
pSPR Fmed_Fpbrs
0.709276   0.197674 0.197674
Fs Fmed_Fpbrs
0.175294   1.005 1.005
SSBpbr Bo_Bmed_Bpbrs
2.18748e+06  1.44216e+06  323035 323035
Ro
214207
SPR SPRFo_SPRFmed_SPRFpbrs
1.5253e+06 1.08186e+06 301512
Fref
1.005
log_Ro
12.0947
likeval ReclasPelacesDesembMPH_pf_preclas_ppelaces_ptallas_desvR_qrecl_qpela
 16.9527 17.4053 0.111018 0.000801715 229.486 122.455 82.3016 0 21.9409 5.55038e-06 0 0.564424 0 0 0
q_reclas_q_pelaces
0.716165 1
M
1
N
 231278 51196.8 200260 10800.8 0.347654
 133856 78072.9 17056.7 66718.4 3598.51
 131572 42183.5 24028.3 5249.5 21641.3
 261541 41676 13059.4 7438.81 8324.99
 209064 77903 12019.1 3766.26 4546.19
 331630 71818.3 26482.5 4085.8 2825.75
 140495 106369 22557.4 8317.86 2170.85
 67079.5 38615.1 27960.4 5929.46 2757.08
 59036.1 23589.6 13486.3 9765.17 3033.77
 74911.6 18173.9 7066.66 4040.05 3834.13
 133705 21788 5099.26 1982.77 2209.35
 170865 46207.9 7458.22 1745.52 1435
 144076 46718.4 12073.6 1948.74 831.03
 102318 40172.2 12485.5 3226.66 742.894
 104691 24113.6 8843.91 2748.68 873.898
 510703 28631.9 6302.38 2311.46 946.805
 121789 143182 7700.55 1695.02 876.311
 782423 37507.3 42912.7 2307.91 770.646
 469163 239775 11177.4 12788.2 917.424
 371795 132463 65011.6 3030.59 3716.09
 532255 108597 37349 18330.5 1902.28
 717592 164290 32632.4 11223.1 6079.8
 158197 211128 46712.7 9278.37 4919.73
 457624 51045.1 66771.5 14773.4 4490.29
 387493 150467 16497.8 21580.5 6226.02
 176423 127095 48493.3 5316.99 8961.64
 383511 59165.4 42023.5 16034.1 4721.16
 425847 126218 19143.1 13596.8 6715.41
 129292 142652 41679.5 6321.4 6707.46
 100884 43246.2 47025.5 13739.7 4294.97
 485842 32467.8 13636.3 14827.9 5686.63
pred_Ctot
 12129.6 3079.17 12044.4 649.603 0.0209092
 12284.3 8182.28 1787.6 6992.3 377.135
 11700.4 4285.26 2440.94 533.277 2198.45
 32012 5805.94 1819.32 1036.31 1159.76
 8798.85 3764.02 580.725 181.973 219.657
 27159.9 6724.1 2479.46 382.54 264.565
 22996.6 19725.3 4183.06 1542.47 402.564
 1875.63 1241.37 898.85 190.616 88.6324
 6179.19 2815.73 1609.77 1165.6 362.12
 10106.7 2786.88 1083.64 619.522 587.945
 5145.7 963.004 225.381 87.636 97.6504
 28408.6 8701.43 1404.46 328.699 270.224
 22548.9 8290.47 2142.53 345.817 147.471
 24095.6 10628.3 3303.26 853.673 196.546
 17393.5 4537.57 1664.2 517.232 164.446
 78513.7 4992.54 1098.94 403.049 165.094
 12720.5 17055 917.24 201.9 104.38
 83824.5 4581.26 5241.49 281.895 94.129
 70459.4 40858.9 1904.68 2179.18 156.334
 49337.9 19984.3 9808.12 457.216 560.636
 54932.7 12783.6 4396.58 2157.8 223.929
 92495.3 24085.4 4784 1645.33 891.316
 12421.8 18958.9 4194.71 833.18 441.782
 31011.8 3960.51 5180.69 1146.24 348.395
 26807.1 11916.3 1306.55 1709.08 493.071
 9932.83 8202.59 3129.7 343.153 578.374
 25780.7 4553.94 3234.54 1234.14 363.387
 24255 8240.31 1249.78 887.683 438.424
 7476.81 9454.93 2762.5 418.979 444.567
 8069.52 3955.37 4301.03 1256.66 392.825
 20189.8 1549.05 650.588 707.442 271.31
F
 0.0859793 0.0991334 0.0991334 0.0991334 0.0991334
 0.154736 0.17841 0.17841 0.17841 0.17841
 0.14963 0.172522 0.172522 0.172522 0.172522
 0.211125 0.243426 0.243426 0.243426 0.243426
 0.0685019 0.0789821 0.0789821 0.0789821 0.0789821
 0.137102 0.158077 0.158077 0.158077 0.158077
 0.291527 0.336128 0.336128 0.336128 0.336128
 0.0450719 0.0519675 0.0519675 0.0519675 0.0519675
 0.178162 0.205419 0.205419 0.205419 0.205419
 0.234947 0.270892 0.270892 0.270892 0.270892
 0.0624847 0.0720444 0.0720444 0.0720444 0.0720444
 0.296734 0.342132 0.342132 0.342132 0.342132
 0.277167 0.319572 0.319572 0.319572 0.319572
 0.445315 0.513445 0.513445 0.513445 0.513445
 0.296488 0.341848 0.341848 0.341848 0.341848
 0.271668 0.313231 0.313231 0.313231 0.313231
 0.177756 0.204951 0.204951 0.204951 0.204951
 0.182694 0.210645 0.210645 0.210645 0.210645
 0.264646 0.305135 0.305135 0.305135 0.305135
 0.230702 0.265998 0.265998 0.265998 0.265998
 0.175486 0.202334 0.202334 0.202334 0.202334
 0.223436 0.257619 0.257619 0.257619 0.257619
 0.131128 0.15119 0.15119 0.15119 0.15119
 0.112303 0.129484 0.129484 0.129484 0.129484
 0.114761 0.132319 0.132319 0.132319 0.132319
 0.0925491 0.106708 0.106708 0.106708 0.106708
 0.111358 0.128395 0.128395 0.128395 0.128395
 0.0936704 0.108001 0.108001 0.108001 0.108001
 0.0951625 0.109722 0.109722 0.109722 0.109722
 0.13372 0.154178 0.154178 0.154178 0.154178
 0.0676135 0.0779578 0.0779578 0.0779578 0.0779578
nmprior
 8 9 7.5 0
nm_flota  nm_reclas  nm_pelaces    nm_pelaL
inf 12.1877 14.1784 24.0965
cv_recla  cv_pelaces  cv_mph
0.372429 0.490914 0.873806
 ------------------------------------------------
Talla a la edad & desviación 
 8 13.2811 15.8009 17.003 17.5766
 0.8 1.32811 1.58009 1.7003 1.75766
