    unsorted:	 2.345004626e-06 2.213431434e-06 6.084920179e-05 5.073320816e-05 8.835222491e-05 0.001099992869 3.894981584 13.26788427 50.68410874 63.81841110 156.4606412 225.7600943 247.4494937 320.8516733 469.3383581 591.7308698 646.8610006 779.0588606 827.2205449 884.2778440 928.0460570 974.8350044 1095.128650 1151.971591 1388.629635 1426.880616 1657.388210 1845.601637 1906.676089 2021.277977 2217.800130 2344.103999 2380.472036 2498.639904 2545.048513 2611.595449 2780.766815 3172.966805 3135.203030 3120.262034 3645.270911 3788.665408 4210.777756 8058.353713 39551.84881 395997.5314 392610.1511 403569.6524 379792.2924 365577.1390 421850.0301 446882.4302 448723.4170 458770.1042 342805.5340 158304.8352 283883.0255 505025.1022 587031.0782 600931.1959 649162.2079 658557.0484 689588.3407 927987.7829 999897.3879 1070915.315 1175322.255 1430620.021 1489590.805 1634547.427 1742401.530 2331303.041 2384018.002 2655839.770 2732802.774 2969399.297 3258177.551
      sorted:	 2.213431434e-06 2.345004626e-06 5.073320816e-05 6.084920179e-05 8.835222491e-05 0.001099992869 3.894981584 13.26788427 50.68410874 63.81841110 156.4606412 225.7600943 247.4494937 320.8516733 469.3383581 591.7308698 646.8610006 779.0588606 827.2205449 884.2778440 928.0460570 974.8350044 1095.128650 1151.971591 1388.629635 1426.880616 1657.388210 1845.601637 1906.676089 2021.277977 2217.800130 2344.103999 2380.472036 2498.639904 2545.048513 2611.595449 2780.766815 3120.262034 3135.203030 3172.966805 3645.270911 3788.665408 4210.777756 8058.353713 39551.84881 158304.8352 283883.0255 342805.5340 365577.1390 379792.2924 392610.1511 395997.5314 403569.6524 421850.0301 446882.4302 448723.4170 458770.1042 505025.1022 587031.0782 600931.1959 649162.2079 658557.0484 689588.3407 927987.7829 999897.3879 1070915.315 1175322.255 1430620.021 1489590.805 1634547.427 1742401.530 2331303.041 2384018.002 2655839.770 2732802.774 2969399.297 3258177.551
