years
 1991 1992 1993 1994 1995 1996 1997 1998 1999 2000 2001 2002 2003 2004 2005 2006 2007 2008 2009 2010 2011 2012 2013 2014 2015 2016 2017 2018 2019 2020 2021
reclasobs
 0 0 0 0 0 0 0 0 0 252601 567819 844713 477998 351125 339783 2.1784e+06 2.13404e+06 4.81314e+06 1.55562e+06 2.62356e+06 3.21686e+06 3.843e+06 1.13348e+06 3.07943e+06 1.97215e+06 2.03268e+06 2.025e+06 2.42433e+06 2.27542e+06 1.05018e+06 2.36338e+06
reclaspred
 1.91694e+06 1.13648e+06 492713 247554 40118.7 1.02792e+06 368231 98808.3 430081 159098 206570 566266 412902 285619 207464 1.17497e+06 763637 4.30256e+06 2.72306e+06 1.00716e+06 2.30442e+06 2.25837e+06 1.29546e+06 2.84255e+06 1.73054e+06 875900 1.55541e+06 3.15725e+06 2.42394e+06 985242 238646
pelacesobs
 0 0 0 0 0 0 0 0 0 0 0 0 0 0 0 552880 188675 0 991730 2.46772e+06 1.41603e+06 1.21717e+06 2.29649e+06 1.80582e+06 0 1.4828e+06 1.56532e+06 1.57751e+06 1.42118e+06 867257 0
pelacespred
 589623 474222 225033 85291.6 9601.74 456265 121528 42234.2 183328 54929 92777.9 218807 163010 114845 81747.4 449142 291757 2.0763e+06 1.27817e+06 485073 1.02391e+06 980782 567605 1.44971e+06 856620 427706 858398 1.68565e+06 1.08942e+06 557102 112147
mphobs
 0 0 0 0 0 0 0 0 0 0 0 498337 0 5186 125008 0 168611 109162 213762 579715 649985 157893 87575 83554 0 0 0 0 0 0 0
mphpred
 295935 1.22502e+06 594126 186981 73135.4 9144.41 537668 125715 41453.6 214915 48342.3 131414 312692 163455 84073.6 80245.9 748536 427468 2.68188e+06 1.32533e+06 605583 1.20732e+06 1.33918e+06 775588 1.62455e+06 962503 435290 812627 2.29195e+06 1.29526e+06 365845
desembarqueobs
 494567 514787 250237 358949 120608 361735 552515 73892 212993 205616 52469 317467 293654 387597 252695 516296 358380 742168 942051 627588 828172 859565 418607 520667 417249 300574 407403 355545 319650 289779 219260
desembarquepred
 494282 518813 247734 358218 120438 361457 551596 73847.9 212795 205351 52446.5 317140 293261 386798 252319 515833 358175 741728 940737 626308 827463 858625 418289 520379 416884 300256 407106 355363 319440 289425 218924
Reclutas
 538863 1345.26 3721.13 84789.5 1542.76 309404 1649.07 461.458 77822.4 2099.5 57305 192815 57712.8 69409.1 48245.3 446975 3860.68 1.20373e+06 138299 27354.4 477645 606198 4337.86 402581 140987 14874.9 272491 524851 9232.31 3386.09 2655.28
log_desv_Rt
 2.69019 -3.30269 -2.28525 0.840897 -3.1657 2.13537 -3.09906 -4.37264 0.755155 -2.85758 0.449113 1.66246 0.456204 0.640743 0.277023 2.50323 -2.24843 3.4939 1.33014 -0.290397 2.56959 2.80793 -2.13189 2.39862 1.34939 -0.899602 2.00833 2.66384 -1.37657 -2.3796 -2.62272
SSB
 295935 1.22502e+06 594126 186981 73135.4 9144.41 537668 125715 41453.6 214915 48342.3 131414 312692 163455 84073.6 80245.9 748536 427468 2.68188e+06 1.32533e+06 605583 1.20732e+06 1.33918e+06 775588 1.62455e+06 962503 435290 812627 2.29195e+06 1.29526e+06 365845
BT
 1.65587e+06 1.54151e+06 756582 532388 123734 1.37277e+06 772352 168492 613114 309592 259757 766504 633158 670615 441533 1.44224e+06 957145 5.45184e+06 3.82792e+06 1.77689e+06 3.09397e+06 3.02075e+06 1.67137e+06 3.83684e+06 2.37347e+06 1.27848e+06 2.41366e+06 4.22593e+06 2.77177e+06 1.60502e+06 501527
Ftot
 0.26965 0.420423 0.461372 1.2857 2.08848 0.371735 1.22895 0.669192 0.5112 1.08763 0.265267 0.563964 0.66401 1.22471 1.13403 0.457058 0.432248 0.183168 0.326916 0.567173 0.365964 0.378511 0.301666 0.190049 0.232575 0.322027 0.271222 0.118383 0.125255 0.275221 0.807268
BD_Bspro_t
 0.957774 0.734597 0.480419 0.268629 0.133402 0.0285545 0.50444 0.173038 0.0961398 0.368201 0.161772 0.460509 0.48282 0.289434 0.170173 0.171601 0.525625 0.388215 0.733335 0.545471 0.340627 0.501255 0.544353 0.447514 0.650184 0.587091 0.47344 0.648409 0.816914 0.716289 0.503397
BD_Bspro
 1.1364 4.70413 2.28146 0.718012 0.280842 0.0351148 2.06466 0.48275 0.159183 0.82528 0.185636 0.504634 1.20075 0.627671 0.322845 0.308147 2.8744 1.64149 10.2985 5.08931 2.32546 4.63615 5.14248 2.97828 6.23833 3.69604 1.67153 3.12051 8.80114 4.97383 1.40485
BD_Bo
 0.171909 0.711617 0.345129 0.108617 0.0424844 0.005312 0.312332 0.0730281 0.0240804 0.124844 0.0280821 0.0763386 0.181643 0.0949511 0.0488384 0.046615 0.434826 0.248317 1.5579 0.769886 0.351784 0.701334 0.777929 0.45054 0.943704 0.559119 0.25286 0.472056 1.33139 0.752417 0.21252
BD_Brms
 1.1826 4.89537 2.37421 0.747202 0.292259 0.0365424 2.1486 0.502376 0.165654 0.858831 0.193183 0.52515 1.24956 0.653189 0.33597 0.320674 2.99126 1.70822 10.7172 5.29621 2.42 4.82463 5.35154 3.09936 6.49194 3.8463 1.73948 3.24737 9.15895 5.17604 1.46197
Sel_flota
 0.878999 1 1 1 1
 0.878999 1 1 1 1
 0.878999 1 1 1 1
 0.878999 1 1 1 1
 0.878999 1 1 1 1
 0.878999 1 1 1 1
 0.878999 1 1 1 1
 0.878999 1 1 1 1
 0.878999 1 1 1 1
 0.878999 1 1 1 1
 0.878999 1 1 1 1
 0.878999 1 1 1 1
 0.878999 1 1 1 1
 0.878999 1 1 1 1
 0.878999 1 1 1 1
 0.878999 1 1 1 1
 0.878999 1 1 1 1
 0.878999 1 1 1 1
 0.878999 1 1 1 1
 0.878999 1 1 1 1
 0.878999 1 1 1 1
 0.878999 1 1 1 1
 0.878999 1 1 1 1
 0.878999 1 1 1 1
 0.878999 1 1 1 1
 0.878999 1 1 1 1
 0.878999 1 1 1 1
 0.878999 1 1 1 1
 0.878999 1 1 1 1
 0.878999 1 1 1 1
 0.878999 1 1 1 1
Sel_reclas
 1 1 1 1 1
 1 1 1 1 1
 1 1 1 1 1
 1 1 1 1 1
 1 1 1 1 1
 1 1 1 1 1
 1 1 1 1 1
 1 1 1 1 1
 1 1 1 1 1
 1 1 1 1 1
 1 1 1 1 1
 1 1 1 1 1
 1 1 1 1 1
 1 1 1 1 1
 1 1 1 1 1
 1 1 1 1 1
 1 1 1 1 1
 1 1 1 1 1
 1 1 1 1 1
 1 1 1 1 1
 1 1 1 1 1
 1 1 1 1 1
 1 1 1 1 1
 1 1 1 1 1
 1 1 1 1 1
 1 1 1 1 1
 1 1 1 1 1
 1 1 1 1 1
 1 1 1 1 1
 1 1 1 1 1
 1 1 1 1 1
Sel_pelaces
 1 1 1 1 1
 1 1 1 1 1
 1 1 1 1 1
 1 1 1 1 1
 1 1 1 1 1
 1 1 1 1 1
 1 1 1 1 1
 1 1 1 1 1
 1 1 1 1 1
 1 1 1 1 1
 1 1 1 1 1
 1 1 1 1 1
 1 1 1 1 1
 1 1 1 1 1
 1 1 1 1 1
 1 1 1 1 1
 1 1 1 1 1
 1 1 1 1 1
 1 1 1 1 1
 1 1 1 1 1
 1 1 1 1 1
 1 1 1 1 1
 1 1 1 1 1
 1 1 1 1 1
 1 1 1 1 1
 1 1 1 1 1
 1 1 1 1 1
 1 1 1 1 1
 1 1 1 1 1
 1 1 1 1 1
 1 1 1 1 1
pf_obs 
 0.8446 0.082 0.0669 0.0065 0
 0.8095 0.147 0.0364 0.0071 0
 0.9664 0.0169 0.016 0.0007 0
 0.9276 0.0648 0.0075 0.0001 0
 0.7033 0.2144 0.0806 0.0017 0
 0.9318 0.0425 0.0243 0.0014 0
 0.5671 0.3108 0.0964 0.0239 0.0018
 0.0768 0.2599 0.5324 0.112 0.0189
 0.490249 0.384438 0.106611 0.0170017 0.00170017
 0.7925 0.1577 0.0466 0.003 0.0002
 0.840416 0.127587 0.0312969 0.00059994 9.999e-05
 0.8084 0.0986 0.0794 0.0134 0.0002
 0.7335 0.1905 0.0724 0.0035 0.0001
 0.4001 0.4547 0.1325 0.0127 0
 0.49795 0.308269 0.164784 0.0264974 0.00249975
 0.9179 0.0499 0.0305 0.0017 0
 0.2467 0.6533 0.0926 0.0074 0
 0.9418 0.0223 0.034 0.0019 0
 0.707729 0.231977 0.0356964 0.0245975 0
 0.517169 0.277429 0.184464 0.0207286 0.00020938
 0.811772 0.124168 0.05621 0.00726502 0.000585176
 0.764997 0.148141 0.077277 0.00933861 0.000247198
 0.163321 0.427699 0.378323 0.0303852 0.000271297
 0.753843 0.0900009 0.118128 0.0371064 0.000921714
 0.721811 0.176058 0.0630433 0.0369309 0.00215725
 0.143369 0.312575 0.442814 0.0836902 0.0175525
 0.692698 0.0596174 0.167031 0.0765114 0.00414204
 0.394062 0.376323 0.152708 0.0712218 0.00568511
 0.125707 0.32114 0.495352 0.0537591 0.00404204
 0.23352 0.215282 0.420074 0.123614 0.00750983
 0 0 0 0 0
pf_pred 
 0.944359 0.040893 0.0131773 0.00157027 1.14358e-07
 0.0072848 0.944739 0.0352602 0.0113622 0.00135407
 0.0770151 0.00788152 0.870878 0.0325035 0.0117221
 0.884931 0.0102938 0.000894693 0.0988602 0.00502039
 0.115893 0.801566 0.00738393 0.00064178 0.0745154
 0.997848 0.000326326 0.00165517 1.52473e-05 0.000155194
 0.0181819 0.980011 0.000274099 0.00139027 0.000143163
 0.044101 0.021733 0.932446 0.000260795 0.00145901
 0.974929 0.00131227 0.000540166 0.0231756 4.2745e-05
 0.0937341 0.88697 0.00100999 0.000415739 0.01787
 0.951316 0.00553625 0.0422286 4.80857e-05 0.000870584
 0.908886 0.0872639 0.000437853 0.0033398 7.26562e-05
 0.527267 0.435919 0.0352584 0.000176912 0.00137878
 0.755738 0.139642 0.0964728 0.007803 0.000344289
 0.802393 0.157159 0.0231238 0.0159753 0.00134914
 0.980828 0.0160077 0.00251697 0.000370338 0.000277459
 0.0300281 0.954127 0.0132298 0.00208018 0.000535381
 0.974728 0.000886818 0.0239865 0.000332593 6.57545e-05
 0.242618 0.740723 0.000584606 0.0158123 0.000262598
 0.149451 0.231191 0.605735 0.000478069 0.0131454
 0.923453 0.0132134 0.017215 0.0451045 0.00101444
 0.799056 0.187636 0.00229719 0.00299289 0.00801792
 0.0195249 0.807001 0.161985 0.00198315 0.00950557
 0.868502 0.00297657 0.105782 0.0212332 0.00150595
 0.469235 0.469173 0.00139417 0.0495464 0.0106506
 0.137044 0.436357 0.377095 0.00112055 0.048383
 0.901842 0.015323 0.0418857 0.0361972 0.00475182
 0.843056 0.143485 0.00210101 0.00574317 0.00561473
 0.0388104 0.827003 0.122679 0.00179635 0.00971096
 0.0420669 0.0424327 0.787692 0.116848 0.0109603
 0.107056 0.0433071 0.0376356 0.698642 0.113359
pobs_RECLAS
 0 0 0 0 0
 0 0 0 0 0
 0 0 0 0 0
 0 0 0 0 0
 0 0 0 0 0
 0 0 0 0 0
 0 0 0 0 0
 0 0 0 0 0
 0 0 0 0 0
 0 0 0 0 0
 0.991045 0.00858322 0.000360255 1.14367e-05 0
 0.934742 0.0480273 0.0164251 0.00080598 0
 0.827803 0.169806 0.00239088 0 0
 0.941827 0.0461693 0.0120037 0 0
 0.791401 0.0380133 0.147996 0.0225897 0
 0.846168 0.0940531 0.0597789 0 0
 0.134021 0.677848 0.182769 0.00536245 0
 0.80878 0.0450904 0.141981 0.00414843 0
 0.846168 0.0940531 0.0597789 0 0
 0.905697 0.0802665 0.012482 0.00150086 5.37128e-05
 0.989698 0.0102097 9.19794e-05 0 0
 0.975433 0.0193895 0.00387452 0.00125025 5.28907e-05
 0.303575 0.632131 0.0575291 0.00676475 0
 0.966965 0.00978017 0.0227588 0.000495775 0
 0.843318 0.132988 0.00938335 0.0141283 0.000182051
 0.564624 0.303363 0.111486 0.0197234 0.00080311
 0.826376 0.0876187 0.0782897 0.00655872 0.00115652
 0.89761 0.0855135 0.0140674 0.00269457 0.000114338
 0.34875 0.467042 0.161289 0.0227151 0.000203297
 0.318654 0.224769 0.449479 0.00709798 0
 0.937255 0.0296025 0.0250945 0.00804832 0
ppred_RECLAS
 0.950916 0.0360745 0.0116246 0.00138524 1.00883e-07
 0.00832649 0.943747 0.0352232 0.0113503 0.00135265
 0.0872098 0.00779447 0.861259 0.0321445 0.0115926
 0.899843 0.00895977 0.000778745 0.0860484 0.00436977
 0.136093 0.783252 0.00721523 0.000627117 0.0728129
 0.998117 0.000285512 0.00144816 1.33403e-05 0.000135784
 0.021141 0.977057 0.000273272 0.00138608 0.000142731
 0.0503705 0.0215905 0.92633 0.000259085 0.00144944
 0.978054 0.00114869 0.000472832 0.0202866 3.74167e-05
 0.107254 0.873738 0.000994925 0.000409537 0.0176034
 0.957088 0.00487996 0.0372227 4.23854e-05 0.000767381
 0.919639 0.0769649 0.000386177 0.00294563 6.40813e-05
 0.561825 0.404052 0.0326809 0.000163979 0.00127799
 0.782983 0.124066 0.0857122 0.00693265 0.000305887
 0.825257 0.138974 0.0204482 0.0141269 0.00119304
 0.983214 0.0140154 0.0022037 0.000324245 0.000242926
 0.0342167 0.950006 0.0131727 0.0020712 0.000533069
 0.977764 0.000780287 0.021105 0.00029264 5.78556e-05
 0.267916 0.715981 0.000565078 0.0152841 0.000253826
 0.167772 0.226211 0.592687 0.000467771 0.0128623
 0.93239 0.0116706 0.015205 0.0398382 0.000895995
 0.819712 0.168348 0.00206105 0.00268523 0.00719372
 0.0222356 0.80477 0.161537 0.00197767 0.00947929
 0.882773 0.00265353 0.0943021 0.0189288 0.00134251
 0.502137 0.44009 0.00130775 0.0464751 0.00999034
 0.153556 0.428008 0.36988 0.00109911 0.0474572
 0.912949 0.0135892 0.0371465 0.0321016 0.00421416
 0.859533 0.128421 0.00188043 0.00514022 0.00502526
 0.0439764 0.822558 0.12202 0.0017867 0.00965876
 0.0477366 0.0421815 0.78303 0.116156 0.0108955
 0.121471 0.042608 0.037028 0.687364 0.111529
pobs_PELACES
 0 0 0 0 0
 0 0 0 0 0
 0 0 0 0 0
 0 0 0 0 0
 0 0 0 0 0
 0 0 0 0 0
 0 0 0 0 0
 0 0 0 0 0
 0 0 0 0 0
 0 0 0 0 0
 0 0 0 0 0
 0 0 0 0 0
 0 0 0 0 0
 0 0 0 0 0
 0 0 0 0 0
 0 0 0 0 0
 0.505614 0.472636 0.0217494 0 0
 0 0 0 0 0
 0.443492 0.261883 0.143347 0.151278 0
 0.227955 0.32914 0.350689 0.0885471 0.00366901
 0.970185 0.0296113 0.000203453 0 0
 0.997202 0.00247181 0.000326279 0 0
 0.445219 0.490057 0.0546422 0.010081 0
 0.90214 0.0892962 0.00764917 0.000914606 0
 0 0 0 0 0
 0.581667 0.319106 0.0959925 0.00289975 0.000334073
 0.762889 0.0836404 0.116647 0.0363945 0.000428098
 0.88444 0.0763242 0.0277011 0.0115352 0
 0.521256 0.241999 0.230069 0.00667565 0
 0.616807 0.101726 0.260614 0.0208532 0
 0 0 0 0 0
ppred_PELACES
 0.951416 0.0357069 0.0115061 0.00137113 9.98549e-08
 0.00846626 0.943614 0.0352182 0.0113487 0.00135246
 0.0886875 0.00778185 0.859864 0.0320924 0.0115738
 0.904376 0.00855428 0.000743501 0.082154 0.00417201
 0.146198 0.77409 0.00713083 0.000619781 0.0719612
 0.998145 0.000281313 0.00142686 1.31441e-05 0.000133787
 0.0221807 0.976019 0.000272982 0.00138461 0.00014258
 0.0516641 0.0215611 0.925069 0.000258732 0.00144746
 0.978488 0.00112598 0.000463484 0.0198856 3.66769e-05
 0.111484 0.869599 0.000990211 0.000407597 0.01752
 0.957521 0.00483072 0.0368471 4.19578e-05 0.00075964
 0.921288 0.0753859 0.000378255 0.0028852 6.27666e-05
 0.568341 0.398044 0.0321949 0.000161541 0.00125898
 0.791178 0.119381 0.0824757 0.00667087 0.000294336
 0.831692 0.133857 0.0196953 0.0136067 0.00114911
 0.983512 0.0137661 0.00216451 0.000318478 0.000238605
 0.0347917 0.949441 0.0131648 0.00206997 0.000532752
 0.977923 0.000774727 0.0209546 0.000290554 5.74433e-05
 0.270485 0.713469 0.000563096 0.0152305 0.000252936
 0.170957 0.225345 0.590419 0.00046598 0.012813
 0.933306 0.0115126 0.0149992 0.0392988 0.000883864
 0.821935 0.166272 0.00203564 0.00265212 0.00710502
 0.022499 0.804553 0.161494 0.00197714 0.00947674
 0.883556 0.00263581 0.0936722 0.0188023 0.00133355
 0.504458 0.438038 0.00130165 0.0462584 0.00994376
 0.155235 0.427159 0.369146 0.00109693 0.047363
 0.913805 0.0134554 0.0367808 0.0317856 0.00417268
 0.860103 0.1279 0.00187281 0.00511937 0.00500488
 0.0441871 0.822377 0.121993 0.00178631 0.00965663
 0.0482387 0.0421593 0.782617 0.116095 0.0108897
 0.124953 0.0424391 0.0368812 0.684639 0.111087
pobs_pel_tallas
 0 0 0 0 0 0 0 0 0 0 0 0 0 0 0 0 0 0 0 0 0 0 0 0 0 0
 0 0 0 0 0 0 0 0 0 0 0 0 0 0 0 0 0 0 0 0 0 0 0 0 0 0
 0 0 0 0 0 0 0 0 0 0 0 0 0 0 0 0 0 0 0 0 0 0 0 0 0 0
 0 0 0 0 0 0 0 0 0 0 0 0 0 0 0 0 0 0 0 0 0 0 0 0 0 0
 0 0 0 0 0 0 0 0 0 0 0 0 0 0 0 0 0 0 0 0 0 0 0 0 0 0
 0 0 0 0 0 0 0 0 0 0 0 0 0 0 0 0 0 0 0 0 0 0 0 0 0 0
 0 0 0 0 0 0 0 0 0 0 0 0 0 0 0 0 0 0 0 0 0 0 0 0 0 0
 0 0 0 0 0 0 0 0 0 0 0 0 0 0 0 0 0 0 0 0 0 0 0 0 0 0
 0 0 0 0 0 0 0 0 0 0 0 0 0 0 0 0 0 0 0 0 0 0 0 0 0 0
 0 0 0 0 0 0 0 0 0 0 0 0 0 0 0 0 0 0 0 0 0 0 0 0 0 0
 0 0 0 0 0 0 0 0 0 0 0 0 0 0 0 0 0 0 0 0 0 0 0 0 0 0
 0 0 0 0 0 0 0 0 0 0 0 0 0 0 0 0 0 0 0 0 0 0 0 0 0 0
 0.00862536 0 0 0.000197151 0.00414017 0.0128641 0.00837892 0.0270097 0.101434 0.158115 0.152841 0.127902 0.109271 0.109419 0.0830992 0.0579132 0.0238553 0.00714673 0.00463305 0.00128148 0.00103504 0.000492878 0.000147863 0.000147863 4.92878e-05 0
 0 0 0 0 0 0 0 0 0 0 0 0 0 0 0 0 0 0 0 0 0 0 0 0 0 0
 0 0 0 0 0 0 0 0.0054083 0.00873648 0.0413646 0.0450493 0.0745869 0.0622846 0.0627006 0.0613931 0.0827291 0.12552 0.122667 0.0946155 0.0697135 0.0546179 0.0294188 0.0215738 0.0213955 0.0102223 0.00600262
 0 0 0 0 0.00359764 0.0251062 0.0480494 0.140153 0.205849 0.193036 0.1447 0.116669 0.0760912 0.0342217 0.00950174 0.001854 0.000860785 0 0 0 0.000165536 0 0.000143464 0 0 0
 0 0 0 0 0 0 0 0.000145254 0.000435761 0.0275982 0.070085 0.0708112 0.156366 0.174668 0.174014 0.160142 0.0824315 0.0480064 0.0283245 0.00493863 0.00203355 0 0 0 0 0
 0 0 0 0 0 0 0 0 0 0 0 0 0 0 0 0 0 0 0 0 0 0 0 0 0 0
 0 0 1.00437e-05 0.000401748 0.00122533 0.00171747 0.00176769 0.0269171 0.070346 0.194647 0.189555 0.159765 0.064822 0.0314167 0.0384472 0.0292271 0.0345202 0.0313363 0.0194345 0.0106764 0.0143323 0.0359363 0.0279516 0.0138201 0.00172751 0
 0 0.0021121 0.0136068 0.0755702 0.200478 0.177729 0.0527432 0.0373336 0.0318909 0.0142505 0.0149659 0.0166563 0.0217959 0.0798694 0.0677717 0.0528807 0.04013 0.0224614 0.0357745 0.0225083 0.00881397 0.00855152 0.00135912 0.000746735 0 0
 0 0 0 0 5.4009e-05 0.00500934 0.000945158 0.0243581 0.138947 0.33067 0.221406 0.137944 0.0707744 0.0437923 0.0131692 0.00525238 0.0047753 0.00276346 9.45158e-05 9.00151e-06 2.25038e-05 9.00151e-06 4.50075e-06 0 0 0
 0.000866109 0.00284123 0.00948549 0.0512746 0.133035 0.25785 0.225252 0.132002 0.0553304 0.0519788 0.0540692 0.017754 0.00435017 0.00159236 0.00146478 0.000404838 0.000125132 0.000115318 0.000107957 0.000100596 0 0 0 0 0 0
 0 0 0 0 0.00144013 0.00171154 0.00461396 0.0210425 0.0478622 0.0707936 0.0888783 0.103762 0.0637923 0.0337046 0.0602308 0.124433 0.169614 0.0934646 0.0462172 0.0250306 0.0313229 0.00938855 0.002487 0.000210481 0 0
 0 0.00764035 0.051015 0.0998891 0.058973 0.0496711 0.0374665 0.0718981 0.12319 0.153886 0.159021 0.0857701 0.0377988 0.023471 0.0147837 0.00900784 0.00315554 0.000888139 0.00291439 0.00214683 0.00393193 0.00274676 0.000635225 9.99891e-05 0 0
 0 0 0 0 0 0 0 0 0 0 0 0 0 0 0 0 0 0 0 0 0 0 0 0 0 0
 0 0 0 0 0 0 0 0 0 0 0 0 0 0 0 0 0 0 0 0 0 0 0 0 0 0
 0 0 0 0 0 0 0 0 0 0 0 0 0 0 0 0 0 0 0 0 0 0 0 0 0 0
 0 0 0 0 0 0 0 0 0 0 0 0 0 0 0 0 0 0 0 0 0 0 0 0 0 0
 0 0 0 0 0 0 0 0 0 0 0 0 0 0 0 0 0 0 0 0 0 0 0 0 0 0
 0 0 0 0 0 0 0 0 0 0 0 0 0 0 0 0 0 0 0 0 0 0 0 0 0 0
 0 0 0 0 0 0 0 0 0 0 0 0 0 0 0 0 0 0 0 0 0 0 0 0 0 0
ppred_pel_tallas
 1.00479e-16 7.83669e-05 0.000761754 0.00506212 0.0230117 0.0715979 0.152547 0.222647 0.222651 0.152564 0.0716545 0.0231755 0.00547379 0.00166201 0.00179268 0.00285148 0.00412743 0.00524674 0.00588406 0.00588642 0.00535255 0.00455166 0.00374874 0.00307725 0.00253442 0.00205972
 1.02625e-16 6.97551e-07 6.78053e-06 4.50634e-05 0.000204908 0.000638031 0.00136275 0.002008 0.00209879 0.00180629 0.00212685 0.00450305 0.0108262 0.0235161 0.0445729 0.0734869 0.105391 0.131545 0.143036 0.135761 0.112922 0.0829865 0.0547962 0.0335824 0.0201582 0.0126195
 1.29993e-16 7.30508e-06 7.1008e-05 0.000471873 0.00214507 0.00667411 0.01422 0.0207549 0.020757 0.0142308 0.00671435 0.00227834 0.000870598 0.00115348 0.00268315 0.00603743 0.0124433 0.0234295 0.0402631 0.0630672 0.0899289 0.116617 0.13745 0.147233 0.143395 0.127104
 1.08969e-16 7.44923e-05 0.000724091 0.00481184 0.0218739 0.0680579 0.145005 0.211639 0.21164 0.145009 0.0680721 0.0219153 0.00491759 0.000961667 0.000547073 0.000847611 0.00137152 0.00209349 0.00308861 0.00450248 0.00650803 0.00919312 0.0124253 0.0157843 0.018631 0.0203067
 1.12644e-16 1.20423e-05 0.000117056 0.00077788 0.00353617 0.0110027 0.0234453 0.0342347 0.0343091 0.023809 0.0122236 0.00706058 0.00961742 0.0193902 0.0365467 0.0602241 0.0863524 0.107776 0.117254 0.11156 0.0935366 0.070368 0.0494696 0.0350907 0.0275629 0.0247232
 1.00066e-16 8.22159e-05 0.000799168 0.00531075 0.0241419 0.0751144 0.160039 0.233582 0.233582 0.160039 0.0751149 0.0241433 0.00531448 0.000807648 9.9329e-05 3.66958e-05 5.09239e-05 7.64164e-05 0.000107864 0.00014422 0.00018345 0.000221199 0.000250723 0.000264839 0.000259125 0.000234271
 1.00421e-16 1.8272e-06 1.77611e-05 0.000118034 0.000536621 0.00167013 0.00356186 0.00521831 0.00531216 0.00402031 0.00320883 0.00497799 0.0112555 0.0242944 0.0460001 0.0757627 0.108477 0.135022 0.146105 0.137452 0.112443 0.0800131 0.0495732 0.0268068 0.0127362 0.00541516
 1.26972e-16 4.25552e-06 4.13651e-05 0.000274886 0.00124959 0.00388797 0.00828385 0.0120912 0.0120947 0.00830162 0.00395174 0.00145185 0.000850558 0.00152236 0.0034719 0.00743423 0.0146517 0.0265921 0.0444104 0.068084 0.0955171 0.122256 0.142402 0.150669 0.144632 0.125873
 1.02015e-16 8.05968e-05 0.000783429 0.00520616 0.0236665 0.0736352 0.156887 0.228982 0.228982 0.156888 0.0736371 0.0236722 0.00522103 0.000817565 0.000150746 0.000136746 0.000227874 0.000376317 0.000604242 0.000948653 0.00144504 0.00210281 0.00287896 0.00366758 0.00431852 0.00468332
 1.03257e-16 9.18293e-06 8.92615e-05 0.000593178 0.00269655 0.00839042 0.0178798 0.0261136 0.0261972 0.0182883 0.00976144 0.00665399 0.0105174 0.0217223 0.0410018 0.0675279 0.0967108 0.120435 0.130452 0.122989 0.101099 0.0727712 0.0463863 0.0269548 0.0152795 0.00948002
 1.01198e-16 7.88697e-05 0.000766642 0.0050946 0.0231593 0.0720573 0.153526 0.224075 0.224076 0.153528 0.0720661 0.0231855 0.0051629 0.000924551 0.000404542 0.000610922 0.00102766 0.00161398 0.00237455 0.00329247 0.0042998 0.00525682 0.00596677 0.0062399 0.00597909 0.00523302
 1.00331e-16 7.58853e-05 0.000737632 0.00490182 0.022283 0.0693307 0.147717 0.215598 0.215605 0.147752 0.0694495 0.0226261 0.00576245 0.00261388 0.00363189 0.00586508 0.00839719 0.0104675 0.0113595 0.0107488 0.00890042 0.00650296 0.00427377 0.00263429 0.00164128 0.0011241
 1.01261e-16 4.68136e-05 0.000455045 0.00302393 0.0137464 0.0427703 0.0911281 0.133012 0.13305 0.0913153 0.0433989 0.0155613 0.0075775 0.0103885 0.0188912 0.0311015 0.0446666 0.055888 0.0610221 0.0583299 0.0491163 0.0368668 0.0252081 0.016269 0.0103773 0.00678866
 1.0313e-16 6.51683e-05 0.000633459 0.00420956 0.0191361 0.0595394 0.126855 0.185152 0.185163 0.126912 0.0597303 0.0196888 0.00560182 0.0036889 0.00591513 0.00979826 0.0143926 0.0186882 0.0216783 0.0228603 0.0224651 0.0211719 0.0195711 0.017839 0.0158331 0.0134108
 1.02162e-16 6.85054e-05 0.000665897 0.00442512 0.0201159 0.0625883 0.133351 0.194633 0.194646 0.133414 0.0628 0.0207277 0.00596089 0.00401941 0.0064403 0.0105467 0.0152063 0.019168 0.021209 0.0207754 0.0183091 0.0149399 0.0117943 0.00945933 0.00791507 0.00682047
 1.00139e-16 8.10106e-05 0.000787452 0.0052329 0.023788 0.0740132 0.157693 0.230158 0.230159 0.1577 0.074035 0.0238509 0.00539079 0.00113219 0.000735862 0.00108864 0.00156108 0.00196435 0.00216662 0.0021087 0.00183422 0.00145883 0.00110021 0.000823515 0.000633694 0.00050283
 1.00921e-16 2.86594e-06 2.78581e-05 0.000185131 0.000841635 0.00261913 0.0055837 0.00816872 0.00826003 0.00602978 0.00411635 0.00516353 0.011024 0.0236568 0.0447834 0.0737819 0.105699 0.131685 0.142721 0.134654 0.110743 0.0796164 0.0503408 0.0283648 0.0146409 0.00728995
 1.00644e-16 8.05502e-05 0.000782977 0.00520315 0.0236528 0.0735926 0.156797 0.22885 0.22885 0.156797 0.0735945 0.0236587 0.00521949 0.000823731 0.000172831 0.000196894 0.000365438 0.000645137 0.00105514 0.00159408 0.00221601 0.00282272 0.00328263 0.00347602 0.00334595 0.00292539
 1.01769e-16 2.22796e-05 0.000216566 0.00143916 0.00654225 0.0203557 0.0433726 0.0633179 0.0633865 0.0437077 0.0214806 0.00978932 0.00958207 0.0179672 0.0336593 0.0554155 0.0793711 0.0988604 0.107117 0.101048 0.0831455 0.0599417 0.0382763 0.0222233 0.0124208 0.00734072
 1.19311e-16 1.40816e-05 0.000136878 0.000909604 0.00413494 0.0128655 0.027412 0.0400134 0.040036 0.0275228 0.0132398 0.00522703 0.00369205 0.00634681 0.0122045 0.0211847 0.0329044 0.0463264 0.0601931 0.0735902 0.0859423 0.0963664 0.103138 0.104077 0.0977834 0.0847388
 1.04527e-16 7.68751e-05 0.000747254 0.00496576 0.0225736 0.070235 0.149643 0.218409 0.21841 0.149649 0.0702539 0.0226288 0.00510618 0.00106023 0.000690894 0.00107405 0.00167125 0.00239336 0.00322275 0.00419498 0.00538125 0.00681583 0.00841034 0.00992486 0.0110301 0.0114322
 1.0157e-16 6.77017e-05 0.000658085 0.00437321 0.01988 0.0618541 0.131787 0.192351 0.192367 0.131865 0.0621163 0.020637 0.00627187 0.00479771 0.0079145 0.012938 0.0185407 0.0231291 0.0251353 0.0238525 0.0198732 0.0147231 0.00998544 0.00658188 0.00461733 0.00368333
 1.06669e-16 1.85338e-06 1.80156e-05 0.000119724 0.000544294 0.00169392 0.00361194 0.00528799 0.00536561 0.00399119 0.00296754 0.00422373 0.00935859 0.0201962 0.0383516 0.0634705 0.0915896 0.115491 0.12777 0.124938 0.109426 0.0878072 0.0667704 0.0500251 0.0379227 0.0290559
 1.04816e-16 7.27773e-05 0.000707422 0.00470107 0.0213704 0.0664911 0.141666 0.206766 0.206767 0.141668 0.0664985 0.0213934 0.00476633 0.000874179 0.000460773 0.000833017 0.00162879 0.0029607 0.00497397 0.00770654 0.0109815 0.0143554 0.0171873 0.0188375 0.0189116 0.0174199
 1.06472e-16 4.15516e-05 0.000403897 0.00268404 0.0122013 0.0379629 0.0808856 0.118064 0.118106 0.0810914 0.0386539 0.0141961 0.00768773 0.0113151 0.0207299 0.0341189 0.0489528 0.0611776 0.0667243 0.0637935 0.0539984 0.0413652 0.0299921 0.0221411 0.01786 0.0158534
 1.18888e-16 1.27866e-05 0.00012429 0.000825954 0.00375469 0.0116825 0.0248923 0.0363397 0.0363813 0.025096 0.012368 0.00574078 0.00583438 0.011134 0.0211452 0.0355181 0.0525152 0.0688517 0.0810822 0.0874721 0.088751 0.0870611 0.0840813 0.079994 0.0739655 0.0653762
 1.04959e-16 7.52689e-05 0.000731641 0.00486201 0.022102 0.0687675 0.146517 0.213845 0.213847 0.146523 0.0687902 0.0221683 0.00503184 0.0011136 0.000834172 0.00134918 0.0021497 0.00316259 0.00437533 0.00580816 0.00748366 0.00934986 0.0112124 0.0127467 0.0136036 0.0135502
 1.01448e-16 7.08455e-05 0.000688644 0.00457628 0.0208031 0.0647263 0.137907 0.201281 0.201294 0.137967 0.064928 0.0213856 0.00603715 0.00387404 0.00610982 0.00996114 0.0142795 0.0178282 0.0194056 0.0184733 0.0154903 0.011628 0.00809443 0.00558118 0.0041479 0.0034623
 1.05544e-16 3.63981e-06 3.53803e-05 0.000235118 0.00106886 0.00332605 0.00708943 0.0103639 0.0104431 0.00747674 0.0046265 0.00482496 0.00966329 0.0206165 0.0390887 0.064608 0.093047 0.116948 0.128679 0.12467 0.107506 0.0841227 0.0616429 0.0441111 0.0320016 0.0238017
 1.36081e-16 3.97337e-06 3.86226e-05 0.000256661 0.00116675 0.00363021 0.00773473 0.0112902 0.0112955 0.00776123 0.0037228 0.00145009 0.00102792 0.00192103 0.00416185 0.00839599 0.015645 0.0270899 0.043712 0.0656544 0.0914408 0.117548 0.138921 0.150556 0.149493 0.136082
 1.88534e-16 1.02922e-05 0.000100044 0.000664829 0.00302222 0.00940327 0.0200348 0.0292423 0.0292467 0.0200565 0.00947713 0.00324041 0.00123197 0.00140665 0.00270763 0.00507158 0.00887078 0.0147879 0.0239334 0.0378248 0.0579215 0.0846773 0.116504 0.149318 0.177187 0.194059
pSPR Fmed_Fpbrs
0.443949   0.195365 0.195365
Fs Fmed_Fpbrs
0.444032   1.005 1.005
SSBpbr Bo_Bmed_Bpbrs
1.72146e+06  678168  250241 250241
Ro
36571.7
SPR SPRFo_SPRFmed_SPRFpbrs
260415 115611 50876
Fref
1.005
log_Ro
10.327
likeval ReclasPelacesDesembMPH_pf_preclas_ppelaces_ptallas_desvR_qrecl_qpela
 60.7338 40.4168 1.0067 0.00207766 371.717 178.836 123.201 0 219.64 0 0 4.4526 0 0 0
q_reclas_q_pelaces
1 1
M
1
N
 538863 20778.8 6695.73 797.897 0.0581084
 1345.26 156404 5837.4 1881.03 224.17
 3721.13 341.993 37789 1410.39 508.642
 84789.5 912.544 79.3144 8763.94 445.057
 1542.76 10074.9 92.8085 8.06652 936.583
 309404 90.5184 459.123 4.22938 43.0487
 1649.07 82096.3 22.9615 116.464 11.9929
 461.458 205.969 8837 2.47161 13.8273
 77822.4 94.2708 38.8043 1664.88 3.07071
 2099.5 18266.8 20.8004 8.56198 368.026
 57305 296.911 2264.74 2.57886 46.6898
 192815 16696.8 83.7776 639.027 13.9018
 57712.8 43207.1 3494.72 17.535 136.661
 69409.1 11843.9 8182.49 661.824 29.2014
 48245.3 8701.55 1280.32 884.52 74.6992
 446975 6550.12 1029.91 151.537 113.532
 3860.68 110030 1525.66 239.886 61.74
 1.20373e+06 971.316 26271.9 364.283 72.0198
 138299 376973 297.521 8047.27 133.643
 27354.4 38170.3 100009 78.9305 2170.35
 477645 6112.48 7963.63 20865.2 469.276
 606198 127381 1559.51 2031.8 5443.17
 4337.86 159892 32094.2 392.923 1883.34
 402581 1224.11 43503 8732.13 619.322
 140987 125317 372.383 13233.9 2844.77
 14874.9 42276.5 36534.9 108.565 4687.58
 272491 4123.12 11270.7 9740 1278.63
 524851 78980.5 1156.49 3161.29 3090.6
 9232.31 174000 25811.4 377.95 2043.17
 3386.09 3042.29 56475.1 8377.61 785.821
 2655.28 978.003 849.922 15777.4 2559.98
pred_Ctot
 73281.8 3173.28 1022.55 121.852 0.00887413
 270.715 35108 1310.33 422.237 50.3195
 810.367 82.9308 9163.53 342.008 123.342
 39639.4 461.098 40.0767 4428.32 224.882
 940.125 6502.32 59.8986 5.20613 604.471
 55981.6 18.3077 92.8592 0.855408 8.70675
 749.384 40392.1 11.2972 57.3013 5.90059
 135.993 67.0175 2875.36 0.804207 4.4991
 18464.2 24.8532 10.2302 438.923 0.809549
 881.031 8336.86 9.49318 3.90764 167.965
 7678.25 44.6841 340.835 0.388109 7.02665
 49584.1 4760.66 23.887 182.202 3.96375
 16905.1 13976.3 1130.44 5.6721 44.2061
 31472.2 5815.29 4017.55 324.951 14.3377
 20814.3 4076.74 599.838 414.404 34.9971
 96571.3 1576.1 247.818 36.4631 27.3183
 795.538 25277.8 350.498 55.1105 14.1839
 114652 104.311 2821.39 39.121 7.73433
 22350.3 68236.5 53.8548 1456.65 24.1909
 7066.88 10932 28642.6 22.6058 621.591
 85250.1 1219.82 1589.23 4163.89 93.6495
 111420 26163.9 320.32 417.327 1118.02
 652.607 26973.5 5414.25 66.2856 317.718
 39687.9 136.02 4833.94 970.291 68.8175
 16754.4 16752.2 49.7799 1769.1 380.287
 2371.99 7552.58 6526.86 19.3948 837.425
 37252.6 632.948 1730.18 1495.2 196.284
 33068.1 5628.06 82.4101 225.27 220.232
 613.924 13082 1940.61 28.4158 153.613
 469.082 473.161 8783.46 1302.95 122.217
 902.695 365.165 317.342 5890.93 955.84
F
 0.237022 0.26965 0.26965 0.26965 0.26965
 0.369551 0.420423 0.420423 0.420423 0.420423
 0.405545 0.461372 0.461372 0.461372 0.461372
 1.13013 1.2857 1.2857 1.2857 1.2857
 1.83577 2.08848 2.08848 2.08848 2.08848
 0.326755 0.371735 0.371735 0.371735 0.371735
 1.08024 1.22895 1.22895 1.22895 1.22895
 0.58822 0.669192 0.669192 0.669192 0.669192
 0.449345 0.5112 0.5112 0.5112 0.5112
 0.956022 1.08763 1.08763 1.08763 1.08763
 0.23317 0.265267 0.265267 0.265267 0.265267
 0.495724 0.563964 0.563964 0.563964 0.563964
 0.583664 0.66401 0.66401 0.66401 0.66401
 1.07652 1.22471 1.22471 1.22471 1.22471
 0.996815 1.13403 1.13403 1.13403 1.13403
 0.401754 0.457058 0.457058 0.457058 0.457058
 0.379945 0.432248 0.432248 0.432248 0.432248
 0.161005 0.183168 0.183168 0.183168 0.183168
 0.287359 0.326916 0.326916 0.326916 0.326916
 0.498544 0.567173 0.567173 0.567173 0.567173
 0.321682 0.365964 0.365964 0.365964 0.365964
 0.332711 0.378511 0.378511 0.378511 0.378511
 0.265164 0.301666 0.301666 0.301666 0.301666
 0.167053 0.190049 0.190049 0.190049 0.190049
 0.204433 0.232575 0.232575 0.232575 0.232575
 0.283062 0.322027 0.322027 0.322027 0.322027
 0.238404 0.271222 0.271222 0.271222 0.271222
 0.104059 0.118383 0.118383 0.118383 0.118383
 0.110099 0.125255 0.125255 0.125255 0.125255
 0.241919 0.275221 0.275221 0.275221 0.275221
 0.709588 0.807268 0.807268 0.807268 0.807268
nmprior
 8 9 7.5 0
nm_flota  nm_reclas  nm_pelaces    nm_pelaL
inf 4.30043 3.28337 4.1647
cv_recla  cv_pelaces  cv_mph
0.70492 0.748076 1.40667
 ------------------------------------------------
Talla a la edad & desviación 
 8 13.2811 15.8009 17.003 17.5766
 0.8 1.32811 1.58009 1.7003 1.75766
