years
 1991 1992 1993 1994 1995 1996 1997 1998 1999 2000 2001 2002 2003 2004 2005 2006 2007 2008 2009 2010 2011 2012 2013 2014 2015 2016 2017 2018 2019 2020 2021
reclasobs
 0 0 0 0 0 0 0 0 0 252601 567819 844713 477998 351125 339783 2.1784e+06 2.13404e+06 4.81314e+06 1.55562e+06 2.62356e+06 3.21686e+06 3.843e+06 1.13348e+06 3.07943e+06 1.97215e+06 2.03268e+06 2.025e+06 2.42433e+06 2.27542e+06 1.05018e+06 2.36338e+06
reclaspred
 4.33125e+06 1.49105e+06 909948 498211 78906.7 1.90444e+06 632635 168817 633629 193449 308753 673339 574604 429451 317993 1.9634e+06 1.23728e+06 4.7731e+06 3.85592e+06 1.97223e+06 3.98234e+06 3.64831e+06 2.08539e+06 3.92507e+06 2.57485e+06 1.64991e+06 2.66921e+06 3.95884e+06 2.84962e+06 1.08024e+06 661712
pelacesobs
 0 0 0 0 0 0 0 0 0 0 0 0 0 0 0 552880 188675 0 991730 2.46772e+06 1.41603e+06 1.21717e+06 2.29649e+06 1.80582e+06 0 1.4828e+06 1.56532e+06 1.57751e+06 1.42118e+06 867257 0
pelacespred
 1.02744e+06 357526 179776 65448.6 9318.86 410249 95489.9 33965.8 125409 27740.9 63688.6 114295 105075 76956.3 55651.5 356718 221951 1.079e+06 851628 402992 829347 752504 433563 954204 585836 369408 705238 1.02268e+06 611998 268837 137693
mphobs
 0 0 0 0 0 0 0 0 0 0 0 498337 0 5186 125008 0 168611 109162 213762 579715 649985 157893 87575 83554 0 0 0 0 0 0 0
mphpred
 856701 390930 94917.6 90662.1 24965.9 3267.54 173200 35834.3 11519.1 48232.2 8472.32 32393 54274.9 34072 18360 18889.6 215777 118153 489218 331241 225536 357922 379064 216010 386055 264472 151777 244036 496058 260069 68956.7
desembarqueobs
 494567 514787 250237 358949 120608 361735 552515 73892 212993 205616 52469 317467 293654 387597 252695 516296 358380 742168 942051 627588 828172 859565 418607 520667 417249 300574 407403 355545 319650 289779 219260
desembarquepred
 494517 514506 249861 358563 120492 361527 551746 73859.2 212825 205380 52454 317159 293312 386888 252363 515868 358213 741665 940682 626511 827625 858713 418330 520431 416953 300320 407153 355367 319457 289498 219148
Reclutas
 10693.8 6732.67 195695 18297.9 5530.23 285457 8076.03 2128.74 60949.2 10044.2 46553.3 130050 76990.3 68931.8 45066 387695 12506.8 674320 317073 133331 376627 510786 17334.8 274782 163322 40351.3 224353 308596 18968.8 8875.24 57816.4
log_desv_Rt
 -1.6816 -2.14429 1.22529 -1.14448 -2.34104 1.60283 -1.96236 -3.29573 0.0587766 -1.74427 -0.210667 0.816654 0.292415 0.181853 -0.243137 1.90895 -1.525 2.46244 1.70787 0.841573 1.87999 2.18469 -1.19855 1.56471 1.04446 -0.353641 1.36195 1.68077 -1.10847 -1.868 0.0060077
SSB
 2.30459e+06 1.05163e+06 255335 243888 67160.2 8789.91 465922 96396.8 30987.3 129748 22791.2 87139.6 146004 91656.2 49389.7 50814.5 580456 317842 1.31603e+06 891064 606708 962837 1.01971e+06 581083 1.03852e+06 711451 408291 656475 1.33443e+06 699606 185499
BT
 2.82707e+06 1.38563e+06 644936 406874 126587 1.26721e+06 708184 148675 480557 246392 191637 524838 504222 579281 378380 1.22957e+06 794864 3.16258e+06 2.85178e+06 1.51991e+06 2.61541e+06 2.50732e+06 1.36134e+06 2.69675e+06 1.74453e+06 1.12782e+06 2.05688e+06 2.71138e+06 1.67839e+06 934022 528677
Ftot
 0.220791 0.635573 0.638217 1.28426 2.25125 0.515389 1.46167 0.817279 0.861983 1.78037 0.444384 1.1102 1.11089 1.89682 1.7627 0.693368 0.56033 0.404856 0.531964 0.655674 0.493598 0.541753 0.392473 0.325974 0.347965 0.373343 0.378487 0.224908 0.221692 0.509327 0.750206
BD_Bspro_t
 0.965395 0.726011 0.389678 0.397869 0.128026 0.0270964 0.469041 0.13967 0.0733661 0.259873 0.0835231 0.348209 0.309624 0.188614 0.10675 0.114297 0.460367 0.316553 0.584507 0.45285 0.328248 0.43328 0.471019 0.375789 0.547257 0.515419 0.447879 0.591092 0.722969 0.578684 0.355708
BD_Bspro
 5.63159 2.56981 0.623949 0.595975 0.164116 0.0214794 1.13855 0.23556 0.075722 0.317058 0.0556935 0.212938 0.356781 0.223975 0.120691 0.124173 1.41843 0.776692 3.21591 2.17744 1.48258 2.35283 2.49181 1.41996 2.53777 1.73853 0.997717 1.60419 3.26088 1.70959 0.453292
BD_Bo
 1.40581 0.6415 0.155756 0.148773 0.040968 0.00536189 0.284215 0.0588026 0.0189024 0.0791471 0.0139027 0.0531556 0.0890629 0.0559108 0.030128 0.0309971 0.354081 0.193885 0.802786 0.543553 0.370095 0.587335 0.622028 0.354464 0.6335 0.433988 0.249059 0.400453 0.81401 0.426763 0.113155
BD_Brms
 7.50338 3.42394 0.831332 0.79406 0.218663 0.0286186 1.51697 0.313853 0.10089 0.42244 0.0742044 0.283713 0.475365 0.298418 0.160805 0.165444 1.88987 1.03484 4.28479 2.90116 1.97535 3.13485 3.32001 1.89192 3.38125 2.31637 1.32933 2.13738 4.3447 2.27781 0.603954
Sel_flota
 0.693695 0.977288 0.998778 0.999936 0.999997
 0.693695 0.977288 0.998778 0.999936 0.999997
 0.693695 0.977288 0.998778 0.999936 0.999997
 0.693695 0.977288 0.998778 0.999936 0.999997
 0.693695 0.977288 0.998778 0.999936 0.999997
 0.693695 0.977288 0.998778 0.999936 0.999997
 0.693695 0.977288 0.998778 0.999936 0.999997
 0.693695 0.977288 0.998778 0.999936 0.999997
 0.693695 0.977288 0.998778 0.999936 0.999997
 0.693695 0.977288 0.998778 0.999936 0.999997
 0.693695 0.977288 0.998778 0.999936 0.999997
 0.693695 0.977288 0.998778 0.999936 0.999997
 0.693695 0.977288 0.998778 0.999936 0.999997
 0.693695 0.977288 0.998778 0.999936 0.999997
 0.693695 0.977288 0.998778 0.999936 0.999997
 0.693695 0.977288 0.998778 0.999936 0.999997
 0.693695 0.977288 0.998778 0.999936 0.999997
 0.693695 0.977288 0.998778 0.999936 0.999997
 0.693695 0.977288 0.998778 0.999936 0.999997
 0.693695 0.977288 0.998778 0.999936 0.999997
 0.693695 0.977288 0.998778 0.999936 0.999997
 0.693695 0.977288 0.998778 0.999936 0.999997
 0.693695 0.977288 0.998778 0.999936 0.999997
 0.693695 0.977288 0.998778 0.999936 0.999997
 0.693695 0.977288 0.998778 0.999936 0.999997
 0.693695 0.977288 0.998778 0.999936 0.999997
 0.693695 0.977288 0.998778 0.999936 0.999997
 0.693695 0.977288 0.998778 0.999936 0.999997
 0.693695 0.977288 0.998778 0.999936 0.999997
 0.693695 0.977288 0.998778 0.999936 0.999997
 0.693695 0.977288 0.998778 0.999936 0.999997
Sel_reclas
 1 1 1 1 1
 1 1 1 1 1
 1 1 1 1 1
 1 1 1 1 1
 1 1 1 1 1
 1 1 1 1 1
 1 1 1 1 1
 1 1 1 1 1
 1 1 1 1 1
 1 1 1 1 1
 1 1 1 1 1
 1 1 1 1 1
 1 1 1 1 1
 1 1 1 1 1
 1 1 1 1 1
 1 1 1 1 1
 1 1 1 1 1
 1 1 1 1 1
 1 1 1 1 1
 1 1 1 1 1
 1 1 1 1 1
 1 1 1 1 1
 1 1 1 1 1
 1 1 1 1 1
 1 1 1 1 1
 1 1 1 1 1
 1 1 1 1 1
 1 1 1 1 1
 1 1 1 1 1
 1 1 1 1 1
 1 1 1 1 1
Sel_pelaces
 1 1 1 1 1
 1 1 1 1 1
 1 1 1 1 1
 1 1 1 1 1
 1 1 1 1 1
 1 1 1 1 1
 1 1 1 1 1
 1 1 1 1 1
 1 1 1 1 1
 1 1 1 1 1
 1 1 1 1 1
 1 1 1 1 1
 1 1 1 1 1
 1 1 1 1 1
 1 1 1 1 1
 1 1 1 1 1
 1 1 1 1 1
 1 1 1 1 1
 1 1 1 1 1
 1 1 1 1 1
 1 1 1 1 1
 1 1 1 1 1
 1 1 1 1 1
 1 1 1 1 1
 1 1 1 1 1
 1 1 1 1 1
 1 1 1 1 1
 1 1 1 1 1
 1 1 1 1 1
 1 1 1 1 1
 1 1 1 1 1
pf_obs 
 0.8446 0.082 0.0669 0.0065 0
 0.8095 0.147 0.0364 0.0071 0
 0.9664 0.0169 0.016 0.0007 0
 0.9276 0.0648 0.0075 0.0001 0
 0.7033 0.2144 0.0806 0.0017 0
 0.9318 0.0425 0.0243 0.0014 0
 0.5671 0.3108 0.0964 0.0239 0.0018
 0.0768 0.2599 0.5324 0.112 0.0189
 0.490249 0.384438 0.106611 0.0170017 0.00170017
 0.7925 0.1577 0.0466 0.003 0.0002
 0.840416 0.127587 0.0312969 0.00059994 9.999e-05
 0.8084 0.0986 0.0794 0.0134 0.0002
 0.7335 0.1905 0.0724 0.0035 0.0001
 0.4001 0.4547 0.1325 0.0127 0
 0.49795 0.308269 0.164784 0.0264974 0.00249975
 0.9179 0.0499 0.0305 0.0017 0
 0.2467 0.6533 0.0926 0.0074 0
 0.9418 0.0223 0.034 0.0019 0
 0.707729 0.231977 0.0356964 0.0245975 0
 0.517169 0.277429 0.184464 0.0207286 0.00020938
 0.811772 0.124168 0.05621 0.00726502 0.000585176
 0.764997 0.148141 0.077277 0.00933861 0.000247198
 0.163321 0.427699 0.378323 0.0303852 0.000271297
 0.753843 0.0900009 0.118128 0.0371064 0.000921714
 0.721811 0.176058 0.0630433 0.0369309 0.00215725
 0.143369 0.312575 0.442814 0.0836902 0.0175525
 0.692698 0.0596174 0.167031 0.0765114 0.00414204
 0.394062 0.376323 0.152708 0.0712218 0.00568511
 0.125707 0.32114 0.495352 0.0537591 0.00404204
 0.23352 0.215282 0.420074 0.123614 0.00750983
 0 0 0 0 0
pf_pred 
 0.0515995 0.188442 0.680571 0.0793864 6.92831e-07
 0.100667 0.0664276 0.168678 0.594919 0.0693083
 0.933927 0.0100085 0.00426056 0.0105046 0.0412998
 0.233297 0.734212 0.00505358 0.00208828 0.0253495
 0.375053 0.21957 0.388873 0.00257189 0.0139325
 0.996554 0.00198433 0.000532631 0.000891773 3.7729e-05
 0.0819277 0.916018 0.00119747 0.000312547 0.000544614
 0.176598 0.115725 0.706161 0.000884746 0.000631819
 0.965335 0.00906996 0.00369805 0.0218499 4.68425e-05
 0.398473 0.588872 0.00339661 0.0013397 0.00791851
 0.948044 0.0293552 0.022148 0.00012179 0.000331077
 0.887666 0.10842 0.00223685 0.00164286 3.35419e-05
 0.719398 0.261247 0.0187042 0.00037193 0.000278192
 0.781923 0.177705 0.0376823 0.00259975 9.01792e-05
 0.828687 0.150745 0.0169142 0.003411 0.000242836
 0.982112 0.0161857 0.00150639 0.000161172 3.47277e-05
 0.0956462 0.893988 0.00940667 0.000849354 0.000110274
 0.957101 0.00596288 0.036525 0.000373599 3.8055e-05
 0.552878 0.434302 0.00182253 0.0108755 0.0001224
 0.451086 0.358448 0.185158 0.000755561 0.00455254
 0.836279 0.0922423 0.0471561 0.0236457 0.000676747
 0.776013 0.198536 0.0145138 0.00721919 0.0037181
 0.0772875 0.775899 0.130551 0.00928004 0.00698258
 0.821697 0.0197258 0.133894 0.0219526 0.00273075
 0.566257 0.378764 0.00622006 0.0411776 0.0075809
 0.293889 0.464513 0.211677 0.00338927 0.026532
 0.847189 0.0584324 0.0626334 0.0278187 0.00392663
 0.759628 0.214538 0.0100381 0.0104871 0.005308
 0.104384 0.734122 0.144512 0.00660396 0.0103781
 0.138133 0.124101 0.607312 0.116753 0.0137021
 0.794102 0.0410135 0.0243157 0.115743 0.0248255
pobs_RECLAS
 0 0 0 0 0
 0 0 0 0 0
 0 0 0 0 0
 0 0 0 0 0
 0 0 0 0 0
 0 0 0 0 0
 0 0 0 0 0
 0 0 0 0 0
 0 0 0 0 0
 0 0 0 0 0
 0.991045 0.00858322 0.000360255 1.14367e-05 0
 0.934742 0.0480273 0.0164251 0.00080598 0
 0.827803 0.169806 0.00239088 0 0
 0.941827 0.0461693 0.0120037 0 0
 0.791401 0.0380133 0.147996 0.0225897 0
 0.846168 0.0940531 0.0597789 0 0
 0.134021 0.677848 0.182769 0.00536245 0
 0.80878 0.0450904 0.141981 0.00414843 0
 0.846168 0.0940531 0.0597789 0 0
 0.905697 0.0802665 0.012482 0.00150086 5.37128e-05
 0.989698 0.0102097 9.19794e-05 0 0
 0.975433 0.0193895 0.00387452 0.00125025 5.28907e-05
 0.303575 0.632131 0.0575291 0.00676475 0
 0.966965 0.00978017 0.0227588 0.000495775 0
 0.843318 0.132988 0.00938335 0.0141283 0.000182051
 0.564624 0.303363 0.111486 0.0197234 0.00080311
 0.826376 0.0876187 0.0782897 0.00655872 0.00115652
 0.89761 0.0855135 0.0140674 0.00269457 0.000114338
 0.34875 0.467042 0.161289 0.0227151 0.000203297
 0.318654 0.224769 0.449479 0.00709798 0
 0.937255 0.0296025 0.0250945 0.00804832 0
ppred_RECLAS
 0.0727895 0.187553 0.662473 0.0771839 6.73567e-07
 0.141578 0.0648616 0.160872 0.566675 0.0660135
 0.954113 0.00709795 0.00295126 0.00726732 0.0285703
 0.312797 0.658847 0.00441593 0.0018222 0.0221179
 0.49721 0.180452 0.309237 0.0020416 0.0110587
 0.997616 0.00138644 0.00036365 0.000608104 2.57259e-05
 0.118932 0.879151 0.001118 0.000291375 0.000507682
 0.241415 0.108858 0.648337 0.000811248 0.000579293
 0.97638 0.00629763 0.00250566 0.0147854 3.16952e-05
 0.506682 0.483248 0.00270606 0.00106565 0.00629814
 0.963407 0.0208807 0.0153981 8.45698e-05 0.000229882
 0.921178 0.0761452 0.0015312 0.00112306 2.29275e-05
 0.791452 0.194503 0.013573 0.000269528 0.000201584
 0.849396 0.123409 0.0253856 0.00174854 6.06475e-05
 0.882507 0.103752 0.0113031 0.00227585 0.000162008
 0.987574 0.0112691 0.00102419 0.000109442 2.35798e-05
 0.131841 0.858434 0.00882498 0.000795845 0.00010332
 0.970107 0.00423704 0.0253701 0.000259187 2.63992e-05
 0.639524 0.350381 0.00143671 0.0085626 9.63631e-05
 0.544304 0.300008 0.151355 0.000616848 0.00371649
 0.880762 0.0678665 0.0339052 0.0169803 0.000485952
 0.832851 0.148552 0.0106109 0.00527134 0.00271472
 0.107028 0.753598 0.123953 0.0088004 0.00662126
 0.869929 0.0146828 0.0974454 0.0159575 0.00198488
 0.650819 0.305826 0.00491022 0.0324673 0.00597692
 0.374064 0.41497 0.184868 0.00295644 0.0231423
 0.889052 0.0430304 0.0450909 0.020003 0.00282326
 0.817874 0.162951 0.0074567 0.00778104 0.00393809
 0.142262 0.705887 0.1359 0.00620305 0.00974751
 0.189751 0.119013 0.569133 0.109279 0.0128241
 0.85072 0.0303374 0.01756 0.0834788 0.017904
pobs_PELACES
 0 0 0 0 0
 0 0 0 0 0
 0 0 0 0 0
 0 0 0 0 0
 0 0 0 0 0
 0 0 0 0 0
 0 0 0 0 0
 0 0 0 0 0
 0 0 0 0 0
 0 0 0 0 0
 0 0 0 0 0
 0 0 0 0 0
 0 0 0 0 0
 0 0 0 0 0
 0 0 0 0 0
 0 0 0 0 0
 0.505614 0.472636 0.0217494 0 0
 0 0 0 0 0
 0.443492 0.261883 0.143347 0.151278 0
 0.227955 0.32914 0.350689 0.0885471 0.00366901
 0.970185 0.0296113 0.000203453 0 0
 0.997202 0.00247181 0.000326279 0 0
 0.445219 0.490057 0.0546422 0.010081 0
 0.90214 0.0892962 0.00764917 0.000914606 0
 0 0 0 0 0
 0.581667 0.319106 0.0959925 0.00289975 0.000334073
 0.762889 0.0836404 0.116647 0.0363945 0.000428098
 0.88444 0.0763242 0.0277011 0.0115352 0
 0.521256 0.241999 0.230069 0.00667565 0
 0.616807 0.101726 0.260614 0.0208532 0
 0 0 0 0 0
ppred_PELACES
 0.0742828 0.187486 0.661201 0.0770293 6.72214e-07
 0.149514 0.0645418 0.159359 0.56121 0.065376
 0.956825 0.00670542 0.00277546 0.00683275 0.0268616
 0.339283 0.633703 0.00420889 0.00173592 0.02107
 0.552248 0.162352 0.273812 0.00180617 0.00978302
 0.997732 0.00132131 0.000345303 0.000577309 2.44229e-05
 0.134032 0.864104 0.00108754 0.000283277 0.000493557
 0.256643 0.107203 0.634793 0.000794053 0.000567005
 0.97827 0.0058208 0.00230183 0.0135781 2.91068e-05
 0.548253 0.442644 0.00244759 0.000963204 0.00569249
 0.964891 0.020061 0.0147471 8.09804e-05 0.000220123
 0.928417 0.0691704 0.00138003 0.00101175 2.06548e-05
 0.808175 0.179002 0.0123932 0.000245996 0.00018398
 0.870998 0.105964 0.0215059 0.00148024 5.13396e-05
 0.898696 0.0895873 0.00963873 0.00193943 0.000138055
 0.988351 0.0105694 0.000955885 0.000102116 2.20011e-05
 0.137966 0.852417 0.00872837 0.000786964 0.000102166
 0.971256 0.00408434 0.0243857 0.000249091 2.53707e-05
 0.650944 0.339317 0.00138611 0.00825934 9.29492e-05
 0.559869 0.290221 0.145738 0.000593809 0.00357763
 0.885684 0.0651649 0.0324417 0.0162444 0.000464885
 0.839849 0.142395 0.010132 0.00503243 0.00259165
 0.110632 0.750884 0.123163 0.00874302 0.00657804
 0.873571 0.0143012 0.094694 0.015505 0.00192858
 0.658255 0.29941 0.00479535 0.0317035 0.00583628
 0.382492 0.40975 0.18206 0.00291112 0.0227873
 0.892659 0.0417014 0.0435811 0.0193305 0.00272831
 0.821013 0.160169 0.00731773 0.00763538 0.00386435
 0.144847 0.703957 0.135316 0.00617585 0.00970472
 0.197681 0.118216 0.56328 0.108134 0.0126896
 0.859953 0.0285875 0.0164593 0.0782237 0.0167767
pobs_pel_tallas
 0 0 0 0 0 0 0 0 0 0 0 0 0 0 0 0 0 0 0 0 0 0 0 0 0 0
 0 0 0 0 0 0 0 0 0 0 0 0 0 0 0 0 0 0 0 0 0 0 0 0 0 0
 0 0 0 0 0 0 0 0 0 0 0 0 0 0 0 0 0 0 0 0 0 0 0 0 0 0
 0 0 0 0 0 0 0 0 0 0 0 0 0 0 0 0 0 0 0 0 0 0 0 0 0 0
 0 0 0 0 0 0 0 0 0 0 0 0 0 0 0 0 0 0 0 0 0 0 0 0 0 0
 0 0 0 0 0 0 0 0 0 0 0 0 0 0 0 0 0 0 0 0 0 0 0 0 0 0
 0 0 0 0 0 0 0 0 0 0 0 0 0 0 0 0 0 0 0 0 0 0 0 0 0 0
 0 0 0 0 0 0 0 0 0 0 0 0 0 0 0 0 0 0 0 0 0 0 0 0 0 0
 0 0 0 0 0 0 0 0 0 0 0 0 0 0 0 0 0 0 0 0 0 0 0 0 0 0
 0 0 0 0 0 0 0 0 0 0 0 0 0 0 0 0 0 0 0 0 0 0 0 0 0 0
 0 0 0 0 0 0 0 0 0 0 0 0 0 0 0 0 0 0 0 0 0 0 0 0 0 0
 0 0 0 0 0 0 0 0 0 0 0 0 0 0 0 0 0 0 0 0 0 0 0 0 0 0
 0.00862536 0 0 0.000197151 0.00414017 0.0128641 0.00837892 0.0270097 0.101434 0.158115 0.152841 0.127902 0.109271 0.109419 0.0830992 0.0579132 0.0238553 0.00714673 0.00463305 0.00128148 0.00103504 0.000492878 0.000147863 0.000147863 4.92878e-05 0
 0 0 0 0 0 0 0 0 0 0 0 0 0 0 0 0 0 0 0 0 0 0 0 0 0 0
 0 0 0 0 0 0 0 0.0054083 0.00873648 0.0413646 0.0450493 0.0745869 0.0622846 0.0627006 0.0613931 0.0827291 0.12552 0.122667 0.0946155 0.0697135 0.0546179 0.0294188 0.0215738 0.0213955 0.0102223 0.00600262
 0 0 0 0 0.00359764 0.0251062 0.0480494 0.140153 0.205849 0.193036 0.1447 0.116669 0.0760912 0.0342217 0.00950174 0.001854 0.000860785 0 0 0 0.000165536 0 0.000143464 0 0 0
 0 0 0 0 0 0 0 0.000145254 0.000435761 0.0275982 0.070085 0.0708112 0.156366 0.174668 0.174014 0.160142 0.0824315 0.0480064 0.0283245 0.00493863 0.00203355 0 0 0 0 0
 0 0 0 0 0 0 0 0 0 0 0 0 0 0 0 0 0 0 0 0 0 0 0 0 0 0
 0 0 1.00437e-05 0.000401748 0.00122533 0.00171747 0.00176769 0.0269171 0.070346 0.194647 0.189555 0.159765 0.064822 0.0314167 0.0384472 0.0292271 0.0345202 0.0313363 0.0194345 0.0106764 0.0143323 0.0359363 0.0279516 0.0138201 0.00172751 0
 0 0.0021121 0.0136068 0.0755702 0.200478 0.177729 0.0527432 0.0373336 0.0318909 0.0142505 0.0149659 0.0166563 0.0217959 0.0798694 0.0677717 0.0528807 0.04013 0.0224614 0.0357745 0.0225083 0.00881397 0.00855152 0.00135912 0.000746735 0 0
 0 0 0 0 5.4009e-05 0.00500934 0.000945158 0.0243581 0.138947 0.33067 0.221406 0.137944 0.0707744 0.0437923 0.0131692 0.00525238 0.0047753 0.00276346 9.45158e-05 9.00151e-06 2.25038e-05 9.00151e-06 4.50075e-06 0 0 0
 0.000866109 0.00284123 0.00948549 0.0512746 0.133035 0.25785 0.225252 0.132002 0.0553304 0.0519788 0.0540692 0.017754 0.00435017 0.00159236 0.00146478 0.000404838 0.000125132 0.000115318 0.000107957 0.000100596 0 0 0 0 0 0
 0 0 0 0 0.00144013 0.00171154 0.00461396 0.0210425 0.0478622 0.0707936 0.0888783 0.103762 0.0637923 0.0337046 0.0602308 0.124433 0.169614 0.0934646 0.0462172 0.0250306 0.0313229 0.00938855 0.002487 0.000210481 0 0
 0 0.00764035 0.051015 0.0998891 0.058973 0.0496711 0.0374665 0.0718981 0.12319 0.153886 0.159021 0.0857701 0.0377988 0.023471 0.0147837 0.00900784 0.00315554 0.000888139 0.00291439 0.00214683 0.00393193 0.00274676 0.000635225 9.99891e-05 0 0
 0 0 0 0 0 0 0 0 0 0 0 0 0 0 0 0 0 0 0 0 0 0 0 0 0 0
 0 0 0 0 0 0 0 0 0 0 0 0 0 0 0 0 0 0 0 0 0 0 0 0 0 0
 0 0 0 0 0 0 0 0 0 0 0 0 0 0 0 0 0 0 0 0 0 0 0 0 0 0
 0 0 0 0 0 0 0 0 0 0 0 0 0 0 0 0 0 0 0 0 0 0 0 0 0 0
 0 0 0 0 0 0 0 0 0 0 0 0 0 0 0 0 0 0 0 0 0 0 0 0 0 0
 0 0 0 0 0 0 0 0 0 0 0 0 0 0 0 0 0 0 0 0 0 0 0 0 0 0
 0 0 0 0 0 0 0 0 0 0 0 0 0 0 0 0 0 0 0 0 0 0 0 0 0 0
ppred_pel_tallas
 1.26854e-16 6.11861e-06 5.94751e-05 0.000395234 0.00179669 0.00559026 0.0119114 0.0173889 0.017408 0.012005 0.00590771 0.0027264 0.00277732 0.00541961 0.0106546 0.0188264 0.029964 0.0436059 0.0590804 0.0757772 0.092917 0.108896 0.120961 0.125918 0.121642 0.108366
 1.71961e-16 1.23153e-05 0.000119709 0.000795506 0.00361626 0.0112516 0.0239729 0.0349905 0.0349972 0.0240057 0.011363 0.00394463 0.00164451 0.00205827 0.00395508 0.00723739 0.0122063 0.0193463 0.0294304 0.0435234 0.0625568 0.0864785 0.113423 0.139539 0.159823 0.16971
 1.05313e-16 7.88124e-05 0.000766085 0.0050909 0.0231425 0.0720049 0.153414 0.223912 0.223913 0.153417 0.0720157 0.0231739 0.0051705 0.0009422 0.000420737 0.000592154 0.000900726 0.00126321 0.00167283 0.00217571 0.00286661 0.00384282 0.00513209 0.00663701 0.0081322 0.00932139
 1.04024e-16 2.79464e-05 0.000271649 0.00180521 0.00820624 0.025533 0.054403 0.0794155 0.0794764 0.0547007 0.0265322 0.0110907 0.0090391 0.0160417 0.0299149 0.0492466 0.0705557 0.0879287 0.0953739 0.0901658 0.0745425 0.054325 0.0355927 0.0219434 0.0138882 0.00997919
 1.0978e-16 4.54879e-05 0.000442159 0.0029383 0.0133571 0.041559 0.0885464 0.129239 0.129255 0.088625 0.0418238 0.0141269 0.00488911 0.00476194 0.00842813 0.0143255 0.0217083 0.0295297 0.0366626 0.0424416 0.0468121 0.0499015 0.0514636 0.050805 0.0473 0.0410119
 1.00073e-16 8.21818e-05 0.000798837 0.00530855 0.0241319 0.0750833 0.159973 0.233485 0.233485 0.159974 0.0750854 0.024138 0.00532381 0.000832222 0.000145837 0.000111699 0.00015456 0.000197805 0.0002255 0.000232909 0.000224788 0.000211586 0.000202293 0.000199339 0.000198708 0.000193914
 1.00365e-16 1.10402e-05 0.000107315 0.000713148 0.00324192 0.0100873 0.021495 0.0313901 0.0314731 0.0219009 0.0114495 0.00717409 0.0105737 0.0216009 0.0407366 0.0670798 0.0960467 0.119554 0.129375 0.121725 0.0995931 0.0708871 0.0439346 0.0237668 0.0112915 0.00479077
 1.18522e-16 2.11394e-05 0.000205482 0.0013655 0.00620738 0.0193135 0.0411499 0.0600618 0.0600731 0.0412055 0.019503 0.00676668 0.00281502 0.00352027 0.00675582 0.0122761 0.0203253 0.0310327 0.0443103 0.0597377 0.0761965 0.0914761 0.102419 0.105933 0.100452 0.086877
 1.01435e-16 8.05788e-05 0.000783255 0.005205 0.0236612 0.0736187 0.156853 0.228931 0.228932 0.156855 0.0736281 0.0236883 0.00527351 0.000934245 0.00037182 0.00049966 0.000743418 0.0010064 0.001257 0.00149844 0.00176776 0.00210766 0.00252441 0.00296356 0.00332267 0.00349385
 1.01244e-16 4.5159e-05 0.000438961 0.00291705 0.0132605 0.0412587 0.0879075 0.128313 0.128355 0.0881155 0.0419566 0.0152751 0.00796926 0.0114523 0.0209154 0.0343854 0.0492471 0.0613384 0.0664563 0.062676 0.051539 0.037097 0.023601 0.0135959 0.0075004 0.00438375
 1.00477e-16 7.94768e-05 0.000772543 0.00513382 0.0233376 0.0726119 0.154707 0.2258 0.225802 0.154717 0.072644 0.0234305 0.005368 0.00128662 0.00106412 0.00165495 0.00242605 0.00315337 0.00366323 0.00386923 0.00380677 0.00358579 0.00330226 0.00298588 0.00261704 0.00217956
 1.00163e-16 7.64725e-05 0.00074334 0.00493976 0.0224554 0.0698672 0.14886 0.217266 0.217273 0.148892 0.0699763 0.0227704 0.00572964 0.00246547 0.0033407 0.00538501 0.00771051 0.00961337 0.0104342 0.00987189 0.00816425 0.00593789 0.00384832 0.00228534 0.00131085 0.000782526
 1.0046e-16 6.65684e-05 0.000647068 0.0043 0.0195472 0.0608186 0.129581 0.189131 0.189148 0.129665 0.0611012 0.0203631 0.006347 0.00511202 0.0085354 0.0139765 0.0200589 0.0250789 0.027347 0.0260802 0.0218697 0.0162927 0.0109933 0.00694155 0.00429134 0.00270633
 1.00805e-16 7.1743e-05 0.000697367 0.00463425 0.0210666 0.0655462 0.139653 0.20383 0.203841 0.139703 0.0657139 0.0215513 0.0058512 0.00335534 0.00512365 0.00836687 0.0120684 0.0152211 0.0168461 0.0164835 0.014452 0.011614 0.00884592 0.0066318 0.00501587 0.00381477
 1.0052e-16 7.40245e-05 0.000719544 0.00478162 0.0217366 0.0676306 0.144094 0.210312 0.21032 0.144137 0.0677721 0.0221454 0.00580751 0.00295821 0.00432311 0.00702305 0.0100937 0.0126586 0.0138781 0.0133646 0.0114087 0.00878297 0.00628281 0.00436342 0.00307886 0.00225305
 1.00045e-16 8.14091e-05 0.000791326 0.00525864 0.023905 0.0743773 0.158469 0.23129 0.231291 0.158474 0.074394 0.0239532 0.00537959 0.00105522 0.000582132 0.000832297 0.00118809 0.00148754 0.0016267 0.00155934 0.00132 0.00100069 0.000696817 0.000463804 0.000309428 0.000213478
 1.00566e-16 1.13642e-05 0.000110464 0.000734078 0.00333706 0.0103833 0.0221257 0.0323103 0.0323923 0.0225262 0.0117274 0.00721692 0.0104641 0.0213212 0.0402066 0.0662208 0.0948503 0.118135 0.127971 0.120625 0.0990279 0.0709416 0.044529 0.0247071 0.0123498 0.00577553
 1.00735e-16 8.0001e-05 0.000777639 0.00516768 0.0234915 0.0730909 0.155728 0.227289 0.22729 0.15573 0.0730981 0.0235129 0.005223 0.000904196 0.000337293 0.000474974 0.00077837 0.00118976 0.00170172 0.00229848 0.00293731 0.00353301 0.00396337 0.00410824 0.00390571 0.00338882
 1.00971e-16 5.36175e-05 0.000521181 0.00346343 0.0157443 0.0489865 0.104372 0.152341 0.152374 0.104532 0.0495215 0.0172887 0.0073366 0.00896459 0.0160547 0.026367 0.0377677 0.0470558 0.0510143 0.0481737 0.0397187 0.0287502 0.0185112 0.0109269 0.00629073 0.00387043
 1.04945e-16 4.61158e-05 0.000448262 0.00297886 0.0135415 0.0421327 0.0897692 0.131027 0.131055 0.0899067 0.0425949 0.0148786 0.00634269 0.00781631 0.0141115 0.0234429 0.034197 0.0438918 0.0499818 0.0512151 0.048263 0.0430569 0.0374326 0.0322169 0.0273062 0.0223472
 1.02661e-16 7.29526e-05 0.000709126 0.00471239 0.0214218 0.0666513 0.142008 0.207266 0.207272 0.142039 0.0667552 0.0217225 0.00546907 0.00236775 0.00324305 0.005299 0.0077518 0.0100146 0.0115409 0.012083 0.0118176 0.0111803 0.0105441 0.0100085 0.00943169 0.00861795
 1.01273e-16 6.91773e-05 0.000672428 0.00446852 0.0203133 0.0632022 0.134659 0.196542 0.196556 0.134726 0.063427 0.0209625 0.00609758 0.00422633 0.00681185 0.0111342 0.0159915 0.0200254 0.021904 0.0210206 0.0178585 0.013676 0.00976678 0.0068665 0.00504473 0.00397706
 1.05737e-16 9.11276e-06 8.85794e-05 0.000588645 0.00267594 0.00832622 0.0177426 0.025911 0.0259834 0.0180963 0.00951404 0.00610698 0.00920191 0.0188942 0.0357321 0.0590767 0.0851412 0.10714 0.118131 0.114865 0.099681 0.0788492 0.0587768 0.0430557 0.0320491 0.0243636
 1.04618e-16 7.19549e-05 0.000699427 0.00464794 0.0211289 0.0657397 0.140066 0.20443 0.204432 0.140073 0.0657655 0.0212051 0.00484641 0.00115654 0.00101007 0.00173879 0.00292466 0.00456999 0.00670537 0.00931202 0.0122471 0.0151697 0.0175532 0.018836 0.0186546 0.0170171
 1.04383e-16 5.42197e-05 0.000527034 0.00350233 0.0159211 0.0495366 0.105544 0.154051 0.154079 0.105685 0.050009 0.0172851 0.00692382 0.00798896 0.0142052 0.0233462 0.0335096 0.04191 0.0457688 0.0438543 0.0372577 0.0287096 0.0209852 0.0156104 0.0126132 0.0111228
 1.09507e-16 3.15054e-05 0.000306244 0.0020351 0.0092513 0.0287844 0.0613297 0.0895209 0.0895606 0.0615237 0.0294364 0.0111368 0.00677706 0.0106883 0.0198373 0.0329754 0.0480338 0.0615137 0.0698222 0.0712348 0.0668027 0.0594046 0.0517828 0.0451773 0.0393738 0.0336594
 1.03669e-16 7.35271e-05 0.00071471 0.0047495 0.0215905 0.0671762 0.143126 0.208898 0.208902 0.143146 0.0672435 0.0217858 0.00524282 0.00180237 0.00217095 0.00355641 0.0053139 0.00710196 0.00862354 0.00974599 0.0105496 0.0112034 0.0117724 0.0121302 0.0120429 0.0113384
 1.01672e-16 6.76258e-05 0.000657347 0.0043683 0.0198577 0.0617847 0.131639 0.192135 0.19215 0.131715 0.0620375 0.0205876 0.0061995 0.00465143 0.00764319 0.0125032 0.0179462 0.0224486 0.0245122 0.0234605 0.0198525 0.0151259 0.0107576 0.0075853 0.00567686 0.00463721
 1.06347e-16 1.1931e-05 0.000115974 0.00077069 0.00350349 0.010901 0.0232283 0.0339166 0.0339845 0.0235601 0.0120152 0.00672234 0.00885274 0.0177666 0.0335551 0.0555089 0.0800846 0.100955 0.111642 0.109106 0.0954988 0.0766041 0.0583031 0.0438476 0.033518 0.0260271
 1.29277e-16 1.62827e-05 0.000158274 0.00105179 0.00478128 0.0148764 0.0316962 0.0462641 0.0462764 0.0317566 0.0150818 0.00538584 0.00261214 0.00370651 0.00717192 0.0129211 0.0211601 0.0319443 0.0451965 0.0606974 0.077741 0.0946068 0.108441 0.116004 0.115043 0.10541
 1.11167e-16 7.08332e-05 0.000688524 0.00457548 0.0207995 0.0647149 0.137882 0.201244 0.201246 0.137896 0.0647612 0.0209339 0.00491574 0.00144144 0.00153217 0.00250844 0.00382702 0.00531479 0.00689315 0.00864146 0.0107899 0.0135538 0.0168995 0.0204147 0.0233884 0.0250674
pSPR Fmed_Fpbrs
0.372953   0.237357 0.237357
Fs Fmed_Fpbrs
0.635504   1.005 1.005
SSBpbr Bo_Bmed_Bpbrs
1.63933e+06  529427  307140 307140
Ro
57470.1
SPR SPRFo_SPRFmed_SPRFpbrs
409225 152622 97132.4
Fref
1.005
log_Ro
10.779
likeval ReclasPelacesDesembMPH_pf_preclas_ppelaces_ptallas_desvR_qrecl_qpela
 24.2683 67.0313 0.142184 0.00102997 299.287 126.245 95.9755 0 104.72 2.52679e-05 0 0.0181626 0 0 0
q_reclas_q_pelaces
2.03869 1
M
1
N
 10693.8 28430.4 100660 11729.3 0.10236
 6732.67 3375.36 8429.03 29702.4 3460.18
 195695 1593.73 667.219 1643.59 6461.66
 18297.9 46239.2 314.225 129.759 1575.08
 5530.23 2761.86 4848.81 32.0539 173.638
 285457 426.794 112.565 188.29 7.96578
 8076.03 73447.4 94.8804 24.7488 43.1233
 2128.74 1077.83 6475.95 8.10703 5.78918
 60949.2 444.231 178.392 1053.18 2.25775
 10044.2 12330.7 70.3821 27.745 163.986
 46553.3 1074.61 796.247 4.37429 11.8906
 130050 12582.8 256.063 187.93 3.83678
 76990.3 22148.8 1564.16 31.0806 23.2464
 68931.8 13105.8 2751.42 189.723 6.58089
 45066 6802.61 755.272 152.227 10.837
 387695 4881 446.926 47.7762 10.2938
 12506.8 88167 911.859 82.2589 10.6794
 674320 3119.18 18758.2 191.682 19.5239
 317073 187328 772.526 4605.57 51.8317
 133331 80649.4 40975.6 167.06 1006.55
 376627 31124.7 15632.1 7831.11 224.118
 510786 98381.2 7068.25 3512.52 1808.96
 17334.8 129042 21314.8 1513.65 1138.86
 274782 4857.19 32348.9 5298.41 659.051
 163322 80628.3 1299.38 8593.49 1582
 40351.3 47197.6 21110.9 337.682 2643.32
 224353 11457.4 12055 5348.95 754.968
 308596 63476.2 2911.73 3038.77 1537.97
 18968.8 97126.7 18743.8 855.656 1344.59
 8875.24 5983.53 28770.8 5525.88 648.485
 57816.4 2293.2 1338.1 6363.98 1364.94
pred_Ctot
 972.026 3549.85 12820.5 1495.47 0.0130515
 1572.44 1037.62 2634.81 9292.83 1082.62
 45863.2 491.498 209.227 515.857 2028.15
 7319.79 23036.2 158.558 65.5207 795.35
 3111.21 1821.42 3225.86 21.3349 115.575
 55835.7 111.18 29.8426 49.9649 2.11391
 3523.34 39393.8 51.498 13.4413 23.4214
 609.481 399.392 2437.12 3.05346 2.18055
 18193 170.936 69.6947 411.79 0.882811
 4956.39 7324.67 42.2486 16.6638 98.4941
 8004.46 247.85 186.998 1.02829 2.79533
 46944.8 5733.88 118.297 86.8836 1.77389
 27804.2 10097 722.902 14.3748 10.7519
 35300.9 8022.72 1701.22 117.369 4.07126
 22106.3 4021.32 451.208 90.9928 6.47795
 97278.8 1603.2 149.209 15.9642 3.4398
 2627.59 24559.6 258.42 23.3335 3.02946
 106781 665.262 4074.99 41.6814 4.2457
 63728.2 50060.3 210.076 1253.57 14.1086
 31953.7 25391.5 13116.1 53.5219 322.489
 70972 7828.26 4001.97 2006.72 57.4331
 104276 26678 1950.27 970.069 499.614
 2670.15 26805.9 4510.3 320.609 241.236
 35806.4 859.578 5834.6 956.611 118.996
 22579.9 15103.5 248.03 1641.99 302.294
 5943.76 9394.54 4281.06 68.5463 536.597
 33455 2307.46 2473.36 1098.55 155.06
 28540.2 8060.47 377.143 394.014 199.428
 1730.79 12172.5 2396.17 109.501 172.081
 1718.41 1543.84 7555.11 1452.44 170.458
 15463.2 798.639 473.49 2253.81 483.416
F
 0.153162 0.215777 0.220522 0.220777 0.220791
 0.440894 0.621138 0.634797 0.635532 0.635571
 0.442728 0.623722 0.637438 0.638176 0.638215
 0.890886 1.25509 1.28269 1.28418 1.28426
 1.56168 2.20012 2.2485 2.25111 2.25125
 0.357522 0.503683 0.514759 0.515356 0.515387
 1.01395 1.42847 1.45989 1.46158 1.46167
 0.566942 0.798717 0.816281 0.817226 0.817276
 0.597953 0.842406 0.86093 0.861928 0.861981
 1.23503 1.73993 1.77819 1.78026 1.78036
 0.308267 0.434291 0.443841 0.444355 0.444382
 0.770137 1.08498 1.10884 1.11013 1.11019
 0.770621 1.08566 1.10954 1.11082 1.11089
 1.31581 1.85374 1.8945 1.89669 1.89681
 1.22278 1.72267 1.76055 1.76259 1.7627
 0.480985 0.67762 0.69252 0.693323 0.693365
 0.388698 0.547604 0.559646 0.560294 0.560329
 0.280846 0.395661 0.404361 0.40483 0.404855
 0.369021 0.519882 0.531314 0.53193 0.531962
 0.454837 0.640782 0.654873 0.655631 0.655671
 0.342406 0.482388 0.492995 0.493566 0.493596
 0.375811 0.529449 0.541091 0.541718 0.541751
 0.272256 0.383559 0.391993 0.392447 0.392471
 0.226127 0.318571 0.325576 0.325953 0.325973
 0.241382 0.340062 0.34754 0.347943 0.347964
 0.258986 0.364864 0.372887 0.373319 0.373342
 0.262554 0.36989 0.378024 0.378462 0.378485
 0.156017 0.2198 0.224633 0.224893 0.224907
 0.153787 0.216657 0.221421 0.221678 0.221692
 0.353318 0.497759 0.508705 0.509294 0.509326
 0.520414 0.733168 0.74929 0.750158 0.750204
nmprior
 8 9 7.5 0
nm_flota  nm_reclas  nm_pelaces    nm_pelaL
inf 10.8478 5.36649 7.5098
cv_recla  cv_pelaces  cv_mph
0.4456 0.963393 0.990418
 ------------------------------------------------
Talla a la edad & desviación 
 8 13.2811 15.8009 17.003 17.5766
 0.8 1.32811 1.58009 1.7003 1.75766
