years
 1991 1992 1993 1994 1995 1996 1997 1998 1999 2000 2001 2002 2003 2004 2005 2006 2007 2008 2009 2010 2011 2012 2013 2014 2015 2016 2017 2018 2019 2020 2021
reclasobs
 0 0 0 0 0 0 0 0 0 252601 567819 844713 477998 351125 339783 2.1784e+06 2.13404e+06 4.81314e+06 1.55562e+06 2.62356e+06 3.21686e+06 3.843e+06 1.13348e+06 3.07943e+06 1.97215e+06 2.03268e+06 2.025e+06 2.42433e+06 2.27542e+06 1.05018e+06 2.36338e+06
reclaspred
 2.56569e+06 932418 537262 267382 28748.6 944611 297055 58041.5 407026 143032 178529 542325 364303 276088 191861 1.12383e+06 713220 4.24975e+06 2.62689e+06 928789 2.22209e+06 2.14089e+06 1.20645e+06 2.72142e+06 1.63151e+06 797010 1.45659e+06 3.06713e+06 2.35034e+06 940863 214484
pelacesobs
 0 0 0 0 0 0 0 0 0 0 0 0 0 0 0 552880 188675 0 991730 2.46772e+06 1.41603e+06 1.21717e+06 2.29649e+06 1.80582e+06 0 1.4828e+06 1.56532e+06 1.57751e+06 1.42118e+06 867257 0
pelacespred
 1.26491e+06 480836 234096 73654.8 6405.55 415540 90784.4 21726.4 170853 47385.3 78836.9 207880 139593 110636 73771.4 426410 269588 2.04923e+06 1.22654e+06 443260 989205 919552 523933 1.38593e+06 803059 385803 799830 1.63243e+06 1.05341e+06 531385 98451.6
mphobs
 0 0 0 0 0 0 0 0 0 0 0 498337 0 5186 125008 0 168611 109162 213762 579715 649985 157893 87575 83554 0 0 0 0 0 0 0
mphpred
 2.78966e+06 1.31445e+06 347071 298913 68922.7 4616.58 469788 84661.5 19518.7 199718 40784.2 110019 293405 135068 77488 70768.2 707933 391517 2.64597e+06 1.25962e+06 539591 1.16074e+06 1.2581e+06 711790 1.54894e+06 896400 386142 754997 2.22718e+06 1.24925e+06 341554
desembarqueobs
 494567 514787 250237 358949 120608 361735 552515 73892 212993 205616 52469 317467 293654 387597 252695 516296 358380 742168 942051 627588 828172 859565 418607 520667 417249 300574 407403 355545 319650 289779 219260
desembarquepred
 494522 514637 249764 358441 120444 361466 551540 73843.3 212803 205356 52450.2 317154 293264 386781 252310 515851 358218 741794 940790 626287 827524 858656 418327 520426 416914 300264 407128 355396 319473 289439 218921
Reclutas
 1424.43 872.778 210846 2416.25 1010.72 289459 1147.69 322.471 77474 1512.88 50724.2 192711 47872.6 73342.9 46260.9 433193 2803.34 1.19863e+06 115568 20344.8 476712 569792 3082.4 392209 128678 11561.8 261150 515930 6862.5 2436.7 1760.58
log_desv_Rt
 -2.90904 -3.39888 2.08832 -2.38059 -3.25214 2.40521 -3.12505 -4.39455 1.08714 -2.84879 0.663596 1.99838 0.605738 1.03234 0.571489 2.80838 -2.23199 3.82612 1.48705 -0.249982 2.90411 3.08246 -2.1371 2.70899 1.59451 -0.815102 2.30229 2.98316 -1.33674 -2.37216 -2.69716
SSB
 2.78966e+06 1.31445e+06 347071 298913 68922.7 4616.58 469788 84661.5 19518.7 199718 40784.2 110019 293405 135068 77488 70768.2 707933 391517 2.64597e+06 1.25962e+06 539591 1.16074e+06 1.2581e+06 711790 1.54894e+06 896400 386142 754997 2.22718e+06 1.24925e+06 341554
BT
 3.37388e+06 1.67446e+06 779046 427391 125107 1.27947e+06 699593 121034 583172 290456 228161 741192 576623 660996 423220 1.39039e+06 905998 5.38996e+06 3.70806e+06 1.68597e+06 3.01405e+06 2.88451e+06 1.57055e+06 3.68969e+06 2.25331e+06 1.18285e+06 2.27959e+06 4.10466e+06 2.68882e+06 1.54711e+06 470781
Ftot
 0.182047 0.503481 0.506768 1.12416 2.59863 0.477114 1.46214 1.07702 0.636002 1.19266 0.351167 0.673068 0.777414 1.42002 1.37294 0.558846 0.461997 0.215861 0.343421 0.615061 0.428616 0.433749 0.323536 0.22406 0.253716 0.355386 0.329285 0.138819 0.129258 0.288129 0.889944
BD_Bspro_t
 0.971293 0.769129 0.465129 0.451955 0.133622 0.0155937 0.478028 0.1269 0.049092 0.352595 0.140431 0.417747 0.46462 0.252995 0.159187 0.154916 0.512083 0.367729 0.730029 0.532853 0.316762 0.491993 0.53229 0.430804 0.64208 0.573054 0.4475 0.633425 0.813725 0.709838 0.486383
BD_Bspro
 14.9973 7.06651 1.86586 1.60696 0.37053 0.0248188 2.52559 0.455142 0.104933 1.07369 0.219257 0.591464 1.57735 0.726127 0.416577 0.380451 3.80586 2.1048 14.2248 6.77173 2.90085 6.24018 6.76358 3.8266 8.32715 4.81906 2.07591 4.05888 11.9734 6.71597 1.8362
BD_Bo
 1.47391 0.694486 0.183374 0.15793 0.0364151 0.00243916 0.248211 0.0447307 0.0103127 0.105521 0.0215482 0.0581282 0.15502 0.0713627 0.0409406 0.0373902 0.374035 0.206857 1.39799 0.665516 0.285092 0.613276 0.664714 0.376073 0.81838 0.47361 0.204017 0.398901 1.17672 0.660036 0.180459
BD_Brms
 8.47027 3.99108 1.05381 0.907591 0.20927 0.0140173 1.42642 0.257058 0.0592649 0.606406 0.123833 0.334051 0.890869 0.410107 0.235277 0.214874 2.1495 1.18877 8.03397 3.82459 1.63836 3.52437 3.81998 2.16121 4.70307 2.72175 1.17245 2.2924 6.7624 3.79309 1.03706
Sel_flota
 0.742862 1 1 1 1
 0.742862 1 1 1 1
 0.742862 1 1 1 1
 0.742862 1 1 1 1
 0.742862 1 1 1 1
 0.742862 1 1 1 1
 0.742862 1 1 1 1
 0.742862 1 1 1 1
 0.742862 1 1 1 1
 0.742862 1 1 1 1
 0.742862 1 1 1 1
 0.742862 1 1 1 1
 0.742862 1 1 1 1
 0.742862 1 1 1 1
 0.742862 1 1 1 1
 0.742862 1 1 1 1
 0.742862 1 1 1 1
 0.742862 1 1 1 1
 0.742862 1 1 1 1
 0.742862 1 1 1 1
 0.742862 1 1 1 1
 0.742862 1 1 1 1
 0.742862 1 1 1 1
 0.742862 1 1 1 1
 0.742862 1 1 1 1
 0.742862 1 1 1 1
 0.742862 1 1 1 1
 0.742862 1 1 1 1
 0.742862 1 1 1 1
 0.742862 1 1 1 1
 0.742862 1 1 1 1
Sel_reclas
 1 1 1 1 1
 1 1 1 1 1
 1 1 1 1 1
 1 1 1 1 1
 1 1 1 1 1
 1 1 1 1 1
 1 1 1 1 1
 1 1 1 1 1
 1 1 1 1 1
 1 1 1 1 1
 1 1 1 1 1
 1 1 1 1 1
 1 1 1 1 1
 1 1 1 1 1
 1 1 1 1 1
 1 1 1 1 1
 1 1 1 1 1
 1 1 1 1 1
 1 1 1 1 1
 1 1 1 1 1
 1 1 1 1 1
 1 1 1 1 1
 1 1 1 1 1
 1 1 1 1 1
 1 1 1 1 1
 1 1 1 1 1
 1 1 1 1 1
 1 1 1 1 1
 1 1 1 1 1
 1 1 1 1 1
 1 1 1 1 1
Sel_pelaces
 1 1 1 1 1
 1 1 1 1 1
 1 1 1 1 1
 1 1 1 1 1
 1 1 1 1 1
 1 1 1 1 1
 1 1 1 1 1
 1 1 1 1 1
 1 1 1 1 1
 1 1 1 1 1
 1 1 1 1 1
 1 1 1 1 1
 1 1 1 1 1
 1 1 1 1 1
 1 1 1 1 1
 1 1 1 1 1
 1 1 1 1 1
 1 1 1 1 1
 1 1 1 1 1
 1 1 1 1 1
 1 1 1 1 1
 1 1 1 1 1
 1 1 1 1 1
 1 1 1 1 1
 1 1 1 1 1
 1 1 1 1 1
 1 1 1 1 1
 1 1 1 1 1
 1 1 1 1 1
 1 1 1 1 1
 1 1 1 1 1
pf_obs 
 0.8446 0.082 0.0669 0.0065 0
 0.8095 0.147 0.0364 0.0071 0
 0.9664 0.0169 0.016 0.0007 0
 0.9276 0.0648 0.0075 0.0001 0
 0.7033 0.2144 0.0806 0.0017 0
 0.9318 0.0425 0.0243 0.0014 0
 0.5671 0.3108 0.0964 0.0239 0.0018
 0.0768 0.2599 0.5324 0.112 0.0189
 0.490249 0.384438 0.106611 0.0170017 0.00170017
 0.7925 0.1577 0.0466 0.003 0.0002
 0.840416 0.127587 0.0312969 0.00059994 9.999e-05
 0.8084 0.0986 0.0794 0.0134 0.0002
 0.7335 0.1905 0.0724 0.0035 0.0001
 0.4001 0.4547 0.1325 0.0127 0
 0.49795 0.308269 0.164784 0.0264974 0.00249975
 0.9179 0.0499 0.0305 0.0017 0
 0.2467 0.6533 0.0926 0.0074 0
 0.9418 0.0223 0.034 0.0019 0
 0.707729 0.231977 0.0356964 0.0245975 0
 0.517169 0.277429 0.184464 0.0207286 0.00020938
 0.811772 0.124168 0.05621 0.00726502 0.000585176
 0.764997 0.148141 0.077277 0.00933861 0.000247198
 0.163321 0.427699 0.378323 0.0303852 0.000271297
 0.753843 0.0900009 0.118128 0.0371064 0.000921714
 0.721811 0.176058 0.0630433 0.0369309 0.00215725
 0.143369 0.312575 0.442814 0.0836902 0.0175525
 0.692698 0.0596174 0.167031 0.0765114 0.00414204
 0.394062 0.376323 0.152708 0.0712218 0.00568511
 0.125707 0.32114 0.495352 0.0537591 0.00404204
 0.23352 0.215282 0.420074 0.123614 0.00750983
 0 0 0 0 0
pf_pred 
 0.00633854 0.200664 0.706684 0.0863128 3.0739e-07
 0.0128612 0.0086395 0.197602 0.695901 0.0849961
 0.932866 0.00125141 0.000576611 0.0131882 0.052118
 0.0342853 0.92031 0.000846354 0.000389974 0.044168
 0.112735 0.0484458 0.799381 0.000735142 0.038703
 0.998905 0.000239023 4.67496e-05 0.000771393 3.80573e-05
 0.0127223 0.986533 0.000162633 3.18088e-05 0.000550756
 0.0389037 0.0210174 0.939369 0.000154858 0.000554714
 0.985986 0.000858753 0.000287686 0.0128581 9.71262e-06
 0.0650294 0.926141 0.000541031 0.000181248 0.00810697
 0.945933 0.00555919 0.0480499 2.80697e-05 0.000430008
 0.91081 0.0857435 0.000354406 0.00306325 2.92031e-05
 0.455151 0.511468 0.0320904 0.00013264 0.00115738
 0.776937 0.125073 0.0919869 0.00577141 0.000232009
 0.778865 0.189515 0.0177293 0.0130393 0.000850993
 0.979371 0.0176846 0.00252347 0.000236072 0.000184954
 0.0200213 0.966149 0.0118559 0.00169175 0.000282259
 0.972792 0.000781699 0.0260532 0.000319707 5.32313e-05
 0.188313 0.795694 0.000459503 0.0153148 0.000219223
 0.10768 0.221128 0.657966 0.000379967 0.0128452
 0.922218 0.0118244 0.0163451 0.0486347 0.00097756
 0.766014 0.221039 0.00196822 0.00272072 0.00825819
 0.0126936 0.814638 0.163114 0.00145244 0.00810182
 0.856677 0.00256171 0.116144 0.0232553 0.00136216
 0.417624 0.519943 0.00111591 0.0505938 0.0107237
 0.102143 0.449783 0.400038 0.000858571 0.0471769
 0.895353 0.0145789 0.04512 0.0401298 0.00481868
 0.826864 0.159942 0.00183813 0.00568881 0.00566718
 0.0255265 0.845679 0.11898 0.00136737 0.00844763
 0.0274445 0.0337608 0.814716 0.114623 0.00945564
 0.0697277 0.0355373 0.0310594 0.749525 0.114151
pobs_RECLAS
 0 0 0 0 0
 0 0 0 0 0
 0 0 0 0 0
 0 0 0 0 0
 0 0 0 0 0
 0 0 0 0 0
 0 0 0 0 0
 0 0 0 0 0
 0 0 0 0 0
 0 0 0 0 0
 0.991045 0.00858322 0.000360255 1.14367e-05 0
 0.934742 0.0480273 0.0164251 0.00080598 0
 0.827803 0.169806 0.00239088 0 0
 0.941827 0.0461693 0.0120037 0 0
 0.791401 0.0380133 0.147996 0.0225897 0
 0.846168 0.0940531 0.0597789 0 0
 0.134021 0.677848 0.182769 0.00536245 0
 0.80878 0.0450904 0.141981 0.00414843 0
 0.846168 0.0940531 0.0597789 0 0
 0.905697 0.0802665 0.012482 0.00150086 5.37128e-05
 0.989698 0.0102097 9.19794e-05 0 0
 0.975433 0.0193895 0.00387452 0.00125025 5.28907e-05
 0.303575 0.632131 0.0575291 0.00676475 0
 0.966965 0.00978017 0.0227588 0.000495775 0
 0.843318 0.132988 0.00938335 0.0141283 0.000182051
 0.564624 0.303363 0.111486 0.0197234 0.00080311
 0.826376 0.0876187 0.0782897 0.00655872 0.00115652
 0.89761 0.0855135 0.0140674 0.00269457 0.000114338
 0.34875 0.467042 0.161289 0.0227151 0.000203297
 0.318654 0.224769 0.449479 0.00709798 0
 0.937255 0.0296025 0.0250945 0.00804832 0
ppred_RECLAS
 0.00855133 0.200218 0.70511 0.0861206 3.06705e-07
 0.0174924 0.00859897 0.196675 0.692636 0.0845973
 0.949977 0.000932453 0.000429646 0.00982686 0.0388343
 0.0476032 0.907619 0.000834682 0.000384596 0.0435589
 0.166582 0.0455057 0.750868 0.000690528 0.0363542
 0.999197 0.000175141 3.42553e-05 0.00056523 2.78861e-05
 0.0181887 0.98107 0.000161732 3.16327e-05 0.000547707
 0.0537795 0.0206921 0.92483 0.000152461 0.000546129
 0.98976 0.000627462 0.000210202 0.00939497 7.09669e-06
 0.0895114 0.901891 0.000526865 0.000176502 0.00789469
 0.959641 0.0041497 0.0358672 2.09528e-05 0.000320983
 0.933565 0.0638679 0.000263987 0.00228173 2.17525e-05
 0.535957 0.435613 0.0273311 0.000112968 0.000985731
 0.833151 0.0935534 0.0688052 0.00431696 0.00017354
 0.834276 0.142027 0.0132868 0.00977194 0.000637755
 0.984852 0.0129857 0.00185297 0.000173346 0.000135811
 0.0271187 0.959152 0.01177 0.0016795 0.000280215
 0.979753 0.000581717 0.019388 0.000237917 3.96132e-05
 0.239675 0.745344 0.000430426 0.0143457 0.000205351
 0.142104 0.212598 0.632583 0.000365309 0.0123497
 0.941715 0.0088605 0.0122481 0.036444 0.000732527
 0.816918 0.172951 0.00154003 0.00212882 0.00646162
 0.0171579 0.810955 0.162376 0.00144587 0.00806518
 0.890007 0.00196598 0.0891344 0.0178473 0.00104539
 0.492798 0.452828 0.00097187 0.0440631 0.00933947
 0.133925 0.433862 0.385878 0.000828179 0.045507
 0.920759 0.0110394 0.0341657 0.030387 0.00364879
 0.865771 0.124 0.00142507 0.00441042 0.00439365
 0.0341609 0.838186 0.117925 0.00135525 0.00837278
 0.036863 0.0334338 0.806826 0.113513 0.00936407
 0.0943675 0.0345961 0.0302367 0.729672 0.111127
pobs_PELACES
 0 0 0 0 0
 0 0 0 0 0
 0 0 0 0 0
 0 0 0 0 0
 0 0 0 0 0
 0 0 0 0 0
 0 0 0 0 0
 0 0 0 0 0
 0 0 0 0 0
 0 0 0 0 0
 0 0 0 0 0
 0 0 0 0 0
 0 0 0 0 0
 0 0 0 0 0
 0 0 0 0 0
 0 0 0 0 0
 0.505614 0.472636 0.0217494 0 0
 0 0 0 0 0
 0.443492 0.261883 0.143347 0.151278 0
 0.227955 0.32914 0.350689 0.0885471 0.00366901
 0.970185 0.0296113 0.000203453 0 0
 0.997202 0.00247181 0.000326279 0 0
 0.445219 0.490057 0.0546422 0.010081 0
 0.90214 0.0892962 0.00764917 0.000914606 0
 0 0 0 0 0
 0.581667 0.319106 0.0959925 0.00289975 0.000334073
 0.762889 0.0836404 0.116647 0.0363945 0.000428098
 0.88444 0.0763242 0.0277011 0.0115352 0
 0.521256 0.241999 0.230069 0.00667565 0
 0.616807 0.101726 0.260614 0.0208532 0
 0 0 0 0 0
ppred_PELACES
 0.00868329 0.200191 0.705016 0.0861091 3.06664e-07
 0.018242 0.00859241 0.196525 0.692107 0.0845328
 0.951981 0.00089509 0.00041243 0.0094331 0.0372783
 0.0521194 0.903315 0.000830724 0.000382772 0.0433523
 0.199481 0.0437094 0.721227 0.000663269 0.0349191
 0.999229 0.000168198 3.28972e-05 0.000542821 2.67806e-05
 0.020542 0.978719 0.000161345 3.15569e-05 0.000546394
 0.0586243 0.0205861 0.920095 0.00015168 0.000543332
 0.990293 0.000594817 0.000199266 0.00890617 6.72746e-06
 0.0981093 0.893374 0.000521889 0.000174835 0.00782014
 0.96078 0.00403265 0.0348555 2.03618e-05 0.000311928
 0.93702 0.0605457 0.000250255 0.00216304 2.0621e-05
 0.552319 0.420253 0.0263674 0.000108985 0.000950975
 0.849236 0.0845344 0.0621721 0.00390078 0.00015681
 0.849763 0.128755 0.0120451 0.00885876 0.000578157
 0.985544 0.012393 0.00176839 0.000165434 0.000129612
 0.0281724 0.958113 0.0117573 0.00167768 0.000279911
 0.980113 0.000571369 0.0190431 0.000233684 3.89085e-05
 0.245025 0.740099 0.000427397 0.0142447 0.000203906
 0.148586 0.210991 0.627803 0.000362548 0.0122563
 0.943679 0.00856185 0.0118352 0.0352157 0.000707837
 0.822359 0.167812 0.00149427 0.00206556 0.00626959
 0.0176271 0.810567 0.162299 0.00144518 0.00806133
 0.891854 0.00193296 0.0876373 0.0175475 0.00102783
 0.498179 0.448023 0.000961558 0.0435955 0.00924037
 0.137462 0.43209 0.384302 0.000824798 0.0453211
 0.922774 0.0107587 0.033297 0.0296144 0.00355602
 0.867134 0.122741 0.00141059 0.00436563 0.00434904
 0.0345246 0.83787 0.117881 0.00135474 0.00836962
 0.0377409 0.0334034 0.80609 0.11341 0.00935553
 0.101022 0.0343419 0.0300145 0.724311 0.110311
pobs_pel_tallas
 0 0 0 0 0 0 0 0 0 0 0 0 0 0 0 0 0 0 0 0 0 0 0 0 0 0
 0 0 0 0 0 0 0 0 0 0 0 0 0 0 0 0 0 0 0 0 0 0 0 0 0 0
 0 0 0 0 0 0 0 0 0 0 0 0 0 0 0 0 0 0 0 0 0 0 0 0 0 0
 0 0 0 0 0 0 0 0 0 0 0 0 0 0 0 0 0 0 0 0 0 0 0 0 0 0
 0 0 0 0 0 0 0 0 0 0 0 0 0 0 0 0 0 0 0 0 0 0 0 0 0 0
 0 0 0 0 0 0 0 0 0 0 0 0 0 0 0 0 0 0 0 0 0 0 0 0 0 0
 0 0 0 0 0 0 0 0 0 0 0 0 0 0 0 0 0 0 0 0 0 0 0 0 0 0
 0 0 0 0 0 0 0 0 0 0 0 0 0 0 0 0 0 0 0 0 0 0 0 0 0 0
 0 0 0 0 0 0 0 0 0 0 0 0 0 0 0 0 0 0 0 0 0 0 0 0 0 0
 0 0 0 0 0 0 0 0 0 0 0 0 0 0 0 0 0 0 0 0 0 0 0 0 0 0
 0 0 0 0 0 0 0 0 0 0 0 0 0 0 0 0 0 0 0 0 0 0 0 0 0 0
 0 0 0 0 0 0 0 0 0 0 0 0 0 0 0 0 0 0 0 0 0 0 0 0 0 0
 0.00862536 0 0 0.000197151 0.00414017 0.0128641 0.00837892 0.0270097 0.101434 0.158115 0.152841 0.127902 0.109271 0.109419 0.0830992 0.0579132 0.0238553 0.00714673 0.00463305 0.00128148 0.00103504 0.000492878 0.000147863 0.000147863 4.92878e-05 0
 0 0 0 0 0 0 0 0 0 0 0 0 0 0 0 0 0 0 0 0 0 0 0 0 0 0
 0 0 0 0 0 0 0 0.0054083 0.00873648 0.0413646 0.0450493 0.0745869 0.0622846 0.0627006 0.0613931 0.0827291 0.12552 0.122667 0.0946155 0.0697135 0.0546179 0.0294188 0.0215738 0.0213955 0.0102223 0.00600262
 0 0 0 0 0.00359764 0.0251062 0.0480494 0.140153 0.205849 0.193036 0.1447 0.116669 0.0760912 0.0342217 0.00950174 0.001854 0.000860785 0 0 0 0.000165536 0 0.000143464 0 0 0
 0 0 0 0 0 0 0 0.000145254 0.000435761 0.0275982 0.070085 0.0708112 0.156366 0.174668 0.174014 0.160142 0.0824315 0.0480064 0.0283245 0.00493863 0.00203355 0 0 0 0 0
 0 0 0 0 0 0 0 0 0 0 0 0 0 0 0 0 0 0 0 0 0 0 0 0 0 0
 0 0 1.00437e-05 0.000401748 0.00122533 0.00171747 0.00176769 0.0269171 0.070346 0.194647 0.189555 0.159765 0.064822 0.0314167 0.0384472 0.0292271 0.0345202 0.0313363 0.0194345 0.0106764 0.0143323 0.0359363 0.0279516 0.0138201 0.00172751 0
 0 0.0021121 0.0136068 0.0755702 0.200478 0.177729 0.0527432 0.0373336 0.0318909 0.0142505 0.0149659 0.0166563 0.0217959 0.0798694 0.0677717 0.0528807 0.04013 0.0224614 0.0357745 0.0225083 0.00881397 0.00855152 0.00135912 0.000746735 0 0
 0 0 0 0 5.4009e-05 0.00500934 0.000945158 0.0243581 0.138947 0.33067 0.221406 0.137944 0.0707744 0.0437923 0.0131692 0.00525238 0.0047753 0.00276346 9.45158e-05 9.00151e-06 2.25038e-05 9.00151e-06 4.50075e-06 0 0 0
 0.000866109 0.00284123 0.00948549 0.0512746 0.133035 0.25785 0.225252 0.132002 0.0553304 0.0519788 0.0540692 0.017754 0.00435017 0.00159236 0.00146478 0.000404838 0.000125132 0.000115318 0.000107957 0.000100596 0 0 0 0 0 0
 0 0 0 0 0.00144013 0.00171154 0.00461396 0.0210425 0.0478622 0.0707936 0.0888783 0.103762 0.0637923 0.0337046 0.0602308 0.124433 0.169614 0.0934646 0.0462172 0.0250306 0.0313229 0.00938855 0.002487 0.000210481 0 0
 0 0.00764035 0.051015 0.0998891 0.058973 0.0496711 0.0374665 0.0718981 0.12319 0.153886 0.159021 0.0857701 0.0377988 0.023471 0.0147837 0.00900784 0.00315554 0.000888139 0.00291439 0.00214683 0.00393193 0.00274676 0.000635225 9.99891e-05 0 0
 0 0 0 0 0 0 0 0 0 0 0 0 0 0 0 0 0 0 0 0 0 0 0 0 0 0
 0 0 0 0 0 0 0 0 0 0 0 0 0 0 0 0 0 0 0 0 0 0 0 0 0 0
 0 0 0 0 0 0 0 0 0 0 0 0 0 0 0 0 0 0 0 0 0 0 0 0 0 0
 0 0 0 0 0 0 0 0 0 0 0 0 0 0 0 0 0 0 0 0 0 0 0 0 0 0
 0 0 0 0 0 0 0 0 0 0 0 0 0 0 0 0 0 0 0 0 0 0 0 0 0 0
 0 0 0 0 0 0 0 0 0 0 0 0 0 0 0 0 0 0 0 0 0 0 0 0 0 0
 0 0 0 0 0 0 0 0 0 0 0 0 0 0 0 0 0 0 0 0 0 0 0 0 0 0
ppred_pel_tallas
 1.29032e-16 7.15276e-07 6.95276e-06 4.62045e-05 0.000210051 0.000653656 0.00139343 0.002038 0.00205837 0.00149345 0.000992608 0.00120276 0.00258971 0.00573039 0.0113713 0.0201034 0.032 0.046576 0.0631203 0.0809894 0.0993598 0.116524 0.12954 0.13498 0.13055 0.116469
 1.89388e-16 1.50257e-06 1.46056e-05 9.70591e-05 0.000441217 0.0013728 0.00292494 0.00426932 0.00427071 0.00293203 0.00139837 0.000523139 0.000334096 0.00063996 0.00151966 0.00341833 0.00717496 0.0140658 0.0257277 0.0437939 0.0691774 0.101171 0.136788 0.170854 0.197097 0.209994
 1.07267e-16 7.84134e-05 0.000762206 0.00506513 0.0230253 0.0716404 0.152637 0.222779 0.222779 0.152638 0.071642 0.0230303 0.0050784 0.0007939 0.00014742 0.000145275 0.000269445 0.000501488 0.000908833 0.0015921 0.00266166 0.00419286 0.00616586 0.00841682 0.0106335 0.0124156
 1.0763e-16 4.2932e-06 4.17315e-05 0.000277325 0.00126073 0.00392307 0.00836172 0.0122224 0.0123093 0.00878608 0.00534735 0.00537199 0.0105876 0.0225176 0.042598 0.0701771 0.100538 0.125281 0.135878 0.12847 0.106289 0.0776832 0.0513572 0.0324403 0.0216044 0.016674
 1.26801e-16 1.6431e-05 0.000159715 0.00106136 0.00482481 0.0150118 0.0319844 0.0466833 0.0466886 0.032011 0.0151041 0.00510546 0.00181901 0.00198929 0.00400452 0.00792971 0.0145223 0.024701 0.0391671 0.0578626 0.0793315 0.10041 0.116757 0.124299 0.120955 0.107601
 1.00061e-16 8.23052e-05 0.000800036 0.00531652 0.0241681 0.075196 0.160213 0.233836 0.233836 0.160213 0.0751963 0.0241689 0.0053185 0.000804412 9.07644e-05 2.01922e-05 2.21169e-05 2.99964e-05 3.83534e-05 4.74117e-05 5.86239e-05 7.34508e-05 9.191e-05 0.000111715 0.000128692 0.000138324
 1.00351e-16 1.69222e-06 1.64491e-05 0.000109314 0.000496985 0.00154681 0.00329912 0.00483489 0.004929 0.00375884 0.00308975 0.00495059 0.0112774 0.0243598 0.046126 0.0759693 0.108771 0.135381 0.146482 0.137785 0.112677 0.0801209 0.0495572 0.026692 0.0125583 0.00521078
 1.26665e-16 4.82882e-06 4.69378e-05 0.000311918 0.00141794 0.00441175 0.00939981 0.01372 0.0137234 0.00941708 0.00447382 0.00161518 0.000874635 0.00149842 0.00341282 0.00732624 0.0144741 0.0263227 0.0440274 0.0675671 0.0948518 0.121443 0.141464 0.149657 0.143615 0.124923
 1.00901e-16 8.15691e-05 0.000792881 0.00526897 0.023952 0.0745235 0.15878 0.231744 0.231744 0.158781 0.0745245 0.023955 0.00527666 0.000810411 0.000117226 7.14025e-05 0.00011213 0.000180785 0.000283654 0.000436751 0.000656277 0.000947293 0.00129147 0.00164199 0.00193177 0.00209422
 1.01585e-16 8.08132e-06 7.85534e-05 0.000522019 0.00237308 0.00738398 0.0157355 0.0229845 0.0230704 0.0161552 0.00879242 0.00643849 0.0107168 0.0223008 0.042115 0.0693573 0.0993148 0.12364 0.133838 0.126013 0.103274 0.0738145 0.046247 0.0257551 0.0132326 0.00683848
 1.01062e-16 7.91381e-05 0.000769251 0.00511194 0.0232381 0.0723025 0.154048 0.224838 0.224838 0.15405 0.07231 0.0232604 0.00517039 0.000905195 0.000361688 0.000535973 0.000911069 0.00144934 0.00215933 0.00302643 0.00398346 0.00489259 0.00556259 0.00581218 0.00555169 0.00483198
 1.00244e-16 7.71811e-05 0.000750228 0.00498553 0.0226635 0.0705146 0.150239 0.219279 0.219285 0.150267 0.0706101 0.0229391 0.0056767 0.00225702 0.00293288 0.00471095 0.00674265 0.00840369 0.00911724 0.00862237 0.00713158 0.00519823 0.00339919 0.00207417 0.00127027 0.000851727
 1.01041e-16 4.54939e-05 0.000442217 0.00293869 0.0133589 0.0415646 0.0885594 0.129263 0.129304 0.088757 0.042228 0.0152742 0.00774359 0.010922 0.019921 0.0327885 0.0470563 0.0588085 0.0640808 0.0610356 0.0510675 0.0378942 0.025395 0.0158639 0.00966993 0.00601728
 1.02234e-16 6.99505e-05 0.000679943 0.00451846 0.0205403 0.0639085 0.136164 0.198737 0.198745 0.136204 0.0640438 0.0209321 0.00550559 0.00284712 0.00422164 0.00696158 0.0102373 0.0133204 0.0155004 0.0164196 0.0162314 0.0153976 0.0143132 0.0130861 0.0116117 0.00980238
 1.01367e-16 6.99939e-05 0.000680365 0.00452127 0.020553 0.0639482 0.136249 0.198862 0.198874 0.136309 0.0641516 0.0211405 0.00599562 0.00389772 0.00617701 0.0100927 0.0145132 0.0182132 0.0199975 0.0193225 0.0166214 0.0130143 0.009641 0.0071316 0.00552032 0.00450274
 1.00093e-16 8.11779e-05 0.000789078 0.0052437 0.0238371 0.0741661 0.158019 0.230633 0.230634 0.158025 0.0741857 0.0238937 0.00538577 0.0010992 0.000670095 0.000979154 0.00140216 0.00176194 0.00193869 0.00187863 0.00162105 0.00127082 0.000935366 0.000675338 0.000497129 0.000376936
 1.008e-16 2.32072e-06 2.25583e-05 0.000149913 0.000681537 0.00212101 0.00452244 0.00661995 0.00671209 0.00497258 0.00363185 0.00504272 0.0110871 0.0238656 0.0451874 0.0744451 0.106641 0.132842 0.143944 0.135754 0.111561 0.0800828 0.050478 0.0282571 0.0143904 0.00698406
 1.0058e-16 8.07306e-05 0.00078473 0.00521481 0.0237058 0.0737574 0.157148 0.229362 0.229362 0.157148 0.0737589 0.0237105 0.00522814 0.000818456 0.00015831 0.000169084 0.000317193 0.000567522 0.000938199 0.00142845 0.00199598 0.00255028 0.0029706 0.00314754 0.00302955 0.00264719
 1.01665e-16 2.01826e-05 0.000196182 0.0013037 0.00592647 0.0184398 0.0392907 0.0573608 0.057432 0.0396383 0.0196067 0.00929468 0.00975034 0.0186087 0.034911 0.0574794 0.0823237 0.10253 0.111075 0.104748 0.086131 0.0620014 0.0394589 0.022739 0.0125165 0.00721763
 1.20282e-16 1.22389e-05 0.000118967 0.000790576 0.00359386 0.0111819 0.0238251 0.0347778 0.0347991 0.0239294 0.0115348 0.00462482 0.00342251 0.00600993 0.0116249 0.0203022 0.031802 0.0452896 0.0596978 0.0741767 0.0880115 0.0999989 0.108029 0.109623 0.10327 0.0895533
 1.03996e-16 7.77296e-05 0.00075556 0.00502096 0.0228246 0.0710157 0.151306 0.220836 0.220837 0.151311 0.0710298 0.0228658 0.00512619 0.000990722 0.000540969 0.000816779 0.00128112 0.00186044 0.00255263 0.00339691 0.00445458 0.00574818 0.00719222 0.0085711 0.00959269 0.00999492
 1.01355e-16 6.77366e-05 0.000658424 0.00437546 0.0198902 0.061886 0.131855 0.19245 0.192466 0.131934 0.0621506 0.0206542 0.0062914 0.00483548 0.00798478 0.0130518 0.0186992 0.023316 0.0253168 0.0239847 0.0199157 0.0146507 0.00979309 0.00628234 0.00423628 0.00325415
 1.064e-16 1.45209e-06 1.41149e-05 9.38023e-05 0.00042646 0.00132729 0.00283083 0.00414806 0.00422626 0.00321291 0.00261041 0.00413332 0.00940145 0.0203423 0.0386357 0.0639393 0.0922616 0.116328 0.128674 0.12578 0.110093 0.0882325 0.0669431 0.0499715 0.0376864 0.0286865
 1.04464e-16 7.34609e-05 0.000714066 0.00474522 0.0215711 0.0671156 0.142997 0.208708 0.208709 0.142999 0.0671216 0.0215902 0.00480018 0.000856772 0.000411197 0.000737978 0.00146373 0.00269419 0.00456955 0.007127 0.0101986 0.0133641 0.0160191 0.0175625 0.0176267 0.0162248
 1.06079e-16 4.10345e-05 0.00039887 0.00265063 0.0120494 0.0374904 0.0798789 0.116595 0.116638 0.0800895 0.0381971 0.0140896 0.00776786 0.0115572 0.0211966 0.0348854 0.0500428 0.0625171 0.0681373 0.0650534 0.0549074 0.0418176 0.0299873 0.0217556 0.0172065 0.0150501
 1.18953e-16 1.13227e-05 0.00011006 0.000731392 0.00332483 0.010345 0.0220427 0.0321807 0.0322229 0.0222488 0.0110387 0.00533502 0.00580135 0.0112574 0.0214151 0.0359918 0.0532561 0.0699028 0.0824581 0.0891616 0.090719 0.0892373 0.086344 0.0821693 0.0758603 0.0668343
 1.04536e-16 7.60077e-05 0.000738822 0.00490973 0.0223189 0.0694424 0.147955 0.215944 0.215945 0.14796 0.0694607 0.0223725 0.00504731 0.00104943 0.000696562 0.00111298 0.00179141 0.00267352 0.00376224 0.00508336 0.00665324 0.00841146 0.0101662 0.0116114 0.0124246 0.0123934
 1.01246e-16 7.14247e-05 0.000694274 0.00461369 0.0209732 0.0652554 0.139034 0.202927 0.202938 0.139092 0.065449 0.0215321 0.00601541 0.00375055 0.00586511 0.00955543 0.0136943 0.0170901 0.0185873 0.017667 0.0147684 0.0110168 0.00757545 0.00511474 0.0037 0.00301968
 1.05169e-16 2.84392e-06 2.7644e-05 0.000183708 0.000835161 0.00259893 0.00554027 0.00810312 0.00818386 0.00593482 0.00392366 0.00466126 0.00978709 0.0209896 0.0398061 0.0657824 0.0947081 0.118973 0.130786 0.126508 0.108782 0.0847042 0.0615749 0.0435594 0.031171 0.0228734
 1.36228e-16 3.10868e-06 3.02175e-05 0.000200806 0.000912838 0.0028402 0.00605151 0.00883327 0.00883777 0.00607409 0.00291972 0.00115888 0.000880181 0.00171779 0.00380764 0.00785491 0.0149649 0.0264383 0.0433669 0.0659247 0.0925417 0.119493 0.141492 0.153366 0.152113 0.138176
 1.92181e-16 8.32106e-06 8.08836e-05 0.0005375 0.0024434 0.00760235 0.0161977 0.0236418 0.0236455 0.0162156 0.00766352 0.00262507 0.00101344 0.00119022 0.0023371 0.00448049 0.00806946 0.0139031 0.0232315 0.0376895 0.0587875 0.0869411 0.120428 0.154941 0.184264 0.202062
pSPR Fmed_Fpbrs
0.431852   0.22401 0.22401
Fs Fmed_Fpbrs
0.504116   1.005 1.005
SSBpbr Bo_Bmed_Bpbrs
1.89269e+06  722728  329347 329347
Ro
26122.8
SPR SPRFo_SPRFmed_SPRFpbrs
186011 80329.2 41668.3
Fref
1.005
log_Ro
9.99056
likeval ReclasPelacesDesembMPH_pf_preclas_ppelaces_ptallas_desvR_qrecl_qpela
 70.3905 45.7953 0.198855 0.00197321 425.707 188.134 128.942 0 253.738 0 0 0.0291145 0 0 0
q_reclas_q_pelaces
1 1
M
1
N
 1424.43 34140.8 120234 14685.2 0.0522989
 872.778 457.734 10469.3 36869.9 4503.23
 210846 220.89 101.779 2327.9 9199.52
 2416.25 53232.6 48.9548 22.5569 2554.76
 1010.72 385.629 6363.09 5.85175 308.077
 289459 53.9467 10.5512 174.101 8.58942
 1147.69 74707.6 12.3158 2.4088 41.7074
 322.471 142.5 6369.03 1.04995 3.76103
 77474 53.2998 17.8557 798.056 0.602829
 1512.88 17769.4 10.3805 3.47752 155.545
 50724.2 229.473 1983.41 1.15866 17.7499
 192711 14375.6 59.4192 513.58 4.89614
 47872.6 42999.8 2697.88 11.1512 97.3025
 73342.9 9885.14 7270.18 456.143 18.3368
 46260.9 9395.86 878.989 646.465 42.1909
 433193 6137.34 875.755 81.9274 64.1872
 2803.34 105218 1291.17 184.24 30.7394
 1.19863e+06 731.698 24386.8 299.257 49.8264
 115568 375619 216.915 7229.57 103.488
 20344.8 32941.9 98018.4 56.6043 1913.57
 476712 4739.44 6551.43 19493.7 391.825
 569792 127550 1135.76 1569.99 4765.38
 3082.4 151875 30409.7 270.781 1510.44
 392209 891.691 40427.9 8094.82 474.147
 128678 122162 262.187 11887.2 2519.57
 11561.8 39206.4 34870.2 74.8393 4112.29
 261150 3266.45 10109.3 8991.21 1079.64
 515930 75224.8 864.518 2675.59 2665.42
 6862.5 171203 24086.7 276.816 1710.17
 2436.7 2293.43 55345.2 7786.59 642.339
 1760.58 723.688 632.498 15263.4 2324.58
pred_Ctot
 115.158 3645.66 12839 1568.13 0.00558464
 177.448 119.201 2726.36 9601.49 1172.71
 43107 57.8266 26.6448 609.418 2408.33
 924.07 24804.5 22.8112 10.5107 1190.43
 630.279 270.85 4469.17 4.11003 216.38
 56196.5 13.447 2.63004 43.3971 2.14103
 523.354 40582.8 6.69019 1.30851 22.6563
 119.638 64.6334 2888.78 0.476224 1.70588
 19157.1 16.685 5.58955 249.825 0.18871
 602.909 8586.56 5.01608 1.68041 75.1623
 7520.36 44.1967 382.007 0.22316 3.41865
 49903.5 4697.91 19.418 167.836 1.60004
 13906.8 15627.6 980.501 4.05273 35.3631
 32827.4 5284.63 3886.66 243.856 9.80291
 20259.4 4929.58 461.165 339.171 22.1356
 96214.3 1737.35 247.908 23.1919 18.17
 529.325 25543.1 313.447 44.7267 7.46238
 113735 91.3935 3046.05 37.379 6.22362
 16794.6 70963.7 40.9806 1365.84 19.5513
 4894.05 10050.2 29904.4 17.2694 583.811
 84324.7 1081.18 1494.54 4447 89.385
 101844 29387.7 261.681 361.727 1097.95
 424.495 27242.9 5454.82 48.572 270.939
 38534.3 115.229 5224.28 1046.05 61.2715
 14189 17665.4 37.9139 1718.96 364.345
 1732.58 7629.34 6785.55 14.5633 800.228
 36541.3 594.996 1841.45 1637.79 196.661
 32226.2 6233.6 71.6394 221.716 220.873
 400.29 13261.4 1865.76 21.4422 132.47
 302.011 371.518 8965.49 1261.37 104.054
 567.613 289.289 252.836 6101.45 929.235
F
 0.135236 0.182047 0.182047 0.182047 0.182047
 0.374017 0.503481 0.503481 0.503481 0.503481
 0.376459 0.506768 0.506768 0.506768 0.506768
 0.835093 1.12416 1.12416 1.12416 1.12416
 1.93043 2.59863 2.59863 2.59863 2.59863
 0.35443 0.477114 0.477114 0.477114 0.477114
 1.08616 1.46214 1.46214 1.46214 1.46214
 0.800079 1.07702 1.07702 1.07702 1.07702
 0.472462 0.636002 0.636002 0.636002 0.636002
 0.885985 1.19266 1.19266 1.19266 1.19266
 0.260868 0.351167 0.351167 0.351167 0.351167
 0.499997 0.673068 0.673068 0.673068 0.673068
 0.577511 0.777414 0.777414 0.777414 0.777414
 1.05488 1.42002 1.42002 1.42002 1.42002
 1.0199 1.37294 1.37294 1.37294 1.37294
 0.415145 0.558846 0.558846 0.558846 0.558846
 0.3432 0.461997 0.461997 0.461997 0.461997
 0.160355 0.215861 0.215861 0.215861 0.215861
 0.255115 0.343421 0.343421 0.343421 0.343421
 0.456906 0.615061 0.615061 0.615061 0.615061
 0.318402 0.428616 0.428616 0.428616 0.428616
 0.322216 0.433749 0.433749 0.433749 0.433749
 0.240342 0.323536 0.323536 0.323536 0.323536
 0.166446 0.22406 0.22406 0.22406 0.22406
 0.188476 0.253716 0.253716 0.253716 0.253716
 0.264003 0.355386 0.355386 0.355386 0.355386
 0.244614 0.329285 0.329285 0.329285 0.329285
 0.103124 0.138819 0.138819 0.138819 0.138819
 0.096021 0.129258 0.129258 0.129258 0.129258
 0.21404 0.288129 0.288129 0.288129 0.288129
 0.661105 0.889944 0.889944 0.889944 0.889944
nmprior
 8 9 7.5 0
nm_flota  nm_reclas  nm_pelaces    nm_pelaL
inf 4.21571 3.00317 3.74194
cv_recla  cv_pelaces  cv_mph
0.758896 0.796297 1.37086
 ------------------------------------------------
Talla a la edad & desviación 
 8 13.2811 15.8009 17.003 17.5766
 0.8 1.32811 1.58009 1.7003 1.75766
