years
 1991 1992 1993 1994 1995 1996 1997 1998 1999 2000 2001 2002 2003 2004 2005 2006 2007 2008 2009 2010 2011 2012 2013 2014 2015 2016 2017 2018 2019 2020 2021
reclasobs
 0 0 0 0 0 0 0 0 0 252601 567819 844713 477998 351125 339783 2.1784e+06 2.13404e+06 4.81314e+06 1.55562e+06 2.62356e+06 3.21686e+06 3.843e+06 1.13348e+06 3.07943e+06 1.97215e+06 2.03268e+06 2.025e+06 2.42433e+06 2.27542e+06 1.05018e+06 2.36338e+06
reclaspred
 4.255e+06 1.5365e+06 885765 489372 102163 1.81793e+06 630625 198852 543794 195689 329640 651617 580980 423188 325667 1.91674e+06 1.26053e+06 4.38798e+06 3.54937e+06 2.0668e+06 3.9988e+06 3.56434e+06 2.1017e+06 3.81448e+06 2.53767e+06 1.73022e+06 2.69223e+06 3.81384e+06 2.76535e+06 1.09937e+06 738173
pelacesobs
 0 0 0 0 0 0 0 0 0 0 0 0 0 0 0 552880 188675 0 991730 2.46772e+06 1.41603e+06 1.21717e+06 2.29649e+06 1.80582e+06 0 1.4828e+06 1.56532e+06 1.57751e+06 1.42118e+06 867257 0
pelacespred
 1.04624e+06 385348 186782 68636.6 14171.9 407874 100010 43454.6 110318 30318.7 71471.2 115477 112353 79519.9 60704.9 364248 237591 1.02832e+06 813582 435359 864038 773804 459994 966679 603008 407052 743252 1.02998e+06 620007 284445 163918
mphobs
 0 0 0 0 0 0 0 0 0 0 0 498337 0 5186 125008 0 168611 109162 213762 579715 649985 157893 87575 83554 0 0 0 0 0 0 0
mphpred
 822309 386358 101238 85876.4 26336.7 5210.58 164697 37381 14282.6 39606.8 9231.08 35223.4 52516.3 35378.5 18625.5 19946.8 210556 122057 440323 302334 242997 357156 368215 218063 372753 261475 161750 245380 473257 253178 72891.3
desembarqueobs
 494567 514787 250237 358949 120608 361735 552515 73892 212993 205616 52469 317467 293654 387597 252695 516296 358380 742168 942051 627588 828172 859565 418607 520667 417249 300574 407403 355545 319650 289779 219260
desembarquepred
 494524 514662 249707 358714 120526 361550 551810 73865.8 212835 205405 52457.9 317204 293365 386976 252409 515919 358239 741704 940803 626692 827719 858819 418368 520468 416999 300364 407191 355389 319481 289546 219179
Reclutas
 18902.5 12285 183625 23111.2 8198.14 282512 13297.6 3443.48 54496.4 18183.6 50488.5 125743 81363.2 68212.1 46381.9 391305 17517.8 637494 317838 175943 372168 510189 25142.1 273024 171393 49754.3 228492 304375 24310.8 12197.5 65295.6
log_desv_Rt
 -1.27902 -1.70993 0.99458 -1.078 -2.11441 1.42541 -1.63073 -2.98183 -0.220181 -1.31779 -0.296569 0.615923 0.180608 0.00430738 -0.381406 1.75117 -1.3551 2.23923 1.54323 0.951848 1.70103 2.01647 -0.993771 1.39124 0.925645 -0.311217 1.21319 1.49995 -1.02739 -1.71708 -0.0393894
SSB
 2.3232e+06 1.09154e+06 286018 242619 74406.7 14721 465303 105609 40351.2 111897 26079.8 99513.6 148370 99951.6 52620.8 56353.8 594866 344837 1.244e+06 854157 686518 1.00904e+06 1.04028e+06 616075 1.05311e+06 738721 456979 693252 1.33705e+06 715282 205933
BT
 2.86736e+06 1.44486e+06 663398 418922 137402 1.26174e+06 716972 170250 447080 254963 209233 527601 522286 585202 390291 1.24718e+06 830470 3.04526e+06 2.76649e+06 1.57884e+06 2.68949e+06 2.56029e+06 1.42349e+06 2.7255e+06 1.7827e+06 1.21376e+06 2.14326e+06 2.72881e+06 1.69706e+06 966475 587432
Ftot
 0.216246 0.597121 0.602973 1.26047 1.83391 0.493179 1.42047 0.684313 0.905546 1.75998 0.383585 1.05291 1.03631 1.78456 1.60648 0.651246 0.529953 0.403127 0.545186 0.608647 0.454707 0.517451 0.375063 0.31075 0.33474 0.342304 0.346726 0.21585 0.218923 0.483226 0.63601
BD_Bspro_t
 0.966087 0.734268 0.412195 0.394781 0.141272 0.044193 0.468993 0.150165 0.0918766 0.234445 0.0929785 0.367882 0.311396 0.201412 0.112853 0.124804 0.466779 0.333353 0.571764 0.445146 0.354499 0.443298 0.475004 0.388685 0.550992 0.524696 0.473437 0.602838 0.723189 0.584477 0.378862
BD_Bspro
 4.80369 2.25699 0.591402 0.501665 0.153851 0.0304387 0.96211 0.218369 0.0834346 0.231371 0.0539253 0.205765 0.306785 0.206671 0.108804 0.116523 1.23001 0.713022 2.57224 1.76615 1.41952 2.0864 2.151 1.27386 2.17751 1.52746 0.944898 1.43344 2.76463 1.47899 0.42581
BD_Bo
 1.42773 0.67081 0.175773 0.149102 0.0457268 0.00904683 0.285953 0.0649024 0.024798 0.0687669 0.0160274 0.0611564 0.0911809 0.0614255 0.0323383 0.0346324 0.365576 0.211921 0.764506 0.524925 0.421901 0.620109 0.63931 0.37861 0.647189 0.453983 0.280837 0.42604 0.821688 0.439579 0.126557
BD_Brms
 7.969 3.74419 0.981095 0.832228 0.255229 0.0504957 1.59607 0.362259 0.138412 0.383829 0.0894584 0.34135 0.508935 0.342852 0.180499 0.193304 2.0405 1.18286 4.26716 2.92992 2.35488 3.4612 3.56837 2.11325 3.61235 2.53395 1.56752 2.37798 4.58633 2.45355 0.706389
Sel_flota
 0.727409 0.980658 0.998963 0.999945 0.999997
 0.727409 0.980658 0.998963 0.999945 0.999997
 0.727409 0.980658 0.998963 0.999945 0.999997
 0.727409 0.980658 0.998963 0.999945 0.999997
 0.727409 0.980658 0.998963 0.999945 0.999997
 0.727409 0.980658 0.998963 0.999945 0.999997
 0.727409 0.980658 0.998963 0.999945 0.999997
 0.727409 0.980658 0.998963 0.999945 0.999997
 0.727409 0.980658 0.998963 0.999945 0.999997
 0.727409 0.980658 0.998963 0.999945 0.999997
 0.727409 0.980658 0.998963 0.999945 0.999997
 0.727409 0.980658 0.998963 0.999945 0.999997
 0.727409 0.980658 0.998963 0.999945 0.999997
 0.727409 0.980658 0.998963 0.999945 0.999997
 0.727409 0.980658 0.998963 0.999945 0.999997
 0.727409 0.980658 0.998963 0.999945 0.999997
 0.727409 0.980658 0.998963 0.999945 0.999997
 0.727409 0.980658 0.998963 0.999945 0.999997
 0.727409 0.980658 0.998963 0.999945 0.999997
 0.727409 0.980658 0.998963 0.999945 0.999997
 0.727409 0.980658 0.998963 0.999945 0.999997
 0.727409 0.980658 0.998963 0.999945 0.999997
 0.727409 0.980658 0.998963 0.999945 0.999997
 0.727409 0.980658 0.998963 0.999945 0.999997
 0.727409 0.980658 0.998963 0.999945 0.999997
 0.727409 0.980658 0.998963 0.999945 0.999997
 0.727409 0.980658 0.998963 0.999945 0.999997
 0.727409 0.980658 0.998963 0.999945 0.999997
 0.727409 0.980658 0.998963 0.999945 0.999997
 0.727409 0.980658 0.998963 0.999945 0.999997
 0.727409 0.980658 0.998963 0.999945 0.999997
Sel_reclas
 1 1 1 1 1
 1 1 1 1 1
 1 1 1 1 1
 1 1 1 1 1
 1 1 1 1 1
 1 1 1 1 1
 1 1 1 1 1
 1 1 1 1 1
 1 1 1 1 1
 1 1 1 1 1
 1 1 1 1 1
 1 1 1 1 1
 1 1 1 1 1
 1 1 1 1 1
 1 1 1 1 1
 1 1 1 1 1
 1 1 1 1 1
 1 1 1 1 1
 1 1 1 1 1
 1 1 1 1 1
 1 1 1 1 1
 1 1 1 1 1
 1 1 1 1 1
 1 1 1 1 1
 1 1 1 1 1
 1 1 1 1 1
 1 1 1 1 1
 1 1 1 1 1
 1 1 1 1 1
 1 1 1 1 1
 1 1 1 1 1
Sel_pelaces
 1 1 1 1 1
 1 1 1 1 1
 1 1 1 1 1
 1 1 1 1 1
 1 1 1 1 1
 1 1 1 1 1
 1 1 1 1 1
 1 1 1 1 1
 1 1 1 1 1
 1 1 1 1 1
 1 1 1 1 1
 1 1 1 1 1
 1 1 1 1 1
 1 1 1 1 1
 1 1 1 1 1
 1 1 1 1 1
 1 1 1 1 1
 1 1 1 1 1
 1 1 1 1 1
 1 1 1 1 1
 1 1 1 1 1
 1 1 1 1 1
 1 1 1 1 1
 1 1 1 1 1
 1 1 1 1 1
 1 1 1 1 1
 1 1 1 1 1
 1 1 1 1 1
 1 1 1 1 1
 1 1 1 1 1
 1 1 1 1 1
pf_obs 
 0.8446 0.082 0.0669 0.0065 0
 0.8095 0.147 0.0364 0.0071 0
 0.9664 0.0169 0.016 0.0007 0
 0.9276 0.0648 0.0075 0.0001 0
 0.7033 0.2144 0.0806 0.0017 0
 0.9318 0.0425 0.0243 0.0014 0
 0.5671 0.3108 0.0964 0.0239 0.0018
 0.0768 0.2599 0.5324 0.112 0.0189
 0.490249 0.384438 0.106611 0.0170017 0.00170017
 0.7925 0.1577 0.0466 0.003 0.0002
 0.840416 0.127587 0.0312969 0.00059994 9.999e-05
 0.8084 0.0986 0.0794 0.0134 0.0002
 0.7335 0.1905 0.0724 0.0035 0.0001
 0.4001 0.4547 0.1325 0.0127 0
 0.49795 0.308269 0.164784 0.0264974 0.00249975
 0.9179 0.0499 0.0305 0.0017 0
 0.2467 0.6533 0.0926 0.0074 0
 0.9418 0.0223 0.034 0.0019 0
 0.707729 0.231977 0.0356964 0.0245975 0
 0.517169 0.277429 0.184464 0.0207286 0.00020938
 0.811772 0.124168 0.05621 0.00726502 0.000585176
 0.764997 0.148141 0.077277 0.00933861 0.000247198
 0.163321 0.427699 0.378323 0.0303852 0.000271297
 0.753843 0.0900009 0.118128 0.0371064 0.000921714
 0.721811 0.176058 0.0630433 0.0369309 0.00215725
 0.143369 0.312575 0.442814 0.0836902 0.0175525
 0.692698 0.0596174 0.167031 0.0765114 0.00414204
 0.394062 0.376323 0.152708 0.0712218 0.00568511
 0.125707 0.32114 0.495352 0.0537591 0.00404204
 0.23352 0.215282 0.420074 0.123614 0.00750983
 0 0 0 0 0
pf_pred 
 0.0895534 0.200897 0.634172 0.075377 7.55729e-07
 0.163825 0.100875 0.16482 0.509934 0.0605461
 0.917743 0.0186159 0.00785219 0.0125182 0.0432712
 0.292577 0.667436 0.00923344 0.00379911 0.0269552
 0.455915 0.221006 0.30541 0.00408564 0.0135827
 0.994126 0.00359178 0.000950094 0.0012596 7.27012e-05
 0.132184 0.864304 0.00216728 0.000559947 0.000784216
 0.242916 0.155184 0.59955 0.00145092 0.000898111
 0.949089 0.0166495 0.00716777 0.0269882 0.000105592
 0.590815 0.39574 0.00448603 0.00187648 0.00708213
 0.937986 0.0448308 0.0166408 0.000181178 0.000361
 0.87444 0.119981 0.00405793 0.00147327 4.79421e-05
 0.738356 0.239924 0.0207837 0.000681773 0.00025516
 0.771553 0.186772 0.038311 0.003219 0.000144874
 0.83118 0.145401 0.0192894 0.00379759 0.000332713
 0.981206 0.0168521 0.00168092 0.000214643 4.58657e-05
 0.130929 0.85794 0.010007 0.000973284 0.000150635
 0.952477 0.00848279 0.0385523 0.000439142 4.92586e-05
 0.578636 0.40725 0.00256575 0.0114043 0.000144304
 0.539279 0.30659 0.149092 0.00091707 0.00412253
 0.814649 0.117321 0.0456444 0.0216553 0.000730987
 0.777439 0.192145 0.0194158 0.0073833 0.00361672
 0.111433 0.741491 0.127389 0.0125729 0.00711408
 0.816839 0.0275244 0.130344 0.0219099 0.00338199
 0.586203 0.357242 0.00865354 0.0401245 0.00777692
 0.339403 0.439235 0.191686 0.00454509 0.0251304
 0.837719 0.068125 0.0630568 0.0269344 0.0041648
 0.756584 0.214116 0.0124562 0.0112847 0.00555916
 0.135024 0.700755 0.144808 0.00825772 0.0111544
 0.180422 0.145073 0.548532 0.111097 0.0148766
 0.798621 0.0490001 0.027497 0.101582 0.0233
pobs_RECLAS
 0 0 0 0 0
 0 0 0 0 0
 0 0 0 0 0
 0 0 0 0 0
 0 0 0 0 0
 0 0 0 0 0
 0 0 0 0 0
 0 0 0 0 0
 0 0 0 0 0
 0 0 0 0 0
 0.991045 0.00858322 0.000360255 1.14367e-05 0
 0.934742 0.0480273 0.0164251 0.00080598 0
 0.827803 0.169806 0.00239088 0 0
 0.941827 0.0461693 0.0120037 0 0
 0.791401 0.0380133 0.147996 0.0225897 0
 0.846168 0.0940531 0.0597789 0 0
 0.134021 0.677848 0.182769 0.00536245 0
 0.80878 0.0450904 0.141981 0.00414843 0
 0.846168 0.0940531 0.0597789 0 0
 0.905697 0.0802665 0.012482 0.00150086 5.37128e-05
 0.989698 0.0102097 9.19794e-05 0 0
 0.975433 0.0193895 0.00387452 0.00125025 5.28907e-05
 0.303575 0.632131 0.0575291 0.00676475 0
 0.966965 0.00978017 0.0227588 0.000495775 0
 0.843318 0.132988 0.00938335 0.0141283 0.000182051
 0.564624 0.303363 0.111486 0.0197234 0.00080311
 0.826376 0.0876187 0.0782897 0.00655872 0.00115652
 0.89761 0.0855135 0.0140674 0.00269457 0.000114338
 0.34875 0.467042 0.161289 0.0227151 0.000203297
 0.318654 0.224769 0.449479 0.00709798 0
 0.937255 0.0296025 0.0250945 0.00804832 0
ppred_RECLAS
 0.11917 0.197254 0.611022 0.0725527 7.27374e-07
 0.215046 0.0964336 0.154462 0.477381 0.0566778
 0.939658 0.0138779 0.00573837 0.00913859 0.0315873
 0.370228 0.594953 0.00804766 0.00330725 0.023464
 0.556476 0.1829 0.24639 0.00329161 0.0109422
 0.995731 0.0026306 0.000682355 0.000903699 5.21566e-05
 0.179243 0.817514 0.00200281 0.000516812 0.000723758
 0.310017 0.143712 0.544142 0.00131542 0.000814191
 0.963422 0.0121387 0.00511741 0.0192467 7.52983e-05
 0.67948 0.310251 0.00342986 0.00143277 0.00540712
 0.953949 0.0334681 0.0121859 0.000132539 0.000264071
 0.907237 0.0887269 0.00293685 0.00106502 3.46552e-05
 0.798494 0.185105 0.0156939 0.000514223 0.000192442
 0.832945 0.137205 0.0274431 0.00230276 0.00010363
 0.877593 0.105781 0.0136974 0.00269318 0.000235938
 0.986301 0.0123092 0.0012034 0.000153504 3.27994e-05
 0.171067 0.818521 0.0093612 0.000909517 0.000140758
 0.965228 0.00630597 0.0281106 0.000319874 3.58783e-05
 0.653142 0.335468 0.00207223 0.00920103 0.000116418
 0.618129 0.25581 0.121944 0.000749289 0.00336811
 0.858073 0.090486 0.0345256 0.0163632 0.000552319
 0.827424 0.149396 0.0148025 0.0056231 0.00275433
 0.146276 0.714687 0.120443 0.0118751 0.00671891
 0.860355 0.0213309 0.0991037 0.0166417 0.00256865
 0.658941 0.295245 0.00701608 0.0324989 0.00629859
 0.41297 0.392839 0.168183 0.00398373 0.0220254
 0.876598 0.0523916 0.0475725 0.0202996 0.00313872
 0.808513 0.16883 0.00963797 0.00872279 0.00429684
 0.175148 0.670647 0.135993 0.00774725 0.0104643
 0.234228 0.137765 0.510818 0.103351 0.0138386
 0.847112 0.0377922 0.0207874 0.0767134 0.0175948
pobs_PELACES
 0 0 0 0 0
 0 0 0 0 0
 0 0 0 0 0
 0 0 0 0 0
 0 0 0 0 0
 0 0 0 0 0
 0 0 0 0 0
 0 0 0 0 0
 0 0 0 0 0
 0 0 0 0 0
 0 0 0 0 0
 0 0 0 0 0
 0 0 0 0 0
 0 0 0 0 0
 0 0 0 0 0
 0 0 0 0 0
 0.505614 0.472636 0.0217494 0 0
 0 0 0 0 0
 0.443492 0.261883 0.143347 0.151278 0
 0.227955 0.32914 0.350689 0.0885471 0.00366901
 0.970185 0.0296113 0.000203453 0 0
 0.997202 0.00247181 0.000326279 0 0
 0.445219 0.490057 0.0546422 0.010081 0
 0.90214 0.0892962 0.00764917 0.000914606 0
 0 0 0 0 0
 0.581667 0.319106 0.0959925 0.00289975 0.000334073
 0.762889 0.0836404 0.116647 0.0363945 0.000428098
 0.88444 0.0763242 0.0277011 0.0115352 0
 0.521256 0.241999 0.230069 0.00667565 0
 0.616807 0.101726 0.260614 0.0208532 0
 0 0 0 0 0
ppred_PELACES
 0.121189 0.197003 0.609447 0.0723605 7.25445e-07
 0.224162 0.0956283 0.15262 0.471599 0.0559907
 0.942612 0.0132374 0.00545362 0.00868341 0.0300137
 0.39521 0.571602 0.00767315 0.00315206 0.0223624
 0.595476 0.167908 0.223701 0.00298672 0.00992836
 0.995908 0.00252482 0.00065297 0.000864645 4.99022e-05
 0.197382 0.799474 0.00194188 0.000500859 0.0007014
 0.323096 0.14145 0.533367 0.00128909 0.000797883
 0.966122 0.0112855 0.00473177 0.017791 6.96024e-05
 0.710706 0.280123 0.00306404 0.00127923 0.00482752
 0.955364 0.0324603 0.0117916 0.000128234 0.000255493
 0.914403 0.081895 0.00269353 0.000976451 3.17726e-05
 0.812148 0.172651 0.0145467 0.000476472 0.000178311
 0.852923 0.12103 0.0239483 0.00200834 9.03778e-05
 0.891428 0.0939491 0.0120478 0.00236761 0.00020741
 0.987022 0.0116657 0.00113601 0.000144877 3.09558e-05
 0.177445 0.812256 0.00925986 0.000899516 0.000139209
 0.966406 0.0061045 0.0271463 0.000308861 3.46428e-05
 0.663416 0.325568 0.00200446 0.00889857 0.00011259
 0.630344 0.247928 0.117753 0.000723394 0.00325167
 0.862758 0.0875876 0.033328 0.0157933 0.000533078
 0.833571 0.144136 0.0142367 0.00540728 0.0026486
 0.150282 0.711598 0.119651 0.0117956 0.00667388
 0.863635 0.0208633 0.0967495 0.0162447 0.00250737
 0.665263 0.289854 0.00687407 0.0318377 0.0061704
 0.420089 0.388342 0.165914 0.00392956 0.0217257
 0.879828 0.0510828 0.046287 0.0197489 0.00305354
 0.811314 0.166386 0.00948609 0.00858473 0.00422882
 0.177844 0.668622 0.135403 0.0077131 0.0104182
 0.241992 0.136698 0.505385 0.102236 0.0136892
 0.854246 0.0361377 0.0198011 0.0730586 0.0167563
pobs_pel_tallas
 0 0 0 0 0 0 0 0 0 0 0 0 0 0 0 0 0 0 0 0 0 0 0 0 0 0
 0 0 0 0 0 0 0 0 0 0 0 0 0 0 0 0 0 0 0 0 0 0 0 0 0 0
 0 0 0 0 0 0 0 0 0 0 0 0 0 0 0 0 0 0 0 0 0 0 0 0 0 0
 0 0 0 0 0 0 0 0 0 0 0 0 0 0 0 0 0 0 0 0 0 0 0 0 0 0
 0 0 0 0 0 0 0 0 0 0 0 0 0 0 0 0 0 0 0 0 0 0 0 0 0 0
 0 0 0 0 0 0 0 0 0 0 0 0 0 0 0 0 0 0 0 0 0 0 0 0 0 0
 0 0 0 0 0 0 0 0 0 0 0 0 0 0 0 0 0 0 0 0 0 0 0 0 0 0
 0 0 0 0 0 0 0 0 0 0 0 0 0 0 0 0 0 0 0 0 0 0 0 0 0 0
 0 0 0 0 0 0 0 0 0 0 0 0 0 0 0 0 0 0 0 0 0 0 0 0 0 0
 0 0 0 0 0 0 0 0 0 0 0 0 0 0 0 0 0 0 0 0 0 0 0 0 0 0
 0 0 0 0 0 0 0 0 0 0 0 0 0 0 0 0 0 0 0 0 0 0 0 0 0 0
 0 0 0 0 0 0 0 0 0 0 0 0 0 0 0 0 0 0 0 0 0 0 0 0 0 0
 0.00862536 0 0 0.000197151 0.00414017 0.0128641 0.00837892 0.0270097 0.101434 0.158115 0.152841 0.127902 0.109271 0.109419 0.0830992 0.0579132 0.0238553 0.00714673 0.00463305 0.00128148 0.00103504 0.000492878 0.000147863 0.000147863 4.92878e-05 0
 0 0 0 0 0 0 0 0 0 0 0 0 0 0 0 0 0 0 0 0 0 0 0 0 0 0
 0 0 0 0 0 0 0 0.0054083 0.00873648 0.0413646 0.0450493 0.0745869 0.0622846 0.0627006 0.0613931 0.0827291 0.12552 0.122667 0.0946155 0.0697135 0.0546179 0.0294188 0.0215738 0.0213955 0.0102223 0.00600262
 0 0 0 0 0.00359764 0.0251062 0.0480494 0.140153 0.205849 0.193036 0.1447 0.116669 0.0760912 0.0342217 0.00950174 0.001854 0.000860785 0 0 0 0.000165536 0 0.000143464 0 0 0
 0 0 0 0 0 0 0 0.000145254 0.000435761 0.0275982 0.070085 0.0708112 0.156366 0.174668 0.174014 0.160142 0.0824315 0.0480064 0.0283245 0.00493863 0.00203355 0 0 0 0 0
 0 0 0 0 0 0 0 0 0 0 0 0 0 0 0 0 0 0 0 0 0 0 0 0 0 0
 0 0 1.00437e-05 0.000401748 0.00122533 0.00171747 0.00176769 0.0269171 0.070346 0.194647 0.189555 0.159765 0.064822 0.0314167 0.0384472 0.0292271 0.0345202 0.0313363 0.0194345 0.0106764 0.0143323 0.0359363 0.0279516 0.0138201 0.00172751 0
 0 0.0021121 0.0136068 0.0755702 0.200478 0.177729 0.0527432 0.0373336 0.0318909 0.0142505 0.0149659 0.0166563 0.0217959 0.0798694 0.0677717 0.0528807 0.04013 0.0224614 0.0357745 0.0225083 0.00881397 0.00855152 0.00135912 0.000746735 0 0
 0 0 0 0 5.4009e-05 0.00500934 0.000945158 0.0243581 0.138947 0.33067 0.221406 0.137944 0.0707744 0.0437923 0.0131692 0.00525238 0.0047753 0.00276346 9.45158e-05 9.00151e-06 2.25038e-05 9.00151e-06 4.50075e-06 0 0 0
 0.000866109 0.00284123 0.00948549 0.0512746 0.133035 0.25785 0.225252 0.132002 0.0553304 0.0519788 0.0540692 0.017754 0.00435017 0.00159236 0.00146478 0.000404838 0.000125132 0.000115318 0.000107957 0.000100596 0 0 0 0 0 0
 0 0 0 0 0.00144013 0.00171154 0.00461396 0.0210425 0.0478622 0.0707936 0.0888783 0.103762 0.0637923 0.0337046 0.0602308 0.124433 0.169614 0.0934646 0.0462172 0.0250306 0.0313229 0.00938855 0.002487 0.000210481 0 0
 0 0.00764035 0.051015 0.0998891 0.058973 0.0496711 0.0374665 0.0718981 0.12319 0.153886 0.159021 0.0857701 0.0377988 0.023471 0.0147837 0.00900784 0.00315554 0.000888139 0.00291439 0.00214683 0.00393193 0.00274676 0.000635225 9.99891e-05 0 0
 0 0 0 0 0 0 0 0 0 0 0 0 0 0 0 0 0 0 0 0 0 0 0 0 0 0
 0 0 0 0 0 0 0 0 0 0 0 0 0 0 0 0 0 0 0 0 0 0 0 0 0 0
 0 0 0 0 0 0 0 0 0 0 0 0 0 0 0 0 0 0 0 0 0 0 0 0 0 0
 0 0 0 0 0 0 0 0 0 0 0 0 0 0 0 0 0 0 0 0 0 0 0 0 0 0
 0 0 0 0 0 0 0 0 0 0 0 0 0 0 0 0 0 0 0 0 0 0 0 0 0 0
 0 0 0 0 0 0 0 0 0 0 0 0 0 0 0 0 0 0 0 0 0 0 0 0 0 0
 0 0 0 0 0 0 0 0 0 0 0 0 0 0 0 0 0 0 0 0 0 0 0 0 0 0
ppred_pel_tallas
 1.24895e-16 9.98221e-06 9.70307e-05 0.000644804 0.0029312 0.00912015 0.0194322 0.028366 0.0283859 0.0195299 0.00945089 0.00389826 0.00311661 0.0056397 0.0109662 0.0192336 0.0303137 0.0435531 0.0581046 0.0733026 0.0885148 0.102484 0.112904 0.116962 0.112716 0.100323
 1.61199e-16 1.84639e-05 0.000179476 0.00119268 0.00542176 0.0168692 0.0359419 0.0524603 0.0524699 0.035989 0.0170287 0.00588817 0.00238517 0.00285729 0.00533241 0.00941296 0.0151083 0.0224672 0.0317736 0.0437447 0.0592652 0.0785781 0.100391 0.121598 0.137981 0.145646
 1.06111e-16 7.76417e-05 0.000754705 0.00501528 0.0227987 0.0709353 0.151135 0.220587 0.220588 0.151142 0.0709566 0.0228603 0.00517071 0.00109708 0.000737506 0.00112363 0.00168108 0.00227709 0.00285542 0.00344486 0.00416733 0.00517243 0.00652833 0.00814019 0.0097482 0.0110063
 1.04469e-16 3.25531e-05 0.000316428 0.00210278 0.00955894 0.0297417 0.0633699 0.0925018 0.0925567 0.0636385 0.0306432 0.0121613 0.00862948 0.014546 0.0270039 0.0444528 0.0637112 0.0794517 0.0862835 0.0817597 0.0679008 0.049944 0.0333433 0.0213022 0.0142379 0.0108097
 1.08479e-16 4.90486e-05 0.00047677 0.00316831 0.0144027 0.0448122 0.0954776 0.139356 0.139372 0.0955584 0.0450841 0.0151921 0.00516478 0.00488394 0.00856179 0.0144477 0.0216683 0.0290333 0.0352914 0.0397518 0.0424993 0.0439647 0.044283 0.0430792 0.0398555 0.0345657
 1.00115e-16 8.20316e-05 0.000797376 0.00529885 0.0240878 0.074946 0.15968 0.233058 0.233059 0.159682 0.07495 0.0240994 0.00532797 0.000861095 0.000203461 0.000207642 0.000293854 0.000375314 0.000425668 0.000435591 0.000413817 0.000380334 0.000352975 0.000337731 0.000328717 0.000315266
 1.0043e-16 1.62582e-05 0.000158036 0.00105021 0.00477414 0.0148545 0.031652 0.0462131 0.04629 0.0320275 0.0161149 0.00841232 0.0101737 0.0200451 0.0376985 0.0620697 0.0888774 0.11064 0.119749 0.112703 0.092266 0.0657509 0.0408555 0.022227 0.0106995 0.00468126
 1.15693e-16 2.6613e-05 0.000258688 0.00171907 0.00781467 0.0243144 0.051805 0.0756139 0.0756283 0.0518758 0.0245546 0.00851841 0.0035233 0.0043219 0.00810703 0.0143046 0.0227913 0.0331893 0.0449366 0.0574571 0.0699904 0.0811503 0.0887776 0.0905703 0.085259 0.0734919
 1.01936e-16 7.95782e-05 0.000773528 0.00514037 0.0233674 0.0727046 0.154905 0.226088 0.226089 0.15491 0.0727226 0.0234198 0.00527249 0.00106412 0.000638166 0.000947568 0.00140341 0.0018687 0.00227135 0.00259979 0.00291129 0.00328671 0.00375826 0.00426578 0.00467421 0.0048377
 1.01106e-16 5.854e-05 0.00056903 0.0037814 0.0171897 0.0534838 0.113954 0.166325 0.166352 0.114085 0.0539255 0.0184649 0.00697932 0.00754066 0.0132712 0.021775 0.0311928 0.0388719 0.042156 0.0398313 0.0328738 0.0238424 0.0154155 0.00918726 0.00540572 0.00346876
 1.00405e-16 7.86921e-05 0.000764915 0.00508313 0.0231072 0.071895 0.15318 0.223571 0.223575 0.153195 0.0719466 0.0232562 0.00545776 0.0015844 0.0016399 0.00259906 0.00376521 0.00479377 0.00538882 0.00540961 0.00494155 0.00422307 0.00348912 0.00285862 0.00233233 0.00186357
 1.00203e-16 7.53182e-05 0.00073212 0.00486519 0.0221165 0.0688126 0.146613 0.213987 0.213995 0.146651 0.0689418 0.0224895 0.00580074 0.00277208 0.00394267 0.00638073 0.00914188 0.0114066 0.0123963 0.0117542 0.00975889 0.00714702 0.00468823 0.00283903 0.00167156 0.00102074
 1.00542e-16 6.68956e-05 0.000650249 0.00432113 0.0196433 0.0611175 0.130218 0.19006 0.190077 0.130299 0.0613902 0.0204305 0.00629646 0.0049595 0.00824232 0.0134975 0.0193827 0.0242578 0.0264971 0.0253462 0.0213696 0.0160755 0.011032 0.00715805 0.00459368 0.0030172
 1.00939e-16 7.02542e-05 0.000682895 0.00453808 0.0206295 0.064186 0.136755 0.199601 0.199613 0.136812 0.0643776 0.021183 0.00592786 0.00371823 0.00583906 0.00955249 0.0137776 0.017373 0.0192209 0.0187969 0.0164668 0.013219 0.0100577 0.00753752 0.00570801 0.00435602
 1.00645e-16 7.34258e-05 0.000713725 0.00474295 0.0215608 0.0670836 0.142929 0.208611 0.20862 0.142973 0.0672321 0.0219897 0.00581951 0.00306347 0.00453482 0.00737753 0.0106126 0.0133284 0.014648 0.0141661 0.0121836 0.00950091 0.00693866 0.00496078 0.00361593 0.00271989
 1.00056e-16 8.12997e-05 0.000790262 0.00525157 0.0238729 0.0742774 0.158256 0.230979 0.23098 0.158261 0.0742958 0.0239261 0.00538511 0.00108162 0.000634204 0.000918606 0.00131255 0.00164429 0.00179981 0.00172819 0.00146744 0.00111874 0.000786741 0.000531964 0.00036249 0.00025586
 1.00589e-16 1.46161e-05 0.000142074 0.000944133 0.00429194 0.0133542 0.0284555 0.041548 0.0416261 0.0288371 0.0146351 0.00798911 0.0102161 0.0203545 0.0383187 0.0631074 0.0903949 0.112595 0.121987 0.115015 0.0944687 0.06774 0.0426009 0.0237299 0.011956 0.00567719
 1.00822e-16 7.96016e-05 0.000773755 0.00514188 0.0233742 0.0727259 0.15495 0.226155 0.226155 0.154953 0.0727364 0.0234051 0.00522124 0.000953396 0.000439462 0.000649068 0.00103975 0.0015403 0.00212825 0.00277933 0.00345145 0.00406401 0.00449595 0.00462239 0.00437577 0.00378952
 1.01053e-16 5.46448e-05 0.000531167 0.00352979 0.0160459 0.049925 0.106372 0.155259 0.155291 0.106525 0.0504384 0.0175279 0.00724635 0.00863341 0.01541 0.025305 0.0362511 0.0451767 0.0489979 0.0463069 0.0382403 0.0277703 0.0180015 0.0107717 0.00635304 0.00403687
 1.04085e-16 5.19207e-05 0.000504688 0.00335383 0.015246 0.0474362 0.101069 0.147518 0.147542 0.101186 0.0478308 0.0163875 0.00622508 0.00679221 0.01205 0.0199862 0.0291259 0.0373271 0.0424053 0.0432914 0.0405756 0.0359421 0.0310032 0.026503 0.0223675 0.01828
 1.02659e-16 7.10643e-05 0.00069077 0.00459041 0.0208673 0.0649261 0.138332 0.201902 0.20191 0.138374 0.0650654 0.0212701 0.00560323 0.00290788 0.00429989 0.00704397 0.0102534 0.0131344 0.0149276 0.0152861 0.0144618 0.0130912 0.0117588 0.0106921 0.00977357 0.00876745
 1.01439e-16 6.86602e-05 0.000667401 0.00443512 0.0201614 0.0627297 0.133653 0.195073 0.195087 0.133721 0.0629574 0.0208191 0.00608555 0.00426893 0.0069046 0.0112957 0.0162414 0.0203753 0.022356 0.02157 0.0184982 0.014394 0.0105399 0.00765553 0.00579831 0.00464436
 1.05948e-16 1.23787e-05 0.000120325 0.000799605 0.00363493 0.01131 0.0240997 0.0351885 0.0352572 0.0244349 0.0124358 0.0068869 0.00896363 0.0179461 0.0338771 0.0560121 0.0807439 0.10165 0.112161 0.109207 0.0950065 0.075486 0.0566897 0.0419836 0.031675 0.0244188
 1.04851e-16 7.11365e-05 0.000691472 0.00459507 0.0208885 0.064992 0.138472 0.202105 0.202107 0.138483 0.0650282 0.0209949 0.00486926 0.00131421 0.00132482 0.00226314 0.00368655 0.00554199 0.00780295 0.010425 0.0132856 0.016095 0.0183743 0.0195822 0.0193476 0.0176584
 1.0451e-16 5.47969e-05 0.000532646 0.00353962 0.0160906 0.050064 0.106668 0.15569 0.155718 0.106804 0.0505215 0.0174113 0.00685285 0.00775913 0.0137612 0.0226182 0.0324769 0.0406452 0.0444391 0.0426702 0.0363926 0.0282397 0.0208805 0.0157711 0.0129208 0.0114774
 1.08958e-16 3.46023e-05 0.000336346 0.00223514 0.0101607 0.0316138 0.0673579 0.0983187 0.0983563 0.0675417 0.0322314 0.0119469 0.0067271 0.0101695 0.018789 0.0312142 0.0454424 0.0581437 0.0659053 0.0670951 0.0627271 0.0555634 0.0482437 0.0419752 0.0365624 0.0313085
 1.03847e-16 7.24703e-05 0.000704437 0.00468123 0.0212802 0.0662106 0.141069 0.205895 0.2059 0.141093 0.0662928 0.0215185 0.00528262 0.00202837 0.00261967 0.00430264 0.00639537 0.00847532 0.0101615 0.0112819 0.0119445 0.0123911 0.0127585 0.0129557 0.0127464 0.0119388
 1.01893e-16 6.68269e-05 0.000649581 0.0043167 0.0196231 0.0610548 0.130084 0.189865 0.189881 0.130163 0.0613175 0.0203816 0.00621971 0.00480084 0.00794205 0.0130016 0.0186716 0.0233764 0.0255643 0.0245345 0.020865 0.0160402 0.0115801 0.00833976 0.00637838 0.00528217
 1.06615e-16 1.46489e-05 0.000142393 0.000946252 0.00430156 0.0133841 0.0285186 0.0416373 0.0417018 0.0288338 0.0144426 0.00735969 0.00862531 0.0169148 0.0318944 0.0527711 0.0761686 0.0960912 0.106401 0.104218 0.0915759 0.073936 0.0568342 0.0433046 0.0335741 0.0264078
 1.27189e-16 1.99326e-05 0.000193752 0.00128755 0.00585303 0.018211 0.038801 0.0566341 0.0566481 0.0388696 0.0184436 0.00653502 0.00303768 0.00414107 0.00788898 0.0139848 0.0224221 0.0329693 0.0452787 0.0590355 0.0737266 0.0880934 0.0998571 0.106255 0.105243 0.0965697
 1.10744e-16 7.03631e-05 0.000683955 0.00454512 0.0206615 0.0642855 0.136967 0.199908 0.199912 0.136984 0.0643437 0.0208304 0.00497224 0.0016266 0.00189224 0.00310464 0.00468529 0.00639006 0.00806374 0.00974188 0.0116644 0.0140985 0.0170747 0.0202336 0.0229024 0.0243573
pSPR Fmed_Fpbrs
0.383616   0.22916 0.22916
Fs Fmed_Fpbrs
0.598149   1.005 1.005
SSBpbr Bo_Bmed_Bpbrs
1.6272e+06  542860  291529 291529
Ro
67918.9
SPR SPRFo_SPRFmed_SPRFpbrs
483627 185527 110828
Fref
1.005
log_Ro
10.9461
likeval ReclasPelacesDesembMPH_pf_preclas_ppelaces_ptallas_desvR_qrecl_qpela
 21.0704 61.333 0.117032 0.000997839 277.557 122.668 92.6278 0 81.8928 2.24187e-05 0 0.0674842 0 0 0
q_reclas_q_pelaces
1.95609 1
M
1
N
 18902.5 32156.5 99806.9 11852.3 0.118825
 12285 5941.7 9569.23 29583.5 3512.39
 183625 2927.16 1217.04 1938.76 6701.4
 23111.2 43566.4 596.14 245.141 1739.25
 8198.14 3398.87 4656.2 62.2599 206.979
 282512 794.456 207.007 274.224 15.8269
 13297.6 72600.9 180.191 46.5295 65.1637
 3443.48 1740.76 6632.49 16.0389 9.92761
 54496.4 770.056 327.34 1231.68 4.81878
 18183.6 10375.3 116.563 48.7347 183.927
 50488.5 1859.48 679.428 7.39113 14.7263
 125743 14051.4 469.603 170.386 5.5444
 81363.2 21506.2 1840.76 60.3444 22.5837
 68212.1 14084.9 2863.58 240.494 10.8233
 46381.9 6851.82 900.374 177.171 15.5218
 391305 5303.35 521.579 66.5527 14.2207
 17517.8 89636.7 1030.13 100.112 15.4937
 637494 4382.96 19610.4 223.194 25.0346
 317838 174916 1085.88 4822.8 61.0225
 175943 78646.9 37700.2 231.72 1041.61
 372168 41572 15928.2 7550.78 254.87
 510189 98355.3 9791.5 3720.5 1822.42
 25142.1 128816 21783.3 2148.14 1215.42
 273024 7040.79 32804.8 5509.48 850.399
 171393 80119.3 1909.77 8847.6 1714.76
 49754.3 49425.5 21226.5 502.876 2780.34
 228492 14269.2 12997.9 5547.25 857.72
 304375 65319.4 3736.25 3381.83 1665.9
 24310.8 95703 19445.4 1107.89 1496.45
 12197.5 7626.84 28404.9 5748.37 769.713
 65295.6 3157.34 1746.81 6448.43 1479.02
pred_Ctot
 1761.62 3951.89 12474.9 1482.76 0.0148661
 2833.76 1744.88 2850.97 8820.58 1047.3
 42701.5 866.175 365.354 582.456 2013.36
 9428.74 21509.2 297.562 122.432 868.675
 4231.59 2051.27 2834.68 37.921 126.069
 55421.8 200.239 52.9671 70.2218 4.05304
 5872.95 38401.1 96.2925 24.8785 34.8428
 888.495 567.605 2192.92 5.30692 3.28495
 17521.3 307.369 132.325 498.235 1.94935
 9165.14 6139 69.5904 29.1093 109.863
 7948.88 379.914 141.021 1.53538 3.05926
 45209 6203.09 209.797 76.1686 2.47863
 28917.4 9396.5 813.984 26.7013 9.99324
 34659.9 8390.21 1721.02 144.605 6.50806
 22135.8 3872.29 513.714 101.137 8.86076
 96970.1 1665.45 166.121 21.2126 4.53279
 3654.57 23947.4 279.323 27.1669 4.20461
 104888 934.138 4245.44 48.3591 5.42444
 67921.1 47803.6 301.171 1338.65 16.9386
 41234.9 23442.8 11400 70.1219 315.221
 68055.7 9800.95 3813.13 1809.08 61.0666
 104293 25776 2604.61 990.461 485.179
 3879.93 25817.6 4435.51 437.77 247.702
 35565.4 1198.42 5675.23 953.963 147.253
 23882.9 14554.7 352.56 1634.74 316.845
 7074.18 9154.98 3995.31 94.7332 523.792
 32865.1 2672.65 2473.82 1056.68 163.392
 28317.8 8014.01 466.216 422.37 208.07
 2291.88 11894.5 2457.95 140.165 189.334
 2351.2 1890.54 7148.28 1447.78 193.867
 15869.5 973.688 546.396 2018.56 462.997
F
 0.157299 0.212063 0.216022 0.216234 0.216245
 0.434351 0.585572 0.596502 0.597088 0.597119
 0.438608 0.591311 0.602348 0.60294 0.602971
 0.916874 1.23609 1.25916 1.2604 1.26046
 1.33401 1.79844 1.83201 1.83381 1.83391
 0.358743 0.48364 0.492667 0.493152 0.493177
 1.03326 1.393 1.419 1.42039 1.42047
 0.497775 0.671077 0.683603 0.684275 0.684311
 0.658703 0.888031 0.904607 0.905497 0.905544
 1.28022 1.72594 1.75815 1.75988 1.75997
 0.279023 0.376166 0.383187 0.383564 0.383584
 0.765898 1.03255 1.05182 1.05285 1.05291
 0.753822 1.01627 1.03524 1.03625 1.03631
 1.29811 1.75005 1.78271 1.78446 1.78456
 1.16857 1.57541 1.60482 1.60639 1.60648
 0.473722 0.63865 0.650571 0.65121 0.651244
 0.385493 0.519703 0.529403 0.529924 0.529951
 0.293238 0.395329 0.402709 0.403105 0.403125
 0.396573 0.534641 0.54462 0.545156 0.545184
 0.442735 0.596875 0.608016 0.608614 0.608645
 0.330758 0.445912 0.454236 0.454682 0.454706
 0.376398 0.507442 0.516914 0.517422 0.517449
 0.272824 0.367808 0.374674 0.375042 0.375061
 0.226043 0.30474 0.310428 0.310733 0.310749
 0.243493 0.328265 0.334393 0.334721 0.334739
 0.248995 0.335683 0.341949 0.342285 0.342303
 0.252212 0.34002 0.346367 0.346707 0.346725
 0.157012 0.211675 0.215627 0.215839 0.21585
 0.159246 0.214688 0.218696 0.218911 0.218922
 0.351503 0.47388 0.482725 0.4832 0.483225
 0.462639 0.623708 0.63535 0.635975 0.636008
nmprior
 8 9 7.5 0
nm_flota  nm_reclas  nm_pelaces    nm_pelaL
inf 12.3554 5.90545 8.42371
cv_recla  cv_pelaces  cv_mph
0.415204 0.921535 0.974845
 ------------------------------------------------
Talla a la edad & desviación 
 8 13.2811 15.8009 17.003 17.5766
 0.8 1.32811 1.58009 1.7003 1.75766
