years
 1991 1992 1993 1994 1995 1996 1997 1998 1999 2000 2001 2002 2003 2004 2005 2006 2007 2008 2009 2010 2011 2012 2013 2014 2015 2016 2017 2018 2019 2020 2021
reclasobs
 0 0 0 0 0 0 0 0 0 252601 567819 844713 477998 351125 339783 2.1784e+06 2.13404e+06 4.81314e+06 1.55562e+06 2.62356e+06 3.21686e+06 3.843e+06 1.13348e+06 3.07943e+06 1.97215e+06 2.03268e+06 2.025e+06 2.42433e+06 2.27542e+06 1.05018e+06 2.36338e+06
reclaspred
 3.27634e+06 1.79684e+06 910297 931107 941064 1.59308e+06 908302 784451 556461 379465 504013 681641 667495 495815 490152 1.34649e+06 1.20138e+06 3.02472e+06 2.42618e+06 1.80427e+06 3.13319e+06 2.53963e+06 1.92744e+06 3.05472e+06 2.26125e+06 1.99199e+06 2.40687e+06 2.60443e+06 2.05654e+06 1.23205e+06 1.99315e+06
pelacesobs
 0 0 0 0 0 0 0 0 0 0 0 0 0 0 0 552880 188675 0 991730 2.46772e+06 1.41603e+06 1.21717e+06 2.29649e+06 1.80582e+06 0 1.4828e+06 1.56532e+06 1.57751e+06 1.42118e+06 867257 0
pelacespred
 1.92611e+06 1.15642e+06 572237 461525 508811 870533 454436 509400 334307 208118 291358 327616 356106 267460 271785 622842 594613 1.67239e+06 1.39852e+06 956639 1.64083e+06 1.41199e+06 1.12048e+06 1.89434e+06 1.38145e+06 1.22373e+06 1.64065e+06 1.75015e+06 1.19851e+06 802498 1.1598e+06
mphobs
 0 0 0 0 0 0 0 0 0 0 0 498337 0 5186 125008 0 168611 109162 213762 579715 649985 157893 87575 83554 0 0 0 0 0 0 0
mphpred
 505685 338222 163385 90504 99204.3 117818 159129 87032.9 78373.3 49662.5 30733.8 61191.6 65615.9 53597.5 32981.2 42213 151940 134291 301886 215145 233075 285359 270216 214791 310535 254290 207553 225563 323300 208007 108669
desembarqueobs
 494567 514787 250237 358949 120608 361735 552515 73892 212993 205616 52469 317467 293654 387597 252695 516296 358380 742168 942051 627588 828172 859565 418607 520667 417249 300574 407403 355545 319650 289779 219260
desembarquepred
 494571 513795 250707 358985 120614 361745 552548 73897.4 213055 205673 52471.9 317532 293693 387585 252673 516229 358412 742027 941779 627389 828257 859549 418609 520692 417239 300572 407398 355520 319634 289787 219263
Reclutas
 173131 95825 96607 148821 120131 215459 85492.9 36670.6 35534.5 47624.9 89303.7 128473 107051 75281.7 69809.8 372090 73965.2 590398 338659 275688 370095 507272 99412.5 295342 250012 110790 248495 278987 78646.5 59142.8 271243
log_desv_Rt
 0.204845 -0.386681 -0.378553 0.0535415 -0.16062 0.423565 -0.500771 -1.34723 -1.3787 -1.08585 -0.457162 -0.0934876 -0.275897 -0.627967 -0.70343 0.969931 -0.64561 1.43159 0.875788 0.670065 0.964554 1.27984 -0.349927 0.73893 0.572306 -0.241571 0.566217 0.681961 -0.584241 -0.86925 0.653812
SSB
 2.16198e+06 1.44602e+06 698527 386937 424133 503715 680332 372096 335073 212325 131398 261616 280531 229148 141006 180475 649597 574141 1.29067e+06 919819 996480 1.22001e+06 1.15527e+06 918308 1.32765e+06 1.08718e+06 887363 964360 1.38222e+06 889305 464600
BT
 3.03262e+06 2.07445e+06 1.02151e+06 955603 812230 1.57078e+06 1.12213e+06 786738 682574 493576 470718 738359 779976 791996 654251 1.34902e+06 1.11413e+06 3.13585e+06 2.89902e+06 1.90912e+06 3.05433e+06 2.81139e+06 1.92509e+06 3.24823e+06 2.32115e+06 1.98226e+06 2.79772e+06 2.89833e+06 1.90949e+06 1.3851e+06 1.88924e+06
Ftot
 0.194718 0.358658 0.351776 0.53397 0.177838 0.329484 0.758204 0.129194 0.515309 0.7205 0.160265 0.650123 0.610017 1.05591 0.758864 0.599495 0.393393 0.376392 0.528983 0.480959 0.375194 0.475237 0.284902 0.252411 0.251812 0.203188 0.247889 0.203455 0.19821 0.303662 0.170072
BD_Bspro_t
 0.969435 0.789315 0.589817 0.491506 0.485225 0.576998 0.573692 0.382275 0.439687 0.378614 0.334708 0.586327 0.464543 0.369101 0.255948 0.307473 0.49723 0.454135 0.584819 0.471432 0.444178 0.491412 0.506917 0.489622 0.612227 0.620949 0.627495 0.674941 0.734235 0.643654 0.571328
BD_Bspro
 2.15238 1.4396 0.695426 0.385219 0.42225 0.501479 0.677311 0.370444 0.333586 0.211382 0.130814 0.260454 0.279286 0.228131 0.14038 0.179674 0.646713 0.571592 1.28494 0.915735 0.992055 1.21459 1.15014 0.91423 1.32175 1.08235 0.883424 0.960079 1.37609 0.885357 0.462538
BD_Bo
 1.44158 0.964187 0.465769 0.258004 0.282807 0.335871 0.453637 0.248109 0.223423 0.141575 0.0876144 0.174442 0.187055 0.152793 0.0940212 0.120339 0.433143 0.38283 0.860602 0.613324 0.66444 0.813486 0.770318 0.612316 0.885257 0.724918 0.591683 0.643023 0.921649 0.592977 0.30979
BD_Brms
 7.89116 5.27792 2.5496 1.41231 1.54807 1.83854 2.48319 1.35814 1.22301 0.774977 0.479598 0.954888 1.02393 0.836383 0.514668 0.658729 2.37101 2.0956 4.7109 3.35731 3.63712 4.45299 4.21669 3.35179 4.84586 3.96817 3.23885 3.51988 5.04507 3.24593 1.69578
Sel_flota
 0.71276 0.97923 0.998885 0.999941 0.999997
 0.71276 0.97923 0.998885 0.999941 0.999997
 0.71276 0.97923 0.998885 0.999941 0.999997
 0.71276 0.97923 0.998885 0.999941 0.999997
 0.71276 0.97923 0.998885 0.999941 0.999997
 0.71276 0.97923 0.998885 0.999941 0.999997
 0.71276 0.97923 0.998885 0.999941 0.999997
 0.71276 0.97923 0.998885 0.999941 0.999997
 0.71276 0.97923 0.998885 0.999941 0.999997
 0.71276 0.97923 0.998885 0.999941 0.999997
 0.71276 0.97923 0.998885 0.999941 0.999997
 0.71276 0.97923 0.998885 0.999941 0.999997
 0.71276 0.97923 0.998885 0.999941 0.999997
 0.71276 0.97923 0.998885 0.999941 0.999997
 0.71276 0.97923 0.998885 0.999941 0.999997
 0.71276 0.97923 0.998885 0.999941 0.999997
 0.71276 0.97923 0.998885 0.999941 0.999997
 0.71276 0.97923 0.998885 0.999941 0.999997
 0.71276 0.97923 0.998885 0.999941 0.999997
 0.71276 0.97923 0.998885 0.999941 0.999997
 0.71276 0.97923 0.998885 0.999941 0.999997
 0.71276 0.97923 0.998885 0.999941 0.999997
 0.71276 0.97923 0.998885 0.999941 0.999997
 0.71276 0.97923 0.998885 0.999941 0.999997
 0.71276 0.97923 0.998885 0.999941 0.999997
 0.71276 0.97923 0.998885 0.999941 0.999997
 0.71276 0.97923 0.998885 0.999941 0.999997
 0.71276 0.97923 0.998885 0.999941 0.999997
 0.71276 0.97923 0.998885 0.999941 0.999997
 0.71276 0.97923 0.998885 0.999941 0.999997
 0.71276 0.97923 0.998885 0.999941 0.999997
Sel_reclas
 1 1 1 1 1
 1 1 1 1 1
 1 1 1 1 1
 1 1 1 1 1
 1 1 1 1 1
 1 1 1 1 1
 1 1 1 1 1
 1 1 1 1 1
 1 1 1 1 1
 1 1 1 1 1
 1 1 1 1 1
 1 1 1 1 1
 1 1 1 1 1
 1 1 1 1 1
 1 1 1 1 1
 1 1 1 1 1
 1 1 1 1 1
 1 1 1 1 1
 1 1 1 1 1
 1 1 1 1 1
 1 1 1 1 1
 1 1 1 1 1
 1 1 1 1 1
 1 1 1 1 1
 1 1 1 1 1
 1 1 1 1 1
 1 1 1 1 1
 1 1 1 1 1
 1 1 1 1 1
 1 1 1 1 1
 1 1 1 1 1
Sel_pelaces
 0.866722 0.970351 0.993965 0.998795 0.99976
 0.866722 0.970351 0.993965 0.998795 0.99976
 0.866722 0.970351 0.993965 0.998795 0.99976
 0.866722 0.970351 0.993965 0.998795 0.99976
 0.866722 0.970351 0.993965 0.998795 0.99976
 0.866722 0.970351 0.993965 0.998795 0.99976
 0.866722 0.970351 0.993965 0.998795 0.99976
 0.866722 0.970351 0.993965 0.998795 0.99976
 0.866722 0.970351 0.993965 0.998795 0.99976
 0.866722 0.970351 0.993965 0.998795 0.99976
 0.866722 0.970351 0.993965 0.998795 0.99976
 0.866722 0.970351 0.993965 0.998795 0.99976
 0.866722 0.970351 0.993965 0.998795 0.99976
 0.866722 0.970351 0.993965 0.998795 0.99976
 0.866722 0.970351 0.993965 0.998795 0.99976
 0.866722 0.970351 0.993965 0.998795 0.99976
 0.866722 0.970351 0.993965 0.998795 0.99976
 0.866722 0.970351 0.993965 0.998795 0.99976
 0.866722 0.970351 0.993965 0.998795 0.99976
 0.866722 0.970351 0.993965 0.998795 0.99976
 0.866722 0.970351 0.993965 0.998795 0.99976
 0.866722 0.970351 0.993965 0.998795 0.99976
 0.866722 0.970351 0.993965 0.998795 0.99976
 0.866722 0.970351 0.993965 0.998795 0.99976
 0.866722 0.970351 0.993965 0.998795 0.99976
 0.866722 0.970351 0.993965 0.998795 0.99976
 0.866722 0.970351 0.993965 0.998795 0.99976
 0.866722 0.970351 0.993965 0.998795 0.99976
 0.866722 0.970351 0.993965 0.998795 0.99976
 0.866722 0.970351 0.993965 0.998795 0.99976
 0.866722 0.970351 0.993965 0.998795 0.99976
pf_obs 
 0.8446 0.082 0.0669 0.0065 0
 0.8095 0.147 0.0364 0.0071 0
 0.9664 0.0169 0.016 0.0007 0
 0.9276 0.0648 0.0075 0.0001 0
 0.7033 0.2144 0.0806 0.0017 0
 0.9318 0.0425 0.0243 0.0014 0
 0.5671 0.3108 0.0964 0.0239 0.0018
 0.0768 0.2599 0.5324 0.112 0.0189
 0.490249 0.384438 0.106611 0.0170017 0.00170017
 0.7925 0.1577 0.0466 0.003 0.0002
 0.840416 0.127587 0.0312969 0.00059994 9.999e-05
 0.8084 0.0986 0.0794 0.0134 0.0002
 0.7335 0.1905 0.0724 0.0035 0.0001
 0.4001 0.4547 0.1325 0.0127 0
 0.49795 0.308269 0.164784 0.0264974 0.00249975
 0.9179 0.0499 0.0305 0.0017 0
 0.2467 0.6533 0.0926 0.0074 0
 0.9418 0.0223 0.034 0.0019 0
 0.707729 0.231977 0.0356964 0.0245975 0
 0.517169 0.277429 0.184464 0.0207286 0.00020938
 0.811772 0.124168 0.05621 0.00726502 0.000585176
 0.764997 0.148141 0.077277 0.00933861 0.000247198
 0.163321 0.427699 0.378323 0.0303852 0.000271297
 0.753843 0.0900009 0.118128 0.0371064 0.000921714
 0.721811 0.176058 0.0630433 0.0369309 0.00215725
 0.143369 0.312575 0.442814 0.0836902 0.0175525
 0.692698 0.0596174 0.167031 0.0765114 0.00414204
 0.394062 0.376323 0.152708 0.0712218 0.00568511
 0.125707 0.32114 0.495352 0.0537591 0.00404204
 0.23352 0.215282 0.420074 0.123614 0.00750983
 0 0 0 0 0
pf_pred 
 0.475491 0.136726 0.363666 0.0241166 8.59589e-07
 0.423343 0.324037 0.0668947 0.174186 0.0115386
 0.57919 0.216693 0.115911 0.0233787 0.0648273
 0.733604 0.177373 0.0463707 0.0242342 0.0184181
 0.656859 0.275727 0.0452752 0.0115391 0.0105991
 0.752121 0.18033 0.0545054 0.00876364 0.00428023
 0.465289 0.434945 0.0730374 0.021573 0.00515627
 0.458317 0.310173 0.189317 0.0309008 0.0112914
 0.545144 0.245991 0.120656 0.0721475 0.0160614
 0.724985 0.176326 0.0540077 0.0258264 0.0188552
 0.834992 0.132346 0.021155 0.00630143 0.00520535
 0.748904 0.219914 0.0251148 0.00393133 0.00213591
 0.695213 0.24948 0.0486014 0.00540193 0.00130307
 0.647629 0.272999 0.0652843 0.0123826 0.00170584
 0.759006 0.180887 0.0469117 0.0108564 0.00233871
 0.941065 0.0489037 0.00758348 0.0019113 0.000536776
 0.3762 0.598775 0.0208585 0.00315035 0.00101554
 0.909997 0.0418475 0.0462676 0.00157399 0.000313957
 0.594629 0.379572 0.0121472 0.0131177 0.000534589
 0.62801 0.254508 0.110186 0.0034375 0.00385816
 0.735154 0.188875 0.0523846 0.0221233 0.00146284
 0.748685 0.201189 0.0359912 0.00975022 0.00438451
 0.313344 0.558727 0.102922 0.0179626 0.00704494
 0.744056 0.100567 0.126956 0.0228704 0.00555027
 0.623915 0.302906 0.0291408 0.0359904 0.00804739
 0.428994 0.400038 0.138302 0.0130173 0.0196486
 0.72992 0.138576 0.0927214 0.0313801 0.00740306
 0.682429 0.251872 0.0340735 0.0223063 0.00931923
 0.330815 0.502193 0.133039 0.0176185 0.0163339
 0.419963 0.2373 0.258582 0.067061 0.0170945
 0.853976 0.0744103 0.0296935 0.0316366 0.0102837
pobs_RECLAS
 0 0 0 0 0
 0 0 0 0 0
 0 0 0 0 0
 0 0 0 0 0
 0 0 0 0 0
 0 0 0 0 0
 0 0 0 0 0
 0 0 0 0 0
 0 0 0 0 0
 0 0 0 0 0
 0.991045 0.00858322 0.000360255 1.14367e-05 0
 0.934742 0.0480273 0.0164251 0.00080598 0
 0.827803 0.169806 0.00239088 0 0
 0.941827 0.0461693 0.0120037 0 0
 0.791401 0.0380133 0.147996 0.0225897 0
 0.846168 0.0940531 0.0597789 0 0
 0.134021 0.677848 0.182769 0.00536245 0
 0.80878 0.0450904 0.141981 0.00414843 0
 0.846168 0.0940531 0.0597789 0 0
 0.905697 0.0802665 0.012482 0.00150086 5.37128e-05
 0.989698 0.0102097 9.19794e-05 0 0
 0.975433 0.0193895 0.00387452 0.00125025 5.28907e-05
 0.303575 0.632131 0.0575291 0.00676475 0
 0.966965 0.00978017 0.0227588 0.000495775 0
 0.843318 0.132988 0.00938335 0.0141283 0.000182051
 0.564624 0.303363 0.111486 0.0197234 0.00080311
 0.826376 0.0876187 0.0782897 0.00655872 0.00115652
 0.89761 0.0855135 0.0140674 0.00269457 0.000114338
 0.34875 0.467042 0.161289 0.0227151 0.000203297
 0.318654 0.224769 0.449479 0.00709798 0
 0.937255 0.0296025 0.0250945 0.00804832 0
ppred_RECLAS
 0.559568 0.116542 0.303767 0.0201227 7.17194e-07
 0.506999 0.279629 0.0565475 0.147082 0.0097425
 0.658614 0.177595 0.0930572 0.0187487 0.0519856
 0.794855 0.137578 0.0352139 0.0183827 0.0139701
 0.726196 0.220896 0.0355462 0.00904978 0.00831207
 0.808812 0.139872 0.0414161 0.00665179 0.0032486
 0.552094 0.365838 0.0600995 0.0177308 0.00423767
 0.540474 0.26541 0.15877 0.0258873 0.00945885
 0.628184 0.203073 0.0975256 0.0582508 0.0129669
 0.789116 0.136289 0.0408442 0.0195089 0.0142421
 0.875124 0.100563 0.0157536 0.00468749 0.00387192
 0.807618 0.168944 0.0188826 0.00295238 0.00160394
 0.762402 0.195239 0.037229 0.00413319 0.000996965
 0.7258 0.213549 0.0498972 0.00945245 0.00130209
 0.817104 0.138036 0.0350214 0.00809528 0.00174379
 0.957352 0.0355183 0.00539134 0.00135726 0.000381154
 0.456127 0.522489 0.0178275 0.00268959 0.000866958
 0.934194 0.0309366 0.0335038 0.00113852 0.000227083
 0.672291 0.307273 0.00962772 0.0103852 0.000423208
 0.703176 0.204427 0.0866653 0.00270069 0.00303102
 0.794981 0.147088 0.0399596 0.0168573 0.00111458
 0.806555 0.155515 0.027243 0.00737204 0.00331489
 0.38807 0.499828 0.0902079 0.0157265 0.00616762
 0.802796 0.0784567 0.0970462 0.0174634 0.00423782
 0.697306 0.244787 0.0230746 0.0284674 0.0063649
 0.510729 0.344868 0.116837 0.0109851 0.0165803
 0.790569 0.108539 0.0711598 0.0240568 0.00567506
 0.748762 0.200114 0.0265285 0.0173482 0.00724741
 0.406903 0.447355 0.116136 0.0153634 0.0142424
 0.503795 0.205499 0.219385 0.0568337 0.0144866
 0.890722 0.0562538 0.0219995 0.0234139 0.0076104
pobs_PELACES
 0 0 0 0 0
 0 0 0 0 0
 0 0 0 0 0
 0 0 0 0 0
 0 0 0 0 0
 0 0 0 0 0
 0 0 0 0 0
 0 0 0 0 0
 0 0 0 0 0
 0 0 0 0 0
 0 0 0 0 0
 0 0 0 0 0
 0 0 0 0 0
 0 0 0 0 0
 0 0 0 0 0
 0 0 0 0 0
 0.505614 0.472636 0.0217494 0 0
 0 0 0 0 0
 0.443492 0.261883 0.143347 0.151278 0
 0.227955 0.32914 0.350689 0.0885471 0.00366901
 0.970185 0.0296113 0.000203453 0 0
 0.997202 0.00247181 0.000326279 0 0
 0.445219 0.490057 0.0546422 0.010081 0
 0.90214 0.0892962 0.00764917 0.000914606 0
 0 0 0 0 0
 0.581667 0.319106 0.0959925 0.00289975 0.000334073
 0.762889 0.0836404 0.116647 0.0363945 0.000428098
 0.88444 0.0763242 0.0277011 0.0115352 0
 0.521256 0.241999 0.230069 0.00667565 0
 0.616807 0.101726 0.260614 0.0208532 0
 0 0 0 0 0
ppred_PELACES
 0.5316 0.12185 0.324922 0.0216272 7.71559e-07
 0.483905 0.289526 0.0598343 0.156368 0.0103675
 0.637257 0.186521 0.0998849 0.0202196 0.0561179
 0.78259 0.144694 0.0378055 0.0198278 0.0150827
 0.705432 0.236509 0.0389398 0.00996132 0.00915812
 0.79448 0.149428 0.0452257 0.00729811 0.00356767
 0.53969 0.374554 0.0627196 0.0185888 0.00444696
 0.512599 0.278635 0.170595 0.0279491 0.0102221
 0.609788 0.210917 0.103412 0.0620556 0.0138271
 0.779425 0.141457 0.0432226 0.02074 0.0151553
 0.86334 0.109516 0.0175555 0.00524872 0.00433968
 0.798392 0.176593 0.0201328 0.00316243 0.0017197
 0.750799 0.204014 0.0396915 0.00442706 0.00106887
 0.720977 0.216434 0.0514485 0.00979009 0.00134987
 0.809329 0.143188 0.0370301 0.0085989 0.00185404
 0.954669 0.0376173 0.00582621 0.00147356 0.000414209
 0.43655 0.540817 0.0188537 0.00285784 0.000922078
 0.928344 0.0332981 0.0368487 0.00125811 0.000251176
 0.657164 0.320988 0.0102669 0.0111265 0.000453849
 0.686791 0.214279 0.092763 0.00290427 0.00326262
 0.780518 0.156431 0.0434263 0.0184064 0.00121817
 0.79449 0.164485 0.0294248 0.0079998 0.00360061
 0.36642 0.515298 0.0950873 0.0166561 0.00653845
 0.785669 0.0840764 0.106354 0.0192296 0.00467093
 0.676733 0.260145 0.025078 0.0310867 0.00695722
 0.4852 0.360307 0.124874 0.0117969 0.0178227
 0.773053 0.116262 0.0779527 0.0264791 0.00625248
 0.729444 0.21439 0.0290742 0.0191041 0.00798862
 0.382677 0.462886 0.122934 0.0163406 0.0151629
 0.478821 0.212903 0.232363 0.0604817 0.0154313
 0.87948 0.0612618 0.0245139 0.0262153 0.00852915
pobs_pel_tallas
 0 0 0 0 0 0 0 0 0 0 0 0 0 0 0 0 0 0 0 0 0 0 0 0 0 0
 0 0 0 0 0 0 0 0 0 0 0 0 0 0 0 0 0 0 0 0 0 0 0 0 0 0
 0 0 0 0 0 0 0 0 0 0 0 0 0 0 0 0 0 0 0 0 0 0 0 0 0 0
 0 0 0 0 0 0 0 0 0 0 0 0 0 0 0 0 0 0 0 0 0 0 0 0 0 0
 0 0 0 0 0 0 0 0 0 0 0 0 0 0 0 0 0 0 0 0 0 0 0 0 0 0
 0 0 0 0 0 0 0 0 0 0 0 0 0 0 0 0 0 0 0 0 0 0 0 0 0 0
 0 0 0 0 0 0 0 0 0 0 0 0 0 0 0 0 0 0 0 0 0 0 0 0 0 0
 0 0 0 0 0 0 0 0 0 0 0 0 0 0 0 0 0 0 0 0 0 0 0 0 0 0
 0 0 0 0 0 0 0 0 0 0 0 0 0 0 0 0 0 0 0 0 0 0 0 0 0 0
 0 0 0 0 0 0 0 0 0 0 0 0 0 0 0 0 0 0 0 0 0 0 0 0 0 0
 0 0 0 0 0 0 0 0 0 0 0 0 0 0 0 0 0 0 0 0 0 0 0 0 0 0
 0 0 0 0 0 0 0 0 0 0 0 0 0 0 0 0 0 0 0 0 0 0 0 0 0 0
 0.00862536 0 0 0.000197151 0.00414017 0.0128641 0.00837892 0.0270097 0.101434 0.158115 0.152841 0.127902 0.109271 0.109419 0.0830992 0.0579132 0.0238553 0.00714673 0.00463305 0.00128148 0.00103504 0.000492878 0.000147863 0.000147863 4.92878e-05 0
 0 0 0 0 0 0 0 0 0 0 0 0 0 0 0 0 0 0 0 0 0 0 0 0 0 0
 0 0 0 0 0 0 0 0.0054083 0.00873648 0.0413646 0.0450493 0.0745869 0.0622846 0.0627006 0.0613931 0.0827291 0.12552 0.122667 0.0946155 0.0697135 0.0546179 0.0294188 0.0215738 0.0213955 0.0102223 0.00600262
 0 0 0 0 0.00359764 0.0251062 0.0480494 0.140153 0.205849 0.193036 0.1447 0.116669 0.0760912 0.0342217 0.00950174 0.001854 0.000860785 0 0 0 0.000165536 0 0.000143464 0 0 0
 0 0 0 0 0 0 0 0.000145254 0.000435761 0.0275982 0.070085 0.0708112 0.156366 0.174668 0.174014 0.160142 0.0824315 0.0480064 0.0283245 0.00493863 0.00203355 0 0 0 0 0
 0 0 0 0 0 0 0 0 0 0 0 0 0 0 0 0 0 0 0 0 0 0 0 0 0 0
 0 0 1.00437e-05 0.000401748 0.00122533 0.00171747 0.00176769 0.0269171 0.070346 0.194647 0.189555 0.159765 0.064822 0.0314167 0.0384472 0.0292271 0.0345202 0.0313363 0.0194345 0.0106764 0.0143323 0.0359363 0.0279516 0.0138201 0.00172751 0
 0 0.0021121 0.0136068 0.0755702 0.200478 0.177729 0.0527432 0.0373336 0.0318909 0.0142505 0.0149659 0.0166563 0.0217959 0.0798694 0.0677717 0.0528807 0.04013 0.0224614 0.0357745 0.0225083 0.00881397 0.00855152 0.00135912 0.000746735 0 0
 0 0 0 0 5.4009e-05 0.00500934 0.000945158 0.0243581 0.138947 0.33067 0.221406 0.137944 0.0707744 0.0437923 0.0131692 0.00525238 0.0047753 0.00276346 9.45158e-05 9.00151e-06 2.25038e-05 9.00151e-06 4.50075e-06 0 0 0
 0.000866109 0.00284123 0.00948549 0.0512746 0.133035 0.25785 0.225252 0.132002 0.0553304 0.0519788 0.0540692 0.017754 0.00435017 0.00159236 0.00146478 0.000404838 0.000125132 0.000115318 0.000107957 0.000100596 0 0 0 0 0 0
 0 0 0 0 0.00144013 0.00171154 0.00461396 0.0210425 0.0478622 0.0707936 0.0888783 0.103762 0.0637923 0.0337046 0.0602308 0.124433 0.169614 0.0934646 0.0462172 0.0250306 0.0313229 0.00938855 0.002487 0.000210481 0 0
 0 0.00764035 0.051015 0.0998891 0.058973 0.0496711 0.0374665 0.0718981 0.12319 0.153886 0.159021 0.0857701 0.0377988 0.023471 0.0147837 0.00900784 0.00315554 0.000888139 0.00291439 0.00214683 0.00393193 0.00274676 0.000635225 9.99891e-05 0 0
 0 0 0 0 0 0 0 0 0 0 0 0 0 0 0 0 0 0 0 0 0 0 0 0 0 0
 0 0 0 0 0 0 0 0 0 0 0 0 0 0 0 0 0 0 0 0 0 0 0 0 0 0
 0 0 0 0 0 0 0 0 0 0 0 0 0 0 0 0 0 0 0 0 0 0 0 0 0 0
 0 0 0 0 0 0 0 0 0 0 0 0 0 0 0 0 0 0 0 0 0 0 0 0 0 0
 0 0 0 0 0 0 0 0 0 0 0 0 0 0 0 0 0 0 0 0 0 0 0 0 0 0
 0 0 0 0 0 0 0 0 0 0 0 0 0 0 0 0 0 0 0 0 0 0 0 0 0 0
 0 0 0 0 0 0 0 0 0 0 0 0 0 0 0 0 0 0 0 0 0 0 0 0 0 0
ppred_pel_tallas
 1.11577e-16 4.37872e-05 0.000425627 0.00282844 0.0128577 0.0400051 0.0852356 0.124406 0.124419 0.0852956 0.0402078 0.0134493 0.00433662 0.00379419 0.00666415 0.0115278 0.0179488 0.0253688 0.0331418 0.0408033 0.0480466 0.0543544 0.0587024 0.0597829 0.0567065 0.0496478
 1.19237e-16 3.98587e-05 0.000387441 0.00257468 0.0117041 0.0364161 0.0775893 0.11325 0.113278 0.0777261 0.0368757 0.0130329 0.00591484 0.0076959 0.0139723 0.0231819 0.0337575 0.0432864 0.0494053 0.0512041 0.0498261 0.0476512 0.0466775 0.04735 0.0485723 0.0486311
 1.14455e-16 5.249e-05 0.000510222 0.0033906 0.0154132 0.0479563 0.102177 0.149134 0.149152 0.102265 0.0482539 0.0162747 0.00555948 0.00526669 0.00915071 0.0152173 0.0223276 0.0289626 0.0336213 0.0356637 0.0356734 0.0349605 0.0346108 0.0348445 0.035081 0.0344821
 1.05669e-16 6.44609e-05 0.000626583 0.00416386 0.0189283 0.0588931 0.125479 0.183143 0.183157 0.125547 0.0591227 0.0195918 0.00583108 0.00427226 0.00700671 0.0115311 0.0167249 0.0212944 0.0239755 0.0242129 0.0224884 0.019966 0.0177406 0.0162796 0.0153897 0.0145715
 1.03734e-16 5.81055e-05 0.000564806 0.00375334 0.0170621 0.0530868 0.113108 0.165089 0.165112 0.113219 0.053461 0.0181432 0.0064674 0.00649149 0.0113195 0.0186364 0.0268768 0.0338767 0.0374714 0.0366689 0.0322351 0.0261576 0.0204349 0.0161359 0.0132744 0.0112961
 1.0268e-16 6.54403e-05 0.000636103 0.00422713 0.0192159 0.059788 0.127385 0.185925 0.18594 0.127456 0.0600251 0.0199012 0.00594922 0.00440159 0.00723483 0.0119042 0.017252 0.0219242 0.0245798 0.0245908 0.0223885 0.0191209 0.0159122 0.0133184 0.0113008 0.00955784
 1.04523e-16 4.44537e-05 0.000432106 0.00287149 0.0130534 0.0406142 0.0865342 0.126307 0.126343 0.0867107 0.0412069 0.0147654 0.00716979 0.00981822 0.017879 0.02951 0.0425596 0.0536338 0.059297 0.0579617 0.050818 0.0409899 0.0316286 0.0244362 0.0194759 0.0159395
 1.09528e-16 4.22222e-05 0.000410414 0.00272735 0.0123981 0.0385754 0.0821899 0.119964 0.119991 0.0823223 0.0390204 0.0136862 0.00597074 0.00752456 0.0136525 0.0227628 0.0333921 0.0432579 0.0500239 0.0525637 0.0515116 0.0485818 0.0452642 0.0420014 0.0383629 0.0338019
 1.11602e-16 5.02275e-05 0.000488229 0.00324445 0.0147488 0.0458892 0.0977725 0.142706 0.142727 0.0978726 0.0462255 0.0157222 0.00569456 0.0058598 0.0103202 0.0171636 0.0251534 0.0325613 0.0376661 0.0397138 0.039327 0.0379468 0.0367661 0.0360259 0.0351204 0.0332347
 1.05929e-16 6.42002e-05 0.000624049 0.00414702 0.0188518 0.058655 0.124971 0.182402 0.182416 0.125038 0.0588796 0.0195012 0.00577933 0.00419502 0.00686902 0.0113155 0.0164415 0.0209949 0.0237522 0.0241747 0.022722 0.0205014 0.0185385 0.0172448 0.0164022 0.0155197
 1.01796e-16 7.11122e-05 0.000691236 0.00459351 0.0208814 0.0649699 0.138426 0.202038 0.202049 0.138477 0.0651432 0.021382 0.00585016 0.00343531 0.00528503 0.00863121 0.0124426 0.015682 0.0173448 0.0169733 0.0149244 0.0121211 0.00949037 0.0075261 0.00623054 0.00534056
 1.01235e-16 6.57625e-05 0.000639235 0.00424794 0.0193105 0.0600824 0.128012 0.186842 0.186859 0.128096 0.0603614 0.0201165 0.00627058 0.00505326 0.00844466 0.0138456 0.0199127 0.0249848 0.0274147 0.0264404 0.0226349 0.0175176 0.0126508 0.00892426 0.00643722 0.00483666
 1.01823e-16 6.18423e-05 0.00060113 0.00399472 0.0181594 0.0565008 0.120382 0.175705 0.175724 0.120478 0.0568237 0.0190924 0.0063373 0.0057174 0.00978549 0.0160972 0.023223 0.029285 0.032405 0.0317034 0.0278027 0.0223738 0.0171112 0.0129455 0.00994792 0.00774229
 1.02751e-16 5.9386e-05 0.000577253 0.00383605 0.0174381 0.0542566 0.1156 0.168726 0.168747 0.115702 0.0545996 0.0184291 0.00632506 0.00601602 0.0104039 0.0171457 0.0247858 0.0313611 0.0349028 0.0344899 0.0307695 0.0254681 0.0203087 0.0161951 0.0131387 0.0107173
 1.02282e-16 6.66634e-05 0.000647992 0.00430613 0.0195751 0.0609054 0.129766 0.1894 0.189414 0.129833 0.0611324 0.0202311 0.00595412 0.00424998 0.00692047 0.0113693 0.0164508 0.0208533 0.0232828 0.0231365 0.0208417 0.0175273 0.0143079 0.0117495 0.00982928 0.00824928
 1.00396e-16 7.86348e-05 0.000764358 0.00507943 0.0230904 0.0718427 0.153069 0.223409 0.223412 0.153086 0.0719022 0.0232622 0.00551091 0.00170643 0.00186822 0.00296517 0.00426634 0.00537015 0.00592561 0.0057721 0.00502953 0.00401394 0.00304594 0.00230152 0.00179143 0.00143686
 1.01125e-16 3.59581e-05 0.000349526 0.00232273 0.0105588 0.0328526 0.069998 0.102175 0.102227 0.0702521 0.0337059 0.013022 0.00850093 0.0138211 0.0255754 0.0421047 0.0603684 0.0753214 0.0818457 0.0775809 0.0643605 0.0470445 0.0307176 0.0184059 0.0106054 0.00624808
 1.01241e-16 7.64665e-05 0.000743281 0.00493937 0.0224536 0.0698616 0.148848 0.217248 0.217252 0.148864 0.0699153 0.0226093 0.00533258 0.0016095 0.00174443 0.00282221 0.00419557 0.00556062 0.00665249 0.00733097 0.00762731 0.00766164 0.00750871 0.00713966 0.00648167 0.0055225
 1.01572e-16 5.41298e-05 0.000526161 0.00349653 0.0158947 0.0494546 0.105369 0.153796 0.153827 0.10552 0.049961 0.0173568 0.00716399 0.00852362 0.0152175 0.025006 0.0358634 0.0447798 0.0487316 0.0463374 0.0387029 0.0287176 0.0193815 0.0124443 0.00813245 0.00574154
 1.03576e-16 5.65701e-05 0.000549881 0.00365416 0.0166113 0.051684 0.110119 0.160726 0.160747 0.11022 0.0520248 0.0175969 0.00613276 0.0059756 0.0104045 0.0172237 0.0250662 0.0320585 0.0363036 0.0368828 0.0343321 0.0301535 0.025794 0.0219354 0.0185177 0.0152299
 1.03346e-16 6.42902e-05 0.000624924 0.00415284 0.0188782 0.0587372 0.125146 0.182658 0.182673 0.12522 0.0589854 0.0195955 0.0059551 0.00456552 0.00756665 0.0124562 0.0180527 0.0229465 0.0257441 0.0258047 0.0236006 0.0203494 0.0172263 0.0147848 0.0129298 0.0112813
 1.02303e-16 6.54411e-05 0.000636111 0.00422718 0.0192162 0.0597887 0.127387 0.185928 0.185944 0.127464 0.060049 0.0199682 0.00611552 0.00476017 0.00790313 0.012976 0.0187195 0.0236114 0.0261453 0.0256275 0.02258 0.0183683 0.0143642 0.0113 0.00918903 0.00766639
 1.05653e-16 3.01816e-05 0.000293376 0.00194959 0.00886258 0.027575 0.0587534 0.0857627 0.0858124 0.0589963 0.0283906 0.0112187 0.00786536 0.013213 0.0245827 0.0406337 0.0586266 0.0739215 0.0817906 0.0800329 0.0702513 0.0566994 0.0436775 0.0335238 0.0263661 0.0211707
 1.0581e-16 6.47145e-05 0.000629048 0.00418025 0.0190028 0.0591248 0.125972 0.183861 0.18387 0.126012 0.059261 0.019398 0.00517956 0.00283506 0.00432628 0.00723795 0.01086 0.0145773 0.0177849 0.0201733 0.0218265 0.0229895 0.0237218 0.023772 0.0227738 0.020566
 1.05086e-16 5.57417e-05 0.000541829 0.00360064 0.016368 0.0509271 0.108507 0.158374 0.158399 0.108629 0.0513383 0.0175556 0.00658132 0.00704787 0.0124101 0.020425 0.0294152 0.036998 0.0407992 0.0397618 0.0347953 0.0281708 0.0221523 0.0179181 0.0153985 0.0138313
 1.07895e-16 3.99653e-05 0.000388477 0.00258157 0.0117355 0.0365136 0.0777973 0.113555 0.11359 0.0779676 0.0370858 0.0133897 0.00673953 0.00948403 0.0173689 0.0287941 0.041809 0.0532736 0.0599894 0.060452 0.0556781 0.0483728 0.0411563 0.0352809 0.0305954 0.0263621
 1.05993e-16 6.36754e-05 0.000618948 0.00411313 0.0186977 0.0581755 0.123949 0.18091 0.180921 0.124005 0.0583615 0.0192363 0.00547035 0.00359884 0.00577337 0.00957625 0.0141009 0.018392 0.0215128 0.0230295 0.0232201 0.0227704 0.0222195 0.0216248 0.0206641 0.0189945
 1.04162e-16 6.00833e-05 0.000584032 0.0038811 0.0176429 0.0548938 0.116958 0.170708 0.170728 0.117059 0.0552329 0.0186224 0.00634003 0.00595287 0.0102596 0.0168755 0.0243285 0.030653 0.0338953 0.0331764 0.0292208 0.0238618 0.0189261 0.0153646 0.0131323 0.011644
 1.07871e-16 3.15207e-05 0.000306392 0.00203609 0.00925578 0.0287984 0.0613597 0.0895657 0.0896104 0.0615782 0.0295323 0.0113766 0.00736414 0.0119522 0.0221918 0.0367494 0.0531966 0.067441 0.0753089 0.0748498 0.0674407 0.0567312 0.0463326 0.0380896 0.031948 0.0269533
 1.15437e-16 3.94399e-05 0.00038337 0.00254763 0.0115812 0.0360334 0.0767737 0.112058 0.112079 0.0768758 0.0363771 0.0125781 0.00506628 0.0059358 0.0107441 0.0181184 0.0270791 0.0361203 0.0436917 0.0490402 0.0524939 0.054866 0.0565213 0.0569628 0.0552485 0.0507854
 1.04796e-16 7.24416e-05 0.000704158 0.00467938 0.0212718 0.0661844 0.141013 0.205814 0.20582 0.141042 0.066282 0.0215542 0.00539006 0.00226181 0.00304948 0.00497756 0.00728696 0.00943504 0.0109331 0.0115892 0.0116217 0.0114859 0.0115436 0.011838 0.0121168 0.0120331
pSPR Fmed_Fpbrs
0.548419   0.232683 0.232683
Fs Fmed_Fpbrs
0.354472   1.005 1.005
SSBpbr Bo_Bmed_Bpbrs
1.49973e+06  747493  273975 273975
Ro
141063
SPR SPRFo_SPRFmed_SPRFpbrs
1.00446e+06 550865 233721
Fref
1.005
log_Ro
11.677
likeval ReclasPelacesDesembMPH_pf_preclas_ppelaces_ptallas_desvR_qrecl_qpela
 12.6598 16.6329 0.0388509 0.000817359 229.217 119.697 83.0233 0 24.2047 3.00191e-06 1.53588e-05 0.196138 0 0 0
q_reclas_q_pelaces
1.27828 1.74641
M
1
N
 173131 37006 96640.9 6402.52 0.228194
 95825 55437.9 11250.4 29268.2 1938.71
 96607 27300 14354.4 2892.58 8020.5
 148821 27658.1 7116.51 3716.08 2824.11
 120131 37418.1 6031.77 1535.79 1410.6
 215459 38932.5 11565.3 1857.81 907.326
 85492.9 62672.7 10372.8 3061.46 731.704
 36670.6 18320.4 10973.4 1789.31 653.792
 35534.5 12303.6 5938.79 3548.13 789.844
 47624.9 9054.05 2732.68 1305.74 953.252
 89303.7 10483.6 1644.89 489.48 404.317
 128473 29306.6 3296.55 515.607 280.12
 107051 29735.3 5704.14 633.483 152.805
 75281.7 25495.8 6019.41 1140.94 157.171
 69809.8 13047.9 3335.2 771.248 166.137
 372090 14952.6 2283.08 574.943 161.462
 73965.2 89285.5 3058.25 461.486 148.757
 590398 20557 22345.3 759.488 151.484
 338659 166088 5231.12 5644.29 230.014
 275688 85452 36398.3 1134.55 1273.33
 370095 71985.2 19628.5 8282.13 547.605
 507272 104202 18339.5 4963.99 2232.12
 99412.5 132996 24070.1 4196.93 1645.96
 295342 29850.8 37015.3 6661.77 1616.62
 250012 90760.7 8576.65 10582.5 2366.11
 110790 76863.3 26092.4 2453.49 3703.17
 248495 35262.1 23174.7 7835.65 1848.46
 278987 76610.7 10176.4 6655.53 2780.44
 78646.5 88779.1 23092.5 3055.19 2832.28
 59142.8 25120.6 26898.2 6969.33 1776.46
 271243 17523 6864.29 7306.28 2374.83
pred_Ctot
 14343.6 4124.47 10970.3 727.497 0.0259303
 13951.1 10678.5 2204.49 5740.24 380.248
 13822 5171.25 2766.14 557.919 1547.07
 30710.9 7425.4 1941.22 1014.52 771.037
 9134.56 3834.38 629.615 160.468 147.395
 29056.9 6966.75 2105.72 338.568 165.359
 23565.8 22029 3699.18 1092.63 261.153
 2054.61 1390.49 848.699 138.527 50.6187
 7113.36 3209.83 1574.39 941.423 209.578
 12602 3064.97 938.786 448.925 327.749
 6150.88 974.91 155.836 46.4188 38.3446
 31265.3 9180.99 1048.5 164.125 89.1702
 24714.3 8868.84 1727.74 192.034 46.3233
 26724.6 11265.4 2693.98 510.975 70.392
 19256.2 4589.15 1190.16 275.43 59.3336
 84664.5 4399.7 682.261 171.954 48.2919
 11695.9 18615.7 648.484 97.9432 31.5727
 89753.7 4127.45 4563.41 155.244 30.9659
 69328.9 44254.9 1416.26 1529.41 62.3288
 52003.7 21075.1 9124.2 284.649 319.484
 56102.7 14413.8 3997.69 1688.32 111.635
 94700.5 25448.2 4552.49 1233.3 554.592
 11741.4 20936.2 3856.6 673.079 263.982
 31193.9 4216.19 5322.53 958.823 232.69
 26348.1 12791.8 1230.62 1519.88 339.843
 9554.49 8909.58 3080.25 289.919 437.612
 25809.3 4899.92 3278.55 1109.57 261.766
 24089.7 8891.06 1202.79 787.409 328.968
 6625.85 10058.4 2664.63 352.88 327.151
 7405.31 4184.36 4559.63 1182.5 301.431
 19768.8 1722.53 687.378 732.359 238.058
F
 0.138787 0.190673 0.1945 0.194706 0.194717
 0.255637 0.351209 0.358258 0.358637 0.358657
 0.250732 0.344469 0.351383 0.351755 0.351775
 0.380593 0.52288 0.533375 0.533939 0.533969
 0.126756 0.174144 0.17764 0.177828 0.177837
 0.234843 0.322641 0.329117 0.329465 0.329483
 0.540417 0.742456 0.757358 0.758159 0.758201
 0.0920841 0.12651 0.12905 0.129186 0.129193
 0.367291 0.504606 0.514734 0.515278 0.515307
 0.513544 0.705535 0.719697 0.720458 0.720498
 0.11423 0.156936 0.160086 0.160256 0.160264
 0.463382 0.63662 0.649398 0.650085 0.650121
 0.434795 0.597347 0.609336 0.609981 0.610015
 0.752612 1.03398 1.05473 1.05585 1.05591
 0.540888 0.743102 0.758017 0.758819 0.758861
 0.427296 0.587044 0.598827 0.59946 0.599493
 0.280395 0.385222 0.392954 0.39337 0.393392
 0.268277 0.368575 0.375972 0.37637 0.376391
 0.377038 0.517996 0.528393 0.528952 0.528981
 0.342809 0.47097 0.480423 0.480931 0.480958
 0.267424 0.367402 0.374776 0.375172 0.375193
 0.33873 0.465366 0.474707 0.475209 0.475235
 0.203067 0.278984 0.284584 0.284885 0.284901
 0.179908 0.247168 0.252129 0.252396 0.25241
 0.179482 0.246582 0.251531 0.251797 0.251811
 0.144824 0.198968 0.202961 0.203176 0.203187
 0.176685 0.24274 0.247613 0.247874 0.247888
 0.145015 0.19923 0.203229 0.203443 0.203455
 0.141276 0.194093 0.197989 0.198198 0.198209
 0.216438 0.297355 0.303323 0.303644 0.303661
 0.12122 0.166539 0.169882 0.170062 0.170071
nmprior
 8 9 7.5 0
nm_flota  nm_reclas  nm_pelaces    nm_pelaL
inf 14.2097 15.3539 26.5132
cv_recla  cv_pelaces  cv_mph
0.321838 0.479898 0.882291
 ------------------------------------------------
Talla a la edad & desviación 
 8 13.2811 15.8009 17.003 17.5766
 0.8 1.32811 1.58009 1.7003 1.75766
