years
 1991 1992 1993 1994 1995 1996 1997 1998 1999 2000 2001 2002 2003 2004 2005 2006 2007 2008 2009 2010 2011 2012 2013 2014 2015 2016 2017 2018 2019 2020 2021
reclasobs
 0 0 0 0 0 0 0 0 0 252601 567819 844713 477998 351125 339783 2.1784e+06 2.13404e+06 4.81314e+06 1.55562e+06 2.62356e+06 3.21686e+06 3.843e+06 1.13348e+06 3.07943e+06 1.97215e+06 2.03268e+06 2.025e+06 2.42433e+06 2.27542e+06 1.05018e+06 2.36338e+06
reclaspred
 4.12897e+06 1.58479e+06 859097 478758 128747 1.89493e+06 794669 345687 152702 209689 358128 636408 581282 417160 332604 1.85158e+06 1.27345e+06 4.12371e+06 3.34667e+06 2.09125e+06 3.95892e+06 3.4558e+06 2.106e+06 3.71065e+06 2.50276e+06 1.79064e+06 2.68959e+06 3.65285e+06 2.6717e+06 1.11597e+06 821980
pelacesobs
 0 0 0 0 0 0 0 0 0 0 0 0 0 0 0 552880 188675 0 991730 2.46772e+06 1.41603e+06 1.21717e+06 2.29649e+06 1.80582e+06 0 1.4828e+06 1.56532e+06 1.57751e+06 1.42118e+06 867257 0
pelacespred
 1.06859e+06 422551 197829 73617.3 20959.5 455364 146188 87172.2 23360.4 37561.4 82768.2 120387 121037 84103.1 67421.7 374647 256709 1.02229e+06 814395 467661 905858 803496 493996 998168 633321 450516 789561 1.04941e+06 636514 306145 197907
mphobs
 0 0 0 0 0 0 0 0 0 0 0 498337 0 5186 125008 0 168611 109162 213762 579715 649985 157893 87575 83554 0 0 0 0 0 0 0
mphpred
 774680 377682 108956 80653.6 27502.2 7878.84 181016 57114.2 23201.6 5788.43 12003.9 39386.6 51572.3 36432.5 19068 21111.1 203356 125280 408382 284338 249560 352113 355141 219062 360859 258564 169425 244302 448813 245489 76710.4
desembarqueobs
 494567 514787 250237 358949 120608 361735 552515 73892 212993 205616 52469 317467 293654 387597 252695 516296 358380 742168 942051 627588 828172 859565 418607 520667 417249 300574 407403 355545 319650 289779 219260
desembarquepred
 494528 514775 249643 358798 120549 361582 551914 73873.6 212770 205460 52461.4 317249 293413 387061 252451 515965 358263 741750 940933 626826 827795 858920 418403 520501 417039 300402 407224 355408 319504 289589 219203
Reclutas
 31055.3 21258.6 168135 28968.4 11692.2 304712 22208.9 5909.95 19219.3 56518.5 54252.8 121268 84869.1 67993.2 47948.4 396373 23053.9 623958 322958 201028 375110 512950 33590.8 275667 180840 58368.9 234433 303128 29816 15867.2 75116.4
log_desv_Rt
 -0.925644 -1.30465 0.763353 -0.99521 -1.90249 1.35795 -1.26092 -2.58478 -1.4055 -0.326846 -0.36776 0.436589 0.0796949 -0.142008 -0.49129 1.62094 -1.22358 2.07467 1.41611 0.942031 1.56581 1.87876 -0.847163 1.25778 0.836199 -0.294632 1.09575 1.35274 -0.96637 -1.59716 -0.0423753
SSB
 2.34027e+06 1.14096e+06 329151 243651 83082.7 23801.6 546840 172539 70090.8 17486.6 36263.2 118985 155797 110061 57603.4 63775.7 614329 378466 1.2337e+06 858972 753909 1.06372e+06 1.07286e+06 661775 1.09014e+06 781111 511826 738024 1.35584e+06 741610 231738
BT
 2.91481e+06 1.5239e+06 691330 436548 152390 1.3706e+06 823108 270154 254701 281688 234621 538730 543588 596090 406128 1.27147e+06 874046 3.03034e+06 2.77018e+06 1.64493e+06 2.78345e+06 2.63097e+06 1.50276e+06 2.79803e+06 1.85107e+06 1.31311e+06 2.24895e+06 2.77392e+06 1.73509e+06 1.01296e+06 663838
Ftot
 0.210221 0.550695 0.557701 1.20537 1.46027 0.41974 1.10123 0.380637 2.16609 1.79662 0.312319 0.959507 0.942826 1.63338 1.42239 0.59808 0.488466 0.381864 0.527407 0.558057 0.414684 0.483092 0.349599 0.288032 0.311747 0.307652 0.311828 0.201999 0.210687 0.449706 0.524776
BD_Bspro_t
 0.966924 0.74401 0.440162 0.392615 0.15642 0.0690038 0.512761 0.220815 0.139316 0.0517315 0.122905 0.376954 0.309992 0.213254 0.121802 0.138448 0.475152 0.353468 0.570329 0.447925 0.375314 0.455355 0.482088 0.405144 0.559557 0.538173 0.499535 0.616441 0.725794 0.593615 0.405768
BD_Bspro
 4.1938 2.04461 0.589843 0.436625 0.148885 0.0426528 0.979945 0.309193 0.125604 0.0313362 0.0649842 0.213223 0.279191 0.197231 0.103226 0.114287 1.10089 0.678216 2.21081 1.53929 1.35102 1.9062 1.92259 1.18591 1.95354 1.39976 0.9172 1.32255 2.42969 1.32898 0.415278
BD_Bo
 1.42577 0.695111 0.20053 0.14844 0.0506169 0.0145008 0.333154 0.105117 0.0427018 0.0106534 0.0220928 0.0724899 0.0949172 0.067053 0.035094 0.0388544 0.37427 0.230574 0.751615 0.523316 0.459308 0.648053 0.653627 0.403177 0.664151 0.47588 0.311822 0.44963 0.826027 0.451815 0.141183
BD_Brms
 8.5519 4.16933 1.2028 0.890357 0.303604 0.0869767 1.99828 0.630499 0.256129 0.0639 0.132514 0.4348 0.569321 0.402189 0.210496 0.233051 2.2449 1.383 4.50825 3.13889 2.75496 3.88707 3.9205 2.41828 3.98363 2.85436 1.87033 2.69692 4.95457 2.71002 0.846827
Sel_flota
 0.775781 1 1 1 1
 0.775781 1 1 1 1
 0.775781 1 1 1 1
 0.775781 1 1 1 1
 0.775781 1 1 1 1
 0.775781 1 1 1 1
 0.775781 1 1 1 1
 0.775781 1 1 1 1
 0.775781 1 1 1 1
 0.775781 1 1 1 1
 0.775781 1 1 1 1
 0.775781 1 1 1 1
 0.775781 1 1 1 1
 0.775781 1 1 1 1
 0.775781 1 1 1 1
 0.775781 1 1 1 1
 0.775781 1 1 1 1
 0.775781 1 1 1 1
 0.775781 1 1 1 1
 0.775781 1 1 1 1
 0.775781 1 1 1 1
 0.775781 1 1 1 1
 0.775781 1 1 1 1
 0.775781 1 1 1 1
 0.775781 1 1 1 1
 0.775781 1 1 1 1
 0.775781 1 1 1 1
 0.775781 1 1 1 1
 0.775781 1 1 1 1
 0.775781 1 1 1 1
 0.775781 1 1 1 1
Sel_reclas
 1 1 1 1 1
 1 1 1 1 1
 1 1 1 1 1
 1 1 1 1 1
 1 1 1 1 1
 1 1 1 1 1
 1 1 1 1 1
 1 1 1 1 1
 1 1 1 1 1
 1 1 1 1 1
 1 1 1 1 1
 1 1 1 1 1
 1 1 1 1 1
 1 1 1 1 1
 1 1 1 1 1
 1 1 1 1 1
 1 1 1 1 1
 1 1 1 1 1
 1 1 1 1 1
 1 1 1 1 1
 1 1 1 1 1
 1 1 1 1 1
 1 1 1 1 1
 1 1 1 1 1
 1 1 1 1 1
 1 1 1 1 1
 1 1 1 1 1
 1 1 1 1 1
 1 1 1 1 1
 1 1 1 1 1
 1 1 1 1 1
Sel_pelaces
 1 1 1 1 1
 1 1 1 1 1
 1 1 1 1 1
 1 1 1 1 1
 1 1 1 1 1
 1 1 1 1 1
 1 1 1 1 1
 1 1 1 1 1
 1 1 1 1 1
 1 1 1 1 1
 1 1 1 1 1
 1 1 1 1 1
 1 1 1 1 1
 1 1 1 1 1
 1 1 1 1 1
 1 1 1 1 1
 1 1 1 1 1
 1 1 1 1 1
 1 1 1 1 1
 1 1 1 1 1
 1 1 1 1 1
 1 1 1 1 1
 1 1 1 1 1
 1 1 1 1 1
 1 1 1 1 1
 1 1 1 1 1
 1 1 1 1 1
 1 1 1 1 1
 1 1 1 1 1
 1 1 1 1 1
 1 1 1 1 1
pf_obs 
 0.8446 0.082 0.0669 0.0065 0
 0.8095 0.147 0.0364 0.0071 0
 0.9664 0.0169 0.016 0.0007 0
 0.9276 0.0648 0.0075 0.0001 0
 0.7033 0.2144 0.0806 0.0017 0
 0.9318 0.0425 0.0243 0.0014 0
 0.5671 0.3108 0.0964 0.0239 0.0018
 0.0768 0.2599 0.5324 0.112 0.0189
 0.490249 0.384438 0.106611 0.0170017 0.00170017
 0.7925 0.1577 0.0466 0.003 0.0002
 0.840416 0.127587 0.0312969 0.00059994 9.999e-05
 0.8084 0.0986 0.0794 0.0134 0.0002
 0.7335 0.1905 0.0724 0.0035 0.0001
 0.4001 0.4547 0.1325 0.0127 0
 0.49795 0.308269 0.164784 0.0264974 0.00249975
 0.9179 0.0499 0.0305 0.0017 0
 0.2467 0.6533 0.0926 0.0074 0
 0.9418 0.0223 0.034 0.0019 0
 0.707729 0.231977 0.0356964 0.0245975 0
 0.517169 0.277429 0.184464 0.0207286 0.00020938
 0.811772 0.124168 0.05621 0.00726502 0.000585176
 0.764997 0.148141 0.077277 0.00933861 0.000247198
 0.163321 0.427699 0.378323 0.0303852 0.000271297
 0.753843 0.0900009 0.118128 0.0371064 0.000921714
 0.721811 0.176058 0.0630433 0.0369309 0.00215725
 0.143369 0.312575 0.442814 0.0836902 0.0175525
 0.692698 0.0596174 0.167031 0.0765114 0.00414204
 0.394062 0.376323 0.152708 0.0712218 0.00568511
 0.125707 0.32114 0.495352 0.0537591 0.00404204
 0.23352 0.215282 0.420074 0.123614 0.00750983
 0 0 0 0 0
pf_pred 
 0.14346 0.209163 0.576891 0.0704857 7.92624e-07
 0.244489 0.13728 0.150969 0.416386 0.0508755
 0.892759 0.0332975 0.0134359 0.0147756 0.0457318
 0.361012 0.588259 0.0157509 0.00635563 0.0286221
 0.528764 0.219344 0.231895 0.00620907 0.0137884
 0.991295 0.00560127 0.00144448 0.00152714 0.000131693
 0.187194 0.807612 0.00334236 0.000861944 0.000989848
 0.260748 0.191244 0.544506 0.00225348 0.00124851
 0.774119 0.073144 0.0395128 0.1125 0.000723545
 0.9701 0.025776 0.00133536 0.000721367 0.00206707
 0.891758 0.106321 0.00165625 8.58038e-05 0.000179172
 0.856 0.132077 0.0117106 0.000182426 2.91856e-05
 0.750456 0.224094 0.0233428 0.00206968 3.73993e-05
 0.762738 0.193671 0.0391456 0.00407759 0.000368072
 0.831442 0.141921 0.0217434 0.00439487 0.000499115
 0.980022 0.0177288 0.00189345 0.000290092 6.52936e-05
 0.167039 0.821018 0.0105989 0.00113197 0.000212462
 0.949177 0.0110095 0.0392431 0.000506606 6.42613e-05
 0.59635 0.388338 0.00331701 0.0118234 0.000171994
 0.582056 0.28086 0.131883 0.00112649 0.00407375
 0.805857 0.128109 0.0443752 0.0208373 0.000821626
 0.778999 0.187833 0.0218865 0.00758117 0.00370026
 0.146616 0.707674 0.123842 0.0144301 0.00743805
 0.814444 0.0349715 0.124873 0.0218526 0.00385877
 0.603168 0.33917 0.0108674 0.0388044 0.0079898
 0.374299 0.420128 0.175702 0.00562969 0.024241
 0.831267 0.0751936 0.0628071 0.0262666 0.00446552
 0.754491 0.213308 0.0143502 0.0119863 0.00586501
 0.165627 0.669796 0.142991 0.00961966 0.0119666
 0.222576 0.16198 0.49405 0.105472 0.0159223
 0.806674 0.0544999 0.0289251 0.0882235 0.0216776
pobs_RECLAS
 0 0 0 0 0
 0 0 0 0 0
 0 0 0 0 0
 0 0 0 0 0
 0 0 0 0 0
 0 0 0 0 0
 0 0 0 0 0
 0 0 0 0 0
 0 0 0 0 0
 0 0 0 0 0
 0.991045 0.00858322 0.000360255 1.14367e-05 0
 0.934742 0.0480273 0.0164251 0.00080598 0
 0.827803 0.169806 0.00239088 0 0
 0.941827 0.0461693 0.0120037 0 0
 0.791401 0.0380133 0.147996 0.0225897 0
 0.846168 0.0940531 0.0597789 0 0
 0.134021 0.677848 0.182769 0.00536245 0
 0.80878 0.0450904 0.141981 0.00414843 0
 0.846168 0.0940531 0.0597789 0 0
 0.905697 0.0802665 0.012482 0.00150086 5.37128e-05
 0.989698 0.0102097 9.19794e-05 0 0
 0.975433 0.0193895 0.00387452 0.00125025 5.28907e-05
 0.303575 0.632131 0.0575291 0.00676475 0
 0.966965 0.00978017 0.0227588 0.000495775 0
 0.843318 0.132988 0.00938335 0.0141283 0.000182051
 0.564624 0.303363 0.111486 0.0197234 0.00080311
 0.826376 0.0876187 0.0782897 0.00655872 0.00115652
 0.89761 0.0855135 0.0140674 0.00269457 0.000114338
 0.34875 0.467042 0.161289 0.0227151 0.000203297
 0.318654 0.224769 0.449479 0.00709798 0
 0.937255 0.0296025 0.0250945 0.00804832 0
ppred_RECLAS
 0.178227 0.200673 0.553475 0.0676247 7.60451e-07
 0.297432 0.12766 0.14039 0.387208 0.0473104
 0.915919 0.0261064 0.0105342 0.0115846 0.0358553
 0.432049 0.522862 0.0139998 0.00564907 0.0254402
 0.605113 0.183806 0.194324 0.00520309 0.0115544
 0.993304 0.00430893 0.00111121 0.00117479 0.000101308
 0.235736 0.75938 0.00314275 0.000810467 0.000930733
 0.314545 0.177327 0.504881 0.00208949 0.00115765
 0.830592 0.0548571 0.0296341 0.0843737 0.00054265
 0.978376 0.0186418 0.000965759 0.000521709 0.00149495
 0.914509 0.083974 0.00130814 6.77694e-05 0.000141513
 0.887733 0.102972 0.00913002 0.000142226 2.27541e-05
 0.79989 0.179702 0.0187187 0.00165968 2.99907e-05
 0.816054 0.150151 0.0303491 0.00316131 0.000285362
 0.870492 0.109042 0.0167061 0.00337671 0.000383485
 0.984682 0.0135933 0.00145177 0.000222423 5.00628e-05
 0.207474 0.781162 0.0100844 0.00107702 0.000202148
 0.960472 0.00856277 0.0305217 0.000394018 4.99799e-05
 0.658842 0.328216 0.00280348 0.00999292 0.000145367
 0.64569 0.238098 0.111804 0.000954978 0.00345351
 0.843892 0.103011 0.0356814 0.0167549 0.000660657
 0.821451 0.151752 0.0176823 0.00612492 0.00298948
 0.182547 0.677878 0.118627 0.0138226 0.00712487
 0.850639 0.0281499 0.100515 0.01759 0.00310607
 0.663696 0.287437 0.0092098 0.0328856 0.00677113
 0.437133 0.377938 0.158058 0.00506434 0.0218067
 0.864803 0.060249 0.0503243 0.0210462 0.00357801
 0.799143 0.174512 0.0117402 0.00980629 0.00479831
 0.204485 0.638602 0.136332 0.00917165 0.0114093
 0.271814 0.151721 0.462759 0.098792 0.0149139
 0.845052 0.0436808 0.023183 0.0707097 0.0173743
pobs_PELACES
 0 0 0 0 0
 0 0 0 0 0
 0 0 0 0 0
 0 0 0 0 0
 0 0 0 0 0
 0 0 0 0 0
 0 0 0 0 0
 0 0 0 0 0
 0 0 0 0 0
 0 0 0 0 0
 0 0 0 0 0
 0 0 0 0 0
 0 0 0 0 0
 0 0 0 0 0
 0 0 0 0 0
 0 0 0 0 0
 0.505614 0.472636 0.0217494 0 0
 0 0 0 0 0
 0.443492 0.261883 0.143347 0.151278 0
 0.227955 0.32914 0.350689 0.0885471 0.00366901
 0.970185 0.0296113 0.000203453 0 0
 0.997202 0.00247181 0.000326279 0 0
 0.445219 0.490057 0.0546422 0.010081 0
 0.90214 0.0892962 0.00764917 0.000914606 0
 0 0 0 0 0
 0.581667 0.319106 0.0959925 0.00289975 0.000334073
 0.762889 0.0836404 0.116647 0.0363945 0.000428098
 0.88444 0.0763242 0.0277011 0.0115352 0
 0.521256 0.241999 0.230069 0.00667565 0
 0.616807 0.101726 0.260614 0.0208532 0
 0 0 0 0 0
ppred_PELACES
 0.180517 0.200114 0.551932 0.0674363 7.58333e-07
 0.306017 0.1261 0.138674 0.382476 0.0467323
 0.919043 0.0251365 0.0101428 0.0111542 0.0345232
 0.454053 0.502604 0.0134574 0.00543021 0.0244545
 0.630616 0.171935 0.181773 0.00486705 0.0108082
 0.993507 0.00417802 0.00107745 0.0011391 9.82304e-05
 0.250731 0.744481 0.00308109 0.000794566 0.000912472
 0.320648 0.175748 0.500386 0.00207088 0.00114735
 0.851966 0.0479359 0.0258953 0.0737285 0.000474185
 0.981016 0.0163654 0.000847825 0.000458 0.0013124
 0.916298 0.0822163 0.00128075 6.63508e-05 0.000138551
 0.894616 0.0966589 0.00857024 0.000133506 2.1359e-05
 0.810823 0.169884 0.0176959 0.001569 2.83521e-05
 0.833508 0.135903 0.0274694 0.00286134 0.000258285
 0.881901 0.0994356 0.0152343 0.00307923 0.0003497
 0.985336 0.0130134 0.00138985 0.000212936 4.79274e-05
 0.21348 0.775243 0.010008 0.00106886 0.000200616
 0.96153 0.00833339 0.0297041 0.000383464 4.86411e-05
 0.667558 0.319831 0.00273185 0.00973761 0.000141653
 0.655079 0.231789 0.108841 0.000929672 0.00336199
 0.847892 0.100371 0.0347672 0.0163256 0.00064373
 0.826633 0.147348 0.0171691 0.00594714 0.00290271
 0.186439 0.674651 0.118063 0.0137568 0.00709095
 0.853326 0.0276434 0.0987066 0.0172735 0.00305018
 0.668825 0.283053 0.00906934 0.032384 0.00666786
 0.442742 0.374172 0.156483 0.00501388 0.0215894
 0.867478 0.0590569 0.0493286 0.0206297 0.00350721
 0.801531 0.172437 0.0116006 0.00968968 0.00474125
 0.207033 0.636557 0.135895 0.00914228 0.0113728
 0.27845 0.150338 0.458542 0.0978918 0.014778
 0.850069 0.0422667 0.0224324 0.0684205 0.0168118
pobs_pel_tallas
 0 0 0 0 0 0 0 0 0 0 0 0 0 0 0 0 0 0 0 0 0 0 0 0 0 0
 0 0 0 0 0 0 0 0 0 0 0 0 0 0 0 0 0 0 0 0 0 0 0 0 0 0
 0 0 0 0 0 0 0 0 0 0 0 0 0 0 0 0 0 0 0 0 0 0 0 0 0 0
 0 0 0 0 0 0 0 0 0 0 0 0 0 0 0 0 0 0 0 0 0 0 0 0 0 0
 0 0 0 0 0 0 0 0 0 0 0 0 0 0 0 0 0 0 0 0 0 0 0 0 0 0
 0 0 0 0 0 0 0 0 0 0 0 0 0 0 0 0 0 0 0 0 0 0 0 0 0 0
 0 0 0 0 0 0 0 0 0 0 0 0 0 0 0 0 0 0 0 0 0 0 0 0 0 0
 0 0 0 0 0 0 0 0 0 0 0 0 0 0 0 0 0 0 0 0 0 0 0 0 0 0
 0 0 0 0 0 0 0 0 0 0 0 0 0 0 0 0 0 0 0 0 0 0 0 0 0 0
 0 0 0 0 0 0 0 0 0 0 0 0 0 0 0 0 0 0 0 0 0 0 0 0 0 0
 0 0 0 0 0 0 0 0 0 0 0 0 0 0 0 0 0 0 0 0 0 0 0 0 0 0
 0 0 0 0 0 0 0 0 0 0 0 0 0 0 0 0 0 0 0 0 0 0 0 0 0 0
 0.00862536 0 0 0.000197151 0.00414017 0.0128641 0.00837892 0.0270097 0.101434 0.158115 0.152841 0.127902 0.109271 0.109419 0.0830992 0.0579132 0.0238553 0.00714673 0.00463305 0.00128148 0.00103504 0.000492878 0.000147863 0.000147863 4.92878e-05 0
 0 0 0 0 0 0 0 0 0 0 0 0 0 0 0 0 0 0 0 0 0 0 0 0 0 0
 0 0 0 0 0 0 0 0.0054083 0.00873648 0.0413646 0.0450493 0.0745869 0.0622846 0.0627006 0.0613931 0.0827291 0.12552 0.122667 0.0946155 0.0697135 0.0546179 0.0294188 0.0215738 0.0213955 0.0102223 0.00600262
 0 0 0 0 0.00359764 0.0251062 0.0480494 0.140153 0.205849 0.193036 0.1447 0.116669 0.0760912 0.0342217 0.00950174 0.001854 0.000860785 0 0 0 0.000165536 0 0.000143464 0 0 0
 0 0 0 0 0 0 0 0.000145254 0.000435761 0.0275982 0.070085 0.0708112 0.156366 0.174668 0.174014 0.160142 0.0824315 0.0480064 0.0283245 0.00493863 0.00203355 0 0 0 0 0
 0 0 0 0 0 0 0 0 0 0 0 0 0 0 0 0 0 0 0 0 0 0 0 0 0 0
 0 0 1.00437e-05 0.000401748 0.00122533 0.00171747 0.00176769 0.0269171 0.070346 0.194647 0.189555 0.159765 0.064822 0.0314167 0.0384472 0.0292271 0.0345202 0.0313363 0.0194345 0.0106764 0.0143323 0.0359363 0.0279516 0.0138201 0.00172751 0
 0 0.0021121 0.0136068 0.0755702 0.200478 0.177729 0.0527432 0.0373336 0.0318909 0.0142505 0.0149659 0.0166563 0.0217959 0.0798694 0.0677717 0.0528807 0.04013 0.0224614 0.0357745 0.0225083 0.00881397 0.00855152 0.00135912 0.000746735 0 0
 0 0 0 0 5.4009e-05 0.00500934 0.000945158 0.0243581 0.138947 0.33067 0.221406 0.137944 0.0707744 0.0437923 0.0131692 0.00525238 0.0047753 0.00276346 9.45158e-05 9.00151e-06 2.25038e-05 9.00151e-06 4.50075e-06 0 0 0
 0.000866109 0.00284123 0.00948549 0.0512746 0.133035 0.25785 0.225252 0.132002 0.0553304 0.0519788 0.0540692 0.017754 0.00435017 0.00159236 0.00146478 0.000404838 0.000125132 0.000115318 0.000107957 0.000100596 0 0 0 0 0 0
 0 0 0 0 0.00144013 0.00171154 0.00461396 0.0210425 0.0478622 0.0707936 0.0888783 0.103762 0.0637923 0.0337046 0.0602308 0.124433 0.169614 0.0934646 0.0462172 0.0250306 0.0313229 0.00938855 0.002487 0.000210481 0 0
 0 0.00764035 0.051015 0.0998891 0.058973 0.0496711 0.0374665 0.0718981 0.12319 0.153886 0.159021 0.0857701 0.0377988 0.023471 0.0147837 0.00900784 0.00315554 0.000888139 0.00291439 0.00214683 0.00393193 0.00274676 0.000635225 9.99891e-05 0 0
 0 0 0 0 0 0 0 0 0 0 0 0 0 0 0 0 0 0 0 0 0 0 0 0 0 0
 0 0 0 0 0 0 0 0 0 0 0 0 0 0 0 0 0 0 0 0 0 0 0 0 0 0
 0 0 0 0 0 0 0 0 0 0 0 0 0 0 0 0 0 0 0 0 0 0 0 0 0 0
 0 0 0 0 0 0 0 0 0 0 0 0 0 0 0 0 0 0 0 0 0 0 0 0 0 0
 0 0 0 0 0 0 0 0 0 0 0 0 0 0 0 0 0 0 0 0 0 0 0 0 0 0
 0 0 0 0 0 0 0 0 0 0 0 0 0 0 0 0 0 0 0 0 0 0 0 0 0 0
 0 0 0 0 0 0 0 0 0 0 0 0 0 0 0 0 0 0 0 0 0 0 0 0 0 0
ppred_pel_tallas
 1.22742e-16 1.4869e-05 0.000144532 0.000960464 0.00436614 0.0135848 0.0289446 0.0422497 0.0422698 0.0290433 0.0139186 0.00534075 0.00344682 0.00570447 0.0109614 0.0191073 0.029874 0.0424648 0.0559087 0.0695121 0.0827804 0.0947742 0.103609 0.106853 0.102758 0.091408
 1.503e-16 2.52062e-05 0.000245013 0.0016282 0.00740157 0.0230291 0.0490664 0.0716165 0.0716289 0.0491276 0.0232355 0.00800243 0.00315463 0.00363961 0.00666273 0.0114972 0.0178494 0.0253252 0.0337162 0.0433954 0.0552163 0.0697483 0.0863132 0.102583 0.115142 0.12075
 1.07261e-16 7.57004e-05 0.000735835 0.00488988 0.0222287 0.0691617 0.147356 0.215072 0.215074 0.147368 0.0692019 0.0223451 0.00518324 0.00138042 0.00131292 0.0020872 0.00309183 0.00410089 0.00496398 0.00567358 0.00639703 0.00737776 0.00876129 0.0104673 0.0121884 0.0135052
 1.052e-16 3.73999e-05 0.00036354 0.00241585 0.0109822 0.0341698 0.0728042 0.10627 0.106318 0.0730404 0.0349627 0.0132713 0.00815763 0.0128839 0.0237753 0.039141 0.0561377 0.0700947 0.0762943 0.0726018 0.0607945 0.0454525 0.0313203 0.021146 0.0152278 0.0123367
 1.07607e-16 5.19431e-05 0.000504905 0.00335527 0.0152526 0.0474566 0.101112 0.147579 0.147596 0.101194 0.0477336 0.0160557 0.00538299 0.00497013 0.00864534 0.0145045 0.0215726 0.0285469 0.0340811 0.0374697 0.0389152 0.0390979 0.0384637 0.0368928 0.0339825 0.0295824
 1.00164e-16 8.18339e-05 0.000795454 0.00528607 0.0240297 0.0747654 0.159296 0.232497 0.232497 0.159298 0.074772 0.0240489 0.00533424 0.000900812 0.000282539 0.000339214 0.000484678 0.000618031 0.000698402 0.000709945 0.000666685 0.000601723 0.000545332 0.000509005 0.000485112 0.000458004
 1.00514e-16 2.06525e-05 0.00020075 0.00133406 0.00606448 0.0188692 0.0402056 0.0586962 0.0587678 0.0405553 0.020043 0.00945256 0.00983044 0.0187213 0.0351146 0.0578094 0.082783 0.103067 0.111579 0.10506 0.0860814 0.0614477 0.0383177 0.021009 0.0102908 0.0046784
 1.14887e-16 2.64114e-05 0.000256729 0.00170605 0.00775548 0.0241303 0.0514127 0.0750421 0.0750597 0.0514994 0.0244234 0.0086116 0.00388999 0.00513962 0.00963658 0.0167636 0.026171 0.0371026 0.0486235 0.060007 0.0706914 0.0797709 0.085633 0.086363 0.0808068 0.0694771
 1.08234e-16 7.01753e-05 0.000682129 0.00453299 0.0206063 0.0641139 0.136602 0.199375 0.19938 0.136625 0.0641909 0.0208294 0.00509609 0.00192188 0.00245679 0.00403857 0.00602858 0.00806725 0.00986991 0.0113852 0.0128402 0.0145495 0.0166162 0.0187605 0.0204063 0.0209563
 1.00297e-16 8.0805e-05 0.000785454 0.00521962 0.0237276 0.0738254 0.157293 0.229574 0.229576 0.157301 0.0738513 0.0238022 0.00540677 0.00119372 0.000855299 0.00128386 0.0018366 0.00229948 0.00251606 0.0024184 0.00206514 0.00160432 0.00118697 0.000897059 0.00073775 0.000663116
 1.00089e-16 7.54743e-05 0.000733637 0.00487528 0.0221623 0.0689552 0.146917 0.214431 0.214439 0.146955 0.0690848 0.0225366 0.0058139 0.0027799 0.00395355 0.00639515 0.00915481 0.0114062 0.0123642 0.0116686 0.00960142 0.00690938 0.0043769 0.0024753 0.00128695 0.000649407
 1.0029e-16 7.36884e-05 0.000716277 0.00475991 0.0216379 0.0673235 0.14344 0.209357 0.209366 0.143486 0.0674762 0.0220787 0.00586594 0.0031292 0.0046517 0.00756141 0.0108563 0.0135897 0.0148495 0.0142128 0.0119941 0.00903567 0.00621287 0.00403867 0.00259181 0.00169466
 1.00717e-16 6.67864e-05 0.000649188 0.00431408 0.0196112 0.0610178 0.130006 0.18975 0.189767 0.130085 0.0612862 0.0203863 0.00625905 0.00489312 0.00812095 0.0133043 0.0191217 0.0239658 0.0262436 0.0252153 0.0214295 0.0163532 0.0115042 0.0077615 0.00524639 0.00364163
 1.01159e-16 6.86549e-05 0.000667351 0.00443478 0.0201599 0.0627249 0.133643 0.195058 0.195071 0.133707 0.0629401 0.0207815 0.00599562 0.00407649 0.00654848 0.0107307 0.0154818 0.0195302 0.0216237 0.021175 0.0185952 0.0149913 0.0114856 0.0086937 0.00666417 0.00515278
 1.00834e-16 7.26411e-05 0.000706097 0.00469226 0.0213304 0.0663667 0.141402 0.206382 0.206391 0.141448 0.066524 0.0217846 0.00583264 0.00319578 0.00480167 0.0078248 0.0112684 0.014177 0.0156278 0.0151934 0.0131878 0.0104459 0.00781836 0.00577818 0.00436517 0.00338333
 1.00074e-16 8.11608e-05 0.000788912 0.0052426 0.0238321 0.0741505 0.157985 0.230585 0.230586 0.157992 0.074171 0.0238915 0.00539161 0.00111407 0.000698314 0.00102495 0.00146607 0.00183801 0.00201446 0.0019388 0.00165325 0.00127009 0.000905128 0.000624833 0.000437423 0.000317564
 1.00629e-16 1.75842e-05 0.000170925 0.00113586 0.0051635 0.016066 0.034233 0.0499796 0.0500542 0.0345972 0.0172884 0.00869233 0.00998571 0.0194636 0.0365795 0.0602397 0.0862925 0.107497 0.116486 0.109866 0.0902983 0.0648317 0.0408758 0.0228877 0.0116535 0.00564417
 1.00907e-16 7.92e-05 0.000769852 0.00511594 0.0232563 0.072359 0.154169 0.225014 0.225015 0.154173 0.0723731 0.0232976 0.00522165 0.00100757 0.000550943 0.000838136 0.00132172 0.00191472 0.00257737 0.00327602 0.00397041 0.00458756 0.0050108 0.00511286 0.00482116 0.00416855
 1.01162e-16 5.49859e-05 0.000534483 0.00355183 0.0161461 0.0502367 0.107036 0.156228 0.156259 0.107186 0.0507411 0.0176021 0.00720326 0.00849501 0.0151425 0.024866 0.0356273 0.0444107 0.0481895 0.0455832 0.0377081 0.0274803 0.0179421 0.0108889 0.00657843 0.00430812
 1.03863e-16 5.3958e-05 0.000524491 0.00348543 0.0158443 0.0492975 0.105034 0.153305 0.153328 0.105144 0.0496665 0.0169113 0.00616938 0.00640157 0.0112681 0.0186788 0.0272157 0.0348705 0.0395996 0.0404047 0.0378418 0.0334922 0.028871 0.0246785 0.0208452 0.0170677
 1.02776e-16 6.98398e-05 0.000678867 0.00451131 0.0205078 0.0638074 0.135949 0.198423 0.198433 0.135996 0.0639669 0.0209689 0.00567057 0.00321558 0.00490541 0.00804634 0.0116961 0.0149456 0.0169174 0.01721 0.0161171 0.0143855 0.012712 0.011387 0.010298 0.0091816
 1.01621e-16 6.80887e-05 0.000661847 0.0043982 0.0199936 0.0622076 0.13254 0.19345 0.193464 0.13261 0.0624405 0.0206662 0.00608639 0.00434644 0.0070637 0.0115646 0.0166406 0.0209018 0.0229821 0.022256 0.0192098 0.0151124 0.0112564 0.00835926 0.00646835 0.00525242
 1.0616e-16 1.53569e-05 0.000149274 0.000991983 0.00450945 0.0140309 0.0298968 0.0436488 0.0437139 0.0302147 0.0150984 0.00759318 0.00873404 0.0170551 0.0321365 0.0531392 0.0766277 0.0965221 0.106608 0.103982 0.0907415 0.0724846 0.0549044 0.0411486 0.0314719 0.0245816
 1.05105e-16 7.02874e-05 0.000683218 0.00454023 0.0206392 0.0642163 0.13682 0.199693 0.199696 0.136833 0.0642632 0.0207766 0.0048926 0.00147697 0.00164976 0.00280434 0.00447264 0.00654439 0.00893426 0.0115716 0.0143559 0.0170507 0.0192267 0.0203637 0.0200811 0.0183447
 1.04711e-16 5.50903e-05 0.000535498 0.00355857 0.0161768 0.0503321 0.107239 0.156524 0.156551 0.107372 0.0507789 0.0174668 0.00679506 0.0075953 0.0134475 0.0221057 0.0317544 0.0397698 0.0435379 0.0419023 0.0358909 0.0280645 0.0210106 0.0161283 0.0134065 0.0120021
 1.08768e-16 3.64681e-05 0.000354483 0.00235567 0.0107085 0.0333185 0.0709898 0.103619 0.103656 0.0711669 0.0339135 0.0124293 0.00668267 0.00982588 0.018099 0.0300578 0.0437476 0.0559537 0.0633858 0.0644754 0.060211 0.0532722 0.0462216 0.0402331 0.0351141 0.030172
 1.04102e-16 7.1453e-05 0.000694548 0.00461552 0.0209815 0.0652812 0.139089 0.203005 0.203011 0.139117 0.0653761 0.0212564 0.00530909 0.00222025 0.00300342 0.00494284 0.00732752 0.00966835 0.0115153 0.0126646 0.0132472 0.0135635 0.0138049 0.0139029 0.013612 0.0127195
 1.02154e-16 6.60211e-05 0.000641749 0.00426465 0.0193865 0.0603186 0.128516 0.187576 0.187593 0.128597 0.0605909 0.0201728 0.00623759 0.00494607 0.00823315 0.0134873 0.0193791 0.0242825 0.0265947 0.0255917 0.0218706 0.0169616 0.0124264 0.00913519 0.00713643 0.00599539
 1.06926e-16 1.70532e-05 0.000165763 0.00110156 0.00500755 0.0155807 0.0331985 0.0484671 0.0485285 0.0334987 0.0165887 0.00791988 0.00841509 0.0161417 0.0303886 0.0502896 0.0726217 0.0916904 0.101669 0.0998214 0.0880754 0.0715978 0.055608 0.0429396 0.033767 0.026901
 1.25589e-16 2.29356e-05 0.000222942 0.00148153 0.00673482 0.0209546 0.0446466 0.0651661 0.0651813 0.0447212 0.0212072 0.0074735 0.00337027 0.00446066 0.00840778 0.0147447 0.0233001 0.0336234 0.0451617 0.0575304 0.070369 0.0827815 0.0929408 0.0984584 0.0974528 0.0895858
 1.10365e-16 7.0019e-05 0.00068061 0.00452289 0.0205604 0.0639711 0.136297 0.198931 0.198935 0.136318 0.0640391 0.0207575 0.00502046 0.00177708 0.00218404 0.00358729 0.00537899 0.00725669 0.00900216 0.0106146 0.0123415 0.0144926 0.0171522 0.0200066 0.0224172 0.0236864
pSPR Fmed_Fpbrs
0.395856   0.21672 0.21672
Fs Fmed_Fpbrs
0.552282   1.005 1.005
SSBpbr Bo_Bmed_Bpbrs
1.6414e+06  567690  273655 273655
Ro
78367.9
SPR SPRFo_SPRFmed_SPRFpbrs
558031 220900 120937
Fref
1.005
log_Ro
11.0892
likeval ReclasPelacesDesembMPH_pf_preclas_ppelaces_ptallas_desvR_qrecl_qpela
 18.2786 55.1082 0.0983147 0.000960314 260.121 121.036 90.099 0 65.9008 1.87095e-05 0 0.103625 0 0 0
q_reclas_q_pelaces
1.84584 1
M
1
N
 31055.3 35800.3 98740.6 12064.3 0.135665
 21258.6 9705.43 10673.2 29437.7 3596.8
 168135 5101.54 2058.53 2263.79 7006.62
 28968.4 40129.6 1074.49 433.566 1952.53
 11692.2 4183.31 4422.68 118.419 262.972
 304712 1385.52 357.305 377.75 32.5753
 22208.9 80942.6 334.987 86.3881 99.2072
 5909.95 3477.03 9899.74 40.9708 22.6994
 19219.3 1618.25 874.189 2488.98 16.0078
 56518.5 1317.19 68.2384 36.8628 105.63
 54252.8 5159.24 80.3699 4.16365 8.69438
 121268 15664 1388.84 21.6352 3.46132
 84869.1 21192.3 2207.49 195.727 3.5368
 67993.2 15024.5 3036.82 316.33 28.5541
 47948.4 7044.62 1079.29 218.151 24.7749
 396373 5851.27 624.922 95.743 21.5497
 23053.9 91686.5 1183.62 126.412 23.7265
 623958 5806.01 20695.3 267.165 33.889
 322958 170689 1457.95 5196.81 75.5977
 201028 78915 37056.1 316.517 1144.63
 375110 47967.1 16615.1 7801.97 307.637
 512950 100035 11656.1 4037.52 1970.65
 33590.8 129723 22701.3 2645.18 1363.46
 275667 9421.92 33643 5887.46 1039.62
 180840 81104.8 2598.69 9279.18 1910.58
 58368.9 52235.7 21845.5 699.955 3013.95
 234433 16913.5 14127.4 5908.22 1004.44
 303128 67711.7 4555.27 3804.89 1861.77
 29816 95340 20353.6 1369.28 1703.36
 15867.2 9314.73 28410.6 6065.23 915.622
 75116.4 4118.06 2185.6 6666.24 1637.98
pred_Ctot
 2993.63 4364.69 12038.2 1470.85 0.01654
 4836.4 2715.63 2986.42 8236.81 1006.4
 38657 1441.8 581.781 639.794 1980.22
 11976.9 19516 522.549 210.854 949.564
 5474.34 2270.89 2400.83 64.2831 142.753
 54966.6 310.586 80.0954 84.6785 7.30227
 8630.09 37232.8 154.091 39.7376 45.6343
 978.391 717.596 2043.13 8.45563 4.68473
 11223.2 1060.45 572.86 1631.04 10.49
 29904 794.563 41.1632 22.2366 63.7189
 7526.19 897.317 13.9783 0.72416 1.51216
 42705 6589.21 584.23 9.10105 1.45604
 29505.2 8810.58 917.754 81.3724 1.47041
 34065.1 8649.66 1748.3 182.112 16.4387
 22083.9 3769.55 577.526 116.732 13.257
 96564.2 1746.87 186.567 28.5836 6.43356
 4739.85 23297 300.751 32.1205 6.02877
 103590 1201.54 4282.87 55.2894 7.01328
 70858.8 46142.7 394.131 1404.87 20.4365
 46244.2 22314.3 10478.1 89.4994 323.659
 66953.7 10643.8 3686.86 1731.24 68.2638
 104470 25190 2935.16 1016.7 496.236
 5156.41 24888.6 4355.46 507.502 261.593
 35534.6 1525.82 5448.28 953.438 168.36
 25045.4 14083.4 451.249 1611.28 331.762
 7987.74 8965.77 3749.58 120.141 517.316
 32475.4 2937.61 2453.71 1026.17 174.456
 28150.5 7958.63 535.413 447.216 218.827
 2880.12 11647.3 2486.51 167.279 208.091
 3038.81 2211.49 6745.2 1440 217.386
 16411.7 1108.79 588.477 1794.9 441.029
F
 0.163085 0.210221 0.210221 0.210221 0.210221
 0.427219 0.550695 0.550695 0.550695 0.550695
 0.432654 0.557701 0.557701 0.557701 0.557701
 0.935102 1.20537 1.20537 1.20537 1.20537
 1.13285 1.46027 1.46027 1.46027 1.46027
 0.325626 0.41974 0.41974 0.41974 0.41974
 0.854314 1.10123 1.10123 1.10123 1.10123
 0.295291 0.380637 0.380637 0.380637 0.380637
 1.68041 2.16609 2.16609 2.16609 2.16609
 1.39378 1.79662 1.79662 1.79662 1.79662
 0.242291 0.312319 0.312319 0.312319 0.312319
 0.744367 0.959507 0.959507 0.959507 0.959507
 0.731426 0.942826 0.942826 0.942826 0.942826
 1.26714 1.63338 1.63338 1.63338 1.63338
 1.10347 1.42239 1.42239 1.42239 1.42239
 0.463979 0.59808 0.59808 0.59808 0.59808
 0.378943 0.488466 0.488466 0.488466 0.488466
 0.296243 0.381864 0.381864 0.381864 0.381864
 0.409152 0.527407 0.527407 0.527407 0.527407
 0.43293 0.558057 0.558057 0.558057 0.558057
 0.321704 0.414684 0.414684 0.414684 0.414684
 0.374774 0.483092 0.483092 0.483092 0.483092
 0.271212 0.349599 0.349599 0.349599 0.349599
 0.22345 0.288032 0.288032 0.288032 0.288032
 0.241847 0.311747 0.311747 0.311747 0.311747
 0.23867 0.307652 0.307652 0.307652 0.307652
 0.24191 0.311828 0.311828 0.311828 0.311828
 0.156707 0.201999 0.201999 0.201999 0.201999
 0.163447 0.210687 0.210687 0.210687 0.210687
 0.348873 0.449706 0.449706 0.449706 0.449706
 0.407111 0.524776 0.524776 0.524776 0.524776
nmprior
 8 9 7.5 0
nm_flota  nm_reclas  nm_pelaces    nm_pelaL
inf 13.1534 6.61483 9.65211
cv_recla  cv_pelaces  cv_mph
0.38672 0.87352 0.956339
 ------------------------------------------------
Talla a la edad & desviación 
 8 13.2811 15.8009 17.003 17.5766
 0.8 1.32811 1.58009 1.7003 1.75766
