years
 1991 1992 1993 1994 1995 1996 1997 1998 1999 2000 2001 2002 2003 2004 2005 2006 2007 2008 2009 2010 2011 2012 2013 2014 2015 2016 2017 2018 2019 2020 2021
reclasobs
 0 0 0 0 0 0 0 0 0 252601 567819 844713 477998 351125 339783 2.1784e+06 2.13404e+06 4.81314e+06 1.55562e+06 2.62356e+06 3.21686e+06 3.843e+06 1.13348e+06 3.07943e+06 1.97215e+06 2.03268e+06 2.025e+06 2.42433e+06 2.27542e+06 1.05018e+06 2.36338e+06
reclaspred
 1.4073e+06 1.07365e+06 497004 248725 186933 379597 176176 107528 178148 180497 213532 396135 556310 390190 559825 739683 695719 1.34443e+06 1.91192e+06 1.26677e+06 2.10916e+06 2.0393e+06 1.68424e+06 1.99698e+06 1.73713e+06 1.34419e+06 1.66668e+06 2.033e+06 2.14576e+06 1.02878e+06 403988
pelacesobs
 0 0 0 0 0 0 0 0 0 0 0 0 0 0 0 552880 188675 0 991730 2.46772e+06 1.41603e+06 1.21717e+06 2.29649e+06 1.80582e+06 0 1.4828e+06 1.56532e+06 1.57751e+06 1.42118e+06 867257 0
pelacespred
 556319 469375 227399 88730.2 71073 154603 43733.3 44585 73004.1 70263.2 101271 152371 243842 170307 282040 306247 275280 601095 895816 592577 897375 948305 770553 998149 878434 647634 930454 1.13286e+06 982285 558330 196355
mphobs
 0 0 0 0 0 0 0 0 0 0 0 498337 0 5186 125008 0 168611 109162 213762 579715 649985 157893 87575 83554 0 0 0 0 0 0 0
mphpred
 966938 1.16464e+06 579759 226441 163834 120784 266117 75582 59824.7 152539 106155 223854 340744 401997 212084 526464 624194 462038 1.26875e+06 1.48851e+06 935539 1.72194e+06 1.64397e+06 1.09961e+06 1.69686e+06 1.25742e+06 848666 1.42849e+06 2.06953e+06 1.19163e+06 499042
desembarqueobs
 494567 514787 250237 358949 120608 361735 552515 73892 212993 205616 52469 317467 293654 387597 252695 516296 358380 742168 942051 627588 828172 859565 418607 520667 417249 300574 407403 355545 319650 289779 219260
desembarquepred
 493795 515838 248809 358525 120346 361279 551334 73879 212802 206205 52495.7 316923 293151 386565 252199 516384 358934 742620 940069 626937 830383 858869 417785 522876 417783 300915 407172 356537 320660 289715 219033
Reclutas
 348821 49623.6 32371.7 93165.7 33748.1 178752 57501.6 12223.6 57582.4 46640.5 79065.7 163728 169907 58251 163242 259638 58274.2 599926 625249 63345.4 570680 583853 50518 367945 238275 74292.1 408572 379685 31076.5 49539.5 15136.7
log_desv_Rt
 1.15666 -0.793429 -1.22061 -0.163515 -1.17897 0.488102 -0.646081 -2.19453 -0.644678 -0.855425 -0.327615 0.40031 0.437359 -0.633133 0.397339 0.861392 -0.632735 1.69891 1.74025 -0.549292 1.64893 1.67175 -0.775565 1.21004 0.77553 -0.38989 1.31477 1.24145 -1.26144 -0.795125 -1.98077
SSB
 966938 1.16464e+06 579759 226441 163834 120784 266117 75582 59824.7 152539 106155 223854 340744 401997 212084 526464 624194 462038 1.26875e+06 1.48851e+06 935539 1.72194e+06 1.64397e+06 1.09961e+06 1.69686e+06 1.25742e+06 848666 1.42849e+06 2.06953e+06 1.19163e+06 499042
BT
 2.03311e+06 1.61075e+06 784044 612226 295502 949208 595003 211692 497877 419858 406025 802567 1.09491e+06 909444 1.35996e+06 1.46297e+06 1.02914e+06 3.04829e+06 3.91497e+06 2.0496e+06 3.9608e+06 3.611e+06 2.26019e+06 3.99164e+06 2.73196e+06 1.97202e+06 3.85257e+06 4.07563e+06 2.57751e+06 1.70147e+06 708146
Ftot
 0.32845 0.441826 0.459422 1.22779 0.585171 0.861933 2.22037 0.62424 1.06775 0.997336 0.232473 0.725118 0.48708 0.87297 0.421325 0.636613 0.47404 0.513016 0.455839 0.454579 0.368132 0.391572 0.233172 0.247053 0.226531 0.211022 0.231009 0.166385 0.141642 0.264037 0.495761
BD_Bspro_t
 0.948805 0.742705 0.511157 0.328565 0.269901 0.267372 0.340805 0.114134 0.125584 0.292424 0.278225 0.539141 0.50906 0.490527 0.337459 0.538951 0.498379 0.431546 0.600369 0.585562 0.428886 0.575363 0.599713 0.5497 0.677487 0.665899 0.636569 0.758604 0.807481 0.709781 0.584081
BD_Bspro
 1.23768 1.49075 0.742092 0.289844 0.209708 0.154604 0.34063 0.0967449 0.0765756 0.19525 0.135878 0.286533 0.436152 0.514556 0.271468 0.673874 0.798968 0.591409 1.62401 1.9053 1.19749 2.20408 2.10428 1.4075 2.17199 1.60949 1.08629 1.82847 2.649 1.52529 0.638773
BD_Bo
 0.593884 0.715314 0.356083 0.139078 0.100625 0.0741844 0.163447 0.0464217 0.0367438 0.093688 0.0651992 0.137489 0.209282 0.246903 0.13026 0.323349 0.383374 0.28378 0.779257 0.914232 0.5746 1.0576 1.00971 0.675368 1.0422 0.772294 0.521243 0.877367 1.27109 0.731888 0.306507
BD_Brms
 2.51715 3.03182 1.50924 0.589474 0.426496 0.314427 0.692759 0.196756 0.155736 0.397091 0.276343 0.58274 0.887029 1.04648 0.552102 1.3705 1.62491 1.20279 3.30284 3.87492 2.43541 4.48258 4.2796 2.86251 4.4173 3.27333 2.20926 3.71867 5.38743 3.10207 1.29911
Sel_flota
 0.5 1 1 1 1
 0.5 1 1 1 1
 0.5 1 1 1 1
 0.5 1 1 1 1
 0.5 1 1 1 1
 0.5 1 1 1 1
 0.5 1 1 1 1
 0.5 1 1 1 1
 0.5 1 1 1 1
 0.5 1 1 1 1
 0.5 1 1 1 1
 0.5 1 1 1 1
 0.5 1 1 1 1
 0.5 1 1 1 1
 0.5 1 1 1 1
 0.5 1 1 1 1
 0.5 1 1 1 1
 0.5 1 1 1 1
 0.5 1 1 1 1
 0.5 1 1 1 1
 0.5 1 1 1 1
 0.5 1 1 1 1
 0.5 1 1 1 1
 0.5 1 1 1 1
 0.5 1 1 1 1
 0.5 1 1 1 1
 0.5 1 1 1 1
 0.5 1 1 1 1
 0.5 1 1 1 1
 0.5 1 1 1 1
 0.5 1 1 1 1
Sel_reclas
 0.5 1 1 1 1
 0.5 1 1 1 1
 0.5 1 1 1 1
 0.5 1 1 1 1
 0.5 1 1 1 1
 0.5 1 1 1 1
 0.5 1 1 1 1
 0.5 1 1 1 1
 0.5 1 1 1 1
 0.5 1 1 1 1
 0.5 1 1 1 1
 0.5 1 1 1 1
 0.5 1 1 1 1
 0.5 1 1 1 1
 0.5 1 1 1 1
 0.5 1 1 1 1
 0.5 1 1 1 1
 0.5 1 1 1 1
 0.5 1 1 1 1
 0.5 1 1 1 1
 0.5 1 1 1 1
 0.5 1 1 1 1
 0.5 1 1 1 1
 0.5 1 1 1 1
 0.5 1 1 1 1
 0.5 1 1 1 1
 0.5 1 1 1 1
 0.5 1 1 1 1
 0.5 1 1 1 1
 0.5 1 1 1 1
 0.5 1 1 1 1
Sel_pelaces
 0.5 1 1 1 1
 0.5 1 1 1 1
 0.5 1 1 1 1
 0.5 1 1 1 1
 0.5 1 1 1 1
 0.5 1 1 1 1
 0.5 1 1 1 1
 0.5 1 1 1 1
 0.5 1 1 1 1
 0.5 1 1 1 1
 0.5 1 1 1 1
 0.5 1 1 1 1
 0.5 1 1 1 1
 0.5 1 1 1 1
 0.5 1 1 1 1
 0.5 1 1 1 1
 0.5 1 1 1 1
 0.5 1 1 1 1
 0.5 1 1 1 1
 0.5 1 1 1 1
 0.5 1 1 1 1
 0.5 1 1 1 1
 0.5 1 1 1 1
 0.5 1 1 1 1
 0.5 1 1 1 1
 0.5 1 1 1 1
 0.5 1 1 1 1
 0.5 1 1 1 1
 0.5 1 1 1 1
 0.5 1 1 1 1
 0.5 1 1 1 1
pf_obs 
 0.8446 0.082 0.0669 0.0065 0
 0.8095 0.147 0.0364 0.0071 0
 0.9664 0.0169 0.016 0.0007 0
 0.9276 0.0648 0.0075 0.0001 0
 0.7033 0.2144 0.0806 0.0017 0
 0.9318 0.0425 0.0243 0.0014 0
 0.5671 0.3108 0.0964 0.0239 0.0018
 0.0768 0.2599 0.5324 0.112 0.0189
 0.490249 0.384438 0.106611 0.0170017 0.00170017
 0.7925 0.1577 0.0466 0.003 0.0002
 0.840416 0.127587 0.0312969 0.00059994 9.999e-05
 0.8084 0.0986 0.0794 0.0134 0.0002
 0.7335 0.1905 0.0724 0.0035 0.0001
 0.4001 0.4547 0.1325 0.0127 0
 0.49795 0.308269 0.164784 0.0264974 0.00249975
 0.9179 0.0499 0.0305 0.0017 0
 0.2467 0.6533 0.0926 0.0074 0
 0.9418 0.0223 0.034 0.0019 0
 0.707729 0.231977 0.0356964 0.0245975 0
 0.517169 0.277429 0.184464 0.0207286 0.00020938
 0.811772 0.124168 0.05621 0.00726502 0.000585176
 0.764997 0.148141 0.077277 0.00933861 0.000247198
 0.163321 0.427699 0.378323 0.0303852 0.000271297
 0.753843 0.0900009 0.118128 0.0371064 0.000921714
 0.721811 0.176058 0.0630433 0.0369309 0.00215725
 0.143369 0.312575 0.442814 0.0836902 0.0175525
 0.692698 0.0596174 0.167031 0.0765114 0.00414204
 0.394062 0.376323 0.152708 0.0712218 0.00568511
 0.125707 0.32114 0.495352 0.0537591 0.00404204
 0.23352 0.215282 0.420074 0.123614 0.00750983
 0 0 0 0 0
pf_pred 
 0.708957 0.183974 0.0676803 0.0248982 0.0144902
 0.173228 0.697132 0.0819482 0.030147 0.0175449
 0.281587 0.232757 0.409504 0.0481374 0.0280148
 0.743019 0.12184 0.0437839 0.0770319 0.014325
 0.477001 0.468649 0.0257685 0.00926008 0.0193215
 0.885793 0.0783411 0.0321383 0.00176712 0.00196003
 0.472517 0.502791 0.0169378 0.0069485 0.000805831
 0.44007 0.445481 0.109091 0.00367503 0.00168247
 0.874136 0.0825577 0.0344545 0.00843738 0.000414361
 0.68143 0.303085 0.010157 0.00423892 0.00108903
 0.772648 0.194318 0.0314281 0.00105322 0.000552477
 0.761111 0.210052 0.0246466 0.00398623 0.000203662
 0.664501 0.298176 0.0328176 0.00385068 0.00065461
 0.364407 0.522016 0.100942 0.0111098 0.00152519
 0.793923 0.124003 0.0674084 0.0130348 0.00163157
 0.730025 0.2423 0.0166525 0.00905236 0.00196957
 0.285405 0.62039 0.0845486 0.00581074 0.003846
 0.903876 0.0461366 0.0433977 0.00591437 0.000675511
 0.65689 0.328193 0.00715941 0.0067344 0.00102261
 0.133468 0.706026 0.153528 0.00334915 0.00362871
 0.812034 0.0491168 0.11313 0.0246006 0.0011181
 0.620706 0.343698 0.00930155 0.0214242 0.0048705
 0.105489 0.703558 0.173032 0.0046828 0.0132379
 0.702329 0.0600705 0.18688 0.045961 0.0047601
 0.465555 0.446538 0.0177397 0.0551886 0.0149787
 0.243782 0.49215 0.220633 0.00876515 0.0346694
 0.77987 0.089603 0.0849473 0.0380823 0.00749701
 0.564446 0.38485 0.0206388 0.0195665 0.0104986
 0.0834273 0.670358 0.217553 0.011667 0.0169955
 0.281228 0.114668 0.441826 0.143387 0.0188912
 0.193084 0.369978 0.0697059 0.268584 0.098648
pobs_RECLAS
 0 0 0 0 0
 0 0 0 0 0
 0 0 0 0 0
 0 0 0 0 0
 0 0 0 0 0
 0 0 0 0 0
 0 0 0 0 0
 0 0 0 0 0
 0 0 0 0 0
 0 0 0 0 0
 0.991045 0.00858322 0.000360255 1.14367e-05 0
 0.934742 0.0480273 0.0164251 0.00080598 0
 0.827803 0.169806 0.00239088 0 0
 0.941827 0.0461693 0.0120037 0 0
 0.791401 0.0380133 0.147996 0.0225897 0
 0.846168 0.0940531 0.0597789 0 0
 0.134021 0.677848 0.182769 0.00536245 0
 0.80878 0.0450904 0.141981 0.00414843 0
 0.846168 0.0940531 0.0597789 0 0
 0.905697 0.0802665 0.012482 0.00150086 5.37128e-05
 0.989698 0.0102097 9.19794e-05 0 0
 0.975433 0.0193895 0.00387452 0.00125025 5.28907e-05
 0.303575 0.632131 0.0575291 0.00676475 0
 0.966965 0.00978017 0.0227588 0.000495775 0
 0.843318 0.132988 0.00938335 0.0141283 0.000182051
 0.564624 0.303363 0.111486 0.0197234 0.00080311
 0.826376 0.0876187 0.0782897 0.00655872 0.00115652
 0.89761 0.0855135 0.0140674 0.00269457 0.000114338
 0.34875 0.467042 0.161289 0.0227151 0.000203297
 0.318654 0.224769 0.449479 0.00709798 0
 0.937255 0.0296025 0.0250945 0.00804832 0
ppred_RECLAS
 0.712376 0.181813 0.0668852 0.0246057 0.0143199
 0.176665 0.694234 0.0816075 0.0300217 0.0174719
 0.28667 0.23111 0.406607 0.0477968 0.0278166
 0.760298 0.113648 0.04084 0.0718525 0.0133618
 0.485468 0.461062 0.0253513 0.00911016 0.0190087
 0.891394 0.0744994 0.0305623 0.00168046 0.00186391
 0.527668 0.450221 0.0151669 0.006222 0.000721577
 0.449174 0.438238 0.107318 0.00361527 0.00165512
 0.882265 0.0772256 0.0322292 0.00789245 0.0003876
 0.696246 0.288989 0.00968468 0.00404179 0.00103838
 0.774596 0.192653 0.0311588 0.0010442 0.000547744
 0.769174 0.202963 0.0238148 0.0038517 0.000196788
 0.670466 0.292874 0.032234 0.00378221 0.00064297
 0.377842 0.510981 0.0988087 0.010875 0.00149295
 0.797573 0.121806 0.0662144 0.0128039 0.00160267
 0.737414 0.235669 0.0161967 0.00880461 0.00191566
 0.290733 0.615764 0.0839181 0.00576741 0.00381732
 0.90634 0.044954 0.0422854 0.00576277 0.000658197
 0.662446 0.322879 0.00704348 0.00662535 0.00100605
 0.136346 0.703681 0.153018 0.00333803 0.00361665
 0.814926 0.0483611 0.11139 0.0242221 0.0011009
 0.625529 0.339327 0.00918327 0.0211517 0.00480857
 0.106546 0.702727 0.172828 0.00467726 0.0132222
 0.704815 0.0595686 0.185319 0.045577 0.00472034
 0.468242 0.444293 0.0176505 0.054911 0.0149034
 0.245624 0.490952 0.220096 0.00874381 0.034585
 0.78176 0.0888338 0.0842181 0.0377554 0.00743265
 0.566322 0.383192 0.0205499 0.0194822 0.0104533
 0.083918 0.669999 0.217436 0.0116607 0.0169864
 0.283838 0.114251 0.440222 0.142866 0.0188226
 0.197402 0.367998 0.0693329 0.267147 0.0981201
pobs_PELACES
 0 0 0 0 0
 0 0 0 0 0
 0 0 0 0 0
 0 0 0 0 0
 0 0 0 0 0
 0 0 0 0 0
 0 0 0 0 0
 0 0 0 0 0
 0 0 0 0 0
 0 0 0 0 0
 0 0 0 0 0
 0 0 0 0 0
 0 0 0 0 0
 0 0 0 0 0
 0 0 0 0 0
 0 0 0 0 0
 0.505614 0.472636 0.0217494 0 0
 0 0 0 0 0
 0.443492 0.261883 0.143347 0.151278 0
 0.227955 0.32914 0.350689 0.0885471 0.00366901
 0.970185 0.0296113 0.000203453 0 0
 0.997202 0.00247181 0.000326279 0 0
 0.445219 0.490057 0.0546422 0.010081 0
 0.90214 0.0892962 0.00764917 0.000914606 0
 0 0 0 0 0
 0.581667 0.319106 0.0959925 0.00289975 0.000334073
 0.762889 0.0836404 0.116647 0.0363945 0.000428098
 0.88444 0.0763242 0.0277011 0.0115352 0
 0.521256 0.241999 0.230069 0.00667565 0
 0.616807 0.101726 0.260614 0.0208532 0
 0 0 0 0 0
ppred_PELACES
 0.723352 0.174875 0.064333 0.0236668 0.0137735
 0.187519 0.685082 0.0805316 0.0296259 0.0172416
 0.302419 0.226008 0.39763 0.0467415 0.0272025
 0.795255 0.0970738 0.0348841 0.0613738 0.0114132
 0.509601 0.439436 0.0241623 0.00868286 0.0181171
 0.904415 0.0655671 0.026898 0.00147898 0.00164044
 0.617074 0.365001 0.012296 0.00504426 0.000584993
 0.47477 0.417874 0.102331 0.00344728 0.00157821
 0.899369 0.0660066 0.0275471 0.00674586 0.00033129
 0.729886 0.256984 0.00861212 0.00359417 0.000923381
 0.781223 0.186989 0.0302428 0.0010135 0.000531641
 0.78973 0.184888 0.021694 0.00350869 0.000179264
 0.687974 0.277315 0.0305215 0.00358127 0.00060881
 0.412249 0.482723 0.0933444 0.0102736 0.00141038
 0.808565 0.115192 0.0626189 0.0121087 0.00151565
 0.757241 0.217874 0.0149738 0.0081398 0.00177102
 0.307122 0.601536 0.0819791 0.00563414 0.00372912
 0.913282 0.0416218 0.0391509 0.0053356 0.000609407
 0.679054 0.306993 0.00669693 0.00629937 0.000956551
 0.145422 0.696287 0.15141 0.00330295 0.00357865
 0.823913 0.0460129 0.105981 0.0230459 0.00104744
 0.640536 0.325728 0.00881524 0.020304 0.00461586
 0.110265 0.699802 0.172108 0.0046578 0.0131672
 0.713225 0.0578716 0.180039 0.0442786 0.00458586
 0.477559 0.436508 0.0173413 0.0539489 0.0146423
 0.252132 0.486716 0.218197 0.00866837 0.0342866
 0.788193 0.0862152 0.0817355 0.0366424 0.00721355
 0.573052 0.377246 0.020231 0.0191798 0.0102911
 0.0857322 0.668672 0.217006 0.0116376 0.0169528
 0.292776 0.112825 0.434728 0.141083 0.0185876
 0.210683 0.361909 0.0681856 0.262726 0.0964964
pobs_pel_tallas
 0 0 0 0 0 0 0 0 0 0 0 0 0 0 0 0 0 0 0 0 0 0 0 0 0 0
 0 0 0 0 0 0 0 0 0 0 0 0 0 0 0 0 0 0 0 0 0 0 0 0 0 0
 0 0 0 0 0 0 0 0 0 0 0 0 0 0 0 0 0 0 0 0 0 0 0 0 0 0
 0 0 0 0 0 0 0 0 0 0 0 0 0 0 0 0 0 0 0 0 0 0 0 0 0 0
 0 0 0 0 0 0 0 0 0 0 0 0 0 0 0 0 0 0 0 0 0 0 0 0 0 0
 0 0 0 0 0 0 0 0 0 0 0 0 0 0 0 0 0 0 0 0 0 0 0 0 0 0
 0 0 0 0 0 0 0 0 0 0 0 0 0 0 0 0 0 0 0 0 0 0 0 0 0 0
 0 0 0 0 0 0 0 0 0 0 0 0 0 0 0 0 0 0 0 0 0 0 0 0 0 0
 0 0 0 0 0 0 0 0 0 0 0 0 0 0 0 0 0 0 0 0 0 0 0 0 0 0
 0 0 0 0 0 0 0 0 0 0 0 0 0 0 0 0 0 0 0 0 0 0 0 0 0 0
 0 0 0 0 0 0 0 0 0 0 0 0 0 0 0 0 0 0 0 0 0 0 0 0 0 0
 0 0 0 0 0 0 0 0 0 0 0 0 0 0 0 0 0 0 0 0 0 0 0 0 0 0
 0.00862536 0 0 0.000197151 0.00414017 0.0128641 0.00837892 0.0270097 0.101434 0.158115 0.152841 0.127902 0.109271 0.109419 0.0830992 0.0579132 0.0238553 0.00714673 0.00463305 0.00128148 0.00103504 0.000492878 0.000147863 0.000147863 4.92878e-05 0
 0 0 0 0 0 0 0 0 0 0 0 0 0 0 0 0 0 0 0 0 0 0 0 0 0 0
 0 0 0 0 0 0 0 0.0054083 0.00873648 0.0413646 0.0450493 0.0745869 0.0622846 0.0627006 0.0613931 0.0827291 0.12552 0.122667 0.0946155 0.0697135 0.0546179 0.0294188 0.0215738 0.0213955 0.0102223 0.00600262
 0 0 0 0 0.00359764 0.0251062 0.0480494 0.140153 0.205849 0.193036 0.1447 0.116669 0.0760912 0.0342217 0.00950174 0.001854 0.000860785 0 0 0 0.000165536 0 0.000143464 0 0 0
 0 0 0 0 0 0 0 0.000145254 0.000435761 0.0275982 0.070085 0.0708112 0.156366 0.174668 0.174014 0.160142 0.0824315 0.0480064 0.0283245 0.00493863 0.00203355 0 0 0 0 0
 0 0 0 0 0 0 0 0 0 0 0 0 0 0 0 0 0 0 0 0 0 0 0 0 0 0
 0 0 1.00437e-05 0.000401748 0.00122533 0.00171747 0.00176769 0.0269171 0.070346 0.194647 0.189555 0.159765 0.064822 0.0314167 0.0384472 0.0292271 0.0345202 0.0313363 0.0194345 0.0106764 0.0143323 0.0359363 0.0279516 0.0138201 0.00172751 0
 0 0.0021121 0.0136068 0.0755702 0.200478 0.177729 0.0527432 0.0373336 0.0318909 0.0142505 0.0149659 0.0166563 0.0217959 0.0798694 0.0677717 0.0528807 0.04013 0.0224614 0.0357745 0.0225083 0.00881397 0.00855152 0.00135912 0.000746735 0 0
 0 0 0 0 5.4009e-05 0.00500934 0.000945158 0.0243581 0.138947 0.33067 0.221406 0.137944 0.0707744 0.0437923 0.0131692 0.00525238 0.0047753 0.00276346 9.45158e-05 9.00151e-06 2.25038e-05 9.00151e-06 4.50075e-06 0 0 0
 0.000866109 0.00284123 0.00948549 0.0512746 0.133035 0.25785 0.225252 0.132002 0.0553304 0.0519788 0.0540692 0.017754 0.00435017 0.00159236 0.00146478 0.000404838 0.000125132 0.000115318 0.000107957 0.000100596 0 0 0 0 0 0
 0 0 0 0 0.00144013 0.00171154 0.00461396 0.0210425 0.0478622 0.0707936 0.0888783 0.103762 0.0637923 0.0337046 0.0602308 0.124433 0.169614 0.0934646 0.0462172 0.0250306 0.0313229 0.00938855 0.002487 0.000210481 0 0
 0 0.00764035 0.051015 0.0998891 0.058973 0.0496711 0.0374665 0.0718981 0.12319 0.153886 0.159021 0.0857701 0.0377988 0.023471 0.0147837 0.00900784 0.00315554 0.000888139 0.00291439 0.00214683 0.00393193 0.00274676 0.000635225 9.99891e-05 0 0
 0 0 0 0 0 0 0 0 0 0 0 0 0 0 0 0 0 0 0 0 0 0 0 0 0 0
 0 0 0 0 0 0 0 0 0 0 0 0 0 0 0 0 0 0 0 0 0 0 0 0 0 0
 0 0 0 0 0 0 0 0 0 0 0 0 0 0 0 0 0 0 0 0 0 0 0 0 0 0
 0 0 0 0 0 0 0 0 0 0 0 0 0 0 0 0 0 0 0 0 0 0 0 0 0 0
 0 0 0 0 0 0 0 0 0 0 0 0 0 0 0 0 0 0 0 0 0 0 0 0 0 0
 0 0 0 0 0 0 0 0 0 0 0 0 0 0 0 0 0 0 0 0 0 0 0 0 0 0
 0 0 0 0 0 0 0 0 0 0 0 0 0 0 0 0 0 0 0 0 0 0 0 0 0 0
ppred_pel_tallas
 1.06606e-16 5.95815e-05 0.000579154 0.00384868 0.0174956 0.0544353 0.115981 0.169281 0.169298 0.116063 0.0547133 0.0182994 0.00587002 0.00500345 0.00849684 0.0140447 0.0204446 0.0261764 0.0297326 0.0304329 0.0288042 0.0261512 0.023675 0.021847 0.0204156 0.0188518
 1.08388e-16 1.54459e-05 0.000150139 0.000997732 0.00453559 0.0141122 0.0300701 0.043902 0.043968 0.0303926 0.0151952 0.00766316 0.00884747 0.0172833 0.0325463 0.0537609 0.0773989 0.097247 0.106982 0.10371 0.0897038 0.0708649 0.0531939 0.0400002 0.0314629 0.0259956
 1.20824e-16 2.49099e-05 0.000242133 0.00160906 0.00731456 0.0227584 0.0484901 0.0707773 0.0707997 0.0485996 0.023128 0.00838949 0.00433547 0.00628732 0.0117797 0.0201504 0.0306948 0.0420891 0.0528959 0.0623144 0.0703365 0.0770846 0.0819938 0.083717 0.0809184 0.0732693
 1.09118e-16 6.55041e-05 0.000636723 0.00423125 0.0192347 0.0598462 0.127509 0.186105 0.186115 0.127555 0.0600009 0.0196822 0.0053577 0.00310617 0.00478713 0.00789711 0.0115834 0.0150423 0.0175301 0.0187794 0.0191732 0.0194502 0.0201591 0.0212888 0.022314 0.0225502
 1.04747e-16 4.19753e-05 0.000408015 0.0027114 0.0123257 0.03835 0.0817102 0.119267 0.11931 0.0819169 0.0390436 0.0143285 0.00773615 0.0113681 0.0208308 0.0343034 0.0492551 0.061619 0.06729 0.0644034 0.0544822 0.0414629 0.0294019 0.0206178 0.0153301 0.0124861
 1.0122e-16 7.44955e-05 0.000724123 0.00481205 0.0218749 0.0680609 0.145011 0.21165 0.211656 0.145042 0.0681652 0.0221763 0.00557004 0.00238309 0.00323768 0.00526709 0.0076554 0.00978245 0.0110643 0.0112223 0.0104265 0.00914518 0.0078294 0.00669123 0.00570759 0.00477071
 1.01054e-16 5.08276e-05 0.000494063 0.00328322 0.0149251 0.0464376 0.0989416 0.144416 0.144451 0.0991131 0.0470135 0.0165875 0.00745307 0.00958658 0.0172889 0.0284223 0.0407524 0.0508564 0.0552836 0.0524472 0.0435909 0.0319968 0.0210917 0.0129032 0.00774413 0.00487007
 1.03673e-16 3.91062e-05 0.000380127 0.00252608 0.0114832 0.0357287 0.0761253 0.111116 0.111156 0.0763224 0.0363908 0.0133963 0.00733123 0.0108794 0.0200066 0.0330838 0.047816 0.0604566 0.0671834 0.0661832 0.0586709 0.0479617 0.0374019 0.0288074 0.0223152 0.017239
 1.01545e-16 7.40799e-05 0.000720083 0.0047852 0.0217528 0.0676812 0.144202 0.210469 0.210475 0.144233 0.0677862 0.0220565 0.00554885 0.00239192 0.00326325 0.0053143 0.00773415 0.00990559 0.0112491 0.0114923 0.0108106 0.00967099 0.00851112 0.00751679 0.00663245 0.00572333
 1.00831e-16 6.01198e-05 0.000584386 0.00388345 0.0176536 0.0549271 0.117029 0.170812 0.170837 0.11715 0.0553325 0.0188241 0.00681931 0.00698616 0.012197 0.0200133 0.0286937 0.0358092 0.0389298 0.0369395 0.0307153 0.0225693 0.0149142 0.00917616 0.0055718 0.00357218
 1.01113e-16 6.43483e-05 0.000625488 0.00415659 0.0188953 0.0587903 0.12526 0.182824 0.182842 0.125348 0.0590861 0.0197496 0.0063012 0.00530761 0.00895769 0.0147095 0.0211878 0.0266496 0.0293577 0.0284979 0.0246491 0.0193726 0.0142698 0.0102476 0.00741335 0.00543784
 1.01056e-16 6.5049e-05 0.0006323 0.00420185 0.019101 0.0594305 0.126624 0.184815 0.184832 0.126711 0.0597227 0.0199449 0.00631965 0.00525409 0.00883854 0.0144979 0.020852 0.0261646 0.0287097 0.0276863 0.0236893 0.0183032 0.0131594 0.00918975 0.00650537 0.00475069
 1.01414e-16 5.66676e-05 0.000550829 0.00366045 0.0166399 0.051773 0.110309 0.161005 0.161031 0.110439 0.0522112 0.0179053 0.00683609 0.00748058 0.0132095 0.021727 0.0312421 0.0391777 0.042942 0.0413308 0.0352392 0.0270546 0.0192413 0.013217 0.00916431 0.00655569
 1.04087e-16 3.39565e-05 0.000330069 0.00219343 0.00997103 0.0310238 0.0661013 0.0964865 0.0965331 0.0663288 0.0317879 0.0121784 0.00773599 0.012435 0.0230391 0.0380748 0.0549362 0.0692674 0.0766281 0.0749342 0.0656571 0.052751 0.0402298 0.030303 0.0231497 0.0178901
 1.03308e-16 6.66004e-05 0.00064738 0.00430207 0.0195566 0.0608478 0.129643 0.18922 0.189232 0.129698 0.0610316 0.0200882 0.00564002 0.00358011 0.00567147 0.00936234 0.0136943 0.0176681 0.0202997 0.0211177 0.0203972 0.0188815 0.0172377 0.0157 0.0141249 0.0122919
 1.01604e-16 6.2373e-05 0.000606288 0.004029 0.0183152 0.0569856 0.121415 0.177213 0.177234 0.121517 0.0573297 0.0193086 0.00652131 0.00604324 0.010377 0.0170278 0.0244563 0.0306157 0.0334675 0.0320791 0.0271869 0.0207146 0.0146441 0.0101084 0.00722634 0.00551667
 1.03716e-16 2.52973e-05 0.000245899 0.00163409 0.00742837 0.0231127 0.0492463 0.0718885 0.0719465 0.0495295 0.0240637 0.0101751 0.00852805 0.0152934 0.028597 0.0472192 0.0679745 0.0853794 0.0938409 0.0907493 0.0780117 0.0607314 0.0441554 0.0312709 0.022433 0.0165198
 1.01779e-16 7.52259e-05 0.000731222 0.00485923 0.0220893 0.0687282 0.146433 0.213724 0.213728 0.146453 0.0687951 0.0222833 0.00534864 0.00180804 0.00214498 0.00349135 0.00517194 0.00681597 0.00809095 0.00882979 0.00909472 0.00907144 0.00888937 0.00853117 0.0078937 0.00691908
 1.01066e-16 5.59329e-05 0.000543687 0.003613 0.0164242 0.0511018 0.108879 0.158918 0.158948 0.109023 0.0515861 0.0178221 0.00711907 0.00818812 0.0145466 0.0238883 0.034239 0.0427059 0.0463853 0.0439476 0.0364519 0.0266781 0.0175271 0.0107129 0.00648958 0.00420537
 1.05485e-16 1.19783e-05 0.000116434 0.000773746 0.00351738 0.0109442 0.0233203 0.0340508 0.034118 0.0236486 0.0120468 0.00670297 0.00877341 0.0175909 0.033231 0.0549999 0.0794119 0.100231 0.111059 0.108871 0.0957353 0.0772728 0.0591921 0.0446406 0.0339097 0.0258311
 1.05559e-16 6.78646e-05 0.000659668 0.00438373 0.0199278 0.0620028 0.132104 0.19281 0.192815 0.132126 0.0620789 0.0201498 0.00494873 0.00191904 0.00253592 0.0042845 0.00663196 0.00931686 0.0120972 0.0148299 0.0174656 0.019896 0.0218064 0.0227155 0.0222125 0.0202148
 1.03156e-16 5.27602e-05 0.000512848 0.00340806 0.0154926 0.0482032 0.102703 0.149905 0.149936 0.102856 0.0487172 0.0169764 0.00713017 0.00863004 0.015445 0.025389 0.0364286 0.0455246 0.0496303 0.0473721 0.0399012 0.030166 0.0211981 0.0147201 0.010871 0.00882998
 1.07841e-16 9.0825e-06 8.82852e-05 0.000586689 0.00266705 0.00829853 0.0176834 0.0258236 0.0258911 0.0180135 0.00940739 0.00587115 0.00863448 0.0176733 0.0334544 0.0554166 0.0801137 0.101328 0.112678 0.111149 0.0987986 0.0811939 0.0639368 0.0500373 0.0396637 0.0315827
 1.10427e-16 5.87474e-05 0.000571046 0.0037948 0.0172506 0.0536731 0.114356 0.166908 0.166914 0.114385 0.0537705 0.0175355 0.00452367 0.00220761 0.00330049 0.00571339 0.00904447 0.0130943 0.0176625 0.0226127 0.0278059 0.0328779 0.0370851 0.0394547 0.0392105 0.0361896
 1.08501e-16 3.9336e-05 0.00038236 0.00254092 0.0115507 0.0359386 0.0765726 0.111769 0.111811 0.0767779 0.0366278 0.0135407 0.00753384 0.0112749 0.0207065 0.0341217 0.0490473 0.0614896 0.0674399 0.0651337 0.0561654 0.0444759 0.0340227 0.0269084 0.0230485 0.021081
 1.13093e-16 2.07679e-05 0.000201871 0.00134151 0.00609833 0.0189744 0.0404288 0.0590168 0.059064 0.0406592 0.019749 0.00833844 0.00697575 0.0125387 0.0235597 0.0392004 0.05713 0.0732242 0.0832406 0.0851586 0.0802486 0.0719341 0.0634459 0.0561947 0.0498348 0.0434208
 1.07277e-16 6.49225e-05 0.000631069 0.00419368 0.0190639 0.0593148 0.126377 0.184452 0.184461 0.126418 0.0594536 0.0194665 0.00521038 0.00287053 0.00437718 0.00728972 0.010864 0.014446 0.0174108 0.0194806 0.0208393 0.0218812 0.0228045 0.0234101 0.0232514 0.0219681
 1.04346e-16 4.72016e-05 0.000458817 0.003049 0.0138603 0.0431249 0.0918834 0.134114 0.13415 0.0920608 0.0437204 0.0155799 0.00736324 0.00986966 0.0178994 0.0294634 0.0423176 0.0529705 0.0579095 0.0555467 0.0471969 0.036233 0.0261112 0.0187764 0.0143639 0.0119293
 1.1047e-16 7.06179e-06 6.86431e-05 0.000456161 0.00207368 0.00645234 0.0137498 0.0200817 0.0201464 0.0140657 0.00751363 0.00514144 0.00816558 0.0169278 0.0321116 0.0532988 0.0772945 0.0982678 0.110219 0.110297 0.100366 0.0854912 0.0706584 0.0583839 0.0486079 0.0401534
 1.29869e-16 2.41156e-05 0.000234413 0.00155775 0.00708133 0.0220327 0.0469435 0.0685178 0.0685293 0.0470003 0.0222257 0.00764791 0.00301419 0.0035277 0.00661429 0.0117783 0.019037 0.0283075 0.039446 0.0523305 0.0666071 0.0811658 0.0938645 0.101985 0.103319 0.0972079
 1.44738e-16 1.73538e-05 0.000168685 0.00112097 0.0050958 0.0158551 0.0337823 0.0493135 0.0493485 0.0339534 0.0164303 0.0067592 0.00530464 0.00933086 0.0175099 0.0291804 0.0427007 0.055246 0.0641199 0.0685166 0.0701988 0.0723332 0.0772854 0.0850224 0.093144 0.098262
pSPR Fmed_Fpbrs
0.522015   0.285935 0.285935
Fs Fmed_Fpbrs
0.449104   1.005 1.005
SSBpbr Bo_Bmed_Bpbrs
1.62816e+06  768515  384140 384140
Ro
109716
SPR SPRFo_SPRFmed_SPRFpbrs
781250 407824 223387
Fref
1.005
log_Ro
11.4256
likeval ReclasPelacesDesembMPH_pf_preclas_ppelaces_ptallas_desvR_qrecl_qpela
 60.2939 31.9348 0.688728 0.00243923 248.854 159.618 96.9344 0 52.2488 0 0 0.782871 0 0 0
q_reclas_q_pelaces
1 1
M
1
N
 348821 48322.4 17776.8 6539.72 3805.97
 49623.6 108889 12800 4708.85 2740.44
 32371.7 14637 25751.9 3027.14 1761.72
 93165.7 9464.74 3401.21 5983.97 1112.79
 33748.1 18550.3 1019.98 366.537 764.795
 178752 9265.87 3801.19 209.008 231.824
 57501.6 42735.5 1439.66 590.599 68.4929
 12223.6 6970.09 1706.87 57.5003 26.3243
 57582.4 3291.18 1373.54 336.358 16.5186
 46640.5 12420.4 416.236 173.712 44.6284
 79065.7 10420.8 1685.41 56.4817 29.6279
 163728 25894.8 3038.39 491.415 25.107
 169907 41915.1 4613.22 541.296 92.0195
 58251 48994.8 9474.14 1042.73 143.149
 163242 13849.9 7528.86 1455.86 182.231
 259638 48646.1 3343.28 1817.42 395.425
 58274.2 69475.9 9468.38 650.73 430.704
 599926 16914 15909.9 2168.25 247.647
 625249 170767 3725.21 3504.07 532.088
 63345.4 183136 39823.6 868.737 941.25
 570680 18565.6 42762 9298.75 422.629
 583853 174646 4726.48 10886.4 2474.89
 50518 176596 43431.7 1175.4 3322.75
 367945 16539.4 51454.2 12654.6 1310.61
 238275 119630 4752.59 14785.4 4012.9
 74292.1 78269.6 35088.6 1393.97 5513.69
 408572 24593.8 23315.9 10452.6 2057.74
 379685 133910 7181.33 6808.2 3653
 31076.5 128528 41711.6 2236.92 3258.57
 49539.5 10650.7 41038.4 13318.3 1754.68
 15136.7 15970.6 3008.95 11593.8 4258.28
pred_Ctot
 33844.6 8782.67 3230.96 1188.61 691.741
 6330.5 25476.3 2994.74 1101.7 641.166
 4279.03 3537 6222.87 731.501 425.716
 28382.2 4654.1 1672.48 2942.51 547.194
 5541.72 5444.69 299.375 107.582 224.474
 40964.2 3622.94 1486.26 81.7216 90.643
 26585 28288.3 952.964 390.94 45.3381
 2124.79 2150.91 526.725 17.7441 8.12346
 15718.9 1484.57 619.567 151.723 7.45112
 12051.8 5360.36 179.637 74.9697 19.2605
 5536.82 1392.49 225.214 7.54744 3.95906
 32412.7 8945.28 1049.6 169.758 8.67315
 23680 10625.8 1169.48 137.222 23.3276
 13491.6 19326.8 3737.23 411.323 56.4676
 19940.4 3114.49 1693.05 327.386 40.979
 45914.7 15239.4 1047.35 569.346 123.875
 7924.85 17226.4 2347.67 161.347 106.792
 87610.2 4471.89 4206.42 573.264 65.4755
 82062.4 40999.7 894.394 841.299 127.75
 8293.05 43869.1 9539.5 208.101 225.471
 61564.3 3723.79 8576.96 1865.09 84.7685
 66680.3 36922.2 999.233 2301.52 523.221
 3547.81 23662.2 5819.45 157.493 445.218
 27301.1 2335.07 7264.44 1786.61 185.036
 16279.2 15614.3 620.312 1929.8 523.767
 4743.26 9575.75 4292.85 170.543 674.562
 28439.9 3267.59 3097.81 1388.76 273.396
 19289.7 13152.1 705.322 668.675 358.784
 1350.9 10854.8 3522.72 188.917 275.199
 3914.87 1596.25 6150.5 1996.03 262.977
 2143.49 4107.24 773.827 2981.63 1095.12
F
 0.164225 0.32845 0.32845 0.32845 0.32845
 0.220913 0.441826 0.441826 0.441826 0.441826
 0.229711 0.459422 0.459422 0.459422 0.459422
 0.613893 1.22779 1.22779 1.22779 1.22779
 0.292586 0.585171 0.585171 0.585171 0.585171
 0.430967 0.861933 0.861933 0.861933 0.861933
 1.11018 2.22037 2.22037 2.22037 2.22037
 0.31212 0.62424 0.62424 0.62424 0.62424
 0.533874 1.06775 1.06775 1.06775 1.06775
 0.498668 0.997336 0.997336 0.997336 0.997336
 0.116236 0.232473 0.232473 0.232473 0.232473
 0.362559 0.725118 0.725118 0.725118 0.725118
 0.24354 0.48708 0.48708 0.48708 0.48708
 0.436485 0.87297 0.87297 0.87297 0.87297
 0.210662 0.421325 0.421325 0.421325 0.421325
 0.318307 0.636613 0.636613 0.636613 0.636613
 0.23702 0.47404 0.47404 0.47404 0.47404
 0.256508 0.513016 0.513016 0.513016 0.513016
 0.22792 0.455839 0.455839 0.455839 0.455839
 0.22729 0.454579 0.454579 0.454579 0.454579
 0.184066 0.368132 0.368132 0.368132 0.368132
 0.195786 0.391572 0.391572 0.391572 0.391572
 0.116586 0.233172 0.233172 0.233172 0.233172
 0.123527 0.247053 0.247053 0.247053 0.247053
 0.113266 0.226531 0.226531 0.226531 0.226531
 0.105511 0.211022 0.211022 0.211022 0.211022
 0.115504 0.231009 0.231009 0.231009 0.231009
 0.0831927 0.166385 0.166385 0.166385 0.166385
 0.0708209 0.141642 0.141642 0.141642 0.141642
 0.132018 0.264037 0.264037 0.264037 0.264037
 0.24788 0.495761 0.495761 0.495761 0.495761
nmprior
 8 9 7.5 0
nm_flota  nm_reclas  nm_pelaces    nm_pelaL
inf 5.65347 5.31217 7.41868
cv_recla  cv_pelaces  cv_mph
0.702363 0.664962 1.52416
 ------------------------------------------------
Talla a la edad & desviación 
 8 13.2811 15.8009 17.003 17.5766
 0.8 1.32811 1.58009 1.7003 1.75766
