years
 1991 1992 1993 1994 1995 1996 1997 1998 1999 2000 2001 2002 2003 2004 2005 2006 2007 2008 2009 2010 2011 2012 2013 2014 2015 2016 2017 2018 2019 2020 2021
reclasobs
 0 0 0 0 0 0 0 0 0 252601 567819 844713 477998 351125 339783 2.1784e+06 2.13404e+06 4.81314e+06 1.55562e+06 2.62356e+06 3.21686e+06 3.843e+06 1.13348e+06 3.07943e+06 1.97215e+06 2.03268e+06 2.025e+06 2.42433e+06 2.27542e+06 1.05018e+06 2.36338e+06
reclaspred
 1.99497e+06 1.0831e+06 505988 235323 71596.8 958926 394517 191006 104560 179257 334480 505459 480763 329952 286611 1.22538e+06 936719 2.92413e+06 2.29979e+06 1.43284e+06 2.67857e+06 2.29421e+06 1.50956e+06 2.59828e+06 1.81785e+06 1.36126e+06 1.87928e+06 2.40714e+06 1.81913e+06 838613 766608
pelacesobs
 0 0 0 0 0 0 0 0 0 0 0 0 0 0 0 552880 188675 0 991730 2.46772e+06 1.41603e+06 1.21717e+06 2.29649e+06 1.80582e+06 0 1.4828e+06 1.56532e+06 1.57751e+06 1.42118e+06 867257 0
pelacespred
 913694 509466 224941 71132.8 20968.4 421515 128843 88832.9 32456.4 68760 148686 191296 201670 138572 122433 473107 363544 1.36849e+06 1.06923e+06 624028 1.15396e+06 1.01875e+06 674582 1.31209e+06 873445 650719 1.03716e+06 1.29565e+06 813221 438349 359229
mphobs
 0 0 0 0 0 0 0 0 0 0 0 498337 0 5186 125008 0 168611 109162 213762 579715 649985 157893 87575 83554 0 0 0 0 0 0 0
mphpred
 1.97262e+06 1.03819e+06 510582 234399 71155.4 26576.2 495459 155712 72167.2 28273.7 72991.5 223399 263154 199423 107245 123538 791601 549821 1.68909e+06 1.14933e+06 1.00163e+06 1.37464e+06 1.37192e+06 913852 1.45827e+06 1.09433e+06 749661 975865 1.67649e+06 972080 353468
desembarqueobs
 494567 514787 250237 358949 120608 361735 552515 73892 212993 205616 52469 317467 293654 387597 252695 516296 358380 742168 942051 627588 828172 859565 418607 520667 417249 300574 407403 355545 319650 289779 219260
desembarquepred
 494522 514963 249572 358792 120553 361580 551974 73877.4 212818 205506 52465.4 317340 293517 387226 252532 516045 358324 741859 941294 627029 827938 859132 418486 520567 417121 300478 407286 355448 319561 289676 219229
Reclutas
 59787.2 128951 69036.7 37109.7 17126.7 285868 28411.7 8394.87 21903.1 69272.5 85113.9 131435 98331.5 68336.4 57590.1 447882 32811.9 765912 332757 211885 426960 566746 46595.1 332979 224684 73513.1 274775 348970 40023 22861.4 121665
log_desv_Rt
 -0.507013 0.261628 -0.363166 -0.983927 -1.75716 1.05772 -1.25101 -2.47018 -1.51118 -0.359757 -0.153814 0.280707 -0.00946043 -0.373362 -0.544454 1.50672 -1.10701 2.04326 1.20961 0.758239 1.45889 1.74211 -0.756309 1.21028 0.816892 -0.300341 1.01815 1.25718 -0.90835 -1.46835 0.203468
SSB
 1.97262e+06 1.03819e+06 510582 234399 71155.4 26576.2 495459 155712 72167.2 28273.7 72991.5 223399 263154 199423 107245 123538 791601 549821 1.68909e+06 1.14933e+06 1.00163e+06 1.37464e+06 1.37192e+06 913852 1.45827e+06 1.09433e+06 749661 975865 1.67649e+06 972080 353468
BT
 2.54979e+06 1.69207e+06 759071 459852 150393 1.29193e+06 780986 272846 276689 353802 386539 702477 728653 719174 535815 1.5032e+06 1.12084e+06 3.82296e+06 3.35925e+06 2.02723e+06 3.33991e+06 3.14696e+06 1.91962e+06 3.51498e+06 2.40976e+06 1.77365e+06 2.81563e+06 3.34416e+06 2.14187e+06 1.31582e+06 1.0355e+06
Ftot
 0.243797 0.49429 0.50235 1.42968 1.60865 0.572113 1.26498 0.402648 2.14493 1.52704 0.221021 0.759615 0.712408 1.33932 1.12186 0.615841 0.386822 0.355789 0.457379 0.482242 0.379233 0.447884 0.279661 0.259037 0.254506 0.234821 0.280567 0.194818 0.174937 0.337825 0.361294
BD_Bspro_t
 0.962013 0.734157 0.523057 0.359569 0.142441 0.082006 0.494754 0.205264 0.142895 0.0797424 0.215679 0.519127 0.430255 0.328307 0.206406 0.23716 0.541936 0.444139 0.644685 0.522344 0.448698 0.525402 0.554333 0.495323 0.637742 0.627804 0.598621 0.68311 0.770707 0.662554 0.51265
BD_Bspro
 2.79076 1.46878 0.722345 0.331615 0.100667 0.0375986 0.700949 0.220292 0.102098 0.0400002 0.103265 0.316053 0.372296 0.282133 0.151725 0.174775 1.11992 0.777857 2.38963 1.62601 1.41706 1.94476 1.94092 1.29287 2.06308 1.5482 1.06058 1.3806 2.37181 1.37525 0.500068
BD_Bo
 1.18836 0.625433 0.307587 0.141208 0.0428657 0.0160101 0.298477 0.0938045 0.0434753 0.0170328 0.0439719 0.134581 0.15853 0.120137 0.0646071 0.0744225 0.47688 0.331226 1.01755 0.692384 0.603408 0.828115 0.826477 0.550527 0.878497 0.659251 0.451614 0.587885 1.00996 0.585605 0.212938
BD_Brms
 5.62027 2.95795 1.45472 0.667834 0.202731 0.0757192 1.41163 0.443644 0.205614 0.0805557 0.207963 0.636493 0.74976 0.568183 0.305556 0.351977 2.25538 1.56651 4.81244 3.27459 2.85379 3.91653 3.90878 2.60369 4.15481 3.11789 2.13589 2.78037 4.77655 2.76959 1.00708
Sel_flota
 0.601624 0.966323 0.998169 0.999903 0.999995
 0.601624 0.966323 0.998169 0.999903 0.999995
 0.601624 0.966323 0.998169 0.999903 0.999995
 0.601624 0.966323 0.998169 0.999903 0.999995
 0.601624 0.966323 0.998169 0.999903 0.999995
 0.601624 0.966323 0.998169 0.999903 0.999995
 0.601624 0.966323 0.998169 0.999903 0.999995
 0.601624 0.966323 0.998169 0.999903 0.999995
 0.601624 0.966323 0.998169 0.999903 0.999995
 0.601624 0.966323 0.998169 0.999903 0.999995
 0.601624 0.966323 0.998169 0.999903 0.999995
 0.601624 0.966323 0.998169 0.999903 0.999995
 0.601624 0.966323 0.998169 0.999903 0.999995
 0.601624 0.966323 0.998169 0.999903 0.999995
 0.601624 0.966323 0.998169 0.999903 0.999995
 0.601624 0.966323 0.998169 0.999903 0.999995
 0.601624 0.966323 0.998169 0.999903 0.999995
 0.601624 0.966323 0.998169 0.999903 0.999995
 0.601624 0.966323 0.998169 0.999903 0.999995
 0.601624 0.966323 0.998169 0.999903 0.999995
 0.601624 0.966323 0.998169 0.999903 0.999995
 0.601624 0.966323 0.998169 0.999903 0.999995
 0.601624 0.966323 0.998169 0.999903 0.999995
 0.601624 0.966323 0.998169 0.999903 0.999995
 0.601624 0.966323 0.998169 0.999903 0.999995
 0.601624 0.966323 0.998169 0.999903 0.999995
 0.601624 0.966323 0.998169 0.999903 0.999995
 0.601624 0.966323 0.998169 0.999903 0.999995
 0.601624 0.966323 0.998169 0.999903 0.999995
 0.601624 0.966323 0.998169 0.999903 0.999995
 0.601624 0.966323 0.998169 0.999903 0.999995
Sel_reclas
 1 1 1 1 1
 1 1 1 1 1
 1 1 1 1 1
 1 1 1 1 1
 1 1 1 1 1
 1 1 1 1 1
 1 1 1 1 1
 1 1 1 1 1
 1 1 1 1 1
 1 1 1 1 1
 1 1 1 1 1
 1 1 1 1 1
 1 1 1 1 1
 1 1 1 1 1
 1 1 1 1 1
 1 1 1 1 1
 1 1 1 1 1
 1 1 1 1 1
 1 1 1 1 1
 1 1 1 1 1
 1 1 1 1 1
 1 1 1 1 1
 1 1 1 1 1
 1 1 1 1 1
 1 1 1 1 1
 1 1 1 1 1
 1 1 1 1 1
 1 1 1 1 1
 1 1 1 1 1
 1 1 1 1 1
 1 1 1 1 1
Sel_pelaces
 1 1 1 1 1
 1 1 1 1 1
 1 1 1 1 1
 1 1 1 1 1
 1 1 1 1 1
 1 1 1 1 1
 1 1 1 1 1
 1 1 1 1 1
 1 1 1 1 1
 1 1 1 1 1
 1 1 1 1 1
 1 1 1 1 1
 1 1 1 1 1
 1 1 1 1 1
 1 1 1 1 1
 1 1 1 1 1
 1 1 1 1 1
 1 1 1 1 1
 1 1 1 1 1
 1 1 1 1 1
 1 1 1 1 1
 1 1 1 1 1
 1 1 1 1 1
 1 1 1 1 1
 1 1 1 1 1
 1 1 1 1 1
 1 1 1 1 1
 1 1 1 1 1
 1 1 1 1 1
 1 1 1 1 1
 1 1 1 1 1
pf_obs 
 0.8446 0.082 0.0669 0.0065 0
 0.8095 0.147 0.0364 0.0071 0
 0.9664 0.0169 0.016 0.0007 0
 0.9276 0.0648 0.0075 0.0001 0
 0.7033 0.2144 0.0806 0.0017 0
 0.9318 0.0425 0.0243 0.0014 0
 0.5671 0.3108 0.0964 0.0239 0.0018
 0.0768 0.2599 0.5324 0.112 0.0189
 0.490249 0.384438 0.106611 0.0170017 0.00170017
 0.7925 0.1577 0.0466 0.003 0.0002
 0.840416 0.127587 0.0312969 0.00059994 9.999e-05
 0.8084 0.0986 0.0794 0.0134 0.0002
 0.7335 0.1905 0.0724 0.0035 0.0001
 0.4001 0.4547 0.1325 0.0127 0
 0.49795 0.308269 0.164784 0.0264974 0.00249975
 0.9179 0.0499 0.0305 0.0017 0
 0.2467 0.6533 0.0926 0.0074 0
 0.9418 0.0223 0.034 0.0019 0
 0.707729 0.231977 0.0356964 0.0245975 0
 0.517169 0.277429 0.184464 0.0207286 0.00020938
 0.811772 0.124168 0.05621 0.00726502 0.000585176
 0.764997 0.148141 0.077277 0.00933861 0.000247198
 0.163321 0.427699 0.378323 0.0303852 0.000271297
 0.753843 0.0900009 0.118128 0.0371064 0.000921714
 0.721811 0.176058 0.0630433 0.0369309 0.00215725
 0.143369 0.312575 0.442814 0.0836902 0.0175525
 0.692698 0.0596174 0.167031 0.0765114 0.00414204
 0.394062 0.376323 0.152708 0.0712218 0.00568511
 0.125707 0.32114 0.495352 0.0537591 0.00404204
 0.23352 0.215282 0.420074 0.123614 0.00750983
 0 0 0 0 0
pf_pred 
 0.221812 0.26108 0.456891 0.0602158 9.88885e-07
 0.595665 0.131407 0.0937642 0.158336 0.0208283
 0.48732 0.372121 0.0469923 0.0321914 0.0613756
 0.479815 0.327318 0.141621 0.0171591 0.034087
 0.602563 0.26958 0.0823325 0.0334595 0.0120651
 0.984384 0.0122216 0.00235193 0.000672002 0.000370217
 0.216131 0.777053 0.00538391 0.000992677 0.000438856
 0.294695 0.259867 0.441785 0.00288828 0.000765523
 0.751819 0.105702 0.0538147 0.0879387 0.00072574
 0.95447 0.0408219 0.00210232 0.000987023 0.00161908
 0.840596 0.156136 0.00294928 0.000142418 0.000175912
 0.747969 0.226008 0.0255081 0.000465077 5.00998e-05
 0.651381 0.295498 0.0478604 0.00515584 0.000103868
 0.623624 0.292527 0.0715634 0.0110714 0.0012137
 0.743168 0.201565 0.0435263 0.0100256 0.00171545
 0.960193 0.0341023 0.00452983 0.000926029 0.00024905
 0.156546 0.824533 0.0163094 0.00207464 0.000536914
 0.926488 0.0176521 0.0546535 0.00104027 0.000166225
 0.481764 0.495638 0.00558417 0.0166465 0.000366722
 0.483952 0.318523 0.189248 0.0020486 0.00622802
 0.750117 0.155822 0.0589545 0.033639 0.00146784
 0.716009 0.238022 0.0290853 0.0105901 0.00629327
 0.133792 0.705024 0.135966 0.0159683 0.00924909
 0.752918 0.0506531 0.160952 0.0299354 0.00554104
 0.537257 0.387818 0.0158066 0.0484583 0.0106602
 0.3054 0.457164 0.200177 0.00787239 0.0293867
 0.762189 0.100413 0.0915283 0.0386844 0.00718611
 0.688614 0.262925 0.0208992 0.0183724 0.00918951
 0.149256 0.666388 0.156517 0.012019 0.0158208
 0.200803 0.178038 0.490158 0.11125 0.0197508
 0.779067 0.0670027 0.0353119 0.0936419 0.0249763
pobs_RECLAS
 0 0 0 0 0
 0 0 0 0 0
 0 0 0 0 0
 0 0 0 0 0
 0 0 0 0 0
 0 0 0 0 0
 0 0 0 0 0
 0 0 0 0 0
 0 0 0 0 0
 0 0 0 0 0
 0.991045 0.00858322 0.000360255 1.14367e-05 0
 0.934742 0.0480273 0.0164251 0.00080598 0
 0.827803 0.169806 0.00239088 0 0
 0.941827 0.0461693 0.0120037 0 0
 0.791401 0.0380133 0.147996 0.0225897 0
 0.846168 0.0940531 0.0597789 0 0
 0.134021 0.677848 0.182769 0.00536245 0
 0.80878 0.0450904 0.141981 0.00414843 0
 0.846168 0.0940531 0.0597789 0 0
 0.905697 0.0802665 0.012482 0.00150086 5.37128e-05
 0.989698 0.0102097 9.19794e-05 0 0
 0.975433 0.0193895 0.00387452 0.00125025 5.28907e-05
 0.303575 0.632131 0.0575291 0.00676475 0
 0.966965 0.00978017 0.0227588 0.000495775 0
 0.843318 0.132988 0.00938335 0.0141283 0.000182051
 0.564624 0.303363 0.111486 0.0197234 0.00080311
 0.826376 0.0876187 0.0782897 0.00655872 0.00115652
 0.89761 0.0855135 0.0140674 0.00269457 0.000114338
 0.34875 0.467042 0.161289 0.0227151 0.000203297
 0.318654 0.224769 0.449479 0.00709798 0
 0.937255 0.0296025 0.0250945 0.00804832 0
ppred_RECLAS
 0.320697 0.232992 0.394419 0.05189 8.52076e-07
 0.712045 0.0958412 0.0660805 0.111383 0.0146504
 0.611445 0.284758 0.0347458 0.0237583 0.0452929
 0.621061 0.242079 0.100556 0.0121568 0.0241471
 0.732189 0.184161 0.0539106 0.021859 0.00788113
 0.990524 0.00747241 0.00138894 0.000396115 0.000218205
 0.322511 0.671827 0.00447505 0.000823356 0.00036396
 0.410498 0.221868 0.364624 0.0023795 0.000630613
 0.854071 0.0639205 0.0310245 0.0505664 0.000417258
 0.973802 0.0235916 0.00116541 0.000545928 0.000895414
 0.895192 0.102728 0.00187723 9.04889e-05 0.00011176
 0.832111 0.151102 0.0164546 0.000299434 3.22529e-05
 0.757088 0.207004 0.0323583 0.00347922 7.0084e-05
 0.743785 0.200904 0.0472217 0.00728983 0.00079906
 0.832735 0.132353 0.0275075 0.00632294 0.00108178
 0.975606 0.0210025 0.00269398 0.000549697 0.000147823
 0.232431 0.750914 0.0143596 0.00182331 0.000471825
 0.954644 0.0111726 0.0334469 0.000635474 0.000101534
 0.60366 0.379635 0.00413371 0.0123001 0.000270945
 0.608791 0.244628 0.140451 0.00151758 0.0046132
 0.832085 0.10606 0.0387951 0.0220962 0.000964079
 0.805654 0.163794 0.0193442 0.00703047 0.00417753
 0.201381 0.654037 0.121996 0.0143021 0.0082832
 0.835341 0.0346663 0.10655 0.0197818 0.00366127
 0.654248 0.291377 0.0114875 0.0351546 0.00773287
 0.41866 0.386973 0.163914 0.00643482 0.0240182
 0.841337 0.0683108 0.0602244 0.0254084 0.00471949
 0.78235 0.18474 0.0142074 0.0124676 0.00623546
 0.222085 0.613687 0.139466 0.0106908 0.0140711
 0.295573 0.161108 0.428898 0.0971713 0.0172496
 0.854724 0.0451428 0.0230031 0.0608909 0.0162394
pobs_PELACES
 0 0 0 0 0
 0 0 0 0 0
 0 0 0 0 0
 0 0 0 0 0
 0 0 0 0 0
 0 0 0 0 0
 0 0 0 0 0
 0 0 0 0 0
 0 0 0 0 0
 0 0 0 0 0
 0 0 0 0 0
 0 0 0 0 0
 0 0 0 0 0
 0 0 0 0 0
 0 0 0 0 0
 0 0 0 0 0
 0.505614 0.472636 0.0217494 0 0
 0 0 0 0 0
 0.443492 0.261883 0.143347 0.151278 0
 0.227955 0.32914 0.350689 0.0885471 0.00366901
 0.970185 0.0296113 0.000203453 0 0
 0.997202 0.00247181 0.000326279 0 0
 0.445219 0.490057 0.0546422 0.010081 0
 0.90214 0.0892962 0.00764917 0.000914606 0
 0 0 0 0 0
 0.581667 0.319106 0.0959925 0.00289975 0.000334073
 0.762889 0.0836404 0.116647 0.0363945 0.000428098
 0.88444 0.0763242 0.0277011 0.0115352 0
 0.521256 0.241999 0.230069 0.00667565 0
 0.616807 0.101726 0.260614 0.0208532 0
 0 0 0 0 0
ppred_PELACES
 0.327495 0.231052 0.390133 0.0513189 8.42693e-07
 0.724803 0.0919241 0.0630514 0.106247 0.0139746
 0.62605 0.274455 0.0333123 0.0227716 0.0434111
 0.661861 0.217202 0.0888766 0.0107361 0.0213242
 0.769362 0.15945 0.0458943 0.0185916 0.00670274
 0.991161 0.0069797 0.00128958 0.000367658 0.000202525
 0.356657 0.638037 0.00419385 0.000771061 0.00034083
 0.422917 0.217768 0.356374 0.00232513 0.000616195
 0.884737 0.0511505 0.024273 0.0395138 0.000326034
 0.978139 0.0197184 0.000958572 0.000448643 0.000735817
 0.897666 0.100308 0.00182875 8.8141e-05 0.000108859
 0.844603 0.139971 0.0151213 0.000275051 2.96258e-05
 0.772702 0.193914 0.0300859 0.00323357 6.51344e-05
 0.773813 0.1779 0.0412301 0.00636 0.00069711
 0.851021 0.118176 0.0242732 0.00557592 0.000953938
 0.977329 0.0195366 0.00248979 0.000507852 0.000136568
 0.240856 0.742738 0.0141456 0.00179574 0.000464685
 0.956579 0.010726 0.03199 0.000607672 9.70905e-05
 0.616802 0.367125 0.00397832 0.0118346 0.000260688
 0.62297 0.23621 0.134932 0.00145755 0.00443065
 0.838568 0.102118 0.0372044 0.0211856 0.00092434
 0.814069 0.156819 0.0184336 0.0066978 0.0039798
 0.206937 0.649835 0.120857 0.0141662 0.00820446
 0.839876 0.0337847 0.103558 0.0192234 0.0035579
 0.661242 0.285608 0.01123 0.0343616 0.00755837
 0.425757 0.382567 0.161648 0.00634502 0.0236828
 0.846015 0.06641 0.0583762 0.0246247 0.00457388
 0.78637 0.181386 0.0139209 0.0122149 0.00610901
 0.225812 0.610986 0.138597 0.0106231 0.013982
 0.304695 0.159462 0.423014 0.0958196 0.0170095
 0.860368 0.0435074 0.0220858 0.0584505 0.0155883
pobs_pel_tallas
 0 0 0 0 0 0 0 0 0 0 0 0 0 0 0 0 0 0 0 0 0 0 0 0 0 0
 0 0 0 0 0 0 0 0 0 0 0 0 0 0 0 0 0 0 0 0 0 0 0 0 0 0
 0 0 0 0 0 0 0 0 0 0 0 0 0 0 0 0 0 0 0 0 0 0 0 0 0 0
 0 0 0 0 0 0 0 0 0 0 0 0 0 0 0 0 0 0 0 0 0 0 0 0 0 0
 0 0 0 0 0 0 0 0 0 0 0 0 0 0 0 0 0 0 0 0 0 0 0 0 0 0
 0 0 0 0 0 0 0 0 0 0 0 0 0 0 0 0 0 0 0 0 0 0 0 0 0 0
 0 0 0 0 0 0 0 0 0 0 0 0 0 0 0 0 0 0 0 0 0 0 0 0 0 0
 0 0 0 0 0 0 0 0 0 0 0 0 0 0 0 0 0 0 0 0 0 0 0 0 0 0
 0 0 0 0 0 0 0 0 0 0 0 0 0 0 0 0 0 0 0 0 0 0 0 0 0 0
 0 0 0 0 0 0 0 0 0 0 0 0 0 0 0 0 0 0 0 0 0 0 0 0 0 0
 0 0 0 0 0 0 0 0 0 0 0 0 0 0 0 0 0 0 0 0 0 0 0 0 0 0
 0 0 0 0 0 0 0 0 0 0 0 0 0 0 0 0 0 0 0 0 0 0 0 0 0 0
 0.00862536 0 0 0.000197151 0.00414017 0.0128641 0.00837892 0.0270097 0.101434 0.158115 0.152841 0.127902 0.109271 0.109419 0.0830992 0.0579132 0.0238553 0.00714673 0.00463305 0.00128148 0.00103504 0.000492878 0.000147863 0.000147863 4.92878e-05 0
 0 0 0 0 0 0 0 0 0 0 0 0 0 0 0 0 0 0 0 0 0 0 0 0 0 0
 0 0 0 0 0 0 0 0.0054083 0.00873648 0.0413646 0.0450493 0.0745869 0.0622846 0.0627006 0.0613931 0.0827291 0.12552 0.122667 0.0946155 0.0697135 0.0546179 0.0294188 0.0215738 0.0213955 0.0102223 0.00600262
 0 0 0 0 0.00359764 0.0251062 0.0480494 0.140153 0.205849 0.193036 0.1447 0.116669 0.0760912 0.0342217 0.00950174 0.001854 0.000860785 0 0 0 0.000165536 0 0.000143464 0 0 0
 0 0 0 0 0 0 0 0.000145254 0.000435761 0.0275982 0.070085 0.0708112 0.156366 0.174668 0.174014 0.160142 0.0824315 0.0480064 0.0283245 0.00493863 0.00203355 0 0 0 0 0
 0 0 0 0 0 0 0 0 0 0 0 0 0 0 0 0 0 0 0 0 0 0 0 0 0 0
 0 0 1.00437e-05 0.000401748 0.00122533 0.00171747 0.00176769 0.0269171 0.070346 0.194647 0.189555 0.159765 0.064822 0.0314167 0.0384472 0.0292271 0.0345202 0.0313363 0.0194345 0.0106764 0.0143323 0.0359363 0.0279516 0.0138201 0.00172751 0
 0 0.0021121 0.0136068 0.0755702 0.200478 0.177729 0.0527432 0.0373336 0.0318909 0.0142505 0.0149659 0.0166563 0.0217959 0.0798694 0.0677717 0.0528807 0.04013 0.0224614 0.0357745 0.0225083 0.00881397 0.00855152 0.00135912 0.000746735 0 0
 0 0 0 0 5.4009e-05 0.00500934 0.000945158 0.0243581 0.138947 0.33067 0.221406 0.137944 0.0707744 0.0437923 0.0131692 0.00525238 0.0047753 0.00276346 9.45158e-05 9.00151e-06 2.25038e-05 9.00151e-06 4.50075e-06 0 0 0
 0.000866109 0.00284123 0.00948549 0.0512746 0.133035 0.25785 0.225252 0.132002 0.0553304 0.0519788 0.0540692 0.017754 0.00435017 0.00159236 0.00146478 0.000404838 0.000125132 0.000115318 0.000107957 0.000100596 0 0 0 0 0 0
 0 0 0 0 0.00144013 0.00171154 0.00461396 0.0210425 0.0478622 0.0707936 0.0888783 0.103762 0.0637923 0.0337046 0.0602308 0.124433 0.169614 0.0934646 0.0462172 0.0250306 0.0313229 0.00938855 0.002487 0.000210481 0 0
 0 0.00764035 0.051015 0.0998891 0.058973 0.0496711 0.0374665 0.0718981 0.12319 0.153886 0.159021 0.0857701 0.0377988 0.023471 0.0147837 0.00900784 0.00315554 0.000888139 0.00291439 0.00214683 0.00393193 0.00274676 0.000635225 9.99891e-05 0 0
 0 0 0 0 0 0 0 0 0 0 0 0 0 0 0 0 0 0 0 0 0 0 0 0 0 0
 0 0 0 0 0 0 0 0 0 0 0 0 0 0 0 0 0 0 0 0 0 0 0 0 0 0
 0 0 0 0 0 0 0 0 0 0 0 0 0 0 0 0 0 0 0 0 0 0 0 0 0 0
 0 0 0 0 0 0 0 0 0 0 0 0 0 0 0 0 0 0 0 0 0 0 0 0 0 0
 0 0 0 0 0 0 0 0 0 0 0 0 0 0 0 0 0 0 0 0 0 0 0 0 0 0
 0 0 0 0 0 0 0 0 0 0 0 0 0 0 0 0 0 0 0 0 0 0 0 0 0 0
 0 0 0 0 0 0 0 0 0 0 0 0 0 0 0 0 0 0 0 0 0 0 0 0 0 0
ppred_pel_tallas
 1.16465e-16 2.69754e-05 0.000262211 0.00174248 0.00792109 0.0246456 0.0525108 0.0766459 0.0766687 0.0526227 0.0250228 0.00901781 0.00452273 0.00642188 0.01199 0.0204694 0.0310917 0.0424478 0.0530041 0.061885 0.0690572 0.0746773 0.0782681 0.0786139 0.0745458 0.0659181
 1.14864e-16 5.97011e-05 0.000580316 0.0038564 0.0175307 0.0545444 0.116213 0.169618 0.169627 0.116257 0.0546922 0.0179592 0.00493844 0.00296362 0.00465025 0.00776759 0.0116093 0.0155374 0.0189865 0.0218149 0.0244014 0.0273035 0.0307197 0.0341889 0.0367513 0.0374289
 1.10662e-16 5.1567e-05 0.000501249 0.00333098 0.0151422 0.047113 0.10038 0.146514 0.14654 0.10051 0.0475472 0.0163961 0.00647909 0.00737544 0.0131133 0.021617 0.0311902 0.0393625 0.0436811 0.0430925 0.0386134 0.0326709 0.0276325 0.0246454 0.0234604 0.0230407
 1.07306e-16 5.45167e-05 0.000529921 0.00352152 0.0160083 0.0498079 0.106122 0.154892 0.154913 0.106225 0.0501534 0.0170073 0.00603379 0.00602966 0.0105449 0.0174658 0.0254349 0.0325757 0.0370026 0.0378414 0.0357054 0.0321763 0.0287344 0.0260025 0.023758 0.0214598
 1.04365e-16 6.33713e-05 0.000615992 0.00409348 0.0186084 0.0578977 0.123358 0.180047 0.180063 0.123433 0.0581507 0.0193397 0.00593138 0.00463516 0.00771734 0.0127133 0.0184392 0.0234684 0.0263919 0.0265686 0.0244896 0.0213978 0.0184804 0.0162762 0.01465 0.0131704
 1.00111e-16 8.16406e-05 0.000793576 0.00527359 0.023973 0.0745888 0.158919 0.231948 0.231948 0.158923 0.0745998 0.0240049 0.00535374 0.000968633 0.000414377 0.00055654 0.000795441 0.00100362 0.0011126 0.00109286 0.000966623 0.00079172 0.000626015 0.000500036 0.000413704 0.000350964
 1.0042e-16 2.93775e-05 0.00028556 0.00189765 0.00862647 0.0268405 0.0571887 0.0834815 0.0835429 0.0574885 0.0278465 0.0115303 0.00917978 0.0161596 0.0301097 0.0495541 0.0709666 0.0883686 0.0956904 0.0901386 0.0739129 0.0528358 0.0330322 0.0181942 0.00897908 0.0041204
 1.10678e-16 3.48352e-05 0.00033861 0.00225018 0.010229 0.0318264 0.0678103 0.0989756 0.0989971 0.0679155 0.0321812 0.0112601 0.0048623 0.0061196 0.0112437 0.0191292 0.0289333 0.0392401 0.048502 0.0557971 0.0610465 0.064453 0.065759 0.0641371 0.0588583 0.0500997
 1.04732e-16 7.28746e-05 0.000708367 0.00470735 0.0213989 0.06658 0.141856 0.207044 0.207049 0.14188 0.0666617 0.0216355 0.00530336 0.00201666 0.00257935 0.00420786 0.00619834 0.00811073 0.00956328 0.0104177 0.0108596 0.0112384 0.0117864 0.0124413 0.0128934 0.0127898
 1.00203e-16 8.0568e-05 0.000783149 0.0052043 0.023658 0.0736089 0.156832 0.228901 0.228902 0.156841 0.07364 0.0237479 0.00542973 0.00127482 0.00101308 0.00154403 0.00220882 0.00276184 0.00301393 0.0028811 0.0024319 0.00184346 0.00129848 0.000901635 0.000663175 0.000535882
 1.00106e-16 7.39396e-05 0.000718719 0.00477614 0.0217117 0.0675531 0.143929 0.210071 0.210081 0.143976 0.0677113 0.0221683 0.00592141 0.00321553 0.00480607 0.00780273 0.0111726 0.0139226 0.015096 0.0142535 0.0117383 0.00846005 0.00537395 0.00305365 0.00159929 0.000813609
 1.00505e-16 6.95688e-05 0.000676234 0.00449381 0.0204282 0.0635599 0.135422 0.197654 0.197668 0.135487 0.063781 0.0210669 0.00609642 0.00417317 0.00670622 0.0109641 0.0157572 0.0197492 0.0216257 0.020775 0.0176461 0.0134451 0.0094214 0.00630167 0.00419214 0.00283979
 1.01254e-16 6.36465e-05 0.000618666 0.00411126 0.0186892 0.0581491 0.123893 0.18083 0.180849 0.123985 0.0584558 0.019575 0.006335 0.0054734 0.00928442 0.0152499 0.0219644 0.0276233 0.0304262 0.0295324 0.0255476 0.0200966 0.0148429 0.0107239 0.00784116 0.005839
 1.01992e-16 6.3738e-05 0.000619556 0.00411717 0.0187161 0.0582327 0.124072 0.18109 0.181107 0.124156 0.0585145 0.0195304 0.00616247 0.00508836 0.00856215 0.0140835 0.0203495 0.0257298 0.0286002 0.0281987 0.0250561 0.020596 0.0162458 0.0127652 0.0101817 0.00816259
 1.01452e-16 7.00975e-05 0.000681373 0.00452796 0.0205835 0.0640428 0.13645 0.199156 0.199167 0.136506 0.06423 0.0211241 0.00588567 0.00364722 0.00570853 0.0093414 0.0134848 0.0170302 0.0188956 0.0185787 0.0164427 0.01345 0.0105659 0.00830433 0.00667833 0.00544708
 1.00151e-16 8.05013e-05 0.000782501 0.0052 0.0236384 0.0735479 0.156702 0.228711 0.228713 0.156711 0.0735788 0.0237276 0.00542387 0.00127113 0.00100826 0.00153879 0.00220727 0.00277206 0.00304708 0.00294802 0.0025378 0.00198308 0.00145458 0.00104848 0.000774244 0.000592576
 1.00857e-16 1.98392e-05 0.000192844 0.00128152 0.00582564 0.0181261 0.0386222 0.0563853 0.0564567 0.0389712 0.0192975 0.00920705 0.00976202 0.0186815 0.0350616 0.0577444 0.0827393 0.103116 0.111825 0.105617 0.0870333 0.0628048 0.0399983 0.0228524 0.0121006 0.00627787
 1.01004e-16 7.87922e-05 0.000765888 0.00508959 0.0231366 0.0719864 0.153375 0.223855 0.223856 0.15338 0.0720044 0.023189 0.00522344 0.00106552 0.000669547 0.00103857 0.00161912 0.00230666 0.00304253 0.00378332 0.0044922 0.00510667 0.0055175 0.00559663 0.00526598 0.00455564
 1.0144e-16 5.08052e-05 0.000493845 0.00328177 0.0149185 0.0464171 0.0988979 0.144352 0.144387 0.0990704 0.0469961 0.0165898 0.00747351 0.00963258 0.0173722 0.0285488 0.0409101 0.0510068 0.0553681 0.0524107 0.0434156 0.0317261 0.020827 0.0127705 0.00784439 0.00523821
 1.04851e-16 5.13132e-05 0.000498783 0.00331459 0.0150677 0.0468812 0.0998862 0.145792 0.145814 0.0999982 0.0472579 0.0161578 0.00605839 0.00651281 0.0115438 0.0191866 0.0280585 0.0361608 0.0414491 0.0429112 0.0410606 0.0373899 0.0332831 0.0293077 0.0253192 0.0210384
 1.03381e-16 6.90717e-05 0.000671402 0.0044617 0.0202823 0.0631057 0.134454 0.196241 0.196251 0.134502 0.063268 0.0207517 0.00564223 0.00325547 0.00499741 0.00820734 0.0119469 0.0153024 0.0173928 0.01782 0.0168871 0.0153449 0.013879 0.0127479 0.0117961 0.0107227
 1.01918e-16 6.70539e-05 0.000651787 0.00433136 0.0196897 0.0612621 0.130526 0.19051 0.190525 0.1306 0.06151 0.0204056 0.0061282 0.00457366 0.00751351 0.0123105 0.017717 0.0222598 0.0244876 0.0237377 0.0205301 0.0162159 0.012169 0.00914711 0.00719177 0.0059401
 1.06463e-16 1.70453e-05 0.000165686 0.00110104 0.00500523 0.0155735 0.0331832 0.048445 0.0485077 0.0334895 0.0166019 0.00797638 0.00856103 0.0164574 0.030977 0.0512328 0.0739124 0.0931734 0.103044 0.100733 0.0882498 0.0709524 0.0542752 0.0411991 0.0319349 0.0252312
 1.05528e-16 6.91795e-05 0.000672449 0.00446866 0.0203139 0.0632041 0.134663 0.196545 0.196549 0.13468 0.0632608 0.0204799 0.00489305 0.00162454 0.00195272 0.0033158 0.00523043 0.00754168 0.0101174 0.0128657 0.0157004 0.0184178 0.020611 0.0217549 0.0214446 0.0196235
 1.05123e-16 5.44657e-05 0.000529426 0.00351822 0.0159933 0.0497614 0.106023 0.154749 0.154777 0.106157 0.0502123 0.0172953 0.00678486 0.00765569 0.013575 0.0223226 0.0320793 0.0402054 0.044071 0.0425148 0.0365738 0.0288233 0.021856 0.0170596 0.0143995 0.0130088
 1.09407e-16 3.50691e-05 0.000340884 0.0022653 0.0102977 0.0320403 0.0682666 0.0996449 0.0996819 0.0684477 0.0326488 0.0120573 0.00669018 0.0100271 0.018509 0.0307469 0.0447621 0.0572756 0.0649311 0.0661311 0.0618885 0.0549376 0.0478845 0.0419081 0.0367875 0.0317942
 1.04946e-16 6.96852e-05 0.000677365 0.00450133 0.0204624 0.0636661 0.135648 0.197983 0.197989 0.135679 0.0637729 0.0207719 0.00528246 0.00239651 0.00337585 0.00557934 0.00828721 0.0109657 0.0131175 0.0145181 0.0153118 0.0158231 0.0162442 0.0164716 0.0162066 0.015199
 1.02707e-16 6.47723e-05 0.000629609 0.00418398 0.0190198 0.0591776 0.126085 0.184028 0.184046 0.12617 0.0594641 0.0198471 0.00626017 0.00515982 0.00866243 0.0142032 0.0204208 0.0256158 0.0281102 0.0271498 0.0233647 0.0183579 0.0137557 0.0104488 0.00846114 0.00731361
 1.07588e-16 1.86e-05 0.000180798 0.00120147 0.00546175 0.0169938 0.0362094 0.052861 0.0529199 0.0364975 0.0179617 0.00825811 0.00822446 0.0155244 0.0291947 0.0483281 0.0698312 0.0882568 0.0980321 0.096544 0.0856327 0.0702228 0.0552652 0.0434125 0.0347768 0.0281903
 1.24736e-16 2.50973e-05 0.000243955 0.00162117 0.0073696 0.0229297 0.0488546 0.0713081 0.0713242 0.0489332 0.0231955 0.00814579 0.0036013 0.00467213 0.00874526 0.0152305 0.0238407 0.0339735 0.0449368 0.056304 0.067832 0.0788909 0.0879814 0.0929804 0.092111 0.0849491
 1.09149e-16 7.08674e-05 0.000688856 0.00457769 0.0208095 0.0647462 0.137949 0.201341 0.201345 0.137969 0.064816 0.0210119 0.0050883 0.00181279 0.0022339 0.00365947 0.00546015 0.00730613 0.00894618 0.0103502 0.0117513 0.0134696 0.0156289 0.0179837 0.0199806 0.0210033
pSPR Fmed_Fpbrs
0.472026   0.261441 0.261441
Fs Fmed_Fpbrs
0.496864   1.005 1.005
SSBpbr Bo_Bmed_Bpbrs
1.65996e+06  700546  350984 350984
Ro
99266.2
SPR SPRFo_SPRFmed_SPRFpbrs
706840 333647 184797
Fref
1.005
log_Ro
11.3256
likeval ReclasPelacesDesembMPH_pf_preclas_ppelaces_ptallas_desvR_qrecl_qpela
 24.5682 31.6129 0.0718435 0.00209478 244.223 121.405 87.6032 0 54.9391 0 0 0.147532 0 0 0
q_reclas_q_pelaces
1 1
M
1
N
 59787.2 45411.1 77172.8 10155 0.166756
 128951 18993.9 13199.4 22257.9 2927.69
 69036.7 35235.6 4333.93 2964.73 5652.08
 37109.7 18772.9 7977.5 965.648 1918.19
 17126.7 5776.21 1734.78 704.38 253.979
 285868 2393.69 449.001 128.115 70.5757
 28411.7 74539.8 506.613 93.3131 41.251
 8394.87 4882.98 8076.44 52.7245 13.9732
 21903.1 2423.9 1217.34 1987.82 16.4045
 69272.5 2217.07 112.218 52.6371 86.3398
 85113.9 10169 186.48 8.99072 11.1042
 131435 27413.1 3021.53 55.0207 5.92664
 98331.5 30615.6 4840.34 520.763 10.4904
 68336.4 23564.5 5658.13 874.487 95.8609
 57590.1 11231 2376.26 546.745 93.5461
 447882 10787.8 1397.38 285.282 76.7194
 32811.9 113752 2188.71 278.005 71.9415
 765912 9564.61 28795.8 547.276 87.443
 332757 227469 2494.93 7426.78 163.6
 211885 92966.8 53787.4 581.422 1767.46
 426960 58318.3 21461.1 12227.4 533.504
 566746 125028 14871.6 5407.04 3212.95
 46595.1 159247 29836.6 3498.7 2026.33
 332979 14486.9 44710.6 8302.74 1536.71
 224684 104819 4149.27 12700.6 2793.75
 73513.1 70921.9 30153.5 1183.99 4419.33
 274775 23481 20794.1 8775.04 1629.94
 348970 85383.9 6586.83 5781.22 2891.4
 40023 114180 26020.9 1994.93 2625.75
 22861.4 13252.8 35471.6 8038.82 1427.05
 121665 6863.42 3517.53 9314.07 2484.06
pred_Ctot
 5217.98 6141.73 10748 1416.53 0.0232628
 21480.9 4738.79 3381.33 5709.93 751.11
 11665.4 8907.81 1124.9 770.596 1469.21
 14488.7 9883.84 4276.44 518.142 1029.31
 7246 3241.77 990.072 402.36 145.086
 54112.9 671.841 129.289 36.9409 20.3513
 10168 36557 253.29 46.7011 20.6463
 1164.36 1026.76 1745.53 11.4119 3.02465
 11091.1 1559.35 793.897 1297.31 10.7064
 28299.6 1210.35 62.3328 29.2648 48.005
 6772.07 1257.88 23.7602 1.14736 1.41719
 31623 9555.25 1078.44 19.6627 2.11814
 22431.2 10175.9 1648.14 177.548 3.57683
 25481.5 11952.7 2924.1 452.38 49.5923
 18859.6 5115.18 1104.58 254.424 43.5335
 90329.1 3208.14 426.139 87.1151 23.4291
 4388.78 23115.8 457.235 58.1627 15.0524
 94933.6 1808.75 5600.13 106.592 17.0325
 51744.6 53234.7 599.776 1787.94 39.3883
 34534.6 22729.7 13504.7 146.188 444.429
 56090.2 11651.6 4408.34 2515.37 109.759
 86496.7 28754 3513.61 1279.32 760.251
 4624.2 24367.4 4699.33 551.904 319.672
 30762.9 2069.6 6576.23 1223.11 226.397
 20417.4 14738.3 600.698 1841.56 405.122
 6193.28 9270.95 4059.43 159.646 595.94
 27351.6 3603.37 3284.54 1388.21 257.878
 24632.1 9404.97 747.574 657.191 328.713
 2549.18 11381.4 2673.19 205.276 270.208
 2702.27 2395.91 6596.22 1497.13 265.793
 15293.2 1315.27 693.177 1838.2 490.288
F
 0.146674 0.235586 0.243351 0.243773 0.243796
 0.297377 0.477644 0.493385 0.494242 0.494288
 0.302225 0.485432 0.50143 0.502301 0.502347
 0.860129 1.38153 1.42706 1.42954 1.42967
 0.967804 1.55448 1.60571 1.6085 1.60864
 0.344197 0.552846 0.571066 0.572058 0.57211
 0.761044 1.22238 1.26267 1.26486 1.26498
 0.242242 0.389088 0.40191 0.402609 0.402646
 1.29044 2.07269 2.141 2.14472 2.14492
 0.918706 1.47562 1.52425 1.5269 1.52704
 0.132971 0.213577 0.220616 0.220999 0.221019
 0.457003 0.734034 0.758225 0.759542 0.759612
 0.428602 0.688416 0.711104 0.71234 0.712405
 0.805765 1.29421 1.33687 1.33919 1.33931
 0.674939 1.08408 1.11981 1.12175 1.12186
 0.370504 0.595101 0.614713 0.615781 0.615838
 0.232721 0.373795 0.386114 0.386785 0.38682
 0.214051 0.343807 0.355138 0.355755 0.355787
 0.27517 0.441976 0.456542 0.457335 0.457377
 0.290128 0.466002 0.481359 0.482196 0.48224
 0.228156 0.366461 0.378539 0.379196 0.379231
 0.269458 0.4328 0.447064 0.447841 0.447882
 0.168251 0.270243 0.279149 0.279634 0.279659
 0.155843 0.250313 0.258563 0.259012 0.259036
 0.153117 0.245935 0.25404 0.254482 0.254505
 0.141274 0.226913 0.234391 0.234798 0.23482
 0.168795 0.271118 0.280053 0.280539 0.280565
 0.117207 0.188257 0.194462 0.1948 0.194817
 0.105247 0.169046 0.174617 0.174921 0.174937
 0.203244 0.326448 0.337207 0.337793 0.337824
 0.217363 0.349127 0.360633 0.361259 0.361292
nmprior
 8 9 7.5 0
nm_flota  nm_reclas  nm_pelaces    nm_pelaL
inf 12.2238 7.40708 11.0555
cv_recla  cv_pelaces  cv_mph
0.448344 0.661602 1.41245
 ------------------------------------------------
Talla a la edad & desviación 
 8 13.2811 15.8009 17.003 17.5766
 0.8 1.32811 1.58009 1.7003 1.75766
