    unsorted:	 2.325626459e-06 2.089272237e-06 5.720823482e-05 4.406390216e-05 9.182418311e-05 0.001099991979 5.534990283 13.33327733 55.86799730 68.63054757 155.4232463 220.7737813 232.8349355 290.9417298 548.4310892 462.4687373 637.1831562 725.9947514 801.1993699 916.0465273 869.9450213 950.6610487 1034.067648 1073.482954 1315.265182 1331.308850 1593.623558 1675.665799 1857.000282 1922.477705 2108.662276 2226.399198 2347.666752 2473.282495 2497.413795 2566.848032 2748.979577 2988.848821 3085.647941 3105.796408 3589.086092 3719.885622 4194.146554 8527.716226 40467.52288 158290.5001 388931.7784 385362.7173 396082.1917 368745.4019 361912.2097 412324.4455 435897.0634 445334.5948 456719.9804 330128.3081 266201.3226 504289.9924 598428.9648 623871.3498 669133.4620 679859.2606 699044.3909 956300.5151 1050470.579 1114799.583 1213492.579 1471324.575 1502572.248 1682056.257 1787205.211 2422415.791 2379169.360 2524307.936 2729090.541 2970180.949 3296415.019
      sorted:	 2.089272237e-06 2.325626459e-06 4.406390216e-05 5.720823482e-05 9.182418311e-05 0.001099991979 5.534990283 13.33327733 55.86799730 68.63054757 155.4232463 220.7737813 232.8349355 290.9417298 462.4687373 548.4310892 637.1831562 725.9947514 801.1993699 869.9450213 916.0465273 950.6610487 1034.067648 1073.482954 1315.265182 1331.308850 1593.623558 1675.665799 1857.000282 1922.477705 2108.662276 2226.399198 2347.666752 2473.282495 2497.413795 2566.848032 2748.979577 2988.848821 3085.647941 3105.796408 3589.086092 3719.885622 4194.146554 8527.716226 40467.52288 158290.5001 266201.3226 330128.3081 361912.2097 368745.4019 385362.7173 388931.7784 396082.1917 412324.4455 435897.0634 445334.5948 456719.9804 504289.9924 598428.9648 623871.3498 669133.4620 679859.2606 699044.3909 956300.5151 1050470.579 1114799.583 1213492.579 1471324.575 1502572.248 1682056.257 1787205.211 2379169.360 2422415.791 2524307.936 2729090.541 2970180.949 3296415.019
