years
 1991 1992 1993 1994 1995 1996 1997 1998 1999 2000 2001 2002 2003 2004 2005 2006 2007 2008 2009 2010 2011 2012 2013 2014 2015 2016 2017 2018 2019 2020 2021
reclasobs
 0 0 0 0 0 0 0 0 0 252601 567819 844713 477998 351125 339783 2.1784e+06 2.13404e+06 4.81314e+06 1.55562e+06 2.62356e+06 3.21686e+06 3.843e+06 1.13348e+06 3.07943e+06 1.97215e+06 2.03268e+06 2.025e+06 2.42433e+06 2.27542e+06 1.05018e+06 2.36338e+06
reclaspred
 7.44956e+06 1.90211e+06 1.10577e+06 904961 154705 3.59048e+06 1.48019e+06 390003 1.08231e+06 243139 358969 912516 754693 612917 410785 2.04592e+06 818862 4.82454e+06 2.68094e+06 2.30274e+06 3.05155e+06 3.48338e+06 1.63483e+06 3.48685e+06 2.59004e+06 1.52471e+06 2.18703e+06 3.99269e+06 3.03875e+06 660090 956111
pelacesobs
 0 0 0 0 0 0 0 0 0 0 0 0 0 0 0 552880 188675 0 991730 2.46772e+06 1.41603e+06 1.21717e+06 2.29649e+06 1.80582e+06 0 1.4828e+06 1.56532e+06 1.57751e+06 1.42118e+06 867257 0
pelacespred
 8.00666e+06 1.86006e+06 564049 356015 61170.1 1.83274e+06 859404 338022 536777 94411.3 173371 356398 335554 245750 153389 796145 383342 2.44699e+06 1.4386e+06 993332 1.45514e+06 1.62288e+06 991520 2.05158e+06 1.63674e+06 1.01457e+06 1.37108e+06 2.59238e+06 2.29363e+06 475197 441753
mphobs
 0 0 0 0 0 0 0 0 0 0 0 498337 0 5186 125008 0 168611 109162 213762 579715 649985 157893 87575 83554 0 0 0 0 0 0 0
mphpred
 1.80067e+06 692000 101210 146215 61317.3 7740.42 506088 103373 30708.5 105240 8958.66 48050.1 87594.7 48389.2 28624.7 26648.8 244455 57170.5 590163 195525 302699 272387 422326 148060 426729 319563 136524 240748 674420 258983 29476.5
desembarqueobs
 494567 514787 250237 358949 120608 361735 552515 73892 212993 205616 52469 317467 293654 387597 252695 516296 358380 742168 942051 627588 828172 859565 418607 520667 417249 300574 407403 355545 319650 289779 219260
desembarquepred
 494489 514308 250024 358367 120473 361508 551734 73856.1 212799 205336 52444 317054 293182 386725 252266 515614 357993 741326 939962 626266 827345 858221 418073 520207 416663 300161 406914 355212 319196 288968 219138
Reclutas
 7520.81 4610.61 173551 56165.6 5114.73 287914 6159.47 1692.07 56383.4 6878.06 33072.7 116039 71320.2 69705.7 40835.9 258695 8907.42 448795 149571 235349 180538 423847 11344.3 173827 138534 23875 125362 195460 19357.5 6973.41 73626.5
log_desv_Rt
 -1.83292 -2.32223 1.30587 0.177711 -2.21847 1.81207 -2.0326 -3.32464 0.181581 -1.92226 -0.351886 0.903335 0.416584 0.393687 -0.141033 1.70506 -1.66371 2.25597 1.15717 1.61048 1.34535 2.19878 -1.42188 1.30746 1.08052 -0.677764 0.980607 1.42476 -0.887515 -1.90849 0.448411
SSB
 1.67692e+06 644444 94254.9 136166 57103.4 7208.47 471308 96269.1 28598.1 98007.3 8342.99 44748 81574.9 45063.8 26657.6 24817.4 227656 53241.5 549605 182088 281897 253667 393303 137885 397403 297601 127141 224203 628072 241184 27450.7
BT
 2.08661e+06 922082 410523 382117 112922 1.27608e+06 710695 145033 445597 206073 126864 428314 404558 520152 321323 812017 383981 1.91147e+06 1.37132e+06 899860 1.28992e+06 1.4215e+06 604667 1.43519e+06 915105 544959 1.03899e+06 1.49577e+06 852681 405251 399758
Ftot
 0.311818 1.14775 1.14476 1.64799 2.51034 0.562947 1.42462 0.843528 1.04008 2.62775 0.789897 1.66955 1.73753 2.66525 2.63958 1.31311 1.64261 0.83456 1.48468 1.3315 1.26906 1.22066 1.05952 0.791029 0.766545 0.874829 0.960962 0.47578 0.469972 1.69287 1.19285
BD_Bspro_t
 0.951333 0.610727 0.198939 0.270273 0.102999 0.0193886 0.455657 0.136501 0.067352 0.205538 0.0331654 0.222683 0.203054 0.104785 0.0610137 0.0596595 0.249367 0.0756354 0.363095 0.154348 0.183322 0.169652 0.246183 0.117344 0.303553 0.293395 0.191599 0.325368 0.544169 0.311355 0.0796118
BD_Bspro
 5.00842 1.92474 0.281509 0.406684 0.170549 0.0215294 1.40764 0.287524 0.0854133 0.292716 0.0249178 0.133648 0.243638 0.134591 0.0796174 0.0741214 0.679933 0.159015 1.64149 0.543836 0.841934 0.757622 1.17467 0.411817 1.18691 0.888838 0.379729 0.669622 1.87585 0.720339 0.0819864
BD_Bo
 1.14157 0.438707 0.0641643 0.0926956 0.0388733 0.00490719 0.320844 0.0655354 0.0194683 0.0667187 0.00567951 0.0304623 0.0555323 0.0306773 0.0181472 0.0168945 0.154977 0.0362443 0.374145 0.123957 0.191902 0.172685 0.267742 0.0938655 0.270533 0.202593 0.0865517 0.152627 0.427562 0.164187 0.0186872
BD_Brms
 5.67663 2.18154 0.319067 0.460943 0.193303 0.0244017 1.59545 0.325885 0.0968089 0.331769 0.0282422 0.151478 0.276143 0.152547 0.0902397 0.0840104 0.770647 0.18023 1.86049 0.616393 0.954262 0.858701 1.33139 0.46676 1.34527 1.00742 0.430392 0.758961 2.12611 0.816444 0.0929248
Sel_flota
 0.629269 1 1 1 1
 0.629269 1 1 1 1
 0.629269 1 1 1 1
 0.629269 1 1 1 1
 0.629269 1 1 1 1
 0.629269 1 1 1 1
 0.629269 1 1 1 1
 0.629269 1 1 1 1
 0.629269 1 1 1 1
 0.629269 1 1 1 1
 0.629269 1 1 1 1
 0.629269 1 1 1 1
 0.629269 1 1 1 1
 0.629269 1 1 1 1
 0.629269 1 1 1 1
 0.629269 1 1 1 1
 0.629269 1 1 1 1
 0.629269 1 1 1 1
 0.629269 1 1 1 1
 0.629269 1 1 1 1
 0.629269 1 1 1 1
 0.629269 1 1 1 1
 0.629269 1 1 1 1
 0.629269 1 1 1 1
 0.629269 1 1 1 1
 0.629269 1 1 1 1
 0.629269 1 1 1 1
 0.629269 1 1 1 1
 0.629269 1 1 1 1
 0.629269 1 1 1 1
 0.629269 1 1 1 1
Sel_reclas
 0.742836 0.935638 0.986516 0.997291 0.999461
 0.742836 0.935638 0.986516 0.997291 0.999461
 0.742836 0.935638 0.986516 0.997291 0.999461
 0.742836 0.935638 0.986516 0.997291 0.999461
 0.742836 0.935638 0.986516 0.997291 0.999461
 0.742836 0.935638 0.986516 0.997291 0.999461
 0.742836 0.935638 0.986516 0.997291 0.999461
 0.742836 0.935638 0.986516 0.997291 0.999461
 0.742836 0.935638 0.986516 0.997291 0.999461
 0.742836 0.935638 0.986516 0.997291 0.999461
 0.742836 0.935638 0.986516 0.997291 0.999461
 0.742836 0.935638 0.986516 0.997291 0.999461
 0.742836 0.935638 0.986516 0.997291 0.999461
 0.742836 0.935638 0.986516 0.997291 0.999461
 0.742836 0.935638 0.986516 0.997291 0.999461
 0.742836 0.935638 0.986516 0.997291 0.999461
 0.742836 0.935638 0.986516 0.997291 0.999461
 0.742836 0.935638 0.986516 0.997291 0.999461
 0.742836 0.935638 0.986516 0.997291 0.999461
 0.742836 0.935638 0.986516 0.997291 0.999461
 0.742836 0.935638 0.986516 0.997291 0.999461
 0.742836 0.935638 0.986516 0.997291 0.999461
 0.742836 0.935638 0.986516 0.997291 0.999461
 0.742836 0.935638 0.986516 0.997291 0.999461
 0.742836 0.935638 0.986516 0.997291 0.999461
 0.742836 0.935638 0.986516 0.997291 0.999461
 0.742836 0.935638 0.986516 0.997291 0.999461
 0.742836 0.935638 0.986516 0.997291 0.999461
 0.742836 0.935638 0.986516 0.997291 0.999461
 0.742836 0.935638 0.986516 0.997291 0.999461
 0.742836 0.935638 0.986516 0.997291 0.999461
Sel_pelaces
 0.354431 0.734256 0.932909 0.985911 0.997169
 0.354431 0.734256 0.932909 0.985911 0.997169
 0.354431 0.734256 0.932909 0.985911 0.997169
 0.354431 0.734256 0.932909 0.985911 0.997169
 0.354431 0.734256 0.932909 0.985911 0.997169
 0.354431 0.734256 0.932909 0.985911 0.997169
 0.354431 0.734256 0.932909 0.985911 0.997169
 0.354431 0.734256 0.932909 0.985911 0.997169
 0.354431 0.734256 0.932909 0.985911 0.997169
 0.354431 0.734256 0.932909 0.985911 0.997169
 0.354431 0.734256 0.932909 0.985911 0.997169
 0.354431 0.734256 0.932909 0.985911 0.997169
 0.354431 0.734256 0.932909 0.985911 0.997169
 0.354431 0.734256 0.932909 0.985911 0.997169
 0.354431 0.734256 0.932909 0.985911 0.997169
 0.354431 0.734256 0.932909 0.985911 0.997169
 0.354431 0.734256 0.932909 0.985911 0.997169
 0.354431 0.734256 0.932909 0.985911 0.997169
 0.354431 0.734256 0.932909 0.985911 0.997169
 0.354431 0.734256 0.932909 0.985911 0.997169
 0.354431 0.734256 0.932909 0.985911 0.997169
 0.354431 0.734256 0.932909 0.985911 0.997169
 0.354431 0.734256 0.932909 0.985911 0.997169
 0.354431 0.734256 0.932909 0.985911 0.997169
 0.354431 0.734256 0.932909 0.985911 0.997169
 0.354431 0.734256 0.932909 0.985911 0.997169
 0.354431 0.734256 0.932909 0.985911 0.997169
 0.354431 0.734256 0.932909 0.985911 0.997169
 0.354431 0.734256 0.932909 0.985911 0.997169
 0.354431 0.734256 0.932909 0.985911 0.997169
 0.354431 0.734256 0.932909 0.985911 0.997169
pf_obs 
 0.8446 0.082 0.0669 0.0065 0
 0.8095 0.147 0.0364 0.0071 0
 0.9664 0.0169 0.016 0.0007 0
 0.9276 0.0648 0.0075 0.0001 0
 0.7033 0.2144 0.0806 0.0017 0
 0.9318 0.0425 0.0243 0.0014 0
 0.5671 0.3108 0.0964 0.0239 0.0018
 0.0768 0.2599 0.5324 0.112 0.0189
 0.490249 0.384438 0.106611 0.0170017 0.00170017
 0.7925 0.1577 0.0466 0.003 0.0002
 0.840416 0.127587 0.0312969 0.00059994 9.999e-05
 0.8084 0.0986 0.0794 0.0134 0.0002
 0.7335 0.1905 0.0724 0.0035 0.0001
 0.4001 0.4547 0.1325 0.0127 0
 0.49795 0.308269 0.164784 0.0264974 0.00249975
 0.9179 0.0499 0.0305 0.0017 0
 0.2467 0.6533 0.0926 0.0074 0
 0.9418 0.0223 0.034 0.0019 0
 0.707729 0.231977 0.0356964 0.0245975 0
 0.517169 0.277429 0.184464 0.0207286 0.00020938
 0.811772 0.124168 0.05621 0.00726502 0.000585176
 0.764997 0.148141 0.077277 0.00933861 0.000247198
 0.163321 0.427699 0.378323 0.0303852 0.000271297
 0.753843 0.0900009 0.118128 0.0371064 0.000921714
 0.721811 0.176058 0.0630433 0.0369309 0.00215725
 0.143369 0.312575 0.442814 0.0836902 0.0175525
 0.692698 0.0596174 0.167031 0.0765114 0.00414204
 0.394062 0.376323 0.152708 0.0712218 0.00568511
 0.125707 0.32114 0.495352 0.0537591 0.00404204
 0.23352 0.215282 0.420074 0.123614 0.00750983
 0 0 0 0 0
pf_pred 
 0.0466948 0.166615 0.689518 0.0971717 7.99553e-07
 0.102306 0.0691411 0.144811 0.599286 0.0844562
 0.967371 0.00629422 0.00202835 0.00424823 0.0200585
 0.576647 0.416647 0.00129368 0.000416896 0.00499588
 0.303847 0.533419 0.160156 0.000497282 0.00208063
 0.99658 0.00196889 0.00111178 0.000333806 5.37302e-06
 0.0584259 0.93979 0.0010271 0.000579977 0.000176938
 0.13707 0.106155 0.755341 0.000825518 0.000608358
 0.963165 0.00866944 0.00346478 0.0246535 4.68002e-05
 0.339733 0.648108 0.00286176 0.00114372 0.00815353
 0.967612 0.020208 0.011956 5.27926e-05 0.000171512
 0.921982 0.0766757 0.000837626 0.000495581 9.29747e-06
 0.780732 0.211864 0.00727694 7.94953e-05 4.79157e-05
 0.854255 0.130858 0.014384 0.00049405 8.65026e-06
 0.869394 0.124115 0.00582781 0.000640595 2.23879e-05
 0.984685 0.0146359 0.000645624 3.03151e-05 3.4487e-06
 0.139769 0.854172 0.00579055 0.000255434 1.33583e-05
 0.987046 0.00363743 0.00925142 6.27167e-05 2.91126e-06
 0.534382 0.462479 0.000881505 0.00224202 1.59045e-05
 0.854421 0.105563 0.0397466 7.57588e-05 0.000194052
 0.767747 0.215584 0.0120873 0.00455113 3.08943e-05
 0.901479 0.0864502 0.0112048 0.000628229 0.000238147
 0.0973633 0.858749 0.0385107 0.00499136 0.000385942
 0.911474 0.0160232 0.0689772 0.00309329 0.000431921
 0.703353 0.282309 0.00259524 0.0111721 0.000570969
 0.305438 0.568421 0.120043 0.00110355 0.00499336
 0.891046 0.0503445 0.0479657 0.0101297 0.000514482
 0.83127 0.158994 0.00449846 0.00428591 0.000951099
 0.179907 0.735736 0.0794896 0.00224902 0.00261826
 0.22037 0.217867 0.503979 0.0544504 0.00333408
 0.961398 0.0157464 0.00638689 0.0147744 0.00169399
pobs_RECLAS
 0 0 0 0 0
 0 0 0 0 0
 0 0 0 0 0
 0 0 0 0 0
 0 0 0 0 0
 0 0 0 0 0
 0 0 0 0 0
 0 0 0 0 0
 0 0 0 0 0
 0 0 0 0 0
 0.991045 0.00858322 0.000360255 1.14367e-05 0
 0.934742 0.0480273 0.0164251 0.00080598 0
 0.827803 0.169806 0.00239088 0 0
 0.941827 0.0461693 0.0120037 0 0
 0.791401 0.0380133 0.147996 0.0225897 0
 0.846168 0.0940531 0.0597789 0 0
 0.134021 0.677848 0.182769 0.00536245 0
 0.80878 0.0450904 0.141981 0.00414843 0
 0.846168 0.0940531 0.0597789 0 0
 0.905697 0.0802665 0.012482 0.00150086 5.37128e-05
 0.989698 0.0102097 9.19794e-05 0 0
 0.975433 0.0193895 0.00387452 0.00125025 5.28907e-05
 0.303575 0.632131 0.0575291 0.00676475 0
 0.966965 0.00978017 0.0227588 0.000495775 0
 0.843318 0.132988 0.00938335 0.0141283 0.000182051
 0.564624 0.303363 0.111486 0.0197234 0.00080311
 0.826376 0.0876187 0.0782897 0.00655872 0.00115652
 0.89761 0.0855135 0.0140674 0.00269457 0.000114338
 0.34875 0.467042 0.161289 0.0227151 0.000203297
 0.318654 0.224769 0.449479 0.00709798 0
 0.937255 0.0296025 0.0250945 0.00804832 0
ppred_RECLAS
 0.0564069 0.157658 0.687928 0.0980066 8.08177e-07
 0.126499 0.0635187 0.140269 0.586831 0.082881
 0.974262 0.00471094 0.00160068 0.00338912 0.0160369
 0.656992 0.337225 0.00110402 0.000359661 0.00431938
 0.400468 0.453596 0.143595 0.000450732 0.00188997
 0.997289 0.00152384 0.000907258 0.000275375 4.44215e-06
 0.0787749 0.919376 0.00105943 0.000604766 0.000184902
 0.166311 0.0978876 0.734391 0.000811389 0.000599246
 0.97081 0.00654735 0.00275897 0.0198458 3.77555e-05
 0.447004 0.542166 0.00252415 0.00101981 0.00728599
 0.974607 0.0155248 0.00968471 4.32305e-05 0.000140752
 0.943355 0.0556143 0.000640582 0.00038314 7.20363e-06
 0.834654 0.159469 0.00577516 6.37786e-05 3.85261e-05
 0.902071 0.0874374 0.0101338 0.000351869 6.17423e-06
 0.912715 0.0827189 0.00409525 0.000455068 1.59386e-05
 0.988704 0.0107688 0.000500865 2.37749e-05 2.71056e-06
 0.186003 0.807951 0.00577505 0.000257533 1.34974e-05
 0.989735 0.00277365 0.00743811 5.09748e-05 2.37135e-06
 0.613875 0.383359 0.000770434 0.00198092 1.40829e-05
 0.887689 0.080238 0.0318541 6.13786e-05 0.00015756
 0.817371 0.168824 0.00998034 0.00379886 2.58437e-05
 0.924845 0.0655037 0.00895159 0.000507378 0.000192754
 0.125709 0.82953 0.0392232 0.00513925 0.000398241
 0.928154 0.0124442 0.0564832 0.00256067 0.000358327
 0.755754 0.231725 0.00224606 0.0097745 0.000500631
 0.364734 0.514751 0.11462 0.0010652 0.00483033
 0.913273 0.0388919 0.0390692 0.00834102 0.000424556
 0.863346 0.128319 0.00382797 0.00368694 0.00081996
 0.219134 0.696595 0.0793533 0.00226968 0.00264806
 0.277601 0.194101 0.473418 0.0517072 0.003173
 0.970093 0.0117619 0.00503016 0.0117631 0.00135165
pobs_PELACES
 0 0 0 0 0
 0 0 0 0 0
 0 0 0 0 0
 0 0 0 0 0
 0 0 0 0 0
 0 0 0 0 0
 0 0 0 0 0
 0 0 0 0 0
 0 0 0 0 0
 0 0 0 0 0
 0 0 0 0 0
 0 0 0 0 0
 0 0 0 0 0
 0 0 0 0 0
 0 0 0 0 0
 0 0 0 0 0
 0.505614 0.472636 0.0217494 0 0
 0 0 0 0 0
 0.443492 0.261883 0.143347 0.151278 0
 0.227955 0.32914 0.350689 0.0885471 0.00366901
 0.970185 0.0296113 0.000203453 0 0
 0.997202 0.00247181 0.000326279 0 0
 0.445219 0.490057 0.0546422 0.010081 0
 0.90214 0.0892962 0.00764917 0.000914606 0
 0 0 0 0 0
 0.581667 0.319106 0.0959925 0.00289975 0.000334073
 0.762889 0.0836404 0.116647 0.0363945 0.000428098
 0.88444 0.0763242 0.0277011 0.0115352 0
 0.521256 0.241999 0.230069 0.00667565 0
 0.616807 0.101726 0.260614 0.0208532 0
 0 0 0 0 0
ppred_PELACES
 0.0310971 0.137606 0.723537 0.107759 8.96791e-07
 0.0759267 0.0544912 0.145005 0.634182 0.0903946
 0.956085 0.00661006 0.00270644 0.00599049 0.0286077
 0.586522 0.404746 0.00159674 0.000543793 0.00659095
 0.344585 0.472193 0.18013 0.000591078 0.00250131
 0.995449 0.00233522 0.00167539 0.000531605 8.65456e-06
 0.0582568 0.93942 0.00130448 0.000778449 0.000240199
 0.10222 0.0892533 0.8069 0.00093197 0.000694648
 0.950486 0.00928359 0.00471404 0.0354483 6.80603e-05
 0.402786 0.582611 0.00326856 0.00138051 0.00995401
 0.95967 0.0228271 0.0171596 8.00741e-05 0.000263113
 0.9252 0.0731377 0.00101514 0.00063473 1.2044e-05
 0.790287 0.200788 0.00876237 0.000101161 6.16708e-05
 0.883603 0.101673 0.0141995 0.000515424 9.12753e-06
 0.89675 0.0967821 0.00577387 0.000670723 2.37085e-05
 0.984099 0.0150131 0.000841438 4.17542e-05 4.80427e-06
 0.145 0.847343 0.00729838 0.000340239 1.79965e-05
 0.982596 0.00408947 0.0132152 9.46775e-05 4.44503e-06
 0.536417 0.459458 0.00111268 0.00299078 2.14583e-05
 0.842326 0.106403 0.0509022 0.000102534 0.000265634
 0.757641 0.22037 0.0156985 0.00624665 4.28881e-05
 0.894287 0.0897261 0.0147757 0.00087551 0.000335676
 0.0896269 0.854495 0.0486874 0.00666889 0.000521539
 0.880725 0.0176303 0.0964291 0.00457006 0.00064541
 0.671058 0.308124 0.0035989 0.0163728 0.000846319
 0.272065 0.567431 0.152255 0.00147919 0.0067695
 0.865543 0.0539001 0.065247 0.0145622 0.000748047
 0.800545 0.184635 0.00663724 0.0066829 0.00149996
 0.150195 0.741405 0.101774 0.00304311 0.00358317
 0.199371 0.18639 0.547817 0.0625493 0.00387372
 0.952067 0.0164079 0.00845579 0.0206716 0.0023972
pobs_pel_tallas
 0 0 0 0 0 0 0 0 0 0 0 0 0 0 0 0 0 0 0 0 0 0 0 0 0 0
 0 0 0 0 0 0 0 0 0 0 0 0 0 0 0 0 0 0 0 0 0 0 0 0 0 0
 0 0 0 0 0 0 0 0 0 0 0 0 0 0 0 0 0 0 0 0 0 0 0 0 0 0
 0 0 0 0 0 0 0 0 0 0 0 0 0 0 0 0 0 0 0 0 0 0 0 0 0 0
 0 0 0 0 0 0 0 0 0 0 0 0 0 0 0 0 0 0 0 0 0 0 0 0 0 0
 0 0 0 0 0 0 0 0 0 0 0 0 0 0 0 0 0 0 0 0 0 0 0 0 0 0
 0 0 0 0 0 0 0 0 0 0 0 0 0 0 0 0 0 0 0 0 0 0 0 0 0 0
 0 0 0 0 0 0 0 0 0 0 0 0 0 0 0 0 0 0 0 0 0 0 0 0 0 0
 0 0 0 0 0 0 0 0 0 0 0 0 0 0 0 0 0 0 0 0 0 0 0 0 0 0
 0 0 0 0 0 0 0 0 0 0 0 0 0 0 0 0 0 0 0 0 0 0 0 0 0 0
 0 0 0 0 0 0 0 0 0 0 0 0 0 0 0 0 0 0 0 0 0 0 0 0 0 0
 0 0 0 0 0 0 0 0 0 0 0 0 0 0 0 0 0 0 0 0 0 0 0 0 0 0
 0.00862536 0 0 0.000197151 0.00414017 0.0128641 0.00837892 0.0270097 0.101434 0.158115 0.152841 0.127902 0.109271 0.109419 0.0830992 0.0579132 0.0238553 0.00714673 0.00463305 0.00128148 0.00103504 0.000492878 0.000147863 0.000147863 4.92878e-05 0
 0 0 0 0 0 0 0 0 0 0 0 0 0 0 0 0 0 0 0 0 0 0 0 0 0 0
 0 0 0 0 0 0 0 0.0054083 0.00873648 0.0413646 0.0450493 0.0745869 0.0622846 0.0627006 0.0613931 0.0827291 0.12552 0.122667 0.0946155 0.0697135 0.0546179 0.0294188 0.0215738 0.0213955 0.0102223 0.00600262
 0 0 0 0 0.00359764 0.0251062 0.0480494 0.140153 0.205849 0.193036 0.1447 0.116669 0.0760912 0.0342217 0.00950174 0.001854 0.000860785 0 0 0 0.000165536 0 0.000143464 0 0 0
 0 0 0 0 0 0 0 0.000145254 0.000435761 0.0275982 0.070085 0.0708112 0.156366 0.174668 0.174014 0.160142 0.0824315 0.0480064 0.0283245 0.00493863 0.00203355 0 0 0 0 0
 0 0 0 0 0 0 0 0 0 0 0 0 0 0 0 0 0 0 0 0 0 0 0 0 0 0
 0 0 1.00437e-05 0.000401748 0.00122533 0.00171747 0.00176769 0.0269171 0.070346 0.194647 0.189555 0.159765 0.064822 0.0314167 0.0384472 0.0292271 0.0345202 0.0313363 0.0194345 0.0106764 0.0143323 0.0359363 0.0279516 0.0138201 0.00172751 0
 0 0.0021121 0.0136068 0.0755702 0.200478 0.177729 0.0527432 0.0373336 0.0318909 0.0142505 0.0149659 0.0166563 0.0217959 0.0798694 0.0677717 0.0528807 0.04013 0.0224614 0.0357745 0.0225083 0.00881397 0.00855152 0.00135912 0.000746735 0 0
 0 0 0 0 5.4009e-05 0.00500934 0.000945158 0.0243581 0.138947 0.33067 0.221406 0.137944 0.0707744 0.0437923 0.0131692 0.00525238 0.0047753 0.00276346 9.45158e-05 9.00151e-06 2.25038e-05 9.00151e-06 4.50075e-06 0 0 0
 0.000866109 0.00284123 0.00948549 0.0512746 0.133035 0.25785 0.225252 0.132002 0.0553304 0.0519788 0.0540692 0.017754 0.00435017 0.00159236 0.00146478 0.000404838 0.000125132 0.000115318 0.000107957 0.000100596 0 0 0 0 0 0
 0 0 0 0 0.00144013 0.00171154 0.00461396 0.0210425 0.0478622 0.0707936 0.0888783 0.103762 0.0637923 0.0337046 0.0602308 0.124433 0.169614 0.0934646 0.0462172 0.0250306 0.0313229 0.00938855 0.002487 0.000210481 0 0
 0 0.00764035 0.051015 0.0998891 0.058973 0.0496711 0.0374665 0.0718981 0.12319 0.153886 0.159021 0.0857701 0.0377988 0.023471 0.0147837 0.00900784 0.00315554 0.000888139 0.00291439 0.00214683 0.00393193 0.00274676 0.000635225 9.99891e-05 0 0
 0 0 0 0 0 0 0 0 0 0 0 0 0 0 0 0 0 0 0 0 0 0 0 0 0 0
 0 0 0 0 0 0 0 0 0 0 0 0 0 0 0 0 0 0 0 0 0 0 0 0 0 0
 0 0 0 0 0 0 0 0 0 0 0 0 0 0 0 0 0 0 0 0 0 0 0 0 0 0
 0 0 0 0 0 0 0 0 0 0 0 0 0 0 0 0 0 0 0 0 0 0 0 0 0 0
 0 0 0 0 0 0 0 0 0 0 0 0 0 0 0 0 0 0 0 0 0 0 0 0 0 0
 0 0 0 0 0 0 0 0 0 0 0 0 0 0 0 0 0 0 0 0 0 0 0 0 0 0
 0 0 0 0 0 0 0 0 0 0 0 0 0 0 0 0 0 0 0 0 0 0 0 0 0 0
ppred_pel_tallas
 1.31722e-16 2.56146e-06 2.48983e-05 0.000165459 0.00075216 0.00234033 0.00498684 0.00728144 0.00729582 0.00505766 0.00258138 0.00146277 0.00200343 0.00421676 0.00849002 0.0154054 0.0253948 0.0386189 0.0550298 0.0743054 0.0953979 0.115935 0.132193 0.140151 0.137238 0.123669
 1.83096e-16 6.25399e-06 6.0791e-05 0.000403978 0.00183643 0.00571384 0.0121742 0.0177697 0.0177754 0.0122023 0.0058097 0.00211989 0.00114134 0.0017597 0.00350769 0.00654951 0.0113319 0.0185351 0.0291848 0.0446001 0.0658935 0.0930439 0.123996 0.154445 0.178702 0.191437
 1.05522e-16 7.87515e-05 0.000765492 0.00508697 0.0231246 0.0719492 0.153296 0.223739 0.22374 0.153299 0.0719599 0.0231556 0.00516547 0.000939222 0.000416182 0.000584859 0.000890695 0.00125199 0.00166415 0.00217591 0.00288479 0.00389075 0.00522313 0.00678363 0.00834205 0.00959292
 1.0132e-16 4.83111e-05 0.000469601 0.00312067 0.0141861 0.0441385 0.0940432 0.137267 0.137306 0.0942334 0.0447767 0.0160282 0.00774015 0.0105395 0.0191305 0.0314391 0.0450251 0.056077 0.0607519 0.0572922 0.0471118 0.0339213 0.0216128 0.0125146 0.00700488 0.00422164
 1.05802e-16 2.83831e-05 0.000275894 0.00183341 0.00833446 0.0259319 0.0552522 0.0806518 0.0806975 0.0554755 0.0266821 0.0105035 0.00728589 0.0122049 0.02276 0.0377788 0.0548718 0.069931 0.0787278 0.079213 0.0726041 0.0623237 0.0517361 0.042532 0.0347168 0.0276472
 1.00104e-16 8.19938e-05 0.000797009 0.00529641 0.0240767 0.0749115 0.159607 0.232951 0.232951 0.159608 0.0749153 0.0240875 0.0053237 0.000856955 0.00019691 0.00019855 0.000284578 0.00037138 0.000435218 0.000466878 0.000471384 0.000461745 0.000448072 0.000431235 0.000405235 0.000364412
 1.00397e-16 4.79873e-06 4.66455e-05 0.00030998 0.00140918 0.00438496 0.00934597 0.0136596 0.01375 0.00978724 0.00586599 0.0056841 0.0110301 0.0234138 0.0442805 0.0729274 0.104421 0.12998 0.140663 0.132353 0.108301 0.0771027 0.0478098 0.0258895 0.0123266 0.00525297
 1.2352e-16 8.41973e-06 8.18428e-05 0.000543875 0.00247238 0.00769255 0.0163901 0.0239239 0.0239338 0.0164387 0.00785924 0.00296938 0.0018499 0.00312593 0.00635328 0.0119536 0.0206106 0.0329424 0.049286 0.0693129 0.0914385 0.112422 0.127797 0.13336 0.127069 0.110165
 1.03705e-16 7.82903e-05 0.000761009 0.00505717 0.0229892 0.0715279 0.152398 0.222429 0.22243 0.152402 0.0715429 0.023033 0.00516809 0.00100681 0.000556551 0.000828161 0.00126612 0.00177646 0.00233906 0.00298849 0.00380408 0.00484965 0.00609309 0.00736533 0.00839613 0.00891332
 1.02067e-16 3.3177e-05 0.000322493 0.00214308 0.00974217 0.0303118 0.0645846 0.0942748 0.0943308 0.0648583 0.0312304 0.0123939 0.008793 0.0148188 0.0275042 0.0452602 0.0648283 0.0807542 0.0875118 0.0825735 0.0679745 0.049052 0.0314005 0.0183612 0.0104682 0.00647399
 1.00554e-16 7.90468e-05 0.000768363 0.00510604 0.0232113 0.072219 0.15387 0.224579 0.224581 0.153881 0.0722556 0.0233171 0.00537265 0.00135371 0.00120046 0.00188469 0.00276553 0.00359782 0.00418515 0.00442928 0.00436964 0.00412943 0.00381537 0.00345907 0.00303723 0.0025321
 1.00114e-16 7.62075e-05 0.000740764 0.00492264 0.0223776 0.0696251 0.148344 0.216514 0.216521 0.148378 0.0697404 0.0227106 0.00575763 0.00256109 0.00352613 0.00568988 0.00814473 0.0101488 0.0110037 0.0103901 0.00855969 0.00617727 0.00393998 0.00226499 0.00122228 0.000663845
 1.00325e-16 6.50949e-05 0.000632746 0.00420482 0.0191145 0.0594725 0.126713 0.184946 0.184965 0.126807 0.0597893 0.0200292 0.00649911 0.0056358 0.00955083 0.0156444 0.0224308 0.0279973 0.0304409 0.0288825 0.0239965 0.0175777 0.0115049 0.00689728 0.00394348 0.00225962
 1.0049e-16 7.27813e-05 0.00070746 0.00470132 0.0213715 0.0664948 0.141675 0.20678 0.20679 0.141722 0.0666555 0.0218358 0.0058666 0.00325094 0.00490229 0.00798632 0.0114899 0.0144307 0.015858 0.0153281 0.0131604 0.0102145 0.00737601 0.0051523 0.00360976 0.00256807
 1.00263e-16 7.38641e-05 0.000717985 0.00477127 0.0216895 0.0674841 0.143782 0.209856 0.209866 0.143828 0.0676369 0.0221306 0.00587775 0.00313127 0.0046507 0.00755468 0.0108356 0.013541 0.0147547 0.0140541 0.0117617 0.00873476 0.00586709 0.00368572 0.00227281 0.00144154
 1.00034e-16 8.10589e-05 0.000787922 0.00523602 0.0238022 0.0740574 0.157787 0.230295 0.230297 0.157794 0.0740811 0.0238706 0.00540763 0.00116221 0.000790839 0.00117633 0.00168007 0.00209851 0.0022851 0.00217397 0.00181515 0.0013419 0.00089339 0.000552024 0.000331154 0.000202155
 1.00465e-16 1.19437e-05 0.000116097 0.000771507 0.00350721 0.0109127 0.0232536 0.0339564 0.0340379 0.0236517 0.0122487 0.0073638 0.010443 0.0211991 0.0399638 0.0658171 0.0942651 0.117391 0.127137 0.119791 0.0982675 0.0702897 0.0439821 0.024243 0.0119487 0.00542933
 1.00393e-16 8.09351e-05 0.000786718 0.00522802 0.0237658 0.0739443 0.157546 0.229943 0.229944 0.157548 0.0739512 0.0237859 0.0052794 0.000901952 0.000308744 0.000405566 0.000630211 0.000903769 0.00120198 0.00150786 0.00180465 0.00206334 0.0022359 0.00226841 0.00212967 0.00183426
 1.00454e-16 4.41841e-05 0.000429485 0.00285408 0.0129743 0.040368 0.0860099 0.125543 0.125587 0.0862257 0.0410924 0.0150652 0.00809756 0.0118593 0.0217022 0.0356789 0.0510898 0.0636105 0.0688703 0.064862 0.0531775 0.0380191 0.0238038 0.0131886 0.006635 0.00321164
 1.01552e-16 6.93813e-05 0.000674411 0.0044817 0.0203732 0.0633885 0.135056 0.197121 0.197131 0.135107 0.0635579 0.0208631 0.00571401 0.00337295 0.00521885 0.0085812 0.0125004 0.0160187 0.0181941 0.0185645 0.0173793 0.0153573 0.0131887 0.0111952 0.00935303 0.00753841
 1.01144e-16 6.2406e-05 0.000606608 0.00403113 0.0183249 0.0570158 0.121479 0.177306 0.177328 0.121583 0.0573637 0.0193296 0.00655192 0.00610555 0.0104943 0.0172199 0.0247286 0.0309471 0.0338079 0.0323594 0.0273376 0.020682 0.0143989 0.00964726 0.0065721 0.00471781
 1.00595e-16 7.36613e-05 0.000716014 0.00475816 0.0216299 0.0672988 0.143387 0.20928 0.209289 0.14343 0.0674407 0.0220399 0.00578738 0.0029631 0.00434214 0.00706384 0.0101726 0.0127991 0.0141082 0.0137103 0.0118832 0.00937508 0.00695158 0.0050439 0.00369948 0.00275717
 1.02381e-16 7.38262e-06 7.17618e-05 0.000476886 0.00216791 0.0067456 0.0143753 0.0209984 0.0210806 0.014777 0.00809432 0.00606189 0.0102454 0.0213768 0.0404113 0.0666431 0.0956402 0.119506 0.130189 0.123961 0.103678 0.0769213 0.0515946 0.0323598 0.0199406 0.0126754
 1.03355e-16 7.25442e-05 0.000705155 0.004686 0.0213019 0.0662781 0.141213 0.206104 0.206106 0.141222 0.066309 0.0213931 0.00492199 0.00124352 0.00116281 0.00198397 0.00326061 0.00495085 0.00703353 0.00944938 0.0120418 0.0144887 0.016312 0.0170236 0.0163498 0.014387
 1.01968e-16 5.52743e-05 0.000537285 0.00357045 0.0162308 0.0505001 0.107597 0.157047 0.157077 0.107742 0.0509861 0.0176337 0.00708925 0.00820952 0.014599 0.0239772 0.0343721 0.0428881 0.046625 0.0442691 0.0369069 0.0273447 0.0184891 0.0120234 0.00813606 0.00609409
 1.05833e-16 2.24098e-05 0.000217831 0.00144757 0.00658046 0.0204745 0.0436252 0.0636837 0.0637385 0.043893 0.021374 0.00917979 0.00797718 0.0144882 0.0271713 0.0450046 0.0651045 0.082433 0.0918228 0.0908167 0.0810394 0.0669338 0.0529645 0.0415225 0.0327534 0.0257313
 1.03484e-16 7.12936e-05 0.000692999 0.00460522 0.0209347 0.0651356 0.138778 0.202552 0.202558 0.138804 0.0652228 0.0211877 0.00524491 0.0021045 0.00279623 0.00462563 0.00692709 0.00927766 0.0112839 0.0127466 0.0137247 0.0143858 0.0147822 0.014764 0.0141022 0.0126915
 1.01163e-16 6.59399e-05 0.000640959 0.0042594 0.0193626 0.0602444 0.128358 0.187346 0.187363 0.128445 0.0605358 0.0202037 0.00636931 0.00524219 0.00879076 0.0143928 0.020644 0.0257882 0.0280878 0.0267516 0.0224174 0.0167459 0.011457 0.00754773 0.00513608 0.00380519
 1.04039e-16 1.23715e-05 0.000120255 0.000799143 0.00363283 0.0113035 0.0240859 0.035169 0.0352404 0.024435 0.0124756 0.00701813 0.00929594 0.0186661 0.035226 0.0581925 0.0837675 0.105202 0.115597 0.111724 0.095924 0.0744807 0.0538662 0.0377828 0.0267022 0.0192806
 1.22785e-16 1.64219e-05 0.000159627 0.00106078 0.00482216 0.0150036 0.0319675 0.0466614 0.0466802 0.0320597 0.0153156 0.00573378 0.00338882 0.00537327 0.0103033 0.0180116 0.028283 0.0404381 0.0536281 0.0672173 0.0806752 0.0929641 0.102106 0.10563 0.101795 0.090705
 1.02728e-16 7.84205e-05 0.000762276 0.00506559 0.0230274 0.0716469 0.152651 0.222799 0.222801 0.152659 0.0716732 0.0231037 0.00525788 0.00118529 0.000891706 0.00137719 0.00204332 0.00271916 0.00329861 0.00375935 0.00417811 0.00466843 0.00527986 0.00593734 0.00646465 0.00667056
pSPR Fmed_Fpbrs
0.216101   0.2511 0.2511
Fs Fmed_Fpbrs
1.14576   1.005 1.005
SSBpbr Bo_Bmed_Bpbrs
1.46896e+06  243996  295408 295408
Ro
47021
SPR SPRFo_SPRFmed_SPRFpbrs
334821 72355.1 84073.5
Fref
1.005
log_Ro
10.5784
likeval ReclasPelacesDesembMPH_pf_preclas_ppelaces_ptallas_desvR_qrecl_qpela
 20.5524 18.9249 0.295446 0.000954227 318.07 124.493 104.663 0 101.692 0.000132759 0.000312618 0.00376691 0 0 0
q_reclas_q_pelaces
5.11782 12.3725
M
1
N
 7520.81 17682.1 73175.7 10312.4 0.0848532
 4610.61 2273.81 4762.33 19708.4 2777.47
 173551 823.757 265.46 555.987 2625.16
 56165.6 31065.9 96.4592 31.0845 372.501
 5114.73 7324.86 2199.25 6.82864 28.5711
 287914 387.689 218.917 65.7287 1.05799
 6159.47 74322.6 81.2278 45.867 13.993
 1692.07 924.52 6578.4 7.18959 5.29829
 56383.4 366.098 146.313 1041.08 1.97631
 6878.06 10779.9 47.5993 19.0233 135.617
 33072.7 484.218 286.487 1.265 4.10971
 116039 7401.26 80.8534 47.8369 0.897456
 71320.2 14929.5 512.786 5.60181 3.37649
 69705.7 8791.68 966.383 33.1926 0.581165
 40835.9 4792.83 225.046 24.7371 0.86453
 258695 2853.53 125.875 5.91045 0.672384
 8907.42 41652.2 282.366 12.4558 0.651394
 448795 1165.6 2964.6 20.0974 0.932906
 149571 97651.5 186.128 473.398 3.3582
 235349 21617.6 8139.48 15.5142 39.7387
 180538 37457.1 2100.14 790.747 5.3678
 423847 29885.3 3873.43 217.175 82.326
 11344.3 72330.8 3243.68 420.413 32.5071
 173827 2142.55 9223.28 413.619 57.7542
 138534 38872.5 357.352 1538.34 78.6196
 23875 31461.2 6644.19 61.0795 276.374
 125362 5064.87 4825.55 1019.09 51.759
 195460 25191.3 712.743 679.066 150.694
 19357.5 53301.4 5758.74 162.933 189.683
 6973.41 5298.06 12255.7 1324.12 81.0779
 73626.5 884.119 358.607 829.547 95.1129
pred_Ctot
 860.674 3071.03 12709.1 1791.06 0.0147373
 1588.06 1073.25 2247.85 9302.5 1310.98
 59662 388.192 125.097 262.007 1237.1
 24864.3 17965.3 55.7821 17.9761 215.416
 2894.62 5081.65 1525.74 4.7374 19.8213
 55871.3 110.382 62.3297 18.7142 0.301228
 2474.59 39804.1 43.5023 24.5645 7.49407
 459.78 356.078 2533.66 2.76906 2.04063
 18040.1 162.378 64.8953 461.76 0.876567
 3984.31 7600.87 33.5621 13.4132 95.6227
 8523.51 178.008 105.318 0.46504 1.51081
 51802.3 4308.09 47.0627 27.8446 0.522386
 32658.8 8862.46 304.401 3.32536 2.00436
 40666 6229.38 684.735 23.5188 0.411787
 23708.7 3384.68 158.927 17.4693 0.610527
 98199.7 1459.6 64.3862 3.02324 0.343929
 3934.95 24047.7 163.023 7.19129 0.376079
 120910 445.574 1133.27 7.68261 0.35662
 61802.2 53486.4 101.947 259.293 1.83938
 90217.5 11146.3 4196.8 7.9993 20.4897
 66890.7 18782.9 1053.12 396.522 2.69169
 152708 14644.4 1898.07 106.42 40.3415
 3680.89 32465.7 1455.93 188.702 14.5908
 44850.7 788.452 3394.14 152.211 21.2534
 34841.7 13984.6 128.559 553.425 28.2839
 6678.48 12428.7 2624.77 24.1293 109.181
 37747.4 2132.74 2031.97 429.126 21.795
 32754.8 6264.9 177.254 168.879 37.4764
 3208.91 13122.9 1417.81 40.1145 46.7004
 3140.87 3105.18 7183.04 776.063 47.5195
 26086.7 427.264 173.303 400.891 45.9648
F
 0.196217 0.311818 0.311818 0.311818 0.311818
 0.722241 1.14775 1.14775 1.14775 1.14775
 0.720359 1.14476 1.14476 1.14476 1.14476
 1.03703 1.64799 1.64799 1.64799 1.64799
 1.57968 2.51034 2.51034 2.51034 2.51034
 0.354245 0.562947 0.562947 0.562947 0.562947
 0.896471 1.42462 1.42462 1.42462 1.42462
 0.530806 0.843528 0.843528 0.843528 0.843528
 0.654492 1.04008 1.04008 1.04008 1.04008
 1.65356 2.62775 2.62775 2.62775 2.62775
 0.497057 0.789897 0.789897 0.789897 0.789897
 1.05059 1.66955 1.66955 1.66955 1.66955
 1.09337 1.73753 1.73753 1.73753 1.73753
 1.67716 2.66525 2.66525 2.66525 2.66525
 1.66101 2.63958 2.63958 2.63958 2.63958
 0.826297 1.31311 1.31311 1.31311 1.31311
 1.03364 1.64261 1.64261 1.64261 1.64261
 0.525163 0.83456 0.83456 0.83456 0.83456
 0.934261 1.48468 1.48468 1.48468 1.48468
 0.837873 1.3315 1.3315 1.3315 1.3315
 0.798577 1.26906 1.26906 1.26906 1.26906
 0.768122 1.22066 1.22066 1.22066 1.22066
 0.666722 1.05952 1.05952 1.05952 1.05952
 0.49777 0.791029 0.791029 0.791029 0.791029
 0.482362 0.766545 0.766545 0.766545 0.766545
 0.550503 0.874829 0.874829 0.874829 0.874829
 0.604703 0.960962 0.960962 0.960962 0.960962
 0.299393 0.47578 0.47578 0.47578 0.47578
 0.295738 0.469972 0.469972 0.469972 0.469972
 1.06527 1.69287 1.69287 1.69287 1.69287
 0.750621 1.19285 1.19285 1.19285 1.19285
nmprior
 8 9 7.5 0
nm_flota  nm_reclas  nm_pelaces    nm_pelaL
inf 20.3767 3.63694 4.7085
cv_recla  cv_pelaces  cv_mph
0.410068 0.511895 0.953303
 ------------------------------------------------
Talla a la edad & desviación 
 8 13.2811 15.8009 17.003 17.5766
 0.8 1.32811 1.58009 1.7003 1.75766
