years
 1991 1992 1993 1994 1995 1996 1997 1998 1999 2000 2001 2002 2003 2004 2005 2006 2007 2008 2009 2010 2011 2012 2013 2014 2015 2016 2017 2018 2019 2020 2021
reclasobs
 0 0 0 0 0 0 0 0 0 252601 567819 844713 477998 351125 339783 2.1784e+06 2.13404e+06 4.81314e+06 1.55562e+06 2.62356e+06 3.21686e+06 3.843e+06 1.13348e+06 3.07943e+06 1.97215e+06 2.03268e+06 2.025e+06 2.42433e+06 2.27542e+06 1.05018e+06 2.36338e+06
reclaspred
 4.33126e+06 1.49105e+06 909950 498212 78906.8 1.90445e+06 632638 168818 633631 193449 308751 673340 574601 429449 317993 1.9634e+06 1.23728e+06 4.77308e+06 3.85591e+06 1.97223e+06 3.98234e+06 3.64831e+06 2.08539e+06 3.92507e+06 2.57485e+06 1.64992e+06 2.66922e+06 3.95885e+06 2.84963e+06 1.08025e+06 661714
pelacesobs
 0 0 0 0 0 0 0 0 0 0 0 0 0 0 0 552880 188675 0 991730 2.46772e+06 1.41603e+06 1.21717e+06 2.29649e+06 1.80582e+06 0 1.4828e+06 1.56532e+06 1.57751e+06 1.42118e+06 867257 0
pelacespred
 1.02743e+06 357525 179775 65448.5 9318.83 410249 95489.9 33965.8 125408 27740.9 63687.9 114294 105074 76955.3 55651.3 356717 221949 1.07899e+06 851622 402990 829344 752500 433560 954202 585835 369408 705237 1.02268e+06 611997 268837 137693
mphobs
 0 0 0 0 0 0 0 0 0 0 0 498337 0 5186 125008 0 168611 109162 213762 579715 649985 157893 87575 83554 0 0 0 0 0 0 0
mphpred
 2.30458e+06 1.05163e+06 255334 243887 67160.1 8789.9 465922 96396.9 30987.4 129748 22791.1 87138.5 146003 91654.9 49388.9 50814.3 580453 317839 1.31602e+06 891057 606706 962832 1.0197e+06 581080 1.03851e+06 711449 408290 656474 1.33443e+06 699605 185498
desembarqueobs
 494567 514787 250237 358949 120608 361735 552515 73892 212993 205616 52469 317467 293654 387597 252695 516296 358380 742168 942051 627588 828172 859565 418607 520667 417249 300574 407403 355545 319650 289779 219260
desembarquepred
 494517 514506 249861 358563 120492 361527 551746 73859.2 212825 205380 52454 317159 293312 386888 252363 515868 358213 741665 940682 626511 827625 858713 418330 520431 416953 300320 407153 355367 319457 289498 219148
Reclutas
 10693.8 6732.68 195695 18298.1 5530.25 285457 8076.05 2128.75 60949.2 10044.2 46552.8 130050 76989.8 68931.7 45066.1 387694 12506.7 674316 317074 133333 376626 510785 17334.8 274782 163322 40351.3 224352 308596 18968.8 8875.25 57816.3
log_desv_Rt
 -1.6816 -2.14429 1.22529 -1.14447 -2.34103 1.60283 -1.96236 -3.29573 0.0587757 -1.74427 -0.210677 0.816656 0.292408 0.181851 -0.243135 1.90895 -1.525 2.46243 1.70787 0.841582 1.87999 2.18468 -1.19855 1.56471 1.04446 -0.35364 1.36195 1.68077 -1.10847 -1.868 0.00600664
SSB
 2.30458e+06 1.05163e+06 255334 243887 67160.1 8789.9 465922 96396.9 30987.4 129748 22791.1 87138.5 146003 91654.9 49388.9 50814.3 580453 317839 1.31602e+06 891057 606706 962832 1.0197e+06 581080 1.03851e+06 711449 408290 656474 1.33443e+06 699605 185498
BT
 2.82706e+06 1.38563e+06 644934 406874 126587 1.26721e+06 708184 148675 480557 246392 191636 524837 504219 579279 378380 1.22956e+06 794860 3.16255e+06 2.85176e+06 1.5199e+06 2.61541e+06 2.50731e+06 1.36133e+06 2.69674e+06 1.74453e+06 1.12782e+06 2.05688e+06 2.71138e+06 1.67839e+06 934021 528676
Ftot
 0.220792 0.635576 0.63822 1.28426 2.25126 0.515389 1.46167 0.817278 0.861985 1.78037 0.444389 1.1102 1.1109 1.89684 1.76271 0.693371 0.560334 0.40486 0.531968 0.655676 0.4936 0.541756 0.392475 0.325975 0.347966 0.373344 0.378487 0.224908 0.221693 0.509328 0.750208
BD_Bspro_t
 0.965395 0.72601 0.389676 0.397868 0.128026 0.0270963 0.469041 0.13967 0.0733662 0.259873 0.0835229 0.348206 0.309623 0.188612 0.106749 0.114297 0.460366 0.316551 0.584505 0.452848 0.328247 0.433278 0.471018 0.375788 0.547256 0.515418 0.447878 0.591092 0.722968 0.578683 0.355708
BD_Bspro
 5.63158 2.5698 0.623945 0.595973 0.164115 0.0214794 1.13855 0.23556 0.0757221 0.317058 0.0556933 0.212935 0.356779 0.223972 0.120689 0.124172 1.41842 0.776686 3.21588 2.17743 1.48257 2.35282 2.49179 1.41995 2.53776 1.73853 0.997716 1.60419 3.26087 1.70958 0.453292
BD_Bo
 1.40581 0.641498 0.155755 0.148772 0.040968 0.00536189 0.284215 0.0588027 0.0189025 0.079147 0.0139027 0.0531549 0.0890625 0.05591 0.0301275 0.030997 0.35408 0.193884 0.802778 0.54355 0.370094 0.587333 0.622025 0.354462 0.6335 0.433988 0.249059 0.400453 0.81401 0.426763 0.113155
BD_Brms
 7.50336 3.42393 0.831327 0.794058 0.218663 0.0286185 1.51697 0.313853 0.10089 0.422439 0.0742042 0.283709 0.475362 0.298414 0.160802 0.165443 1.88986 1.03483 4.28475 2.90114 1.97534 3.13483 3.32 1.8919 3.38124 2.31637 1.32933 2.13738 4.3447 2.2778 0.603953
Sel_flota
 0.693694 0.977288 0.998778 0.999936 0.999997
 0.693694 0.977288 0.998778 0.999936 0.999997
 0.693694 0.977288 0.998778 0.999936 0.999997
 0.693694 0.977288 0.998778 0.999936 0.999997
 0.693694 0.977288 0.998778 0.999936 0.999997
 0.693694 0.977288 0.998778 0.999936 0.999997
 0.693694 0.977288 0.998778 0.999936 0.999997
 0.693694 0.977288 0.998778 0.999936 0.999997
 0.693694 0.977288 0.998778 0.999936 0.999997
 0.693694 0.977288 0.998778 0.999936 0.999997
 0.693694 0.977288 0.998778 0.999936 0.999997
 0.693694 0.977288 0.998778 0.999936 0.999997
 0.693694 0.977288 0.998778 0.999936 0.999997
 0.693694 0.977288 0.998778 0.999936 0.999997
 0.693694 0.977288 0.998778 0.999936 0.999997
 0.693694 0.977288 0.998778 0.999936 0.999997
 0.693694 0.977288 0.998778 0.999936 0.999997
 0.693694 0.977288 0.998778 0.999936 0.999997
 0.693694 0.977288 0.998778 0.999936 0.999997
 0.693694 0.977288 0.998778 0.999936 0.999997
 0.693694 0.977288 0.998778 0.999936 0.999997
 0.693694 0.977288 0.998778 0.999936 0.999997
 0.693694 0.977288 0.998778 0.999936 0.999997
 0.693694 0.977288 0.998778 0.999936 0.999997
 0.693694 0.977288 0.998778 0.999936 0.999997
 0.693694 0.977288 0.998778 0.999936 0.999997
 0.693694 0.977288 0.998778 0.999936 0.999997
 0.693694 0.977288 0.998778 0.999936 0.999997
 0.693694 0.977288 0.998778 0.999936 0.999997
 0.693694 0.977288 0.998778 0.999936 0.999997
 0.693694 0.977288 0.998778 0.999936 0.999997
Sel_reclas
 1 1 1 1 1
 1 1 1 1 1
 1 1 1 1 1
 1 1 1 1 1
 1 1 1 1 1
 1 1 1 1 1
 1 1 1 1 1
 1 1 1 1 1
 1 1 1 1 1
 1 1 1 1 1
 1 1 1 1 1
 1 1 1 1 1
 1 1 1 1 1
 1 1 1 1 1
 1 1 1 1 1
 1 1 1 1 1
 1 1 1 1 1
 1 1 1 1 1
 1 1 1 1 1
 1 1 1 1 1
 1 1 1 1 1
 1 1 1 1 1
 1 1 1 1 1
 1 1 1 1 1
 1 1 1 1 1
 1 1 1 1 1
 1 1 1 1 1
 1 1 1 1 1
 1 1 1 1 1
 1 1 1 1 1
 1 1 1 1 1
Sel_pelaces
 1 1 1 1 1
 1 1 1 1 1
 1 1 1 1 1
 1 1 1 1 1
 1 1 1 1 1
 1 1 1 1 1
 1 1 1 1 1
 1 1 1 1 1
 1 1 1 1 1
 1 1 1 1 1
 1 1 1 1 1
 1 1 1 1 1
 1 1 1 1 1
 1 1 1 1 1
 1 1 1 1 1
 1 1 1 1 1
 1 1 1 1 1
 1 1 1 1 1
 1 1 1 1 1
 1 1 1 1 1
 1 1 1 1 1
 1 1 1 1 1
 1 1 1 1 1
 1 1 1 1 1
 1 1 1 1 1
 1 1 1 1 1
 1 1 1 1 1
 1 1 1 1 1
 1 1 1 1 1
 1 1 1 1 1
 1 1 1 1 1
pf_obs 
 0.8446 0.082 0.0669 0.0065 0
 0.8095 0.147 0.0364 0.0071 0
 0.9664 0.0169 0.016 0.0007 0
 0.9276 0.0648 0.0075 0.0001 0
 0.7033 0.2144 0.0806 0.0017 0
 0.9318 0.0425 0.0243 0.0014 0
 0.5671 0.3108 0.0964 0.0239 0.0018
 0.0768 0.2599 0.5324 0.112 0.0189
 0.490249 0.384438 0.106611 0.0170017 0.00170017
 0.7925 0.1577 0.0466 0.003 0.0002
 0.840416 0.127587 0.0312969 0.00059994 9.999e-05
 0.8084 0.0986 0.0794 0.0134 0.0002
 0.7335 0.1905 0.0724 0.0035 0.0001
 0.4001 0.4547 0.1325 0.0127 0
 0.49795 0.308269 0.164784 0.0264974 0.00249975
 0.9179 0.0499 0.0305 0.0017 0
 0.2467 0.6533 0.0926 0.0074 0
 0.9418 0.0223 0.034 0.0019 0
 0.707729 0.231977 0.0356964 0.0245975 0
 0.517169 0.277429 0.184464 0.0207286 0.00020938
 0.811772 0.124168 0.05621 0.00726502 0.000585176
 0.764997 0.148141 0.077277 0.00933861 0.000247198
 0.163321 0.427699 0.378323 0.0303852 0.000271297
 0.753843 0.0900009 0.118128 0.0371064 0.000921714
 0.721811 0.176058 0.0630433 0.0369309 0.00215725
 0.143369 0.312575 0.442814 0.0836902 0.0175525
 0.692698 0.0596174 0.167031 0.0765114 0.00414204
 0.394062 0.376323 0.152708 0.0712218 0.00568511
 0.125707 0.32114 0.495352 0.0537591 0.00404204
 0.23352 0.215282 0.420074 0.123614 0.00750983
 0 0 0 0 0
pf_pred 
 0.0515997 0.188442 0.680571 0.0793865 6.92831e-07
 0.100667 0.0664279 0.168678 0.594919 0.0693083
 0.933927 0.0100085 0.00426057 0.0105045 0.0412996
 0.233298 0.734211 0.00505357 0.00208827 0.0253493
 0.375054 0.219571 0.388871 0.00257188 0.0139323
 0.996554 0.00198434 0.000532633 0.000891767 3.77286e-05
 0.0819278 0.916018 0.00119748 0.000312548 0.00054461
 0.176598 0.115725 0.70616 0.000884748 0.000631816
 0.965335 0.00907001 0.00369807 0.0218499 4.68427e-05
 0.398474 0.588872 0.00339662 0.0013397 0.00791851
 0.948044 0.0293555 0.0221481 0.000121791 0.000331079
 0.887668 0.108419 0.00223684 0.00164284 3.35417e-05
 0.719397 0.261249 0.0187039 0.000371929 0.00027819
 0.781925 0.177703 0.0376821 0.00259968 9.01777e-05
 0.828689 0.150744 0.0169137 0.00341091 0.000242825
 0.982112 0.0161858 0.00150637 0.000161167 3.47265e-05
 0.0956465 0.893987 0.00940667 0.000849338 0.00011027
 0.9571 0.00596291 0.036525 0.000373599 3.80543e-05
 0.552881 0.434299 0.00182253 0.0108754 0.000122399
 0.451089 0.358448 0.185155 0.000755553 0.00455246
 0.836279 0.0922432 0.0471561 0.0236454 0.000676738
 0.776013 0.198536 0.0145139 0.00721918 0.00371804
 0.0772878 0.775899 0.13055 0.0092801 0.00698253
 0.821697 0.0197259 0.133894 0.0219524 0.00273074
 0.566257 0.378765 0.00622006 0.0411774 0.00758084
 0.293889 0.464513 0.211677 0.00338926 0.0265318
 0.847189 0.0584325 0.0626335 0.0278187 0.0039266
 0.759628 0.214538 0.0100381 0.0104871 0.00530799
 0.104384 0.734122 0.144512 0.00660396 0.0103781
 0.138133 0.124101 0.607311 0.116753 0.0137021
 0.794102 0.0410136 0.0243158 0.115743 0.0248255
pobs_RECLAS
 0 0 0 0 0
 0 0 0 0 0
 0 0 0 0 0
 0 0 0 0 0
 0 0 0 0 0
 0 0 0 0 0
 0 0 0 0 0
 0 0 0 0 0
 0 0 0 0 0
 0 0 0 0 0
 0.991045 0.00858322 0.000360255 1.14367e-05 0
 0.934742 0.0480273 0.0164251 0.00080598 0
 0.827803 0.169806 0.00239088 0 0
 0.941827 0.0461693 0.0120037 0 0
 0.791401 0.0380133 0.147996 0.0225897 0
 0.846168 0.0940531 0.0597789 0 0
 0.134021 0.677848 0.182769 0.00536245 0
 0.80878 0.0450904 0.141981 0.00414843 0
 0.846168 0.0940531 0.0597789 0 0
 0.905697 0.0802665 0.012482 0.00150086 5.37128e-05
 0.989698 0.0102097 9.19794e-05 0 0
 0.975433 0.0193895 0.00387452 0.00125025 5.28907e-05
 0.303575 0.632131 0.0575291 0.00676475 0
 0.966965 0.00978017 0.0227588 0.000495775 0
 0.843318 0.132988 0.00938335 0.0141283 0.000182051
 0.564624 0.303363 0.111486 0.0197234 0.00080311
 0.826376 0.0876187 0.0782897 0.00655872 0.00115652
 0.89761 0.0855135 0.0140674 0.00269457 0.000114338
 0.34875 0.467042 0.161289 0.0227151 0.000203297
 0.318654 0.224769 0.449479 0.00709798 0
 0.937255 0.0296025 0.0250945 0.00804832 0
ppred_RECLAS
 0.0727898 0.187553 0.662473 0.077184 6.73567e-07
 0.141578 0.0648618 0.160871 0.566675 0.0660135
 0.954113 0.00709796 0.00295126 0.00726727 0.0285702
 0.3128 0.658845 0.00441591 0.00182219 0.0221177
 0.497211 0.180453 0.309235 0.00204159 0.0110586
 0.997616 0.00138645 0.000363652 0.000608099 2.57256e-05
 0.118932 0.879151 0.00111801 0.000291376 0.000507678
 0.241415 0.108858 0.648336 0.00081125 0.00057929
 0.97638 0.00629766 0.00250567 0.0147854 3.16953e-05
 0.506683 0.483247 0.00270607 0.00106565 0.00629813
 0.963406 0.0208809 0.0153982 8.45705e-05 0.000229883
 0.921179 0.0761442 0.00153119 0.00112304 2.29273e-05
 0.791452 0.194504 0.0135728 0.000269527 0.000201582
 0.849398 0.123408 0.0253853 0.00174849 6.06463e-05
 0.882509 0.10375 0.0113027 0.00227578 0.000162001
 0.987574 0.0112691 0.00102417 0.000109438 2.3579e-05
 0.131842 0.858434 0.00882498 0.00079583 0.000103317
 0.970107 0.00423706 0.0253701 0.000259186 2.63987e-05
 0.639526 0.350378 0.0014367 0.00856252 9.6362e-05
 0.544307 0.300007 0.151353 0.000616841 0.00371643
 0.880762 0.0678671 0.0339051 0.0169801 0.000485945
 0.832851 0.148552 0.0106109 0.00527133 0.00271468
 0.107028 0.753598 0.123953 0.00880045 0.0066212
 0.86993 0.0146828 0.0974448 0.0159574 0.00198487
 0.65082 0.305826 0.00491022 0.032467 0.00597687
 0.374064 0.41497 0.184867 0.00295644 0.0231421
 0.889052 0.0430305 0.0450909 0.020003 0.00282324
 0.817874 0.162951 0.00745671 0.00778103 0.00393808
 0.142262 0.705887 0.1359 0.00620306 0.00974749
 0.189752 0.119014 0.569132 0.109279 0.0128241
 0.85072 0.0303375 0.01756 0.0834787 0.017904
pobs_PELACES
 0 0 0 0 0
 0 0 0 0 0
 0 0 0 0 0
 0 0 0 0 0
 0 0 0 0 0
 0 0 0 0 0
 0 0 0 0 0
 0 0 0 0 0
 0 0 0 0 0
 0 0 0 0 0
 0 0 0 0 0
 0 0 0 0 0
 0 0 0 0 0
 0 0 0 0 0
 0 0 0 0 0
 0 0 0 0 0
 0.505614 0.472636 0.0217494 0 0
 0 0 0 0 0
 0.443492 0.261883 0.143347 0.151278 0
 0.227955 0.32914 0.350689 0.0885471 0.00366901
 0.970185 0.0296113 0.000203453 0 0
 0.997202 0.00247181 0.000326279 0 0
 0.445219 0.490057 0.0546422 0.010081 0
 0.90214 0.0892962 0.00764917 0.000914606 0
 0 0 0 0 0
 0.581667 0.319106 0.0959925 0.00289975 0.000334073
 0.762889 0.0836404 0.116647 0.0363945 0.000428098
 0.88444 0.0763242 0.0277011 0.0115352 0
 0.521256 0.241999 0.230069 0.00667565 0
 0.616807 0.101726 0.260614 0.0208532 0
 0 0 0 0 0
ppred_PELACES
 0.0742831 0.187486 0.661201 0.0770293 6.72214e-07
 0.149514 0.0645421 0.159358 0.561209 0.065376
 0.956825 0.00670542 0.00277546 0.0068327 0.0268614
 0.339285 0.6337 0.00420888 0.00173591 0.0210698
 0.552249 0.162352 0.27381 0.00180615 0.00978289
 0.997732 0.00132132 0.000345304 0.000577304 2.44226e-05
 0.134032 0.864104 0.00108754 0.000283277 0.000493553
 0.256643 0.107204 0.634792 0.000794054 0.000567002
 0.97827 0.00582083 0.00230184 0.0135781 2.91068e-05
 0.548254 0.442642 0.00244759 0.000963205 0.00569248
 0.964891 0.0200612 0.0147471 8.0981e-05 0.000220124
 0.928418 0.0691693 0.00138002 0.00101174 2.06546e-05
 0.808175 0.179002 0.012393 0.000245995 0.000183978
 0.871 0.105963 0.0215057 0.00148019 5.13384e-05
 0.898698 0.089586 0.0096384 0.00193936 0.000138048
 0.988351 0.0105694 0.000955868 0.000102112 2.20003e-05
 0.137966 0.852416 0.00872836 0.000786949 0.000102162
 0.971256 0.00408435 0.0243856 0.00024909 2.53702e-05
 0.650947 0.339315 0.0013861 0.00825926 9.29481e-05
 0.559873 0.29022 0.145736 0.000593801 0.00357757
 0.885684 0.0651655 0.0324417 0.0162441 0.000464878
 0.83985 0.142394 0.0101321 0.00503241 0.00259161
 0.110633 0.750884 0.123163 0.00874307 0.00657798
 0.873572 0.0143012 0.0946935 0.0155049 0.00192857
 0.658255 0.29941 0.00479535 0.0317033 0.00583623
 0.382492 0.40975 0.182059 0.00291111 0.0227871
 0.892659 0.0417014 0.0435811 0.0193304 0.00272829
 0.821013 0.160169 0.00731774 0.00763537 0.00386434
 0.144847 0.703956 0.135316 0.00617585 0.0097047
 0.197681 0.118216 0.563279 0.108134 0.0126896
 0.859953 0.0285875 0.0164593 0.0782235 0.0167766
pobs_pel_tallas
 0 0 0 0 0 0 0 0 0 0 0 0 0 0 0 0 0 0 0 0 0 0 0 0 0 0
 0 0 0 0 0 0 0 0 0 0 0 0 0 0 0 0 0 0 0 0 0 0 0 0 0 0
 0 0 0 0 0 0 0 0 0 0 0 0 0 0 0 0 0 0 0 0 0 0 0 0 0 0
 0 0 0 0 0 0 0 0 0 0 0 0 0 0 0 0 0 0 0 0 0 0 0 0 0 0
 0 0 0 0 0 0 0 0 0 0 0 0 0 0 0 0 0 0 0 0 0 0 0 0 0 0
 0 0 0 0 0 0 0 0 0 0 0 0 0 0 0 0 0 0 0 0 0 0 0 0 0 0
 0 0 0 0 0 0 0 0 0 0 0 0 0 0 0 0 0 0 0 0 0 0 0 0 0 0
 0 0 0 0 0 0 0 0 0 0 0 0 0 0 0 0 0 0 0 0 0 0 0 0 0 0
 0 0 0 0 0 0 0 0 0 0 0 0 0 0 0 0 0 0 0 0 0 0 0 0 0 0
 0 0 0 0 0 0 0 0 0 0 0 0 0 0 0 0 0 0 0 0 0 0 0 0 0 0
 0 0 0 0 0 0 0 0 0 0 0 0 0 0 0 0 0 0 0 0 0 0 0 0 0 0
 0 0 0 0 0 0 0 0 0 0 0 0 0 0 0 0 0 0 0 0 0 0 0 0 0 0
 0.00862536 0 0 0.000197151 0.00414017 0.0128641 0.00837892 0.0270097 0.101434 0.158115 0.152841 0.127902 0.109271 0.109419 0.0830992 0.0579132 0.0238553 0.00714673 0.00463305 0.00128148 0.00103504 0.000492878 0.000147863 0.000147863 4.92878e-05 0
 0 0 0 0 0 0 0 0 0 0 0 0 0 0 0 0 0 0 0 0 0 0 0 0 0 0
 0 0 0 0 0 0 0 0.0054083 0.00873648 0.0413646 0.0450493 0.0745869 0.0622846 0.0627006 0.0613931 0.0827291 0.12552 0.122667 0.0946155 0.0697135 0.0546179 0.0294188 0.0215738 0.0213955 0.0102223 0.00600262
 0 0 0 0 0.00359764 0.0251062 0.0480494 0.140153 0.205849 0.193036 0.1447 0.116669 0.0760912 0.0342217 0.00950174 0.001854 0.000860785 0 0 0 0.000165536 0 0.000143464 0 0 0
 0 0 0 0 0 0 0 0.000145254 0.000435761 0.0275982 0.070085 0.0708112 0.156366 0.174668 0.174014 0.160142 0.0824315 0.0480064 0.0283245 0.00493863 0.00203355 0 0 0 0 0
 0 0 0 0 0 0 0 0 0 0 0 0 0 0 0 0 0 0 0 0 0 0 0 0 0 0
 0 0 1.00437e-05 0.000401748 0.00122533 0.00171747 0.00176769 0.0269171 0.070346 0.194647 0.189555 0.159765 0.064822 0.0314167 0.0384472 0.0292271 0.0345202 0.0313363 0.0194345 0.0106764 0.0143323 0.0359363 0.0279516 0.0138201 0.00172751 0
 0 0.0021121 0.0136068 0.0755702 0.200478 0.177729 0.0527432 0.0373336 0.0318909 0.0142505 0.0149659 0.0166563 0.0217959 0.0798694 0.0677717 0.0528807 0.04013 0.0224614 0.0357745 0.0225083 0.00881397 0.00855152 0.00135912 0.000746735 0 0
 0 0 0 0 5.4009e-05 0.00500934 0.000945158 0.0243581 0.138947 0.33067 0.221406 0.137944 0.0707744 0.0437923 0.0131692 0.00525238 0.0047753 0.00276346 9.45158e-05 9.00151e-06 2.25038e-05 9.00151e-06 4.50075e-06 0 0 0
 0.000866109 0.00284123 0.00948549 0.0512746 0.133035 0.25785 0.225252 0.132002 0.0553304 0.0519788 0.0540692 0.017754 0.00435017 0.00159236 0.00146478 0.000404838 0.000125132 0.000115318 0.000107957 0.000100596 0 0 0 0 0 0
 0 0 0 0 0.00144013 0.00171154 0.00461396 0.0210425 0.0478622 0.0707936 0.0888783 0.103762 0.0637923 0.0337046 0.0602308 0.124433 0.169614 0.0934646 0.0462172 0.0250306 0.0313229 0.00938855 0.002487 0.000210481 0 0
 0 0.00764035 0.051015 0.0998891 0.058973 0.0496711 0.0374665 0.0718981 0.12319 0.153886 0.159021 0.0857701 0.0377988 0.023471 0.0147837 0.00900784 0.00315554 0.000888139 0.00291439 0.00214683 0.00393193 0.00274676 0.000635225 9.99891e-05 0 0
 0 0 0 0 0 0 0 0 0 0 0 0 0 0 0 0 0 0 0 0 0 0 0 0 0 0
 0 0 0 0 0 0 0 0 0 0 0 0 0 0 0 0 0 0 0 0 0 0 0 0 0 0
 0 0 0 0 0 0 0 0 0 0 0 0 0 0 0 0 0 0 0 0 0 0 0 0 0 0
 0 0 0 0 0 0 0 0 0 0 0 0 0 0 0 0 0 0 0 0 0 0 0 0 0 0
 0 0 0 0 0 0 0 0 0 0 0 0 0 0 0 0 0 0 0 0 0 0 0 0 0 0
 0 0 0 0 0 0 0 0 0 0 0 0 0 0 0 0 0 0 0 0 0 0 0 0 0 0
 0 0 0 0 0 0 0 0 0 0 0 0 0 0 0 0 0 0 0 0 0 0 0 0 0 0
ppred_pel_tallas
 1.26854e-16 6.11864e-06 5.94754e-05 0.000395236 0.0017967 0.00559029 0.0119114 0.017389 0.0174081 0.0120051 0.00590773 0.00272641 0.00277731 0.0054196 0.0106546 0.0188263 0.029964 0.0436059 0.0590803 0.0757771 0.092917 0.108896 0.120961 0.125918 0.121642 0.108366
 1.71961e-16 1.23153e-05 0.000119709 0.00079551 0.00361628 0.0112516 0.023973 0.0349907 0.0349973 0.0240058 0.0113631 0.00394464 0.00164452 0.00205828 0.00395509 0.0072374 0.0122063 0.0193463 0.0294304 0.0435234 0.0625568 0.0864784 0.113423 0.139539 0.159822 0.16971
 1.05313e-16 7.88124e-05 0.000766085 0.0050909 0.0231425 0.0720049 0.153414 0.223913 0.223913 0.153417 0.0720157 0.023174 0.0051705 0.0009422 0.000420737 0.000592154 0.000900726 0.00126321 0.00167282 0.00217571 0.00286659 0.00384281 0.00513206 0.00663697 0.00813216 0.00932133
 1.04024e-16 2.79466e-05 0.000271651 0.00180522 0.0082063 0.0255332 0.0544034 0.0794161 0.079477 0.0547011 0.0265324 0.0110908 0.00903908 0.0160416 0.0299148 0.0492464 0.0705555 0.0879284 0.0953735 0.0901655 0.0745423 0.0543248 0.0355926 0.0219432 0.0138881 0.00997912
 1.0978e-16 4.5488e-05 0.00044216 0.00293831 0.0133571 0.0415591 0.0885466 0.12924 0.129256 0.0886252 0.0418239 0.0141269 0.00488913 0.00476195 0.00842816 0.0143255 0.0217083 0.0295297 0.0366626 0.0424416 0.046812 0.0499013 0.0514634 0.0508047 0.0472996 0.0410116
 1.00073e-16 8.21818e-05 0.000798837 0.00530855 0.0241319 0.0750833 0.159973 0.233485 0.233485 0.159974 0.0750854 0.024138 0.00532381 0.000832222 0.000145837 0.0001117 0.000154561 0.000197805 0.000225501 0.000232909 0.000224788 0.000211586 0.000202292 0.000199339 0.000198707 0.000193913
 1.00365e-16 1.10402e-05 0.000107315 0.00071315 0.00324193 0.0100873 0.0214951 0.0313901 0.0314732 0.021901 0.0114496 0.0071741 0.0105737 0.0216009 0.0407365 0.0670798 0.0960467 0.119554 0.129375 0.121725 0.0995931 0.0708871 0.0439346 0.0237668 0.0112915 0.00479077
 1.18522e-16 2.11394e-05 0.000205483 0.0013655 0.00620739 0.0193136 0.04115 0.0600619 0.0600732 0.0412056 0.019503 0.00676669 0.00281503 0.00352027 0.00675583 0.0122761 0.0203254 0.0310327 0.0443103 0.0597377 0.0761965 0.091476 0.102419 0.105933 0.100452 0.0868769
 1.01435e-16 8.05788e-05 0.000783255 0.005205 0.0236612 0.0736187 0.156853 0.228931 0.228932 0.156855 0.0736281 0.0236883 0.00527351 0.000934246 0.000371822 0.000499662 0.000743421 0.0010064 0.00125701 0.00149844 0.00176776 0.00210766 0.00252442 0.00296357 0.00332268 0.00349385
 1.01244e-16 4.51591e-05 0.000438962 0.00291706 0.0132606 0.0412588 0.0879077 0.128313 0.128355 0.0881157 0.0419567 0.0152752 0.00796926 0.0114523 0.0209154 0.0343853 0.0492469 0.0613382 0.0664562 0.0626759 0.0515388 0.0370969 0.0236009 0.0135959 0.00750038 0.00438374
 1.00477e-16 7.94768e-05 0.000772542 0.00513382 0.0233376 0.0726119 0.154707 0.2258 0.225802 0.154717 0.072644 0.0234305 0.005368 0.00128663 0.00106413 0.00165496 0.00242607 0.0031534 0.00366326 0.00386925 0.00380679 0.00358582 0.00330228 0.00298589 0.00261705 0.00217957
 1.00163e-16 7.64726e-05 0.000743341 0.00493976 0.0224554 0.0698673 0.14886 0.217267 0.217273 0.148892 0.0699764 0.0227704 0.00572963 0.00246545 0.00334065 0.00538493 0.0077104 0.00961322 0.010434 0.00987174 0.00816413 0.0059378 0.00384827 0.0022853 0.00131084 0.000782517
 1.0046e-16 6.65683e-05 0.000647068 0.00429999 0.0195472 0.0608186 0.129581 0.189131 0.189148 0.129665 0.0611012 0.0203631 0.00634701 0.00511203 0.00853543 0.0139766 0.0200589 0.025079 0.027347 0.0260803 0.0218697 0.0162927 0.0109933 0.00694154 0.00429132 0.00270631
 1.00805e-16 7.17431e-05 0.000697369 0.00463426 0.0210667 0.0655463 0.139654 0.203831 0.203841 0.139704 0.0657141 0.0215513 0.00585119 0.0033553 0.00512357 0.00836675 0.0120682 0.0152209 0.0168458 0.0164833 0.0144518 0.0116139 0.0088458 0.00663171 0.0050158 0.00381472
 1.00519e-16 7.40246e-05 0.000719545 0.00478163 0.0217366 0.0676307 0.144095 0.210312 0.210321 0.144137 0.0677723 0.0221454 0.00580751 0.00295818 0.00432304 0.00702294 0.0100935 0.0126584 0.0138779 0.0133644 0.0114086 0.0087828 0.00628268 0.00436332 0.00307878 0.00225299
 1.00045e-16 8.14091e-05 0.000791326 0.00525864 0.023905 0.0743773 0.158469 0.23129 0.231291 0.158474 0.074394 0.0239532 0.00537959 0.00105522 0.000582132 0.000832298 0.00118809 0.00148754 0.0016267 0.00155934 0.00132 0.00100069 0.000696815 0.000463801 0.000309424 0.000213474
 1.00566e-16 1.13643e-05 0.000110465 0.000734081 0.00333708 0.0103833 0.0221258 0.0323104 0.0323924 0.0225263 0.0117274 0.00721693 0.0104641 0.0213212 0.0402065 0.0662207 0.0948503 0.118135 0.127971 0.120625 0.0990278 0.0709415 0.044529 0.0247071 0.0123497 0.00577552
 1.00735e-16 8.0001e-05 0.000777639 0.00516768 0.0234915 0.0730909 0.155728 0.227289 0.22729 0.15573 0.0730981 0.0235129 0.005223 0.000904196 0.000337294 0.000474975 0.000778371 0.00118977 0.00170173 0.00229848 0.00293731 0.003533 0.00396336 0.00410824 0.0039057 0.00338881
 1.00971e-16 5.36177e-05 0.000521183 0.00346345 0.0157444 0.0489867 0.104373 0.152342 0.152374 0.104532 0.0495217 0.0172888 0.00733658 0.00896452 0.0160546 0.0263668 0.0377674 0.0470554 0.0510139 0.0481734 0.0397184 0.02875 0.018511 0.0109269 0.00629068 0.00387039
 1.04945e-16 4.6116e-05 0.000448264 0.00297888 0.0135416 0.0421329 0.0897697 0.131027 0.131056 0.0899073 0.0425952 0.0148787 0.0063427 0.00781628 0.0141115 0.0234429 0.0341969 0.0438916 0.0499815 0.0512147 0.0482626 0.0430565 0.0374321 0.0322165 0.0273058 0.0223469
 1.02661e-16 7.29526e-05 0.000709125 0.00471239 0.0214218 0.0666513 0.142008 0.207266 0.207272 0.142039 0.0667552 0.0217225 0.00546907 0.00236776 0.00324308 0.00529904 0.00775187 0.0100146 0.011541 0.012083 0.0118176 0.0111803 0.0105441 0.0100085 0.00943165 0.0086179
 1.01273e-16 6.91773e-05 0.000672428 0.00446852 0.0203133 0.0632022 0.134659 0.196542 0.196556 0.134726 0.063427 0.0209625 0.00609758 0.00422632 0.00681183 0.0111341 0.0159915 0.0200253 0.021904 0.0210205 0.0178585 0.013676 0.00976677 0.00686649 0.00504472 0.00397705
 1.05737e-16 9.11282e-06 8.85799e-05 0.000588648 0.00267595 0.00832627 0.0177427 0.0259111 0.0259835 0.0180964 0.00951408 0.006107 0.00920191 0.0188942 0.0357321 0.0590767 0.0851412 0.10714 0.118131 0.114865 0.0996809 0.0788491 0.0587767 0.0430557 0.032049 0.0243636
 1.04618e-16 7.1955e-05 0.000699428 0.00464794 0.0211289 0.0657398 0.140066 0.20443 0.204432 0.140073 0.0657655 0.0212051 0.00484641 0.00115654 0.00101007 0.00173879 0.00292465 0.00456998 0.00670534 0.00931198 0.012247 0.0151696 0.0175531 0.0188359 0.0186545 0.017017
 1.04383e-16 5.42197e-05 0.000527035 0.00350233 0.0159211 0.0495366 0.105544 0.154051 0.15408 0.105685 0.0500091 0.0172851 0.00692383 0.00798896 0.0142052 0.0233462 0.0335096 0.04191 0.0457688 0.0438543 0.0372576 0.0287095 0.0209852 0.0156104 0.0126131 0.0111227
 1.09507e-16 3.15055e-05 0.000306245 0.0020351 0.00925131 0.0287845 0.0613298 0.089521 0.0895607 0.0615238 0.0294364 0.0111368 0.00677707 0.0106883 0.0198373 0.0329754 0.0480337 0.0615137 0.0698221 0.0712347 0.0668027 0.0594046 0.0517828 0.0451773 0.0393737 0.0336594
 1.03669e-16 7.35271e-05 0.00071471 0.0047495 0.0215905 0.0671762 0.143126 0.208898 0.208902 0.143146 0.0672435 0.0217858 0.00524282 0.00180237 0.00217095 0.00355642 0.00531391 0.00710197 0.00862355 0.00974599 0.0105496 0.0112034 0.0117724 0.0121302 0.0120429 0.0113384
 1.01672e-16 6.76258e-05 0.000657347 0.0043683 0.0198577 0.0617847 0.131639 0.192135 0.19215 0.131715 0.0620375 0.0205876 0.0061995 0.00465143 0.00764319 0.0125032 0.0179462 0.0224486 0.0245122 0.0234605 0.0198525 0.0151259 0.0107576 0.00758529 0.00567686 0.00463721
 1.06347e-16 1.1931e-05 0.000115974 0.000770692 0.00350349 0.010901 0.0232283 0.0339166 0.0339845 0.0235601 0.0120153 0.00672235 0.00885274 0.0177666 0.033555 0.0555089 0.0800845 0.100955 0.111642 0.109106 0.0954988 0.076604 0.0583031 0.0438476 0.033518 0.026027
 1.29277e-16 1.62828e-05 0.000158274 0.00105179 0.00478129 0.0148764 0.0316963 0.0462642 0.0462765 0.0317567 0.0150818 0.00538585 0.00261214 0.00370652 0.00717192 0.0129211 0.0211601 0.0319444 0.0451965 0.0606974 0.0777409 0.0946067 0.10844 0.116004 0.115043 0.10541
 1.11167e-16 7.08332e-05 0.000688524 0.00457548 0.0207995 0.0647149 0.137882 0.201244 0.201246 0.137896 0.0647612 0.0209339 0.00491574 0.00144144 0.00153217 0.00250844 0.00382703 0.00531479 0.00689315 0.00864146 0.0107899 0.0135537 0.0168995 0.0204147 0.0233883 0.0250673
pSPR Fmed_Fpbrs
0.372952   0.237357 0.237357
Fs Fmed_Fpbrs
0.635506   1.005 1.005
SSBpbr Bo_Bmed_Bpbrs
1.63933e+06  529425  307140 307140
Ro
57470.1
SPR SPRFo_SPRFmed_SPRFpbrs
409225 152621 97132.5
Fref
1.005
log_Ro
10.779
likeval ReclasPelacesDesembMPH_pf_preclas_ppelaces_ptallas_desvR_qrecl_qpela
 24.2683 67.0317 0.142184 0.00156855 299.287 126.245 95.9755 0 104.72 2.52682e-05 0 0.0181618 0 0 0
q_reclas_q_pelaces
2.0387 1
M
1
N
 10693.8 28430.3 100660 11729.3 0.102359
 6732.68 3375.36 8428.99 29702.3 3460.17
 195695 1593.73 667.218 1643.58 6461.63
 18298.1 46239.2 314.225 129.759 1575.07
 5530.25 2761.88 4848.8 32.0537 173.636
 285457 426.795 112.566 188.289 7.96568
 8076.05 73447.4 94.8807 24.7488 43.123
 2128.75 1077.83 6475.95 8.10706 5.78916
 60949.2 444.233 178.393 1053.18 2.25775
 10044.2 12330.6 70.3823 27.7451 163.986
 46552.8 1074.61 796.243 4.37428 11.8905
 130050 12582.6 256.062 187.928 3.83675
 76989.8 22148.7 1564.13 31.0803 23.2461
 68931.7 13105.7 2751.4 189.718 6.58075
 45066.1 6802.52 755.249 152.223 10.8365
 387694 4880.99 446.917 47.7744 10.2935
 12506.7 88166.6 911.855 82.2571 10.679
 674316 3119.17 18758 191.681 19.5233
 317074 187326 772.521 4605.52 51.8311
 133333 80649.4 40975.1 167.058 1006.53
 376626 31124.9 15632.1 7830.99 224.114
 510785 98380.7 7068.29 3512.5 1808.93
 17334.8 129042 21314.6 1513.65 1138.84
 274782 4857.19 32348.7 5298.36 659.047
 163322 80628.3 1299.38 8593.43 1581.98
 40351.3 47197.6 21110.8 337.682 2643.3
 224352 11457.4 12055 5348.94 754.962
 308596 63476.1 2911.73 3038.77 1537.97
 18968.8 97126.6 18743.8 855.656 1344.59
 8875.25 5983.53 28770.7 5525.87 648.484
 57816.3 2293.2 1338.1 6363.97 1364.93
pred_Ctot
 972.029 3549.85 12820.5 1495.47 0.0130515
 1572.45 1037.63 2634.8 9292.83 1082.62
 45863.3 491.499 209.228 515.855 2028.14
 7319.85 23036.2 158.558 65.5206 795.345
 3111.23 1821.43 3225.85 21.3348 115.574
 55835.7 111.18 29.8428 49.9646 2.11389
 3523.35 39393.8 51.4982 13.4413 23.4212
 609.481 399.394 2437.12 3.05347 2.18054
 18193 170.937 69.6951 411.791 0.882813
 4956.4 7324.66 42.2487 16.6639 98.4942
 8004.45 247.852 186.999 1.0283 2.79535
 46945 5733.82 118.297 86.883 1.77388
 27804.2 10097.1 722.893 14.3748 10.7518
 35301.1 8022.65 1701.21 117.366 4.07119
 22106.3 4021.28 451.195 90.9904 6.47767
 97278.8 1603.21 149.207 15.9636 3.43968
 2627.6 24559.6 258.42 23.333 3.02935
 106781 665.265 4074.99 41.6814 4.24561
 63728.6 50060.2 210.076 1253.57 14.1085
 31954 25391.5 13115.9 53.5215 322.485
 70971.9 7828.34 4001.97 2006.7 57.4323
 104276 26678 1950.29 970.068 499.607
 2670.16 26805.9 4510.29 320.611 241.234
 35806.5 859.58 5834.58 956.605 118.995
 22579.9 15103.5 248.03 1641.98 302.292
 5943.77 9394.54 4281.06 68.5462 536.593
 33455 2307.47 2473.36 1098.55 155.059
 28540.2 8060.47 377.144 394.014 199.428
 1730.8 12172.6 2396.17 109.501 172.081
 1718.41 1543.85 7555.11 1452.44 170.458
 15463.2 798.641 473.491 2253.81 483.416
F
 0.153162 0.215777 0.220522 0.220778 0.220791
 0.440895 0.62114 0.634799 0.635535 0.635574
 0.442729 0.623724 0.63744 0.638179 0.638217
 0.890886 1.2551 1.2827 1.28418 1.28426
 1.56168 2.20013 2.24851 2.25111 2.25125
 0.357522 0.503684 0.51476 0.515356 0.515388
 1.01395 1.42847 1.45989 1.46158 1.46167
 0.566941 0.798716 0.81628 0.817225 0.817275
 0.597954 0.842408 0.860932 0.86193 0.861982
 1.23503 1.73994 1.7782 1.78026 1.78037
 0.30827 0.434296 0.443846 0.44436 0.444387
 0.77014 1.08499 1.10885 1.11013 1.1102
 0.770627 1.08567 1.10955 1.11083 1.1109
 1.31582 1.85375 1.89452 1.89671 1.89683
 1.22278 1.72268 1.76056 1.7626 1.7627
 0.480987 0.677623 0.692524 0.693326 0.693369
 0.3887 0.547607 0.559649 0.560298 0.560332
 0.280849 0.395664 0.404365 0.404834 0.404858
 0.369023 0.519886 0.531318 0.531934 0.531966
 0.454838 0.640784 0.654875 0.655634 0.655674
 0.342407 0.48239 0.492997 0.493569 0.493599
 0.375812 0.529451 0.541094 0.541721 0.541754
 0.272257 0.383561 0.391995 0.39245 0.392474
 0.226127 0.318572 0.325577 0.325954 0.325974
 0.241382 0.340063 0.347541 0.347944 0.347965
 0.258986 0.364864 0.372888 0.37332 0.373343
 0.262554 0.369891 0.378025 0.378463 0.378486
 0.156017 0.2198 0.224634 0.224894 0.224908
 0.153787 0.216658 0.221422 0.221678 0.221692
 0.353318 0.49776 0.508706 0.509295 0.509326
 0.520415 0.733169 0.749292 0.75016 0.750206
nmprior
 8 9 7.5 0
nm_flota  nm_reclas  nm_pelaces    nm_pelaL
inf 10.8479 5.36648 7.50979
cv_recla  cv_pelaces  cv_mph
0.4456 0.963396 1.22224
 ------------------------------------------------
Talla a la edad & desviación 
 8 13.2811 15.8009 17.003 17.5766
 0.8 1.32811 1.58009 1.7003 1.75766
