years
 1991 1992 1993 1994 1995 1996 1997 1998 1999 2000 2001 2002 2003 2004 2005 2006 2007 2008 2009 2010 2011 2012 2013 2014 2015 2016 2017 2018 2019 2020 2021
reclasobs
 0 0 0 0 0 0 0 0 0 252601 567819 844713 477998 351125 339783 2.1784e+06 2.13404e+06 4.81314e+06 1.55562e+06 2.62356e+06 3.21686e+06 3.843e+06 1.13348e+06 3.07943e+06 1.97215e+06 2.03268e+06 2.025e+06 2.42433e+06 2.27542e+06 1.05018e+06 2.36338e+06
reclaspred
 3.26823e+06 1.82578e+06 921151 878735 850097 1.35786e+06 827738 726150 533044 389668 479853 630491 620581 480954 487805 1.32881e+06 1.26713e+06 2.86782e+06 2.37545e+06 1.80646e+06 3.18785e+06 2.57409e+06 2.02026e+06 3.10444e+06 2.32217e+06 2.04694e+06 2.45207e+06 2.63374e+06 2.13864e+06 1.31641e+06 1.91291e+06
pelacesobs
 0 0 0 0 0 0 0 0 0 0 0 0 0 0 0 552880 188675 0 991730 2.46772e+06 1.41603e+06 1.21717e+06 2.29649e+06 1.80582e+06 0 1.4828e+06 1.56532e+06 1.57751e+06 1.42118e+06 867257 0
pelacespred
 1.64964e+06 1.02395e+06 516308 401180 406994 668417 370347 410534 286609 197832 254162 279402 302962 246531 257641 586236 560752 1.46376e+06 1.24895e+06 878720 1.50892e+06 1.32214e+06 1.03534e+06 1.74174e+06 1.25525e+06 1.10336e+06 1.50712e+06 1.59763e+06 1.06765e+06 747841 1.01659e+06
mphobs
 0 0 0 0 0 0 0 0 0 0 0 498337 0 5186 125008 0 168611 109162 213762 579715 649985 157893 87575 83554 0 0 0 0 0 0 0
mphpred
 3.13041e+06 2.08846e+06 1.03617e+06 562632 579709 642259 847790 505615 451181 309431 205907 359859 390564 328481 220109 281621 968404 903395 1.7975e+06 1.36437e+06 1.49595e+06 1.83871e+06 1.73481e+06 1.41301e+06 1.96356e+06 1.61282e+06 1.32351e+06 1.43027e+06 2.01886e+06 1.3493e+06 723478
desembarqueobs
 494567 514787 250237 358949 120608 361735 552515 73892 212993 205616 52469 317467 293654 387597 252695 516296 358380 742168 942051 627588 828172 859565 418607 520667 417249 300574 407403 355545 319650 289779 219260
desembarquepred
 494573 513634 250768 358980 120613 361745 552545 73896.2 213040 205658 52471.5 317528 293700 387621 252685 516248 358401 742066 941837 627448 828227 859561 418611 520686 417245 300572 407398 355528 319640 289785 219263
Reclutas
 195137 110224 109947 169519 135773 242102 98746.6 44042 43158.7 58233.4 110108 146601 121370 85379.4 84711.7 472525 94891.8 713751 418412 333606 474285 633203 128355 388696 326203 146102 332916 375038 102079 76260.9 340540
log_desv_Rt
 0.123826 -0.447361 -0.449875 -0.0169097 -0.23889 0.339484 -0.557318 -1.36473 -1.38499 -1.08542 -0.448414 -0.162159 -0.351035 -0.70277 -0.71062 1.00822 -0.597137 1.42066 0.886591 0.660086 1.01193 1.30092 -0.295073 0.812923 0.637645 -0.165569 0.658016 0.777152 -0.524123 -0.815715 0.680659
SSB
 3.13041e+06 2.08846e+06 1.03617e+06 562632 579709 642259 847790 505615 451181 309431 205907 359859 390564 328481 220109 281621 968404 903395 1.7975e+06 1.36437e+06 1.49595e+06 1.83871e+06 1.73481e+06 1.41301e+06 1.96356e+06 1.61282e+06 1.32351e+06 1.43027e+06 2.01886e+06 1.3493e+06 723478
BT
 4.22241e+06 2.86941e+06 1.43986e+06 1.22736e+06 1.03435e+06 1.85073e+06 1.34854e+06 1.01203e+06 872407 654298 631310 909928 965259 971822 847659 1.76978e+06 1.57302e+06 4.03157e+06 3.78535e+06 2.5873e+06 4.15064e+06 3.85264e+06 2.75238e+06 4.50126e+06 3.28003e+06 2.81075e+06 3.89129e+06 4.03999e+06 2.72617e+06 2.008e+06 2.53358e+06
Ftot
 0.135497 0.247315 0.241907 0.381811 0.13289 0.258146 0.580943 0.0950825 0.36897 0.48223 0.110185 0.47253 0.441995 0.740064 0.506189 0.397766 0.256111 0.260089 0.367747 0.325008 0.248242 0.31594 0.187354 0.165405 0.167004 0.135456 0.162891 0.133799 0.132565 0.19775 0.116149
BD_Bspro_t
 0.978554 0.844494 0.683532 0.591969 0.570441 0.642481 0.631877 0.45739 0.514992 0.470878 0.439826 0.661784 0.547525 0.457151 0.34928 0.409136 0.595897 0.566357 0.663992 0.569768 0.546435 0.593907 0.608294 0.598621 0.702184 0.709826 0.716673 0.755407 0.801643 0.732874 0.674471
BD_Bspro
 2.54987 1.70116 0.844012 0.458291 0.472202 0.523152 0.690567 0.411849 0.367509 0.252047 0.167722 0.293123 0.318134 0.267564 0.17929 0.229394 0.788813 0.73586 1.46415 1.11135 1.21852 1.49772 1.41309 1.15096 1.59942 1.31373 1.07807 1.16503 1.64446 1.09907 0.589309
BD_Bo
 1.68269 1.12261 0.556973 0.302432 0.311611 0.345234 0.455713 0.271784 0.242524 0.166329 0.110681 0.193435 0.20994 0.176569 0.118315 0.15138 0.520547 0.485603 0.966213 0.733392 0.804117 0.988366 0.932512 0.759535 1.05547 0.866943 0.711428 0.768816 1.0852 0.725292 0.388892
BD_Brms
 10.3154 6.88197 3.41442 1.854 1.91028 2.11639 2.79367 1.66612 1.48675 1.01965 0.678512 1.18582 1.287 1.08242 0.725311 0.928006 3.19112 2.9769 5.92319 4.49593 4.92949 6.059 5.7166 4.65619 6.47039 5.31463 4.36128 4.71309 6.6526 4.44627 2.38403
Sel_flota
 0.792432 1 1 1 1
 0.792432 1 1 1 1
 0.792432 1 1 1 1
 0.792432 1 1 1 1
 0.792432 1 1 1 1
 0.792432 1 1 1 1
 0.792432 1 1 1 1
 0.792432 1 1 1 1
 0.792432 1 1 1 1
 0.792432 1 1 1 1
 0.792432 1 1 1 1
 0.792432 1 1 1 1
 0.792432 1 1 1 1
 0.792432 1 1 1 1
 0.792432 1 1 1 1
 0.792432 1 1 1 1
 0.792432 1 1 1 1
 0.792432 1 1 1 1
 0.792432 1 1 1 1
 0.792432 1 1 1 1
 0.792432 1 1 1 1
 0.792432 1 1 1 1
 0.792432 1 1 1 1
 0.792432 1 1 1 1
 0.792432 1 1 1 1
 0.792432 1 1 1 1
 0.792432 1 1 1 1
 0.792432 1 1 1 1
 0.792432 1 1 1 1
 0.792432 1 1 1 1
 0.792432 1 1 1 1
Sel_reclas
 1 1 1 1 1
 1 1 1 1 1
 1 1 1 1 1
 1 1 1 1 1
 1 1 1 1 1
 1 1 1 1 1
 1 1 1 1 1
 1 1 1 1 1
 1 1 1 1 1
 1 1 1 1 1
 1 1 1 1 1
 1 1 1 1 1
 1 1 1 1 1
 1 1 1 1 1
 1 1 1 1 1
 1 1 1 1 1
 1 1 1 1 1
 1 1 1 1 1
 1 1 1 1 1
 1 1 1 1 1
 1 1 1 1 1
 1 1 1 1 1
 1 1 1 1 1
 1 1 1 1 1
 1 1 1 1 1
 1 1 1 1 1
 1 1 1 1 1
 1 1 1 1 1
 1 1 1 1 1
 1 1 1 1 1
 1 1 1 1 1
Sel_pelaces
 1 1 1 1 1
 1 1 1 1 1
 1 1 1 1 1
 1 1 1 1 1
 1 1 1 1 1
 1 1 1 1 1
 1 1 1 1 1
 1 1 1 1 1
 1 1 1 1 1
 1 1 1 1 1
 1 1 1 1 1
 1 1 1 1 1
 1 1 1 1 1
 1 1 1 1 1
 1 1 1 1 1
 1 1 1 1 1
 1 1 1 1 1
 1 1 1 1 1
 1 1 1 1 1
 1 1 1 1 1
 1 1 1 1 1
 1 1 1 1 1
 1 1 1 1 1
 1 1 1 1 1
 1 1 1 1 1
 1 1 1 1 1
 1 1 1 1 1
 1 1 1 1 1
 1 1 1 1 1
 1 1 1 1 1
 1 1 1 1 1
pf_obs 
 0.8446 0.082 0.0669 0.0065 0
 0.8095 0.147 0.0364 0.0071 0
 0.9664 0.0169 0.016 0.0007 0
 0.9276 0.0648 0.0075 0.0001 0
 0.7033 0.2144 0.0806 0.0017 0
 0.9318 0.0425 0.0243 0.0014 0
 0.5671 0.3108 0.0964 0.0239 0.0018
 0.0768 0.2599 0.5324 0.112 0.0189
 0.490249 0.384438 0.106611 0.0170017 0.00170017
 0.7925 0.1577 0.0466 0.003 0.0002
 0.840416 0.127587 0.0312969 0.00059994 9.999e-05
 0.8084 0.0986 0.0794 0.0134 0.0002
 0.7335 0.1905 0.0724 0.0035 0.0001
 0.4001 0.4547 0.1325 0.0127 0
 0.49795 0.308269 0.164784 0.0264974 0.00249975
 0.9179 0.0499 0.0305 0.0017 0
 0.2467 0.6533 0.0926 0.0074 0
 0.9418 0.0223 0.034 0.0019 0
 0.707729 0.231977 0.0356964 0.0245975 0
 0.517169 0.277429 0.184464 0.0207286 0.00020938
 0.811772 0.124168 0.05621 0.00726502 0.000585176
 0.764997 0.148141 0.077277 0.00933861 0.000247198
 0.163321 0.427699 0.378323 0.0303852 0.000271297
 0.753843 0.0900009 0.118128 0.0371064 0.000921714
 0.721811 0.176058 0.0630433 0.0369309 0.00215725
 0.143369 0.312575 0.442814 0.0836902 0.0175525
 0.692698 0.0596174 0.167031 0.0765114 0.00414204
 0.394062 0.376323 0.152708 0.0712218 0.00568511
 0.125707 0.32114 0.495352 0.0537591 0.00404204
 0.23352 0.215282 0.420074 0.123614 0.00750983
 0 0 0 0 0
pf_pred 
 0.443207 0.127299 0.4045 0.0249929 7.9278e-07
 0.411314 0.297453 0.0665844 0.211576 0.0130731
 0.559496 0.209785 0.116578 0.0260959 0.0880449
 0.721044 0.17376 0.0500986 0.02784 0.0272579
 0.64632 0.273717 0.0498084 0.0143608 0.0157939
 0.75346 0.172814 0.0570572 0.0103827 0.00628585
 0.474191 0.420282 0.0739702 0.0244224 0.0071347
 0.458153 0.298507 0.194503 0.0342327 0.0146043
 0.549053 0.234092 0.119466 0.0778427 0.0195453
 0.713943 0.176444 0.0569018 0.0290392 0.0236725
 0.822683 0.136552 0.0251447 0.00810899 0.00751187
 0.735551 0.226313 0.0293682 0.00540788 0.00335958
 0.67936 0.252825 0.0580351 0.0075311 0.00224831
 0.627046 0.275535 0.076815 0.0176326 0.00297124
 0.736942 0.184256 0.0582181 0.0162303 0.0043534
 0.936098 0.050511 0.00937945 0.00296356 0.0010478
 0.365472 0.603486 0.0245375 0.00455641 0.00194867
 0.896848 0.0442213 0.0560474 0.00227887 0.000604144
 0.595024 0.37214 0.0140769 0.0178415 0.000917744
 0.609113 0.258031 0.122084 0.00461808 0.00615416
 0.731023 0.18074 0.0582468 0.0275588 0.00243168
 0.736924 0.205095 0.0389607 0.0125558 0.00646481
 0.309374 0.542986 0.115101 0.021865 0.0106745
 0.737693 0.096136 0.130648 0.0276943 0.0078293
 0.620914 0.297069 0.0300593 0.0408501 0.0111073
 0.430458 0.386406 0.143514 0.0145216 0.0251006
 0.731728 0.132077 0.0924018 0.0343186 0.00947488
 0.684892 0.245267 0.0343847 0.0240557 0.0114011
 0.326702 0.495566 0.13834 0.0193942 0.0199989
 0.410787 0.226033 0.267311 0.0746211 0.0212489
 0.843436 0.0742306 0.0315847 0.0373527 0.0133964
pobs_RECLAS
 0 0 0 0 0
 0 0 0 0 0
 0 0 0 0 0
 0 0 0 0 0
 0 0 0 0 0
 0 0 0 0 0
 0 0 0 0 0
 0 0 0 0 0
 0 0 0 0 0
 0 0 0 0 0
 0.991045 0.00858322 0.000360255 1.14367e-05 0
 0.934742 0.0480273 0.0164251 0.00080598 0
 0.827803 0.169806 0.00239088 0 0
 0.941827 0.0461693 0.0120037 0 0
 0.791401 0.0380133 0.147996 0.0225897 0
 0.846168 0.0940531 0.0597789 0 0
 0.134021 0.677848 0.182769 0.00536245 0
 0.80878 0.0450904 0.141981 0.00414843 0
 0.846168 0.0940531 0.0597789 0 0
 0.905697 0.0802665 0.012482 0.00150086 5.37128e-05
 0.989698 0.0102097 9.19794e-05 0 0
 0.975433 0.0193895 0.00387452 0.00125025 5.28907e-05
 0.303575 0.632131 0.0575291 0.00676475 0
 0.966965 0.00978017 0.0227588 0.000495775 0
 0.843318 0.132988 0.00938335 0.0141283 0.000182051
 0.564624 0.303363 0.111486 0.0197234 0.00080311
 0.826376 0.0876187 0.0782897 0.00655872 0.00115652
 0.89761 0.0855135 0.0140674 0.00269457 0.000114338
 0.34875 0.467042 0.161289 0.0227151 0.000203297
 0.318654 0.224769 0.449479 0.00709798 0
 0.937255 0.0296025 0.0250945 0.00804832 0
ppred_RECLAS
 0.501767 0.113911 0.361957 0.0223643 7.094e-07
 0.46984 0.26788 0.0599647 0.190541 0.0117734
 0.616977 0.18241 0.101366 0.0226907 0.076556
 0.766903 0.145195 0.0418627 0.0232633 0.0227769
 0.698059 0.233676 0.042522 0.01226 0.0134834
 0.794973 0.143715 0.0474498 0.00863446 0.00522743
 0.535948 0.370919 0.0652822 0.0215539 0.00629671
 0.516649 0.266281 0.173505 0.0305371 0.0130277
 0.607722 0.203637 0.103924 0.0677152 0.0170024
 0.761118 0.147346 0.0475179 0.0242503 0.0197686
 0.854375 0.112146 0.0206506 0.00665967 0.00616927
 0.780209 0.188096 0.0244088 0.00449466 0.00279225
 0.729843 0.21302 0.0488979 0.00634538 0.00189433
 0.684079 0.2334 0.0650682 0.0149362 0.00251687
 0.781612 0.152967 0.0483321 0.0134742 0.00361415
 0.949121 0.0402173 0.00746802 0.00235962 0.000834272
 0.422205 0.549528 0.0223436 0.00414902 0.00177444
 0.916884 0.0356319 0.0451609 0.00183622 0.000486796
 0.651501 0.320242 0.0121138 0.0153534 0.000789759
 0.664475 0.221485 0.104793 0.00396401 0.00528254
 0.775144 0.151092 0.0486923 0.0230382 0.0020328
 0.78066 0.170998 0.0324835 0.0104684 0.00539004
 0.361999 0.501611 0.10633 0.0201989 0.0098611
 0.780721 0.080366 0.109216 0.0231514 0.00654499
 0.674658 0.254953 0.0257977 0.0350587 0.00953261
 0.488812 0.346816 0.12881 0.0130337 0.0225288
 0.775427 0.110563 0.0773502 0.0287283 0.00793149
 0.73332 0.207572 0.0291002 0.0203586 0.00964887
 0.38037 0.456064 0.127313 0.0178483 0.0184048
 0.469008 0.203698 0.240897 0.0672477 0.0191492
 0.872009 0.0606833 0.0258204 0.0305357 0.0109515
pobs_PELACES
 0 0 0 0 0
 0 0 0 0 0
 0 0 0 0 0
 0 0 0 0 0
 0 0 0 0 0
 0 0 0 0 0
 0 0 0 0 0
 0 0 0 0 0
 0 0 0 0 0
 0 0 0 0 0
 0 0 0 0 0
 0 0 0 0 0
 0 0 0 0 0
 0 0 0 0 0
 0 0 0 0 0
 0 0 0 0 0
 0.505614 0.472636 0.0217494 0 0
 0 0 0 0 0
 0.443492 0.261883 0.143347 0.151278 0
 0.227955 0.32914 0.350689 0.0885471 0.00366901
 0.970185 0.0296113 0.000203453 0 0
 0.997202 0.00247181 0.000326279 0 0
 0.445219 0.490057 0.0546422 0.010081 0
 0.90214 0.0892962 0.00764917 0.000914606 0
 0 0 0 0 0
 0.581667 0.319106 0.0959925 0.00289975 0.000334073
 0.762889 0.0836404 0.116647 0.0363945 0.000428098
 0.88444 0.0763242 0.0277011 0.0115352 0
 0.521256 0.241999 0.230069 0.00667565 0
 0.616807 0.101726 0.260614 0.0208532 0
 0 0 0 0 0
ppred_PELACES
 0.504087 0.11338 0.360272 0.0222602 7.06097e-07
 0.474062 0.265747 0.0594872 0.189024 0.0116796
 0.620885 0.180549 0.100332 0.0224592 0.0757749
 0.771545 0.142303 0.0410289 0.0227999 0.0223232
 0.699974 0.232193 0.0422523 0.0121823 0.0133979
 0.79784 0.141706 0.0467863 0.00851372 0.00515433
 0.54583 0.363021 0.0638921 0.0210949 0.00616263
 0.518275 0.265385 0.172921 0.0304343 0.0129839
 0.613731 0.200517 0.102332 0.066678 0.016742
 0.767071 0.143673 0.0463336 0.0236459 0.0192759
 0.855311 0.111424 0.0205178 0.00661684 0.0061296
 0.785709 0.183389 0.023798 0.00438219 0.00272238
 0.73577 0.208346 0.047825 0.00620615 0.00185276
 0.694931 0.225382 0.0628331 0.0144231 0.00243041
 0.787473 0.148862 0.047035 0.0131126 0.00351716
 0.95042 0.03919 0.00727724 0.00229934 0.00081296
 0.42649 0.545453 0.0221779 0.00411825 0.00176128
 0.918232 0.0350542 0.0444286 0.00180645 0.000478904
 0.657198 0.315007 0.0119158 0.0151024 0.000776848
 0.66942 0.218221 0.103249 0.00390559 0.00520468
 0.778094 0.14911 0.0480535 0.022736 0.00200613
 0.784343 0.168127 0.031938 0.0102926 0.00529953
 0.364968 0.499277 0.105835 0.0201049 0.0098152
 0.782655 0.0796574 0.108253 0.0229472 0.00648728
 0.677164 0.252989 0.025599 0.0347887 0.00945918
 0.49113 0.345243 0.128225 0.0129746 0.0224266
 0.777364 0.109609 0.076683 0.0284805 0.00786308
 0.735108 0.20618 0.028905 0.0202221 0.00958416
 0.382512 0.454488 0.126872 0.0177866 0.0183412
 0.472383 0.202403 0.239366 0.0668203 0.0190275
 0.872894 0.0602636 0.0256418 0.0303245 0.0108758
pobs_pel_tallas
 0 0 0 0 0 0 0 0 0 0 0 0 0 0 0 0 0 0 0 0 0 0 0 0 0 0
 0 0 0 0 0 0 0 0 0 0 0 0 0 0 0 0 0 0 0 0 0 0 0 0 0 0
 0 0 0 0 0 0 0 0 0 0 0 0 0 0 0 0 0 0 0 0 0 0 0 0 0 0
 0 0 0 0 0 0 0 0 0 0 0 0 0 0 0 0 0 0 0 0 0 0 0 0 0 0
 0 0 0 0 0 0 0 0 0 0 0 0 0 0 0 0 0 0 0 0 0 0 0 0 0 0
 0 0 0 0 0 0 0 0 0 0 0 0 0 0 0 0 0 0 0 0 0 0 0 0 0 0
 0 0 0 0 0 0 0 0 0 0 0 0 0 0 0 0 0 0 0 0 0 0 0 0 0 0
 0 0 0 0 0 0 0 0 0 0 0 0 0 0 0 0 0 0 0 0 0 0 0 0 0 0
 0 0 0 0 0 0 0 0 0 0 0 0 0 0 0 0 0 0 0 0 0 0 0 0 0 0
 0 0 0 0 0 0 0 0 0 0 0 0 0 0 0 0 0 0 0 0 0 0 0 0 0 0
 0 0 0 0 0 0 0 0 0 0 0 0 0 0 0 0 0 0 0 0 0 0 0 0 0 0
 0 0 0 0 0 0 0 0 0 0 0 0 0 0 0 0 0 0 0 0 0 0 0 0 0 0
 0.00862536 0 0 0.000197151 0.00414017 0.0128641 0.00837892 0.0270097 0.101434 0.158115 0.152841 0.127902 0.109271 0.109419 0.0830992 0.0579132 0.0238553 0.00714673 0.00463305 0.00128148 0.00103504 0.000492878 0.000147863 0.000147863 4.92878e-05 0
 0 0 0 0 0 0 0 0 0 0 0 0 0 0 0 0 0 0 0 0 0 0 0 0 0 0
 0 0 0 0 0 0 0 0.0054083 0.00873648 0.0413646 0.0450493 0.0745869 0.0622846 0.0627006 0.0613931 0.0827291 0.12552 0.122667 0.0946155 0.0697135 0.0546179 0.0294188 0.0215738 0.0213955 0.0102223 0.00600262
 0 0 0 0 0.00359764 0.0251062 0.0480494 0.140153 0.205849 0.193036 0.1447 0.116669 0.0760912 0.0342217 0.00950174 0.001854 0.000860785 0 0 0 0.000165536 0 0.000143464 0 0 0
 0 0 0 0 0 0 0 0.000145254 0.000435761 0.0275982 0.070085 0.0708112 0.156366 0.174668 0.174014 0.160142 0.0824315 0.0480064 0.0283245 0.00493863 0.00203355 0 0 0 0 0
 0 0 0 0 0 0 0 0 0 0 0 0 0 0 0 0 0 0 0 0 0 0 0 0 0 0
 0 0 1.00437e-05 0.000401748 0.00122533 0.00171747 0.00176769 0.0269171 0.070346 0.194647 0.189555 0.159765 0.064822 0.0314167 0.0384472 0.0292271 0.0345202 0.0313363 0.0194345 0.0106764 0.0143323 0.0359363 0.0279516 0.0138201 0.00172751 0
 0 0.0021121 0.0136068 0.0755702 0.200478 0.177729 0.0527432 0.0373336 0.0318909 0.0142505 0.0149659 0.0166563 0.0217959 0.0798694 0.0677717 0.0528807 0.04013 0.0224614 0.0357745 0.0225083 0.00881397 0.00855152 0.00135912 0.000746735 0 0
 0 0 0 0 5.4009e-05 0.00500934 0.000945158 0.0243581 0.138947 0.33067 0.221406 0.137944 0.0707744 0.0437923 0.0131692 0.00525238 0.0047753 0.00276346 9.45158e-05 9.00151e-06 2.25038e-05 9.00151e-06 4.50075e-06 0 0 0
 0.000866109 0.00284123 0.00948549 0.0512746 0.133035 0.25785 0.225252 0.132002 0.0553304 0.0519788 0.0540692 0.017754 0.00435017 0.00159236 0.00146478 0.000404838 0.000125132 0.000115318 0.000107957 0.000100596 0 0 0 0 0 0
 0 0 0 0 0.00144013 0.00171154 0.00461396 0.0210425 0.0478622 0.0707936 0.0888783 0.103762 0.0637923 0.0337046 0.0602308 0.124433 0.169614 0.0934646 0.0462172 0.0250306 0.0313229 0.00938855 0.002487 0.000210481 0 0
 0 0.00764035 0.051015 0.0998891 0.058973 0.0496711 0.0374665 0.0718981 0.12319 0.153886 0.159021 0.0857701 0.0377988 0.023471 0.0147837 0.00900784 0.00315554 0.000888139 0.00291439 0.00214683 0.00393193 0.00274676 0.000635225 9.99891e-05 0 0
 0 0 0 0 0 0 0 0 0 0 0 0 0 0 0 0 0 0 0 0 0 0 0 0 0 0
 0 0 0 0 0 0 0 0 0 0 0 0 0 0 0 0 0 0 0 0 0 0 0 0 0 0
 0 0 0 0 0 0 0 0 0 0 0 0 0 0 0 0 0 0 0 0 0 0 0 0 0 0
 0 0 0 0 0 0 0 0 0 0 0 0 0 0 0 0 0 0 0 0 0 0 0 0 0 0
 0 0 0 0 0 0 0 0 0 0 0 0 0 0 0 0 0 0 0 0 0 0 0 0 0 0
 0 0 0 0 0 0 0 0 0 0 0 0 0 0 0 0 0 0 0 0 0 0 0 0 0 0
 0 0 0 0 0 0 0 0 0 0 0 0 0 0 0 0 0 0 0 0 0 0 0 0 0 0
ppred_pel_tallas
 1.12659e-16 4.1521e-05 0.000403599 0.00268206 0.0121923 0.0379347 0.0808243 0.117968 0.117979 0.0808806 0.0381252 0.0127494 0.00410623 0.00359776 0.00635686 0.0110915 0.0174787 0.0251055 0.0334601 0.0421189 0.0506638 0.0583224 0.0637534 0.0653897 0.0622352 0.0545392
 1.22718e-16 3.90479e-05 0.00037956 0.00252231 0.0114661 0.0356753 0.076011 0.110946 0.110971 0.0761367 0.0360977 0.0126875 0.00559412 0.00710575 0.0128766 0.0214026 0.0312725 0.0403404 0.0465319 0.0491133 0.0492029 0.0489697 0.0501009 0.0527209 0.0554543 0.0563818
 1.18018e-16 5.11415e-05 0.000497114 0.0033035 0.0150172 0.0467243 0.0995516 0.145302 0.14532 0.0996374 0.0470126 0.0158519 0.00540567 0.00510947 0.0088805 0.0147866 0.0217433 0.0283129 0.0330894 0.0355083 0.0361841 0.0364064 0.0371937 0.038656 0.0400613 0.0403937
 1.07285e-16 6.35512e-05 0.00061774 0.0041051 0.0186612 0.058062 0.123708 0.180558 0.180572 0.123775 0.0582879 0.0193144 0.00574685 0.0042093 0.00690754 0.011381 0.0165392 0.0211291 0.0239317 0.0244252 0.0230986 0.0210911 0.0194454 0.0185575 0.0181539 0.0176595
 1.04768e-16 5.7656e-05 0.000560437 0.0037243 0.0169301 0.0526761 0.112233 0.163812 0.163834 0.112342 0.0530436 0.017992 0.00639074 0.00638451 0.0111283 0.0183321 0.0264653 0.0334181 0.0370829 0.0365013 0.0324308 0.0268105 0.0215696 0.0177073 0.0151799 0.0133937
 1.03113e-16 6.5717e-05 0.000638793 0.00424501 0.0192972 0.0600408 0.127924 0.186711 0.186725 0.127991 0.0602658 0.0199476 0.00587973 0.00421441 0.00687705 0.0113191 0.0164254 0.02092 0.0235428 0.0237056 0.0218156 0.0189451 0.0161302 0.0138614 0.0120681 0.0104439
 1.05096e-16 4.49593e-05 0.000437021 0.00290416 0.0132019 0.0410762 0.0875185 0.127743 0.127778 0.0876896 0.0416507 0.0148617 0.00707159 0.00953848 0.0173419 0.0286295 0.041311 0.052107 0.0577012 0.0565658 0.0498565 0.0405891 0.0317896 0.0250667 0.0204382 0.0170874
 1.10308e-16 4.26897e-05 0.000414959 0.00275755 0.0125354 0.0390026 0.0831 0.121292 0.121318 0.0832262 0.0394268 0.0137636 0.00585096 0.00720311 0.013038 0.0217575 0.0319712 0.0415305 0.0482379 0.0510367 0.0505209 0.0482769 0.0456449 0.0429547 0.0397187 0.0353779
 1.12525e-16 5.05522e-05 0.000491386 0.00326543 0.0148442 0.0461859 0.0984046 0.143628 0.143648 0.0984998 0.0465059 0.0157703 0.00559707 0.00560499 0.00983262 0.0163629 0.024015 0.0311647 0.0362019 0.0384342 0.038466 0.0376541 0.037086 0.0369144 0.0364712 0.0349005
 1.07008e-16 6.31827e-05 0.000614158 0.0040813 0.018553 0.0577253 0.12299 0.179511 0.179525 0.123058 0.0579536 0.019213 0.00574049 0.00424495 0.006985 0.0115181 0.0167562 0.0214409 0.0243447 0.0249349 0.0236865 0.0217193 0.0200519 0.0190621 0.0184772 0.0177496
 1.02322e-16 7.04509e-05 0.000684808 0.00455079 0.0206872 0.0643657 0.137138 0.20016 0.20017 0.137191 0.0645421 0.0211968 0.00583049 0.00348007 0.00538411 0.00880285 0.0127062 0.0160487 0.0178176 0.0175538 0.0156208 0.0129474 0.0104559 0.00862092 0.00741708 0.00655679
 1.01634e-16 6.47178e-05 0.00062908 0.00418046 0.0190038 0.0591279 0.125979 0.183874 0.183891 0.126065 0.0594178 0.0198411 0.00628212 0.0052164 0.00877505 0.0143997 0.0207255 0.0260383 0.0286353 0.0277298 0.0239145 0.0187542 0.0138496 0.0100988 0.00758293 0.0059241
 1.0237e-16 6.06045e-05 0.000589097 0.00391476 0.0177959 0.0553699 0.117972 0.172188 0.172208 0.11807 0.0556999 0.0187496 0.00630987 0.00582205 0.0100117 0.0164887 0.0238232 0.030116 0.033464 0.032975 0.0292721 0.0240265 0.0189164 0.0148376 0.0118264 0.00949214
 1.03729e-16 5.72406e-05 0.000556399 0.00369747 0.0168082 0.0522966 0.111424 0.162631 0.162653 0.111531 0.052654 0.0178413 0.00629313 0.00623085 0.0108578 0.0179218 0.0259569 0.0329456 0.0368613 0.0367567 0.0332938 0.0282258 0.023275 0.0193021 0.0162559 0.013673
 1.03306e-16 6.48631e-05 0.000630493 0.00418985 0.0190464 0.0592606 0.126262 0.184285 0.1843 0.126332 0.0594969 0.0197295 0.00590666 0.00438539 0.00721698 0.0118833 0.017241 0.0219527 0.0246961 0.024858 0.022873 0.0198751 0.0169562 0.0146266 0.0127986 0.0111327
 1.00589e-16 7.82849e-05 0.000760957 0.00505683 0.0229876 0.071523 0.152387 0.222415 0.222418 0.152406 0.071585 0.0231668 0.00550687 0.00174393 0.00194668 0.00309846 0.00446559 0.00563621 0.00624871 0.00613836 0.00542941 0.00444582 0.00351165 0.00279781 0.00230408 0.00194151
 1.01491e-16 3.51295e-05 0.000341472 0.0022692 0.0103155 0.0320956 0.068385 0.0998209 0.0998734 0.0686414 0.0329563 0.0128002 0.00850166 0.0139323 0.0258033 0.0424888 0.0609364 0.0760667 0.0827263 0.0785392 0.0653515 0.0480503 0.03174 0.0194447 0.0116418 0.00724302
 1.01554e-16 7.56335e-05 0.000735185 0.00488556 0.0222091 0.0691007 0.147226 0.214882 0.214885 0.147243 0.0691574 0.0223736 0.00530158 0.00165302 0.00184698 0.00300706 0.00449447 0.00600425 0.00726738 0.00813817 0.00863763 0.00886426 0.00885834 0.0085532 0.00785233 0.00674739
 1.02071e-16 5.41326e-05 0.000526188 0.00349671 0.0158955 0.0494571 0.105375 0.153804 0.153834 0.105523 0.0499542 0.0173307 0.0070969 0.00837775 0.0149433 0.0245605 0.0352408 0.0440386 0.0479977 0.045772 0.0384502 0.0288594 0.0199211 0.0133173 0.00923187 0.00694292
 1.04308e-16 5.51393e-05 0.000535973 0.00356173 0.0161911 0.0503767 0.107334 0.156661 0.156682 0.107437 0.0507241 0.0171959 0.00608925 0.00607105 0.0106183 0.0175994 0.0256542 0.0328957 0.0374101 0.0382686 0.0360029 0.0321018 0.0279785 0.0242651 0.0208579 0.0174323
 1.04045e-16 6.40906e-05 0.000622984 0.00413995 0.0188196 0.0585548 0.124758 0.182091 0.182105 0.124828 0.0587916 0.0195042 0.00586076 0.00438757 0.00723752 0.0119266 0.0173238 0.022103 0.0249565 0.0252869 0.0235394 0.0208429 0.0182606 0.0162497 0.0146576 0.013088
 1.02894e-16 6.46053e-05 0.000627987 0.00417319 0.0189707 0.0590251 0.12576 0.183554 0.18357 0.125839 0.0592913 0.0197398 0.00610429 0.00484613 0.00808323 0.0132812 0.019174 0.0242154 0.0268754 0.026453 0.023485 0.0193609 0.015465 0.0125183 0.0105032 0.00902001
 1.0686e-16 3.0062e-05 0.000292214 0.00194187 0.00882747 0.0274658 0.0585206 0.0854226 0.0854707 0.058756 0.0282565 0.011112 0.00767914 0.0128258 0.0238604 0.0394683 0.0570155 0.0720393 0.0799922 0.078759 0.0698755 0.0574011 0.0454015 0.0360294 0.0293203 0.0242369
 1.06544e-16 6.44663e-05 0.000626635 0.00416421 0.0189299 0.058898 0.125489 0.183156 0.183164 0.125527 0.0590273 0.0193053 0.00511422 0.00272604 0.00412666 0.00691672 0.0104178 0.0140665 0.0173128 0.0198787 0.0218391 0.0233923 0.0245333 0.0249477 0.0242198 0.0221569
 1.05894e-16 5.57772e-05 0.000542174 0.00360294 0.0163784 0.0509595 0.108576 0.158474 0.158499 0.108695 0.0513595 0.0175337 0.00650263 0.00687224 0.0120784 0.0198836 0.0286527 0.0360784 0.0398662 0.0390044 0.0343886 0.0282267 0.0227006 0.0189157 0.0167494 0.0154049
 1.08885e-16 4.04538e-05 0.000393226 0.00261312 0.0118789 0.0369599 0.0787481 0.114942 0.114976 0.0789114 0.0375085 0.0134651 0.00660075 0.00911864 0.0166715 0.0276541 0.0401997 0.051321 0.0579779 0.0587452 0.054593 0.0480801 0.0416562 0.0364452 0.0322328 0.0282674
 1.06428e-16 6.40305e-05 0.000622399 0.00413606 0.0188019 0.0584999 0.124641 0.181919 0.181929 0.124693 0.0586754 0.0193103 0.00541719 0.00343635 0.00545919 0.00905815 0.0133595 0.017472 0.0205266 0.0221266 0.0225372 0.0223928 0.0221716 0.0218833 0.0211769 0.0196912
 1.04537e-16 6.05499e-05 0.000588567 0.00391124 0.0177799 0.05532 0.117866 0.172033 0.172053 0.117963 0.0556462 0.0187221 0.00627663 0.00575364 0.00987447 0.0162416 0.0234245 0.0295364 0.0327065 0.0320977 0.0284124 0.0234123 0.0188434 0.0155984 0.0136055 0.0122731
 1.08666e-16 3.15071e-05 0.00030626 0.00203521 0.0092518 0.028786 0.0613333 0.0895269 0.0895708 0.0615479 0.0295068 0.011335 0.00726915 0.0117481 0.0218091 0.0361291 0.0523325 0.0664179 0.0743052 0.0740914 0.0671255 0.0569662 0.047114 0.0393239 0.033491 0.0286455
 1.16881e-16 3.89096e-05 0.000378215 0.00251337 0.0114254 0.0355489 0.0757414 0.110551 0.110571 0.0758386 0.0358763 0.0123756 0.00491549 0.00567905 0.0102741 0.0173647 0.0260471 0.034939 0.0426181 0.0483996 0.0525779 0.0558421 0.0583931 0.0595856 0.058377 0.054129
 1.05638e-16 7.18992e-05 0.000698886 0.00464434 0.0211125 0.0656889 0.139957 0.204273 0.204279 0.139986 0.065785 0.0213906 0.00534455 0.00223442 0.00300931 0.00491853 0.00721831 0.00938571 0.0109548 0.0117521 0.0120026 0.0121512 0.012532 0.0131461 0.0136909 0.0137725
pSPR Fmed_Fpbrs
0.637437   0.213124 0.213124
Fs Fmed_Fpbrs
0.24414   1.005 1.005
SSBpbr Bo_Bmed_Bpbrs
1.86036e+06  1.09284e+06  303468 303468
Ro
172410
SPR SPRFo_SPRFmed_SPRFpbrs
1.22767e+06 782564 261646
Fref
1.005
log_Ro
11.8776
likeval ReclasPelacesDesembMPH_pf_preclas_ppelaces_ptallas_desvR_qrecl_qpela
 13.1495 17.4937 0.0492477 0.00270303 228.91 120.884 82.3499 0 25.2237 4.46359e-07 0 0.251375 0 0 0
q_reclas_q_pelaces
0.909671 1
M
1
N
 195137 44927.1 142758 8820.64 0.279792
 110224 64478.3 14433.4 45862.9 2833.83
 109947 33332.5 18523 4146.35 13989.4
 169519 33391.6 9627.53 5350.06 5238.19
 135773 46081.2 8385.42 2417.7 2658.96
 242102 44955.7 14842.8 2700.95 1635.2
 98746.6 72587.7 12775.5 4218.04 1232.25
 44042 22924.3 14937.2 2628.96 1121.56
 43158.7 15026.2 7668.47 4996.67 1254.6
 58233.4 11852 3822.2 1950.62 1590.13
 110108 14619 2691.96 868.139 804.212
 146601 37119.7 4816.94 886.996 551.036
 121370 37087.1 8513.19 1104.74 329.805
 85379.4 31456 8769.45 2012.99 339.206
 84711.7 17473 5520.81 1539.12 412.832
 472525 20866.3 3874.69 1224.26 432.852
 94891.8 126835 5157.07 957.624 409.553
 713751 28496.7 36117.5 1468.52 389.316
 418412 213670 8082.48 10244 526.937
 333606 115014 54417.5 2058.45 2743.14
 474285 94861.2 30570.8 14464.2 1276.27
 633203 143322 27226 8774.08 4517.66
 128355 181350 38442.1 7302.61 3565.14
 388696 40704.4 55316.7 11725.9 3314.96
 326203 125427 12691.5 17247.5 4689.68
 146102 105128 39045.3 3950.84 6829.02
 332916 48277.5 33775.1 12544.3 3463.3
 375038 107642 15090.6 10557.5 5003.67
 102079 124089 34640.1 4856.29 5007.7
 76260.9 33808.2 39982.2 11161.2 3178.24
 340540 23985.7 10205.8 12069.5 4328.7
pred_Ctot
 12668.8 3638.77 11562.4 714.408 0.0226612
 12599.9 9111.91 2039.69 6481.23 400.47
 12314.6 4617.41 2565.92 574.377 1937.89
 28672.2 6909.51 1992.16 1107.05 1083.91
 8652.49 3664.33 666.8 192.253 211.438
 28787.5 6602.73 2179.99 396.694 240.164
 23901.9 21184.6 3728.52 1231.03 359.63
 2033.05 1324.62 863.102 151.907 64.8064
 7082.69 3019.75 1541.1 1004.16 252.13
 12058.6 2980.15 961.077 490.475 399.831
 5861.15 972.852 179.142 57.772 53.5178
 29835.5 9179.71 1191.23 219.355 136.272
 23323.3 8679.81 1992.42 258.552 77.1871
 25102.4 11030.5 3075.12 705.882 118.947
 18278 4570.01 1443.95 402.552 107.975
 82848.2 4470.41 830.117 262.286 92.7345
 11201.6 18496.6 752.064 139.652 59.7258
 85455.4 4213.59 5340.42 217.14 57.5653
 68463.2 42818.2 1619.68 2052.83 105.595
 48895.1 20712.8 9800.03 370.705 494.011
 54403.4 13450.8 4334.78 2050.95 180.968
 90474.9 25180.3 4783.35 1541.52 793.71
 11330.9 19887 4215.59 800.81 390.955
 30508.5 3975.86 5403.14 1145.34 323.793
 25837.5 12361.7 1250.83 1699.86 462.198
 9482.61 8512.19 3161.48 319.898 552.943
 25754.1 4648.62 3252.19 1207.88 333.48
 24056.6 8614.93 1207.75 844.948 400.46
 6490.05 9844.59 2748.17 385.274 397.286
 7081.92 3896.78 4608.41 1286.46 366.328
 19071.4 1678.47 714.178 844.602 302.913
F
 0.107372 0.135497 0.135497 0.135497 0.135497
 0.19598 0.247315 0.247315 0.247315 0.247315
 0.191695 0.241907 0.241907 0.241907 0.241907
 0.302559 0.381811 0.381811 0.381811 0.381811
 0.105307 0.13289 0.13289 0.13289 0.13289
 0.204563 0.258146 0.258146 0.258146 0.258146
 0.460357 0.580943 0.580943 0.580943 0.580943
 0.0753463 0.0950825 0.0950825 0.0950825 0.0950825
 0.292383 0.36897 0.36897 0.36897 0.36897
 0.382134 0.48223 0.48223 0.48223 0.48223
 0.0873142 0.110185 0.110185 0.110185 0.110185
 0.374447 0.47253 0.47253 0.47253 0.47253
 0.35025 0.441995 0.441995 0.441995 0.441995
 0.58645 0.740064 0.740064 0.740064 0.740064
 0.40112 0.506189 0.506189 0.506189 0.506189
 0.315202 0.397766 0.397766 0.397766 0.397766
 0.20295 0.256111 0.256111 0.256111 0.256111
 0.206102 0.260089 0.260089 0.260089 0.260089
 0.291414 0.367747 0.367747 0.367747 0.367747
 0.257546 0.325008 0.325008 0.325008 0.325008
 0.196715 0.248242 0.248242 0.248242 0.248242
 0.250361 0.31594 0.31594 0.31594 0.31594
 0.148465 0.187354 0.187354 0.187354 0.187354
 0.131072 0.165405 0.165405 0.165405 0.165405
 0.132339 0.167004 0.167004 0.167004 0.167004
 0.10734 0.135456 0.135456 0.135456 0.135456
 0.12908 0.162891 0.162891 0.162891 0.162891
 0.106027 0.133799 0.133799 0.133799 0.133799
 0.105049 0.132565 0.132565 0.132565 0.132565
 0.156703 0.19775 0.19775 0.19775 0.19775
 0.0920403 0.116149 0.116149 0.116149 0.116149
nmprior
 8 9 7.5 0
nm_flota  nm_reclas  nm_pelaces    nm_pelaL
inf 13.2988 15.6249 27.0758
cv_recla  cv_pelaces  cv_mph
0.328004 0.492159 1.60447
 ------------------------------------------------
Talla a la edad & desviación 
 8 13.2811 15.8009 17.003 17.5766
 0.8 1.32811 1.58009 1.7003 1.75766
