years
 1991 1992 1993 1994 1995 1996 1997 1998 1999 2000 2001 2002 2003 2004 2005 2006 2007 2008 2009 2010 2011 2012 2013 2014 2015 2016 2017 2018 2019 2020 2021
reclasobs
 0 0 0 0 0 0 0 0 0 252601 567819 844713 477998 351125 339783 2.1784e+06 2.13404e+06 4.81314e+06 1.55562e+06 2.62356e+06 3.21686e+06 3.843e+06 1.13348e+06 3.07943e+06 1.97215e+06 2.03268e+06 2.025e+06 2.42433e+06 2.27542e+06 1.05018e+06 2.36338e+06
reclaspred
 2.90085e+06 1.54711e+06 753901 447260 263612 1.36293e+06 607146 387221 284842 219526 405013 620022 602513 422592 377088 1.6557e+06 1.3202e+06 3.6096e+06 2.94949e+06 2.06775e+06 3.76274e+06 3.08935e+06 2.11623e+06 3.43614e+06 2.42126e+06 1.97045e+06 2.65634e+06 3.21026e+06 2.44166e+06 1.20899e+06 1.17035e+06
pelacesobs
 0 0 0 0 0 0 0 0 0 0 0 0 0 0 0 552880 188675 0 991730 2.46772e+06 1.41603e+06 1.21717e+06 2.29649e+06 1.80582e+06 0 1.4828e+06 1.56532e+06 1.57751e+06 1.42118e+06 867257 0
pelacespred
 847361 476589 220452 96267.4 64148.4 395564 131397 124125 72370.3 52881.2 118799 150952 163692 113455 104001 420665 337271 1.10496e+06 899437 577164 1.06811e+06 907117 629191 1.14808e+06 764861 623620 971559 1.15053e+06 723115 409538 363936
mphobs
 0 0 0 0 0 0 0 0 0 0 0 498337 0 5186 125008 0 168611 109162 213762 579715 649985 157893 87575 83554 0 0 0 0 0 0 0
mphpred
 453771 271998 127569 64234.2 31159.5 24678.9 121399 44790.5 30857.1 17516.3 13908.4 45559.5 52989.9 40927.8 22120.8 27036.6 183835 136240 350936 252972 255062 333563 317998 223011 333301 255414 192141 239990 388042 229889 92325.4
desembarqueobs
 494567 514787 250237 358949 120608 361735 552515 73892 212993 205616 52469 317467 293654 387597 252695 516296 358380 742168 942051 627588 828172 859565 418607 520667 417249 300574 407403 355545 319650 289779 219260
desembarquepred
 494533 514749 249803 358928 120592 361619 552126 73886.9 212921 205546 52467.1 317385 293550 387288 252558 516068 358339 741867 941316 627114 828023 859214 418512 520600 417152 300496 407310 355459 319572 289703 219246
Reclutas
 115222 101082 81164.7 54763.3 36667.7 252142 47722 15454.4 28386.1 47758.1 72378.1 121133 95325.4 68099.5 55569.8 415991 45076.1 625746 343448 250841 393569 514887 64680.9 291444 216031 87658 256041 307495 50698 32279.8 124237
log_desv_Rt
 0.0489695 -0.0819647 -0.301415 -0.694874 -1.096 0.832099 -0.832503 -1.96 -1.35199 -0.831745 -0.415991 0.0989914 -0.140598 -0.476925 -0.680255 1.33277 -0.889543 1.74105 1.14114 0.826924 1.27736 1.54605 -0.528429 0.976954 0.677527 -0.224451 0.847444 1.03056 -0.772008 -1.22345 0.1243
SSB
 1.72302e+06 1.03281e+06 484394 243904 118316 93708.6 460967 170074 117168 66511.2 52811.5 172995 201208 155407 83995.2 102661 698041 517317 1.33254e+06 960561 968500 1.26657e+06 1.20747e+06 846796 1.26558e+06 969835 729580 911267 1.47344e+06 872912 350570
BT
 2.38365e+06 1.60618e+06 746021 515837 247888 1.22954e+06 783034 353422 372384 315261 317962 609645 641462 661303 492265 1.3816e+06 1.05885e+06 3.21388e+06 2.9716e+06 1.89939e+06 3.138e+06 2.89172e+06 1.81598e+06 3.13832e+06 2.15791e+06 1.70923e+06 2.66308e+06 3.01212e+06 1.93501e+06 1.24241e+06 1.04366e+06
Ftot
 0.259536 0.504315 0.509133 1.20202 0.749321 0.561756 1.27024 0.312662 1.26711 1.60823 0.270097 0.916246 0.850732 1.54444 1.25634 0.664952 0.417749 0.414681 0.539803 0.513881 0.395525 0.488536 0.30385 0.286133 0.285615 0.247123 0.29041 0.213238 0.196079 0.356936 0.349741
BD_Bspro_t
 0.959597 0.729509 0.502317 0.366723 0.212113 0.223282 0.473757 0.218317 0.210954 0.159797 0.166212 0.469072 0.373553 0.27867 0.169084 0.204418 0.510168 0.425573 0.590593 0.479985 0.437855 0.501514 0.519975 0.473787 0.603827 0.598346 0.588492 0.665965 0.74654 0.638123 0.506462
BD_Bspro
 2.20546 1.32199 0.620025 0.312197 0.151444 0.119947 0.590037 0.217695 0.149975 0.0851343 0.0675988 0.221433 0.257547 0.198921 0.107514 0.131406 0.893493 0.662165 1.70565 1.22952 1.23968 1.62122 1.54557 1.0839 1.61994 1.24139 0.933863 1.16642 1.886 1.11733 0.448729
BD_Bo
 1.12136 0.672163 0.315249 0.158736 0.0770013 0.0609866 0.300002 0.110686 0.0762541 0.0432862 0.0343703 0.112587 0.130949 0.101141 0.054665 0.0668129 0.454293 0.336675 0.867232 0.625144 0.630311 0.8243 0.785837 0.551104 0.823654 0.63118 0.474819 0.593063 0.95893 0.568101 0.228155
BD_Brms
 5.42773 3.25348 1.5259 0.768329 0.37271 0.295194 1.4521 0.535756 0.369094 0.209519 0.166363 0.544955 0.633832 0.489552 0.264596 0.323395 2.19892 1.62961 4.19767 3.02589 3.0509 3.98987 3.8037 2.66751 3.98674 3.05511 2.29827 2.87061 4.64152 2.74978 1.10434
Sel_flota
 0.619352 0.968667 0.9983 0.99991 0.999995
 0.619352 0.968667 0.9983 0.99991 0.999995
 0.619352 0.968667 0.9983 0.99991 0.999995
 0.619352 0.968667 0.9983 0.99991 0.999995
 0.619352 0.968667 0.9983 0.99991 0.999995
 0.619352 0.968667 0.9983 0.99991 0.999995
 0.619352 0.968667 0.9983 0.99991 0.999995
 0.619352 0.968667 0.9983 0.99991 0.999995
 0.619352 0.968667 0.9983 0.99991 0.999995
 0.619352 0.968667 0.9983 0.99991 0.999995
 0.619352 0.968667 0.9983 0.99991 0.999995
 0.619352 0.968667 0.9983 0.99991 0.999995
 0.619352 0.968667 0.9983 0.99991 0.999995
 0.619352 0.968667 0.9983 0.99991 0.999995
 0.619352 0.968667 0.9983 0.99991 0.999995
 0.619352 0.968667 0.9983 0.99991 0.999995
 0.619352 0.968667 0.9983 0.99991 0.999995
 0.619352 0.968667 0.9983 0.99991 0.999995
 0.619352 0.968667 0.9983 0.99991 0.999995
 0.619352 0.968667 0.9983 0.99991 0.999995
 0.619352 0.968667 0.9983 0.99991 0.999995
 0.619352 0.968667 0.9983 0.99991 0.999995
 0.619352 0.968667 0.9983 0.99991 0.999995
 0.619352 0.968667 0.9983 0.99991 0.999995
 0.619352 0.968667 0.9983 0.99991 0.999995
 0.619352 0.968667 0.9983 0.99991 0.999995
 0.619352 0.968667 0.9983 0.99991 0.999995
 0.619352 0.968667 0.9983 0.99991 0.999995
 0.619352 0.968667 0.9983 0.99991 0.999995
 0.619352 0.968667 0.9983 0.99991 0.999995
 0.619352 0.968667 0.9983 0.99991 0.999995
Sel_reclas
 1 1 1 1 1
 1 1 1 1 1
 1 1 1 1 1
 1 1 1 1 1
 1 1 1 1 1
 1 1 1 1 1
 1 1 1 1 1
 1 1 1 1 1
 1 1 1 1 1
 1 1 1 1 1
 1 1 1 1 1
 1 1 1 1 1
 1 1 1 1 1
 1 1 1 1 1
 1 1 1 1 1
 1 1 1 1 1
 1 1 1 1 1
 1 1 1 1 1
 1 1 1 1 1
 1 1 1 1 1
 1 1 1 1 1
 1 1 1 1 1
 1 1 1 1 1
 1 1 1 1 1
 1 1 1 1 1
 1 1 1 1 1
 1 1 1 1 1
 1 1 1 1 1
 1 1 1 1 1
 1 1 1 1 1
 1 1 1 1 1
Sel_pelaces
 1 1 1 1 1
 1 1 1 1 1
 1 1 1 1 1
 1 1 1 1 1
 1 1 1 1 1
 1 1 1 1 1
 1 1 1 1 1
 1 1 1 1 1
 1 1 1 1 1
 1 1 1 1 1
 1 1 1 1 1
 1 1 1 1 1
 1 1 1 1 1
 1 1 1 1 1
 1 1 1 1 1
 1 1 1 1 1
 1 1 1 1 1
 1 1 1 1 1
 1 1 1 1 1
 1 1 1 1 1
 1 1 1 1 1
 1 1 1 1 1
 1 1 1 1 1
 1 1 1 1 1
 1 1 1 1 1
 1 1 1 1 1
 1 1 1 1 1
 1 1 1 1 1
 1 1 1 1 1
 1 1 1 1 1
 1 1 1 1 1
pf_obs 
 0.8446 0.082 0.0669 0.0065 0
 0.8095 0.147 0.0364 0.0071 0
 0.9664 0.0169 0.016 0.0007 0
 0.9276 0.0648 0.0075 0.0001 0
 0.7033 0.2144 0.0806 0.0017 0
 0.9318 0.0425 0.0243 0.0014 0
 0.5671 0.3108 0.0964 0.0239 0.0018
 0.0768 0.2599 0.5324 0.112 0.0189
 0.490249 0.384438 0.106611 0.0170017 0.00170017
 0.7925 0.1577 0.0466 0.003 0.0002
 0.840416 0.127587 0.0312969 0.00059994 9.999e-05
 0.8084 0.0986 0.0794 0.0134 0.0002
 0.7335 0.1905 0.0724 0.0035 0.0001
 0.4001 0.4547 0.1325 0.0127 0
 0.49795 0.308269 0.164784 0.0264974 0.00249975
 0.9179 0.0499 0.0305 0.0017 0
 0.2467 0.6533 0.0926 0.0074 0
 0.9418 0.0223 0.034 0.0019 0
 0.707729 0.231977 0.0356964 0.0245975 0
 0.517169 0.277429 0.184464 0.0207286 0.00020938
 0.811772 0.124168 0.05621 0.00726502 0.000585176
 0.764997 0.148141 0.077277 0.00933861 0.000247198
 0.163321 0.427699 0.378323 0.0303852 0.000271297
 0.753843 0.0900009 0.118128 0.0371064 0.000921714
 0.721811 0.176058 0.0630433 0.0369309 0.00215725
 0.143369 0.312575 0.442814 0.0836902 0.0175525
 0.692698 0.0596174 0.167031 0.0765114 0.00414204
 0.394062 0.376323 0.152708 0.0712218 0.00568511
 0.125707 0.32114 0.495352 0.0537591 0.00404204
 0.23352 0.215282 0.420074 0.123614 0.00750983
 0 0 0 0 0
pf_pred 
 0.389776 0.20727 0.363382 0.0395714 9.47179e-07
 0.495671 0.258574 0.0853377 0.144689 0.0157284
 0.562793 0.275474 0.0845149 0.0268498 0.0503685
 0.562334 0.30244 0.0864423 0.0255181 0.0232651
 0.661768 0.245017 0.0654748 0.0177516 0.0099888
 0.94119 0.0459221 0.0094473 0.00241824 0.00102214
 0.343703 0.633659 0.0178308 0.00352588 0.00128123
 0.400219 0.309976 0.280323 0.00747298 0.00200873
 0.703771 0.156047 0.0736679 0.0643419 0.00217221
 0.865156 0.112452 0.0121075 0.00541217 0.00487221
 0.873842 0.117976 0.00689378 0.000697763 0.000590671
 0.780057 0.201994 0.0168221 0.000950251 0.00017727
 0.700598 0.260438 0.0359176 0.00285491 0.000190869
 0.671404 0.267442 0.053507 0.00705066 0.000596421
 0.778777 0.181435 0.0327454 0.00616497 0.000878183
 0.964507 0.0311889 0.00356394 0.000609439 0.0001307
 0.22775 0.756529 0.0138831 0.00152233 0.000315442
 0.915999 0.0276908 0.0552038 0.000976858 0.000129057
 0.557235 0.420207 0.00761916 0.0146466 0.000292843
 0.565125 0.297325 0.130804 0.00228148 0.00446413
 0.732338 0.18501 0.05719 0.0242164 0.00124619
 0.7182 0.231398 0.0352295 0.0105051 0.0046681
 0.200331 0.649862 0.123844 0.0181577 0.00780436
 0.74072 0.0752861 0.150481 0.0277143 0.00579906
 0.569238 0.355606 0.0223557 0.0431981 0.00960296
 0.372906 0.427905 0.165431 0.0100545 0.0237039
 0.75145 0.121964 0.0872882 0.0326472 0.00664982
 0.681939 0.264822 0.0265826 0.0183914 0.00826463
 0.206538 0.614273 0.150019 0.0145782 0.0145927
 0.278371 0.212055 0.397365 0.0939686 0.0182397
 0.775263 0.0885183 0.0410425 0.0742495 0.0209267
pobs_RECLAS
 0 0 0 0 0
 0 0 0 0 0
 0 0 0 0 0
 0 0 0 0 0
 0 0 0 0 0
 0 0 0 0 0
 0 0 0 0 0
 0 0 0 0 0
 0 0 0 0 0
 0 0 0 0 0
 0.991045 0.00858322 0.000360255 1.14367e-05 0
 0.934742 0.0480273 0.0164251 0.00080598 0
 0.827803 0.169806 0.00239088 0 0
 0.941827 0.0461693 0.0120037 0 0
 0.791401 0.0380133 0.147996 0.0225897 0
 0.846168 0.0940531 0.0597789 0 0
 0.134021 0.677848 0.182769 0.00536245 0
 0.80878 0.0450904 0.141981 0.00414843 0
 0.846168 0.0940531 0.0597789 0 0
 0.905697 0.0802665 0.012482 0.00150086 5.37128e-05
 0.989698 0.0102097 9.19794e-05 0 0
 0.975433 0.0193895 0.00387452 0.00125025 5.28907e-05
 0.303575 0.632131 0.0575291 0.00676475 0
 0.966965 0.00978017 0.0227588 0.000495775 0
 0.843318 0.132988 0.00938335 0.0141283 0.000182051
 0.564624 0.303363 0.111486 0.0197234 0.00080311
 0.826376 0.0876187 0.0782897 0.00655872 0.00115652
 0.89761 0.0855135 0.0140674 0.00269457 0.000114338
 0.34875 0.467042 0.161289 0.0227151 0.000203297
 0.318654 0.224769 0.449479 0.00709798 0
 0.937255 0.0296025 0.0250945 0.00804832 0
ppred_RECLAS
 0.507076 0.170881 0.290464 0.0315786 7.55796e-07
 0.614393 0.200887 0.0642156 0.108691 0.0118142
 0.675226 0.207105 0.0615412 0.0195178 0.0366108
 0.684275 0.220643 0.0608242 0.0179207 0.0163369
 0.761515 0.174354 0.0450704 0.0121978 0.00686305
 0.962674 0.0293535 0.00584734 0.00149417 0.000631502
 0.467878 0.514413 0.0139543 0.0027539 0.00100061
 0.517171 0.25329 0.222041 0.00590944 0.00158831
 0.802119 0.10609 0.0482825 0.0420873 0.00142074
 0.917657 0.0691236 0.00715486 0.00319153 0.0028728
 0.916363 0.0783688 0.00443979 0.000448636 0.000379747
 0.8532 0.135192 0.0108804 0.000613485 0.000114435
 0.792721 0.18109 0.0241447 0.00191567 0.000128063
 0.779295 0.180922 0.0348175 0.00457836 0.000387244
 0.855809 0.119033 0.020712 0.0038918 0.000554319
 0.977729 0.0196475 0.00217281 0.000370903 7.95363e-05
 0.319202 0.667363 0.0118666 0.00129901 0.000269145
 0.946499 0.0180116 0.0347931 0.000614642 8.11956e-05
 0.668316 0.31531 0.00553658 0.0106249 0.000212415
 0.676922 0.223116 0.095068 0.00165533 0.00323867
 0.814306 0.129612 0.0388251 0.0164124 0.000844516
 0.803394 0.162367 0.0239447 0.00712789 0.00316711
 0.284862 0.584549 0.107989 0.0158067 0.00679325
 0.821868 0.0528804 0.102469 0.0188405 0.00394193
 0.67732 0.267861 0.0163253 0.0314932 0.00700034
 0.486423 0.353894 0.132658 0.00804935 0.018975
 0.829163 0.085178 0.0590981 0.022067 0.00449437
 0.772462 0.190443 0.0185375 0.0128043 0.00575341
 0.292078 0.551851 0.130699 0.01268 0.0126915
 0.384599 0.184909 0.335823 0.0792821 0.0153876
 0.847835 0.0611164 0.0274651 0.0496038 0.0139793
pobs_PELACES
 0 0 0 0 0
 0 0 0 0 0
 0 0 0 0 0
 0 0 0 0 0
 0 0 0 0 0
 0 0 0 0 0
 0 0 0 0 0
 0 0 0 0 0
 0 0 0 0 0
 0 0 0 0 0
 0 0 0 0 0
 0 0 0 0 0
 0 0 0 0 0
 0 0 0 0 0
 0 0 0 0 0
 0 0 0 0 0
 0.505614 0.472636 0.0217494 0 0
 0 0 0 0 0
 0.443492 0.261883 0.143347 0.151278 0
 0.227955 0.32914 0.350689 0.0885471 0.00366901
 0.970185 0.0296113 0.000203453 0 0
 0.997202 0.00247181 0.000326279 0 0
 0.445219 0.490057 0.0546422 0.010081 0
 0.90214 0.0892962 0.00764917 0.000914606 0
 0 0 0 0 0
 0.581667 0.319106 0.0959925 0.00289975 0.000334073
 0.762889 0.0836404 0.116647 0.0363945 0.000428098
 0.88444 0.0763242 0.0277011 0.0115352 0
 0.521256 0.241999 0.230069 0.00667565 0
 0.616807 0.101726 0.260614 0.0208532 0
 0 0 0 0 0
ppred_PELACES
 0.514968 0.168425 0.285564 0.0310416 7.4294e-07
 0.628641 0.193937 0.061689 0.104386 0.0113461
 0.688358 0.199098 0.0588681 0.018665 0.0350106
 0.714154 0.200482 0.0546206 0.0160827 0.0146607
 0.777192 0.163218 0.0418838 0.0113309 0.00637514
 0.964972 0.0275786 0.00546368 0.00139572 0.000589882
 0.504544 0.479167 0.0128377 0.00253183 0.000919887
 0.526527 0.248743 0.21739 0.00578469 0.00155477
 0.825135 0.0943034 0.0423896 0.0369257 0.00124645
 0.93079 0.0582486 0.00593512 0.00264519 0.00238091
 0.918731 0.0761627 0.00430343 0.000434794 0.000368028
 0.866023 0.12347 0.0098483 0.000555023 0.000103527
 0.808536 0.16745 0.022141 0.0017559 0.000117379
 0.808814 0.157152 0.0297897 0.00391401 0.000331038
 0.873015 0.105055 0.0180566 0.00339058 0.000482912
 0.979354 0.018228 0.00200276 0.000341755 7.32844e-05
 0.329775 0.657052 0.0116356 0.00127345 0.000263844
 0.948999 0.0172162 0.033122 0.000584994 7.7278e-05
 0.682021 0.302363 0.0052813 0.0101321 0.000202559
 0.690072 0.214368 0.0908827 0.00158202 0.0030952
 0.821276 0.124895 0.0372678 0.0157507 0.000810461
 0.812266 0.155171 0.0227744 0.00677775 0.00301149
 0.292164 0.578897 0.106627 0.0156049 0.00670647
 0.82693 0.0514798 0.0994761 0.0182875 0.00382619
 0.68458 0.261964 0.0159213 0.0307092 0.00682602
 0.493731 0.349123 0.130554 0.00792062 0.0186714
 0.834053 0.0828595 0.0573265 0.0214022 0.00435893
 0.776814 0.186866 0.0181514 0.0125362 0.00563291
 0.296863 0.548355 0.129623 0.0125742 0.0125855
 0.394973 0.182241 0.329825 0.0778514 0.0151098
 0.85323 0.0590749 0.0264571 0.0477743 0.0134635
pobs_pel_tallas
 0 0 0 0 0 0 0 0 0 0 0 0 0 0 0 0 0 0 0 0 0 0 0 0 0 0
 0 0 0 0 0 0 0 0 0 0 0 0 0 0 0 0 0 0 0 0 0 0 0 0 0 0
 0 0 0 0 0 0 0 0 0 0 0 0 0 0 0 0 0 0 0 0 0 0 0 0 0 0
 0 0 0 0 0 0 0 0 0 0 0 0 0 0 0 0 0 0 0 0 0 0 0 0 0 0
 0 0 0 0 0 0 0 0 0 0 0 0 0 0 0 0 0 0 0 0 0 0 0 0 0 0
 0 0 0 0 0 0 0 0 0 0 0 0 0 0 0 0 0 0 0 0 0 0 0 0 0 0
 0 0 0 0 0 0 0 0 0 0 0 0 0 0 0 0 0 0 0 0 0 0 0 0 0 0
 0 0 0 0 0 0 0 0 0 0 0 0 0 0 0 0 0 0 0 0 0 0 0 0 0 0
 0 0 0 0 0 0 0 0 0 0 0 0 0 0 0 0 0 0 0 0 0 0 0 0 0 0
 0 0 0 0 0 0 0 0 0 0 0 0 0 0 0 0 0 0 0 0 0 0 0 0 0 0
 0 0 0 0 0 0 0 0 0 0 0 0 0 0 0 0 0 0 0 0 0 0 0 0 0 0
 0 0 0 0 0 0 0 0 0 0 0 0 0 0 0 0 0 0 0 0 0 0 0 0 0 0
 0.00862536 0 0 0.000197151 0.00414017 0.0128641 0.00837892 0.0270097 0.101434 0.158115 0.152841 0.127902 0.109271 0.109419 0.0830992 0.0579132 0.0238553 0.00714673 0.00463305 0.00128148 0.00103504 0.000492878 0.000147863 0.000147863 4.92878e-05 0
 0 0 0 0 0 0 0 0 0 0 0 0 0 0 0 0 0 0 0 0 0 0 0 0 0 0
 0 0 0 0 0 0 0 0.0054083 0.00873648 0.0413646 0.0450493 0.0745869 0.0622846 0.0627006 0.0613931 0.0827291 0.12552 0.122667 0.0946155 0.0697135 0.0546179 0.0294188 0.0215738 0.0213955 0.0102223 0.00600262
 0 0 0 0 0.00359764 0.0251062 0.0480494 0.140153 0.205849 0.193036 0.1447 0.116669 0.0760912 0.0342217 0.00950174 0.001854 0.000860785 0 0 0 0.000165536 0 0.000143464 0 0 0
 0 0 0 0 0 0 0 0.000145254 0.000435761 0.0275982 0.070085 0.0708112 0.156366 0.174668 0.174014 0.160142 0.0824315 0.0480064 0.0283245 0.00493863 0.00203355 0 0 0 0 0
 0 0 0 0 0 0 0 0 0 0 0 0 0 0 0 0 0 0 0 0 0 0 0 0 0 0
 0 0 1.00437e-05 0.000401748 0.00122533 0.00171747 0.00176769 0.0269171 0.070346 0.194647 0.189555 0.159765 0.064822 0.0314167 0.0384472 0.0292271 0.0345202 0.0313363 0.0194345 0.0106764 0.0143323 0.0359363 0.0279516 0.0138201 0.00172751 0
 0 0.0021121 0.0136068 0.0755702 0.200478 0.177729 0.0527432 0.0373336 0.0318909 0.0142505 0.0149659 0.0166563 0.0217959 0.0798694 0.0677717 0.0528807 0.04013 0.0224614 0.0357745 0.0225083 0.00881397 0.00855152 0.00135912 0.000746735 0 0
 0 0 0 0 5.4009e-05 0.00500934 0.000945158 0.0243581 0.138947 0.33067 0.221406 0.137944 0.0707744 0.0437923 0.0131692 0.00525238 0.0047753 0.00276346 9.45158e-05 9.00151e-06 2.25038e-05 9.00151e-06 4.50075e-06 0 0 0
 0.000866109 0.00284123 0.00948549 0.0512746 0.133035 0.25785 0.225252 0.132002 0.0553304 0.0519788 0.0540692 0.017754 0.00435017 0.00159236 0.00146478 0.000404838 0.000125132 0.000115318 0.000107957 0.000100596 0 0 0 0 0 0
 0 0 0 0 0.00144013 0.00171154 0.00461396 0.0210425 0.0478622 0.0707936 0.0888783 0.103762 0.0637923 0.0337046 0.0602308 0.124433 0.169614 0.0934646 0.0462172 0.0250306 0.0313229 0.00938855 0.002487 0.000210481 0 0
 0 0.00764035 0.051015 0.0998891 0.058973 0.0496711 0.0374665 0.0718981 0.12319 0.153886 0.159021 0.0857701 0.0377988 0.023471 0.0147837 0.00900784 0.00315554 0.000888139 0.00291439 0.00214683 0.00393193 0.00274676 0.000635225 9.99891e-05 0 0
 0 0 0 0 0 0 0 0 0 0 0 0 0 0 0 0 0 0 0 0 0 0 0 0 0 0
 0 0 0 0 0 0 0 0 0 0 0 0 0 0 0 0 0 0 0 0 0 0 0 0 0 0
 0 0 0 0 0 0 0 0 0 0 0 0 0 0 0 0 0 0 0 0 0 0 0 0 0 0
 0 0 0 0 0 0 0 0 0 0 0 0 0 0 0 0 0 0 0 0 0 0 0 0 0 0
 0 0 0 0 0 0 0 0 0 0 0 0 0 0 0 0 0 0 0 0 0 0 0 0 0 0
 0 0 0 0 0 0 0 0 0 0 0 0 0 0 0 0 0 0 0 0 0 0 0 0 0 0
 0 0 0 0 0 0 0 0 0 0 0 0 0 0 0 0 0 0 0 0 0 0 0 0 0 0
ppred_pel_tallas
 1.11398e-16 4.24173e-05 0.000412311 0.00273995 0.0124554 0.0387536 0.0825692 0.120516 0.120532 0.0826507 0.0390285 0.0132548 0.00476644 0.0049018 0.00876094 0.0149171 0.0226492 0.0309056 0.038557 0.0449516 0.0500518 0.0539656 0.0563535 0.0563577 0.0531709 0.046736
 1.14219e-16 5.17804e-05 0.000503324 0.00334476 0.0152048 0.047308 0.100795 0.147118 0.147136 0.100887 0.0476165 0.0160974 0.00559006 0.00542157 0.00944347 0.0156695 0.0229108 0.0295743 0.034114 0.0359309 0.0357505 0.0350663 0.0350748 0.0359363 0.0368335 0.036621
 1.09547e-16 5.66992e-05 0.000551136 0.0036625 0.0166492 0.0518019 0.11037 0.161092 0.161112 0.110464 0.052118 0.0175629 0.00595899 0.00557452 0.00962741 0.0159079 0.0231075 0.0294878 0.0333291 0.0338823 0.0318156 0.0287218 0.0260835 0.0245076 0.023683 0.0228721
 1.05722e-16 5.8824e-05 0.00057179 0.00379975 0.0172731 0.0537432 0.114506 0.167129 0.167149 0.114601 0.0540612 0.0181922 0.00610916 0.00562106 0.00967149 0.0159573 0.0231278 0.0293973 0.0329877 0.0330918 0.0303375 0.0263141 0.0225533 0.0197715 0.0178213 0.0161537
 1.03466e-16 6.40163e-05 0.000622262 0.00413515 0.0187978 0.058487 0.124613 0.18188 0.181896 0.12469 0.0587458 0.0195456 0.00601392 0.00472894 0.007879 0.0129655 0.0187686 0.0238088 0.026621 0.0265315 0.0240409 0.0204456 0.0170144 0.0143726 0.0124562 0.0108759
 1.00405e-16 7.94835e-05 0.000772608 0.00513425 0.0233396 0.072618 0.154721 0.22582 0.225822 0.154734 0.0726617 0.0234657 0.00545105 0.00146463 0.00139504 0.00218385 0.0031461 0.00397283 0.00440819 0.00433578 0.00384193 0.00315288 0.00249501 0.00198774 0.00163159 0.00136604
 1.00903e-16 4.15587e-05 0.000403966 0.0026845 0.0122034 0.0379694 0.0808995 0.118085 0.118131 0.0811247 0.0387252 0.0143853 0.00815705 0.012336 0.0226595 0.0372817 0.0534359 0.0666373 0.0723453 0.0684684 0.0566406 0.0411873 0.0266393 0.0156999 0.00881821 0.00504007
 1.07181e-16 4.33694e-05 0.000421566 0.00280145 0.012735 0.0396235 0.084423 0.123223 0.123247 0.0845416 0.0400227 0.0138916 0.00571789 0.00683225 0.012347 0.0206773 0.030555 0.0400224 0.0470403 0.0505504 0.0509157 0.0493236 0.0467239 0.0432603 0.0385704 0.0324898
 1.05162e-16 6.79653e-05 0.000660647 0.00439023 0.0199574 0.0620948 0.1323 0.193097 0.193107 0.132345 0.0622451 0.0203923 0.00548492 0.00306017 0.00465447 0.00766567 0.0112243 0.0145211 0.016787 0.0176926 0.0175282 0.0169489 0.0164902 0.016247 0.0159212 0.0151175
 1.00855e-16 7.6668e-05 0.00074524 0.00495238 0.0225128 0.0700457 0.14924 0.217821 0.217827 0.149267 0.0701378 0.0227786 0.00561954 0.00220123 0.00284071 0.00457205 0.00657249 0.00825301 0.00907189 0.00878509 0.00759045 0.00599608 0.00451781 0.00343884 0.00276995 0.00236558
 1.0025e-16 7.56747e-05 0.000735585 0.00488822 0.0222211 0.0691383 0.147307 0.215 0.215007 0.147342 0.0692585 0.0225682 0.00575889 0.00263451 0.00367688 0.00594516 0.00852461 0.0106515 0.0116038 0.0110496 0.00924374 0.0068629 0.00461217 0.00290715 0.0018116 0.00117565
 1.0039e-16 7.13332e-05 0.000693384 0.00460778 0.0209463 0.0651718 0.138856 0.202667 0.202679 0.138914 0.0653668 0.0215093 0.00602024 0.0037746 0.00591661 0.0096512 0.0138551 0.0173357 0.0189286 0.0180946 0.015239 0.011443 0.00783136 0.00506326 0.00323882 0.00212567
 1.00878e-16 6.65981e-05 0.000647357 0.00430192 0.0195559 0.0608457 0.129639 0.189215 0.189231 0.129718 0.0611104 0.0203204 0.00622072 0.00483535 0.00801802 0.0131435 0.0189112 0.0237451 0.0260824 0.0251947 0.0216125 0.0167582 0.0120964 0.00846442 0.00596748 0.0042988
 1.01349e-16 6.66209e-05 0.000647579 0.00430339 0.0195626 0.0608666 0.129683 0.18928 0.189295 0.129757 0.0611153 0.0202812 0.00610762 0.0045879 0.00755482 0.0123965 0.0178792 0.02254 0.0249298 0.0243709 0.0213444 0.0171403 0.0130679 0.00984725 0.0075348 0.00583995
 1.0097e-16 7.19091e-05 0.000698982 0.00464498 0.0211154 0.065698 0.139977 0.204302 0.204313 0.140026 0.0658642 0.0215956 0.00585052 0.00333142 0.00507354 0.00827928 0.0119322 0.0150304 0.0166028 0.0161983 0.0141447 0.0113143 0.00859276 0.00646704 0.0049723 0.00390296
 1.0011e-16 8.06681e-05 0.000784123 0.00521077 0.0236874 0.0737003 0.157026 0.229185 0.229187 0.157035 0.0737291 0.0237706 0.00541952 0.00123965 0.000945305 0.00143378 0.00205439 0.00257644 0.00282517 0.00272146 0.00232444 0.00179109 0.00128315 0.000893145 0.000632065 0.000464148
 1.00677e-16 2.71632e-05 0.000264037 0.00175462 0.00797628 0.0248175 0.0528787 0.0771912 0.0772544 0.0531874 0.0258537 0.0109675 0.00925642 0.0166188 0.0310237 0.0510772 0.0731805 0.0911932 0.0988764 0.0933548 0.0768769 0.0554019 0.0351877 0.0199913 0.0104672 0.00532154
 1.01033e-16 7.81678e-05 0.000759819 0.00504927 0.0229532 0.071416 0.152159 0.222082 0.222083 0.152168 0.0714442 0.0230353 0.00525757 0.00122202 0.000977756 0.00154927 0.00235521 0.00323286 0.00406339 0.00477494 0.00535037 0.00578089 0.00601248 0.00594848 0.00551503 0.00473169
 1.01281e-16 5.61772e-05 0.000546062 0.00362878 0.0164959 0.0513251 0.109355 0.159612 0.159641 0.109497 0.051802 0.0178727 0.00708184 0.00807486 0.0143277 0.0235271 0.033722 0.0420643 0.0456981 0.0433205 0.0359824 0.0264271 0.0175105 0.010909 0.00685165 0.00467161
 1.0336e-16 5.68404e-05 0.000552509 0.00367161 0.0166906 0.0519309 0.110645 0.161494 0.161515 0.110746 0.0522718 0.0176764 0.00615043 0.00597811 0.0104028 0.017216 0.0250443 0.0320077 0.0362032 0.036708 0.0340605 0.0297725 0.0253077 0.0213672 0.0179069 0.0146238
 1.02825e-16 6.76474e-05 0.000657557 0.0043697 0.019864 0.0618044 0.131681 0.192195 0.192207 0.13174 0.0620026 0.020437 0.00580964 0.00380666 0.00606518 0.00996431 0.0144523 0.0183967 0.0206892 0.0208204 0.0191625 0.0166744 0.0142745 0.0123843 0.0109141 0.00955878
 1.01887e-16 6.69053e-05 0.000650343 0.00432176 0.0196461 0.0611264 0.130237 0.190088 0.190103 0.13031 0.0613718 0.020355 0.0061013 0.00453549 0.00744675 0.0122085 0.0175885 0.0221363 0.0244211 0.0237856 0.0207318 0.016572 0.0126353 0.00964702 0.00764123 0.00627394
 1.05925e-16 2.40653e-05 0.000233923 0.00155451 0.00706659 0.0219871 0.0468479 0.0683875 0.0684434 0.0471207 0.0229033 0.00971336 0.00820002 0.0147469 0.0276036 0.0456396 0.0658427 0.0830028 0.0918023 0.0897602 0.0786713 0.0633137 0.0485277 0.0369603 0.0287832 0.0228633
 1.05366e-16 6.81132e-05 0.000662084 0.00439978 0.0200008 0.0622299 0.132588 0.193516 0.193522 0.132613 0.0623144 0.0202468 0.00502456 0.00204991 0.00277414 0.00466222 0.00713918 0.00987721 0.0125684 0.0150417 0.0172808 0.0192651 0.0207877 0.0214547 0.0208964 0.019018
 1.04762e-16 5.6388e-05 0.000548111 0.00364239 0.0165578 0.0515176 0.109765 0.16021 0.160235 0.109888 0.0519314 0.0177526 0.00664052 0.00708991 0.0124718 0.0205083 0.0294938 0.0370111 0.0406541 0.0393562 0.0340538 0.0270803 0.0207788 0.016394 0.0138862 0.0124771
 1.07811e-16 4.0668e-05 0.000395308 0.00262696 0.0119418 0.0371556 0.0791651 0.115551 0.115585 0.0793302 0.0377103 0.0135457 0.00665901 0.00921753 0.0168549 0.0279546 0.0406253 0.0518371 0.0585004 0.0591541 0.0547585 0.0478889 0.0410304 0.0353552 0.0307092 0.026408
 1.0456e-16 6.86999e-05 0.000667787 0.00443768 0.0201731 0.0627659 0.13373 0.195184 0.195192 0.133769 0.0628986 0.0205572 0.00540583 0.00279405 0.00414462 0.00684266 0.0100851 0.0131789 0.0154621 0.0166308 0.0168829 0.0166982 0.0164429 0.0161336 0.0155179 0.0143365
 1.02783e-16 6.39851e-05 0.000621958 0.00413313 0.0187886 0.0584585 0.124553 0.181792 0.18181 0.124641 0.0587538 0.0196414 0.00627337 0.0052928 0.00893114 0.0146549 0.0210859 0.0264816 0.0291181 0.0282169 0.0244164 0.0193478 0.0146616 0.0112552 0.00914799 0.00785935
 1.07272e-16 2.44523e-05 0.000237685 0.0015795 0.00718023 0.0223406 0.047601 0.0694862 0.0695391 0.0478597 0.0232094 0.00969061 0.00788473 0.0140146 0.026226 0.0434135 0.062757 0.0793754 0.0882798 0.0871318 0.077576 0.064006 0.0508229 0.0403598 0.0326805 0.0267234
 1.1993e-16 3.25334e-05 0.000316236 0.0021015 0.00955313 0.0297234 0.0633296 0.0924352 0.0924532 0.0634181 0.030022 0.0104219 0.00430659 0.00521042 0.00956407 0.0163798 0.0250452 0.0345451 0.0437965 0.0522239 0.0598479 0.0667111 0.0721951 0.0749593 0.0736439 0.0677641
 1.07849e-16 7.02794e-05 0.000683141 0.00453971 0.0206369 0.064209 0.136804 0.199671 0.199677 0.136832 0.0643034 0.0209102 0.00522841 0.00219535 0.00296899 0.00487035 0.00718967 0.00944366 0.0112159 0.0123808 0.0131925 0.014087 0.0153366 0.0168267 0.0181029 0.0186236
pSPR Fmed_Fpbrs
0.46255   0.256598 0.256598
Fs Fmed_Fpbrs
0.505162   1.005 1.005
SSBpbr Bo_Bmed_Bpbrs
1.53654e+06  633901  317447 317447
Ro
109716
SPR SPRFo_SPRFmed_SPRFpbrs
781250 361367 200467
Fref
1.005
log_Ro
11.4256
likeval ReclasPelacesDesembMPH_pf_preclas_ppelaces_ptallas_desvR_qrecl_qpela
 13.1735 37.0931 0.0359195 0.000902054 233.248 119.197 85.2984 0 38.4194 8.11328e-06 0 0.0641388 0 0 0
q_reclas_q_pelaces
1.49725 1
M
1
N
 115222 40629.7 69328.6 7538.82 0.180435
 101082 36093.8 11624.3 19683.2 2139.51
 81164.7 27209.9 8146.65 2584.77 4848.53
 54763.3 21783.4 6112.9 1802.8 1643.54
 36667.7 9569.18 2501.25 677.344 381.117
 252142 8480.8 1703.53 435.501 184.066
 47722 65501.3 1810.59 357.687 129.97
 15454.4 7993.78 7040.13 187.414 50.3729
 28386.1 4684.44 2172.33 1895.52 63.9906
 47758.1 4764.11 505.016 225.561 203.049
 72378.1 6488.89 369.086 37.3038 31.5761
 121133 22524.8 1837.59 103.689 19.3421
 95325.4 25264.7 3411.26 270.839 18.1062
 68099.5 20705.4 4076.88 536.76 45.4029
 55569.8 9625.55 1706.34 320.947 45.7157
 415991 9388.84 1048.59 179.092 38.4054
 45076.1 101375 1813.76 198.617 41.1524
 625746 12802.2 24882.5 439.712 58.088
 343448 178058 3151.66 6050.79 120.971
 250841 90441.9 38831.1 676.411 1323.43
 393569 67124.3 20225.2 8552.42 440.081
 514887 113328 16834.2 5013.21 2227.55
 64680.9 139962 25973 3802.69 1634.31
 291444 19713 38361 7054.91 1476.09
 216031 89804.2 5496.49 10605.7 2357.48
 87658 66588.1 25052.3 1520.41 3584.15
 256041 27671.1 19281.5 7201.31 1466.71
 307495 78686.6 7683.52 5308.08 2385.13
 50698 99125.7 23545.1 2284.62 2286.71
 32279.8 16517.9 30158.1 7121.87 1382.28
 124237 9519.79 4300.33 7768.87 2189.44
pred_Ctot
 10958 5827.12 10216 1112.5 0.0266286
 17582 9171.93 3027.03 5132.29 557.906
 14235.8 6968.1 2137.8 679.166 1274.07
 19287.1 10373.2 2964.82 875.227 797.954
 8934.8 3308.08 884.003 239.671 134.863
 48175.5 2350.56 483.567 123.779 52.3192
 17493 32250.6 907.514 179.452 65.2093
 1747.23 1353.26 1223.8 32.6247 8.76949
 10386.8 2303.07 1087.25 949.611 32.0593
 20593.9 2676.76 288.202 128.829 115.976
 7144.53 964.572 56.3635 5.70491 4.82933
 34707.3 8987.37 748.473 42.2799 7.88734
 25749.8 9572.17 1320.12 104.93 7.01522
 28587.7 11387.4 2278.27 300.21 25.395
 20209.1 4708.2 849.737 159.98 22.7887
 91774.9 2967.69 339.117 57.9894 12.4364
 6633.92 22036.2 404.388 44.3425 9.18822
 91484.9 2765.6 5513.45 97.5631 12.8894
 63393 47804.2 866.782 1666.25 33.3149
 44355.1 23336.2 10266.5 179.067 350.377
 55142.1 13930.5 4306.18 1823.4 93.8332
 87091.4 28060.1 4272.05 1273.88 566.07
 7122.2 23104 4402.94 645.546 277.462
 30354.6 3085.22 6166.7 1135.73 237.645
 22462.4 14032.4 882.166 1704.62 378.937
 7962.63 9137.01 3532.43 214.693 506.147
 27037 4388.24 3140.61 1174.64 239.259
 24308.8 9439.97 947.577 655.59 294.605
 3701.39 11008.5 2688.5 261.258 261.517
 4120.6 3138.95 5882.01 1390.97 269.993
 15567.3 1777.45 824.136 1490.93 420.21
F
 0.160744 0.251404 0.259095 0.259513 0.259535
 0.312348 0.488513 0.503458 0.50427 0.504313
 0.315332 0.49318 0.508268 0.509088 0.509131
 0.744473 1.16436 1.19998 1.20191 1.20201
 0.464093 0.725843 0.748048 0.749254 0.749318
 0.347924 0.544154 0.560801 0.561705 0.561753
 0.786728 1.23044 1.26809 1.27013 1.27024
 0.193648 0.302865 0.312131 0.312634 0.312661
 0.78479 1.22741 1.26496 1.267 1.26711
 0.996058 1.55784 1.60549 1.60808 1.60822
 0.167285 0.261634 0.269638 0.270073 0.270096
 0.567478 0.887537 0.914689 0.916164 0.916242
 0.526902 0.824076 0.849286 0.850656 0.850728
 0.956549 1.49604 1.54181 1.5443 1.54443
 0.778118 1.21698 1.25421 1.25623 1.25634
 0.411839 0.644117 0.663822 0.664893 0.664949
 0.258734 0.40466 0.417039 0.417712 0.417747
 0.256833 0.401688 0.413976 0.414644 0.414679
 0.334328 0.522889 0.538886 0.539755 0.539801
 0.318273 0.49778 0.513008 0.513835 0.513879
 0.244969 0.383132 0.394853 0.395489 0.395523
 0.302576 0.473229 0.487706 0.488493 0.488534
 0.18819 0.29433 0.303334 0.303823 0.303849
 0.177217 0.277167 0.285646 0.286107 0.286131
 0.176896 0.276666 0.28513 0.285589 0.285614
 0.153056 0.239379 0.246703 0.2471 0.247121
 0.179866 0.28131 0.289916 0.290384 0.290408
 0.132069 0.206557 0.212876 0.213219 0.213237
 0.121442 0.189935 0.195746 0.196061 0.196078
 0.221069 0.345752 0.356329 0.356904 0.356934
 0.216613 0.338783 0.349147 0.34971 0.34974
nmprior
 8 9 7.5 0
nm_flota  nm_reclas  nm_pelaces    nm_pelaL
inf 16.4717 10.0271 15.9005
cv_recla  cv_pelaces  cv_mph
0.328304 0.716657 0.926876
 ------------------------------------------------
Talla a la edad & desviación 
 8 13.2811 15.8009 17.003 17.5766
 0.8 1.32811 1.58009 1.7003 1.75766
