years
 1991 1992 1993 1994 1995 1996 1997 1998 1999 2000 2001 2002 2003 2004 2005 2006 2007 2008 2009 2010 2011 2012 2013 2014 2015 2016 2017 2018 2019 2020 2021
reclasobs
 0 0 0 0 0 0 0 0 0 252601 567819 844713 477998 351125 339783 2.1784e+06 2.13404e+06 4.81314e+06 1.55562e+06 2.62356e+06 3.21686e+06 3.843e+06 1.13348e+06 3.07943e+06 1.97215e+06 2.03268e+06 2.025e+06 2.42433e+06 2.27542e+06 1.05018e+06 2.36338e+06
reclaspred
 5.47121e+06 3.21998e+06 1.65099e+06 1.89519e+06 2.32297e+06 3.23261e+06 2.47002e+06 2.10841e+06 1.43999e+06 974822 743033 808077 788620 670193 711739 1.36189e+06 1.64645e+06 2.83655e+06 2.56515e+06 2.05023e+06 3.57278e+06 2.81577e+06 2.53748e+06 3.46294e+06 2.81665e+06 2.63027e+06 2.83294e+06 2.77557e+06 2.71141e+06 1.92906e+06 2.98504e+06
pelacesobs
 0 0 0 0 0 0 0 0 0 0 0 0 0 0 0 552880 188675 0 991730 2.46772e+06 1.41603e+06 1.21717e+06 2.29649e+06 1.80582e+06 0 1.4828e+06 1.56532e+06 1.57751e+06 1.42118e+06 867257 0
pelacespred
 2.69141e+06 1.76954e+06 934208 916906 1.09791e+06 1.60005e+06 1.23944e+06 1.15345e+06 815478 532989 428765 377018 392833 361605 399660 637645 732010 1.42913e+06 1.36075e+06 1.01632e+06 1.63387e+06 1.48575e+06 1.27465e+06 1.91432e+06 1.51901e+06 1.3832e+06 1.7141e+06 1.70416e+06 1.30331e+06 1.04673e+06 1.61031e+06
mphobs
 0 0 0 0 0 0 0 0 0 0 0 498337 0 5186 125008 0 168611 109162 213762 579715 649985 157893 87575 83554 0 0 0 0 0 0 0
mphpred
 5.22141e+06 3.55993e+06 1.87035e+06 1.04175e+06 1.68764e+06 2.07534e+06 2.52117e+06 1.78395e+06 1.44024e+06 950434 588524 609450 585774 515411 408138 555629 1.27242e+06 1.35163e+06 2.13804e+06 1.73394e+06 1.95611e+06 2.38758e+06 2.19162e+06 1.93343e+06 2.60592e+06 2.1661e+06 1.87388e+06 1.94173e+06 2.53057e+06 1.82649e+06 1.18138e+06
desembarqueobs
 494567 514787 250237 358949 120608 361735 552515 73892 212993 205616 52469 317467 293654 387597 252695 516296 358380 742168 942051 627588 828172 859565 418607 520667 417249 300574 407403 355545 319650 289779 219260
desembarquepred
 494572 512473 251671 358956 120609 361750 552605 73894.3 213044 205674 52471.7 317585 293750 387723 252717 516329 358419 742147 942054 627582 828303 859715 418644 520712 417278 300590 407425 355555 319666 289801 219258
Reclutas
 276104 163964 155339 492953 376907 475475 197265 94823.2 71911.9 87684.4 134209 167579 153592 117775 130160 520822 157740 736657 518402 398323 563377 719715 195498 478727 411647 208662 413903 434971 161669 143851 683639
log_desv_Rt
 0.0755919 -0.44554 -0.499574 0.655229 0.386813 0.619129 -0.260636 -0.99317 -1.26974 -1.07144 -0.645786 -0.42373 -0.510887 -0.776412 -0.676419 0.710224 -0.484239 1.05694 0.705566 0.442079 0.788765 1.03367 -0.269633 0.625946 0.474981 -0.204468 0.480448 0.530096 -0.459637 -0.576405 0.982246
SSB
 5.22141e+06 3.55993e+06 1.87035e+06 1.04175e+06 1.68764e+06 2.07534e+06 2.52117e+06 1.78395e+06 1.44024e+06 950434 588524 609450 585774 515411 408138 555629 1.27242e+06 1.35163e+06 2.13804e+06 1.73394e+06 1.95611e+06 2.38758e+06 2.19162e+06 1.93343e+06 2.60592e+06 2.1661e+06 1.87388e+06 1.94173e+06 2.53057e+06 1.82649e+06 1.18138e+06
BT
 6.86943e+06 4.74912e+06 2.49128e+06 2.77955e+06 2.93615e+06 4.56265e+06 3.5627e+06 2.98542e+06 2.24248e+06 1.54216e+06 1.16665e+06 1.27075e+06 1.3192e+06 1.39064e+06 1.37156e+06 2.24348e+06 2.18227e+06 4.65704e+06 4.54417e+06 3.19069e+06 5.12405e+06 4.71008e+06 3.62579e+06 5.75835e+06 4.27029e+06 3.83256e+06 5.09473e+06 5.01148e+06 3.50281e+06 2.89242e+06 4.74824e+06
Ftot
 0.0804714 0.142009 0.134828 0.146027 0.0421871 0.0894987 0.189736 0.030021 0.126566 0.178087 0.0565701 0.307453 0.291173 0.437127 0.262407 0.271723 0.174775 0.196241 0.285014 0.242232 0.18242 0.238416 0.136653 0.116301 0.120639 0.0942968 0.112037 0.0980084 0.100531 0.127394 0.0540679
BD_Bspro_t
 0.987207 0.902935 0.796433 0.737122 0.790815 0.843934 0.832582 0.747255 0.776511 0.738315 0.699082 0.777676 0.65601 0.577962 0.502212 0.574018 0.663225 0.662962 0.705684 0.629381 0.612266 0.654316 0.661195 0.669936 0.757078 0.76518 0.779327 0.805859 0.834927 0.787751 0.766798
BD_Bspro
 2.86434 1.95289 1.02603 0.571476 0.9258 1.13848 1.38305 0.978631 0.790081 0.521385 0.32285 0.33433 0.321342 0.282742 0.223895 0.304805 0.698017 0.741471 1.17288 0.9512 1.07308 1.30977 1.20227 1.06063 1.42955 1.18827 1.02796 1.06519 1.38821 1.00197 0.648076
BD_Bo
 2.08901 1.42428 0.748298 0.416786 0.6752 0.830312 1.00868 0.713731 0.576218 0.380254 0.23546 0.243832 0.234359 0.206208 0.16329 0.222299 0.509075 0.540766 0.855398 0.693725 0.78261 0.955235 0.876836 0.773536 1.04259 0.866625 0.74971 0.776859 1.01244 0.730752 0.472652
BD_Brms
 15.3751 10.4827 5.50749 3.06755 4.96948 6.11111 7.4239 5.25307 4.24097 2.79868 1.73299 1.79461 1.72489 1.51769 1.20181 1.63612 3.7468 3.98004 6.29574 5.10582 5.76002 7.03054 6.45352 5.69324 7.67348 6.37837 5.51788 5.71769 7.4516 5.37835 3.47873
Sel_flota
 0.92858 1 1 1 1
 0.92858 1 1 1 1
 0.92858 1 1 1 1
 0.92858 1 1 1 1
 0.92858 1 1 1 1
 0.92858 1 1 1 1
 0.92858 1 1 1 1
 0.92858 1 1 1 1
 0.92858 1 1 1 1
 0.92858 1 1 1 1
 0.92858 1 1 1 1
 0.92858 1 1 1 1
 0.92858 1 1 1 1
 0.92858 1 1 1 1
 0.92858 1 1 1 1
 0.92858 1 1 1 1
 0.92858 1 1 1 1
 0.92858 1 1 1 1
 0.92858 1 1 1 1
 0.92858 1 1 1 1
 0.92858 1 1 1 1
 0.92858 1 1 1 1
 0.92858 1 1 1 1
 0.92858 1 1 1 1
 0.92858 1 1 1 1
 0.92858 1 1 1 1
 0.92858 1 1 1 1
 0.92858 1 1 1 1
 0.92858 1 1 1 1
 0.92858 1 1 1 1
 0.92858 1 1 1 1
Sel_reclas
 0.651202 0.903808 0.97929 0.995815 0.999166
 0.651202 0.903808 0.97929 0.995815 0.999166
 0.651202 0.903808 0.97929 0.995815 0.999166
 0.651202 0.903808 0.97929 0.995815 0.999166
 0.651202 0.903808 0.97929 0.995815 0.999166
 0.651202 0.903808 0.97929 0.995815 0.999166
 0.651202 0.903808 0.97929 0.995815 0.999166
 0.651202 0.903808 0.97929 0.995815 0.999166
 0.651202 0.903808 0.97929 0.995815 0.999166
 0.651202 0.903808 0.97929 0.995815 0.999166
 0.651202 0.903808 0.97929 0.995815 0.999166
 0.651202 0.903808 0.97929 0.995815 0.999166
 0.651202 0.903808 0.97929 0.995815 0.999166
 0.651202 0.903808 0.97929 0.995815 0.999166
 0.651202 0.903808 0.97929 0.995815 0.999166
 0.651202 0.903808 0.97929 0.995815 0.999166
 0.651202 0.903808 0.97929 0.995815 0.999166
 0.651202 0.903808 0.97929 0.995815 0.999166
 0.651202 0.903808 0.97929 0.995815 0.999166
 0.651202 0.903808 0.97929 0.995815 0.999166
 0.651202 0.903808 0.97929 0.995815 0.999166
 0.651202 0.903808 0.97929 0.995815 0.999166
 0.651202 0.903808 0.97929 0.995815 0.999166
 0.651202 0.903808 0.97929 0.995815 0.999166
 0.651202 0.903808 0.97929 0.995815 0.999166
 0.651202 0.903808 0.97929 0.995815 0.999166
 0.651202 0.903808 0.97929 0.995815 0.999166
 0.651202 0.903808 0.97929 0.995815 0.999166
 0.651202 0.903808 0.97929 0.995815 0.999166
 0.651202 0.903808 0.97929 0.995815 0.999166
 0.651202 0.903808 0.97929 0.995815 0.999166
Sel_pelaces
 0.744161 0.936055 0.986608 0.99731 0.999464
 0.744161 0.936055 0.986608 0.99731 0.999464
 0.744161 0.936055 0.986608 0.99731 0.999464
 0.744161 0.936055 0.986608 0.99731 0.999464
 0.744161 0.936055 0.986608 0.99731 0.999464
 0.744161 0.936055 0.986608 0.99731 0.999464
 0.744161 0.936055 0.986608 0.99731 0.999464
 0.744161 0.936055 0.986608 0.99731 0.999464
 0.744161 0.936055 0.986608 0.99731 0.999464
 0.744161 0.936055 0.986608 0.99731 0.999464
 0.744161 0.936055 0.986608 0.99731 0.999464
 0.744161 0.936055 0.986608 0.99731 0.999464
 0.744161 0.936055 0.986608 0.99731 0.999464
 0.744161 0.936055 0.986608 0.99731 0.999464
 0.744161 0.936055 0.986608 0.99731 0.999464
 0.744161 0.936055 0.986608 0.99731 0.999464
 0.744161 0.936055 0.986608 0.99731 0.999464
 0.744161 0.936055 0.986608 0.99731 0.999464
 0.744161 0.936055 0.986608 0.99731 0.999464
 0.744161 0.936055 0.986608 0.99731 0.999464
 0.744161 0.936055 0.986608 0.99731 0.999464
 0.744161 0.936055 0.986608 0.99731 0.999464
 0.744161 0.936055 0.986608 0.99731 0.999464
 0.744161 0.936055 0.986608 0.99731 0.999464
 0.744161 0.936055 0.986608 0.99731 0.999464
 0.744161 0.936055 0.986608 0.99731 0.999464
 0.744161 0.936055 0.986608 0.99731 0.999464
 0.744161 0.936055 0.986608 0.99731 0.999464
 0.744161 0.936055 0.986608 0.99731 0.999464
 0.744161 0.936055 0.986608 0.99731 0.999464
 0.744161 0.936055 0.986608 0.99731 0.999464
pf_obs 
 0.8446 0.082 0.0669 0.0065 0
 0.8095 0.147 0.0364 0.0071 0
 0.9664 0.0169 0.016 0.0007 0
 0.9276 0.0648 0.0075 0.0001 0
 0.7033 0.2144 0.0806 0.0017 0
 0.9318 0.0425 0.0243 0.0014 0
 0.5671 0.3108 0.0964 0.0239 0.0018
 0.0768 0.2599 0.5324 0.112 0.0189
 0.490249 0.384438 0.106611 0.0170017 0.00170017
 0.7925 0.1577 0.0466 0.003 0.0002
 0.840416 0.127587 0.0312969 0.00059994 9.999e-05
 0.8084 0.0986 0.0794 0.0134 0.0002
 0.7335 0.1905 0.0724 0.0035 0.0001
 0.4001 0.4547 0.1325 0.0127 0
 0.49795 0.308269 0.164784 0.0264974 0.00249975
 0.9179 0.0499 0.0305 0.0017 0
 0.2467 0.6533 0.0926 0.0074 0
 0.9418 0.0223 0.034 0.0019 0
 0.707729 0.231977 0.0356964 0.0245975 0
 0.517169 0.277429 0.184464 0.0207286 0.00020938
 0.811772 0.124168 0.05621 0.00726502 0.000585176
 0.764997 0.148141 0.077277 0.00933861 0.000247198
 0.163321 0.427699 0.378323 0.0303852 0.000271297
 0.753843 0.0900009 0.118128 0.0371064 0.000921714
 0.721811 0.176058 0.0630433 0.0369309 0.00215725
 0.143369 0.312575 0.442814 0.0836902 0.0175525
 0.692698 0.0596174 0.167031 0.0765114 0.00414204
 0.394062 0.376323 0.152708 0.0712218 0.00568511
 0.125707 0.32114 0.495352 0.0537591 0.00404204
 0.23352 0.215282 0.420074 0.123614 0.00750983
 0 0 0 0 0
pf_pred 
 0.449804 0.0919971 0.437846 0.0203524 7.24919e-07
 0.432064 0.266387 0.0504214 0.239973 0.0111551
 0.553095 0.20192 0.114909 0.0217498 0.108326
 0.839269 0.0920549 0.0310291 0.017658 0.0199888
 0.652849 0.295011 0.0298619 0.0100656 0.0122123
 0.689824 0.207767 0.0870274 0.00880916 0.00657191
 0.446927 0.390599 0.108831 0.0455862 0.00805682
 0.403644 0.278687 0.224348 0.0625094 0.0308109
 0.454607 0.230105 0.14734 0.118611 0.0493376
 0.622717 0.17897 0.0836695 0.0535748 0.0610685
 0.745541 0.163288 0.0432487 0.020219 0.0277039
 0.717972 0.214278 0.043476 0.0115151 0.0127597
 0.695303 0.224051 0.0612724 0.0124319 0.00694134
 0.646798 0.251955 0.0744493 0.02036 0.00643748
 0.737982 0.174977 0.0620899 0.0183467 0.00660378
 0.907355 0.0698682 0.0152102 0.00539729 0.00216887
 0.474829 0.480174 0.0339345 0.00738752 0.00367484
 0.873494 0.0626447 0.05839 0.0041265 0.0013452
 0.654671 0.304694 0.0201222 0.0187555 0.00175757
 0.631663 0.248233 0.10597 0.00699835 0.0071343
 0.745296 0.165836 0.059891 0.0255674 0.00340977
 0.745216 0.193769 0.0397265 0.0143471 0.00694158
 0.395249 0.46015 0.109972 0.0225465 0.0120822
 0.744801 0.105778 0.113693 0.0271717 0.008556
 0.648259 0.267157 0.0350599 0.0376831 0.0118418
 0.488732 0.340554 0.129661 0.0170159 0.0240363
 0.735919 0.134218 0.0865011 0.0329342 0.0104273
 0.689127 0.23345 0.0393497 0.0253602 0.0127126
 0.421032 0.408539 0.127984 0.0215726 0.0208726
 0.521426 0.210686 0.189031 0.0592182 0.0196394
 0.879797 0.0650558 0.0242778 0.0217825 0.00908695
pobs_RECLAS
 0 0 0 0 0
 0 0 0 0 0
 0 0 0 0 0
 0 0 0 0 0
 0 0 0 0 0
 0 0 0 0 0
 0 0 0 0 0
 0 0 0 0 0
 0 0 0 0 0
 0 0 0 0 0
 0.991045 0.00858322 0.000360255 1.14367e-05 0
 0.934742 0.0480273 0.0164251 0.00080598 0
 0.827803 0.169806 0.00239088 0 0
 0.941827 0.0461693 0.0120037 0 0
 0.791401 0.0380133 0.147996 0.0225897 0
 0.846168 0.0940531 0.0597789 0 0
 0.134021 0.677848 0.182769 0.00536245 0
 0.80878 0.0450904 0.141981 0.00414843 0
 0.846168 0.0940531 0.0597789 0 0
 0.905697 0.0802665 0.012482 0.00150086 5.37128e-05
 0.989698 0.0102097 9.19794e-05 0 0
 0.975433 0.0193895 0.00387452 0.00125025 5.28907e-05
 0.303575 0.632131 0.0575291 0.00676475 0
 0.966965 0.00978017 0.0227588 0.000495775 0
 0.843318 0.132988 0.00938335 0.0141283 0.000182051
 0.564624 0.303363 0.111486 0.0197234 0.00080311
 0.826376 0.0876187 0.0782897 0.00655872 0.00115652
 0.89761 0.0855135 0.0140674 0.00269457 0.000114338
 0.34875 0.467042 0.161289 0.0227151 0.000203297
 0.318654 0.224769 0.449479 0.00709798 0
 0.937255 0.0296025 0.0250945 0.00804832 0
ppred_RECLAS
 0.372262 0.0980752 0.505756 0.0239058 8.54349e-07
 0.35954 0.285419 0.0585356 0.283292 0.0132131
 0.477435 0.224434 0.138387 0.0266358 0.133108
 0.795832 0.112389 0.041047 0.0237532 0.026979
 0.590103 0.343575 0.0376821 0.0129159 0.0157233
 0.626682 0.243119 0.11034 0.0113574 0.00850149
 0.379538 0.426936 0.128891 0.0548994 0.00973548
 0.333974 0.29712 0.259163 0.0734282 0.0363145
 0.380419 0.247955 0.172029 0.140823 0.0587741
 0.549778 0.203389 0.103027 0.0670829 0.0767232
 0.687489 0.193989 0.0556712 0.0264658 0.0363853
 0.659589 0.253116 0.0556452 0.014987 0.0166626
 0.634231 0.262822 0.0778779 0.0160677 0.00900159
 0.58171 0.290995 0.0931663 0.0259086 0.00821941
 0.680174 0.207447 0.0797592 0.0239655 0.00865523
 0.881654 0.0873204 0.0205972 0.00743215 0.00299662
 0.410762 0.534706 0.0409443 0.00906395 0.00452393
 0.837232 0.0772789 0.0780458 0.00560868 0.00183453
 0.593191 0.355058 0.0254065 0.0240806 0.00226417
 0.564581 0.285448 0.132034 0.00886677 0.00906942
 0.687926 0.197028 0.0770986 0.0334687 0.00447854
 0.689945 0.230811 0.051273 0.0188295 0.00914097
 0.332041 0.497746 0.128892 0.0268715 0.0144483
 0.683052 0.124929 0.14549 0.0353578 0.0111711
 0.583207 0.309513 0.0440107 0.0481019 0.0151668
 0.418903 0.375965 0.155099 0.0206976 0.0293354
 0.674503 0.158427 0.110631 0.042832 0.0136067
 0.627158 0.27364 0.0499761 0.0327522 0.0164733
 0.354958 0.443603 0.150575 0.0258087 0.0250552
 0.446254 0.232189 0.225723 0.071906 0.0239275
 0.844849 0.0804856 0.0325445 0.0296922 0.0124283
pobs_PELACES
 0 0 0 0 0
 0 0 0 0 0
 0 0 0 0 0
 0 0 0 0 0
 0 0 0 0 0
 0 0 0 0 0
 0 0 0 0 0
 0 0 0 0 0
 0 0 0 0 0
 0 0 0 0 0
 0 0 0 0 0
 0 0 0 0 0
 0 0 0 0 0
 0 0 0 0 0
 0 0 0 0 0
 0 0 0 0 0
 0.505614 0.472636 0.0217494 0 0
 0 0 0 0 0
 0.443492 0.261883 0.143347 0.151278 0
 0.227955 0.32914 0.350689 0.0885471 0.00366901
 0.970185 0.0296113 0.000203453 0 0
 0.997202 0.00247181 0.000326279 0 0
 0.445219 0.490057 0.0546422 0.010081 0
 0.90214 0.0892962 0.00764917 0.000914606 0
 0 0 0 0 0
 0.581667 0.319106 0.0959925 0.00289975 0.000334073
 0.762889 0.0836404 0.116647 0.0363945 0.000428098
 0.88444 0.0763242 0.0277011 0.0115352 0
 0.521256 0.241999 0.230069 0.00667565 0
 0.616807 0.101726 0.260614 0.0208532 0
 0 0 0 0 0
ppred_PELACES
 0.401607 0.095711 0.480122 0.0225597 8.05272e-07
 0.387536 0.277887 0.0554387 0.266714 0.0124249
 0.507247 0.21542 0.129212 0.0247224 0.123398
 0.813996 0.103826 0.0368867 0.0212192 0.0240719
 0.61506 0.32423 0.034592 0.0117864 0.0143311
 0.652122 0.228801 0.101014 0.0103358 0.0077275
 0.406247 0.412316 0.121087 0.0512697 0.00908089
 0.360096 0.290138 0.24618 0.0693364 0.0342497
 0.40904 0.24091 0.162589 0.132307 0.0551535
 0.579194 0.193382 0.0952899 0.0616774 0.0704563
 0.710911 0.18156 0.0506854 0.0239528 0.0328908
 0.684536 0.236358 0.0505459 0.0135329 0.0150279
 0.660108 0.246219 0.0709714 0.014556 0.00814488
 0.609997 0.27372 0.0852486 0.0235663 0.00746734
 0.704616 0.193565 0.0723952 0.0216238 0.00780017
 0.892897 0.0796364 0.0182731 0.00655446 0.00263956
 0.436433 0.512776 0.0381956 0.00840535 0.00419018
 0.852641 0.0709981 0.0697499 0.00498279 0.00162785
 0.619192 0.333647 0.0232242 0.0218817 0.00205495
 0.592318 0.269867 0.121428 0.00810614 0.00828146
 0.711758 0.183961 0.0700248 0.0302178 0.00403867
 0.713288 0.21505 0.0464708 0.0169648 0.00822585
 0.356631 0.482959 0.121657 0.0252127 0.0135402
 0.708167 0.117065 0.132619 0.0320388 0.0101104
 0.609482 0.292319 0.0404337 0.0439305 0.0138349
 0.446097 0.362053 0.145291 0.0192739 0.0272848
 0.699472 0.148506 0.100878 0.0388247 0.0123189
 0.652224 0.257318 0.0457152 0.0297822 0.0149615
 0.380478 0.429924 0.141957 0.0241875 0.0234531
 0.475662 0.223629 0.21148 0.0669696 0.0222581
 0.859276 0.0740956 0.0291447 0.0264328 0.0110507
pobs_pel_tallas
 0 0 0 0 0 0 0 0 0 0 0 0 0 0 0 0 0 0 0 0 0 0 0 0 0 0
 0 0 0 0 0 0 0 0 0 0 0 0 0 0 0 0 0 0 0 0 0 0 0 0 0 0
 0 0 0 0 0 0 0 0 0 0 0 0 0 0 0 0 0 0 0 0 0 0 0 0 0 0
 0 0 0 0 0 0 0 0 0 0 0 0 0 0 0 0 0 0 0 0 0 0 0 0 0 0
 0 0 0 0 0 0 0 0 0 0 0 0 0 0 0 0 0 0 0 0 0 0 0 0 0 0
 0 0 0 0 0 0 0 0 0 0 0 0 0 0 0 0 0 0 0 0 0 0 0 0 0 0
 0 0 0 0 0 0 0 0 0 0 0 0 0 0 0 0 0 0 0 0 0 0 0 0 0 0
 0 0 0 0 0 0 0 0 0 0 0 0 0 0 0 0 0 0 0 0 0 0 0 0 0 0
 0 0 0 0 0 0 0 0 0 0 0 0 0 0 0 0 0 0 0 0 0 0 0 0 0 0
 0 0 0 0 0 0 0 0 0 0 0 0 0 0 0 0 0 0 0 0 0 0 0 0 0 0
 0 0 0 0 0 0 0 0 0 0 0 0 0 0 0 0 0 0 0 0 0 0 0 0 0 0
 0 0 0 0 0 0 0 0 0 0 0 0 0 0 0 0 0 0 0 0 0 0 0 0 0 0
 0.00862536 0 0 0.000197151 0.00414017 0.0128641 0.00837892 0.0270097 0.101434 0.158115 0.152841 0.127902 0.109271 0.109419 0.0830992 0.0579132 0.0238553 0.00714673 0.00463305 0.00128148 0.00103504 0.000492878 0.000147863 0.000147863 4.92878e-05 0
 0 0 0 0 0 0 0 0 0 0 0 0 0 0 0 0 0 0 0 0 0 0 0 0 0 0
 0 0 0 0 0 0 0 0.0054083 0.00873648 0.0413646 0.0450493 0.0745869 0.0622846 0.0627006 0.0613931 0.0827291 0.12552 0.122667 0.0946155 0.0697135 0.0546179 0.0294188 0.0215738 0.0213955 0.0102223 0.00600262
 0 0 0 0 0.00359764 0.0251062 0.0480494 0.140153 0.205849 0.193036 0.1447 0.116669 0.0760912 0.0342217 0.00950174 0.001854 0.000860785 0 0 0 0.000165536 0 0.000143464 0 0 0
 0 0 0 0 0 0 0 0.000145254 0.000435761 0.0275982 0.070085 0.0708112 0.156366 0.174668 0.174014 0.160142 0.0824315 0.0480064 0.0283245 0.00493863 0.00203355 0 0 0 0 0
 0 0 0 0 0 0 0 0 0 0 0 0 0 0 0 0 0 0 0 0 0 0 0 0 0 0
 0 0 1.00437e-05 0.000401748 0.00122533 0.00171747 0.00176769 0.0269171 0.070346 0.194647 0.189555 0.159765 0.064822 0.0314167 0.0384472 0.0292271 0.0345202 0.0313363 0.0194345 0.0106764 0.0143323 0.0359363 0.0279516 0.0138201 0.00172751 0
 0 0.0021121 0.0136068 0.0755702 0.200478 0.177729 0.0527432 0.0373336 0.0318909 0.0142505 0.0149659 0.0166563 0.0217959 0.0798694 0.0677717 0.0528807 0.04013 0.0224614 0.0357745 0.0225083 0.00881397 0.00855152 0.00135912 0.000746735 0 0
 0 0 0 0 5.4009e-05 0.00500934 0.000945158 0.0243581 0.138947 0.33067 0.221406 0.137944 0.0707744 0.0437923 0.0131692 0.00525238 0.0047753 0.00276346 9.45158e-05 9.00151e-06 2.25038e-05 9.00151e-06 4.50075e-06 0 0 0
 0.000866109 0.00284123 0.00948549 0.0512746 0.133035 0.25785 0.225252 0.132002 0.0553304 0.0519788 0.0540692 0.017754 0.00435017 0.00159236 0.00146478 0.000404838 0.000125132 0.000115318 0.000107957 0.000100596 0 0 0 0 0 0
 0 0 0 0 0.00144013 0.00171154 0.00461396 0.0210425 0.0478622 0.0707936 0.0888783 0.103762 0.0637923 0.0337046 0.0602308 0.124433 0.169614 0.0934646 0.0462172 0.0250306 0.0313229 0.00938855 0.002487 0.000210481 0 0
 0 0.00764035 0.051015 0.0998891 0.058973 0.0496711 0.0374665 0.0718981 0.12319 0.153886 0.159021 0.0857701 0.0377988 0.023471 0.0147837 0.00900784 0.00315554 0.000888139 0.00291439 0.00214683 0.00393193 0.00274676 0.000635225 9.99891e-05 0 0
 0 0 0 0 0 0 0 0 0 0 0 0 0 0 0 0 0 0 0 0 0 0 0 0 0 0
 0 0 0 0 0 0 0 0 0 0 0 0 0 0 0 0 0 0 0 0 0 0 0 0 0 0
 0 0 0 0 0 0 0 0 0 0 0 0 0 0 0 0 0 0 0 0 0 0 0 0 0 0
 0 0 0 0 0 0 0 0 0 0 0 0 0 0 0 0 0 0 0 0 0 0 0 0 0 0
 0 0 0 0 0 0 0 0 0 0 0 0 0 0 0 0 0 0 0 0 0 0 0 0 0 0
 0 0 0 0 0 0 0 0 0 0 0 0 0 0 0 0 0 0 0 0 0 0 0 0 0 0
 0 0 0 0 0 0 0 0 0 0 0 0 0 0 0 0 0 0 0 0 0 0 0 0 0 0
ppred_pel_tallas
 1.16143e-16 3.30798e-05 0.000321548 0.0021368 0.00971358 0.0302226 0.0643928 0.0939853 0.0939952 0.0644418 0.0303891 0.0102038 0.00340207 0.00319867 0.00583348 0.010466 0.0171036 0.0257219 0.0361543 0.0480643 0.0606914 0.0724982 0.0811816 0.084369 0.0807277 0.0707523
 1.30522e-16 3.19209e-05 0.000310282 0.00206194 0.00937327 0.0291639 0.0621377 0.0906975 0.0907244 0.0622692 0.0296059 0.0106517 0.00527809 0.00735648 0.0134931 0.0224794 0.0329463 0.0427361 0.0497994 0.0535147 0.0551815 0.0571067 0.0609229 0.0664182 0.0716504 0.0740892
 1.27146e-16 4.17813e-05 0.000406129 0.00269887 0.0122687 0.0381726 0.0813315 0.11871 0.118731 0.081434 0.0385171 0.0132662 0.00521205 0.00592403 0.0106161 0.0177388 0.0261634 0.0342393 0.0403552 0.0439093 0.0456909 0.0472515 0.0497476 0.0531647 0.0564068 0.0580023
 1.07293e-16 6.70478e-05 0.000651729 0.00433097 0.019688 0.0612566 0.130514 0.190491 0.190501 0.130563 0.0614217 0.0201655 0.00553213 0.0032819 0.00508638 0.00836792 0.0122063 0.0156974 0.0179826 0.0187089 0.0182437 0.0173978 0.016874 0.0168713 0.0170872 0.0170116
 1.04689e-16 5.06618e-05 0.00049245 0.00327251 0.0148764 0.0462861 0.0986185 0.143943 0.143974 0.0987711 0.0467985 0.0163562 0.00698645 0.00859792 0.0154385 0.0254281 0.0365931 0.0459555 0.0505212 0.0489294 0.0422754 0.0333816 0.0251166 0.0190603 0.0152839 0.0129922
 1.05318e-16 5.37145e-05 0.000522124 0.0034697 0.0157728 0.049075 0.10456 0.152613 0.152636 0.104669 0.0494391 0.0168257 0.00611788 0.00632032 0.0111159 0.0184231 0.0268395 0.0343876 0.0390659 0.0399183 0.0375352 0.0335187 0.0293822 0.0257894 0.0225888 0.0193612
 1.10279e-16 3.34621e-05 0.000325264 0.00216149 0.00982586 0.0305721 0.0651386 0.0950801 0.0951199 0.0653334 0.0312265 0.0117173 0.00691476 0.0107203 0.0198305 0.0328765 0.0477019 0.0607216 0.0682957 0.0687551 0.0633484 0.0552625 0.0475441 0.0415799 0.037043 0.0328718
 1.19928e-16 2.96607e-05 0.000288312 0.00191594 0.0087096 0.0270989 0.0577382 0.0842765 0.0843048 0.0578767 0.0275649 0.01006 0.00532267 0.00778158 0.014427 0.0242412 0.035948 0.0473838 0.0563319 0.0617631 0.0643017 0.065434 0.066155 0.0662308 0.0645766 0.0602388
 1.27356e-16 3.36922e-05 0.0003275 0.00217635 0.0098934 0.0307822 0.0655855 0.0957289 0.0957524 0.0657003 0.0311685 0.0110125 0.00499857 0.00653245 0.01195 0.0200563 0.0297415 0.0392532 0.0468726 0.0519612 0.0553246 0.0584615 0.062282 0.0663421 0.0691151 0.0689476
 1.20908e-16 4.77075e-05 0.000463734 0.00308168 0.0140089 0.0435869 0.0928671 0.135546 0.135565 0.0929589 0.0438956 0.0149024 0.00533185 0.00540038 0.00949713 0.0158245 0.0232755 0.0303323 0.0355233 0.0382986 0.0393798 0.0401923 0.0418119 0.0442528 0.0465487 0.0474071
 1.09478e-16 5.85568e-05 0.000569193 0.00378249 0.0171947 0.0534991 0.113986 0.16637 0.166387 0.114072 0.0537872 0.0180277 0.00587632 0.00514916 0.00878428 0.0145039 0.021069 0.0268935 0.0304189 0.0309788 0.0292032 0.0265619 0.0244092 0.0232746 0.022824 0.0223195
 1.0542e-16 5.63844e-05 0.000548076 0.00364216 0.0165567 0.0515143 0.109757 0.160199 0.160222 0.109869 0.0518887 0.0176386 0.00635928 0.00648485 0.0113471 0.0187117 0.0270496 0.0342315 0.0381277 0.0377687 0.0339131 0.0284996 0.0234394 0.0196949 0.0171843 0.015296
 1.0495e-16 5.43723e-05 0.000528518 0.00351219 0.0159659 0.049676 0.105841 0.154483 0.154507 0.105957 0.0500666 0.0170948 0.00634884 0.00673055 0.0118614 0.0195973 0.0283991 0.0360778 0.0404302 0.0404318 0.0368116 0.0314835 0.0263165 0.0222268 0.019126 0.0164724
 1.06158e-16 5.02447e-05 0.000488397 0.00324557 0.0147539 0.045905 0.0978065 0.142757 0.142783 0.0979358 0.0463395 0.0160098 0.00640192 0.00739146 0.013198 0.0218381 0.0316858 0.0403354 0.0453586 0.0456289 0.0419501 0.0364154 0.0310419 0.0267752 0.0234548 0.0204494
 1.05628e-16 5.80383e-05 0.000564153 0.003749 0.0170424 0.0530253 0.112977 0.164897 0.164916 0.113068 0.053333 0.0179321 0.00598596 0.00545995 0.0093929 0.0155335 0.0225995 0.0289027 0.032756 0.0333795 0.0313278 0.0280251 0.0248051 0.0222305 0.0201026 0.0179372
 1.01652e-16 7.35467e-05 0.0007149 0.00475076 0.0215963 0.0671941 0.143164 0.208954 0.208962 0.143202 0.0673203 0.021961 0.00566675 0.00271661 0.00388145 0.00631708 0.00913246 0.0115689 0.0129069 0.0128186 0.0115538 0.00975512 0.00805338 0.00676201 0.00585083 0.00512263
 1.02786e-16 3.59485e-05 0.000349433 0.0023221 0.010556 0.0328438 0.0699791 0.102147 0.102196 0.0702203 0.0336535 0.0128939 0.00818793 0.0131455 0.0243112 0.0400642 0.0575455 0.0720179 0.0786747 0.0752987 0.0635984 0.0480859 0.0334337 0.0223504 0.0151886 0.0109001
 1.02807e-16 7.0231e-05 0.00068267 0.00453658 0.0206226 0.0641647 0.13671 0.199534 0.199541 0.136744 0.064279 0.0209537 0.00537213 0.00252146 0.00360566 0.00596222 0.00884329 0.0116634 0.0138564 0.0151305 0.0155796 0.0155062 0.015122 0.0144011 0.0131869 0.0114111
 1.03298e-16 5.10021e-05 0.000495759 0.00329449 0.0149763 0.046597 0.099281 0.14491 0.144942 0.099438 0.0471239 0.0164978 0.00711211 0.00882463 0.0158546 0.0260931 0.0374989 0.0469855 0.0514508 0.049485 0.0422291 0.0326268 0.0236872 0.017094 0.0129612 0.0104891
 1.05788e-16 4.87885e-05 0.000474241 0.0031515 0.0143263 0.0445745 0.0949717 0.138619 0.138646 0.0950995 0.045004 0.0155683 0.00627538 0.00731415 0.0130989 0.0217335 0.0316645 0.040569 0.0460815 0.0470639 0.0441985 0.0393616 0.0343337 0.0299092 0.0259397 0.0219724
 1.05782e-16 5.86266e-05 0.000569871 0.003787 0.0172151 0.0535628 0.114122 0.166568 0.166586 0.114209 0.0538553 0.018061 0.00591412 0.00522617 0.0089396 0.014786 0.0215304 0.0275769 0.0313359 0.0320793 0.0303387 0.0274557 0.0246655 0.0224527 0.0205742 0.0185304
 1.0449e-16 5.87526e-05 0.000571097 0.00379514 0.0172522 0.053678 0.114367 0.166927 0.166948 0.114469 0.0540187 0.0182366 0.00626763 0.00597357 0.010334 0.0170309 0.0246227 0.0311675 0.0347271 0.0344172 0.0309207 0.0259895 0.0213476 0.017859 0.0154482 0.0135733
 1.08455e-16 2.93753e-05 0.000285539 0.00189751 0.00862582 0.0268384 0.0571837 0.0834711 0.0835177 0.0574117 0.0276039 0.0108381 0.0074549 0.0124315 0.0231385 0.0383154 0.0554482 0.0702662 0.0784166 0.077876 0.0701043 0.058939 0.0481707 0.0397249 0.0335157 0.0284952
 1.08782e-16 5.83308e-05 0.000566996 0.00376789 0.0171283 0.0532925 0.113546 0.165726 0.165737 0.113602 0.0534816 0.017677 0.00515447 0.00362489 0.00595698 0.00999484 0.0149532 0.0199835 0.0242389 0.0273066 0.0293575 0.0308174 0.0318579 0.0321789 0.0312484 0.0287436
 1.07989e-16 5.02023e-05 0.000487984 0.00324283 0.0147414 0.0458663 0.097724 0.142637 0.142665 0.0978617 0.0463288 0.0160776 0.00659768 0.00781475 0.013975 0.0230527 0.033278 0.042024 0.0466682 0.0460568 0.0412125 0.0346374 0.0287715 0.0247989 0.0225023 0.0209274
 1.10836e-16 3.67445e-05 0.00035717 0.00237352 0.0107897 0.0335709 0.0715277 0.104404 0.104439 0.0716991 0.0341467 0.0124545 0.00655988 0.00952072 0.0175126 0.0290841 0.0423397 0.0541824 0.0614571 0.0626905 0.0588932 0.0527015 0.0465983 0.0416562 0.0375546 0.0334497
 1.08928e-16 5.76147e-05 0.000560035 0.00372163 0.016918 0.0526382 0.112152 0.163692 0.163706 0.112223 0.052876 0.0176064 0.00545642 0.00436984 0.00736035 0.0122544 0.0180668 0.0236097 0.0277065 0.0298238 0.0303325 0.0301104 0.0298246 0.0294996 0.0286549 0.0267796
 1.06904e-16 5.37228e-05 0.000522205 0.00347024 0.0157752 0.0490827 0.104577 0.152638 0.152663 0.104698 0.0494901 0.0169523 0.00642632 0.00697998 0.0123323 0.0203416 0.0293934 0.0371773 0.0413872 0.0409957 0.0368717 0.0311712 0.0259978 0.0223751 0.0201342 0.018494
 1.10602e-16 3.13396e-05 0.000304632 0.00202439 0.00920259 0.0286329 0.061007 0.0890502 0.0890917 0.0612102 0.0293155 0.011176 0.00698428 0.0111536 0.020699 0.0343362 0.0498498 0.063509 0.0715106 0.0720853 0.066485 0.0579773 0.0497096 0.0431545 0.03806 0.0334395
 1.16643e-16 3.91797e-05 0.000380841 0.00253082 0.0115048 0.0357957 0.0762674 0.111319 0.111341 0.0763743 0.0361557 0.0125484 0.0051654 0.00618174 0.0112025 0.0188432 0.0280477 0.0371884 0.0446056 0.049527 0.0523944 0.0542374 0.0556453 0.0562486 0.055079 0.0513768
 1.05382e-16 7.07775e-05 0.000687982 0.00457188 0.0207831 0.064664 0.137774 0.201086 0.201094 0.137809 0.064782 0.0211245 0.00543082 0.00257006 0.0036663 0.00600613 0.00878359 0.0113487 0.0131021 0.0138021 0.0137073 0.0133719 0.01325 0.013424 0.0136249 0.0134647
pSPR Fmed_Fpbrs
0.753452   0.185869 0.185869
Fs Fmed_Fpbrs
0.13852   1.005 1.005
SSBpbr Bo_Bmed_Bpbrs
2.49947e+06  1.75826e+06  339601 339601
Ro
256002
SPR SPRFo_SPRFmed_SPRFpbrs
1.8229e+06 1.37347e+06 338821
Fref
1.005
log_Ro
12.2729
likeval ReclasPelacesDesembMPH_pf_preclas_ppelaces_ptallas_desvR_qrecl_qpela
 30.7899 17.8757 0.267863 0.00341695 232.006 131.548 82.8149 0 19.6396 0 0 1.34857 0 0 0
q_reclas_q_pelaces
1 1
M
1
N
 276104 52561.8 250160 11628.2 0.414176
 163964 94259.6 17841.3 84913.1 3947.16
 155339 52867 30085.5 5694.55 28362.2
 492953 50421.2 16995.5 9671.82 10948.5
 376907 158351 16028.8 5402.84 6555.13
 475475 133330 55847.7 5653.07 4217.37
 197265 160968 44850.1 18786.3 3320.27
 94823.2 60847.1 48982.9 13647.9 6727.08
 71911.9 33924.5 21722.4 17486.9 7273.87
 87684.4 23521.5 10996.4 7041.19 8026.05
 134209 27340.7 7241.5 3385.44 4638.71
 167579 46846.1 9504.88 2517.48 2789.56
 153592 46337.9 12672.3 2571.15 1435.6
 117775 43117.1 12740.5 3484.22 1101.65
 130160 28871.8 10245 3027.27 1089.64
 520822 37528.5 8169.91 2899.06 1164.97
 157740 148873 10521 2290.42 1139.34
 736657 49335.9 45985.1 3249.83 1059.41
 518402 225856 14915.7 13902.6 1302.81
 398323 146363 62482.3 4126.37 4206.53
 563377 117018 42260.8 18041.1 2406.03
 719715 174960 35870.4 12954.5 6267.78
 195498 212187 50711 10396.8 5571.43
 478727 63349 68088.8 16272.7 5124.05
 411647 158085 20746.1 22298.3 7007.2
 208662 135388 51547.1 6764.7 9555.69
 413903 70326.9 45324.4 17256.7 5463.66
 434971 137222 23129.7 14906.7 7472.46
 161669 146097 45768.2 7714.56 7464.22
 143851 54173.8 48605.7 15226.8 5049.89
 683639 47015.8 17545.6 15742.2 6567.14
pred_Ctot
 12643.4 2585.91 12307.2 572.079 0.0203765
 12943.2 7980.04 1510.45 7188.76 334.168
 11674 4261.85 2425.33 459.064 2286.4
 39953.6 4382.29 1477.15 840.613 951.572
 9182.22 4149.28 420.002 141.571 171.764
 24132.1 7268.29 3044.47 308.17 229.904
 20434.5 17859.1 4976.03 2084.31 368.377
 1651.63 1140.33 917.985 255.775 126.072
 5089.06 2575.89 1649.38 1327.78 552.307
 8562.89 2460.99 1150.53 736.699 839.743
 4360.12 954.951 252.93 118.246 162.02
 26926.3 8036.13 1630.5 431.856 478.53
 23512.5 7576.55 2072 420.4 234.73
 25667.6 9998.62 2954.46 807.97 255.466
 18148.9 4303.14 1526.95 451.193 162.404
 74940.2 5770.55 1256.24 445.772 179.131
 15136.5 15306.9 1081.76 235.498 117.146
 78733.8 5646.58 5263.07 371.948 121.252
 77857.5 36236 2393.05 2230.51 209.021
 51655.4 20299.7 8665.92 572.302 583.42
 56263.8 12519.2 4521.28 1930.13 257.41
 91994.4 23920.1 4904.11 1771.1 856.914
 14880.7 17324.1 4140.32 848.85 454.882
 31252.5 4438.55 4770.65 1140.15 359.018
 27829.8 11469 1505.12 1617.74 508.37
 11137.7 7760.86 2954.85 387.774 547.763
 26072.3 4755.1 3064.58 1166.8 369.421
 24097 8163.14 1375.96 886.78 444.527
 9177.98 8905.63 2789.89 470.256 454.996
 10243.4 4138.93 3713.53 1163.34 385.817
 21247.8 1571.15 586.33 526.066 219.457
F
 0.0747241 0.0804714 0.0804714 0.0804714 0.0804714
 0.131866 0.142009 0.142009 0.142009 0.142009
 0.125198 0.134828 0.134828 0.134828 0.134828
 0.135598 0.146027 0.146027 0.146027 0.146027
 0.0391741 0.0421871 0.0421871 0.0421871 0.0421871
 0.0831067 0.0894987 0.0894987 0.0894987 0.0894987
 0.176185 0.189736 0.189736 0.189736 0.189736
 0.0278769 0.030021 0.030021 0.030021 0.030021
 0.117527 0.126566 0.126566 0.126566 0.126566
 0.165368 0.178087 0.178087 0.178087 0.178087
 0.0525298 0.0565701 0.0565701 0.0565701 0.0565701
 0.285494 0.307453 0.307453 0.307453 0.307453
 0.270377 0.291173 0.291173 0.291173 0.291173
 0.405908 0.437127 0.437127 0.437127 0.437127
 0.243666 0.262407 0.262407 0.262407 0.262407
 0.252316 0.271723 0.271723 0.271723 0.271723
 0.162292 0.174775 0.174775 0.174775 0.174775
 0.182226 0.196241 0.196241 0.196241 0.196241
 0.264658 0.285014 0.285014 0.285014 0.285014
 0.224932 0.242232 0.242232 0.242232 0.242232
 0.169391 0.18242 0.18242 0.18242 0.18242
 0.221389 0.238416 0.238416 0.238416 0.238416
 0.126894 0.136653 0.136653 0.136653 0.136653
 0.107995 0.116301 0.116301 0.116301 0.116301
 0.112023 0.120639 0.120639 0.120639 0.120639
 0.0875621 0.0942968 0.0942968 0.0942968 0.0942968
 0.104036 0.112037 0.112037 0.112037 0.112037
 0.0910086 0.0980084 0.0980084 0.0980084 0.0980084
 0.0933511 0.100531 0.100531 0.100531 0.100531
 0.118295 0.127394 0.127394 0.127394 0.127394
 0.0502064 0.0540679 0.0540679 0.0540679 0.0540679
nmprior
 8 9 7.5 0
nm_flota  nm_reclas  nm_pelaces    nm_pelaL
inf 10.2462 12.6959 21.1056
cv_recla  cv_pelaces  cv_mph
0.501913 0.497503 1.80395
 ------------------------------------------------
Talla a la edad & desviación 
 8 13.2811 15.8009 17.003 17.5766
 0.8 1.32811 1.58009 1.7003 1.75766
