years
 1991 1992 1993 1994 1995 1996 1997 1998 1999 2000 2001 2002 2003 2004 2005 2006 2007 2008 2009 2010 2011 2012 2013 2014 2015 2016 2017 2018 2019 2020 2021
reclasobs
 0 0 0 0 0 0 0 0 0 252601 567819 844713 477998 351125 339783 2.1784e+06 2.13404e+06 4.81314e+06 1.55562e+06 2.62356e+06 3.21686e+06 3.843e+06 1.13348e+06 3.07943e+06 1.97215e+06 2.03268e+06 2.025e+06 2.42433e+06 2.27542e+06 1.05018e+06 2.36338e+06
reclaspred
 2.77113e+06 1.11539e+06 566888 295710 75591.2 1.12936e+06 499831 216174 57981.5 172575 300527 487237 441785 306282 250310 1.19341e+06 855057 3.05559e+06 2.35014e+06 1.28987e+06 2.50846e+06 2.26762e+06 1.40999e+06 2.56922e+06 1.75109e+06 1.19175e+06 1.74932e+06 2.3842e+06 1.76987e+06 755172 609486
pelacesobs
 0 0 0 0 0 0 0 0 0 0 0 0 0 0 0 552880 188675 0 991730 2.46772e+06 1.41603e+06 1.21717e+06 2.29649e+06 1.80582e+06 0 1.4828e+06 1.56532e+06 1.57751e+06 1.42118e+06 867257 0
pelacespred
 1.34915e+06 577423 262731 88784.2 24399 506339 178550 102423 14184.9 65583 133113 182962 181985 125098 103468 458710 329837 1.43891e+06 1.0936e+06 574493 1.08328e+06 1.00254e+06 626037 1.29773e+06 845873 570003 964251 1.27944e+06 790947 398497 283244
mphobs
 0 0 0 0 0 0 0 0 0 0 0 498337 0 5186 125008 0 168611 109162 213762 579715 649985 157893 87575 83554 0 0 0 0 0 0 0
mphpred
 2.90404e+06 1.46398e+06 452636 299500 98650.2 25541.5 624402 212587 77942.7 9991.76 69648.4 201942 251685 181521 96649.4 104430 764529 493661 1.79603e+06 1.17033e+06 873925 1.289e+06 1.34796e+06 849981 1.44311e+06 1.03377e+06 642804 908514 1.66099e+06 930709 303877
desembarqueobs
 494567 514787 250237 358949 120608 361735 552515 73892 212993 205616 52469 317467 293654 387597 252695 516296 358380 742168 942051 627588 828172 859565 418607 520667 417249 300574 407403 355545 319650 289779 219260
desembarquepred
 494541 515050 249383 358870 120556 361590 551893 73872.6 212716 205484 52464.2 317284 293458 387140 252493 516029 358292 741862 941160 626889 827830 859027 418442 520535 417075 300439 407258 355439 319536 289629 219212
Reclutas
 24292.5 15677.7 175376 19985.5 8512.31 330983 17833.1 4612.77 13580.3 74229.9 76038.5 135652 91611.5 69076.4 53507.1 444778 21515 825340 315814 161541 432184 591630 29982 340874 207927 54916.5 270626 356110 28868.8 14605 98235.8
log_desv_Rt
 -1.17125 -1.60918 0.805516 -1.36641 -2.2199 1.44065 -1.48036 -2.83259 -1.75279 -0.0542473 -0.0301751 0.548676 0.156142 -0.126202 -0.3816 1.73616 -1.29267 2.35438 1.39374 0.723344 1.70744 2.02147 -0.960819 1.4701 0.97577 -0.355601 1.23932 1.51382 -0.998653 -1.68005 0.225956
SSB
 2.90404e+06 1.46398e+06 452636 299500 98650.2 25541.5 624402 212587 77942.7 9991.76 69648.4 201942 251685 181521 96649.4 104430 764529 493661 1.79603e+06 1.17033e+06 873925 1.289e+06 1.34796e+06 849981 1.44311e+06 1.03377e+06 642804 908514 1.66099e+06 930709 303877
BT
 3.55983e+06 1.88491e+06 850144 477573 164384 1.48801e+06 900318 305642 235346 348184 350342 683293 684810 692039 491204 1.46626e+06 1.04356e+06 3.98782e+06 3.41205e+06 1.91609e+06 3.20017e+06 3.08699e+06 1.80748e+06 3.48621e+06 2.3405e+06 1.59095e+06 2.65164e+06 3.30119e+06 2.09012e+06 1.22842e+06 859551
Ftot
 0.169371 0.426895 0.435904 1.04783 1.3249 0.347916 0.956756 0.323896 2.55087 1.17427 0.186399 0.645687 0.64617 1.16971 0.981557 0.460674 0.392595 0.260041 0.390475 0.466931 0.337498 0.381705 0.280925 0.212229 0.234717 0.244056 0.243626 0.157218 0.171813 0.359445 0.367435
BD_Bspro_t
 0.973265 0.789148 0.52 0.448706 0.18589 0.0778174 0.552928 0.26021 0.150633 0.0316194 0.213734 0.500952 0.417135 0.307382 0.189034 0.208446 0.530698 0.41874 0.656618 0.522025 0.413954 0.507244 0.541167 0.467624 0.626525 0.60555 0.557404 0.665141 0.764494 0.647338 0.474901
BD_Bspro
 5.20407 2.62348 0.811131 0.536708 0.176783 0.0457707 1.11894 0.380959 0.139674 0.0179054 0.124811 0.361882 0.451023 0.325288 0.173197 0.18714 1.37005 0.884647 3.21851 2.09724 1.56609 2.3099 2.41557 1.52318 2.58607 1.85253 1.15191 1.62807 2.97651 1.66784 0.544552
BD_Bo
 1.63139 0.822414 0.254275 0.168249 0.0554183 0.0143483 0.350767 0.119424 0.0437855 0.00561303 0.0391261 0.113444 0.141388 0.101972 0.0542943 0.0586651 0.429486 0.277322 1.00895 0.657449 0.490941 0.724114 0.757239 0.47749 0.810687 0.580737 0.361105 0.510372 0.933084 0.52284 0.170708
BD_Brms
 10.8773 5.48348 1.69539 1.1218 0.369504 0.095668 2.33876 0.796266 0.291942 0.0374251 0.260875 0.756391 0.94271 0.679903 0.36201 0.391152 2.86362 1.84905 6.7272 4.38357 3.27337 4.82807 5.04892 3.18369 5.40529 3.87209 2.40769 3.40292 6.22138 3.48606 1.1382
Sel_flota
 0.855769 1 1 1 1
 0.855769 1 1 1 1
 0.855769 1 1 1 1
 0.855769 1 1 1 1
 0.855769 1 1 1 1
 0.855769 1 1 1 1
 0.855769 1 1 1 1
 0.855769 1 1 1 1
 0.855769 1 1 1 1
 0.855769 1 1 1 1
 0.855769 1 1 1 1
 0.855769 1 1 1 1
 0.855769 1 1 1 1
 0.855769 1 1 1 1
 0.855769 1 1 1 1
 0.855769 1 1 1 1
 0.855769 1 1 1 1
 0.855769 1 1 1 1
 0.855769 1 1 1 1
 0.855769 1 1 1 1
 0.855769 1 1 1 1
 0.855769 1 1 1 1
 0.855769 1 1 1 1
 0.855769 1 1 1 1
 0.855769 1 1 1 1
 0.855769 1 1 1 1
 0.855769 1 1 1 1
 0.855769 1 1 1 1
 0.855769 1 1 1 1
 0.855769 1 1 1 1
 0.855769 1 1 1 1
Sel_reclas
 1 1 1 1 1
 1 1 1 1 1
 1 1 1 1 1
 1 1 1 1 1
 1 1 1 1 1
 1 1 1 1 1
 1 1 1 1 1
 1 1 1 1 1
 1 1 1 1 1
 1 1 1 1 1
 1 1 1 1 1
 1 1 1 1 1
 1 1 1 1 1
 1 1 1 1 1
 1 1 1 1 1
 1 1 1 1 1
 1 1 1 1 1
 1 1 1 1 1
 1 1 1 1 1
 1 1 1 1 1
 1 1 1 1 1
 1 1 1 1 1
 1 1 1 1 1
 1 1 1 1 1
 1 1 1 1 1
 1 1 1 1 1
 1 1 1 1 1
 1 1 1 1 1
 1 1 1 1 1
 1 1 1 1 1
 1 1 1 1 1
Sel_pelaces
 1 1 1 1 1
 1 1 1 1 1
 1 1 1 1 1
 1 1 1 1 1
 1 1 1 1 1
 1 1 1 1 1
 1 1 1 1 1
 1 1 1 1 1
 1 1 1 1 1
 1 1 1 1 1
 1 1 1 1 1
 1 1 1 1 1
 1 1 1 1 1
 1 1 1 1 1
 1 1 1 1 1
 1 1 1 1 1
 1 1 1 1 1
 1 1 1 1 1
 1 1 1 1 1
 1 1 1 1 1
 1 1 1 1 1
 1 1 1 1 1
 1 1 1 1 1
 1 1 1 1 1
 1 1 1 1 1
 1 1 1 1 1
 1 1 1 1 1
 1 1 1 1 1
 1 1 1 1 1
 1 1 1 1 1
 1 1 1 1 1
pf_obs 
 0.8446 0.082 0.0669 0.0065 0
 0.8095 0.147 0.0364 0.0071 0
 0.9664 0.0169 0.016 0.0007 0
 0.9276 0.0648 0.0075 0.0001 0
 0.7033 0.2144 0.0806 0.0017 0
 0.9318 0.0425 0.0243 0.0014 0
 0.5671 0.3108 0.0964 0.0239 0.0018
 0.0768 0.2599 0.5324 0.112 0.0189
 0.490249 0.384438 0.106611 0.0170017 0.00170017
 0.7925 0.1577 0.0466 0.003 0.0002
 0.840416 0.127587 0.0312969 0.00059994 9.999e-05
 0.8084 0.0986 0.0794 0.0134 0.0002
 0.7335 0.1905 0.0724 0.0035 0.0001
 0.4001 0.4547 0.1325 0.0127 0
 0.49795 0.308269 0.164784 0.0264974 0.00249975
 0.9179 0.0499 0.0305 0.0017 0
 0.2467 0.6533 0.0926 0.0074 0
 0.9418 0.0223 0.034 0.0019 0
 0.707729 0.231977 0.0356964 0.0245975 0
 0.517169 0.277429 0.184464 0.0207286 0.00020938
 0.811772 0.124168 0.05621 0.00726502 0.000585176
 0.764997 0.148141 0.077277 0.00933861 0.000247198
 0.163321 0.427699 0.378323 0.0303852 0.000271297
 0.753843 0.0900009 0.118128 0.0371064 0.000921714
 0.721811 0.176058 0.0630433 0.0369309 0.00215725
 0.143369 0.312575 0.442814 0.0836902 0.0175525
 0.692698 0.0596174 0.167031 0.0765114 0.00414204
 0.394062 0.376323 0.152708 0.0712218 0.00568511
 0.125707 0.32114 0.495352 0.0537591 0.00404204
 0.23352 0.215282 0.420074 0.123614 0.00750983
 0 0 0 0 0
pf_pred 
 0.103489 0.229076 0.592641 0.0747921 1.45272e-06
 0.176254 0.0991686 0.185144 0.478984 0.0604496
 0.887882 0.0231101 0.0107154 0.0200053 0.0582872
 0.268674 0.662448 0.0141973 0.00658286 0.0480978
 0.454008 0.175561 0.335542 0.00719122 0.0276968
 0.993398 0.00346533 0.00100855 0.0019276 0.000200422
 0.149816 0.84552 0.00244833 0.000712563 0.00150349
 0.203482 0.146404 0.646547 0.00187218 0.00169456
 0.700345 0.0704006 0.0421381 0.18609 0.00102658
 0.989406 0.0082831 0.000542988 0.000325004 0.0014432
 0.867144 0.131777 0.000843868 5.53187e-05 0.000180141
 0.816963 0.162119 0.0207484 0.000132868 3.70734e-05
 0.705311 0.249558 0.0399728 0.00511583 4.19015e-05
 0.707079 0.219051 0.0625572 0.01002 0.0012929
 0.796404 0.154586 0.0366501 0.0104666 0.0018928
 0.974559 0.0212089 0.00321313 0.000761784 0.000256895
 0.143134 0.838877 0.0149973 0.00227209 0.000720335
 0.95517 0.00753574 0.0365116 0.00065275 0.000130243
 0.522379 0.459574 0.00303368 0.0146985 0.000315211
 0.492713 0.288885 0.210149 0.00138721 0.00686534
 0.836777 0.0884533 0.0425793 0.0309742 0.00121636
 0.788913 0.181647 0.015954 0.00767987 0.0058061
 0.119698 0.720721 0.137325 0.0120612 0.0101954
 0.826628 0.0242754 0.122068 0.0232586 0.00376958
 0.594547 0.344706 0.00850587 0.0427715 0.00947042
 0.326415 0.428522 0.208346 0.00514109 0.0315759
 0.839987 0.0586329 0.064496 0.0313577 0.00552619
 0.766448 0.201404 0.0117799 0.0129579 0.00741033
 0.14772 0.677873 0.1504 0.00879672 0.0152101
 0.191726 0.137808 0.533265 0.118315 0.0188855
 0.82856 0.0381333 0.0227283 0.0879499 0.0226282
pobs_RECLAS
 0 0 0 0 0
 0 0 0 0 0
 0 0 0 0 0
 0 0 0 0 0
 0 0 0 0 0
 0 0 0 0 0
 0 0 0 0 0
 0 0 0 0 0
 0 0 0 0 0
 0 0 0 0 0
 0.991045 0.00858322 0.000360255 1.14367e-05 0
 0.934742 0.0480273 0.0164251 0.00080598 0
 0.827803 0.169806 0.00239088 0 0
 0.941827 0.0461693 0.0120037 0 0
 0.791401 0.0380133 0.147996 0.0225897 0
 0.846168 0.0940531 0.0597789 0 0
 0.134021 0.677848 0.182769 0.00536245 0
 0.80878 0.0450904 0.141981 0.00414843 0
 0.846168 0.0940531 0.0597789 0 0
 0.905697 0.0802665 0.012482 0.00150086 5.37128e-05
 0.989698 0.0102097 9.19794e-05 0 0
 0.975433 0.0193895 0.00387452 0.00125025 5.28907e-05
 0.303575 0.632131 0.0575291 0.00676475 0
 0.966965 0.00978017 0.0227588 0.000495775 0
 0.843318 0.132988 0.00938335 0.0141283 0.000182051
 0.564624 0.303363 0.111486 0.0197234 0.00080311
 0.826376 0.0876187 0.0782897 0.00655872 0.00115652
 0.89761 0.0855135 0.0140674 0.00269457 0.000114338
 0.34875 0.467042 0.161289 0.0227151 0.000203297
 0.318654 0.224769 0.449479 0.00709798 0
 0.937255 0.0296025 0.0250945 0.00804832 0
ppred_RECLAS
 0.1191 0.225088 0.582321 0.0734898 1.42742e-06
 0.201131 0.0961738 0.179553 0.464519 0.0586241
 0.903101 0.019973 0.00926087 0.0172897 0.050375
 0.305288 0.629282 0.0134865 0.00625329 0.0456898
 0.501033 0.160441 0.306643 0.00657185 0.0253113
 0.994375 0.00295252 0.000859303 0.00164234 0.000170763
 0.173679 0.821788 0.00237961 0.000692562 0.00146129
 0.230766 0.141389 0.6244 0.00180805 0.00163651
 0.748852 0.0590045 0.035317 0.155966 0.000860403
 0.991164 0.00690809 0.000452851 0.000271053 0.00120362
 0.884348 0.114713 0.000734594 4.81553e-05 0.000156814
 0.840717 0.14108 0.0180558 0.000115625 3.22622e-05
 0.738927 0.221091 0.0354131 0.00453226 3.71218e-05
 0.743527 0.191794 0.0547731 0.00877324 0.00113202
 0.823611 0.133929 0.0317525 0.00906798 0.00163987
 0.978311 0.018081 0.00273925 0.000649435 0.000219008
 0.164173 0.818279 0.0146291 0.0022163 0.000702648
 0.961526 0.00646726 0.0313346 0.000560197 0.000111776
 0.562554 0.420917 0.0027785 0.0134622 0.000288697
 0.533546 0.265632 0.193234 0.00127555 0.00631272
 0.857585 0.0771771 0.0371512 0.0270256 0.00106129
 0.814599 0.159544 0.0140127 0.00674536 0.0050996
 0.137598 0.706066 0.134532 0.0118159 0.00998805
 0.848213 0.0212531 0.106871 0.0203629 0.00330026
 0.632255 0.312647 0.0077148 0.0387936 0.00858964
 0.36235 0.405661 0.197231 0.00486682 0.0298913
 0.860253 0.0512071 0.0563276 0.0273862 0.0048263
 0.793513 0.178064 0.0104148 0.0114562 0.00655157
 0.168752 0.661145 0.146688 0.00857964 0.0148347
 0.217979 0.133332 0.515944 0.114472 0.0182721
 0.850301 0.0332975 0.0198461 0.0767966 0.0197586
pobs_PELACES
 0 0 0 0 0
 0 0 0 0 0
 0 0 0 0 0
 0 0 0 0 0
 0 0 0 0 0
 0 0 0 0 0
 0 0 0 0 0
 0 0 0 0 0
 0 0 0 0 0
 0 0 0 0 0
 0 0 0 0 0
 0 0 0 0 0
 0 0 0 0 0
 0 0 0 0 0
 0 0 0 0 0
 0 0 0 0 0
 0.505614 0.472636 0.0217494 0 0
 0 0 0 0 0
 0.443492 0.261883 0.143347 0.151278 0
 0.227955 0.32914 0.350689 0.0885471 0.00366901
 0.970185 0.0296113 0.000203453 0 0
 0.997202 0.00247181 0.000326279 0 0
 0.445219 0.490057 0.0546422 0.010081 0
 0.90214 0.0892962 0.00764917 0.000914606 0
 0 0 0 0 0
 0.581667 0.319106 0.0959925 0.00289975 0.000334073
 0.762889 0.0836404 0.116647 0.0363945 0.000428098
 0.88444 0.0763242 0.0277011 0.0115352 0
 0.521256 0.241999 0.230069 0.00667565 0
 0.616807 0.101726 0.260614 0.0208532 0
 0 0 0 0 0
ppred_PELACES
 0.119948 0.224871 0.581761 0.073419 1.42605e-06
 0.204415 0.0957783 0.178814 0.462609 0.058383
 0.904902 0.0196019 0.0090888 0.0169684 0.049439
 0.315967 0.619609 0.0132792 0.00615717 0.0449875
 0.516792 0.155374 0.296958 0.0063643 0.0245119
 0.994467 0.0029043 0.000845268 0.00161552 0.000167974
 0.180312 0.815191 0.00236051 0.000687003 0.00144956
 0.233514 0.140884 0.62217 0.00180159 0.00163067
 0.77099 0.0538033 0.0322039 0.142218 0.00078456
 0.991641 0.00653572 0.000428441 0.000256442 0.00113875
 0.885252 0.113816 0.00072885 4.77788e-05 0.000155588
 0.844789 0.137473 0.0175941 0.000112668 3.14373e-05
 0.744816 0.216104 0.0346142 0.00443002 3.62844e-05
 0.753999 0.183963 0.0525367 0.00841502 0.0010858
 0.830295 0.128853 0.0305492 0.00872432 0.00157772
 0.978772 0.0176971 0.00268111 0.00063565 0.000214359
 0.166753 0.815753 0.0145839 0.00220946 0.000700479
 0.961981 0.00639073 0.0309638 0.000553568 0.000110454
 0.567122 0.416521 0.00274949 0.0133216 0.000285682
 0.539073 0.262485 0.190944 0.00126044 0.00623793
 0.859536 0.07612 0.0366423 0.0266554 0.00104676
 0.817327 0.157196 0.0138065 0.00664611 0.00502456
 0.139192 0.704761 0.134284 0.0117941 0.00996958
 0.849509 0.0210716 0.105958 0.020189 0.00327208
 0.634848 0.310442 0.00766039 0.03852 0.00852906
 0.365038 0.403951 0.196399 0.0048463 0.0297653
 0.861641 0.0506984 0.0557681 0.0271142 0.00477836
 0.794737 0.177009 0.0103531 0.0113884 0.00651275
 0.169902 0.660231 0.146485 0.00856777 0.0148142
 0.220909 0.132833 0.514011 0.114044 0.0182036
 0.852514 0.0328053 0.0195528 0.0756616 0.0194666
pobs_pel_tallas
 0 0 0 0 0 0 0 0 0 0 0 0 0 0 0 0 0 0 0 0 0 0 0 0 0 0
 0 0 0 0 0 0 0 0 0 0 0 0 0 0 0 0 0 0 0 0 0 0 0 0 0 0
 0 0 0 0 0 0 0 0 0 0 0 0 0 0 0 0 0 0 0 0 0 0 0 0 0 0
 0 0 0 0 0 0 0 0 0 0 0 0 0 0 0 0 0 0 0 0 0 0 0 0 0 0
 0 0 0 0 0 0 0 0 0 0 0 0 0 0 0 0 0 0 0 0 0 0 0 0 0 0
 0 0 0 0 0 0 0 0 0 0 0 0 0 0 0 0 0 0 0 0 0 0 0 0 0 0
 0 0 0 0 0 0 0 0 0 0 0 0 0 0 0 0 0 0 0 0 0 0 0 0 0 0
 0 0 0 0 0 0 0 0 0 0 0 0 0 0 0 0 0 0 0 0 0 0 0 0 0 0
 0 0 0 0 0 0 0 0 0 0 0 0 0 0 0 0 0 0 0 0 0 0 0 0 0 0
 0 0 0 0 0 0 0 0 0 0 0 0 0 0 0 0 0 0 0 0 0 0 0 0 0 0
 0 0 0 0 0 0 0 0 0 0 0 0 0 0 0 0 0 0 0 0 0 0 0 0 0 0
 0 0 0 0 0 0 0 0 0 0 0 0 0 0 0 0 0 0 0 0 0 0 0 0 0 0
 0.00862536 0 0 0.000197151 0.00414017 0.0128641 0.00837892 0.0270097 0.101434 0.158115 0.152841 0.127902 0.109271 0.109419 0.0830992 0.0579132 0.0238553 0.00714673 0.00463305 0.00128148 0.00103504 0.000492878 0.000147863 0.000147863 4.92878e-05 0
 0 0 0 0 0 0 0 0 0 0 0 0 0 0 0 0 0 0 0 0 0 0 0 0 0 0
 0 0 0 0 0 0 0 0.0054083 0.00873648 0.0413646 0.0450493 0.0745869 0.0622846 0.0627006 0.0613931 0.0827291 0.12552 0.122667 0.0946155 0.0697135 0.0546179 0.0294188 0.0215738 0.0213955 0.0102223 0.00600262
 0 0 0 0 0.00359764 0.0251062 0.0480494 0.140153 0.205849 0.193036 0.1447 0.116669 0.0760912 0.0342217 0.00950174 0.001854 0.000860785 0 0 0 0.000165536 0 0.000143464 0 0 0
 0 0 0 0 0 0 0 0.000145254 0.000435761 0.0275982 0.070085 0.0708112 0.156366 0.174668 0.174014 0.160142 0.0824315 0.0480064 0.0283245 0.00493863 0.00203355 0 0 0 0 0
 0 0 0 0 0 0 0 0 0 0 0 0 0 0 0 0 0 0 0 0 0 0 0 0 0 0
 0 0 1.00437e-05 0.000401748 0.00122533 0.00171747 0.00176769 0.0269171 0.070346 0.194647 0.189555 0.159765 0.064822 0.0314167 0.0384472 0.0292271 0.0345202 0.0313363 0.0194345 0.0106764 0.0143323 0.0359363 0.0279516 0.0138201 0.00172751 0
 0 0.0021121 0.0136068 0.0755702 0.200478 0.177729 0.0527432 0.0373336 0.0318909 0.0142505 0.0149659 0.0166563 0.0217959 0.0798694 0.0677717 0.0528807 0.04013 0.0224614 0.0357745 0.0225083 0.00881397 0.00855152 0.00135912 0.000746735 0 0
 0 0 0 0 5.4009e-05 0.00500934 0.000945158 0.0243581 0.138947 0.33067 0.221406 0.137944 0.0707744 0.0437923 0.0131692 0.00525238 0.0047753 0.00276346 9.45158e-05 9.00151e-06 2.25038e-05 9.00151e-06 4.50075e-06 0 0 0
 0.000866109 0.00284123 0.00948549 0.0512746 0.133035 0.25785 0.225252 0.132002 0.0553304 0.0519788 0.0540692 0.017754 0.00435017 0.00159236 0.00146478 0.000404838 0.000125132 0.000115318 0.000107957 0.000100596 0 0 0 0 0 0
 0 0 0 0 0.00144013 0.00171154 0.00461396 0.0210425 0.0478622 0.0707936 0.0888783 0.103762 0.0637923 0.0337046 0.0602308 0.124433 0.169614 0.0934646 0.0462172 0.0250306 0.0313229 0.00938855 0.002487 0.000210481 0 0
 0 0.00764035 0.051015 0.0998891 0.058973 0.0496711 0.0374665 0.0718981 0.12319 0.153886 0.159021 0.0857701 0.0377988 0.023471 0.0147837 0.00900784 0.00315554 0.000888139 0.00291439 0.00214683 0.00393193 0.00274676 0.000635225 9.99891e-05 0 0
 0 0 0 0 0 0 0 0 0 0 0 0 0 0 0 0 0 0 0 0 0 0 0 0 0 0
 0 0 0 0 0 0 0 0 0 0 0 0 0 0 0 0 0 0 0 0 0 0 0 0 0 0
 0 0 0 0 0 0 0 0 0 0 0 0 0 0 0 0 0 0 0 0 0 0 0 0 0 0
 0 0 0 0 0 0 0 0 0 0 0 0 0 0 0 0 0 0 0 0 0 0 0 0 0 0
 0 0 0 0 0 0 0 0 0 0 0 0 0 0 0 0 0 0 0 0 0 0 0 0 0 0
 0 0 0 0 0 0 0 0 0 0 0 0 0 0 0 0 0 0 0 0 0 0 0 0 0 0
 0 0 0 0 0 0 0 0 0 0 0 0 0 0 0 0 0 0 0 0 0 0 0 0 0 0
ppred_pel_tallas
 1.24209e-16 9.88003e-06 9.60374e-05 0.000638204 0.00290119 0.00902681 0.0192334 0.0280764 0.028099 0.019344 0.00940061 0.00399198 0.00341824 0.00630389 0.0122069 0.0212265 0.0330492 0.0467126 0.0610654 0.0753201 0.0890075 0.101265 0.110236 0.113424 0.108985 0.0969613
 1.61458e-16 1.68374e-05 0.000163666 0.00108762 0.00494416 0.0153832 0.0327758 0.0478393 0.0478489 0.0328232 0.0155437 0.00541399 0.00229044 0.00286981 0.00540125 0.00957222 0.015436 0.023079 0.0328099 0.0453335 0.0614645 0.0813193 0.103457 0.124662 0.140699 0.147766
 1.10336e-16 7.45356e-05 0.000724512 0.00481464 0.0218867 0.0680975 0.145089 0.211762 0.211764 0.145098 0.068129 0.0219781 0.00504582 0.00123455 0.00106006 0.00168224 0.00253839 0.00347678 0.00443407 0.00547315 0.00679137 0.00861461 0.0110264 0.0138424 0.0166119 0.0187498
 1.08773e-16 2.60259e-05 0.000252981 0.00168115 0.00764231 0.0237784 0.0506645 0.0739589 0.0740185 0.0509558 0.0247559 0.0104642 0.00875917 0.0156871 0.0292881 0.0482491 0.0692071 0.0864292 0.0941197 0.0896795 0.0753431 0.0568013 0.0399252 0.0280796 0.0215488 0.0186846
 1.13396e-16 4.25675e-05 0.000413771 0.00274966 0.0124995 0.0388908 0.0828616 0.120942 0.120958 0.082937 0.0391455 0.0132406 0.00463031 0.00458741 0.00816851 0.0139562 0.0213082 0.0293087 0.0369643 0.0436852 0.0493822 0.0540299 0.0571496 0.0578015 0.055162 0.0491854
 1.00216e-16 8.19129e-05 0.000796223 0.00529118 0.0240529 0.0748376 0.159449 0.232721 0.232721 0.159451 0.0748422 0.0240663 0.00532478 0.00086981 0.000222391 0.000239977 0.00034258 0.000441429 0.000508439 0.000534496 0.000530719 0.000519872 0.000520255 0.000534447 0.000550034 0.000549354
 1.00591e-16 1.48522e-05 0.000144369 0.000959385 0.00436127 0.01357 0.0289151 0.0422189 0.0422973 0.0292981 0.0148552 0.00807104 0.0102624 0.020423 0.0384394 0.0632935 0.0906329 0.112832 0.122135 0.114973 0.094167 0.0671722 0.0418347 0.0228879 0.011175 0.00506601
 1.18448e-16 1.92343e-05 0.000186964 0.00124244 0.00564797 0.017573 0.0374417 0.0546503 0.0546648 0.037513 0.0178152 0.00635916 0.00307194 0.00432704 0.00830904 0.0148151 0.0239094 0.0353875 0.048826 0.0636605 0.078923 0.092777 0.10247 0.105173 0.0993724 0.0858638
 1.15339e-16 6.35054e-05 0.000617295 0.00410215 0.0186478 0.0580201 0.123618 0.180425 0.180431 0.123644 0.0581071 0.0189002 0.00474083 0.00202893 0.00279804 0.00467354 0.00709653 0.00976001 0.0124612 0.015269 0.0185291 0.0225833 0.0273746 0.0322422 0.036081 0.0377853
 1.00233e-16 8.16801e-05 0.00079396 0.00527614 0.0239846 0.0746249 0.158996 0.23206 0.232061 0.158999 0.0746353 0.0240144 0.00535096 0.000957222 0.000391581 0.000517709 0.000737139 0.000925819 0.00101959 0.00099271 0.000870046 0.000711402 0.000576289 0.000495411 0.000465272 0.000461712
 1.00082e-16 7.2917e-05 0.00070878 0.00471009 0.0214114 0.0666189 0.141939 0.207166 0.207177 0.141992 0.0667983 0.0219294 0.0060091 0.00354044 0.0054387 0.00884426 0.0126592 0.0157628 0.0170684 0.0160773 0.0131821 0.00942178 0.00588918 0.00324328 0.00160141 0.00073748
 1.0056e-16 6.95842e-05 0.000676383 0.0044948 0.0204327 0.0635739 0.135451 0.197698 0.197711 0.135516 0.0637912 0.0210603 0.00606976 0.00411365 0.0065949 0.0107852 0.0155114 0.0194649 0.0213584 0.0205909 0.0175968 0.0135466 0.00965009 0.00660552 0.00451126 0.0031248
 1.01505e-16 6.13495e-05 0.000596339 0.00396289 0.0180147 0.0560506 0.119422 0.174305 0.174326 0.119524 0.0563924 0.0190021 0.00644156 0.00600795 0.0103408 0.0170027 0.0244961 0.0308203 0.0339729 0.0330186 0.028631 0.0226154 0.0168165 0.0122681 0.00907458 0.00683566
 1.02591e-16 6.2106e-05 0.000603692 0.00401175 0.0182368 0.0567416 0.120895 0.176453 0.176471 0.120982 0.0570334 0.0190801 0.00613048 0.0052355 0.00887805 0.0146291 0.0211842 0.0268813 0.0300593 0.029936 0.0270409 0.0227968 0.0186102 0.0151971 0.0125439 0.0103072
 1.02057e-16 6.83904e-05 0.000664779 0.00441769 0.0200822 0.0624832 0.133127 0.194306 0.194318 0.133188 0.0626874 0.0206722 0.00589979 0.0039036 0.00622944 0.0102164 0.0147717 0.0187046 0.0208477 0.0206603 0.0185347 0.0155007 0.0125772 0.0102843 0.00860223 0.00725134
 1.00183e-16 8.06201e-05 0.000783656 0.00520767 0.0236733 0.0736565 0.156933 0.229049 0.22905 0.156941 0.0736845 0.0237542 0.00541064 0.00122678 0.000922338 0.00139757 0.00200625 0.00252441 0.00278414 0.00270966 0.00235747 0.00187658 0.00141837 0.00106624 0.000825707 0.00065985
 1.0097e-16 1.37354e-05 0.000133513 0.000887245 0.00403333 0.0125496 0.0267412 0.039046 0.0391245 0.0271245 0.0138361 0.00774706 0.0102011 0.0204389 0.038498 0.0634153 0.0908621 0.113232 0.122783 0.115948 0.0955183 0.0688943 0.0438422 0.025021 0.013236 0.00687282
 1.0097e-16 7.92371e-05 0.000770213 0.00511834 0.0232672 0.072393 0.154241 0.225119 0.22512 0.154244 0.072404 0.0232998 0.00520235 0.000960953 0.000462932 0.00069562 0.00112353 0.00168038 0.00234717 0.00309936 0.00388744 0.00461441 0.00513614 0.00530552 0.00504291 0.00438545
 1.01571e-16 4.67132e-05 0.000454069 0.00301745 0.0137169 0.0426786 0.0909328 0.132727 0.132768 0.0911285 0.0433354 0.0156129 0.00777254 0.0108206 0.0196939 0.0323781 0.0463906 0.0578236 0.062737 0.0593342 0.0490727 0.0357541 0.0233443 0.0141825 0.0086006 0.00567689
 1.0676e-16 4.44028e-05 0.000431611 0.00286821 0.0130385 0.0405676 0.0864346 0.126159 0.126185 0.0865595 0.0409876 0.0142545 0.00593186 0.00715658 0.0129243 0.0215762 0.031725 0.0412347 0.0478961 0.0505897 0.0497923 0.0469588 0.0433572 0.0393765 0.0347423 0.0292082
 1.03928e-16 7.07988e-05 0.00068819 0.00457326 0.0207894 0.0646836 0.137815 0.201147 0.201155 0.137852 0.064805 0.0211407 0.00545745 0.00262663 0.00377688 0.00619741 0.0090771 0.0117503 0.0135931 0.014333 0.0141936 0.0136914 0.0132507 0.0129511 0.0125691 0.0118128
 1.01956e-16 6.73222e-05 0.000654395 0.00434869 0.0197685 0.0615073 0.131048 0.191272 0.191287 0.131122 0.0617556 0.0204856 0.00614824 0.00458107 0.00751975 0.0123122 0.0177007 0.0222008 0.0243528 0.0234939 0.0201589 0.0157278 0.0116084 0.00858497 0.00670517 0.00558834
 1.06926e-16 1.14652e-05 0.000111446 0.000740601 0.00336671 0.0104754 0.0223215 0.0325932 0.0326612 0.0226537 0.0115909 0.00658927 0.00883199 0.0177826 0.0335943 0.0555767 0.0801883 0.101101 0.111838 0.109368 0.0958592 0.0771081 0.0589961 0.044754 0.0346217 0.0272646
 1.05642e-16 6.99729e-05 0.000680162 0.00451992 0.0205469 0.063929 0.136208 0.198799 0.198802 0.136218 0.0639658 0.0206553 0.00480016 0.00131873 0.00136138 0.00234562 0.00385315 0.00585255 0.00833754 0.0112735 0.0145254 0.0177608 0.0204316 0.0219203 0.0217966 0.0200289
 1.05607e-16 5.22917e-05 0.000508294 0.00337779 0.015355 0.0477752 0.101791 0.148573 0.148603 0.101937 0.0482652 0.0167697 0.00692698 0.00824994 0.0147375 0.0242376 0.0348151 0.0435999 0.0477298 0.0459456 0.0393878 0.0308791 0.0232647 0.0180721 0.0152646 0.0138807
 1.11295e-16 3.00678e-05 0.00029227 0.00194224 0.00882915 0.027471 0.0585313 0.0854363 0.0854754 0.0587227 0.0281143 0.01069 0.00662369 0.0105464 0.0196055 0.0326275 0.0476107 0.0611479 0.0697375 0.0717015 0.0680581 0.0615735 0.0548342 0.0489305 0.0435443 0.037924
 1.05151e-16 7.09722e-05 0.000689875 0.00458446 0.0208403 0.064842 0.138153 0.201639 0.201644 0.138177 0.0649239 0.0210781 0.00518563 0.00201631 0.00263188 0.00434904 0.00651931 0.00875362 0.0107052 0.012224 0.0134108 0.0144597 0.0154224 0.0161044 0.0161773 0.0153972
 1.02589e-16 6.54614e-05 0.000636309 0.00422849 0.0192221 0.0598073 0.127426 0.185986 0.186003 0.12751 0.0600868 0.0200292 0.00625342 0.00505386 0.00844696 0.0138401 0.0198845 0.0249136 0.0272854 0.0262634 0.0224707 0.0174889 0.0129277 0.00967649 0.00776751 0.00672658
 1.07763e-16 1.39947e-05 0.000136034 0.000903997 0.00410948 0.0127865 0.0272452 0.0397786 0.0398423 0.0275566 0.0138321 0.00713077 0.00849157 0.016712 0.0315305 0.0521961 0.075401 0.0952538 0.105722 0.103975 0.0920041 0.0751457 0.0587792 0.045807 0.0363829 0.0292631
 1.29385e-16 1.8196e-05 0.000176872 0.00117538 0.0053431 0.0166244 0.0354206 0.0517003 0.0517139 0.0354875 0.0168513 0.00600888 0.00288582 0.00404098 0.00773955 0.0137684 0.0221782 0.032811 0.045398 0.0596774 0.0751328 0.0904362 0.103184 0.110462 0.110081 0.101684
 1.11455e-16 7.02204e-05 0.000682568 0.0045359 0.0206196 0.0641551 0.136689 0.199503 0.199506 0.136705 0.0642081 0.0207735 0.0049253 0.00154328 0.0017378 0.00285328 0.00433289 0.0059696 0.00764898 0.00943282 0.0115612 0.014277 0.0175737 0.0210511 0.0239963 0.0256487
pSPR Fmed_Fpbrs
0.459261   0.19998 0.19998
Fs Fmed_Fpbrs
0.429336   1.005 1.005
SSBpbr Bo_Bmed_Bpbrs
1.7801e+06  728526  266980 266980
Ro
78367.9
SPR SPRFo_SPRFmed_SPRFpbrs
558031 256282 111595
Fref
1.005
log_Ro
11.0892
likeval ReclasPelacesDesembMPH_pf_preclas_ppelaces_ptallas_desvR_qrecl_qpela
 32.225 36.2749 0.115343 0.00202303 269.997 125.232 91.8068 0 81.6888 0 0 0.263039 0 0 0
q_reclas_q_pelaces
1 1
M
1
N
 24292.5 46474.7 120234 15173.7 0.294725
 15677.7 7730.9 14433.3 37340.2 4712.47
 175376 4002.48 1855.83 3464.75 10094.9
 19985.5 44429.2 952.19 441.501 3225.84
 8512.31 2999.1 5732.04 122.847 473.141
 330983 1007.73 293.29 560.552 58.2834
 17833.1 90407.7 261.789 76.1912 160.762
 4612.77 2893.01 12776.1 36.995 33.4852
 13580.3 1286.15 769.82 3399.67 18.7546
 74229.9 563.078 36.9119 22.0935 98.1074
 76038.5 9996.79 64.017 4.19655 13.6658
 135652 23848.6 3052.21 19.5456 5.4537
 91611.5 28718.2 4599.92 588.71 4.82187
 69076.4 19386.7 5536.5 886.803 114.425
 53507.1 9339.12 2214.16 632.327 114.351
 444778 8497.98 1287.44 305.232 102.933
 21515 110316 1972.21 298.788 94.7269
 825340 5656.35 27405.7 489.956 97.761
 315814 243048 1604.38 7773.42 166.701
 161541 83179.2 60508.6 399.422 1976.75
 432184 39852 19183.8 13955.2 548.021
 591630 119108 10461.2 5035.78 3807.13
 29982 156997 29914 2627.33 2220.89
 340874 8672.78 43610.8 8309.51 1346.74
 207927 104574 2580.44 12975.7 2873.06
 54916.5 62572.2 30422.3 750.694 4610.66
 270626 16394.7 18034.1 8768.11 1545.21
 356110 80822.1 4727.2 5199.9 2973.71
 28868.8 114514 25407.2 1486.04 2569.45
 14605 9168.09 35477 7871.27 1256.41
 98235.8 3950.17 2354.4 9110.6 2344.02
pred_Ctot
 2096.59 4640.85 12006.3 1515.21 0.0294305
 3123.96 1757.69 3281.54 8489.63 1071.42
 35576.3 925.991 429.353 801.586 2335.49
 8030.64 19800.5 424.356 196.761 1437.64
 3987.59 1541.97 2947.1 63.1611 243.263
 55194.4 192.538 56.0363 107.1 11.1357
 6725.68 37958 109.913 31.9891 67.4963
 721.961 519.445 2293.97 6.64253 6.01234
 8927.56 897.423 537.151 2372.16 13.0862
 32195.1 269.531 17.6687 10.5756 46.9614
 7179.77 1091.09 6.98705 0.458027 1.49153
 38057.8 7552.24 966.555 6.18959 1.72705
 25717.4 9099.51 1457.51 186.536 1.52783
 29883.6 9257.84 2643.88 423.481 54.6422
 20547.5 3988.37 945.582 270.042 48.8348
 94572.2 2058.13 311.805 73.9243 24.9294
 3988.13 23373.6 417.871 63.3072 20.0707
 105993 836.224 4051.61 72.4342 14.4528
 58266.4 51261.1 338.378 1639.48 35.1588
 34742.5 20370.1 14818.2 97.8158 484.093
 70159.4 7416.35 3570.05 2597.03 101.985
 107016 24640.5 2164.16 1041.78 787.599
 4130 24867.3 4738.17 416.152 351.775
 36320.1 1066.6 5363.39 1021.93 165.626
 24312.8 14096.1 347.831 1749.06 387.274
 6655.45 8737.37 4248.07 104.824 643.817
 32744.8 2285.66 2514.22 1222.4 215.425
 28650.1 7528.58 440.338 484.371 277.001
 2525.33 11588.5 2571.14 150.383 260.022
 2506.44 1801.58 6971.41 1546.75 246.891
 17187.3 791.018 471.466 1824.39 469.387
F
 0.144942 0.169371 0.169371 0.169371 0.169371
 0.365323 0.426895 0.426895 0.426895 0.426895
 0.373033 0.435904 0.435904 0.435904 0.435904
 0.896698 1.04783 1.04783 1.04783 1.04783
 1.13381 1.3249 1.3249 1.3249 1.3249
 0.297736 0.347916 0.347916 0.347916 0.347916
 0.818762 0.956756 0.956756 0.956756 0.956756
 0.27718 0.323896 0.323896 0.323896 0.323896
 2.18296 2.55087 2.55087 2.55087 2.55087
 1.0049 1.17427 1.17427 1.17427 1.17427
 0.159515 0.186399 0.186399 0.186399 0.186399
 0.552559 0.645687 0.645687 0.645687 0.645687
 0.552972 0.64617 0.64617 0.64617 0.64617
 1.001 1.16971 1.16971 1.16971 1.16971
 0.839986 0.981557 0.981557 0.981557 0.981557
 0.394231 0.460674 0.460674 0.460674 0.460674
 0.33597 0.392595 0.392595 0.392595 0.392595
 0.222535 0.260041 0.260041 0.260041 0.260041
 0.334156 0.390475 0.390475 0.390475 0.390475
 0.399585 0.466931 0.466931 0.466931 0.466931
 0.288821 0.337498 0.337498 0.337498 0.337498
 0.326652 0.381705 0.381705 0.381705 0.381705
 0.240407 0.280925 0.280925 0.280925 0.280925
 0.181619 0.212229 0.212229 0.212229 0.212229
 0.200864 0.234717 0.234717 0.234717 0.234717
 0.208855 0.244056 0.244056 0.244056 0.244056
 0.208487 0.243626 0.243626 0.243626 0.243626
 0.134542 0.157218 0.157218 0.157218 0.157218
 0.147032 0.171813 0.171813 0.171813 0.171813
 0.307602 0.359445 0.359445 0.359445 0.359445
 0.314439 0.367435 0.367435 0.367435 0.367435
nmprior
 8 9 7.5 0
nm_flota  nm_reclas  nm_pelaces    nm_pelaL
inf 9.21705 6.04095 8.65618
cv_recla  cv_pelaces  cv_mph
0.513478 0.708709 1.38806
 ------------------------------------------------
Talla a la edad & desviación 
 8 13.2811 15.8009 17.003 17.5766
 0.8 1.32811 1.58009 1.7003 1.75766
