years
 1991 1992 1993 1994 1995 1996 1997 1998 1999 2000 2001 2002 2003 2004 2005 2006 2007 2008 2009 2010 2011 2012 2013 2014 2015 2016 2017 2018 2019 2020 2021
reclasobs
 0 0 0 0 0 0 0 0 0 252601 567819 844713 477998 351125 339783 2.1784e+06 2.13404e+06 4.81314e+06 1.55562e+06 2.62356e+06 3.21686e+06 3.843e+06 1.13348e+06 3.07943e+06 1.97215e+06 2.03268e+06 2.025e+06 2.42433e+06 2.27542e+06 1.05018e+06 2.36338e+06
reclaspred
 7.15073e+06 1.73137e+06 1.14965e+06 921572 119383 3.76817e+06 1.41711e+06 315673 1.18239e+06 236847 330071 1.01425e+06 718996 641108 402959 2.17746e+06 771509 5.48554e+06 2.37814e+06 2.47271e+06 2.91157e+06 3.63258e+06 1.5896e+06 3.54277e+06 2.67731e+06 1.44273e+06 2.17737e+06 4.3955e+06 3.18525e+06 611034 884720
pelacesobs
 0 0 0 0 0 0 0 0 0 0 0 0 0 0 0 552880 188675 0 991730 2.46772e+06 1.41603e+06 1.21717e+06 2.29649e+06 1.80582e+06 0 1.4828e+06 1.56532e+06 1.57751e+06 1.42118e+06 867257 0
pelacespred
 7.39835e+06 1.5939e+06 552861 367609 42335.8 2.01647e+06 817921 258173 598015 93089.6 161021 414775 322997 267212 152546 887361 360199 2.93496e+06 1.27906e+06 1.03751e+06 1.39839e+06 1.6959e+06 956408 2.12713e+06 1.66225e+06 947214 1.37837e+06 2.90794e+06 2.42126e+06 437730 406036
mphobs
 0 0 0 0 0 0 0 0 0 0 0 498337 0 5186 125008 0 168611 109162 213762 579715 649985 157893 87575 83554 0 0 0 0 0 0 0
mphpred
 1.91052e+06 715289 95631.1 159936 62101.6 5003 535383 101051 24731.3 120068 8323.56 43486.9 101353 44629.6 29687.5 25561.6 263764 54338.4 682143 162676 338535 257036 459035 151179 441431 351632 130177 244627 774954 286209 25849.4
desembarqueobs
 494567 514787 250237 358949 120608 361735 552515 73892 212993 205616 52469 317467 293654 387597 252695 516296 358380 742168 942051 627588 828172 859565 418607 520667 417249 300574 407403 355545 319650 289779 219260
desembarquepred
 494483 514255 250074 358209 120441 361476 551656 73848.9 212777 205304 52436.5 316994 293087 386607 252194 515518 357910 741258 939657 626196 827145 858035 418011 520123 416577 300091 406824 355174 319146 288824 219104
Reclutas
 3316.07 2020.27 180989 53365.9 2506.92 289235 2725.67 766.273 59680.5 3284.64 30228.4 124698 63058.3 71608.3 39782.8 262519 4955.4 482190 99162.7 259219 160543 440600 6033.35 171743 146500 16169.8 124279 210196 11938.7 3658.63 69011.3
log_desv_Rt
 -2.40049 -2.89605 1.59916 0.377897 -2.68022 2.06797 -2.59656 -3.86549 0.489731 -2.41002 -0.190493 1.22662 0.544786 0.671936 0.0841604 1.97105 -1.9988 2.57906 0.997487 1.9584 1.47928 2.48886 -1.80197 1.54672 1.38775 -0.81613 1.22325 1.74877 -1.11949 -2.30219 0.634995
SSB
 1.67945e+06 628778 84064.9 140592 54590.7 4397.91 470631 88828.9 21740.1 105547 7316.86 38227.4 89094.9 39231.9 26096.9 22470.1 231863 47766.4 599641 143001 297590 225949 403516 132895 388042 309104 114433 215040 681227 251593 22723
BT
 2.08034e+06 900363 409052 380532 107680 1.27831e+06 703578 129183 459909 202636 115776 445162 386972 523204 315149 820372 376696 2.04085e+06 1.27759e+06 908857 1.22124e+06 1.42668e+06 592051 1.41505e+06 925710 516126 1.01626e+06 1.57533e+06 893554 408398 371519
Ftot
 0.31394 1.20307 1.1967 1.65768 2.87083 0.595221 1.44988 0.98606 1.05619 2.60324 0.937721 1.66979 1.8711 2.8011 2.88687 1.36673 1.68656 0.815775 1.61171 1.37074 1.36664 1.27539 1.06253 0.844136 0.775259 0.902806 1.04543 0.471175 0.440022 1.74711 1.40052
BD_Bspro_t
 0.95101 0.603343 0.183764 0.277215 0.0982406 0.0120398 0.455972 0.127893 0.052755 0.21718 0.0294866 0.202297 0.215334 0.0930096 0.0599281 0.0547094 0.252205 0.0687769 0.376615 0.127805 0.192872 0.156667 0.252104 0.113245 0.298321 0.299968 0.176057 0.317085 0.563841 0.318765 0.0684556
BD_Bspro
 6.44915 2.41453 0.322812 0.539878 0.20963 0.0168881 1.80724 0.341106 0.0834828 0.405302 0.028097 0.146794 0.342127 0.150652 0.100213 0.0862857 0.890359 0.183425 2.30264 0.54913 1.14276 0.86765 1.54952 0.510319 1.49009 1.18697 0.439424 0.825761 2.61593 0.966127 0.0872571
BD_Bo
 1.12056 0.41953 0.0560893 0.0938051 0.0364237 0.00293435 0.314012 0.0592679 0.0145053 0.0704222 0.00488191 0.0255059 0.0594454 0.0261761 0.0174123 0.0149923 0.154702 0.0318705 0.400089 0.0954126 0.198557 0.150756 0.269232 0.0886692 0.258907 0.206239 0.076351 0.143478 0.454524 0.167867 0.0151611
BD_Brms
 2.03737 0.762782 0.101981 0.170555 0.0662249 0.00533517 0.57093 0.10776 0.0263733 0.12804 0.00887621 0.0463743 0.108082 0.0475928 0.0316586 0.0272588 0.281276 0.0579463 0.727435 0.173477 0.361012 0.274102 0.489513 0.161217 0.47074 0.374979 0.13882 0.260869 0.826408 0.305212 0.0275657
Sel_flota
 0.5948 1 1 1 1
 0.5948 1 1 1 1
 0.5948 1 1 1 1
 0.5948 1 1 1 1
 0.5948 1 1 1 1
 0.5948 1 1 1 1
 0.5948 1 1 1 1
 0.5948 1 1 1 1
 0.5948 1 1 1 1
 0.5948 1 1 1 1
 0.5948 1 1 1 1
 0.5948 1 1 1 1
 0.5948 1 1 1 1
 0.5948 1 1 1 1
 0.5948 1 1 1 1
 0.5948 1 1 1 1
 0.5948 1 1 1 1
 0.5948 1 1 1 1
 0.5948 1 1 1 1
 0.5948 1 1 1 1
 0.5948 1 1 1 1
 0.5948 1 1 1 1
 0.5948 1 1 1 1
 0.5948 1 1 1 1
 0.5948 1 1 1 1
 0.5948 1 1 1 1
 0.5948 1 1 1 1
 0.5948 1 1 1 1
 0.5948 1 1 1 1
 0.5948 1 1 1 1
 0.5948 1 1 1 1
Sel_reclas
 0.810174 0.955514 0.990834 0.998165 0.999635
 0.810174 0.955514 0.990834 0.998165 0.999635
 0.810174 0.955514 0.990834 0.998165 0.999635
 0.810174 0.955514 0.990834 0.998165 0.999635
 0.810174 0.955514 0.990834 0.998165 0.999635
 0.810174 0.955514 0.990834 0.998165 0.999635
 0.810174 0.955514 0.990834 0.998165 0.999635
 0.810174 0.955514 0.990834 0.998165 0.999635
 0.810174 0.955514 0.990834 0.998165 0.999635
 0.810174 0.955514 0.990834 0.998165 0.999635
 0.810174 0.955514 0.990834 0.998165 0.999635
 0.810174 0.955514 0.990834 0.998165 0.999635
 0.810174 0.955514 0.990834 0.998165 0.999635
 0.810174 0.955514 0.990834 0.998165 0.999635
 0.810174 0.955514 0.990834 0.998165 0.999635
 0.810174 0.955514 0.990834 0.998165 0.999635
 0.810174 0.955514 0.990834 0.998165 0.999635
 0.810174 0.955514 0.990834 0.998165 0.999635
 0.810174 0.955514 0.990834 0.998165 0.999635
 0.810174 0.955514 0.990834 0.998165 0.999635
 0.810174 0.955514 0.990834 0.998165 0.999635
 0.810174 0.955514 0.990834 0.998165 0.999635
 0.810174 0.955514 0.990834 0.998165 0.999635
 0.810174 0.955514 0.990834 0.998165 0.999635
 0.810174 0.955514 0.990834 0.998165 0.999635
 0.810174 0.955514 0.990834 0.998165 0.999635
 0.810174 0.955514 0.990834 0.998165 0.999635
 0.810174 0.955514 0.990834 0.998165 0.999635
 0.810174 0.955514 0.990834 0.998165 0.999635
 0.810174 0.955514 0.990834 0.998165 0.999635
 0.810174 0.955514 0.990834 0.998165 0.999635
Sel_pelaces
 0.431372 0.792439 0.950529 0.989764 0.997949
 0.431372 0.792439 0.950529 0.989764 0.997949
 0.431372 0.792439 0.950529 0.989764 0.997949
 0.431372 0.792439 0.950529 0.989764 0.997949
 0.431372 0.792439 0.950529 0.989764 0.997949
 0.431372 0.792439 0.950529 0.989764 0.997949
 0.431372 0.792439 0.950529 0.989764 0.997949
 0.431372 0.792439 0.950529 0.989764 0.997949
 0.431372 0.792439 0.950529 0.989764 0.997949
 0.431372 0.792439 0.950529 0.989764 0.997949
 0.431372 0.792439 0.950529 0.989764 0.997949
 0.431372 0.792439 0.950529 0.989764 0.997949
 0.431372 0.792439 0.950529 0.989764 0.997949
 0.431372 0.792439 0.950529 0.989764 0.997949
 0.431372 0.792439 0.950529 0.989764 0.997949
 0.431372 0.792439 0.950529 0.989764 0.997949
 0.431372 0.792439 0.950529 0.989764 0.997949
 0.431372 0.792439 0.950529 0.989764 0.997949
 0.431372 0.792439 0.950529 0.989764 0.997949
 0.431372 0.792439 0.950529 0.989764 0.997949
 0.431372 0.792439 0.950529 0.989764 0.997949
 0.431372 0.792439 0.950529 0.989764 0.997949
 0.431372 0.792439 0.950529 0.989764 0.997949
 0.431372 0.792439 0.950529 0.989764 0.997949
 0.431372 0.792439 0.950529 0.989764 0.997949
 0.431372 0.792439 0.950529 0.989764 0.997949
 0.431372 0.792439 0.950529 0.989764 0.997949
 0.431372 0.792439 0.950529 0.989764 0.997949
 0.431372 0.792439 0.950529 0.989764 0.997949
 0.431372 0.792439 0.950529 0.989764 0.997949
 0.431372 0.792439 0.950529 0.989764 0.997949
pf_obs 
 0.8446 0.082 0.0669 0.0065 0
 0.8095 0.147 0.0364 0.0071 0
 0.9664 0.0169 0.016 0.0007 0
 0.9276 0.0648 0.0075 0.0001 0
 0.7033 0.2144 0.0806 0.0017 0
 0.9318 0.0425 0.0243 0.0014 0
 0.5671 0.3108 0.0964 0.0239 0.0018
 0.0768 0.2599 0.5324 0.112 0.0189
 0.490249 0.384438 0.106611 0.0170017 0.00170017
 0.7925 0.1577 0.0466 0.003 0.0002
 0.840416 0.127587 0.0312969 0.00059994 9.999e-05
 0.8084 0.0986 0.0794 0.0134 0.0002
 0.7335 0.1905 0.0724 0.0035 0.0001
 0.4001 0.4547 0.1325 0.0127 0
 0.49795 0.308269 0.164784 0.0264974 0.00249975
 0.9179 0.0499 0.0305 0.0017 0
 0.2467 0.6533 0.0926 0.0074 0
 0.9418 0.0223 0.034 0.0019 0
 0.707729 0.231977 0.0356964 0.0245975 0
 0.517169 0.277429 0.184464 0.0207286 0.00020938
 0.811772 0.124168 0.05621 0.00726502 0.000585176
 0.764997 0.148141 0.077277 0.00933861 0.000247198
 0.163321 0.427699 0.378323 0.0303852 0.000271297
 0.753843 0.0900009 0.118128 0.0371064 0.000921714
 0.721811 0.176058 0.0630433 0.0369309 0.00215725
 0.143369 0.312575 0.442814 0.0836902 0.0175525
 0.692698 0.0596174 0.167031 0.0765114 0.00414204
 0.394062 0.376323 0.152708 0.0712218 0.00568511
 0.125707 0.32114 0.495352 0.0537591 0.00404204
 0.23352 0.215282 0.420074 0.123614 0.00750983
 0 0 0 0 0
pf_pred 
 0.0202347 0.160722 0.714997 0.104046 6.79539e-07
 0.0483314 0.0343829 0.150473 0.669401 0.0974113
 0.973568 0.00277751 0.000854609 0.0037401 0.0190596
 0.543814 0.450882 0.000557389 0.000171503 0.00457544
 0.174054 0.627394 0.196243 0.000242599 0.00206607
 0.998052 0.000884794 0.000807727 0.000252649 2.97225e-06
 0.0256967 0.97333 0.000442102 0.000403594 0.000127725
 0.0710715 0.0571961 0.870862 0.000395559 0.000475384
 0.97406 0.00369696 0.00136957 0.020853 2.08549e-05
 0.180871 0.809402 0.00138624 0.000513546 0.00782702
 0.972661 0.0121137 0.0150448 2.57668e-05 0.00015503
 0.934617 0.064537 0.000375064 0.000465815 5.59783e-06
 0.731444 0.261676 0.00679129 3.94684e-05 4.96073e-05
 0.870336 0.114791 0.0144918 0.000376106 4.93307e-06
 0.861913 0.132948 0.00454885 0.00057427 1.50995e-05
 0.985682 0.0137627 0.000534665 1.82936e-05 2.37021e-06
 0.0784745 0.916042 0.00527124 0.000204782 7.91445e-06
 0.988998 0.00204099 0.00890807 5.12603e-05 2.06837e-06
 0.399083 0.597707 0.000595429 0.0025988 1.55579e-05
 0.894009 0.067246 0.038538 3.83911e-05 0.000168565
 0.722304 0.264775 0.00819808 0.00469824 2.52303e-05
 0.911558 0.0763447 0.0115339 0.00035712 0.000205761
 0.0502347 0.912286 0.0323532 0.00488783 0.000238536
 0.911622 0.00928716 0.0759695 0.00269417 0.000426892
 0.709852 0.277273 0.00135293 0.0110671 0.000454669
 0.212271 0.656707 0.125208 0.000610943 0.00520287
 0.899907 0.0364149 0.0530864 0.0101215 0.000469973
 0.839286 0.153011 0.00280255 0.00408562 0.000815138
 0.105798 0.811912 0.0783462 0.00143499 0.00250933
 0.127619 0.158334 0.648336 0.0625617 0.00314966
 0.967461 0.00927522 0.00422234 0.0172894 0.00175235
pobs_RECLAS
 0 0 0 0 0
 0 0 0 0 0
 0 0 0 0 0
 0 0 0 0 0
 0 0 0 0 0
 0 0 0 0 0
 0 0 0 0 0
 0 0 0 0 0
 0 0 0 0 0
 0 0 0 0 0
 0.991045 0.00858322 0.000360255 1.14367e-05 0
 0.934742 0.0480273 0.0164251 0.00080598 0
 0.827803 0.169806 0.00239088 0 0
 0.941827 0.0461693 0.0120037 0 0
 0.791401 0.0380133 0.147996 0.0225897 0
 0.846168 0.0940531 0.0597789 0 0
 0.134021 0.677848 0.182769 0.00536245 0
 0.80878 0.0450904 0.141981 0.00414843 0
 0.846168 0.0940531 0.0597789 0 0
 0.905697 0.0802665 0.012482 0.00150086 5.37128e-05
 0.989698 0.0102097 9.19794e-05 0 0
 0.975433 0.0193895 0.00387452 0.00125025 5.28907e-05
 0.303575 0.632131 0.0575291 0.00676475 0
 0.966965 0.00978017 0.0227588 0.000495775 0
 0.843318 0.132988 0.00938335 0.0141283 0.000182051
 0.564624 0.303363 0.111486 0.0197234 0.00080311
 0.826376 0.0876187 0.0782897 0.00655872 0.00115652
 0.89761 0.0855135 0.0140674 0.00269457 0.000114338
 0.34875 0.467042 0.161289 0.0227151 0.000203297
 0.318654 0.224769 0.449479 0.00709798 0
 0.937255 0.0296025 0.0250945 0.00804832 0
ppred_RECLAS
 0.0280944 0.154532 0.712869 0.104504 6.83535e-07
 0.0696649 0.0322583 0.146393 0.656071 0.0956121
 0.981929 0.00182444 0.000582111 0.0025664 0.0130977
 0.65682 0.339012 0.000434584 0.000134706 0.00359906
 0.281037 0.541306 0.175574 0.000218654 0.00186488
 0.998643 0.000603537 0.000571333 0.00018003 2.12105e-06
 0.0398187 0.959182 0.00045178 0.000415481 0.000131681
 0.100343 0.0535363 0.845268 0.000386775 0.000465511
 0.982106 0.00245711 0.000943906 0.0144781 1.45008e-05
 0.284634 0.706495 0.00125472 0.000468262 0.00714736
 0.981266 0.008133 0.0104742 1.80717e-05 0.000108892
 0.958298 0.0411405 0.000247931 0.000310199 3.73323e-06
 0.817356 0.177795 0.0047849 2.80137e-05 3.52619e-05
 0.92529 0.0658595 0.00862178 0.000225417 2.96096e-06
 0.921207 0.075754 0.00268774 0.000341825 9.00099e-06
 0.99076 0.00886912 0.000357292 1.23152e-05 1.59797e-06
 0.120637 0.873936 0.00521484 0.00020409 7.89931e-06
 0.992362 0.00137546 0.00622524 3.60874e-05 1.45828e-06
 0.514894 0.482404 0.000498329 0.00219109 1.31364e-05
 0.928497 0.0447594 0.0265993 2.6694e-05 0.000117378
 0.801959 0.188477 0.00605142 0.00349367 1.87892e-05
 0.940681 0.0509455 0.00798121 0.000248947 0.000143646
 0.0742112 0.887923 0.0326531 0.00496965 0.000242886
 0.93708 0.00639849 0.0542747 0.00193903 0.000307692
 0.783784 0.20622 0.00104343 0.00859846 0.000353772
 0.286394 0.591238 0.116893 0.000574589 0.00490048
 0.930086 0.0248313 0.0375375 0.0072099 0.000335271
 0.883568 0.110628 0.00210117 0.00308578 0.000616564
 0.146312 0.772469 0.0772954 0.00142622 0.00249766
 0.18711 0.143123 0.607713 0.0590757 0.00297853
 0.978321 0.00599382 0.00282942 0.0116714 0.00118469
pobs_PELACES
 0 0 0 0 0
 0 0 0 0 0
 0 0 0 0 0
 0 0 0 0 0
 0 0 0 0 0
 0 0 0 0 0
 0 0 0 0 0
 0 0 0 0 0
 0 0 0 0 0
 0 0 0 0 0
 0 0 0 0 0
 0 0 0 0 0
 0 0 0 0 0
 0 0 0 0 0
 0 0 0 0 0
 0 0 0 0 0
 0.505614 0.472636 0.0217494 0 0
 0 0 0 0 0
 0.443492 0.261883 0.143347 0.151278 0
 0.227955 0.32914 0.350689 0.0885471 0.00366901
 0.970185 0.0296113 0.000203453 0 0
 0.997202 0.00247181 0.000326279 0 0
 0.445219 0.490057 0.0546422 0.010081 0
 0.90214 0.0892962 0.00764917 0.000914606 0
 0 0 0 0 0
 0.581667 0.319106 0.0959925 0.00289975 0.000334073
 0.762889 0.0836404 0.116647 0.0363945 0.000428098
 0.88444 0.0763242 0.0277011 0.0115352 0
 0.521256 0.241999 0.230069 0.00667565 0
 0.616807 0.101726 0.260614 0.0208532 0
 0 0 0 0 0
ppred_PELACES
 0.0167516 0.137619 0.734355 0.111274 7.32756e-07
 0.0455356 0.027962 0.146786 0.679952 0.0997649
 0.971973 0.00239698 0.000884658 0.00403142 0.0207141
 0.604742 0.389518 0.000577594 0.000185055 0.00497784
 0.261783 0.535009 0.200731 0.00025839 0.00221875
 0.99787 0.000867473 0.0009499 0.000309383 3.6698e-06
 0.0313029 0.967509 0.000527129 0.000501078 0.000159887
 0.0664679 0.0484133 0.884194 0.000418192 0.000506741
 0.972054 0.00328909 0.00146156 0.0231721 2.33659e-05
 0.265208 0.723915 0.00148717 0.000573678 0.00881581
 0.972226 0.0110721 0.0164945 2.94157e-05 0.000178448
 0.948453 0.0507307 0.000353645 0.000457343 5.54147e-06
 0.786075 0.207381 0.0064559 3.90679e-05 4.951e-05
 0.919041 0.0700591 0.0106091 0.000286704 3.79155e-06
 0.916487 0.0797962 0.00327491 0.000430508 1.14132e-05
 0.987969 0.0114747 0.000534712 1.90504e-05 2.48867e-06
 0.0993014 0.894267 0.00617254 0.000249695 9.73005e-06
 0.988012 0.00191259 0.010013 5.99969e-05 2.44092e-06
 0.457828 0.538586 0.00064357 0.00292487 1.76547e-05
 0.904385 0.056534 0.0388626 4.03125e-05 0.000178465
 0.755831 0.230474 0.00855967 0.00510794 2.76574e-05
 0.921933 0.0655773 0.0118837 0.000383137 0.000222577
 0.0556505 0.899758 0.0382746 0.00602111 0.000296272
 0.90358 0.00858422 0.0842282 0.00311035 0.000496911
 0.719008 0.265645 0.00155478 0.0132432 0.00054857
 0.220586 0.628642 0.143769 0.000730465 0.00627217
 0.898852 0.0325018 0.0568344 0.0112834 0.000528255
 0.837191 0.1533 0.00336801 0.00511262 0.00102847
 0.10311 0.799476 0.0925367 0.00176486 0.0031117
 0.141542 0.133504 0.655723 0.0658864 0.00334446
 0.968486 0.00766371 0.00418473 0.0178427 0.00182338
pobs_pel_tallas
 0 0 0 0 0 0 0 0 0 0 0 0 0 0 0 0 0 0 0 0 0 0 0 0 0 0
 0 0 0 0 0 0 0 0 0 0 0 0 0 0 0 0 0 0 0 0 0 0 0 0 0 0
 0 0 0 0 0 0 0 0 0 0 0 0 0 0 0 0 0 0 0 0 0 0 0 0 0 0
 0 0 0 0 0 0 0 0 0 0 0 0 0 0 0 0 0 0 0 0 0 0 0 0 0 0
 0 0 0 0 0 0 0 0 0 0 0 0 0 0 0 0 0 0 0 0 0 0 0 0 0 0
 0 0 0 0 0 0 0 0 0 0 0 0 0 0 0 0 0 0 0 0 0 0 0 0 0 0
 0 0 0 0 0 0 0 0 0 0 0 0 0 0 0 0 0 0 0 0 0 0 0 0 0 0
 0 0 0 0 0 0 0 0 0 0 0 0 0 0 0 0 0 0 0 0 0 0 0 0 0 0
 0 0 0 0 0 0 0 0 0 0 0 0 0 0 0 0 0 0 0 0 0 0 0 0 0 0
 0 0 0 0 0 0 0 0 0 0 0 0 0 0 0 0 0 0 0 0 0 0 0 0 0 0
 0 0 0 0 0 0 0 0 0 0 0 0 0 0 0 0 0 0 0 0 0 0 0 0 0 0
 0 0 0 0 0 0 0 0 0 0 0 0 0 0 0 0 0 0 0 0 0 0 0 0 0 0
 0.00862536 0 0 0.000197151 0.00414017 0.0128641 0.00837892 0.0270097 0.101434 0.158115 0.152841 0.127902 0.109271 0.109419 0.0830992 0.0579132 0.0238553 0.00714673 0.00463305 0.00128148 0.00103504 0.000492878 0.000147863 0.000147863 4.92878e-05 0
 0 0 0 0 0 0 0 0 0 0 0 0 0 0 0 0 0 0 0 0 0 0 0 0 0 0
 0 0 0 0 0 0 0 0.0054083 0.00873648 0.0413646 0.0450493 0.0745869 0.0622846 0.0627006 0.0613931 0.0827291 0.12552 0.122667 0.0946155 0.0697135 0.0546179 0.0294188 0.0215738 0.0213955 0.0102223 0.00600262
 0 0 0 0 0.00359764 0.0251062 0.0480494 0.140153 0.205849 0.193036 0.1447 0.116669 0.0760912 0.0342217 0.00950174 0.001854 0.000860785 0 0 0 0.000165536 0 0.000143464 0 0 0
 0 0 0 0 0 0 0 0.000145254 0.000435761 0.0275982 0.070085 0.0708112 0.156366 0.174668 0.174014 0.160142 0.0824315 0.0480064 0.0283245 0.00493863 0.00203355 0 0 0 0 0
 0 0 0 0 0 0 0 0 0 0 0 0 0 0 0 0 0 0 0 0 0 0 0 0 0 0
 0 0 1.00437e-05 0.000401748 0.00122533 0.00171747 0.00176769 0.0269171 0.070346 0.194647 0.189555 0.159765 0.064822 0.0314167 0.0384472 0.0292271 0.0345202 0.0313363 0.0194345 0.0106764 0.0143323 0.0359363 0.0279516 0.0138201 0.00172751 0
 0 0.0021121 0.0136068 0.0755702 0.200478 0.177729 0.0527432 0.0373336 0.0318909 0.0142505 0.0149659 0.0166563 0.0217959 0.0798694 0.0677717 0.0528807 0.04013 0.0224614 0.0357745 0.0225083 0.00881397 0.00855152 0.00135912 0.000746735 0 0
 0 0 0 0 5.4009e-05 0.00500934 0.000945158 0.0243581 0.138947 0.33067 0.221406 0.137944 0.0707744 0.0437923 0.0131692 0.00525238 0.0047753 0.00276346 9.45158e-05 9.00151e-06 2.25038e-05 9.00151e-06 4.50075e-06 0 0 0
 0.000866109 0.00284123 0.00948549 0.0512746 0.133035 0.25785 0.225252 0.132002 0.0553304 0.0519788 0.0540692 0.017754 0.00435017 0.00159236 0.00146478 0.000404838 0.000125132 0.000115318 0.000107957 0.000100596 0 0 0 0 0 0
 0 0 0 0 0.00144013 0.00171154 0.00461396 0.0210425 0.0478622 0.0707936 0.0888783 0.103762 0.0637923 0.0337046 0.0602308 0.124433 0.169614 0.0934646 0.0462172 0.0250306 0.0313229 0.00938855 0.002487 0.000210481 0 0
 0 0.00764035 0.051015 0.0998891 0.058973 0.0496711 0.0374665 0.0718981 0.12319 0.153886 0.159021 0.0857701 0.0377988 0.023471 0.0147837 0.00900784 0.00315554 0.000888139 0.00291439 0.00214683 0.00393193 0.00274676 0.000635225 9.99891e-05 0 0
 0 0 0 0 0 0 0 0 0 0 0 0 0 0 0 0 0 0 0 0 0 0 0 0 0 0
 0 0 0 0 0 0 0 0 0 0 0 0 0 0 0 0 0 0 0 0 0 0 0 0 0 0
 0 0 0 0 0 0 0 0 0 0 0 0 0 0 0 0 0 0 0 0 0 0 0 0 0 0
 0 0 0 0 0 0 0 0 0 0 0 0 0 0 0 0 0 0 0 0 0 0 0 0 0 0
 0 0 0 0 0 0 0 0 0 0 0 0 0 0 0 0 0 0 0 0 0 0 0 0 0 0
 0 0 0 0 0 0 0 0 0 0 0 0 0 0 0 0 0 0 0 0 0 0 0 0 0 0
 0 0 0 0 0 0 0 0 0 0 0 0 0 0 0 0 0 0 0 0 0 0 0 0 0 0
ppred_pel_tallas
 1.32387e-16 1.37984e-06 1.34125e-05 8.91318e-05 0.000405189 0.00126077 0.00268673 0.00392436 0.00393876 0.00275765 0.00150222 0.00111717 0.00193143 0.00421764 0.00852091 0.0154809 0.0255566 0.0389335 0.0555863 0.0752011 0.0967102 0.117687 0.134329 0.142531 0.139669 0.125948
 1.89316e-16 3.75071e-06 3.64583e-05 0.000242278 0.00110136 0.00342677 0.0073012 0.010657 0.0106602 0.00731697 0.00348125 0.00126573 0.000682318 0.00109193 0.00230072 0.0046072 0.00865853 0.0154583 0.0263888 0.0430035 0.0664173 0.0963776 0.130444 0.163865 0.190514 0.204697
 1.03936e-16 8.00601e-05 0.000778213 0.0051715 0.0235089 0.0731448 0.155843 0.227457 0.227457 0.155844 0.0731488 0.0235203 0.00520067 0.000843397 0.000208699 0.000232334 0.000363775 0.000545441 0.000793214 0.00115205 0.00168634 0.00245195 0.00345495 0.00461822 0.00577766 0.00671719
 1.00978e-16 4.98118e-05 0.000484189 0.00321761 0.0146268 0.0455096 0.0969644 0.14153 0.141568 0.0971474 0.0461237 0.0163994 0.00766283 0.0101739 0.0184105 0.030248 0.0433123 0.0539293 0.0583959 0.0550168 0.0451511 0.0323721 0.0204325 0.0115848 0.00620695 0.0034821
 1.06331e-16 2.15628e-05 0.000209599 0.00139286 0.00633177 0.0197008 0.0419764 0.0612767 0.0613284 0.0422294 0.0205507 0.00878891 0.00756942 0.0137219 0.0257677 0.0427813 0.0621229 0.0791395 0.0890337 0.0894812 0.0818671 0.0700852 0.0579705 0.0474625 0.0385834 0.0306066
 1.0006e-16 8.21932e-05 0.000798947 0.00530928 0.0241352 0.0750937 0.159995 0.233517 0.233518 0.159995 0.0750951 0.0241393 0.00531955 0.000821582 0.000125839 7.96608e-05 0.000110768 0.000147495 0.000178584 0.000200717 0.000215169 0.000225134 0.000231918 0.000233314 0.000225383 0.000205774
 1.0034e-16 2.57858e-06 2.50648e-05 0.000166569 0.000757254 0.0023566 0.00502442 0.00735279 0.00744582 0.00547888 0.00388188 0.0051599 0.0112069 0.02409 0.0455997 0.075102 0.107531 0.133842 0.144825 0.136239 0.111433 0.079265 0.0490621 0.0264621 0.0124842 0.00520596
 1.25656e-16 5.47489e-06 5.32179e-05 0.000353652 0.00160765 0.00500204 0.0106576 0.0155563 0.0155623 0.0106876 0.00510682 0.00192749 0.00122113 0.00216025 0.00462995 0.00926325 0.0170924 0.0292584 0.0465995 0.0689704 0.0944622 0.119071 0.137427 0.144641 0.138429 0.120254
 1.02371e-16 8.00668e-05 0.000778278 0.00517193 0.0235108 0.0731509 0.155856 0.227476 0.227477 0.155857 0.0731564 0.0235266 0.00521214 0.000868165 0.000257411 0.000317537 0.000497337 0.000735329 0.00104067 0.00144789 0.00200297 0.00273029 0.00359274 0.00447313 0.00519626 0.00558703
 1.01778e-16 2.1845e-05 0.000212341 0.00141109 0.00641464 0.0199587 0.0425267 0.0620835 0.0621531 0.0428667 0.0211 0.00970908 0.00967263 0.018221 0.0341461 0.0562131 0.0805005 0.100237 0.108545 0.102273 0.0839467 0.0602028 0.0380128 0.0215608 0.0115488 0.00646189
 1.00513e-16 8.00809e-05 0.000778415 0.00517284 0.023515 0.0731639 0.155883 0.227517 0.227518 0.155889 0.0731819 0.0235672 0.00530507 0.00107068 0.000645677 0.000967996 0.00144986 0.0019538 0.00239409 0.00272364 0.00294247 0.00306934 0.0031021 0.0030082 0.00275458 0.00234672
 1.00071e-16 7.81228e-05 0.000759381 0.00504636 0.02294 0.0713749 0.152072 0.221955 0.221959 0.152096 0.0714549 0.0231709 0.00562541 0.00202167 0.00247019 0.00394632 0.00564497 0.00703076 0.00761724 0.00718284 0.00590301 0.0042406 0.00268144 0.00151687 0.000796245 0.000416175
 1.00252e-16 6.4748e-05 0.000629374 0.00418241 0.0190126 0.0591555 0.126038 0.18396 0.18398 0.126135 0.0594826 0.019957 0.0065511 0.00579403 0.00985502 0.0161416 0.0231326 0.0288496 0.0313234 0.0296457 0.0245189 0.0178098 0.0114761 0.0066895 0.00365207 0.0019634
 1.00354e-16 7.57002e-05 0.000735833 0.00488987 0.0222286 0.0691616 0.147356 0.215072 0.215079 0.147389 0.0692724 0.0225486 0.00569311 0.00248928 0.00340567 0.00550988 0.00792792 0.00996398 0.0109624 0.0106174 0.00914674 0.0071388 0.00519856 0.00367112 0.0026006 0.00186475
 1.00161e-16 7.54898e-05 0.000733788 0.00487628 0.0221669 0.0689694 0.146947 0.214475 0.214483 0.146984 0.0690953 0.0225304 0.00578803 0.00272198 0.00384503 0.0062203 0.00891362 0.0111253 0.0120964 0.0114782 0.00953994 0.0069958 0.00459283 0.00277496 0.00161482 0.000956723
 1.00021e-16 8.13777e-05 0.00079102 0.00525661 0.0238958 0.0743486 0.158408 0.231201 0.231202 0.158413 0.0743667 0.0239481 0.00538774 0.00107697 0.000623573 0.000899747 0.00128266 0.00160101 0.00174142 0.00165345 0.00137557 0.00101017 0.000664366 0.000401855 0.000233229 0.000136523
 1.00434e-16 8.17951e-06 7.95078e-05 0.000528362 0.00240191 0.00747369 0.0159267 0.0232635 0.0233495 0.0163468 0.00888368 0.00647189 0.0107349 0.0223284 0.0421684 0.0694518 0.0994644 0.123852 0.134107 0.126313 0.103548 0.0739716 0.0461681 0.0253166 0.0123469 0.00549489
 1.00296e-16 8.13812e-05 0.000791055 0.00525684 0.0238968 0.0743519 0.158414 0.231211 0.231211 0.158415 0.0743552 0.0239066 0.00528223 0.000848865 0.00019809 0.000216624 0.000345714 0.000520611 0.000732991 0.000975092 0.00123009 0.00146514 0.00163245 0.0016843 0.0015959 0.00138073
 1.00453e-16 3.77108e-05 0.000366563 0.00243594 0.0110735 0.0344539 0.0734096 0.107154 0.107206 0.0736626 0.035303 0.0135244 0.00858216 0.013764 0.0254234 0.0418173 0.0598768 0.0745425 0.0806895 0.0759638 0.062232 0.0444233 0.0277213 0.0152478 0.00754972 0.00353867
 1.01171e-16 7.4493e-05 0.000724098 0.00481189 0.0218741 0.0680586 0.145006 0.211642 0.211648 0.145033 0.068149 0.0221358 0.00547085 0.00216995 0.00284181 0.00463556 0.00679835 0.0088126 0.0101929 0.0106945 0.0104223 0.00969875 0.00881259 0.00786568 0.00681417 0.00561294
 1.00823e-16 6.22568e-05 0.000605159 0.00402149 0.0182811 0.0568795 0.121189 0.176883 0.176905 0.121297 0.0572432 0.019331 0.00665492 0.00634778 0.0109504 0.0179573 0.0257513 0.0321504 0.0349783 0.0332361 0.0277096 0.0204669 0.0136614 0.00855929 0.00534371 0.00353491
 1.00436e-16 7.59384e-05 0.000738149 0.00490526 0.0222986 0.0693792 0.14782 0.215749 0.215755 0.147851 0.069483 0.0225983 0.00565783 0.00238149 0.00319826 0.00517044 0.0074479 0.00937918 0.0103537 0.0100861 0.00877644 0.00696593 0.00520771 0.00381206 0.00281287 0.00209638
 1.01989e-16 4.58404e-06 4.45586e-05 0.000296112 0.00134613 0.00418879 0.00892786 0.0130486 0.0131352 0.00935081 0.00560852 0.00544489 0.0105773 0.0224645 0.0425133 0.0700897 0.100529 0.125493 0.136482 0.129569 0.107788 0.0791863 0.0521755 0.0317463 0.0187043 0.0112862
 1.02829e-16 7.44267e-05 0.000723454 0.00480761 0.0218547 0.067998 0.144877 0.211452 0.211453 0.144882 0.0680143 0.0219033 0.00493588 0.00102392 0.000704823 0.00120282 0.00208621 0.00337203 0.00510428 0.00725903 0.00967429 0.0120061 0.0137734 0.0145152 0.0139922 0.0123093
 1.01534e-16 5.92238e-05 0.000575677 0.00382557 0.0173905 0.0541085 0.115285 0.168267 0.168292 0.11541 0.0545274 0.0185999 0.00685863 0.00718835 0.0125931 0.0206609 0.0296082 0.0369256 0.0401075 0.0380189 0.0315985 0.0232729 0.0155604 0.009927 0.00654663 0.00479283
 1.05445e-16 1.81695e-05 0.000176614 0.00117367 0.00533536 0.0166006 0.0353716 0.0516385 0.0516992 0.035668 0.0175963 0.00821224 0.00839863 0.0159605 0.0300284 0.0497005 0.0717894 0.0906717 0.100582 0.0987931 0.0871576 0.0707211 0.0545965 0.0415873 0.0319351 0.0245874
 1.0287e-16 7.40373e-05 0.000719669 0.00478245 0.0217403 0.0676423 0.144119 0.210347 0.21035 0.144135 0.0676954 0.0218949 0.00517465 0.00158938 0.00176554 0.00290554 0.00442111 0.00606738 0.00763567 0.00901256 0.0101967 0.0112016 0.0119368 0.0121958 0.011775 0.0106227
 1.00824e-16 6.89583e-05 0.0006703 0.00445438 0.020249 0.0630021 0.134233 0.19592 0.195935 0.134305 0.0632439 0.0209471 0.00620539 0.0044883 0.00730695 0.0119367 0.0171093 0.0213509 0.0232133 0.0220381 0.0183587 0.0135641 0.00909792 0.00580324 0.00378852 0.00270898
 1.03579e-16 8.49324e-06 8.25574e-05 0.000548627 0.00249402 0.00776025 0.0165369 0.0241522 0.0242292 0.0169132 0.00902361 0.00614249 0.00970463 0.0200629 0.0379331 0.0626389 0.090091 0.112982 0.123843 0.119187 0.101573 0.0778638 0.0551552 0.0375507 0.0256207 0.0179033
 1.26131e-16 1.16587e-05 0.000113326 0.000753095 0.00342347 0.0106517 0.0226952 0.0331272 0.0331411 0.0227634 0.0108838 0.00410666 0.00251639 0.00412261 0.00809446 0.0145841 0.0238491 0.0359069 0.0505762 0.067467 0.0856163 0.102959 0.116285 0.122169 0.118506 0.105678
 1.02221e-16 7.97729e-05 0.000775421 0.00515294 0.0234245 0.0728824 0.155284 0.226641 0.226642 0.155287 0.0728948 0.0234604 0.00524364 0.000975687 0.000467126 0.000665436 0.000999496 0.00136695 0.00173242 0.00210427 0.00253296 0.0030722 0.00372262 0.00440048 0.00495659 0.00523542
pSPR Fmed_Fpbrs
0.212831   0.6 0.325
Fs Fmed_Fpbrs
1.20035   0.31794 0.800639
SSBpbr Bo_Bmed_Bpbrs
1.49877e+06  244047  824323 412161
Ro
36571.7
SPR SPRFo_SPRFmed_SPRFpbrs
260415 55424.4 84634.7
Fref
0.31794
log_Ro
10.327
likeval ReclasPelacesDesembMPH_pf_preclas_ppelaces_ptallas_desvR_qrecl_qpela
 23.4186 20.5789 0.390374 0.00100274 356.045 131.929 115.156 0 146.98 0.000126469 0.000288648 0.0144132 8.20858e-16 0 0
q_reclas_q_pelaces
4.92134 11.2135
M
1
N
 3316.07 16481.1 73318.6 10669.3 0.0696826
 2020.27 1012.12 4429.44 19705 2867.48
 180989 363.361 111.802 489.291 2493.44
 53365.9 32676.1 40.3948 12.429 331.589
 2506.92 7324.19 2290.93 2.8321 24.1192
 289235 167.208 152.644 47.7456 0.561696
 2725.67 74679.4 33.9205 30.966 9.79979
 766.273 423.299 6445.11 2.92747 3.51824
 59680.5 156.809 58.0914 884.494 0.884577
 3284.64 11714 20.0622 7.43224 113.276
 30228.4 256.879 319.034 0.546401 3.28752
 124698 6366.35 36.9988 45.9511 0.552206
 63058.3 16991.3 440.977 2.56279 3.22113
 71608.3 7622.68 962.327 24.9753 0.32758
 39782.8 4978.46 170.339 21.5044 0.565426
 262519 2628.27 102.105 3.49355 0.452641
 4955.4 42836.7 246.498 9.57618 0.370102
 482190 668.523 2917.83 16.7902 0.677492
 99162.7 109193 108.777 474.765 2.84221
 259219 13986.8 8015.72 7.98517 35.0606
 160543 42197.3 1306.53 748.762 4.02098
 440600 26198 3957.93 122.547 70.6077
 6033.35 75909.3 2692.04 406.705 19.848
 171743 1179.76 9650.51 342.244 54.2286
 146500 38240.9 186.593 1526.34 62.7069
 16169.8 33984.5 6479.52 31.6162 269.248
 124279 3476.95 5068.77 966.417 44.8737
 210196 24549.9 449.656 655.517 130.785
 11938.7 58427.5 5638.02 103.266 180.579
 3658.63 3380.64 13842.8 1335.77 67.2492
 69011.3 476.116 216.742 887.499 89.9515
pred_Ctot
 362.525 2879.51 12809.9 1864.09 0.0121747
 691.109 491.653 2151.67 9572.02 1392.92
 61671.3 175.943 54.1357 236.919 1207.34
 22858.5 18952.2 23.4291 7.20887 192.322
 1475.57 5318.83 1663.68 2.05667 17.5154
 56099.5 49.7334 45.4015 14.2011 0.167067
 1066.12 40382.2 18.3422 16.7446 5.29915
 225.31 181.322 2760.79 1.25399 1.50705
 18507.1 70.242 26.0218 396.205 0.396242
 1839.66 8232.53 14.0996 5.22334 79.6096
 8543.83 106.407 132.153 0.226335 1.36178
 53669.2 3705.96 21.5376 26.7489 0.321448
 29199.3 10446.1 271.109 1.57558 1.98033
 41638.2 5491.77 693.309 17.9935 0.236006
 23480.3 3621.78 123.92 15.6443 0.411342
 98507.1 1375.42 53.4334 1.82823 0.236874
 2146.83 25060.1 144.205 5.60221 0.216515
 121858 251.478 1097.6 6.31597 0.254852
 41688.7 62437.3 62.1993 271.474 1.6252
 97471.2 7331.64 4201.69 4.18567 18.3781
 60238.8 22081.7 683.705 391.824 2.10416
 157315 13175.4 1990.51 61.6311 35.5098
 1879.56 34133.7 1210.51 182.881 8.92497
 44624.5 454.613 3718.76 131.882 20.8967
 35509.5 13870.3 67.6787 553.616 22.7443
 4434.59 13719.4 2615.75 12.7633 108.694
 38237 1547.27 2255.64 430.062 19.9691
 33223 6056.93 110.939 161.729 32.2671
 1775.24 13623.6 1314.62 24.0786 42.1056
 1621.83 2012.18 8239.34 795.062 40.0272
 26346.8 252.592 114.987 470.84 47.7215
F
 0.186732 0.31394 0.31394 0.31394 0.31394
 0.715586 1.20307 1.20307 1.20307 1.20307
 0.711795 1.1967 1.1967 1.1967 1.1967
 0.98599 1.65768 1.65768 1.65768 1.65768
 1.70757 2.87083 2.87083 2.87083 2.87083
 0.354037 0.595221 0.595221 0.595221 0.595221
 0.86239 1.44988 1.44988 1.44988 1.44988
 0.586508 0.98606 0.98606 0.98606 0.98606
 0.628222 1.05619 1.05619 1.05619 1.05619
 1.54841 2.60324 2.60324 2.60324 2.60324
 0.557756 0.93772 0.937721 0.937721 0.937721
 0.99319 1.66979 1.66979 1.66979 1.66979
 1.11293 1.8711 1.8711 1.8711 1.8711
 1.66609 2.8011 2.8011 2.8011 2.8011
 1.71711 2.88687 2.88687 2.88687 2.88687
 0.812929 1.36673 1.36673 1.36673 1.36673
 1.00316 1.68656 1.68656 1.68656 1.68656
 0.485222 0.815775 0.815775 0.815775 0.815775
 0.958645 1.61171 1.61171 1.61171 1.61171
 0.815315 1.37074 1.37074 1.37074 1.37074
 0.812875 1.36664 1.36664 1.36664 1.36664
 0.7586 1.27539 1.27539 1.27539 1.27539
 0.631991 1.06253 1.06253 1.06253 1.06253
 0.502092 0.844136 0.844136 0.844136 0.844136
 0.461124 0.775259 0.775259 0.775259 0.775259
 0.536989 0.902806 0.902806 0.902806 0.902806
 0.621821 1.04543 1.04543 1.04543 1.04543
 0.280255 0.471175 0.471175 0.471175 0.471175
 0.261725 0.440022 0.440022 0.440022 0.440022
 1.03918 1.74711 1.74711 1.74711 1.74711
 0.833031 1.40052 1.40052 1.40052 1.40052
nmprior
 8 9 7.5 0
nm_flota  nm_reclas  nm_pelaces    nm_pelaL
inf 14.8349 2.73543 3.34527
cv_recla  cv_pelaces  cv_mph
0.437729 0.533797 0.977238
 ------------------------------------------------
Talla a la edad & desviación 
 8 13.2811 15.8009 17.003 17.5766
 0.8 1.32811 1.58009 1.7003 1.75766
