    unsorted:	 9.045711273e-05 0.001099987354 0.5117192900 0.5164115760 10.57617930 11.11273251 14.08903331 22.81345945 57.91081116 86.35258616 138.3550457 209.6778542 217.4079184 172.6463649 350.3342717 425.5805949 478.0457070 560.2917636 597.8552314 713.7641285 759.6751269 812.2608578 836.5257050 879.2006392 909.2341584 953.8619796 999.3990491 1036.440409 1099.731159 1296.358439 1431.137475 1600.272943 1620.083276 1828.154170 1797.041249 1866.876932 2061.251742 2207.313632 2279.697574 2742.983831 3083.202434 3100.842588 3539.808862 12580.49299 40018.81834 158167.6060 192984.4847 344223.4794 329125.8981 314633.8960 355677.3219 367286.2891 279541.8574 411950.4561 413912.1995 437862.5449 519875.9095 538455.1705 702579.7013 744724.3289 785110.5135 817187.6985 927954.7444 1177228.269 1303687.050 1415293.015 1480989.091 1555438.958 1683936.275 1878962.540 2089672.312 2150410.904 2701772.920 2756335.243 3042703.964 3277606.864 3481501.107
      sorted:	 9.045711273e-05 0.001099987354 0.5117192900 0.5164115760 10.57617930 11.11273251 14.08903331 22.81345945 57.91081116 86.35258616 138.3550457 172.6463649 209.6778542 217.4079184 350.3342717 425.5805949 478.0457070 560.2917636 597.8552314 713.7641285 759.6751269 812.2608578 836.5257050 879.2006392 909.2341584 953.8619796 999.3990491 1036.440409 1099.731159 1296.358439 1431.137475 1600.272943 1620.083276 1797.041249 1828.154170 1866.876932 2061.251742 2207.313632 2279.697574 2742.983831 3083.202434 3100.842588 3539.808862 12580.49299 40018.81834 158167.6060 192984.4847 279541.8574 314633.8960 329125.8981 344223.4794 355677.3219 367286.2891 411950.4561 413912.1995 437862.5449 519875.9095 538455.1705 702579.7013 744724.3289 785110.5135 817187.6985 927954.7444 1177228.269 1303687.050 1415293.015 1480989.091 1555438.958 1683936.275 1878962.540 2089672.312 2150410.904 2701772.920 2756335.243 3042703.964 3277606.864 3481501.107
