    unsorted:	 2.357271881e-06 2.256392281e-06 5.936443264e-05 5.192525292e-05 8.689860477e-05 0.001099992872 3.287043877 13.24568708 46.09628312 62.86995240 157.0499414 226.8306338 253.6547562 332.4727186 472.2719642 604.2701106 653.1837911 790.2119965 847.3384100 886.0204721 931.6684066 986.6835549 1105.890847 1193.740956 1410.055955 1464.188799 1670.789606 1927.710138 1900.306465 2047.452739 2256.649364 2378.374184 2398.544356 2500.641598 2558.428381 2620.479426 2788.650776 3119.698855 3147.665386 3231.816686 3655.888628 3808.960604 4207.762247 7883.621998 39129.54949 399210.6855 395218.6102 406317.4826 384043.2243 366500.1967 425684.9442 449379.4565 452336.2886 460777.0836 347879.0684 158309.8911 290828.0709 505232.2238 581137.7925 595164.3464 640242.7895 653681.1624 686903.7177 917751.6072 980360.1518 1056948.977 1162807.092 1413307.068 1484899.304 1618398.259 1725835.443 2311131.071 2371815.162 2681811.480 2758625.977 2979198.332 3244456.682
      sorted:	 2.256392281e-06 2.357271881e-06 5.192525292e-05 5.936443264e-05 8.689860477e-05 0.001099992872 3.287043877 13.24568708 46.09628312 62.86995240 157.0499414 226.8306338 253.6547562 332.4727186 472.2719642 604.2701106 653.1837911 790.2119965 847.3384100 886.0204721 931.6684066 986.6835549 1105.890847 1193.740956 1410.055955 1464.188799 1670.789606 1900.306465 1927.710138 2047.452739 2256.649364 2378.374184 2398.544356 2500.641598 2558.428381 2620.479426 2788.650776 3119.698855 3147.665386 3231.816686 3655.888628 3808.960604 4207.762247 7883.621998 39129.54949 158309.8911 290828.0709 347879.0684 366500.1967 384043.2243 395218.6102 399210.6855 406317.4826 425684.9442 449379.4565 452336.2886 460777.0836 505232.2238 581137.7925 595164.3464 640242.7895 653681.1624 686903.7177 917751.6072 980360.1518 1056948.977 1162807.092 1413307.068 1484899.304 1618398.259 1725835.443 2311131.071 2371815.162 2681811.480 2758625.977 2979198.332 3244456.682
