    unsorted:	 2.364896357e-06 2.291580467e-06 5.281533394e-06 6.009714484e-05 5.435976593e-05 8.085887960e-05 0.001099993399 13.17783525 63.10077352 164.5206363 145.3053687 234.1752770 282.4214403 377.1938216 486.7734021 705.5468247 616.8789084 805.0941642 879.1039468 930.4062151 951.5121166 1118.676742 1254.973514 1342.409885 1487.456658 1580.113351 1900.975669 1985.151828 2112.638193 2236.245662 2438.697703 2363.235551 2480.867371 2564.966262 2591.902610 2752.773356 3010.125530 3141.921122 3369.659412 3623.036526 3819.518352 4137.615517 5296.886561 8690.975859 37190.09686 412017.7648 416055.5818 404582.7903 402703.6069 385291.1372 366321.1159 451722.2957 465454.0158 472943.3160 476434.2963 341853.0711 158326.4758 529930.3104 562061.5803 588453.3257 619252.9311 670901.1251 824061.6273 886560.4466 1009831.862 1069880.536 1339571.638 1465446.986 1559654.365 1653472.131 2232872.593 2343763.436 2522181.305 2689906.303 3110938.965 3090186.758 3564072.579
      sorted:	 2.291580467e-06 2.364896357e-06 5.281533394e-06 5.435976593e-05 6.009714484e-05 8.085887960e-05 0.001099993399 13.17783525 63.10077352 145.3053687 164.5206363 234.1752770 282.4214403 377.1938216 486.7734021 616.8789084 705.5468247 805.0941642 879.1039468 930.4062151 951.5121166 1118.676742 1254.973514 1342.409885 1487.456658 1580.113351 1900.975669 1985.151828 2112.638193 2236.245662 2363.235551 2438.697703 2480.867371 2564.966262 2591.902610 2752.773356 3010.125530 3141.921122 3369.659412 3623.036526 3819.518352 4137.615517 5296.886561 8690.975859 37190.09686 158326.4758 341853.0711 366321.1159 385291.1372 402703.6069 404582.7903 412017.7648 416055.5818 451722.2957 465454.0158 472943.3160 476434.2963 529930.3104 562061.5803 588453.3257 619252.9311 670901.1251 824061.6273 886560.4466 1009831.862 1069880.536 1339571.638 1465446.986 1559654.365 1653472.131 2232872.593 2343763.436 2522181.305 2689906.303 3090186.758 3110938.965 3564072.579
