years
 1991 1992 1993 1994 1995 1996 1997 1998 1999 2000 2001 2002 2003 2004 2005 2006 2007 2008 2009 2010 2011 2012 2013 2014 2015 2016 2017 2018 2019 2020 2021
reclasobs
 0 0 0 0 0 0 0 0 0 252601 567819 844713 477998 351125 339783 2.1784e+06 2.13404e+06 4.81314e+06 1.55562e+06 2.62356e+06 3.21686e+06 3.843e+06 1.13348e+06 3.07943e+06 1.97215e+06 2.03268e+06 2.025e+06 2.42433e+06 2.27542e+06 1.05018e+06 2.36338e+06
reclaspred
 4.32145e+06 1.38571e+06 993865 534459 45876.4 2.00392e+06 624543 119770 728683 188122 236503 817862 476809 456068 286456 1.97756e+06 1.13324e+06 7.38635e+06 4.67548e+06 1.54195e+06 3.8492e+06 3.68129e+06 1.96204e+06 4.29782e+06 2.64481e+06 1.32395e+06 2.47413e+06 5.50553e+06 4.16885e+06 1.60255e+06 293810
pelacesobs
 0 0 0 0 0 0 0 0 0 0 0 0 0 0 0 552880 188675 0 991730 2.46772e+06 1.41603e+06 1.21717e+06 2.29649e+06 1.80582e+06 0 1.4828e+06 1.56532e+06 1.57751e+06 1.42118e+06 867257 0
pelacespred
 983109 313274 179660 64794.5 4048.46 412285 88774.6 20773 139171 24398.3 45085.7 137159 76653.4 79476.5 45585.6 340181 190187 1.6463e+06 998236 320447 786539 709214 381630 1.00449e+06 579452 278871 620841 1.35771e+06 864094 412811 54748.2
mphobs
 0 0 0 0 0 0 0 0 0 0 0 498337 0 5186 125008 0 168611 109162 213762 579715 649985 157893 87575 83554 0 0 0 0 0 0 0
mphpred
 2.23802e+06 979303 211754 272694 59181.3 2818.39 464772 82221.2 17722.8 146671 18289.3 59891.5 174586 62789.6 47044.4 39829.9 548778 267227 2.09644e+06 1.00167e+06 383255 901208 974030 510475 1.09821e+06 670737 284865 579546 1.8541e+06 1.01399e+06 246984
desembarqueobs
 494567 514787 250237 358949 120608 361735 552515 73892 212993 205616 52469 317467 293654 387597 252695 516296 358380 742168 942051 627588 828172 859565 418607 520667 417249 300574 407403 355545 319650 289779 219260
desembarquepred
 494504 514270 250127 358268 120417 361454 551575 73844.3 212776 205317 52440.3 317055 293132 386646 252214 515716 358154 741659 940399 625897 827363 858410 418237 520337 416817 300166 407036 355344 319415 289312 218769
Reclutas
 1570.36 961.58 226451 2908.37 1141.08 288234 1271.26 361.136 67589.7 1663.79 35968.2 159193 45527.5 76905.1 41315.6 379246 2958.71 1.00856e+06 147922 22580.8 418033 494455 3379.77 302573 132976 13070.2 218175 447352 7717.13 2841.27 2036.19
log_desv_Rt
 -2.8115 -3.30198 2.15972 -2.19522 -3.13083 2.40096 -3.0228 -4.28131 0.950649 -2.75371 0.319827 1.80731 0.55551 1.07977 0.458432 2.67538 -2.17805 3.65347 1.73388 -0.145708 2.77275 2.94065 -2.045 2.44952 1.62736 -0.692469 2.12249 2.84054 -1.21936 -2.21856 -2.55173
SSB
 2.23802e+06 979303 211754 272694 59181.3 2818.39 464772 82221.2 17722.8 146671 18289.3 59891.5 174586 62789.6 47044.4 39829.9 548778 267227 2.09644e+06 1.00167e+06 383255 901208 974030 510475 1.09821e+06 670737 284865 579546 1.8541e+06 1.01399e+06 246984
BT
 2.72857e+06 1.28929e+06 640328 396470 117013 1.27187e+06 694698 118698 510780 235626 149834 577417 430485 588470 355026 1.19098e+06 722417 4.46543e+06 3.18128e+06 1.39425e+06 2.54517e+06 2.39891e+06 1.24021e+06 2.81241e+06 1.73595e+06 926033 1.86687e+06 3.47497e+06 2.25385e+06 1.27435e+06 367527
Ftot
 0.231039 0.705532 0.701534 1.23332 3.11585 0.602522 1.53596 1.11809 0.931064 1.82359 0.687061 1.14563 1.36068 2.1947 2.24884 0.840004 0.634113 0.325934 0.441285 0.794631 0.624355 0.611289 0.433229 0.353951 0.363268 0.469759 0.490925 0.198502 0.160553 0.3606 1.31352
BD_Bspro_t
 0.963864 0.710114 0.352046 0.424842 0.111909 0.00912364 0.471171 0.123134 0.0445786 0.283142 0.069481 0.284536 0.34069 0.139516 0.103048 0.0936205 0.447306 0.283731 0.682325 0.474922 0.246721 0.427076 0.468165 0.352286 0.561909 0.502252 0.371314 0.56896 0.784232 0.664979 0.403446
BD_Bspro
 12.0316 5.26475 1.13839 1.46601 0.31816 0.0151517 2.49862 0.442023 0.0952781 0.788506 0.0983238 0.321978 0.93858 0.337558 0.252911 0.214126 2.95024 1.43662 11.2705 5.38499 2.06039 4.84491 5.2364 2.74433 5.90399 3.6059 1.53144 3.11565 9.96769 5.45121 1.32779
BD_Bo
 1.27614 0.558408 0.120744 0.155493 0.0337458 0.00160707 0.265017 0.0468833 0.0101057 0.0836331 0.0104287 0.0341507 0.0995509 0.0358032 0.0268251 0.0227114 0.312918 0.152375 1.19541 0.571161 0.218536 0.513877 0.555401 0.291078 0.626209 0.382461 0.162432 0.330462 1.05723 0.578184 0.140833
BD_Brms
 5.95933 2.60765 0.563851 0.72612 0.157586 0.00750472 1.23758 0.218936 0.0471916 0.39055 0.0487002 0.159477 0.464883 0.167194 0.125268 0.106058 1.46127 0.711564 5.58234 2.66721 1.02052 2.39971 2.59361 1.35928 2.92427 1.78602 0.758528 1.5432 4.93704 2.70001 0.657661
Sel_flota
 0.591899 0.964982 0.998094 0.999899 0.999995
 0.591899 0.964982 0.998094 0.999899 0.999995
 0.591899 0.964982 0.998094 0.999899 0.999995
 0.591899 0.964982 0.998094 0.999899 0.999995
 0.591899 0.964982 0.998094 0.999899 0.999995
 0.591899 0.964982 0.998094 0.999899 0.999995
 0.591899 0.964982 0.998094 0.999899 0.999995
 0.591899 0.964982 0.998094 0.999899 0.999995
 0.591899 0.964982 0.998094 0.999899 0.999995
 0.591899 0.964982 0.998094 0.999899 0.999995
 0.591899 0.964982 0.998094 0.999899 0.999995
 0.591899 0.964982 0.998094 0.999899 0.999995
 0.591899 0.964982 0.998094 0.999899 0.999995
 0.591899 0.964982 0.998094 0.999899 0.999995
 0.591899 0.964982 0.998094 0.999899 0.999995
 0.591899 0.964982 0.998094 0.999899 0.999995
 0.591899 0.964982 0.998094 0.999899 0.999995
 0.591899 0.964982 0.998094 0.999899 0.999995
 0.591899 0.964982 0.998094 0.999899 0.999995
 0.591899 0.964982 0.998094 0.999899 0.999995
 0.591899 0.964982 0.998094 0.999899 0.999995
 0.591899 0.964982 0.998094 0.999899 0.999995
 0.591899 0.964982 0.998094 0.999899 0.999995
 0.591899 0.964982 0.998094 0.999899 0.999995
 0.591899 0.964982 0.998094 0.999899 0.999995
 0.591899 0.964982 0.998094 0.999899 0.999995
 0.591899 0.964982 0.998094 0.999899 0.999995
 0.591899 0.964982 0.998094 0.999899 0.999995
 0.591899 0.964982 0.998094 0.999899 0.999995
 0.591899 0.964982 0.998094 0.999899 0.999995
 0.591899 0.964982 0.998094 0.999899 0.999995
Sel_reclas
 1 1 1 1 1
 1 1 1 1 1
 1 1 1 1 1
 1 1 1 1 1
 1 1 1 1 1
 1 1 1 1 1
 1 1 1 1 1
 1 1 1 1 1
 1 1 1 1 1
 1 1 1 1 1
 1 1 1 1 1
 1 1 1 1 1
 1 1 1 1 1
 1 1 1 1 1
 1 1 1 1 1
 1 1 1 1 1
 1 1 1 1 1
 1 1 1 1 1
 1 1 1 1 1
 1 1 1 1 1
 1 1 1 1 1
 1 1 1 1 1
 1 1 1 1 1
 1 1 1 1 1
 1 1 1 1 1
 1 1 1 1 1
 1 1 1 1 1
 1 1 1 1 1
 1 1 1 1 1
 1 1 1 1 1
 1 1 1 1 1
Sel_pelaces
 1 1 1 1 1
 1 1 1 1 1
 1 1 1 1 1
 1 1 1 1 1
 1 1 1 1 1
 1 1 1 1 1
 1 1 1 1 1
 1 1 1 1 1
 1 1 1 1 1
 1 1 1 1 1
 1 1 1 1 1
 1 1 1 1 1
 1 1 1 1 1
 1 1 1 1 1
 1 1 1 1 1
 1 1 1 1 1
 1 1 1 1 1
 1 1 1 1 1
 1 1 1 1 1
 1 1 1 1 1
 1 1 1 1 1
 1 1 1 1 1
 1 1 1 1 1
 1 1 1 1 1
 1 1 1 1 1
 1 1 1 1 1
 1 1 1 1 1
 1 1 1 1 1
 1 1 1 1 1
 1 1 1 1 1
 1 1 1 1 1
pf_obs 
 0.8446 0.082 0.0669 0.0065 0
 0.8095 0.147 0.0364 0.0071 0
 0.9664 0.0169 0.016 0.0007 0
 0.9276 0.0648 0.0075 0.0001 0
 0.7033 0.2144 0.0806 0.0017 0
 0.9318 0.0425 0.0243 0.0014 0
 0.5671 0.3108 0.0964 0.0239 0.0018
 0.0768 0.2599 0.5324 0.112 0.0189
 0.490249 0.384438 0.106611 0.0170017 0.00170017
 0.7925 0.1577 0.0466 0.003 0.0002
 0.840416 0.127587 0.0312969 0.00059994 9.999e-05
 0.8084 0.0986 0.0794 0.0134 0.0002
 0.7335 0.1905 0.0724 0.0035 0.0001
 0.4001 0.4547 0.1325 0.0127 0
 0.49795 0.308269 0.164784 0.0264974 0.00249975
 0.9179 0.0499 0.0305 0.0017 0
 0.2467 0.6533 0.0926 0.0074 0
 0.9418 0.0223 0.034 0.0019 0
 0.707729 0.231977 0.0356964 0.0245975 0
 0.517169 0.277429 0.184464 0.0207286 0.00020938
 0.811772 0.124168 0.05621 0.00726502 0.000585176
 0.764997 0.148141 0.077277 0.00933861 0.000247198
 0.163321 0.427699 0.378323 0.0303852 0.000271297
 0.753843 0.0900009 0.118128 0.0371064 0.000921714
 0.721811 0.176058 0.0630433 0.0369309 0.00215725
 0.143369 0.312575 0.442814 0.0836902 0.0175525
 0.692698 0.0596174 0.167031 0.0765114 0.00414204
 0.394062 0.376323 0.152708 0.0712218 0.00568511
 0.125707 0.32114 0.495352 0.0537591 0.00404204
 0.23352 0.215282 0.420074 0.123614 0.00750983
 0 0 0 0 0
pf_pred 
 0.00715738 0.17176 0.736507 0.0845759 3.88694e-07
 0.0156306 0.0120953 0.173437 0.716699 0.0821382
 0.95221 0.00144748 0.000597848 0.00817729 0.0375676
 0.0357704 0.940327 0.000759934 0.000299344 0.0228435
 0.120845 0.0658781 0.794335 0.000604206 0.018337
 0.999055 0.000344277 4.99436e-05 0.000538451 1.27577e-05
 0.0125294 0.986978 0.000184844 2.56273e-05 0.000282148
 0.0378269 0.0277735 0.933965 0.000163466 0.000271137
 0.982066 0.00143131 0.000503481 0.0159918 7.41782e-06
 0.0804874 0.911611 0.000663743 0.00022144 0.00701669
 0.954963 0.00817368 0.03657 2.47008e-05 0.000268212
 0.926321 0.0719355 0.000328752 0.0014033 1.12101e-05
 0.518228 0.464296 0.0170854 7.36864e-05 0.000316056
 0.850636 0.105738 0.0421384 0.00145509 3.30738e-05
 0.798794 0.18982 0.00825891 0.00302045 0.000106174
 0.983553 0.015128 0.00125066 4.98885e-05 1.87975e-05
 0.0226722 0.968993 0.00769671 0.000605107 3.31409e-05
 0.972549 0.0011201 0.0261166 0.000198241 1.63988e-05
 0.237425 0.750606 0.000506893 0.0113692 9.32426e-05
 0.115505 0.313115 0.562788 0.000364631 0.0082271
 0.917152 0.0169897 0.0240611 0.0411702 0.000626766
 0.748246 0.240351 0.00242678 0.00328451 0.00569164
 0.0145122 0.832364 0.146492 0.00141411 0.00521738
 0.836857 0.00411701 0.135162 0.0228323 0.00103121
 0.462184 0.484797 0.00139066 0.0438951 0.00773347
 0.115047 0.528818 0.322324 0.000888711 0.0329229
 0.881882 0.0223471 0.0581948 0.0340161 0.00355981
 0.814465 0.172884 0.00247823 0.00618734 0.00398602
 0.0283132 0.854113 0.109833 0.00151879 0.00622246
 0.0315883 0.0443642 0.815678 0.101248 0.00712203
 0.0884963 0.0505944 0.0409811 0.723952 0.0959761
pobs_RECLAS
 0 0 0 0 0
 0 0 0 0 0
 0 0 0 0 0
 0 0 0 0 0
 0 0 0 0 0
 0 0 0 0 0
 0 0 0 0 0
 0 0 0 0 0
 0 0 0 0 0
 0 0 0 0 0
 0.991045 0.00858322 0.000360255 1.14367e-05 0
 0.934742 0.0480273 0.0164251 0.00080598 0
 0.827803 0.169806 0.00239088 0 0
 0.941827 0.0461693 0.0120037 0 0
 0.791401 0.0380133 0.147996 0.0225897 0
 0.846168 0.0940531 0.0597789 0 0
 0.134021 0.677848 0.182769 0.00536245 0
 0.80878 0.0450904 0.141981 0.00414843 0
 0.846168 0.0940531 0.0597789 0 0
 0.905697 0.0802665 0.012482 0.00150086 5.37128e-05
 0.989698 0.0102097 9.19794e-05 0 0
 0.975433 0.0193895 0.00387452 0.00125025 5.28907e-05
 0.303575 0.632131 0.0575291 0.00676475 0
 0.966965 0.00978017 0.0227588 0.000495775 0
 0.843318 0.132988 0.00938335 0.0141283 0.000182051
 0.564624 0.303363 0.111486 0.0197234 0.00080311
 0.826376 0.0876187 0.0782897 0.00655872 0.00115652
 0.89761 0.0855135 0.0140674 0.00269457 0.000114338
 0.34875 0.467042 0.161289 0.0227151 0.000203297
 0.318654 0.224769 0.449479 0.00709798 0
 0.937255 0.0296025 0.0250945 0.00804832 0
ppred_RECLAS
 0.0120476 0.175873 0.728569 0.0835098 3.83758e-07
 0.0270336 0.0124187 0.171626 0.707811 0.0811112
 0.972101 0.000877465 0.000349301 0.00476825 0.0219037
 0.0610141 0.916664 0.000711258 0.000279556 0.0213311
 0.238939 0.0603758 0.684422 0.000518862 0.0157441
 0.999448 0.000205716 2.87795e-05 0.000309674 7.33643e-06
 0.0222898 0.977244 0.000175248 2.42402e-05 0.000266844
 0.0661549 0.0280169 0.905408 0.000158129 0.000262255
 0.989813 0.000843731 0.000285619 0.00905329 4.19891e-06
 0.139277 0.853675 0.000593475 0.000197504 0.0062574
 0.97352 0.0049522 0.0213568 1.43967e-05 0.00015631
 0.956265 0.0427416 0.000187674 0.00079938 6.38501e-06
 0.655806 0.332203 0.0117241 5.04505e-05 0.000216367
 0.91744 0.0592962 0.022472 0.000773883 1.75876e-05
 0.885118 0.108691 0.0044944 0.00163918 5.76116e-05
 0.990283 0.0089644 0.000713652 2.84097e-05 1.07034e-05
 0.0374635 0.95462 0.00731108 0.000573665 3.14157e-05
 0.983731 0.000686394 0.0154554 0.000117096 9.68545e-06
 0.340829 0.649197 0.000423152 0.00947296 7.76829e-05
 0.184741 0.295631 0.511831 0.000330949 0.00746635
 0.950296 0.0105013 0.0143405 0.0244897 0.000372788
 0.832969 0.159735 0.00155528 0.00210088 0.00364018
 0.0239757 0.828859 0.140804 0.00135662 0.00500477
 0.897694 0.00267209 0.0847067 0.0142823 0.000644987
 0.587806 0.372891 0.0010328 0.0325384 0.00573208
 0.17978 0.497163 0.292441 0.000804781 0.0298107
 0.927509 0.0141246 0.0354932 0.0207069 0.00216677
 0.878408 0.113574 0.00157303 0.00392012 0.00252518
 0.0457674 0.842213 0.104657 0.00144456 0.0059178
 0.0528252 0.044875 0.796656 0.0987011 0.0069422
 0.151241 0.0490863 0.0381475 0.672395 0.0891305
pobs_PELACES
 0 0 0 0 0
 0 0 0 0 0
 0 0 0 0 0
 0 0 0 0 0
 0 0 0 0 0
 0 0 0 0 0
 0 0 0 0 0
 0 0 0 0 0
 0 0 0 0 0
 0 0 0 0 0
 0 0 0 0 0
 0 0 0 0 0
 0 0 0 0 0
 0 0 0 0 0
 0 0 0 0 0
 0 0 0 0 0
 0.505614 0.472636 0.0217494 0 0
 0 0 0 0 0
 0.443492 0.261883 0.143347 0.151278 0
 0.227955 0.32914 0.350689 0.0885471 0.00366901
 0.970185 0.0296113 0.000203453 0 0
 0.997202 0.00247181 0.000326279 0 0
 0.445219 0.490057 0.0546422 0.010081 0
 0.90214 0.0892962 0.00764917 0.000914606 0
 0 0 0 0 0
 0.581667 0.319106 0.0959925 0.00289975 0.000334073
 0.762889 0.0836404 0.116647 0.0363945 0.000428098
 0.88444 0.0763242 0.0277011 0.0115352 0
 0.521256 0.241999 0.230069 0.00667565 0
 0.616807 0.101726 0.260614 0.0208532 0
 0 0 0 0 0
ppred_PELACES
 0.0124165 0.176174 0.727978 0.0834306 3.83391e-07
 0.0296425 0.0124843 0.171207 0.705788 0.0808776
 0.974546 0.000806882 0.000318751 0.0043494 0.0199792
 0.0703375 0.907867 0.000695003 0.000272967 0.0208274
 0.322229 0.0554803 0.607874 0.000459976 0.0139559
 0.99949 0.000191016 2.65477e-05 0.000285556 6.76493e-06
 0.0268056 0.972738 0.000171537 2.37051e-05 0.000260942
 0.0760122 0.0280516 0.895521 0.000156299 0.000259209
 0.990994 0.000753249 0.000252408 0.00799617 3.70851e-06
 0.168454 0.824877 0.000562141 0.000186873 0.00592025
 0.97576 0.004561 0.0195226 1.31549e-05 0.000142824
 0.961809 0.0373341 0.000161891 0.000689089 5.50387e-06
 0.692684 0.296763 0.0103188 4.43671e-05 0.000190269
 0.936135 0.0461783 0.0170859 0.00058763 1.33538e-05
 0.910521 0.0847693 0.00342015 0.00124571 4.37795e-05
 0.991235 0.00809141 0.000638269 2.5396e-05 9.56773e-06
 0.0403849 0.951777 0.00723897 0.000567793 3.10935e-05
 0.984414 0.000659853 0.014805 0.000112147 9.27594e-06
 0.353156 0.637106 0.000413273 0.00924937 7.58483e-05
 0.200818 0.291408 0.500158 0.000323248 0.00729244
 0.954048 0.00976273 0.0132413 0.0226041 0.000344077
 0.843219 0.149978 0.00145055 0.0019587 0.00339377
 0.0252736 0.828348 0.140052 0.00134903 0.00497671
 0.901964 0.00257031 0.0811658 0.0136824 0.000617888
 0.598694 0.363185 0.00100194 0.0315592 0.00555951
 0.188778 0.492708 0.288337 0.000793265 0.0293837
 0.93175 0.0133569 0.0333847 0.0194711 0.00203743
 0.88101 0.11116 0.00153626 0.00382804 0.00246585
 0.0466476 0.84161 0.104399 0.00144086 0.0059026
 0.0552881 0.0449277 0.794455 0.0984073 0.00692146
 0.175236 0.0483818 0.0370642 0.65279 0.0865282
pobs_pel_tallas
 0 0 0 0 0 0 0 0 0 0 0 0 0 0 0 0 0 0 0 0 0 0 0 0 0 0
 0 0 0 0 0 0 0 0 0 0 0 0 0 0 0 0 0 0 0 0 0 0 0 0 0 0
 0 0 0 0 0 0 0 0 0 0 0 0 0 0 0 0 0 0 0 0 0 0 0 0 0 0
 0 0 0 0 0 0 0 0 0 0 0 0 0 0 0 0 0 0 0 0 0 0 0 0 0 0
 0 0 0 0 0 0 0 0 0 0 0 0 0 0 0 0 0 0 0 0 0 0 0 0 0 0
 0 0 0 0 0 0 0 0 0 0 0 0 0 0 0 0 0 0 0 0 0 0 0 0 0 0
 0 0 0 0 0 0 0 0 0 0 0 0 0 0 0 0 0 0 0 0 0 0 0 0 0 0
 0 0 0 0 0 0 0 0 0 0 0 0 0 0 0 0 0 0 0 0 0 0 0 0 0 0
 0 0 0 0 0 0 0 0 0 0 0 0 0 0 0 0 0 0 0 0 0 0 0 0 0 0
 0 0 0 0 0 0 0 0 0 0 0 0 0 0 0 0 0 0 0 0 0 0 0 0 0 0
 0 0 0 0 0 0 0 0 0 0 0 0 0 0 0 0 0 0 0 0 0 0 0 0 0 0
 0 0 0 0 0 0 0 0 0 0 0 0 0 0 0 0 0 0 0 0 0 0 0 0 0 0
 0.00862536 0 0 0.000197151 0.00414017 0.0128641 0.00837892 0.0270097 0.101434 0.158115 0.152841 0.127902 0.109271 0.109419 0.0830992 0.0579132 0.0238553 0.00714673 0.00463305 0.00128148 0.00103504 0.000492878 0.000147863 0.000147863 4.92878e-05 0
 0 0 0 0 0 0 0 0 0 0 0 0 0 0 0 0 0 0 0 0 0 0 0 0 0 0
 0 0 0 0 0 0 0 0.0054083 0.00873648 0.0413646 0.0450493 0.0745869 0.0622846 0.0627006 0.0613931 0.0827291 0.12552 0.122667 0.0946155 0.0697135 0.0546179 0.0294188 0.0215738 0.0213955 0.0102223 0.00600262
 0 0 0 0 0.00359764 0.0251062 0.0480494 0.140153 0.205849 0.193036 0.1447 0.116669 0.0760912 0.0342217 0.00950174 0.001854 0.000860785 0 0 0 0.000165536 0 0.000143464 0 0 0
 0 0 0 0 0 0 0 0.000145254 0.000435761 0.0275982 0.070085 0.0708112 0.156366 0.174668 0.174014 0.160142 0.0824315 0.0480064 0.0283245 0.00493863 0.00203355 0 0 0 0 0
 0 0 0 0 0 0 0 0 0 0 0 0 0 0 0 0 0 0 0 0 0 0 0 0 0 0
 0 0 1.00437e-05 0.000401748 0.00122533 0.00171747 0.00176769 0.0269171 0.070346 0.194647 0.189555 0.159765 0.064822 0.0314167 0.0384472 0.0292271 0.0345202 0.0313363 0.0194345 0.0106764 0.0143323 0.0359363 0.0279516 0.0138201 0.00172751 0
 0 0.0021121 0.0136068 0.0755702 0.200478 0.177729 0.0527432 0.0373336 0.0318909 0.0142505 0.0149659 0.0166563 0.0217959 0.0798694 0.0677717 0.0528807 0.04013 0.0224614 0.0357745 0.0225083 0.00881397 0.00855152 0.00135912 0.000746735 0 0
 0 0 0 0 5.4009e-05 0.00500934 0.000945158 0.0243581 0.138947 0.33067 0.221406 0.137944 0.0707744 0.0437923 0.0131692 0.00525238 0.0047753 0.00276346 9.45158e-05 9.00151e-06 2.25038e-05 9.00151e-06 4.50075e-06 0 0 0
 0.000866109 0.00284123 0.00948549 0.0512746 0.133035 0.25785 0.225252 0.132002 0.0553304 0.0519788 0.0540692 0.017754 0.00435017 0.00159236 0.00146478 0.000404838 0.000125132 0.000115318 0.000107957 0.000100596 0 0 0 0 0 0
 0 0 0 0 0.00144013 0.00171154 0.00461396 0.0210425 0.0478622 0.0707936 0.0888783 0.103762 0.0637923 0.0337046 0.0602308 0.124433 0.169614 0.0934646 0.0462172 0.0250306 0.0313229 0.00938855 0.002487 0.000210481 0 0
 0 0.00764035 0.051015 0.0998891 0.058973 0.0496711 0.0374665 0.0718981 0.12319 0.153886 0.159021 0.0857701 0.0377988 0.023471 0.0147837 0.00900784 0.00315554 0.000888139 0.00291439 0.00214683 0.00393193 0.00274676 0.000635225 9.99891e-05 0 0
 0 0 0 0 0 0 0 0 0 0 0 0 0 0 0 0 0 0 0 0 0 0 0 0 0 0
 0 0 0 0 0 0 0 0 0 0 0 0 0 0 0 0 0 0 0 0 0 0 0 0 0 0
 0 0 0 0 0 0 0 0 0 0 0 0 0 0 0 0 0 0 0 0 0 0 0 0 0 0
 0 0 0 0 0 0 0 0 0 0 0 0 0 0 0 0 0 0 0 0 0 0 0 0 0 0
 0 0 0 0 0 0 0 0 0 0 0 0 0 0 0 0 0 0 0 0 0 0 0 0 0 0
 0 0 0 0 0 0 0 0 0 0 0 0 0 0 0 0 0 0 0 0 0 0 0 0 0 0
 0 0 0 0 0 0 0 0 0 0 0 0 0 0 0 0 0 0 0 0 0 0 0 0 0 0
ppred_pel_tallas
 1.2942e-16 1.02277e-06 9.94169e-06 6.60669e-05 0.000300341 0.00093457 0.00199186 0.00291096 0.00292905 0.00208079 0.00123638 0.00118627 0.00234345 0.00515871 0.0102985 0.0183767 0.0296221 0.0438118 0.0604919 0.0791204 0.0987324 0.117285 0.131459 0.137567 0.133251 0.118835
 1.89412e-16 2.44162e-06 2.37334e-05 0.000157717 0.000716959 0.00223074 0.00475288 0.00693732 0.00693905 0.00476161 0.00226172 0.000814065 0.000431218 0.000723307 0.00164605 0.00358618 0.00732677 0.0140754 0.025414 0.0429776 0.0677652 0.0992268 0.134546 0.168655 0.195273 0.208755
 1.03827e-16 8.0272e-05 0.000780273 0.00518519 0.0235711 0.0733385 0.156255 0.228059 0.228059 0.156256 0.0733399 0.0235753 0.005196 0.000805295 0.00013237 0.000105103 0.000178772 0.000309115 0.00052567 0.000879325 0.00142898 0.00221746 0.00323847 0.00440941 0.00556834 0.00650549
 1.03805e-16 5.7938e-06 5.63178e-05 0.000374256 0.00170137 0.00529405 0.0112828 0.0164858 0.0165731 0.0117092 0.00672541 0.00583296 0.0107352 0.0226414 0.0428026 0.0705002 0.10097 0.125743 0.136212 0.128445 0.105634 0.0761284 0.0486784 0.0285106 0.0164488 0.010508
 1.19964e-16 2.65416e-05 0.000257994 0.00171446 0.0077937 0.0242491 0.0516655 0.0754086 0.0754149 0.0516966 0.0243562 0.00811481 0.00256489 0.002261 0.00425866 0.00811089 0.0142618 0.0232848 0.0355664 0.0509408 0.0682066 0.0848396 0.0973609 0.102496 0.0986088 0.0865404
 1.00031e-16 8.23267e-05 0.000800245 0.00531791 0.0241744 0.0752156 0.160255 0.233897 0.233897 0.160255 0.0752159 0.0241753 0.00532012 0.000805105 9.16297e-05 2.13721e-05 2.32603e-05 3.01493e-05 3.58217e-05 3.98107e-05 4.31913e-05 4.76109e-05 5.40071e-05 6.17436e-05 6.87566e-05 7.25479e-05
 1.00301e-16 2.20814e-06 2.1464e-05 0.000142641 0.000648481 0.00201817 0.00430337 0.00630051 0.00639404 0.00476028 0.00355168 0.00507487 0.0112425 0.024216 0.0458445 0.0755048 0.108105 0.134552 0.145583 0.136935 0.111974 0.0796083 0.0492191 0.0264791 0.0124169 0.00510171
 1.2591e-16 6.26103e-06 6.08594e-05 0.000404433 0.00183849 0.00572026 0.0121878 0.0177892 0.0177933 0.0122083 0.00579331 0.00206694 0.00104357 0.00167289 0.00370084 0.00775249 0.0149775 0.0267265 0.0440472 0.0668832 0.0932276 0.118833 0.138058 0.145831 0.139821 0.121556
 1.00811e-16 8.16269e-05 0.000793443 0.0052727 0.0239689 0.0745763 0.158893 0.231909 0.231909 0.158893 0.0745776 0.0239726 0.00528213 0.000814708 0.000124165 8.2166e-05 0.000126028 0.000194493 0.000290711 0.000428076 0.000621712 0.000877796 0.0011815 0.00149165 0.00174807 0.00189068
 1.01248e-16 1.38755e-05 0.000134875 0.000896295 0.00407448 0.0126776 0.027014 0.0394443 0.0395236 0.0274014 0.0139781 0.00782817 0.0103094 0.0206531 0.0388919 0.0640388 0.0916972 0.114153 0.123561 0.116321 0.0952989 0.0680583 0.042551 0.0235664 0.0119375 0.00597616
 1.00591e-16 8.03721e-05 0.000781245 0.00519165 0.0236005 0.0734299 0.15645 0.228344 0.228344 0.156452 0.0734377 0.0236234 0.00525066 0.000914647 0.000347114 0.000481398 0.000766178 0.00113002 0.00155354 0.0020183 0.00249456 0.00292613 0.00322812 0.00331252 0.00313172 0.00270994
 1.00085e-16 7.9223e-05 0.000770076 0.00511742 0.0232631 0.07238 0.154213 0.22508 0.225083 0.154231 0.0724389 0.023433 0.00554356 0.00169902 0.00183963 0.00290584 0.00415476 0.00517532 0.00560872 0.00529258 0.00435683 0.00314261 0.00200721 0.00116366 0.000645871 0.000374968
 1.00411e-16 5.70555e-05 0.0005546 0.00368551 0.0167538 0.0521275 0.111064 0.162107 0.162136 0.111204 0.0525957 0.0181054 0.00707552 0.00794638 0.0140699 0.0231031 0.0331174 0.0413123 0.0448736 0.0425021 0.0352006 0.0256354 0.0166009 0.00976685 0.00541924 0.00298589
 1.00567e-16 7.71082e-05 0.000749519 0.00498082 0.0226421 0.0704479 0.150097 0.219072 0.219076 0.150119 0.0705213 0.0228541 0.00551389 0.0019157 0.00229907 0.00369732 0.00536128 0.00682932 0.00768323 0.00772291 0.00706898 0.00605843 0.00502241 0.00412717 0.00337213 0.00269158
 1.00253e-16 7.49984e-05 0.000729011 0.00484454 0.0220226 0.0685204 0.14599 0.213079 0.213087 0.14603 0.0686542 0.0224087 0.00581316 0.00284128 0.00407995 0.0066089 0.00947227 0.0118256 0.0128646 0.0122204 0.0101804 0.00750402 0.00498303 0.00308497 0.00188101 0.00119957
 1.00025e-16 8.16467e-05 0.000793635 0.00527399 0.0239748 0.0745944 0.158931 0.231965 0.231966 0.158935 0.0746072 0.0240117 0.00536655 0.000995549 0.000464682 0.000637825 0.000908093 0.0011358 0.00123996 0.00118497 0.000997393 0.000748136 0.000510969 0.000329193 0.00020945 0.000136555
 1.00515e-16 3.32665e-06 3.23363e-05 0.000214891 0.000976917 0.00304004 0.00648052 0.00947769 0.00956922 0.00692764 0.00454074 0.00530873 0.0110781 0.0237129 0.0448769 0.0739227 0.105871 0.131837 0.142768 0.134495 0.110295 0.0788472 0.0492836 0.0271108 0.0133141 0.00601455
 1.00441e-16 8.10849e-05 0.000788174 0.00523769 0.0238098 0.0740811 0.157838 0.230369 0.230369 0.157838 0.0740826 0.0238145 0.00525051 0.000819734 0.000151496 0.00014931 0.000270223 0.000470165 0.000759903 0.00113764 0.00157107 0.00199176 0.00230809 0.00243672 0.00233846 0.00203733
 1.01116e-16 2.90891e-05 0.000282756 0.00187902 0.00854178 0.026577 0.0566274 0.0826621 0.0827234 0.0569266 0.0275815 0.0114412 0.00914995 0.0161322 0.0300621 0.0494753 0.0708532 0.0882303 0.0955556 0.0900567 0.0739524 0.0530757 0.0335458 0.0190255 0.0101189 0.00549446
 1.15775e-16 1.65412e-05 0.000160786 0.00106848 0.00485718 0.0151127 0.0322002 0.0470031 0.0470319 0.0323412 0.0155882 0.00623963 0.00457229 0.00792073 0.0150784 0.0257433 0.0390326 0.0531204 0.0659779 0.0763817 0.0841831 0.0895482 0.0919855 0.0902473 0.0832758 0.0713129
 1.0271e-16 7.85837e-05 0.000763861 0.00507613 0.0230753 0.0717959 0.152969 0.223263 0.223264 0.152974 0.0718119 0.0231219 0.00519437 0.00102668 0.000591918 0.000892486 0.00137102 0.00192757 0.00252652 0.00317441 0.0039118 0.00476366 0.005679 0.00651168 0.00706456 0.00717195
 1.00852e-16 6.94549e-05 0.000675126 0.00448645 0.0203948 0.0634558 0.1352 0.197331 0.197345 0.13527 0.0636923 0.0210775 0.00619871 0.00440804 0.00714443 0.0116635 0.016707 0.0208263 0.0226006 0.0213842 0.0177043 0.0129335 0.00850363 0.00525996 0.00332089 0.00234716
 1.05231e-16 2.08193e-06 2.02372e-05 0.000134487 0.000611407 0.00190274 0.00405695 0.00593797 0.00601784 0.0044472 0.00321316 0.00439662 0.00963693 0.0207674 0.0394137 0.0651768 0.0939327 0.118197 0.130297 0.126627 0.109739 0.0865232 0.0640418 0.0462855 0.0337212 0.0249006
 1.0382e-16 7.42935e-05 0.00072216 0.00479901 0.0218156 0.0678764 0.144618 0.211074 0.211074 0.14462 0.0678831 0.0218368 0.00485856 0.000872944 0.000421643 0.000738774 0.00142886 0.0025738 0.00429027 0.0066031 0.00935435 0.0121613 0.0144781 0.0157679 0.0157126 0.0143446
 1.04228e-16 4.93137e-05 0.000479347 0.00318543 0.0144805 0.0450545 0.0959946 0.140114 0.140149 0.0961653 0.0456273 0.0161343 0.00733328 0.00952356 0.0171955 0.0282718 0.0405452 0.050631 0.0551369 0.0525508 0.0441923 0.0333949 0.0235742 0.016652 0.0127367 0.0108279
 1.13499e-16 1.55495e-05 0.000151147 0.00100442 0.00456599 0.0142068 0.0302708 0.0441911 0.0442389 0.0305046 0.0149929 0.00684097 0.00673103 0.0127055 0.024014 0.0400792 0.0586711 0.0757244 0.0870201 0.0904888 0.0872317 0.0803645 0.0727334 0.0654326 0.0580291 0.0497913
 1.03265e-16 7.6747e-05 0.000746008 0.00495749 0.022536 0.0701179 0.149394 0.218045 0.218046 0.1494 0.0701402 0.0226011 0.00512372 0.00111819 0.000811158 0.00129249 0.00202741 0.00291787 0.0039207 0.0050254 0.00623672 0.00751408 0.00871616 0.0096121 0.00996821 0.00965551
 1.00875e-16 7.25676e-05 0.000705383 0.00468752 0.0213088 0.0662996 0.141259 0.206173 0.206184 0.141311 0.0664749 0.0218149 0.00595699 0.00347328 0.00531948 0.00865388 0.0124004 0.0154724 0.0168204 0.0159709 0.0133172 0.00987453 0.00669495 0.00438928 0.0030265 0.00233888
 1.04372e-16 3.84248e-06 3.73504e-05 0.00024821 0.00112838 0.00351123 0.00748405 0.0109402 0.0110213 0.00788024 0.00484141 0.00496994 0.00988934 0.0210782 0.0399466 0.0659858 0.0949378 0.119129 0.130711 0.126019 0.107736 0.0830567 0.0594049 0.041054 0.0285723 0.0204132
 1.33978e-16 4.55402e-06 4.42667e-05 0.000294168 0.00133725 0.0041607 0.00886502 0.0129399 0.0129455 0.00889288 0.00425789 0.00163397 0.00109937 0.00200192 0.00430823 0.0086432 0.0160112 0.0275607 0.0442246 0.0660881 0.0916179 0.117248 0.137917 0.148679 0.146703 0.132521
 1.81191e-16 1.4434e-05 0.000140303 0.000932365 0.0042384 0.0131873 0.028097 0.0410095 0.0410144 0.0281214 0.0132701 0.00448236 0.00156308 0.00158169 0.00295494 0.00543713 0.00930139 0.0151039 0.023798 0.0367521 0.0553321 0.0799981 0.109301 0.13944 0.16489 0.180038
pSPR Fmed_Fpbrs
0.368381   0.264142 0.264142
Fs Fmed_Fpbrs
0.703466   1.005 1.005
SSBpbr Bo_Bmed_Bpbrs
1.75374e+06  558358  375549 375549
Ro
26122.8
SPR SPRFo_SPRFmed_SPRFpbrs
186011 68523 49133.3
Fref
1.005
log_Ro
9.99056
likeval ReclasPelacesDesembMPH_pf_preclas_ppelaces_ptallas_desvR_qrecl_qpela
 52.003 72.632 0.289373 0.00158804 415.733 173.768 120.346 0 233.724 2.86782e-05 0 0.0161605 0 0 0
q_reclas_q_pelaces
2.13583 1
M
1
N
 1570.36 23934 99528.8 11410.5 0.0524361
 961.58 503.866 7045.23 29074.1 3331.84
 226451 232.985 93.83 1281.67 5887.76
 2908.37 54997.8 43.5542 17.1378 1307.75
 1141.08 515.607 6154.35 4.67877 141.992
 288234 66.3841 9.38021 100.988 2.39256
 1271.26 74227.8 13.654 1.89123 20.8209
 361.136 188.412 6202.58 1.08437 1.79851
 67589.7 68.5426 23.5634 747.519 0.346714
 1663.79 14330.1 10.2676 3.42261 108.446
 35968.2 207.985 907.215 0.61194 6.64422
 159193 8810.67 39.4276 168.112 1.34286
 45527.5 29726 1072.99 4.6229 19.8275
 76905.1 7485.24 2941.72 101.507 2.30713
 41315.6 7717.81 331.239 121.053 4.25508
 379246 4015.46 324.146 12.9137 4.86543
 2958.71 84858.7 656.76 51.5623 2.82379
 1.00856e+06 747.832 16929.9 128.305 10.6127
 147922 305931 200.87 4498.61 36.8915
 22580.8 41908.5 73517.7 47.5706 1073.25
 418033 5190.12 7161.24 12236.3 186.27
 494455 106272 1045.26 1412.72 2447.89
 3379.77 126676 21674.2 208.909 770.712
 302573 962.117 30678.9 5174.38 233.679
 132976 90271.4 251.534 7927.2 1396.51
 13070.2 39454.6 23389.2 64.3929 2385.29
 218175 3641.11 9224.29 5383.88 563.383
 447352 60022.5 834.063 2078.93 1339.17
 7717.13 146328 18231.8 251.687 1031.07
 2841.27 2581.61 46105.1 5714.01 401.905
 2036.19 844.35 670.614 11834.4 1568.83
pred_Ctot
 128.3 3078.89 13202.3 1516.07 0.00696757
 214.633 166.087 2381.56 9841.39 1127.89
 50305.3 76.4705 31.5844 432.007 1984.7
 1009.66 26541.9 21.4501 8.44934 644.787
 696.848 379.883 4580.49 3.48412 105.739
 56258 19.3866 2.81238 30.3208 0.718399
 515.656 40619.7 7.60735 1.05471 11.612
 116.523 85.5542 2877.01 0.503546 0.835215
 18922.9 27.5791 9.70129 308.138 0.14293
 755.689 8559.03 6.23182 2.07908 65.879
 7851.28 67.2003 300.662 0.203079 2.20512
 52316 4062.71 18.567 79.2544 0.633112
 16970.7 15204.6 559.506 2.41305 10.3501
 39093.3 4859.47 1936.59 66.8729 1.52
 21298.9 5061.34 220.215 80.5368 2.83101
 97761.8 1503.67 124.311 4.95874 1.86841
 603.354 25787 204.826 16.1032 0.88195
 113630 130.869 3051.39 23.1619 1.91599
 21955.6 69411.3 46.8743 1051.36 8.62249
 5563.02 15080.5 27105.5 17.5616 396.24
 84124.3 1558.35 2206.97 3776.27 57.4891
 97714.9 31387.9 316.918 428.93 743.282
 493.427 28301 4980.84 48.0807 177.395
 36773.7 180.912 5939.39 1003.31 45.3141
 16550.2 17359.9 49.7976 1571.83 276.926
 2051.38 9429.29 5747.32 15.8465 587.044
 35608.6 902.329 2349.78 1373.5 143.738
 31649.6 6718.15 96.3025 240.436 154.894
 445.68 13444.7 1728.89 23.9073 97.9482
 351.25 493.314 9070.04 1125.84 79.1944
 740.058 423.1 342.708 6054.12 802.609
F
 0.136752 0.222949 0.230599 0.231016 0.231038
 0.417604 0.680826 0.704187 0.705461 0.705528
 0.415238 0.676968 0.700197 0.701464 0.70153
 0.730002 1.19013 1.23097 1.2332 1.23332
 1.84427 3.00674 3.10991 3.11554 3.11583
 0.356632 0.581423 0.601374 0.602462 0.602519
 0.909133 1.48217 1.53303 1.5358 1.53595
 0.661798 1.07894 1.11596 1.11798 1.11809
 0.551096 0.89846 0.929289 0.93097 0.931059
 1.07938 1.75974 1.82012 1.82341 1.82358
 0.406671 0.663002 0.685751 0.686992 0.687057
 0.678096 1.10551 1.14344 1.14551 1.14562
 0.805384 1.31303 1.35808 1.36054 1.36067
 1.29904 2.11785 2.19052 2.19448 2.19469
 1.33109 2.17009 2.24455 2.24862 2.24883
 0.497198 0.810589 0.838402 0.839919 0.839999
 0.375331 0.611908 0.632904 0.634049 0.63411
 0.19292 0.31452 0.325312 0.325901 0.325932
 0.261196 0.425832 0.440444 0.44124 0.441283
 0.470341 0.766805 0.793116 0.794551 0.794626
 0.369555 0.602492 0.623165 0.624292 0.624352
 0.361822 0.589884 0.610124 0.611228 0.611286
 0.256428 0.418059 0.432403 0.433186 0.433227
 0.209503 0.341556 0.353276 0.353915 0.353949
 0.215018 0.350548 0.362576 0.363232 0.363266
 0.27805 0.453309 0.468864 0.469712 0.469757
 0.290578 0.473734 0.489989 0.490876 0.490922
 0.117493 0.191551 0.198123 0.198482 0.1985
 0.095031 0.15493 0.160247 0.160536 0.160552
 0.213439 0.347973 0.359913 0.360564 0.360598
 0.77747 1.26752 1.31101 1.31339 1.31351
nmprior
 8 9 7.5 0
nm_flota  nm_reclas  nm_pelaces    nm_pelaL
inf 5.3789 3.93651 5.17767
cv_recla  cv_pelaces  cv_mph
0.652288 1.00283 1.2298
 ------------------------------------------------
Talla a la edad & desviación 
 8 13.2811 15.8009 17.003 17.5766
 0.8 1.32811 1.58009 1.7003 1.75766
