years
 1991 1992 1993 1994 1995 1996 1997 1998 1999 2000 2001 2002 2003 2004 2005 2006 2007 2008 2009 2010 2011 2012 2013 2014 2015 2016 2017 2018 2019 2020 2021
reclasobs
 0 0 0 0 0 0 0 0 0 252601 567819 844713 477998 351125 339783 2.1784e+06 2.13404e+06 4.81314e+06 1.55562e+06 2.62356e+06 3.21686e+06 3.843e+06 1.13348e+06 3.07943e+06 1.97215e+06 2.03268e+06 2.025e+06 2.42433e+06 2.27542e+06 1.05018e+06 2.36338e+06
reclaspred
 6.12363e+06 1.28633e+06 1.41186e+06 980218 49979.9 3.40497e+06 1.34886e+06 303509 1.07815e+06 228591 317446 1.21109e+06 588360 841117 389269 2.00133e+06 757185 5.11883e+06 5.17804e+06 1.52225e+06 3.44921e+06 3.40041e+06 1.50338e+06 3.8465e+06 2.66579e+06 1.30399e+06 2.2313e+06 4.09985e+06 3.03288e+06 542878 823210
pelacesobs
 0 0 0 0 0 0 0 0 0 0 0 0 0 0 0 552880 188675 0 991730 2.46772e+06 1.41603e+06 1.21717e+06 2.29649e+06 1.80582e+06 0 1.4828e+06 1.56532e+06 1.57751e+06 1.42118e+06 867257 0
pelacespred
 7.62507e+06 1.38111e+06 536521 450549 15082.9 1.4263e+06 809905 303084 439541 94013.4 126511 427962 244883 322529 128734 648566 373412 2.19458e+06 2.88228e+06 981152 1.44193e+06 1.44611e+06 971638 1.96985e+06 1.71656e+06 947347 1.19094e+06 2.33211e+06 2.44387e+06 468504 301193
mphobs
 0 0 0 0 0 0 0 0 0 0 0 498337 0 5186 125008 0 168611 109162 213762 579715 649985 157893 87575 83554 0 0 0 0 0 0 0
mphpred
 1.53202e+06 533798 55981.8 235136 42489 1102.3 470001 91162 20269 108613 7208.99 40408.9 128844 31386.6 43862.9 24413.4 240544 47760.6 686819 519782 126537 359549 412948 129091 489080 322782 101852 251234 695313 248533 18120.8
desembarqueobs
 494567 514787 250237 358949 120608 361735 552515 73892 212993 205616 52469 317467 293654 387597 252695 516296 358380 742168 942051 627588 828172 859565 418607 520667 417249 300574 407403 355545 319650 289779 219260
desembarquepred
 494448 513936 250979 357565 120314 361406 551647 73846.5 212730 205300 52426.9 316955 293023 386487 252080 515373 358042 741059 939958 625266 826896 857769 418008 520068 416546 300031 406706 355121 319172 288861 219064
Reclutas
 1463.34 872.526 251234 4604.46 1203.24 294648 1212.66 355.793 60819 1594.22 32097.8 150357 35635.8 88389.7 35290.4 266788 2655.81 500584 333164 27802.2 286716 372692 2980.45 204764 122436 10542.3 141957 210024 6409.77 1893.26 71985.3
log_desv_Rt
 -2.88209 -3.39917 2.26358 -1.73578 -3.07779 2.42297 -3.06999 -4.29621 0.845096 -2.79642 0.205982 1.75021 0.310544 1.21895 0.300806 2.32365 -2.28606 2.95297 2.54583 0.0623072 2.39569 2.65794 -2.17073 2.05905 1.54478 -0.907413 1.69272 2.08442 -1.40498 -2.62451 1.01366
SSB
 1.57909e+06 550197 57701.7 242360 43794.3 1136.17 484440 93962.6 20891.7 111950 7430.46 41650.3 132802 32350.9 45210.4 25163.5 247933 49227.9 707919 535751 130424 370595 425634 133056 504105 332699 104981 258952 716674 256168 18677.5
BT
 1.95989e+06 815500 486604 364737 106238 1.29799e+06 715275 131752 469581 203643 123131 531415 356453 618845 328846 840593 386808 2.12258e+06 2.20466e+06 877697 1.60607e+06 1.4815e+06 604945 1.6587e+06 1.01175e+06 516673 1.13232e+06 1.63637e+06 919521 410727 383312
Ftot
 0.342172 1.44165 1.39576 1.42104 4.40895 0.948318 1.53552 0.959632 1.6085 2.73976 1.35451 1.97192 2.26431 3.25506 3.77579 2.09955 1.74523 1.23173 1.06904 1.62649 1.75148 1.59196 1.11983 1.04768 0.833504 0.98779 1.37406 0.645361 0.459529 1.82216 2.10489
BD_Bspro_t
 0.947199 0.566833 0.137139 0.385487 0.0784066 0.00340659 0.475676 0.136916 0.0512537 0.228714 0.0302231 0.216989 0.277238 0.0797655 0.0974168 0.0612787 0.266662 0.0708767 0.432327 0.322615 0.0964404 0.225648 0.268709 0.121768 0.365093 0.327885 0.173889 0.364457 0.58328 0.325421 0.058257
BD_Bspro
 8.48922 2.95787 0.310205 1.30293 0.235439 0.00610805 2.60436 0.505145 0.112314 0.601844 0.0399463 0.223913 0.713946 0.173919 0.243052 0.135279 1.3329 0.26465 3.80579 2.88021 0.701163 1.99233 2.28822 0.715314 2.71008 1.78859 0.564382 1.39213 3.85285 1.37717 0.100411
BD_Bo
 1.15407 0.402109 0.042171 0.177127 0.0320068 0.000830361 0.354051 0.0686721 0.0152686 0.0818179 0.00543051 0.0304399 0.0970577 0.0236435 0.0330418 0.0183906 0.181201 0.035978 0.517379 0.391551 0.0953198 0.270848 0.311073 0.0972436 0.368423 0.243151 0.0767252 0.189254 0.523777 0.187219 0.0136504
BD_Brms
 2.09831 0.731107 0.0766745 0.32205 0.0581942 0.00150975 0.643729 0.124858 0.0277611 0.14876 0.00987366 0.0553453 0.176468 0.0429881 0.060076 0.0334374 0.329456 0.0654145 0.940689 0.711911 0.173309 0.49245 0.565587 0.176807 0.669859 0.442093 0.1395 0.344098 0.952323 0.340399 0.0248189
Sel_flota
 0.367098 0.916808 0.995247 0.999749 0.999987
 0.367098 0.916808 0.995247 0.999749 0.999987
 0.367098 0.916808 0.995247 0.999749 0.999987
 0.367098 0.916808 0.995247 0.999749 0.999987
 0.367098 0.916808 0.995247 0.999749 0.999987
 0.367098 0.916808 0.995247 0.999749 0.999987
 0.367098 0.916808 0.995247 0.999749 0.999987
 0.367098 0.916808 0.995247 0.999749 0.999987
 0.367098 0.916808 0.995247 0.999749 0.999987
 0.367098 0.916808 0.995247 0.999749 0.999987
 0.367098 0.916808 0.995247 0.999749 0.999987
 0.367098 0.916808 0.995247 0.999749 0.999987
 0.367098 0.916808 0.995247 0.999749 0.999987
 0.367098 0.916808 0.995247 0.999749 0.999987
 0.367098 0.916808 0.995247 0.999749 0.999987
 0.367098 0.916808 0.995247 0.999749 0.999987
 0.367098 0.916808 0.995247 0.999749 0.999987
 0.367098 0.916808 0.995247 0.999749 0.999987
 0.367098 0.916808 0.995247 0.999749 0.999987
 0.367098 0.916808 0.995247 0.999749 0.999987
 0.367098 0.916808 0.995247 0.999749 0.999987
 0.367098 0.916808 0.995247 0.999749 0.999987
 0.367098 0.916808 0.995247 0.999749 0.999987
 0.367098 0.916808 0.995247 0.999749 0.999987
 0.367098 0.916808 0.995247 0.999749 0.999987
 0.367098 0.916808 0.995247 0.999749 0.999987
 0.367098 0.916808 0.995247 0.999749 0.999987
 0.367098 0.916808 0.995247 0.999749 0.999987
 0.367098 0.916808 0.995247 0.999749 0.999987
 0.367098 0.916808 0.995247 0.999749 0.999987
 0.367098 0.916808 0.995247 0.999749 0.999987
Sel_reclas
 0.774704 0.945371 0.988648 0.997724 0.999547
 0.774704 0.945371 0.988648 0.997724 0.999547
 0.774704 0.945371 0.988648 0.997724 0.999547
 0.774704 0.945371 0.988648 0.997724 0.999547
 0.774704 0.945371 0.988648 0.997724 0.999547
 0.774704 0.945371 0.988648 0.997724 0.999547
 0.774704 0.945371 0.988648 0.997724 0.999547
 0.774704 0.945371 0.988648 0.997724 0.999547
 0.774704 0.945371 0.988648 0.997724 0.999547
 0.774704 0.945371 0.988648 0.997724 0.999547
 0.774704 0.945371 0.988648 0.997724 0.999547
 0.774704 0.945371 0.988648 0.997724 0.999547
 0.774704 0.945371 0.988648 0.997724 0.999547
 0.774704 0.945371 0.988648 0.997724 0.999547
 0.774704 0.945371 0.988648 0.997724 0.999547
 0.774704 0.945371 0.988648 0.997724 0.999547
 0.774704 0.945371 0.988648 0.997724 0.999547
 0.774704 0.945371 0.988648 0.997724 0.999547
 0.774704 0.945371 0.988648 0.997724 0.999547
 0.774704 0.945371 0.988648 0.997724 0.999547
 0.774704 0.945371 0.988648 0.997724 0.999547
 0.774704 0.945371 0.988648 0.997724 0.999547
 0.774704 0.945371 0.988648 0.997724 0.999547
 0.774704 0.945371 0.988648 0.997724 0.999547
 0.774704 0.945371 0.988648 0.997724 0.999547
 0.774704 0.945371 0.988648 0.997724 0.999547
 0.774704 0.945371 0.988648 0.997724 0.999547
 0.774704 0.945371 0.988648 0.997724 0.999547
 0.774704 0.945371 0.988648 0.997724 0.999547
 0.774704 0.945371 0.988648 0.997724 0.999547
 0.774704 0.945371 0.988648 0.997724 0.999547
Sel_pelaces
 0.253702 0.631109 0.895941 0.977442 0.995435
 0.253702 0.631109 0.895941 0.977442 0.995435
 0.253702 0.631109 0.895941 0.977442 0.995435
 0.253702 0.631109 0.895941 0.977442 0.995435
 0.253702 0.631109 0.895941 0.977442 0.995435
 0.253702 0.631109 0.895941 0.977442 0.995435
 0.253702 0.631109 0.895941 0.977442 0.995435
 0.253702 0.631109 0.895941 0.977442 0.995435
 0.253702 0.631109 0.895941 0.977442 0.995435
 0.253702 0.631109 0.895941 0.977442 0.995435
 0.253702 0.631109 0.895941 0.977442 0.995435
 0.253702 0.631109 0.895941 0.977442 0.995435
 0.253702 0.631109 0.895941 0.977442 0.995435
 0.253702 0.631109 0.895941 0.977442 0.995435
 0.253702 0.631109 0.895941 0.977442 0.995435
 0.253702 0.631109 0.895941 0.977442 0.995435
 0.253702 0.631109 0.895941 0.977442 0.995435
 0.253702 0.631109 0.895941 0.977442 0.995435
 0.253702 0.631109 0.895941 0.977442 0.995435
 0.253702 0.631109 0.895941 0.977442 0.995435
 0.253702 0.631109 0.895941 0.977442 0.995435
 0.253702 0.631109 0.895941 0.977442 0.995435
 0.253702 0.631109 0.895941 0.977442 0.995435
 0.253702 0.631109 0.895941 0.977442 0.995435
 0.253702 0.631109 0.895941 0.977442 0.995435
 0.253702 0.631109 0.895941 0.977442 0.995435
 0.253702 0.631109 0.895941 0.977442 0.995435
 0.253702 0.631109 0.895941 0.977442 0.995435
 0.253702 0.631109 0.895941 0.977442 0.995435
 0.253702 0.631109 0.895941 0.977442 0.995435
 0.253702 0.631109 0.895941 0.977442 0.995435
pf_obs 
 0.8446 0.082 0.0669 0.0065 0
 0.8095 0.147 0.0364 0.0071 0
 0.9664 0.0169 0.016 0.0007 0
 0.9276 0.0648 0.0075 0.0001 0
 0.7033 0.2144 0.0806 0.0017 0
 0.9318 0.0425 0.0243 0.0014 0
 0.5671 0.3108 0.0964 0.0239 0.0018
 0.0768 0.2599 0.5324 0.112 0.0189
 0.490249 0.384438 0.106611 0.0170017 0.00170017
 0.7925 0.1577 0.0466 0.003 0.0002
 0.840416 0.127587 0.0312969 0.00059994 9.999e-05
 0.8084 0.0986 0.0794 0.0134 0.0002
 0.7335 0.1905 0.0724 0.0035 0.0001
 0.4001 0.4547 0.1325 0.0127 0
 0.49795 0.308269 0.164784 0.0264974 0.00249975
 0.9179 0.0499 0.0305 0.0017 0
 0.2467 0.6533 0.0926 0.0074 0
 0.9418 0.0223 0.034 0.0019 0
 0.707729 0.231977 0.0356964 0.0245975 0
 0.517169 0.277429 0.184464 0.0207286 0.00020938
 0.811772 0.124168 0.05621 0.00726502 0.000585176
 0.764997 0.148141 0.077277 0.00933861 0.000247198
 0.163321 0.427699 0.378323 0.0303852 0.000271297
 0.753843 0.0900009 0.118128 0.0371064 0.000921714
 0.721811 0.176058 0.0630433 0.0369309 0.00215725
 0.143369 0.312575 0.442814 0.0836902 0.0175525
 0.692698 0.0596174 0.167031 0.0765114 0.00414204
 0.394062 0.376323 0.152708 0.0712218 0.00568511
 0.125707 0.32114 0.495352 0.0537591 0.00404204
 0.23352 0.215282 0.420074 0.123614 0.00750983
 0 0 0 0 0
pf_pred 
 0.00632767 0.141802 0.728811 0.123059 6.05771e-07
 0.0172802 0.0178097 0.149511 0.698144 0.117256
 0.981499 0.00140925 0.000363845 0.00261153 0.0141166
 0.041764 0.954287 0.000349309 7.73199e-05 0.00352278
 0.115041 0.133607 0.748727 0.000234242 0.00239183
 0.999152 0.000612156 4.79304e-05 0.000187311 6.42923e-07
 0.00841503 0.99134 0.000183218 1.26212e-05 4.91387e-05
 0.0224639 0.0329179 0.94442 0.000148461 4.95694e-05
 0.966175 0.00269917 0.00118669 0.0299327 6.2307e-06
 0.07397 0.919724 0.0005915 0.000219867 0.00549473
 0.96509 0.0123863 0.0224044 1.13235e-05 0.000107833
 0.922112 0.0772359 0.00025455 0.000395527 2.0848e-06
 0.436231 0.554439 0.00926557 2.52399e-05 3.90022e-05
 0.892664 0.0876134 0.0194575 0.00026354 1.80489e-06
 0.708825 0.287468 0.00316753 0.000532475 7.14705e-06
 0.978713 0.0205352 0.000745021 5.99053e-06 1.00234e-06
 0.0311821 0.964845 0.00385701 0.000114753 1.06495e-06
 0.984309 0.00198345 0.0136604 4.58324e-05 1.36268e-06
 0.584415 0.413991 0.000228201 0.00136115 4.66468e-06
 0.131499 0.720956 0.147053 7.08244e-05 0.000420695
 0.918844 0.0326197 0.0413797 0.00713281 2.36054e-05
 0.781107 0.21511 0.00168431 0.0017919 0.000306834
 0.0179868 0.920938 0.0601834 0.000399347 0.000492942
 0.894305 0.00641833 0.093852 0.00534652 7.86417e-05
 0.524345 0.461458 0.000976582 0.0125033 0.000717387
 0.107797 0.692985 0.193965 0.000363669 0.00488991
 0.889878 0.0323865 0.0620719 0.015254 0.000410006
 0.748206 0.244671 0.00232835 0.0038345 0.000959401
 0.0400238 0.860446 0.0970113 0.000826834 0.00169184
 0.0529795 0.0997802 0.767134 0.0780903 0.00201554
 0.965086 0.00824229 0.00330113 0.0211814 0.00218927
pobs_RECLAS
 0 0 0 0 0
 0 0 0 0 0
 0 0 0 0 0
 0 0 0 0 0
 0 0 0 0 0
 0 0 0 0 0
 0 0 0 0 0
 0 0 0 0 0
 0 0 0 0 0
 0 0 0 0 0
 0.991045 0.00858322 0.000360255 1.14367e-05 0
 0.934742 0.0480273 0.0164251 0.00080598 0
 0.827803 0.169806 0.00239088 0 0
 0.941827 0.0461693 0.0120037 0 0
 0.791401 0.0380133 0.147996 0.0225897 0
 0.846168 0.0940531 0.0597789 0 0
 0.134021 0.677848 0.182769 0.00536245 0
 0.80878 0.0450904 0.141981 0.00414843 0
 0.846168 0.0940531 0.0597789 0 0
 0.905697 0.0802665 0.012482 0.00150086 5.37128e-05
 0.989698 0.0102097 9.19794e-05 0 0
 0.975433 0.0193895 0.00387452 0.00125025 5.28907e-05
 0.303575 0.632131 0.0575291 0.00676475 0
 0.966965 0.00978017 0.0227588 0.000495775 0
 0.843318 0.132988 0.00938335 0.0141283 0.000182051
 0.564624 0.303363 0.111486 0.0197234 0.00080311
 0.826376 0.0876187 0.0782897 0.00655872 0.00115652
 0.89761 0.0855135 0.0140674 0.00269457 0.000114338
 0.34875 0.467042 0.161289 0.0227151 0.000203297
 0.318654 0.224769 0.449479 0.00709798 0
 0.937255 0.0296025 0.0250945 0.00804832 0
ppred_RECLAS
 0.0135488 0.145615 0.718907 0.121929 6.01157e-07
 0.0410471 0.0183392 0.145298 0.680799 0.114517
 0.992232 0.000620921 0.000151443 0.00109078 0.00590519
 0.0911716 0.905275 0.00031287 6.94932e-05 0.00317102
 0.359882 0.109224 0.52904 0.000165229 0.00168926
 0.999617 0.000279862 2.08753e-05 8.19051e-05 2.81567e-07
 0.0194147 0.980357 0.000170653 1.17945e-05 4.59899e-05
 0.0501212 0.0335259 0.91616 0.00014459 4.8352e-05
 0.986102 0.00117019 0.000483772 0.0122417 2.55206e-06
 0.181926 0.812973 0.000477216 0.000177645 0.00444587
 0.984947 0.00553574 0.00946716 4.80173e-06 4.57965e-05
 0.966962 0.0327793 0.000100708 0.000156906 8.2827e-07
 0.666421 0.328466 0.00507811 1.38642e-05 2.14551e-05
 0.96271 0.0310173 0.00618858 8.38653e-05 5.75151e-07
 0.891307 0.107469 0.00104594 0.000175746 2.36204e-06
 0.991452 0.00826699 0.000278682 2.24643e-06 3.76431e-07
 0.0716094 0.924821 0.00346547 0.000103415 9.6118e-07
 0.993291 0.000888588 0.00580038 1.95326e-05 5.81631e-07
 0.756962 0.242149 0.000126894 0.000759806 2.60789e-06
 0.26521 0.616246 0.118147 5.70838e-05 0.000339589
 0.965753 0.0142983 0.0169995 0.00293913 9.7414e-06
 0.893523 0.10474 0.000771468 0.000823401 0.000141207
 0.0392915 0.903776 0.056097 0.000373647 0.000461931
 0.951442 0.00309022 0.0429743 0.00245764 3.62053e-05
 0.70501 0.286543 0.000578782 0.00744053 0.000427572
 0.211525 0.61903 0.164953 0.000310494 0.00418139
 0.95057 0.0151159 0.0273805 0.00675231 0.00018177
 0.863755 0.132541 0.00120715 0.00199648 0.000500308
 0.0808742 0.827308 0.0894823 0.000766013 0.00156986
 0.125604 0.0977318 0.703035 0.0717741 0.00185529
 0.986572 0.00334584 0.00124495 0.00800806 0.000828921
pobs_PELACES
 0 0 0 0 0
 0 0 0 0 0
 0 0 0 0 0
 0 0 0 0 0
 0 0 0 0 0
 0 0 0 0 0
 0 0 0 0 0
 0 0 0 0 0
 0 0 0 0 0
 0 0 0 0 0
 0 0 0 0 0
 0 0 0 0 0
 0 0 0 0 0
 0 0 0 0 0
 0 0 0 0 0
 0 0 0 0 0
 0.505614 0.472636 0.0217494 0 0
 0 0 0 0 0
 0.443492 0.261883 0.143347 0.151278 0
 0.227955 0.32914 0.350689 0.0885471 0.00366901
 0.970185 0.0296113 0.000203453 0 0
 0.997202 0.00247181 0.000326279 0 0
 0.445219 0.490057 0.0546422 0.010081 0
 0.90214 0.0892962 0.00764917 0.000914606 0
 0 0 0 0 0
 0.581667 0.319106 0.0959925 0.00289975 0.000334073
 0.762889 0.0836404 0.116647 0.0363945 0.000428098
 0.88444 0.0763242 0.0277011 0.0115352 0
 0.521256 0.241999 0.230069 0.00667565 0
 0.616807 0.101726 0.260614 0.0208532 0
 0 0 0 0 0
ppred_PELACES
 0.00545153 0.112249 0.745654 0.136645 6.84845e-07
 0.0192434 0.0134933 0.139806 0.70664 0.120817
 0.983008 0.000973493 0.000310878 0.00241558 0.0132923
 0.0597764 0.935001 0.000422821 0.000101312 0.00469892
 0.343015 0.095375 0.559472 0.000187662 0.00194968
 0.999271 0.000480172 4.74418e-05 0.000200942 7.02162e-07
 0.0126687 0.987024 0.000224147 1.6709e-05 6.62231e-05
 0.0229288 0.0262695 0.950585 0.00016195 5.50496e-05
 0.971506 0.00175538 0.000944955 0.0257881 5.46438e-06
 0.151757 0.841005 0.000624271 0.0002502 0.00636394
 0.971661 0.00870723 0.0195179 1.06802e-05 0.000103538
 0.953436 0.0460726 0.000182589 0.000306634 1.64519e-06
 0.595386 0.396703 0.00785162 2.30958e-05 3.63263e-05
 0.956405 0.0348034 0.00866467 0.000126324 8.80449e-07
 0.888363 0.110077 0.00131888 0.000238229 3.25383e-06
 0.988023 0.0114749 0.000497329 4.32033e-06 7.3581e-07
 0.0493123 0.945939 0.00459922 0.000147987 1.39802e-06
 0.98617 0.00143831 0.0123452 4.48589e-05 1.35776e-06
 0.649376 0.348817 0.000241365 0.00155987 5.44212e-06
 0.184855 0.651884 0.162664 8.47567e-05 0.000512494
 0.941457 0.0206797 0.0318966 0.0059462 2.00314e-05
 0.845265 0.15132 0.00145191 0.00167128 0.00029132
 0.0235556 0.901462 0.0737858 0.000530415 0.000666534
 0.898983 0.00492192 0.0904299 0.00558199 8.35863e-05
 0.573967 0.408819 0.00109704 0.0152271 0.000889451
 0.128239 0.639533 0.225499 0.000458186 0.00627198
 0.907767 0.0229343 0.0544232 0.0144794 0.000396189
 0.775667 0.215827 0.00262421 0.00468736 0.00119401
 0.0433872 0.832396 0.120773 0.0011169 0.00232677
 0.0716562 0.0816668 0.760744 0.083733 0.00219992
 0.976305 0.00460731 0.00220377 0.0152766 0.0016072
pobs_pel_tallas
 0 0 0 0 0 0 0 0 0 0 0 0 0 0 0 0 0 0 0 0 0 0 0 0 0 0
 0 0 0 0 0 0 0 0 0 0 0 0 0 0 0 0 0 0 0 0 0 0 0 0 0 0
 0 0 0 0 0 0 0 0 0 0 0 0 0 0 0 0 0 0 0 0 0 0 0 0 0 0
 0 0 0 0 0 0 0 0 0 0 0 0 0 0 0 0 0 0 0 0 0 0 0 0 0 0
 0 0 0 0 0 0 0 0 0 0 0 0 0 0 0 0 0 0 0 0 0 0 0 0 0 0
 0 0 0 0 0 0 0 0 0 0 0 0 0 0 0 0 0 0 0 0 0 0 0 0 0 0
 0 0 0 0 0 0 0 0 0 0 0 0 0 0 0 0 0 0 0 0 0 0 0 0 0 0
 0 0 0 0 0 0 0 0 0 0 0 0 0 0 0 0 0 0 0 0 0 0 0 0 0 0
 0 0 0 0 0 0 0 0 0 0 0 0 0 0 0 0 0 0 0 0 0 0 0 0 0 0
 0 0 0 0 0 0 0 0 0 0 0 0 0 0 0 0 0 0 0 0 0 0 0 0 0 0
 0 0 0 0 0 0 0 0 0 0 0 0 0 0 0 0 0 0 0 0 0 0 0 0 0 0
 0 0 0 0 0 0 0 0 0 0 0 0 0 0 0 0 0 0 0 0 0 0 0 0 0 0
 0.00862536 0 0 0.000197151 0.00414017 0.0128641 0.00837892 0.0270097 0.101434 0.158115 0.152841 0.127902 0.109271 0.109419 0.0830992 0.0579132 0.0238553 0.00714673 0.00463305 0.00128148 0.00103504 0.000492878 0.000147863 0.000147863 4.92878e-05 0
 0 0 0 0 0 0 0 0 0 0 0 0 0 0 0 0 0 0 0 0 0 0 0 0 0 0
 0 0 0 0 0 0 0 0.0054083 0.00873648 0.0413646 0.0450493 0.0745869 0.0622846 0.0627006 0.0613931 0.0827291 0.12552 0.122667 0.0946155 0.0697135 0.0546179 0.0294188 0.0215738 0.0213955 0.0102223 0.00600262
 0 0 0 0 0.00359764 0.0251062 0.0480494 0.140153 0.205849 0.193036 0.1447 0.116669 0.0760912 0.0342217 0.00950174 0.001854 0.000860785 0 0 0 0.000165536 0 0.000143464 0 0 0
 0 0 0 0 0 0 0 0.000145254 0.000435761 0.0275982 0.070085 0.0708112 0.156366 0.174668 0.174014 0.160142 0.0824315 0.0480064 0.0283245 0.00493863 0.00203355 0 0 0 0 0
 0 0 0 0 0 0 0 0 0 0 0 0 0 0 0 0 0 0 0 0 0 0 0 0 0 0
 0 0 1.00437e-05 0.000401748 0.00122533 0.00171747 0.00176769 0.0269171 0.070346 0.194647 0.189555 0.159765 0.064822 0.0314167 0.0384472 0.0292271 0.0345202 0.0313363 0.0194345 0.0106764 0.0143323 0.0359363 0.0279516 0.0138201 0.00172751 0
 0 0.0021121 0.0136068 0.0755702 0.200478 0.177729 0.0527432 0.0373336 0.0318909 0.0142505 0.0149659 0.0166563 0.0217959 0.0798694 0.0677717 0.0528807 0.04013 0.0224614 0.0357745 0.0225083 0.00881397 0.00855152 0.00135912 0.000746735 0 0
 0 0 0 0 5.4009e-05 0.00500934 0.000945158 0.0243581 0.138947 0.33067 0.221406 0.137944 0.0707744 0.0437923 0.0131692 0.00525238 0.0047753 0.00276346 9.45158e-05 9.00151e-06 2.25038e-05 9.00151e-06 4.50075e-06 0 0 0
 0.000866109 0.00284123 0.00948549 0.0512746 0.133035 0.25785 0.225252 0.132002 0.0553304 0.0519788 0.0540692 0.017754 0.00435017 0.00159236 0.00146478 0.000404838 0.000125132 0.000115318 0.000107957 0.000100596 0 0 0 0 0 0
 0 0 0 0 0.00144013 0.00171154 0.00461396 0.0210425 0.0478622 0.0707936 0.0888783 0.103762 0.0637923 0.0337046 0.0602308 0.124433 0.169614 0.0934646 0.0462172 0.0250306 0.0313229 0.00938855 0.002487 0.000210481 0 0
 0 0.00764035 0.051015 0.0998891 0.058973 0.0496711 0.0374665 0.0718981 0.12319 0.153886 0.159021 0.0857701 0.0377988 0.023471 0.0147837 0.00900784 0.00315554 0.000888139 0.00291439 0.00214683 0.00393193 0.00274676 0.000635225 9.99891e-05 0 0
 0 0 0 0 0 0 0 0 0 0 0 0 0 0 0 0 0 0 0 0 0 0 0 0 0 0
 0 0 0 0 0 0 0 0 0 0 0 0 0 0 0 0 0 0 0 0 0 0 0 0 0 0
 0 0 0 0 0 0 0 0 0 0 0 0 0 0 0 0 0 0 0 0 0 0 0 0 0 0
 0 0 0 0 0 0 0 0 0 0 0 0 0 0 0 0 0 0 0 0 0 0 0 0 0 0
 0 0 0 0 0 0 0 0 0 0 0 0 0 0 0 0 0 0 0 0 0 0 0 0 0 0
 0 0 0 0 0 0 0 0 0 0 0 0 0 0 0 0 0 0 0 0 0 0 0 0 0 0
 0 0 0 0 0 0 0 0 0 0 0 0 0 0 0 0 0 0 0 0 0 0 0 0 0 0
ppred_pel_tallas
 1.35251e-16 4.49063e-07 4.36505e-06 2.90079e-05 0.000131873 0.000410369 0.000874772 0.00127925 0.00129124 0.000933921 0.000612379 0.000730394 0.0015882 0.00359632 0.00737451 0.0136339 0.0230095 0.0359786 0.0528212 0.0733893 0.0965424 0.119567 0.138275 0.148209 0.146495 0.133223
 1.9535e-16 1.58506e-06 1.54073e-05 0.000102387 0.000465438 0.00144816 0.00308552 0.00450378 0.00450557 0.00309451 0.00147991 0.000564268 0.000378469 0.000715044 0.00162975 0.00352258 0.00715428 0.0137103 0.0247856 0.0421009 0.0668336 0.0986742 0.13502 0.170864 0.199744 0.215601
 1.02502e-16 8.0969e-05 0.000787048 0.00523021 0.0237758 0.0739753 0.157612 0.23004 0.23004 0.157613 0.0739769 0.0237805 0.00524238 0.000814521 0.00013609 0.000105392 0.000166554 0.000263566 0.000409508 0.000635235 0.000980424 0.00147704 0.00212567 0.00287597 0.00362401 0.00423306
 1.01057e-16 4.9239e-06 4.78621e-05 0.000318065 0.00144593 0.00449931 0.00958959 0.0140151 0.014105 0.0100288 0.00597336 0.0057007 0.0109876 0.0233048 0.0440717 0.0725833 0.103929 0.129372 0.140015 0.131772 0.10789 0.076936 0.0479272 0.0262998 0.0130127 0.00617051
 1.16519e-16 2.82537e-05 0.000274636 0.00182506 0.00829645 0.0258134 0.0549985 0.080274 0.080284 0.0550479 0.0259818 0.00879345 0.00311279 0.00321839 0.00600616 0.0108902 0.0180149 0.027479 0.0391973 0.0527976 0.0673001 0.0807671 0.0904256 0.0935547 0.0887684 0.0768503
 1.00022e-16 8.23086e-05 0.000800069 0.00531674 0.0241691 0.0751991 0.16022 0.233845 0.233845 0.16022 0.0751999 0.0241713 0.00532225 0.000812118 0.000105223 4.37637e-05 5.52426e-05 6.97466e-05 7.81686e-05 7.85834e-05 7.28636e-05 6.51825e-05 5.93454e-05 5.6766e-05 5.63088e-05 5.56174e-05
 1.00272e-16 1.04371e-06 1.01453e-05 6.74237e-05 0.000306557 0.000954321 0.00203679 0.00299265 0.00308756 0.00250041 0.00251035 0.00479795 0.0113303 0.02456 0.0465167 0.0766136 0.109693 0.136528 0.14772 0.138943 0.113613 0.0807665 0.0499232 0.0268394 0.0125599 0.00512755
 1.27465e-16 1.88863e-06 1.83581e-05 0.000121996 0.000554579 0.00172552 0.00367655 0.00536685 0.00537084 0.00369674 0.00179753 0.000781112 0.000760401 0.00164225 0.00375826 0.00795634 0.015508 0.0278831 0.0462273 0.0704956 0.0985449 0.125834 0.146341 0.154663 0.148323 0.128951
 1.02615e-16 8.00217e-05 0.000777839 0.00516901 0.0234976 0.0731097 0.155768 0.227348 0.227348 0.155769 0.0731127 0.0235064 0.00519178 0.000829793 0.000185794 0.000200611 0.000332653 0.000537312 0.000842437 0.00129473 0.00194032 0.00279231 0.0037955 0.0048124 0.00564795 0.00611005
 1.01336e-16 1.25002e-05 0.000121506 0.000807456 0.00367063 0.0114211 0.0243369 0.0355374 0.0356182 0.0247319 0.012747 0.00749773 0.0104046 0.0210411 0.039651 0.0652916 0.0934921 0.116389 0.125985 0.11861 0.097188 0.0694291 0.0434408 0.0241045 0.0122668 0.00620322
 1.00585e-16 8.00344e-05 0.000777963 0.00516984 0.0235013 0.0731214 0.155793 0.227384 0.227385 0.155797 0.0731357 0.0235431 0.00527615 0.00101448 0.00054214 0.000803116 0.00122676 0.00170308 0.00217318 0.00260033 0.00296906 0.0032611 0.00343159 0.00341686 0.003174 0.00271933
 1.00049e-16 7.85333e-05 0.000763372 0.00507287 0.0230606 0.07175 0.152871 0.223121 0.223125 0.152893 0.0718226 0.0232702 0.0055987 0.00190958 0.0022505 0.00358341 0.0051243 0.0063805 0.00690934 0.00650934 0.00533997 0.00382227 0.00239865 0.00133511 0.000677697 0.000333091
 1.00337e-16 4.90412e-05 0.000476698 0.00316783 0.0144005 0.0448055 0.0954643 0.139341 0.139379 0.0956507 0.0454312 0.0162066 0.00769735 0.0103517 0.0187651 0.0308442 0.0441907 0.0550714 0.0597172 0.0563902 0.0464445 0.0334737 0.0212524 0.0120486 0.00626173 0.00311865
 1.00272e-16 7.87778e-05 0.000765748 0.00508867 0.0231323 0.0719733 0.153347 0.223815 0.223818 0.153363 0.0720285 0.0232917 0.0054889 0.00164027 0.001742 0.00276114 0.00398338 0.00503625 0.0055965 0.00551227 0.00488382 0.00398628 0.00309786 0.00237024 0.00181653 0.00138214
 1.00091e-16 7.31733e-05 0.000711271 0.00472664 0.0214866 0.066853 0.142438 0.207894 0.207905 0.142489 0.0670266 0.0219877 0.0059832 0.00345055 0.00526438 0.0085579 0.0122519 0.0152616 0.0165367 0.0155953 0.0128154 0.0091985 0.00579709 0.00324425 0.00165136 0.000800715
 1.00018e-16 8.13821e-05 0.000791063 0.00525689 0.0238971 0.0743527 0.158416 0.231213 0.231215 0.158422 0.0743708 0.0239493 0.00538801 0.00107698 0.000623475 0.000899497 0.00128211 0.00159991 0.00173945 0.00165024 0.0013708 0.00100373 0.000656416 0.000392861 0.000223883 0.000127572
 1.0039e-16 4.06199e-06 3.94841e-05 0.00026239 0.00119284 0.00371186 0.00791188 0.0115667 0.0116576 0.00835623 0.00520327 0.00549778 0.011058 0.023572 0.0445951 0.0734522 0.105185 0.130958 0.141768 0.133471 0.10933 0.0779826 0.0485242 0.0264446 0.0127333 0.00552164
 1.00362e-16 8.12295e-05 0.00078958 0.00524704 0.0238523 0.0742133 0.158119 0.23078 0.23078 0.15812 0.0742159 0.0238602 0.00526785 0.00083797 0.000181752 0.000194284 0.000323811 0.000514331 0.00076544 0.00107159 0.00140881 0.00172817 0.00196195 0.00204613 0.00194939 0.00169039
 1.00254e-16 5.34883e-05 0.000519926 0.00345509 0.0157064 0.0488685 0.104121 0.151974 0.152008 0.104285 0.0494184 0.0172937 0.00743562 0.00919652 0.0164939 0.0270833 0.0387756 0.0482697 0.052244 0.049173 0.0402655 0.0287148 0.0178801 0.00978601 0.00478989 0.00218899
 1.04956e-16 1.52264e-05 0.000148006 0.000983557 0.00447115 0.0139117 0.0296427 0.0432776 0.0433406 0.0299503 0.0149447 0.00745581 0.00848008 0.0165281 0.0311674 0.0516131 0.0746011 0.0943201 0.104801 0.103201 0.0913934 0.0745314 0.057829 0.0441361 0.0337114 0.0255454
 1.01526e-16 7.75466e-05 0.000753781 0.00500914 0.0227708 0.0708485 0.15095 0.220317 0.220319 0.15096 0.0708821 0.0228687 0.00525703 0.00130239 0.00114135 0.00182134 0.00274965 0.00373646 0.00463809 0.00537864 0.00596447 0.00642494 0.00673381 0.00679243 0.00649378 0.00580934
 1.00298e-16 6.96234e-05 0.000676764 0.00449734 0.0204443 0.0636097 0.135528 0.19781 0.197824 0.135599 0.0638484 0.021133 0.00622472 0.00444246 0.00720613 0.0117631 0.0168449 0.0209867 0.022749 0.0214726 0.0176811 0.0127538 0.00813626 0.00469268 0.00256513 0.00144124
 1.02526e-16 1.94043e-06 1.88617e-05 0.000125347 0.000569863 0.00177352 0.00378188 0.00553796 0.00562475 0.00420592 0.00319704 0.00468022 0.0104382 0.0225159 0.0426809 0.0704321 0.101163 0.12658 0.138208 0.132106 0.111221 0.083439 0.0569667 0.0366265 0.0231713 0.0149348
 1.03185e-16 7.4048e-05 0.000719773 0.00478314 0.0217435 0.067652 0.14414 0.210376 0.210377 0.144143 0.0676628 0.0217762 0.00487205 0.000936113 0.000550049 0.000961656 0.00177198 0.0030466 0.00487745 0.00726137 0.0100122 0.0127206 0.0148229 0.0157882 0.0153411 0.0135901
 1.01814e-16 4.7277e-05 0.00045955 0.00305387 0.0138825 0.0431937 0.0920303 0.134329 0.134368 0.0922224 0.0438384 0.0157433 0.0077207 0.0106334 0.0193289 0.0317747 0.0455239 0.0567404 0.0615596 0.058224 0.0481727 0.0351467 0.0230433 0.0141541 0.0087891 0.00601942
 1.07779e-16 1.0563e-05 0.000102676 0.000682321 0.00310177 0.00965109 0.020565 0.0300281 0.03009 0.0208672 0.0106666 0.0060374 0.00806064 0.0162408 0.0307503 0.0510534 0.0740806 0.0942599 0.105843 0.106058 0.0966052 0.0822177 0.0675747 0.0550672 0.0447351 0.0356512
 1.03096e-16 7.47716e-05 0.000726806 0.00482988 0.0219559 0.0683131 0.145548 0.212433 0.212435 0.14556 0.0683511 0.0220668 0.00511234 0.00135698 0.00131149 0.00215433 0.00334097 0.00471508 0.00616125 0.00761427 0.00905028 0.0104072 0.0115101 0.0120936 0.011927 0.0109509
 1.00804e-16 6.38907e-05 0.000621041 0.00412703 0.0187609 0.0583723 0.124369 0.181525 0.181545 0.12447 0.0587126 0.0197435 0.00659124 0.00599339 0.0102463 0.0167843 0.0240467 0.0299771 0.0325311 0.0307752 0.0254609 0.0185539 0.0121066 0.00733327 0.00441269 0.00287643
 1.04204e-16 3.57392e-06 3.47398e-05 0.000230862 0.00104952 0.00326586 0.00696123 0.0101769 0.0102572 0.00735322 0.00458203 0.00485093 0.00977246 0.0208624 0.0395534 0.0653672 0.0941177 0.118243 0.13 0.125757 0.108117 0.0841001 0.0609358 0.0427604 0.0301146 0.0215332
 1.30744e-16 5.90225e-06 5.7372e-05 0.000381257 0.00173315 0.00539251 0.0114896 0.0167713 0.0167804 0.0115344 0.00554639 0.00219276 0.00159206 0.00288943 0.00593766 0.0112489 0.0195617 0.0315946 0.047846 0.0681957 0.091281 0.114032 0.132003 0.140753 0.137722 0.123458
 1.01869e-16 8.0417e-05 0.000781681 0.00519455 0.0236137 0.0734709 0.156537 0.228471 0.228472 0.15654 0.0734783 0.0236353 0.00524941 0.00090314 0.000316335 0.000410377 0.0006205 0.000865215 0.00113015 0.00143101 0.00180759 0.002295 0.00288402 0.00349949 0.00401493 0.00429819
pSPR Fmed_Fpbrs
0.244804   0.6 0.325
Fs Fmed_Fpbrs
1.4299   0.393944 1.05083
SSBpbr Bo_Bmed_Bpbrs
1.36828e+06  266546  752554 376277
Ro
26122.8
SPR SPRFo_SPRFmed_SPRFpbrs
186011 45536.3 60453.6
Fref
0.393944
log_Ro
9.99056
likeval ReclasPelacesDesembMPH_pf_preclas_ppelaces_ptallas_desvR_qrecl_qpela
 36.0132 24.2179 0.604075 0.000939144 415.966 147.984 122.844 0 211.71 0.000114923 0.000329786 0.65098 7.39776e-16 0 0
q_reclas_q_pelaces
4.56811 13.2451
M
1
N
 1463.34 14158.9 67746.1 11394.2 0.0560777
 872.526 474.786 3806.21 17729.3 2977.32
 251234 189.079 46.579 333.483 1802.4
 4604.46 55368.2 19.3468 4.27176 194.601
 1203.24 1005.38 5535.52 1.73021 17.6662
 294648 87.7295 6.49454 25.3037 0.0868382
 1212.66 76527.8 13.529 0.929741 3.61936
 355.793 253.887 6888.68 1.07963 0.360417
 60819 92.026 38.7484 975.123 0.202954
 1594.22 12396.6 7.74762 2.87553 71.857
 32097.8 214.515 369.942 0.186495 1.77574
 150357 7181.81 22.7953 35.3492 0.186304
 35635.8 26819.4 433.3 1.17822 1.82048
 88389.7 5709.47 1237.61 16.7413 0.114648
 35290.4 9843.67 106.231 17.8383 0.239418
 266788 3246.34 113.626 0.911897 0.152564
 2655.81 45409.1 174.234 5.17243 0.0479967
 500584 514.829 3372.56 11.2849 0.335473
 333164 117168 61.2263 364.146 1.24774
 27802.2 82780.4 16175.6 7.7727 46.1641
 286716 5629.56 6855.21 1179.09 3.90164
 372692 55452.5 415.72 441.247 75.547
 2980.45 76427.7 4739.84 31.3626 38.7073
 204764 726.867 10071.2 572.064 8.41316
 122436 51277.9 102.332 1306.01 74.921
 10542.3 33168.7 8785.45 16.423 220.79
 141957 2698.72 4933.23 1209.25 32.4986
 210024 31535.4 281.684 462.304 115.649
 6409.77 60965.8 6420.13 54.516 111.527
 1893.26 1991.98 14717.1 1494.95 38.5809
 71985.3 356.789 137.87 882.946 91.2508
pred_Ctot
 110.316 2472.16 12706 2145.4 0.010561
 236.524 243.772 2046.44 9555.9 1604.95
 66357.4 95.2767 24.5989 176.561 954.397
 1233.85 28192.8 10.3198 2.28429 104.075
 689.502 800.778 4487.53 1.40394 14.3356
 56324.9 34.5089 2.70197 10.5592 0.0362433
 345.624 40716.5 7.52518 0.51838 2.01824
 68.7134 100.691 2888.83 0.454118 0.151625
 17977.2 50.2222 22.0801 556.944 0.115932
 691.834 8602.08 5.53224 2.05639 51.3917
 8274.69 106.2 192.096 0.0970875 0.924558
 51875.6 4345.09 14.3203 22.2513 0.117285
 13584.1 17265 288.526 0.785962 1.21451
 42760.8 4196.9 932.064 12.6242 0.0864588
 18614.5 7549.24 83.1828 13.9834 0.18769
 96358.1 2021.77 73.3503 0.589792 0.0986846
 836.039 25868.9 103.412 3.07669 0.0285529
 119385 240.57 1656.85 5.55893 0.165277
 70567.4 49988.9 27.555 164.358 0.563254
 8289.41 45447.6 9269.95 4.46463 26.5198
 90503.9 3212.96 4075.79 702.564 2.32507
 109277 30093.8 235.635 250.686 42.9259
 656.53 33614.9 2196.74 14.5765 17.9927
 42633.9 305.979 4474.17 254.883 3.74906
 20914.4 18406 38.9526 498.715 28.6142
 2087.31 13418.5 3755.81 7.04185 94.685
 37023.1 1347.43 2582.49 634.64 17.0582
 28549.8 9336.09 88.8444 146.315 36.6085
 637.675 13709 1545.62 13.1735 26.955
 615.83 1159.84 8917.12 907.717 23.4285
 26047.4 222.457 89.0965 571.679 59.0878
F
 0.125611 0.313707 0.340546 0.342086 0.342168
 0.529226 1.32172 1.4348 1.44129 1.44163
 0.512379 1.27964 1.38912 1.39541 1.39574
 0.52166 1.30282 1.41428 1.42068 1.42102
 1.61852 4.04216 4.38799 4.40784 4.40889
 0.348126 0.869426 0.94381 0.948079 0.948305
 0.563685 1.40777 1.52822 1.53513 1.5355
 0.352279 0.879799 0.955071 0.959391 0.95962
 0.590477 1.47468 1.60085 1.60809 1.60848
 1.00576 2.51184 2.72674 2.73907 2.73972
 0.497237 1.24182 1.34807 1.35417 1.35449
 0.723889 1.80788 1.96255 1.97143 1.9719
 0.831225 2.07594 2.25355 2.26374 2.26428
 1.19493 2.98427 3.23959 3.25424 3.25502
 1.38608 3.46167 3.75784 3.77484 3.77574
 0.77074 1.92488 2.08957 2.09902 2.09952
 0.64067 1.60004 1.73693 1.74479 1.74521
 0.452165 1.12926 1.22587 1.23142 1.23171
 0.392443 0.980105 1.06396 1.06877 1.06903
 0.597083 1.49118 1.61876 1.62608 1.62647
 0.642966 1.60578 1.74316 1.75104 1.75146
 0.584406 1.45952 1.58439 1.59156 1.59194
 0.411088 1.02667 1.11451 1.11955 1.11982
 0.3846 0.960518 1.0427 1.04741 1.04766
 0.305978 0.764163 0.829542 0.833295 0.833493
 0.362616 0.905615 0.983095 0.987542 0.987777
 0.504414 1.25975 1.36753 1.37371 1.37404
 0.236911 0.591672 0.642293 0.645198 0.645352
 0.168692 0.4213 0.457345 0.459414 0.459523
 0.668913 1.67058 1.8135 1.82171 1.82214
 0.772701 1.92978 2.09489 2.10436 2.10486
nmprior
 8 9 7.5 0
nm_flota  nm_reclas  nm_pelaces    nm_pelaL
inf 7.60171 2.89698 3.58373
cv_recla  cv_pelaces  cv_mph
0.54282 0.579072 0.945739
 ------------------------------------------------
Talla a la edad & desviación 
 8 13.2811 15.8009 17.003 17.5766
 0.8 1.32811 1.58009 1.7003 1.75766
