years
 1991 1992 1993 1994 1995 1996 1997 1998 1999 2000 2001 2002 2003 2004 2005 2006 2007 2008 2009 2010 2011 2012 2013 2014 2015 2016 2017 2018 2019 2020 2021
reclasobs
 0 0 0 0 0 0 0 0 0 252601 567819 844713 477998 351125 339783 2.1784e+06 2.13404e+06 4.81314e+06 1.55562e+06 2.62356e+06 3.21686e+06 3.843e+06 1.13348e+06 3.07943e+06 1.97215e+06 2.03268e+06 2.025e+06 2.42433e+06 2.27542e+06 1.05018e+06 2.36338e+06
reclaspred
 3.78316e+06 1.76801e+06 918277 690774 448360 2.52353e+06 1.16394e+06 751601 509791 260906 478565 800400 770822 548113 448137 1.70283e+06 967893 4.06957e+06 2.62847e+06 2.04826e+06 3.17622e+06 2.96229e+06 1.77844e+06 3.15405e+06 2.27615e+06 1.78149e+06 2.36001e+06 3.15466e+06 2.19609e+06 896248 1.40773e+06
pelacesobs
 0 0 0 0 0 0 0 0 0 0 0 0 0 0 0 552880 188675 0 991730 2.46772e+06 1.41603e+06 1.21717e+06 2.29649e+06 1.80582e+06 0 1.4828e+06 1.56532e+06 1.57751e+06 1.42118e+06 867257 0
pelacespred
 2.21985e+06 1.02139e+06 466890 267788 208918 1.39438e+06 527750 488083 256458 104877 258364 347739 377406 252649 207512 740728 426681 2.24871e+06 1.38475e+06 930451 1.59708e+06 1.45269e+06 949726 1.91395e+06 1.28181e+06 1.03067e+06 1.56022e+06 2.07677e+06 1.25551e+06 522295 772274
mphobs
 0 0 0 0 0 0 0 0 0 0 0 498337 0 5186 125008 0 168611 109162 213762 579715 649985 157893 87575 83554 0 0 0 0 0 0 0
mphpred
 739225 399575 154393 93621.6 57328 52199.9 279576 107676 74686.7 34710.7 15704.1 60089.7 71828.2 53500.4 27166.4 30482.1 183468 94341.1 425823 212240 253784 282685 320092 194652 331785 270903 187550 231254 432324 218879 68891.3
desembarqueobs
 494567 514787 250237 358949 120608 361735 552515 73892 212993 205616 52469 317467 293654 387597 252695 516296 358380 742168 942051 627588 828172 859565 418607 520667 417249 300574 407403 355545 319650 289779 219260
desembarquepred
 494522 514619 249969 358859 120586 361620 552142 73886.8 212929 205541 52464.8 317336 293483 387174 252508 515960 358251 741724 941043 626904 827948 858951 418400 520514 417021 300446 407230 355369 319453 289580 219237
Reclutas
 91982.5 79721.5 102564 69026.2 39494.5 256399 50646.3 15985.3 26401.8 36508.3 51608.2 110424 86660.9 66705.9 47116.6 276906 28787.6 476802 207923 232253 234784 416143 46543.1 184131 165051 54306.9 149767 196257 38104.2 22964.9 112229
log_desv_Rt
 0.0350134 -0.108046 0.143899 -0.252099 -0.810422 1.06015 -0.561719 -1.71492 -1.21315 -0.889046 -0.542904 0.217744 -0.0245818 -0.286291 -0.63396 1.13709 -1.12664 1.68052 0.850584 0.961244 0.97208 1.54444 -0.646206 0.729065 0.61967 -0.491933 0.522499 0.792839 -0.84626 -1.35262 0.233956
SSB
 1.24989e+06 675607 261049 158297 96931.1 88260.4 472711 182061 126281 58689.4 26552.8 101601 121448 90459.3 45933.3 51539.6 310211 159513 719988 358858 429102 477969 541217 329121 560987 458047 317113 391008 730980 370084 116483
BT
 1.77347e+06 1.12842e+06 510859 446471 227635 1.24054e+06 800850 372263 369804 260301 213781 486974 509022 565950 386604 902154 542106 2.16243e+06 1.76036e+06 1.11678e+06 1.72251e+06 1.68844e+06 940152 1.74748e+06 1.18016e+06 906201 1.44069e+06 1.7042e+06 1.02659e+06 609379 698865
Ftot
 0.35786 0.778302 0.781908 1.42403 0.794356 0.518347 1.20013 0.287204 1.21619 2.11373 0.3953 1.23623 1.16407 2.01725 1.75141 1.06412 0.977792 0.65136 1.02106 0.956628 0.812369 0.920101 0.645543 0.554009 0.55365 0.486919 0.570366 0.384829 0.392662 0.845949 0.541128
BD_Bspro_t
 0.944646 0.636975 0.35443 0.267563 0.16693 0.191668 0.466071 0.224884 0.219293 0.140874 0.0923334 0.351709 0.267899 0.185029 0.100108 0.114357 0.316411 0.191153 0.432266 0.259221 0.254009 0.273968 0.316123 0.245068 0.388382 0.397371 0.368548 0.454402 0.586208 0.420853 0.254823
BD_Bspro
 1.97631 1.06826 0.412765 0.250296 0.153265 0.139555 0.74744 0.287871 0.199673 0.0927985 0.0419846 0.160649 0.192031 0.143032 0.0726288 0.0814933 0.490499 0.252219 1.13843 0.567419 0.678486 0.755754 0.855761 0.520398 0.887021 0.724255 0.501412 0.618253 1.15581 0.585169 0.18418
BD_Bo
 1.02426 0.553648 0.213925 0.129721 0.0794333 0.0723278 0.387378 0.149195 0.103485 0.0480949 0.0217595 0.0832598 0.0995246 0.0741297 0.0376415 0.0422357 0.254212 0.130718 0.590017 0.294078 0.351641 0.391686 0.443517 0.269708 0.459718 0.375361 0.259868 0.320423 0.599024 0.303277 0.0954552
BD_Brms
 5.31191 2.87126 1.10943 0.672744 0.411947 0.375097 2.00897 0.773739 0.536682 0.249424 0.112846 0.431791 0.516142 0.384442 0.195212 0.219038 1.31836 0.677914 3.05987 1.52511 1.82363 2.03131 2.30011 1.39873 2.38413 1.94665 1.34769 1.66174 3.10658 1.57281 0.495038
Sel_flota
 0.671909 0.974944 0.998649 0.999929 0.999996
 0.671909 0.974944 0.998649 0.999929 0.999996
 0.671909 0.974944 0.998649 0.999929 0.999996
 0.671909 0.974944 0.998649 0.999929 0.999996
 0.671909 0.974944 0.998649 0.999929 0.999996
 0.671909 0.974944 0.998649 0.999929 0.999996
 0.671909 0.974944 0.998649 0.999929 0.999996
 0.671909 0.974944 0.998649 0.999929 0.999996
 0.671909 0.974944 0.998649 0.999929 0.999996
 0.671909 0.974944 0.998649 0.999929 0.999996
 0.671909 0.974944 0.998649 0.999929 0.999996
 0.671909 0.974944 0.998649 0.999929 0.999996
 0.671909 0.974944 0.998649 0.999929 0.999996
 0.671909 0.974944 0.998649 0.999929 0.999996
 0.671909 0.974944 0.998649 0.999929 0.999996
 0.671909 0.974944 0.998649 0.999929 0.999996
 0.671909 0.974944 0.998649 0.999929 0.999996
 0.671909 0.974944 0.998649 0.999929 0.999996
 0.671909 0.974944 0.998649 0.999929 0.999996
 0.671909 0.974944 0.998649 0.999929 0.999996
 0.671909 0.974944 0.998649 0.999929 0.999996
 0.671909 0.974944 0.998649 0.999929 0.999996
 0.671909 0.974944 0.998649 0.999929 0.999996
 0.671909 0.974944 0.998649 0.999929 0.999996
 0.671909 0.974944 0.998649 0.999929 0.999996
 0.671909 0.974944 0.998649 0.999929 0.999996
 0.671909 0.974944 0.998649 0.999929 0.999996
 0.671909 0.974944 0.998649 0.999929 0.999996
 0.671909 0.974944 0.998649 0.999929 0.999996
 0.671909 0.974944 0.998649 0.999929 0.999996
 0.671909 0.974944 0.998649 0.999929 0.999996
Sel_reclas
 0.99976 1 1 1 1
 0.99976 1 1 1 1
 0.99976 1 1 1 1
 0.99976 1 1 1 1
 0.99976 1 1 1 1
 0.99976 1 1 1 1
 0.99976 1 1 1 1
 0.99976 1 1 1 1
 0.99976 1 1 1 1
 0.99976 1 1 1 1
 0.99976 1 1 1 1
 0.99976 1 1 1 1
 0.99976 1 1 1 1
 0.99976 1 1 1 1
 0.99976 1 1 1 1
 0.99976 1 1 1 1
 0.99976 1 1 1 1
 0.99976 1 1 1 1
 0.99976 1 1 1 1
 0.99976 1 1 1 1
 0.99976 1 1 1 1
 0.99976 1 1 1 1
 0.99976 1 1 1 1
 0.99976 1 1 1 1
 0.99976 1 1 1 1
 0.99976 1 1 1 1
 0.99976 1 1 1 1
 0.99976 1 1 1 1
 0.99976 1 1 1 1
 0.99976 1 1 1 1
 0.99976 1 1 1 1
Sel_pelaces
 0.891881 1 1 1 1
 0.891881 1 1 1 1
 0.891881 1 1 1 1
 0.891881 1 1 1 1
 0.891881 1 1 1 1
 0.891881 1 1 1 1
 0.891881 1 1 1 1
 0.891881 1 1 1 1
 0.891881 1 1 1 1
 0.891881 1 1 1 1
 0.891881 1 1 1 1
 0.891881 1 1 1 1
 0.891881 1 1 1 1
 0.891881 1 1 1 1
 0.891881 1 1 1 1
 0.891881 1 1 1 1
 0.891881 1 1 1 1
 0.891881 1 1 1 1
 0.891881 1 1 1 1
 0.891881 1 1 1 1
 0.891881 1 1 1 1
 0.891881 1 1 1 1
 0.891881 1 1 1 1
 0.891881 1 1 1 1
 0.891881 1 1 1 1
 0.891881 1 1 1 1
 0.891881 1 1 1 1
 0.891881 1 1 1 1
 0.891881 1 1 1 1
 0.891881 1 1 1 1
 0.891881 1 1 1 1
pf_obs 
 0.8446 0.082 0.0669 0.0065 0
 0.8095 0.147 0.0364 0.0071 0
 0.9664 0.0169 0.016 0.0007 0
 0.9276 0.0648 0.0075 0.0001 0
 0.7033 0.2144 0.0806 0.0017 0
 0.9318 0.0425 0.0243 0.0014 0
 0.5671 0.3108 0.0964 0.0239 0.0018
 0.0768 0.2599 0.5324 0.112 0.0189
 0.490249 0.384438 0.106611 0.0170017 0.00170017
 0.7925 0.1577 0.0466 0.003 0.0002
 0.840416 0.127587 0.0312969 0.00059994 9.999e-05
 0.8084 0.0986 0.0794 0.0134 0.0002
 0.7335 0.1905 0.0724 0.0035 0.0001
 0.4001 0.4547 0.1325 0.0127 0
 0.49795 0.308269 0.164784 0.0264974 0.00249975
 0.9179 0.0499 0.0305 0.0017 0
 0.2467 0.6533 0.0926 0.0074 0
 0.9418 0.0223 0.034 0.0019 0
 0.707729 0.231977 0.0356964 0.0245975 0
 0.517169 0.277429 0.184464 0.0207286 0.00020938
 0.811772 0.124168 0.05621 0.00726502 0.000585176
 0.764997 0.148141 0.077277 0.00933861 0.000247198
 0.163321 0.427699 0.378323 0.0303852 0.000271297
 0.753843 0.0900009 0.118128 0.0371064 0.000921714
 0.721811 0.176058 0.0630433 0.0369309 0.00215725
 0.143369 0.312575 0.442814 0.0836902 0.0175525
 0.692698 0.0596174 0.167031 0.0765114 0.00414204
 0.394062 0.376323 0.152708 0.0712218 0.00568511
 0.125707 0.32114 0.495352 0.0537591 0.00404204
 0.23352 0.215282 0.420074 0.123614 0.00750983
 0 0 0 0 0
pf_pred 
 0.430291 0.195313 0.334955 0.0394393 2.23973e-06
 0.54862 0.243528 0.0725948 0.121027 0.0142297
 0.748737 0.16874 0.0452623 0.0130296 0.0242308
 0.672263 0.273233 0.0370336 0.00959031 0.00787945
 0.708539 0.232378 0.0496367 0.00642407 0.00302272
 0.946454 0.0429572 0.00850254 0.00175358 0.000333102
 0.364546 0.613549 0.0176808 0.00339315 0.000831356
 0.410947 0.299697 0.279781 0.00773154 0.00184311
 0.687203 0.161349 0.0780906 0.070933 0.00242388
 0.850773 0.119994 0.0153996 0.00714087 0.00669259
 0.914224 0.0795927 0.0050304 0.000608469 0.000544805
 0.848534 0.142776 0.00808089 0.000496129 0.000113562
 0.776494 0.203677 0.0187367 0.00101593 7.64721e-05
 0.765823 0.202117 0.0293223 0.00258684 0.00015048
 0.841983 0.138855 0.0166666 0.0022822 0.000212387
 0.973463 0.0243302 0.00195167 0.000222296 3.31784e-05
 0.303543 0.685866 0.00974138 0.00075091 9.8083e-05
 0.965115 0.0149692 0.0196241 0.000268272 2.33326e-05
 0.580172 0.410806 0.00394447 0.00500351 7.42184e-05
 0.765205 0.165964 0.0674089 0.000622445 0.000799598
 0.770124 0.195363 0.024665 0.00964536 0.000203051
 0.843259 0.133058 0.0202347 0.00246551 0.000982573
 0.274088 0.654822 0.0606858 0.0088915 0.00151208
 0.821943 0.0674006 0.100137 0.00898207 0.00153712
 0.696051 0.2679 0.0139127 0.0200351 0.0021011
 0.425986 0.449967 0.109747 0.00552451 0.00877523
 0.804598 0.105112 0.0712381 0.0168587 0.00219299
 0.766077 0.203181 0.0167792 0.0110205 0.00294231
 0.291558 0.590686 0.102669 0.00824027 0.00684656
 0.385137 0.238606 0.315215 0.0532317 0.00780988
 0.899066 0.0522347 0.0193193 0.0246213 0.00475869
pobs_RECLAS
 0 0 0 0 0
 0 0 0 0 0
 0 0 0 0 0
 0 0 0 0 0
 0 0 0 0 0
 0 0 0 0 0
 0 0 0 0 0
 0 0 0 0 0
 0 0 0 0 0
 0 0 0 0 0
 0.991045 0.00858322 0.000360255 1.14367e-05 0
 0.934742 0.0480273 0.0164251 0.00080598 0
 0.827803 0.169806 0.00239088 0 0
 0.941827 0.0461693 0.0120037 0 0
 0.791401 0.0380133 0.147996 0.0225897 0
 0.846168 0.0940531 0.0597789 0 0
 0.134021 0.677848 0.182769 0.00536245 0
 0.80878 0.0450904 0.141981 0.00414843 0
 0.846168 0.0940531 0.0597789 0 0
 0.905697 0.0802665 0.012482 0.00150086 5.37128e-05
 0.989698 0.0102097 9.19794e-05 0 0
 0.975433 0.0193895 0.00387452 0.00125025 5.28907e-05
 0.303575 0.632131 0.0575291 0.00676475 0
 0.966965 0.00978017 0.0227588 0.000495775 0
 0.843318 0.132988 0.00938335 0.0141283 0.000182051
 0.564624 0.303363 0.111486 0.0197234 0.00080311
 0.826376 0.0876187 0.0782897 0.00655872 0.00115652
 0.89761 0.0855135 0.0140674 0.00269457 0.000114338
 0.34875 0.467042 0.161289 0.0227151 0.000203297
 0.318654 0.224769 0.449479 0.00709798 0
 0.937255 0.0296025 0.0250945 0.00804832 0
ppred_RECLAS
 0.529754 0.163883 0.274127 0.0322343 1.83043e-06
 0.648075 0.192276 0.0558116 0.0929148 0.0109236
 0.81815 0.123214 0.0321821 0.00925105 0.0172027
 0.762794 0.198759 0.0261376 0.00675772 0.0055517
 0.785408 0.172017 0.0357759 0.00462358 0.00217538
 0.96329 0.0295992 0.005711 0.00117625 0.000223418
 0.468522 0.513665 0.0143818 0.00275577 0.000675136
 0.508201 0.253261 0.230655 0.00636558 0.00151737
 0.774002 0.11825 0.0555995 0.0504254 0.00172296
 0.904673 0.0771899 0.00956326 0.00442616 0.00414789
 0.940083 0.0556977 0.00343302 0.000414698 0.000371282
 0.896218 0.0979894 0.00538728 0.000330241 7.55849e-05
 0.842116 0.144239 0.0128945 0.000698084 5.25428e-05
 0.84334 0.135846 0.0190402 0.00167664 9.75225e-05
 0.895436 0.0922447 0.0107183 0.00146513 0.000136336
 0.982438 0.0161385 0.00125875 0.000143157 2.13649e-05
 0.397538 0.593548 0.00820073 0.000631218 8.24426e-05
 0.9766 0.0101908 0.0130162 0.000177692 1.54534e-05
 0.67723 0.316025 0.00295114 0.00373792 5.54412e-05
 0.832364 0.119443 0.0471986 0.000435186 0.000559001
 0.834492 0.141227 0.0173593 0.00677875 0.000142693
 0.890677 0.093187 0.0137897 0.00167777 0.000668584
 0.359996 0.578795 0.0522621 0.00764666 0.00130029
 0.874046 0.0484442 0.0701511 0.00628376 0.00107527
 0.772654 0.201006 0.0101744 0.0146317 0.00153432
 0.523963 0.37521 0.0892187 0.00448506 0.00712364
 0.860527 0.0759267 0.0501519 0.0118523 0.00154164
 0.828365 0.149577 0.012047 0.00790182 0.00210952
 0.377798 0.52094 0.0883043 0.0070779 0.00588038
 0.488842 0.201669 0.25934 0.0437329 0.00641578
 0.930259 0.0365521 0.0131773 0.0167707 0.00324114
pobs_PELACES
 0 0 0 0 0
 0 0 0 0 0
 0 0 0 0 0
 0 0 0 0 0
 0 0 0 0 0
 0 0 0 0 0
 0 0 0 0 0
 0 0 0 0 0
 0 0 0 0 0
 0 0 0 0 0
 0 0 0 0 0
 0 0 0 0 0
 0 0 0 0 0
 0 0 0 0 0
 0 0 0 0 0
 0 0 0 0 0
 0.505614 0.472636 0.0217494 0 0
 0 0 0 0 0
 0.443492 0.261883 0.143347 0.151278 0
 0.227955 0.32914 0.350689 0.0885471 0.00366901
 0.970185 0.0296113 0.000203453 0 0
 0.997202 0.00247181 0.000326279 0 0
 0.445219 0.490057 0.0546422 0.010081 0
 0.90214 0.0892962 0.00764917 0.000914606 0
 0 0 0 0 0
 0.581667 0.319106 0.0959925 0.00289975 0.000334073
 0.762889 0.0836404 0.116647 0.0363945 0.000428098
 0.88444 0.0763242 0.0277011 0.0115352 0
 0.521256 0.241999 0.230069 0.00667565 0
 0.616807 0.101726 0.260614 0.0208532 0
 0 0 0 0 0
ppred_PELACES
 0.510647 0.170855 0.28499 0.0335065 1.90267e-06
 0.640397 0.197032 0.0568449 0.094604 0.011122
 0.813041 0.126931 0.032951 0.00946893 0.0176075
 0.768189 0.194594 0.0253064 0.0065389 0.00537177
 0.779707 0.176806 0.0365441 0.00472129 0.00222131
 0.96105 0.0314302 0.00603972 0.00124368 0.000236224
 0.470054 0.512347 0.0142108 0.00272163 0.000666756
 0.487112 0.26441 0.240268 0.00663007 0.00158041
 0.776108 0.117693 0.0548137 0.0496871 0.00169769
 0.912987 0.0706842 0.00861364 0.00398309 0.0037325
 0.935751 0.0597382 0.0036707 0.000443334 0.000396917
 0.897142 0.0971686 0.00529075 0.000324154 7.41897e-05
 0.842516 0.143987 0.0127552 0.000690206 5.19485e-05
 0.854821 0.126154 0.0174048 0.00153133 8.90665e-05
 0.901151 0.0873433 0.0100107 0.0013674 0.000127236
 0.982315 0.0162623 0.00125789 0.000142995 2.13403e-05
 0.393643 0.597452 0.00819178 0.000630269 8.23168e-05
 0.975521 0.0106912 0.013586 0.000185419 1.61252e-05
 0.674623 0.318633 0.00295181 0.00373717 5.54288e-05
 0.830067 0.12134 0.0475906 0.000438623 0.000563404
 0.830025 0.145176 0.0177317 0.00692177 0.000145701
 0.888605 0.0950545 0.0139652 0.00169846 0.000676815
 0.348753 0.589249 0.052938 0.00774344 0.00131673
 0.867739 0.0510065 0.073542 0.00658596 0.00112697
 0.76225 0.210313 0.0105994 0.0152394 0.00159803
 0.507811 0.388255 0.0919697 0.00462241 0.00734171
 0.853783 0.0797619 0.0524505 0.0123926 0.00161189
 0.817392 0.159202 0.0127836 0.00838366 0.00223814
 0.360471 0.535715 0.0905305 0.00725514 0.00602757
 0.48246 0.205013 0.261901 0.044149 0.0064767
 0.926401 0.0386541 0.0138762 0.0176562 0.00341222
pobs_pel_tallas
 0 0 0 0 0 0 0 0 0 0 0 0 0 0 0 0 0 0 0 0 0 0 0 0 0 0
 0 0 0 0 0 0 0 0 0 0 0 0 0 0 0 0 0 0 0 0 0 0 0 0 0 0
 0 0 0 0 0 0 0 0 0 0 0 0 0 0 0 0 0 0 0 0 0 0 0 0 0 0
 0 0 0 0 0 0 0 0 0 0 0 0 0 0 0 0 0 0 0 0 0 0 0 0 0 0
 0 0 0 0 0 0 0 0 0 0 0 0 0 0 0 0 0 0 0 0 0 0 0 0 0 0
 0 0 0 0 0 0 0 0 0 0 0 0 0 0 0 0 0 0 0 0 0 0 0 0 0 0
 0 0 0 0 0 0 0 0 0 0 0 0 0 0 0 0 0 0 0 0 0 0 0 0 0 0
 0 0 0 0 0 0 0 0 0 0 0 0 0 0 0 0 0 0 0 0 0 0 0 0 0 0
 0 0 0 0 0 0 0 0 0 0 0 0 0 0 0 0 0 0 0 0 0 0 0 0 0 0
 0 0 0 0 0 0 0 0 0 0 0 0 0 0 0 0 0 0 0 0 0 0 0 0 0 0
 0 0 0 0 0 0 0 0 0 0 0 0 0 0 0 0 0 0 0 0 0 0 0 0 0 0
 0 0 0 0 0 0 0 0 0 0 0 0 0 0 0 0 0 0 0 0 0 0 0 0 0 0
 0.00862536 0 0 0.000197151 0.00414017 0.0128641 0.00837892 0.0270097 0.101434 0.158115 0.152841 0.127902 0.109271 0.109419 0.0830992 0.0579132 0.0238553 0.00714673 0.00463305 0.00128148 0.00103504 0.000492878 0.000147863 0.000147863 4.92878e-05 0
 0 0 0 0 0 0 0 0 0 0 0 0 0 0 0 0 0 0 0 0 0 0 0 0 0 0
 0 0 0 0 0 0 0 0.0054083 0.00873648 0.0413646 0.0450493 0.0745869 0.0622846 0.0627006 0.0613931 0.0827291 0.12552 0.122667 0.0946155 0.0697135 0.0546179 0.0294188 0.0215738 0.0213955 0.0102223 0.00600262
 0 0 0 0 0.00359764 0.0251062 0.0480494 0.140153 0.205849 0.193036 0.1447 0.116669 0.0760912 0.0342217 0.00950174 0.001854 0.000860785 0 0 0 0.000165536 0 0.000143464 0 0 0
 0 0 0 0 0 0 0 0.000145254 0.000435761 0.0275982 0.070085 0.0708112 0.156366 0.174668 0.174014 0.160142 0.0824315 0.0480064 0.0283245 0.00493863 0.00203355 0 0 0 0 0
 0 0 0 0 0 0 0 0 0 0 0 0 0 0 0 0 0 0 0 0 0 0 0 0 0 0
 0 0 1.00437e-05 0.000401748 0.00122533 0.00171747 0.00176769 0.0269171 0.070346 0.194647 0.189555 0.159765 0.064822 0.0314167 0.0384472 0.0292271 0.0345202 0.0313363 0.0194345 0.0106764 0.0143323 0.0359363 0.0279516 0.0138201 0.00172751 0
 0 0.0021121 0.0136068 0.0755702 0.200478 0.177729 0.0527432 0.0373336 0.0318909 0.0142505 0.0149659 0.0166563 0.0217959 0.0798694 0.0677717 0.0528807 0.04013 0.0224614 0.0357745 0.0225083 0.00881397 0.00855152 0.00135912 0.000746735 0 0
 0 0 0 0 5.4009e-05 0.00500934 0.000945158 0.0243581 0.138947 0.33067 0.221406 0.137944 0.0707744 0.0437923 0.0131692 0.00525238 0.0047753 0.00276346 9.45158e-05 9.00151e-06 2.25038e-05 9.00151e-06 4.50075e-06 0 0 0
 0.000866109 0.00284123 0.00948549 0.0512746 0.133035 0.25785 0.225252 0.132002 0.0553304 0.0519788 0.0540692 0.017754 0.00435017 0.00159236 0.00146478 0.000404838 0.000125132 0.000115318 0.000107957 0.000100596 0 0 0 0 0 0
 0 0 0 0 0.00144013 0.00171154 0.00461396 0.0210425 0.0478622 0.0707936 0.0888783 0.103762 0.0637923 0.0337046 0.0602308 0.124433 0.169614 0.0934646 0.0462172 0.0250306 0.0313229 0.00938855 0.002487 0.000210481 0 0
 0 0.00764035 0.051015 0.0998891 0.058973 0.0496711 0.0374665 0.0718981 0.12319 0.153886 0.159021 0.0857701 0.0377988 0.023471 0.0147837 0.00900784 0.00315554 0.000888139 0.00291439 0.00214683 0.00393193 0.00274676 0.000635225 9.99891e-05 0 0
 0 0 0 0 0 0 0 0 0 0 0 0 0 0 0 0 0 0 0 0 0 0 0 0 0 0
 0 0 0 0 0 0 0 0 0 0 0 0 0 0 0 0 0 0 0 0 0 0 0 0 0 0
 0 0 0 0 0 0 0 0 0 0 0 0 0 0 0 0 0 0 0 0 0 0 0 0 0 0
 0 0 0 0 0 0 0 0 0 0 0 0 0 0 0 0 0 0 0 0 0 0 0 0 0 0
 0 0 0 0 0 0 0 0 0 0 0 0 0 0 0 0 0 0 0 0 0 0 0 0 0 0
 0 0 0 0 0 0 0 0 0 0 0 0 0 0 0 0 0 0 0 0 0 0 0 0 0 0
 0 0 0 0 0 0 0 0 0 0 0 0 0 0 0 0 0 0 0 0 0 0 0 0 0 0
ppred_pel_tallas
 1.11629e-16 4.20613e-05 0.000408851 0.00271696 0.0123509 0.0384284 0.0818764 0.119504 0.119521 0.081959 0.0387072 0.0131614 0.0047712 0.00495888 0.0088755 0.0151071 0.0229235 0.0312528 0.0389464 0.045347 0.0504308 0.0543311 0.0567293 0.0567716 0.0536361 0.0472418
 1.13061e-16 5.27487e-05 0.000512736 0.00340731 0.0154892 0.0481927 0.10268 0.149869 0.149888 0.102773 0.0485059 0.016395 0.00568527 0.00550018 0.00956954 0.0158593 0.0231425 0.0297746 0.0341543 0.0356475 0.0349851 0.0337124 0.0331126 0.033447 0.0339896 0.0336543
 1.04913e-16 6.69691e-05 0.000650964 0.00432589 0.0196649 0.0611847 0.130361 0.190268 0.19028 0.130421 0.061386 0.0202467 0.00578786 0.00384737 0.00615224 0.0101044 0.0146445 0.0186232 0.0209232 0.0210505 0.0194263 0.01708 0.0149938 0.013609 0.0127882 0.0121127
 1.02345e-16 6.32747e-05 0.000615053 0.00408724 0.01858 0.0578095 0.12317 0.179774 0.179793 0.123262 0.0581171 0.0194686 0.00631764 0.00548367 0.00930868 0.0152866 0.0220096 0.0276683 0.030464 0.0295716 0.0256291 0.0203014 0.0152817 0.0115046 0.00902572 0.00740829
 1.0195e-16 6.42235e-05 0.000624275 0.00414853 0.0188586 0.0586763 0.125017 0.182469 0.182486 0.1251 0.0589562 0.0196674 0.00617961 0.00506089 0.00849812 0.0139681 0.0201628 0.0254528 0.0282168 0.0276973 0.0244334 0.0198649 0.0154439 0.0119553 0.00944028 0.00755861
 1.00348e-16 7.91604e-05 0.000769468 0.00511338 0.0232447 0.0723229 0.154092 0.224902 0.224905 0.154107 0.0723727 0.0233884 0.00547431 0.00155777 0.00157746 0.0024856 0.0035799 0.00451612 0.00500173 0.00490236 0.00431517 0.00349814 0.00271139 0.00209537 0.00165659 0.00133218
 1.00927e-16 3.87178e-05 0.000376351 0.00250099 0.0113692 0.0353739 0.0753697 0.110015 0.110064 0.0756105 0.0361821 0.0137022 0.00835265 0.013135 0.024224 0.0398656 0.0571416 0.0712619 0.077372 0.073235 0.060596 0.044077 0.0285194 0.0168116 0.00943456 0.00537157
 1.07934e-16 4.01228e-05 0.000390008 0.00259174 0.0117817 0.0366574 0.0781034 0.114 0.114025 0.0782296 0.037082 0.0130121 0.00569517 0.00721394 0.0131434 0.0220372 0.0326032 0.0427819 0.0504206 0.0543958 0.0550723 0.0536661 0.051125 0.0475454 0.0425149 0.0358721
 1.06883e-16 6.3927e-05 0.000621394 0.00412938 0.0187716 0.0584054 0.124439 0.181625 0.181637 0.124495 0.0585931 0.0193147 0.0054966 0.00361907 0.00579601 0.00958495 0.0140513 0.0182102 0.0211129 0.0223563 0.0223045 0.021766 0.0213873 0.0212554 0.0209652 0.0199989
 1.01298e-16 7.52015e-05 0.000730985 0.00485766 0.0220822 0.068706 0.146386 0.213655 0.213662 0.146419 0.0688177 0.022405 0.00566786 0.00249963 0.00343411 0.00555836 0.00800072 0.0100651 0.0111003 0.0108136 0.00944537 0.00760661 0.00591196 0.00468997 0.00393871 0.00347092
 1.00233e-16 7.70766e-05 0.000749212 0.00497878 0.0226328 0.0704191 0.150035 0.218982 0.218988 0.150064 0.0705134 0.0229051 0.00566181 0.00223898 0.0029026 0.00466652 0.00669108 0.00836392 0.00911837 0.0086945 0.00729208 0.00544047 0.00369053 0.00236561 0.00151345 0.00101535
 1.00223e-16 7.38964e-05 0.0007183 0.00477335 0.021699 0.0675136 0.143845 0.209948 0.209958 0.143891 0.067667 0.0221417 0.00588405 0.00314062 0.00466742 0.00758104 0.0108706 0.0135789 0.0147846 0.0140629 0.0117381 0.00867384 0.00577151 0.00356501 0.00214049 0.00131161
 1.00483e-16 6.9397e-05 0.000674563 0.00448271 0.0203778 0.0634028 0.135087 0.197166 0.19718 0.135155 0.0636302 0.0210344 0.00613033 0.00426908 0.00688934 0.0112619 0.0161741 0.0202487 0.0221303 0.0211903 0.0178981 0.0135082 0.00932362 0.00610575 0.00396808 0.00264216
 1.00704e-16 7.04105e-05 0.000684415 0.00454818 0.0206754 0.0643288 0.13706 0.200045 0.200058 0.137119 0.0645283 0.0212514 0.00599405 0.00384037 0.00606296 0.00990848 0.0142581 0.0179098 0.0196866 0.0190401 0.0163685 0.01274 0.00925253 0.00653158 0.00465292 0.00338518
 1.0047e-16 7.42267e-05 0.00072151 0.00479469 0.0217959 0.0678153 0.144488 0.210886 0.210895 0.144529 0.0679534 0.0221946 0.00579505 0.00290457 0.00421808 0.00685001 0.00984644 0.0123516 0.0135468 0.0130528 0.0111509 0.00859088 0.00614575 0.00425853 0.00298433 0.00215648
 1.00059e-16 8.0912e-05 0.000786494 0.00522653 0.023759 0.0739232 0.157501 0.229878 0.22988 0.157509 0.0739489 0.0238332 0.00541256 0.0011923 0.000850754 0.0012761 0.00182495 0.00228309 0.00249293 0.00238338 0.00200805 0.00150956 0.00103613 0.000674402 0.000437094 0.000292945
 1.00467e-16 3.2424e-05 0.000315173 0.00209444 0.00952105 0.0296238 0.0631188 0.0921358 0.0921932 0.0633995 0.030566 0.0122406 0.00891486 0.0151838 0.0282105 0.0464284 0.0665078 0.0828537 0.0897879 0.0846943 0.0696218 0.0500008 0.0315386 0.0176688 0.00899782 0.00435012
 1.00417e-16 8.03524e-05 0.000781054 0.00519038 0.0235947 0.0734119 0.156412 0.228288 0.228289 0.156417 0.0734292 0.0236449 0.00531723 0.00106089 0.000620338 0.000920455 0.00136926 0.00182739 0.0022085 0.00246691 0.00260801 0.00266141 0.00264009 0.00252593 0.00229299 0.00194263
 1.00551e-16 5.55679e-05 0.00054014 0.00358942 0.016317 0.0507684 0.108169 0.157882 0.157912 0.108318 0.0512708 0.0177673 0.00722669 0.00846937 0.0150824 0.024762 0.0354677 0.044187 0.0478936 0.0451992 0.0372055 0.0268161 0.0170753 0.00980384 0.0053032 0.00291875
 1.01544e-16 6.83716e-05 0.000664596 0.00441647 0.0200767 0.062466 0.133091 0.194252 0.194264 0.133148 0.0626588 0.0206342 0.00581809 0.00373142 0.0059134 0.00972098 0.0141191 0.0180059 0.0202935 0.0204556 0.0188022 0.0162062 0.0135228 0.0111775 0.00916661 0.0073257
 1.01268e-16 6.83681e-05 0.000664562 0.00441625 0.0200756 0.0624628 0.133084 0.194243 0.194257 0.133152 0.0626923 0.0207384 0.0060798 0.00429553 0.00696257 0.011398 0.0164027 0.0206062 0.0226611 0.0219472 0.0189369 0.014871 0.0110154 0.00807466 0.00610275 0.00479094
 1.00713e-16 7.31932e-05 0.000711464 0.00472793 0.0214925 0.0668712 0.142476 0.20795 0.20796 0.142521 0.0670215 0.0219267 0.00581775 0.00309055 0.00459146 0.00747448 0.0107591 0.0135265 0.0148919 0.0144445 0.0124849 0.00981479 0.0072544 0.00526518 0.00389392 0.00295841
 1.02678e-16 2.87265e-05 0.000279232 0.00185559 0.0084353 0.0262457 0.0559212 0.0816306 0.0816873 0.0561985 0.0271764 0.0111228 0.00859907 0.0149917 0.027945 0.0460861 0.066227 0.0829438 0.0907178 0.0869899 0.0736902 0.0559516 0.0390888 0.0261828 0.017652 0.0123531
 1.02987e-16 7.14745e-05 0.000694758 0.00461691 0.0209878 0.0653009 0.139131 0.203066 0.203071 0.139155 0.0653837 0.0212284 0.00522581 0.00204055 0.00267585 0.00443682 0.00667797 0.00900811 0.0110593 0.0126296 0.0137364 0.0144791 0.0148477 0.0146699 0.0137494 0.0120566
 1.02159e-16 6.27856e-05 0.000610298 0.00405565 0.0184364 0.0573626 0.122218 0.178385 0.178405 0.122317 0.0576946 0.0193951 0.00646078 0.0058567 0.0100151 0.016428 0.0235918 0.0295314 0.0322867 0.0309726 0.0263207 0.0202077 0.0145534 0.0104335 0.007918 0.00648206
 1.0446e-16 4.18278e-05 0.000406581 0.00270188 0.0122824 0.0382152 0.0814228 0.118847 0.118884 0.081606 0.0388303 0.0140597 0.00716579 0.0101599 0.0185898 0.0307305 0.0444112 0.0561494 0.062401 0.0614978 0.0545926 0.0447921 0.0352223 0.0275625 0.0218996 0.0175278
 1.0305e-16 7.0325e-05 0.000683584 0.00454266 0.0206503 0.0642507 0.136893 0.199801 0.199809 0.136931 0.0643782 0.0210195 0.00547273 0.00272479 0.00397883 0.00654996 0.00962395 0.0125118 0.0145525 0.01543 0.0153213 0.0146967 0.0139478 0.01316 0.0121758 0.0108244
 1.0163e-16 6.73275e-05 0.000654448 0.00434904 0.0197701 0.0615122 0.131059 0.191287 0.191303 0.131134 0.0617637 0.0204962 0.00617113 0.00463 0.00761161 0.0124615 0.0179096 0.0224504 0.0246019 0.0236899 0.0202545 0.0156941 0.0114384 0.00828822 0.00630106 0.00510223
 1.04498e-16 2.96917e-05 0.000288614 0.00191794 0.00871871 0.0271274 0.0577998 0.0843713 0.0844229 0.0580522 0.027975 0.0111669 0.00806416 0.0137086 0.0255246 0.0421701 0.0607882 0.076527 0.0844396 0.082214 0.0715177 0.0568129 0.0426506 0.0315682 0.0238016 0.0183422
 1.13134e-16 3.97397e-05 0.000386284 0.00256699 0.0116692 0.0363073 0.0773572 0.112909 0.112929 0.0774558 0.0366393 0.0126329 0.00500412 0.00576646 0.0104334 0.0176448 0.0264859 0.0355467 0.04335 0.0491247 0.0530528 0.0557092 0.0572298 0.0570163 0.0542218 0.0485208
 1.02759e-16 7.63064e-05 0.000741726 0.00492903 0.0224067 0.0697154 0.148536 0.216794 0.216798 0.148555 0.069777 0.0225847 0.00537688 0.00172291 0.00195043 0.00313265 0.00457599 0.00591013 0.00682131 0.00718603 0.00714285 0.00698341 0.00694375 0.00706038 0.00718258 0.00709787
pSPR Fmed_Fpbrs
0.316411   0.242824 0.242824
Fs Fmed_Fpbrs
0.778641   1.005 1.005
SSBpbr Bo_Bmed_Bpbrs
1.22028e+06  325097  235300 235300
Ro
88817.6
SPR SPRFo_SPRFmed_SPRFpbrs
632440 200111 153572
Fref
1.005
log_Ro
11.2143
likeval ReclasPelacesDesembMPH_pf_preclas_ppelaces_ptallas_desvR_qrecl_qpela
 12.6877 17.3524 0.0516286 0.000869156 241.395 118.478 88.3439 0 32.8673 5.05381e-05 9.03345e-05 0.0177235 0 0 0
q_reclas_q_pelaces
2.73841 3.86591
M
1
N
 91982.5 30033.6 50450.9 5933.81 0.336958
 79721.5 26606.3 7794.55 12982.8 1526.37
 102564 17384.7 4582.98 1318.08 2451.08
 69026.2 22311.7 2984.03 772.206 634.425
 39494.5 9753.92 2047.8 264.787 124.585
 256399 8520.1 1654.03 340.78 64.7296
 50646.3 66583.3 1890.93 362.609 88.8394
 15985.3 8318.54 7601.86 209.833 50.0188
 26401.8 4848.61 2312.85 2099.24 71.7312
 36508.3 4289.89 544.969 252.569 236.707
 51608.2 3245.62 200.989 24.2849 21.7427
 110424 14557 812.134 49.8233 11.4039
 86660.9 17702.3 1604.51 86.93 6.54323
 66705.9 14583 2093.41 184.579 10.7369
 47116.6 6327.39 750.626 102.722 9.55923
 276906 5343.27 422.047 48.0318 7.1686
 28787.6 49833.3 696.546 53.6474 7.00705
 476802 5490.16 7066.69 96.5116 8.39355
 207923 113233 1070.28 1356.51 20.1205
 232253 38517.3 15393.8 142.023 182.436
 234784 44928 5575.87 2178.49 45.8586
 416143 50040.2 7486.1 911.354 363.183
 46543.1 82500.6 7506.58 1098.77 186.846
 184131 11096.5 16174.5 1449.34 248.015
 165051 46684.2 2378.58 3421.83 358.831
 54306.9 41856.7 10010.4 503.386 799.543
 149767 14403.7 9578.63 2264.53 294.555
 196257 37556.6 3038.65 1993.59 532.23
 38104.2 55748.7 9494.03 761.171 632.396
 22964.9 10767.1 13985.6 2359.69 346.186
 112229 4785.39 1736.27 2210.51 427.214
pred_Ctot
 12672.5 5752.17 9864.78 1161.53 0.0659626
 21405.1 9501.55 2832.38 4722.03 555.189
 27640.5 6229.23 1670.91 481.003 894.508
 28982.1 11779.4 1596.56 413.45 339.693
 10779 3535.16 755.123 97.7294 45.9847
 49032.3 2225.46 440.486 90.8467 17.2568
 18895.4 31801.8 916.444 175.876 43.0913
 1801.46 1313.77 1226.47 33.8925 8.07958
 9943.56 2334.66 1129.94 1026.37 35.0726
 19519.1 2752.99 353.309 163.831 153.546
 7775.73 676.958 42.7849 5.1752 4.63372
 42071.7 7079.06 400.664 24.5989 5.63062
 31633.5 8297.58 763.313 41.3877 3.11539
 34744.5 9169.83 1330.32 117.362 6.82709
 22583 3724.26 447.017 61.2113 5.69647
 94668 2366.08 189.798 21.618 3.22655
 9237.31 20872 296.446 22.8514 2.98482
 110679 1716.66 2250.47 30.7652 2.67577
 68931.6 48808.8 468.651 594.479 8.81806
 73294.9 15896.8 6456.74 59.6207 76.5893
 65233.2 16548.2 2089.24 817.009 17.1994
 127464 20112.7 3058.62 372.678 148.523
 10723.5 25619.4 2374.29 347.874 59.1591
 37284.8 3057.42 4542.42 407.443 69.7264
 33402.7 12856.2 667.653 961.461 100.829
 9836.7 10390.5 2534.24 127.57 202.634
 31088.7 4061.4 2752.56 651.402 84.7345
 28867 7656.2 632.268 415.27 110.871
 5706.8 11561.8 2009.58 161.29 134.011
 6588.4 4081.74 5392.27 910.614 133.601
 22271.8 1293.97 478.582 609.923 117.883
F
 0.240449 0.348893 0.357376 0.357834 0.357858
 0.522948 0.758801 0.77725 0.778246 0.778299
 0.525371 0.762317 0.780852 0.781853 0.781905
 0.956816 1.38835 1.4221 1.42393 1.42402
 0.533735 0.774453 0.793283 0.794299 0.794353
 0.348282 0.505359 0.517647 0.51831 0.518345
 0.806379 1.17006 1.19851 1.20005 1.20013
 0.192975 0.280008 0.286816 0.287183 0.287203
 0.817169 1.18572 1.21455 1.2161 1.21619
 1.42023 2.06077 2.11087 2.11358 2.11372
 0.265606 0.385396 0.394766 0.395272 0.395299
 0.830635 1.20526 1.23456 1.23614 1.23623
 0.782147 1.1349 1.1625 1.16398 1.16406
 1.35541 1.9667 2.01452 2.0171 2.01724
 1.17679 1.70753 1.74904 1.75128 1.7514
 0.714992 1.03746 1.06268 1.06405 1.06412
 0.656987 0.953293 0.976471 0.977722 0.977788
 0.437654 0.635039 0.65048 0.651313 0.651357
 0.686062 0.995481 1.01969 1.02099 1.02106
 0.642767 0.932659 0.955336 0.95656 0.956624
 0.545838 0.792014 0.811272 0.812311 0.812366
 0.618224 0.897047 0.918858 0.920036 0.920098
 0.433746 0.629368 0.644671 0.645497 0.64554
 0.372244 0.540128 0.553261 0.55397 0.554007
 0.372002 0.539777 0.552902 0.55361 0.553648
 0.327165 0.474718 0.486261 0.486884 0.486917
 0.383234 0.556075 0.569596 0.570326 0.570364
 0.25857 0.375186 0.384309 0.384801 0.384827
 0.263833 0.382823 0.392132 0.392634 0.39266
 0.5684 0.824753 0.844806 0.845889 0.845946
 0.363589 0.52757 0.540397 0.54109 0.541126
nmprior
 8 9 7.5 0
nm_flota  nm_reclas  nm_pelaces    nm_pelaL
inf 21.828 12.1762 20.073
cv_recla  cv_pelaces  cv_mph
0.322193 0.490168 0.909817
 ------------------------------------------------
Talla a la edad & desviación 
 8 13.2811 15.8009 17.003 17.5766
 0.8 1.32811 1.58009 1.7003 1.75766
