years
 1991 1992 1993 1994 1995 1996 1997 1998 1999 2000 2001 2002 2003 2004 2005 2006 2007 2008 2009 2010 2011 2012 2013 2014 2015 2016 2017 2018 2019 2020 2021
reclasobs
 0 0 0 0 0 0 0 0 0 252601 567819 844713 477998 351125 339783 2.1784e+06 2.13404e+06 4.81314e+06 1.55562e+06 2.62356e+06 3.21686e+06 3.843e+06 1.13348e+06 3.07943e+06 1.97215e+06 2.03268e+06 2.025e+06 2.42433e+06 2.27542e+06 1.05018e+06 2.36338e+06
reclaspred
 2.9258e+06 1.52991e+06 742847 395172 168523 1.50582e+06 638637 352345 247499 211605 392765 626455 604042 422834 360903 1.72786e+06 1.3061e+06 3.80109e+06 3.08635e+06 2.08845e+06 3.84742e+06 3.20418e+06 2.10899e+06 3.50759e+06 2.43311e+06 1.91071e+06 2.66859e+06 3.3547e+06 2.51532e+06 1.17138e+06 1.01973e+06
pelacesobs
 0 0 0 0 0 0 0 0 0 0 0 0 0 0 0 552880 188675 0 991730 2.46772e+06 1.41603e+06 1.21717e+06 2.29649e+06 1.80582e+06 0 1.4828e+06 1.56532e+06 1.57751e+06 1.42118e+06 867257 0
pelacespred
 800815 430443 194563 72840.6 33468.3 405331 127161 102324 53963.8 45327.8 105042 138508 148945 102312 88771 401750 304529 1.07243e+06 861621 533126 1.00554e+06 857594 571668 1.07698e+06 703550 552894 896261 1.10276e+06 684108 365173 287729
mphobs
 0 0 0 0 0 0 0 0 0 0 0 498337 0 5186 125008 0 168611 109162 213762 579715 649985 157893 87575 83554 0 0 0 0 0 0 0
mphpred
 488830 267233 123413 61757.4 23569.4 13285.1 135940 45579.8 26287.1 13503.2 12840 43511.2 52360.7 39582.4 20891.6 24621.5 190773 131850 370856 262781 254215 340487 329045 220283 339316 254539 184009 240812 407151 234143 85945
desembarqueobs
 494567 514787 250237 358949 120608 361735 552515 73892 212993 205616 52469 317467 293654 387597 252695 516296 358380 742168 942051 627588 828172 859565 418607 520667 417249 300574 407403 355545 319650 289779 219260
desembarquepred
 494522 514843 249687 358855 120573 361595 552040 73882 212872 205508 52465 317334 293500 387190 252515 516020 358315 741812 941172 627007 827948 859102 418475 520564 417114 300465 407277 355437 319548 289667 219233
Reclutas
 82178.9 107158 82687 45349.4 24348.2 271443 37123.6 11416.4 26411.6 49779.6 66036.8 120292 92220.5 67416.4 52239.7 408192 35941.3 625319 331899 232793 384856 505985 52344.6 281932 200596 76735.5 246368 303517 42224.7 25417.1 100807
log_desv_Rt
 -0.188906 0.0764958 -0.182742 -0.783407 -1.40535 1.00595 -0.983553 -2.16276 -1.324 -0.6902 -0.407592 0.19212 -0.0736224 -0.386917 -0.641961 1.41393 -1.01592 1.84046 1.20703 0.852347 1.35506 1.6287 -0.639955 1.04386 0.703487 -0.25744 0.909021 1.11763 -0.854798 -1.36238 0.0154064
SSB
 1.70259e+06 930770 429847 215101 82092 46271.9 473479 158754 91557.9 47031.6 44721.7 151549 182372 137865 72765.4 85756.7 664460 459232 1.29169e+06 915263 885429 1.18591e+06 1.14606e+06 767245 1.18184e+06 886559 640903 838747 1.4181e+06 815518 299346
BT
 2.2842e+06 1.5045e+06 683926 456513 177264 1.25379e+06 774638 303523 327951 297721 286171 580643 607008 635296 456683 1.33685e+06 983798 3.14131e+06 2.88208e+06 1.79985e+06 2.99668e+06 2.77361e+06 1.68269e+06 2.97549e+06 2.01714e+06 1.54694e+06 2.49094e+06 2.90127e+06 1.84515e+06 1.14367e+06 870297
Ftot
 0.274176 0.558821 0.566042 1.42302 1.20254 0.575805 1.28549 0.364049 1.57133 1.85651 0.306558 0.999324 0.927978 1.68523 1.42707 0.703426 0.452775 0.43603 0.561503 0.551417 0.425111 0.516106 0.327736 0.308377 0.308979 0.275698 0.318971 0.224896 0.205756 0.395026 0.433616
BD_Bspro_t
 0.957373 0.710239 0.477146 0.337476 0.156679 0.126601 0.478464 0.206623 0.173573 0.1206 0.145099 0.43444 0.348725 0.2542 0.149563 0.177154 0.496858 0.397301 0.582185 0.466856 0.415771 0.484922 0.506164 0.448705 0.586458 0.57622 0.557862 0.647752 0.738646 0.621178 0.467959
BD_Bspro
 2.40873 1.3168 0.608125 0.304313 0.116139 0.0654631 0.669853 0.224597 0.129531 0.0665378 0.0632699 0.214404 0.25801 0.195044 0.102945 0.121324 0.940043 0.649697 1.82741 1.29487 1.25266 1.67777 1.62139 1.08546 1.672 1.25426 0.906715 1.18661 2.00626 1.15375 0.423498
BD_Bo
 1.10731 0.605341 0.279558 0.139894 0.0533898 0.0300937 0.307935 0.103248 0.0595461 0.0305877 0.0290855 0.0985624 0.118609 0.0896628 0.0473241 0.0557732 0.432142 0.298669 0.840071 0.595256 0.575852 0.771278 0.745359 0.49899 0.768625 0.576588 0.416821 0.545492 0.922287 0.530385 0.194684
BD_Brms
 5.29404 2.89414 1.33657 0.668834 0.255257 0.143878 1.47224 0.493631 0.28469 0.14624 0.139058 0.471227 0.567068 0.428678 0.226257 0.266652 2.06607 1.42794 4.01638 2.84592 2.75315 3.68748 3.56356 2.38567 3.6748 2.75667 1.99282 2.608 4.40946 2.53577 0.930786
Sel_flota
 0.609923 0.967436 0.998232 0.999907 0.999995
 0.609923 0.967436 0.998232 0.999907 0.999995
 0.609923 0.967436 0.998232 0.999907 0.999995
 0.609923 0.967436 0.998232 0.999907 0.999995
 0.609923 0.967436 0.998232 0.999907 0.999995
 0.609923 0.967436 0.998232 0.999907 0.999995
 0.609923 0.967436 0.998232 0.999907 0.999995
 0.609923 0.967436 0.998232 0.999907 0.999995
 0.609923 0.967436 0.998232 0.999907 0.999995
 0.609923 0.967436 0.998232 0.999907 0.999995
 0.609923 0.967436 0.998232 0.999907 0.999995
 0.609923 0.967436 0.998232 0.999907 0.999995
 0.609923 0.967436 0.998232 0.999907 0.999995
 0.609923 0.967436 0.998232 0.999907 0.999995
 0.609923 0.967436 0.998232 0.999907 0.999995
 0.609923 0.967436 0.998232 0.999907 0.999995
 0.609923 0.967436 0.998232 0.999907 0.999995
 0.609923 0.967436 0.998232 0.999907 0.999995
 0.609923 0.967436 0.998232 0.999907 0.999995
 0.609923 0.967436 0.998232 0.999907 0.999995
 0.609923 0.967436 0.998232 0.999907 0.999995
 0.609923 0.967436 0.998232 0.999907 0.999995
 0.609923 0.967436 0.998232 0.999907 0.999995
 0.609923 0.967436 0.998232 0.999907 0.999995
 0.609923 0.967436 0.998232 0.999907 0.999995
 0.609923 0.967436 0.998232 0.999907 0.999995
 0.609923 0.967436 0.998232 0.999907 0.999995
 0.609923 0.967436 0.998232 0.999907 0.999995
 0.609923 0.967436 0.998232 0.999907 0.999995
 0.609923 0.967436 0.998232 0.999907 0.999995
 0.609923 0.967436 0.998232 0.999907 0.999995
Sel_reclas
 1 1 1 1 1
 1 1 1 1 1
 1 1 1 1 1
 1 1 1 1 1
 1 1 1 1 1
 1 1 1 1 1
 1 1 1 1 1
 1 1 1 1 1
 1 1 1 1 1
 1 1 1 1 1
 1 1 1 1 1
 1 1 1 1 1
 1 1 1 1 1
 1 1 1 1 1
 1 1 1 1 1
 1 1 1 1 1
 1 1 1 1 1
 1 1 1 1 1
 1 1 1 1 1
 1 1 1 1 1
 1 1 1 1 1
 1 1 1 1 1
 1 1 1 1 1
 1 1 1 1 1
 1 1 1 1 1
 1 1 1 1 1
 1 1 1 1 1
 1 1 1 1 1
 1 1 1 1 1
 1 1 1 1 1
 1 1 1 1 1
Sel_pelaces
 1 1 1 1 1
 1 1 1 1 1
 1 1 1 1 1
 1 1 1 1 1
 1 1 1 1 1
 1 1 1 1 1
 1 1 1 1 1
 1 1 1 1 1
 1 1 1 1 1
 1 1 1 1 1
 1 1 1 1 1
 1 1 1 1 1
 1 1 1 1 1
 1 1 1 1 1
 1 1 1 1 1
 1 1 1 1 1
 1 1 1 1 1
 1 1 1 1 1
 1 1 1 1 1
 1 1 1 1 1
 1 1 1 1 1
 1 1 1 1 1
 1 1 1 1 1
 1 1 1 1 1
 1 1 1 1 1
 1 1 1 1 1
 1 1 1 1 1
 1 1 1 1 1
 1 1 1 1 1
 1 1 1 1 1
 1 1 1 1 1
pf_obs 
 0.8446 0.082 0.0669 0.0065 0
 0.8095 0.147 0.0364 0.0071 0
 0.9664 0.0169 0.016 0.0007 0
 0.9276 0.0648 0.0075 0.0001 0
 0.7033 0.2144 0.0806 0.0017 0
 0.9318 0.0425 0.0243 0.0014 0
 0.5671 0.3108 0.0964 0.0239 0.0018
 0.0768 0.2599 0.5324 0.112 0.0189
 0.490249 0.384438 0.106611 0.0170017 0.00170017
 0.7925 0.1577 0.0466 0.003 0.0002
 0.840416 0.127587 0.0312969 0.00059994 9.999e-05
 0.8084 0.0986 0.0794 0.0134 0.0002
 0.7335 0.1905 0.0724 0.0035 0.0001
 0.4001 0.4547 0.1325 0.0127 0
 0.49795 0.308269 0.164784 0.0264974 0.00249975
 0.9179 0.0499 0.0305 0.0017 0
 0.2467 0.6533 0.0926 0.0074 0
 0.9418 0.0223 0.034 0.0019 0
 0.707729 0.231977 0.0356964 0.0245975 0
 0.517169 0.277429 0.184464 0.0207286 0.00020938
 0.811772 0.124168 0.05621 0.00726502 0.000585176
 0.764997 0.148141 0.077277 0.00933861 0.000247198
 0.163321 0.427699 0.378323 0.0303852 0.000271297
 0.753843 0.0900009 0.118128 0.0371064 0.000921714
 0.721811 0.176058 0.0630433 0.0369309 0.00215725
 0.143369 0.312575 0.442814 0.0836902 0.0175525
 0.692698 0.0596174 0.167031 0.0765114 0.00414204
 0.394062 0.376323 0.152708 0.0712218 0.00568511
 0.125707 0.32114 0.495352 0.0537591 0.00404204
 0.23352 0.215282 0.420074 0.123614 0.00750983
 0 0 0 0 0
pf_pred 
 0.31417 0.23081 0.404548 0.0504705 9.91245e-07
 0.553585 0.194106 0.0869132 0.147081 0.0183153
 0.580857 0.289055 0.0579162 0.024897 0.0472747
 0.52871 0.335832 0.0946407 0.0181954 0.0226219
 0.644833 0.253424 0.0737597 0.0195707 0.00841234
 0.971459 0.0225681 0.0043289 0.00119276 0.000451153
 0.27718 0.711105 0.00934321 0.0017194 0.000651474
 0.350967 0.288783 0.354732 0.00440439 0.00111417
 0.741607 0.124631 0.060752 0.0718934 0.00111618
 0.900328 0.0868427 0.00639959 0.00292596 0.00350415
 0.875803 0.11884 0.00470903 0.000323426 0.000323697
 0.79763 0.18646 0.0152474 0.000582839 7.99362e-05
 0.707028 0.259398 0.0310547 0.0024147 0.000104676
 0.688171 0.256944 0.0488641 0.00556968 0.000450655
 0.787125 0.178742 0.0284505 0.00506148 0.000621348
 0.969029 0.027575 0.00287865 0.000431463 8.59012e-05
 0.195227 0.790861 0.0124452 0.00124364 0.000222984
 0.924414 0.0221304 0.0525657 0.000795916 9.36007e-05
 0.550456 0.429453 0.00604321 0.0138152 0.000233298
 0.554777 0.303784 0.135369 0.00182873 0.0042419
 0.743225 0.176569 0.055427 0.0237179 0.00106123
 0.723029 0.230566 0.0322923 0.00975865 0.00435376
 0.172563 0.678132 0.12512 0.0168411 0.00734392
 0.752363 0.0638694 0.151583 0.0269795 0.00520474
 0.56287 0.365981 0.0188443 0.0431589 0.00914586
 0.359296 0.436337 0.172122 0.00855251 0.0236928
 0.766326 0.112492 0.0834513 0.0317871 0.00594338
 0.691628 0.26105 0.0232109 0.0166138 0.00749701
 0.18106 0.642648 0.150028 0.0128943 0.0133694
 0.246325 0.199229 0.438244 0.0989184 0.0172843
 0.768513 0.0836275 0.0401825 0.0851459 0.0225312
pobs_RECLAS
 0 0 0 0 0
 0 0 0 0 0
 0 0 0 0 0
 0 0 0 0 0
 0 0 0 0 0
 0 0 0 0 0
 0 0 0 0 0
 0 0 0 0 0
 0 0 0 0 0
 0 0 0 0 0
 0.991045 0.00858322 0.000360255 1.14367e-05 0
 0.934742 0.0480273 0.0164251 0.00080598 0
 0.827803 0.169806 0.00239088 0 0
 0.941827 0.0461693 0.0120037 0 0
 0.791401 0.0380133 0.147996 0.0225897 0
 0.846168 0.0940531 0.0597789 0 0
 0.134021 0.677848 0.182769 0.00536245 0
 0.80878 0.0450904 0.141981 0.00414843 0
 0.846168 0.0940531 0.0597789 0 0
 0.905697 0.0802665 0.012482 0.00150086 5.37128e-05
 0.989698 0.0102097 9.19794e-05 0 0
 0.975433 0.0193895 0.00387452 0.00125025 5.28907e-05
 0.303575 0.632131 0.0575291 0.00676475 0
 0.966965 0.00978017 0.0227588 0.000495775 0
 0.843318 0.132988 0.00938335 0.0141283 0.000182051
 0.564624 0.303363 0.111486 0.0197234 0.00080311
 0.826376 0.0876187 0.0782897 0.00655872 0.00115652
 0.89761 0.0855135 0.0140674 0.00269457 0.000114338
 0.34875 0.467042 0.161289 0.0227151 0.000203297
 0.318654 0.224769 0.449479 0.00709798 0
 0.937255 0.0296025 0.0250945 0.00804832 0
ppred_RECLAS
 0.428419 0.196517 0.333525 0.0415381 8.15739e-07
 0.672412 0.145235 0.0628897 0.106236 0.0132278
 0.694614 0.212847 0.0412414 0.017697 0.0336001
 0.661822 0.243726 0.0660338 0.0126686 0.0157489
 0.756616 0.175546 0.0492081 0.0130301 0.00560029
 0.982362 0.0140452 0.00260516 0.000716521 0.000270993
 0.395503 0.595066 0.00752528 0.00138201 0.000523581
 0.469556 0.240295 0.285712 0.00354126 0.000895744
 0.836716 0.0804634 0.0376604 0.0444697 0.000690335
 0.942235 0.0506128 0.00357173 0.00162923 0.00195094
 0.918866 0.0777427 0.00298253 0.000204492 0.000204645
 0.868326 0.121662 0.00959576 0.000366092 5.02043e-05
 0.800907 0.17699 0.0204472 0.00158686 6.87827e-05
 0.796992 0.168494 0.0307355 0.00349547 0.000282793
 0.865229 0.113873 0.0174251 0.00309346 0.000379711
 0.980916 0.0170551 0.00172049 0.000257401 5.12416e-05
 0.281557 0.706422 0.010756 0.00107295 0.00019236
 0.952814 0.0141391 0.0324978 0.000491194 5.77597e-05
 0.665675 0.319871 0.00435294 0.00993332 0.000167728
 0.671424 0.226566 0.09764 0.00131668 0.00305386
 0.825036 0.121559 0.0369261 0.0157734 0.000705693
 0.809597 0.15939 0.0215934 0.00651385 0.00290584
 0.251909 0.616683 0.110153 0.0148008 0.00645363
 0.83311 0.0440944 0.10132 0.0180023 0.00347259
 0.674957 0.27361 0.0136398 0.031185 0.00660785
 0.475745 0.36071 0.137779 0.00683426 0.0189311
 0.842577 0.077079 0.0553584 0.0210499 0.00393542
 0.782747 0.184832 0.0159161 0.0113729 0.00513156
 0.2623 0.582875 0.131794 0.0113078 0.0117234
 0.35029 0.175957 0.3746 0.0844052 0.014747
 0.845505 0.0570368 0.0265196 0.0560957 0.0148426
pobs_PELACES
 0 0 0 0 0
 0 0 0 0 0
 0 0 0 0 0
 0 0 0 0 0
 0 0 0 0 0
 0 0 0 0 0
 0 0 0 0 0
 0 0 0 0 0
 0 0 0 0 0
 0 0 0 0 0
 0 0 0 0 0
 0 0 0 0 0
 0 0 0 0 0
 0 0 0 0 0
 0 0 0 0 0
 0 0 0 0 0
 0.505614 0.472636 0.0217494 0 0
 0 0 0 0 0
 0.443492 0.261883 0.143347 0.151278 0
 0.227955 0.32914 0.350689 0.0885471 0.00366901
 0.970185 0.0296113 0.000203453 0 0
 0.997202 0.00247181 0.000326279 0 0
 0.445219 0.490057 0.0546422 0.010081 0
 0.90214 0.0892962 0.00764917 0.000914606 0
 0 0 0 0 0
 0.581667 0.319106 0.0959925 0.00289975 0.000334073
 0.762889 0.0836404 0.116647 0.0363945 0.000428098
 0.88444 0.0763242 0.0277011 0.0115352 0
 0.521256 0.241999 0.230069 0.00667565 0
 0.616807 0.101726 0.260614 0.0208532 0
 0 0 0 0 0
ppred_PELACES
 0.43681 0.193989 0.328317 0.0408834 8.02874e-07
 0.687469 0.139013 0.0598547 0.101078 0.0125853
 0.708964 0.20321 0.0391483 0.0167936 0.0318843
 0.69918 0.21769 0.0581328 0.011144 0.013853
 0.78237 0.157511 0.0436164 0.0115418 0.00496044
 0.983521 0.0131382 0.00242271 0.000666129 0.00025193
 0.432324 0.558934 0.0069766 0.00128034 0.000485043
 0.480771 0.23569 0.279203 0.00345988 0.000875151
 0.861486 0.0688267 0.0317036 0.0374033 0.000580613
 0.953171 0.041129 0.00284822 0.00129787 0.00155406
 0.921531 0.0751987 0.00287595 0.000197152 0.000197297
 0.881312 0.109748 0.00856864 0.000326726 4.48045e-05
 0.817947 0.162011 0.018541 0.00143819 6.23368e-05
 0.827688 0.143433 0.0257198 0.00292232 0.000236412
 0.883915 0.0983058 0.0148265 0.00263004 0.000322815
 0.982422 0.015721 0.0015746 0.000235484 4.68776e-05
 0.292503 0.695712 0.0105443 0.00105157 0.000188525
 0.955207 0.0134639 0.030809 0.000465556 5.47442e-05
 0.680309 0.305948 0.00413979 0.00944398 0.000159463
 0.685988 0.216901 0.0929523 0.00125309 0.00290632
 0.832345 0.116637 0.0352782 0.0150659 0.000674033
 0.818935 0.151704 0.0204447 0.00616556 0.00275043
 0.259379 0.610886 0.108755 0.0146103 0.00637049
 0.838423 0.0427901 0.0980158 0.0174122 0.00335873
 0.683015 0.266965 0.0132668 0.030327 0.006426
 0.484084 0.355286 0.135328 0.00671163 0.0185912
 0.847722 0.0746856 0.0534658 0.0203266 0.00380017
 0.787284 0.181036 0.0155536 0.0111125 0.00501402
 0.267111 0.57933 0.130719 0.0112142 0.0116263
 0.361653 0.173392 0.367661 0.0828235 0.0144705
 0.852434 0.0546364 0.0252918 0.0534858 0.0141519
pobs_pel_tallas
 0 0 0 0 0 0 0 0 0 0 0 0 0 0 0 0 0 0 0 0 0 0 0 0 0 0
 0 0 0 0 0 0 0 0 0 0 0 0 0 0 0 0 0 0 0 0 0 0 0 0 0 0
 0 0 0 0 0 0 0 0 0 0 0 0 0 0 0 0 0 0 0 0 0 0 0 0 0 0
 0 0 0 0 0 0 0 0 0 0 0 0 0 0 0 0 0 0 0 0 0 0 0 0 0 0
 0 0 0 0 0 0 0 0 0 0 0 0 0 0 0 0 0 0 0 0 0 0 0 0 0 0
 0 0 0 0 0 0 0 0 0 0 0 0 0 0 0 0 0 0 0 0 0 0 0 0 0 0
 0 0 0 0 0 0 0 0 0 0 0 0 0 0 0 0 0 0 0 0 0 0 0 0 0 0
 0 0 0 0 0 0 0 0 0 0 0 0 0 0 0 0 0 0 0 0 0 0 0 0 0 0
 0 0 0 0 0 0 0 0 0 0 0 0 0 0 0 0 0 0 0 0 0 0 0 0 0 0
 0 0 0 0 0 0 0 0 0 0 0 0 0 0 0 0 0 0 0 0 0 0 0 0 0 0
 0 0 0 0 0 0 0 0 0 0 0 0 0 0 0 0 0 0 0 0 0 0 0 0 0 0
 0 0 0 0 0 0 0 0 0 0 0 0 0 0 0 0 0 0 0 0 0 0 0 0 0 0
 0.00862536 0 0 0.000197151 0.00414017 0.0128641 0.00837892 0.0270097 0.101434 0.158115 0.152841 0.127902 0.109271 0.109419 0.0830992 0.0579132 0.0238553 0.00714673 0.00463305 0.00128148 0.00103504 0.000492878 0.000147863 0.000147863 4.92878e-05 0
 0 0 0 0 0 0 0 0 0 0 0 0 0 0 0 0 0 0 0 0 0 0 0 0 0 0
 0 0 0 0 0 0 0 0.0054083 0.00873648 0.0413646 0.0450493 0.0745869 0.0622846 0.0627006 0.0613931 0.0827291 0.12552 0.122667 0.0946155 0.0697135 0.0546179 0.0294188 0.0215738 0.0213955 0.0102223 0.00600262
 0 0 0 0 0.00359764 0.0251062 0.0480494 0.140153 0.205849 0.193036 0.1447 0.116669 0.0760912 0.0342217 0.00950174 0.001854 0.000860785 0 0 0 0.000165536 0 0.000143464 0 0 0
 0 0 0 0 0 0 0 0.000145254 0.000435761 0.0275982 0.070085 0.0708112 0.156366 0.174668 0.174014 0.160142 0.0824315 0.0480064 0.0283245 0.00493863 0.00203355 0 0 0 0 0
 0 0 0 0 0 0 0 0 0 0 0 0 0 0 0 0 0 0 0 0 0 0 0 0 0 0
 0 0 1.00437e-05 0.000401748 0.00122533 0.00171747 0.00176769 0.0269171 0.070346 0.194647 0.189555 0.159765 0.064822 0.0314167 0.0384472 0.0292271 0.0345202 0.0313363 0.0194345 0.0106764 0.0143323 0.0359363 0.0279516 0.0138201 0.00172751 0
 0 0.0021121 0.0136068 0.0755702 0.200478 0.177729 0.0527432 0.0373336 0.0318909 0.0142505 0.0149659 0.0166563 0.0217959 0.0798694 0.0677717 0.0528807 0.04013 0.0224614 0.0357745 0.0225083 0.00881397 0.00855152 0.00135912 0.000746735 0 0
 0 0 0 0 5.4009e-05 0.00500934 0.000945158 0.0243581 0.138947 0.33067 0.221406 0.137944 0.0707744 0.0437923 0.0131692 0.00525238 0.0047753 0.00276346 9.45158e-05 9.00151e-06 2.25038e-05 9.00151e-06 4.50075e-06 0 0 0
 0.000866109 0.00284123 0.00948549 0.0512746 0.133035 0.25785 0.225252 0.132002 0.0553304 0.0519788 0.0540692 0.017754 0.00435017 0.00159236 0.00146478 0.000404838 0.000125132 0.000115318 0.000107957 0.000100596 0 0 0 0 0 0
 0 0 0 0 0.00144013 0.00171154 0.00461396 0.0210425 0.0478622 0.0707936 0.0888783 0.103762 0.0637923 0.0337046 0.0602308 0.124433 0.169614 0.0934646 0.0462172 0.0250306 0.0313229 0.00938855 0.002487 0.000210481 0 0
 0 0.00764035 0.051015 0.0998891 0.058973 0.0496711 0.0374665 0.0718981 0.12319 0.153886 0.159021 0.0857701 0.0377988 0.023471 0.0147837 0.00900784 0.00315554 0.000888139 0.00291439 0.00214683 0.00393193 0.00274676 0.000635225 9.99891e-05 0 0
 0 0 0 0 0 0 0 0 0 0 0 0 0 0 0 0 0 0 0 0 0 0 0 0 0 0
 0 0 0 0 0 0 0 0 0 0 0 0 0 0 0 0 0 0 0 0 0 0 0 0 0 0
 0 0 0 0 0 0 0 0 0 0 0 0 0 0 0 0 0 0 0 0 0 0 0 0 0 0
 0 0 0 0 0 0 0 0 0 0 0 0 0 0 0 0 0 0 0 0 0 0 0 0 0 0
 0 0 0 0 0 0 0 0 0 0 0 0 0 0 0 0 0 0 0 0 0 0 0 0 0 0
 0 0 0 0 0 0 0 0 0 0 0 0 0 0 0 0 0 0 0 0 0 0 0 0 0 0
 0 0 0 0 0 0 0 0 0 0 0 0 0 0 0 0 0 0 0 0 0 0 0 0 0 0
ppred_pel_tallas
 1.13625e-16 3.59795e-05 0.000349733 0.0023241 0.010565 0.0328719 0.0700377 0.102226 0.102245 0.0701316 0.0331886 0.0114859 0.00465844 0.00552148 0.0100803 0.0171871 0.0261038 0.0356352 0.0444898 0.051928 0.0579162 0.0625821 0.0655255 0.0657335 0.062239 0.0549377
 1.1403e-16 5.6626e-05 0.000550425 0.00365777 0.0166277 0.051735 0.110227 0.160883 0.160896 0.110293 0.0519569 0.01727 0.00527543 0.00409997 0.00685304 0.0113901 0.0167706 0.0219048 0.0257626 0.0279813 0.0290984 0.0301158 0.0317206 0.0337777 0.0354337 0.035662
 1.08262e-16 5.83965e-05 0.000567634 0.00377213 0.0171476 0.0533526 0.113674 0.165915 0.165934 0.11377 0.0536744 0.0180776 0.00610817 0.0056721 0.00976763 0.0160966 0.0232844 0.0295114 0.0329812 0.0329139 0.0300275 0.0260459 0.0226264 0.0205349 0.0195512 0.0189357
 1.05196e-16 5.75906e-05 0.000559801 0.00372008 0.0169109 0.0526163 0.112105 0.163626 0.163647 0.112208 0.0529615 0.0179086 0.0062266 0.00603913 0.0104862 0.0173036 0.0250602 0.0318095 0.0356041 0.0355494 0.0323145 0.0276268 0.0231734 0.0197803 0.0173516 0.015354
 1.03296e-16 6.44428e-05 0.000626407 0.0041627 0.018923 0.0588766 0.125443 0.183092 0.183107 0.125518 0.0591265 0.0196451 0.00597692 0.00459274 0.00761456 0.012532 0.0181539 0.0230557 0.0258273 0.0258171 0.0234989 0.0201056 0.016839 0.014284 0.0123737 0.0107441
 1.00183e-16 8.10113e-05 0.000787459 0.00523294 0.0237882 0.0740139 0.157694 0.23016 0.230161 0.157701 0.0740347 0.0238483 0.0053838 0.00111694 0.00070724 0.00104224 0.00149645 0.00188783 0.0020916 0.00205208 0.00181074 0.00147624 0.00115758 0.000912812 0.000742823 0.000618715
 1.00555e-16 3.56101e-05 0.000346143 0.00230024 0.0104566 0.0325347 0.0693206 0.101187 0.10124 0.0695832 0.0334161 0.0130008 0.00868078 0.0142557 0.0263959 0.0434332 0.0622155 0.0775046 0.0839891 0.0792237 0.0651291 0.0467898 0.0295479 0.0166146 0.00855113 0.00424786
 1.08613e-16 3.96005e-05 0.000384931 0.00255801 0.0116283 0.0361802 0.0770866 0.112515 0.112538 0.0771996 0.0365608 0.0127324 0.00534726 0.00653328 0.0118897 0.020043 0.0299095 0.0397644 0.0477783 0.0529482 0.0554411 0.0560125 0.0550843 0.0523776 0.0473755 0.0400719
 1.04782e-16 7.09595e-05 0.000689751 0.00458364 0.0208366 0.0648303 0.138128 0.201603 0.20161 0.138161 0.0649401 0.0211544 0.00538382 0.00244473 0.00342858 0.005622 0.00825171 0.0107249 0.012499 0.0133548 0.0135189 0.0134656 0.0135539 0.0137921 0.0138839 0.013468
 1.00486e-16 7.85114e-05 0.000763159 0.00507146 0.0230541 0.07173 0.152828 0.223058 0.223062 0.152848 0.0717949 0.0232417 0.005542 0.00178968 0.00202612 0.00322033 0.00461995 0.00578628 0.0063321 0.00608343 0.00518185 0.00399263 0.00289032 0.00208625 0.0015967 0.00132183
 1.00156e-16 7.59053e-05 0.000737827 0.00490312 0.0222889 0.069349 0.147756 0.215655 0.215662 0.147791 0.0694676 0.0226314 0.00576225 0.00261122 0.00362763 0.00586076 0.00839688 0.0104781 0.0113886 0.0107996 0.00896547 0.00656068 0.00429113 0.00257697 0.00148757 0.00087572
 1.00316e-16 7.25925e-05 0.000705625 0.00468913 0.0213161 0.0663223 0.141307 0.206244 0.206255 0.141359 0.0664956 0.0218165 0.00594453 0.00344417 0.00526761 0.00857772 0.0123119 0.0154023 0.0168126 0.016063 0.0135138 0.0101269 0.00690375 0.00443238 0.00280383 0.00181289
 1.00732e-16 6.73733e-05 0.000654892 0.00435199 0.0197835 0.061554 0.131148 0.191417 0.191433 0.131224 0.06181 0.0205229 0.00620742 0.00470384 0.00775268 0.0126983 0.0182575 0.0228973 0.0251009 0.0241626 0.0206019 0.0158093 0.0112216 0.00766733 0.00525818 0.00369461
 1.01113e-16 6.81756e-05 0.000662691 0.00440382 0.0200191 0.062287 0.13271 0.193696 0.19371 0.132777 0.062514 0.0206748 0.00604996 0.00425734 0.00689825 0.0113043 0.0162957 0.0205276 0.0226736 0.0221136 0.0192887 0.0153837 0.0116049 0.00862179 0.00649521 0.00496266
 1.00772e-16 7.28069e-05 0.000707709 0.00470298 0.0213791 0.0665182 0.141724 0.206853 0.206862 0.141771 0.0666737 0.0218281 0.00583027 0.00316875 0.00474714 0.00773363 0.0111352 0.0140054 0.0154308 0.0149878 0.0129868 0.0102542 0.00763358 0.00559638 0.0041858 0.00321093
 1.00082e-16 8.09208e-05 0.000786579 0.00522709 0.0237616 0.0739312 0.157518 0.229903 0.229904 0.157526 0.073956 0.0238333 0.00540707 0.00117928 0.000826176 0.00123628 0.00176951 0.00221745 0.00242832 0.0023337 0.00198478 0.0015177 0.00107311 0.000732074 0.000505031 0.000361447
 1.0062e-16 2.40933e-05 0.000234195 0.00155631 0.00707481 0.0220127 0.0469029 0.0684702 0.0685371 0.0472298 0.0231098 0.0102418 0.00949884 0.0175493 0.0328394 0.0540704 0.0774611 0.0965098 0.104608 0.0987089 0.0811982 0.0583939 0.0369347 0.0208108 0.0107228 0.00530057
 1.00949e-16 7.86791e-05 0.000764789 0.00508229 0.0231034 0.0718831 0.153155 0.223534 0.223535 0.153161 0.0719054 0.0231681 0.00524695 0.00113126 0.000795199 0.00124338 0.00190693 0.00265344 0.00339611 0.00407907 0.00467738 0.00515948 0.00545069 0.00544676 0.00507696 0.00436527
 1.01172e-16 5.60362e-05 0.000544692 0.00361967 0.0164545 0.0511963 0.10908 0.159212 0.159241 0.109224 0.0516788 0.0178474 0.00711316 0.00816128 0.0144929 0.0237967 0.0341017 0.0425234 0.0461688 0.0437174 0.0362341 0.0265007 0.017417 0.0106908 0.00656336 0.00436431
 1.03356e-16 5.65039e-05 0.000549238 0.00364988 0.0165919 0.0516235 0.10999 0.160538 0.160559 0.110093 0.0519685 0.0175894 0.00615829 0.00603982 0.0105269 0.0174245 0.0253509 0.032406 0.0366646 0.0371919 0.0345293 0.0302008 0.0256818 0.0216786 0.0181479 0.0147895
 1.02673e-16 6.85592e-05 0.00066642 0.00442859 0.0201318 0.0626374 0.133456 0.194785 0.194797 0.133511 0.0628226 0.0206669 0.00577352 0.00360786 0.00567102 0.00930939 0.0135045 0.0171955 0.0193485 0.0194882 0.0179616 0.0156615 0.0134417 0.0116913 0.010323 0.00905101
 1.01713e-16 6.74546e-05 0.000655683 0.00435724 0.0198074 0.0616283 0.131306 0.191648 0.191663 0.131378 0.0618681 0.0205002 0.00609633 0.00445202 0.00727717 0.0119234 0.0171687 0.0215892 0.0237821 0.0231033 0.0200464 0.0159034 0.0119869 0.00901979 0.0070448 0.00572755
 1.05838e-16 2.13648e-05 0.000207673 0.00138007 0.00627362 0.0195199 0.0415913 0.0607161 0.060775 0.0418792 0.0204866 0.00906615 0.00839124 0.0155181 0.0291131 0.0481331 0.06942 0.0874688 0.0966582 0.0943646 0.0824856 0.0660812 0.0502885 0.0379353 0.0292313 0.022994
 1.05155e-16 6.90598e-05 0.000671286 0.00446093 0.0202788 0.0630947 0.13443 0.196206 0.19621 0.134451 0.0631655 0.020485 0.00498592 0.00184116 0.00236078 0.00397632 0.00614843 0.0086255 0.0111778 0.0136692 0.0160543 0.0182393 0.0199453 0.0207427 0.0202658 0.0184453
 1.0458e-16 5.62591e-05 0.000546858 0.00363407 0.01652 0.0513999 0.109514 0.159844 0.15987 0.109639 0.0518214 0.0177372 0.00668826 0.00721017 0.0126998 0.0208786 0.0300114 0.0376283 0.0412705 0.0398476 0.0343177 0.0270729 0.0205228 0.0159604 0.0133635 0.0119456
 1.07816e-16 3.98734e-05 0.000387584 0.00257563 0.0117085 0.0364296 0.0776183 0.113293 0.113328 0.0777864 0.0369942 0.0133409 0.00667959 0.0093676 0.0171562 0.02846 0.0413673 0.052798 0.0596086 0.0603086 0.0558661 0.0488889 0.0418927 0.0360649 0.031255 0.0267844
 1.04244e-16 6.98257e-05 0.000678731 0.00451041 0.0205037 0.0637945 0.135921 0.198383 0.19839 0.135957 0.0639142 0.0208502 0.00538378 0.00259734 0.00374918 0.00618132 0.0091186 0.0119345 0.0140363 0.015152 0.0154571 0.015375 0.0152211 0.0149949 0.0144568 0.01337
 1.02459e-16 6.48476e-05 0.000630342 0.00418884 0.0190419 0.0592465 0.126231 0.184242 0.18426 0.126317 0.0595325 0.0198678 0.00626146 0.00515302 0.00864892 0.0141825 0.0203947 0.0255896 0.0280911 0.0271417 0.0233619 0.0183414 0.0136952 0.0103116 0.00822539 0.00697895
 1.07013e-16 2.20017e-05 0.000213864 0.00142121 0.00646063 0.0201017 0.0428309 0.0625247 0.0625806 0.0431041 0.0210194 0.00911203 0.00808009 0.0147618 0.0276847 0.0458204 0.0662042 0.0836665 0.0929212 0.0914891 0.0811148 0.066468 0.0522451 0.0409639 0.0327346 0.0264545
 1.2141e-16 2.97889e-05 0.000289559 0.00192422 0.00874723 0.027216 0.0579871 0.0846375 0.0846548 0.0580718 0.0275019 0.00958017 0.00404224 0.00500357 0.00924818 0.0159376 0.0245848 0.0343338 0.0442496 0.0538076 0.062915 0.0713426 0.078124 0.0816204 0.0803298 0.0738207
 1.08503e-16 7.02139e-05 0.000682504 0.00453548 0.0206176 0.0641491 0.136677 0.199485 0.19949 0.136703 0.0642365 0.0208708 0.00517368 0.00208486 0.00276156 0.00453117 0.00671081 0.00886486 0.0106292 0.0119114 0.012964 0.0141897 0.0158113 0.0176613 0.0192364 0.0199533
pSPR Fmed_Fpbrs
0.432852   0.259161 0.259161
Fs Fmed_Fpbrs
0.560851   1.005 1.005
SSBpbr Bo_Bmed_Bpbrs
1.5376e+06  588672  321605 321605
Ro
99266.2
SPR SPRFo_SPRFmed_SPRFpbrs
706840 305957 183186
Fref
1.005
log_Ro
11.3256
likeval ReclasPelacesDesembMPH_pf_preclas_ppelaces_ptallas_desvR_qrecl_qpela
 14.7061 43.5251 0.0602886 0.000921036 237.953 119.523 86.6271 0 44.6302 1.17033e-05 0 0.0980313 0 0 0
q_reclas_q_pelaces
1.6238 1
M
1
N
 82178.9 39589.2 67474.3 8405.37 0.165069
 107158 25576.4 11170.9 18879.1 2350.76
 82687 28035.3 5479.69 2352.5 4466.63
 45349.4 21538 5964.67 1145.69 1424.34
 24348.2 7003.88 1999.98 530.12 227.856
 271443 4301.65 804.995 221.512 83.7796
 37123.6 70284.9 906.599 166.676 63.1494
 11416.4 6235.15 7455.32 92.433 23.3809
 26411.6 3363.58 1612.86 1906.98 29.6056
 49779.6 3726.31 270.59 123.621 148.043
 66036.8 5901.91 227.493 15.6017 15.6135
 120292 20150.6 1613.98 61.6272 8.45166
 92220.5 24056.7 2819.2 218.962 9.49133
 67416.4 19263 3606.2 410.704 33.2295
 52239.7 8873.12 1387.96 246.697 30.2831
 408192 8048.15 820.724 122.86 24.459
 35941.3 97778.2 1499.19 149.606 26.8222
 625319 10031.5 23212 350.971 41.2716
 331899 176323 2420.32 5525.71 93.3063
 232793 86691.6 37678.8 508.336 1179.05
 384856 61180.6 18707 7993.73 357.643
 505985 109244 14917.9 4502.07 2008.43
 52344.6 135873 24392.7 3278.45 1429.53
 281932 15767.6 36403.3 6469.69 1248
 200596 85933.9 4304.33 9843.65 2085.82
 76735.5 61120 23445.1 1163.22 3222.18
 246368 23860.2 17220.8 6549.91 1224.57
 303517 74610.3 6447.07 4607.62 2079.03
 42224.7 97345.8 22080.7 1894.83 1964.49
 25417.1 13701.6 29347.7 6614.83 1155.74
 100807 7348.42 3439.58 7278.22 1925.82
pred_Ctot
 8109.33 5957.66 10442.2 1302.74 0.025586
 20112.7 7052.19 3157.71 5343.7 665.425
 15693.2 7809.5 1564.74 672.651 1277.24
 17817.2 11317.3 3189.34 613.173 762.344
 8482.06 3333.52 970.227 257.431 110.655
 52284.1 1214.62 232.982 64.1947 24.2812
 13574.8 34826 457.579 84.2069 31.9056
 1463.17 1203.93 1478.87 18.3618 4.64495
 11101.7 1865.69 909.44 1076.22 16.7089
 23300.3 2247.47 165.62 75.7232 90.6868
 7228.15 980.81 38.8644 2.66929 2.67152
 36443.8 8519.35 696.654 26.63 3.65229
 26368.9 9674.38 1158.2 90.0574 3.90394
 29673.8 11079.4 2107.01 240.163 19.4321
 20564.8 4669.88 743.311 132.238 16.2336
 93194.7 2651.98 276.849 41.4953 8.26141
 5606.83 22713.2 357.42 35.7169 6.40399
 94323.3 2258.09 5363.58 81.2119 9.55062
 62554 48803.2 686.752 1569.97 26.5121
 43191.1 23650.5 10538.9 142.372 330.245
 56748 13481.7 4232.06 1810.95 81.0287
 88611.8 28257.3 3957.63 1195.98 533.581
 6093.48 23945.9 4418.2 594.686 259.326
 31028.4 2634.05 6251.48 1112.67 214.65
 22116.7 14380.4 740.444 1695.83 359.366
 7611.35 9243.39 3646.25 181.177 501.911
 27972.9 4106.26 3046.19 1160.32 216.949
 24869.1 9386.68 834.604 597.389 269.573
 3180.4 11288.4 2635.31 226.493 234.839
 3508.14 2837.4 6241.43 1408.79 246.162
 15130.5 1646.46 791.112 1676.35 443.595
F
 0.167227 0.265248 0.273692 0.274151 0.274175
 0.340838 0.540623 0.557833 0.558769 0.558818
 0.345242 0.547609 0.565041 0.565989 0.566039
 0.867934 1.37668 1.42051 1.42289 1.42302
 0.733458 1.16338 1.20042 1.20243 1.20254
 0.351197 0.557054 0.574787 0.575751 0.575802
 0.78405 1.24363 1.28322 1.28537 1.28548
 0.222042 0.352194 0.363406 0.364015 0.364048
 0.958387 1.52016 1.56855 1.57118 1.57132
 1.13233 1.79605 1.85323 1.85634 1.8565
 0.186977 0.296575 0.306016 0.306529 0.306556
 0.609511 0.966782 0.997557 0.999231 0.999319
 0.565995 0.897759 0.926337 0.927892 0.927974
 1.02786 1.63035 1.68225 1.68507 1.68522
 0.870401 1.3806 1.42454 1.42693 1.42706
 0.429036 0.68052 0.702182 0.703361 0.703423
 0.276158 0.438031 0.451974 0.452733 0.452773
 0.265945 0.421831 0.435259 0.435989 0.436028
 0.342474 0.543218 0.56051 0.561451 0.5615
 0.336322 0.53346 0.550442 0.551365 0.551414
 0.259285 0.411267 0.424359 0.425071 0.425109
 0.314785 0.499299 0.515193 0.516057 0.516103
 0.199894 0.317064 0.327157 0.327706 0.327735
 0.188086 0.298335 0.307831 0.308348 0.308375
 0.188453 0.298917 0.308433 0.30895 0.308977
 0.168155 0.26672 0.27521 0.275672 0.275697
 0.194548 0.308584 0.318407 0.318941 0.318969
 0.137169 0.217572 0.224498 0.224875 0.224895
 0.125495 0.199056 0.205392 0.205737 0.205755
 0.240935 0.382162 0.394327 0.394989 0.395024
 0.264472 0.419495 0.432849 0.433575 0.433614
nmprior
 8 9 7.5 0
nm_flota  nm_reclas  nm_pelaces    nm_pelaL
inf 16.0459 8.70399 13.4172
cv_recla  cv_pelaces  cv_mph
0.346876 0.776309 0.936577
 ------------------------------------------------
Talla a la edad & desviación 
 8 13.2811 15.8009 17.003 17.5766
 0.8 1.32811 1.58009 1.7003 1.75766
