years
 1991 1992 1993 1994 1995 1996 1997 1998 1999 2000 2001 2002 2003 2004 2005 2006 2007 2008 2009 2010 2011 2012 2013 2014 2015 2016 2017 2018 2019 2020 2021
reclasobs
 0 0 0 0 0 0 0 0 0 252601 567819 844713 477998 351125 339783 2.1784e+06 2.13404e+06 4.81314e+06 1.55562e+06 2.62356e+06 3.21686e+06 3.843e+06 1.13348e+06 3.07943e+06 1.97215e+06 2.03268e+06 2.025e+06 2.42433e+06 2.27542e+06 1.05018e+06 2.36338e+06
reclaspred
 3.36561e+06 1.90075e+06 964703 980640 987682 1.52239e+06 990966 885617 644590 470174 513449 647085 638547 508484 518212 1.2701e+06 1.23698e+06 2.72552e+06 2.26041e+06 1.73451e+06 3.048e+06 2.46317e+06 1.97254e+06 3.01465e+06 2.27634e+06 2.02184e+06 2.37992e+06 2.51803e+06 2.06951e+06 1.31527e+06 2.04602e+06
pelacesobs
 0 0 0 0 0 0 0 0 0 0 0 0 0 0 0 552880 188675 0 991730 2.46772e+06 1.41603e+06 1.21717e+06 2.29649e+06 1.80582e+06 0 1.4828e+06 1.56532e+06 1.57751e+06 1.42118e+06 867257 0
pelacespred
 1.95115e+06 1.23084e+06 628586 521535 541705 862822 531802 573010 408479 283617 317350 334116 361024 305640 318685 644959 628043 1.58438e+06 1.36201e+06 968877 1.64202e+06 1.45239e+06 1.15535e+06 1.92632e+06 1.40546e+06 1.24286e+06 1.66589e+06 1.74209e+06 1.17744e+06 850589 1.23682e+06
mphobs
 0 0 0 0 0 0 0 0 0 0 0 498337 0 5186 125008 0 168611 109162 213762 579715 649985 157893 87575 83554 0 0 0 0 0 0 0
mphpred
 510716 341770 172162 94018 105929 119828 155605 101005 88841 61858.6 40850.7 60568.5 64792.9 55422.5 38897.2 49015.4 146652 140486 270645 206912 228570 278523 263532 218946 301986 250496 207129 219435 304430 207523 115681
desembarqueobs
 494567 514787 250237 358949 120608 361735 552515 73892 212993 205616 52469 317467 293654 387597 252695 516296 358380 742168 942051 627588 828172 859565 418607 520667 417249 300574 407403 355545 319650 289779 219260
desembarquepred
 494574 513361 250972 358975 120613 361750 552572 73895.9 213040 205661 52471.5 317537 293711 387651 252697 516274 358406 742091 941908 627489 828247 859599 418619 520692 417252 300578 407406 355535 319646 289790 219262
Reclutas
 211595 121462 120923 215709 172494 283794 119468 55900.2 51097.3 66427.5 121792 158341 132551 93765.9 94985.1 489143 107144 749312 439874 354438 499801 673129 144103 420232 358594 161309 356460 399409 116232 88699 416888
log_desv_Rt
 0.0903875 -0.464681 -0.469133 0.109644 -0.113925 0.383963 -0.48124 -1.24072 -1.33055 -1.06817 -0.461973 -0.199537 -0.37732 -0.723484 -0.710565 0.92837 -0.590111 1.35487 0.822204 0.60625 0.949925 1.24765 -0.293757 0.776522 0.617907 -0.180966 0.611938 0.725701 -0.508699 -0.779036 0.768533
SSB
 3.68727e+06 2.46751e+06 1.24297e+06 678790 764785 865133 1.12344e+06 729237 641413 446606 294934 437292 467791 400139 280830 353881 1.05879e+06 1.01428e+06 1.954e+06 1.49386e+06 1.65023e+06 2.01088e+06 1.90265e+06 1.58075e+06 2.18028e+06 1.80853e+06 1.49543e+06 1.58428e+06 2.19792e+06 1.49827e+06 835190
BT
 4.91548e+06 3.34635e+06 1.70029e+06 1.50447e+06 1.34314e+06 2.29671e+06 1.7229e+06 1.38497e+06 1.15329e+06 853081 777271 1.03782e+06 1.09965e+06 1.10844e+06 988307 1.90687e+06 1.72833e+06 4.30801e+06 4.0471e+06 2.79451e+06 4.45647e+06 4.15322e+06 3.02863e+06 4.92483e+06 3.62414e+06 3.13126e+06 4.2556e+06 4.37166e+06 2.97819e+06 2.24251e+06 3.03767e+06
Ftot
 0.11555 0.20949 0.203507 0.301303 0.100286 0.199645 0.433033 0.0680625 0.266685 0.350308 0.088163 0.401806 0.375364 0.613802 0.412741 0.356183 0.232046 0.235787 0.338669 0.295753 0.225946 0.288258 0.169401 0.147459 0.14956 0.120454 0.145375 0.121253 0.121435 0.17447 0.0940748
BD_Bspro_t
 0.981712 0.865353 0.722445 0.640398 0.637256 0.705983 0.694914 0.548311 0.602756 0.563692 0.531118 0.707368 0.594693 0.508387 0.407101 0.464571 0.61853 0.596056 0.683253 0.592289 0.570888 0.6156 0.630073 0.625011 0.723521 0.732387 0.74007 0.773512 0.814867 0.752954 0.704386
BD_Bspro
 2.67876 1.79262 0.903009 0.493135 0.555609 0.628511 0.816167 0.529784 0.465981 0.324455 0.214267 0.317689 0.339846 0.290697 0.20402 0.257091 0.769204 0.736865 1.41956 1.08527 1.19888 1.46089 1.38226 1.1484 1.58395 1.31388 1.08642 1.15096 1.59677 1.08848 0.606758
BD_Bo
 1.83242 1.22625 0.617708 0.337332 0.380068 0.429936 0.558304 0.362402 0.318757 0.221945 0.14657 0.217317 0.232473 0.198853 0.139561 0.175865 0.526178 0.504057 0.971059 0.742388 0.820098 0.999327 0.945539 0.785567 1.08351 0.898768 0.743169 0.787322 1.09228 0.744581 0.415056
BD_Brms
 11.5915 7.75701 3.90749 2.13389 2.40423 2.71969 3.53171 2.29248 2.01639 1.40398 0.927172 1.3747 1.47058 1.2579 0.882834 1.11248 3.32849 3.18855 6.14271 4.69619 5.18776 6.32153 5.98128 4.96933 6.85406 5.68541 4.70112 4.98043 6.90952 4.71006 2.62556
Sel_flota
 0.820459 0.988614 0.999394 0.999968 0.999998
 0.820459 0.988614 0.999394 0.999968 0.999998
 0.820459 0.988614 0.999394 0.999968 0.999998
 0.820459 0.988614 0.999394 0.999968 0.999998
 0.820459 0.988614 0.999394 0.999968 0.999998
 0.820459 0.988614 0.999394 0.999968 0.999998
 0.820459 0.988614 0.999394 0.999968 0.999998
 0.820459 0.988614 0.999394 0.999968 0.999998
 0.820459 0.988614 0.999394 0.999968 0.999998
 0.820459 0.988614 0.999394 0.999968 0.999998
 0.820459 0.988614 0.999394 0.999968 0.999998
 0.820459 0.988614 0.999394 0.999968 0.999998
 0.820459 0.988614 0.999394 0.999968 0.999998
 0.820459 0.988614 0.999394 0.999968 0.999998
 0.820459 0.988614 0.999394 0.999968 0.999998
 0.820459 0.988614 0.999394 0.999968 0.999998
 0.820459 0.988614 0.999394 0.999968 0.999998
 0.820459 0.988614 0.999394 0.999968 0.999998
 0.820459 0.988614 0.999394 0.999968 0.999998
 0.820459 0.988614 0.999394 0.999968 0.999998
 0.820459 0.988614 0.999394 0.999968 0.999998
 0.820459 0.988614 0.999394 0.999968 0.999998
 0.820459 0.988614 0.999394 0.999968 0.999998
 0.820459 0.988614 0.999394 0.999968 0.999998
 0.820459 0.988614 0.999394 0.999968 0.999998
 0.820459 0.988614 0.999394 0.999968 0.999998
 0.820459 0.988614 0.999394 0.999968 0.999998
 0.820459 0.988614 0.999394 0.999968 0.999998
 0.820459 0.988614 0.999394 0.999968 0.999998
 0.820459 0.988614 0.999394 0.999968 0.999998
 0.820459 0.988614 0.999394 0.999968 0.999998
Sel_reclas
 1 1 1 1 1
 1 1 1 1 1
 1 1 1 1 1
 1 1 1 1 1
 1 1 1 1 1
 1 1 1 1 1
 1 1 1 1 1
 1 1 1 1 1
 1 1 1 1 1
 1 1 1 1 1
 1 1 1 1 1
 1 1 1 1 1
 1 1 1 1 1
 1 1 1 1 1
 1 1 1 1 1
 1 1 1 1 1
 1 1 1 1 1
 1 1 1 1 1
 1 1 1 1 1
 1 1 1 1 1
 1 1 1 1 1
 1 1 1 1 1
 1 1 1 1 1
 1 1 1 1 1
 1 1 1 1 1
 1 1 1 1 1
 1 1 1 1 1
 1 1 1 1 1
 1 1 1 1 1
 1 1 1 1 1
 1 1 1 1 1
Sel_pelaces
 1 1 1 1 1
 1 1 1 1 1
 1 1 1 1 1
 1 1 1 1 1
 1 1 1 1 1
 1 1 1 1 1
 1 1 1 1 1
 1 1 1 1 1
 1 1 1 1 1
 1 1 1 1 1
 1 1 1 1 1
 1 1 1 1 1
 1 1 1 1 1
 1 1 1 1 1
 1 1 1 1 1
 1 1 1 1 1
 1 1 1 1 1
 1 1 1 1 1
 1 1 1 1 1
 1 1 1 1 1
 1 1 1 1 1
 1 1 1 1 1
 1 1 1 1 1
 1 1 1 1 1
 1 1 1 1 1
 1 1 1 1 1
 1 1 1 1 1
 1 1 1 1 1
 1 1 1 1 1
 1 1 1 1 1
 1 1 1 1 1
pf_obs 
 0.8446 0.082 0.0669 0.0065 0
 0.8095 0.147 0.0364 0.0071 0
 0.9664 0.0169 0.016 0.0007 0
 0.9276 0.0648 0.0075 0.0001 0
 0.7033 0.2144 0.0806 0.0017 0
 0.9318 0.0425 0.0243 0.0014 0
 0.5671 0.3108 0.0964 0.0239 0.0018
 0.0768 0.2599 0.5324 0.112 0.0189
 0.490249 0.384438 0.106611 0.0170017 0.00170017
 0.7925 0.1577 0.0466 0.003 0.0002
 0.840416 0.127587 0.0312969 0.00059994 9.999e-05
 0.8084 0.0986 0.0794 0.0134 0.0002
 0.7335 0.1905 0.0724 0.0035 0.0001
 0.4001 0.4547 0.1325 0.0127 0
 0.49795 0.308269 0.164784 0.0264974 0.00249975
 0.9179 0.0499 0.0305 0.0017 0
 0.2467 0.6533 0.0926 0.0074 0
 0.9418 0.0223 0.034 0.0019 0
 0.707729 0.231977 0.0356964 0.0245975 0
 0.517169 0.277429 0.184464 0.0207286 0.00020938
 0.811772 0.124168 0.05621 0.00726502 0.000585176
 0.764997 0.148141 0.077277 0.00933861 0.000247198
 0.163321 0.427699 0.378323 0.0303852 0.000271297
 0.753843 0.0900009 0.118128 0.0371064 0.000921714
 0.721811 0.176058 0.0630433 0.0369309 0.00215725
 0.143369 0.312575 0.442814 0.0836902 0.0175525
 0.692698 0.0596174 0.167031 0.0765114 0.00414204
 0.394062 0.376323 0.152708 0.0712218 0.00568511
 0.125707 0.32114 0.495352 0.0537591 0.00404204
 0.23352 0.215282 0.420074 0.123614 0.00750983
 0 0 0 0 0
pf_pred 
 0.43477 0.117065 0.424137 0.0240271 7.79037e-07
 0.411196 0.284739 0.0635301 0.227645 0.0128888
 0.555029 0.205249 0.116655 0.0257258 0.0973412
 0.745783 0.153704 0.0466626 0.026214 0.027637
 0.64577 0.277638 0.0465397 0.0139567 0.016096
 0.737469 0.180537 0.0644195 0.0106808 0.00689296
 0.471244 0.409524 0.0822946 0.0290242 0.00791288
 0.443654 0.293227 0.204399 0.0405374 0.018182
 0.521303 0.234831 0.129194 0.0890929 0.0255796
 0.681716 0.182491 0.0670353 0.036437 0.0323206
 0.801277 0.144449 0.0312899 0.01135 0.0116337
 0.728681 0.225106 0.0336934 0.00721923 0.00529967
 0.674554 0.250609 0.0622295 0.00919399 0.00341364
 0.619322 0.274381 0.0820973 0.0201251 0.0040745
 0.724036 0.186376 0.0648366 0.01912 0.00563157
 0.927484 0.0555794 0.0114872 0.00394425 0.00150467
 0.387434 0.576262 0.0279088 0.00569564 0.00269987
 0.894231 0.0461145 0.0561589 0.00268784 0.000808038
 0.599892 0.365022 0.0153999 0.0185328 0.00115293
 0.613938 0.250805 0.123535 0.00514676 0.00657474
 0.731751 0.177732 0.0590572 0.0287347 0.00272464
 0.741599 0.198913 0.0395736 0.0129954 0.00691819
 0.325436 0.525813 0.114832 0.022569 0.0113493
 0.738474 0.0967041 0.128802 0.0278104 0.00820939
 0.62975 0.286904 0.03104 0.0408802 0.0114254
 0.437985 0.378606 0.142493 0.0152437 0.0256717
 0.729669 0.13128 0.0940147 0.0349939 0.010042
 0.68766 0.239451 0.0356049 0.0252133 0.0120707
 0.347131 0.474708 0.136946 0.0201388 0.0210759
 0.429835 0.223329 0.252959 0.0721701 0.0217069
 0.855174 0.0694442 0.0297348 0.0332976 0.0123497
pobs_RECLAS
 0 0 0 0 0
 0 0 0 0 0
 0 0 0 0 0
 0 0 0 0 0
 0 0 0 0 0
 0 0 0 0 0
 0 0 0 0 0
 0 0 0 0 0
 0 0 0 0 0
 0 0 0 0 0
 0.991045 0.00858322 0.000360255 1.14367e-05 0
 0.934742 0.0480273 0.0164251 0.00080598 0
 0.827803 0.169806 0.00239088 0 0
 0.941827 0.0461693 0.0120037 0 0
 0.791401 0.0380133 0.147996 0.0225897 0
 0.846168 0.0940531 0.0597789 0 0
 0.134021 0.677848 0.182769 0.00536245 0
 0.80878 0.0450904 0.141981 0.00414843 0
 0.846168 0.0940531 0.0597789 0 0
 0.905697 0.0802665 0.012482 0.00150086 5.37128e-05
 0.989698 0.0102097 9.19794e-05 0 0
 0.975433 0.0193895 0.00387452 0.00125025 5.28907e-05
 0.303575 0.632131 0.0575291 0.00676475 0
 0.966965 0.00978017 0.0227588 0.000495775 0
 0.843318 0.132988 0.00938335 0.0141283 0.000182051
 0.564624 0.303363 0.111486 0.0197234 0.00080311
 0.826376 0.0876187 0.0782897 0.00655872 0.00115652
 0.89761 0.0855135 0.0140674 0.00269457 0.000114338
 0.34875 0.467042 0.161289 0.0227151 0.000203297
 0.318654 0.224769 0.449479 0.00709798 0
 0.937255 0.0296025 0.0250945 0.00804832 0
ppred_RECLAS
 0.483626 0.107881 0.386604 0.0218881 7.09664e-07
 0.459282 0.263043 0.0580433 0.207863 0.0117684
 0.602732 0.184368 0.103635 0.0228411 0.0864234
 0.781163 0.132914 0.0399022 0.0224029 0.0236182
 0.688013 0.245118 0.0406413 0.0121808 0.0140474
 0.773118 0.156566 0.0552518 0.00915546 0.00590836
 0.520507 0.372336 0.0739747 0.0260742 0.00710839
 0.491575 0.269369 0.185731 0.0368138 0.0165114
 0.570043 0.212148 0.115422 0.0795485 0.0228386
 0.722984 0.159613 0.057975 0.0314935 0.0279347
 0.829923 0.124003 0.026569 0.009632 0.0098724
 0.765627 0.194833 0.0288335 0.00617422 0.00453238
 0.716009 0.219258 0.0538333 0.00794874 0.0029512
 0.665804 0.241672 0.0714696 0.017509 0.00354473
 0.761776 0.161488 0.0555446 0.01637 0.00482143
 0.939585 0.0464288 0.00948847 0.00325602 0.00124208
 0.433602 0.533183 0.0255375 0.00520864 0.00246894
 0.911438 0.0388549 0.0467957 0.00223839 0.0006729
 0.645312 0.323912 0.0135127 0.0162521 0.00101101
 0.65912 0.222323 0.108289 0.00450889 0.00575971
 0.768077 0.154248 0.0506888 0.0246485 0.00233711
 0.777007 0.172105 0.0338599 0.0111125 0.00591564
 0.368808 0.493212 0.106532 0.0209255 0.0105225
 0.77448 0.0839758 0.110626 0.023872 0.00704659
 0.673149 0.253921 0.0271711 0.035764 0.00999517
 0.485639 0.347757 0.129455 0.0138409 0.0233085
 0.766272 0.114158 0.0808591 0.0300797 0.00863155
 0.727129 0.209741 0.0308471 0.0218314 0.0104513
 0.391654 0.443672 0.126597 0.018606 0.0194712
 0.478382 0.205705 0.230443 0.0657077 0.0197626
 0.877555 0.0590577 0.0250125 0.0279932 0.010382
pobs_PELACES
 0 0 0 0 0
 0 0 0 0 0
 0 0 0 0 0
 0 0 0 0 0
 0 0 0 0 0
 0 0 0 0 0
 0 0 0 0 0
 0 0 0 0 0
 0 0 0 0 0
 0 0 0 0 0
 0 0 0 0 0
 0 0 0 0 0
 0 0 0 0 0
 0 0 0 0 0
 0 0 0 0 0
 0 0 0 0 0
 0.505614 0.472636 0.0217494 0 0
 0 0 0 0 0
 0.443492 0.261883 0.143347 0.151278 0
 0.227955 0.32914 0.350689 0.0885471 0.00366901
 0.970185 0.0296113 0.000203453 0 0
 0.997202 0.00247181 0.000326279 0 0
 0.445219 0.490057 0.0546422 0.010081 0
 0.90214 0.0892962 0.00764917 0.000914606 0
 0 0 0 0 0
 0.581667 0.319106 0.0959925 0.00289975 0.000334073
 0.762889 0.0836404 0.116647 0.0363945 0.000428098
 0.88444 0.0763242 0.0277011 0.0115352 0
 0.521256 0.241999 0.230069 0.00667565 0
 0.616807 0.101726 0.260614 0.0208532 0
 0 0 0 0 0
ppred_PELACES
 0.485309 0.107564 0.385311 0.0218145 7.07275e-07
 0.46227 0.261694 0.0577026 0.206635 0.0116989
 0.605528 0.183144 0.102872 0.0226721 0.0857838
 0.784081 0.131199 0.039345 0.0220888 0.023287
 0.689223 0.244186 0.0404724 0.0121299 0.0139888
 0.775094 0.155237 0.0547439 0.00907094 0.00585381
 0.526588 0.367743 0.0729496 0.0257108 0.00700928
 0.492548 0.268884 0.185352 0.0367382 0.0164774
 0.573787 0.210404 0.114364 0.0788159 0.0226282
 0.726968 0.157403 0.057101 0.0310167 0.0275116
 0.830625 0.123502 0.0264533 0.00958993 0.00982927
 0.769648 0.191537 0.0283053 0.00606066 0.004449
 0.720287 0.216022 0.0529678 0.0078204 0.00290354
 0.673474 0.23627 0.0697197 0.0170783 0.00345751
 0.765993 0.158705 0.0545074 0.016063 0.004731
 0.940714 0.0455748 0.00930215 0.00319187 0.00121761
 0.436779 0.530218 0.0253745 0.00517518 0.00245307
 0.912526 0.0383956 0.0462037 0.00220998 0.000664357
 0.649626 0.320007 0.0133337 0.0160358 0.000997553
 0.66288 0.219951 0.107021 0.00445585 0.00569194
 0.770352 0.152778 0.0501651 0.0243928 0.00231286
 0.779807 0.169985 0.0334084 0.0109637 0.00583642
 0.37103 0.491541 0.106107 0.0208414 0.0104802
 0.775964 0.083451 0.109877 0.0237097 0.00699868
 0.674999 0.252514 0.0270063 0.035546 0.00993422
 0.487344 0.346653 0.128989 0.0137907 0.023224
 0.767761 0.113461 0.0803238 0.0298797 0.00857416
 0.728483 0.208722 0.030684 0.0217155 0.0103958
 0.393289 0.442532 0.126217 0.0185498 0.0194123
 0.480893 0.204793 0.229278 0.0653735 0.019662
 0.878134 0.058789 0.0248903 0.027856 0.0103312
pobs_pel_tallas
 0 0 0 0 0 0 0 0 0 0 0 0 0 0 0 0 0 0 0 0 0 0 0 0 0 0
 0 0 0 0 0 0 0 0 0 0 0 0 0 0 0 0 0 0 0 0 0 0 0 0 0 0
 0 0 0 0 0 0 0 0 0 0 0 0 0 0 0 0 0 0 0 0 0 0 0 0 0 0
 0 0 0 0 0 0 0 0 0 0 0 0 0 0 0 0 0 0 0 0 0 0 0 0 0 0
 0 0 0 0 0 0 0 0 0 0 0 0 0 0 0 0 0 0 0 0 0 0 0 0 0 0
 0 0 0 0 0 0 0 0 0 0 0 0 0 0 0 0 0 0 0 0 0 0 0 0 0 0
 0 0 0 0 0 0 0 0 0 0 0 0 0 0 0 0 0 0 0 0 0 0 0 0 0 0
 0 0 0 0 0 0 0 0 0 0 0 0 0 0 0 0 0 0 0 0 0 0 0 0 0 0
 0 0 0 0 0 0 0 0 0 0 0 0 0 0 0 0 0 0 0 0 0 0 0 0 0 0
 0 0 0 0 0 0 0 0 0 0 0 0 0 0 0 0 0 0 0 0 0 0 0 0 0 0
 0 0 0 0 0 0 0 0 0 0 0 0 0 0 0 0 0 0 0 0 0 0 0 0 0 0
 0 0 0 0 0 0 0 0 0 0 0 0 0 0 0 0 0 0 0 0 0 0 0 0 0 0
 0.00862536 0 0 0.000197151 0.00414017 0.0128641 0.00837892 0.0270097 0.101434 0.158115 0.152841 0.127902 0.109271 0.109419 0.0830992 0.0579132 0.0238553 0.00714673 0.00463305 0.00128148 0.00103504 0.000492878 0.000147863 0.000147863 4.92878e-05 0
 0 0 0 0 0 0 0 0 0 0 0 0 0 0 0 0 0 0 0 0 0 0 0 0 0 0
 0 0 0 0 0 0 0 0.0054083 0.00873648 0.0413646 0.0450493 0.0745869 0.0622846 0.0627006 0.0613931 0.0827291 0.12552 0.122667 0.0946155 0.0697135 0.0546179 0.0294188 0.0215738 0.0213955 0.0102223 0.00600262
 0 0 0 0 0.00359764 0.0251062 0.0480494 0.140153 0.205849 0.193036 0.1447 0.116669 0.0760912 0.0342217 0.00950174 0.001854 0.000860785 0 0 0 0.000165536 0 0.000143464 0 0 0
 0 0 0 0 0 0 0 0.000145254 0.000435761 0.0275982 0.070085 0.0708112 0.156366 0.174668 0.174014 0.160142 0.0824315 0.0480064 0.0283245 0.00493863 0.00203355 0 0 0 0 0
 0 0 0 0 0 0 0 0 0 0 0 0 0 0 0 0 0 0 0 0 0 0 0 0 0 0
 0 0 1.00437e-05 0.000401748 0.00122533 0.00171747 0.00176769 0.0269171 0.070346 0.194647 0.189555 0.159765 0.064822 0.0314167 0.0384472 0.0292271 0.0345202 0.0313363 0.0194345 0.0106764 0.0143323 0.0359363 0.0279516 0.0138201 0.00172751 0
 0 0.0021121 0.0136068 0.0755702 0.200478 0.177729 0.0527432 0.0373336 0.0318909 0.0142505 0.0149659 0.0166563 0.0217959 0.0798694 0.0677717 0.0528807 0.04013 0.0224614 0.0357745 0.0225083 0.00881397 0.00855152 0.00135912 0.000746735 0 0
 0 0 0 0 5.4009e-05 0.00500934 0.000945158 0.0243581 0.138947 0.33067 0.221406 0.137944 0.0707744 0.0437923 0.0131692 0.00525238 0.0047753 0.00276346 9.45158e-05 9.00151e-06 2.25038e-05 9.00151e-06 4.50075e-06 0 0 0
 0.000866109 0.00284123 0.00948549 0.0512746 0.133035 0.25785 0.225252 0.132002 0.0553304 0.0519788 0.0540692 0.017754 0.00435017 0.00159236 0.00146478 0.000404838 0.000125132 0.000115318 0.000107957 0.000100596 0 0 0 0 0 0
 0 0 0 0 0.00144013 0.00171154 0.00461396 0.0210425 0.0478622 0.0707936 0.0888783 0.103762 0.0637923 0.0337046 0.0602308 0.124433 0.169614 0.0934646 0.0462172 0.0250306 0.0313229 0.00938855 0.002487 0.000210481 0 0
 0 0.00764035 0.051015 0.0998891 0.058973 0.0496711 0.0374665 0.0718981 0.12319 0.153886 0.159021 0.0857701 0.0377988 0.023471 0.0147837 0.00900784 0.00315554 0.000888139 0.00291439 0.00214683 0.00393193 0.00274676 0.000635225 9.99891e-05 0 0
 0 0 0 0 0 0 0 0 0 0 0 0 0 0 0 0 0 0 0 0 0 0 0 0 0 0
 0 0 0 0 0 0 0 0 0 0 0 0 0 0 0 0 0 0 0 0 0 0 0 0 0 0
 0 0 0 0 0 0 0 0 0 0 0 0 0 0 0 0 0 0 0 0 0 0 0 0 0 0
 0 0 0 0 0 0 0 0 0 0 0 0 0 0 0 0 0 0 0 0 0 0 0 0 0 0
 0 0 0 0 0 0 0 0 0 0 0 0 0 0 0 0 0 0 0 0 0 0 0 0 0 0
 0 0 0 0 0 0 0 0 0 0 0 0 0 0 0 0 0 0 0 0 0 0 0 0 0 0
 0 0 0 0 0 0 0 0 0 0 0 0 0 0 0 0 0 0 0 0 0 0 0 0 0 0
ppred_pel_tallas
 1.13335e-16 3.99743e-05 0.000388564 0.00258215 0.0117381 0.0365216 0.0778134 0.113573 0.113584 0.0778672 0.0367037 0.0122715 0.00394884 0.00346351 0.00614723 0.0107949 0.0171618 0.0249352 0.0336945 0.0430427 0.052482 0.0610605 0.067217 0.0692064 0.0659638 0.0577978
 1.24435e-16 3.80766e-05 0.000370118 0.00245957 0.0111809 0.0347879 0.0741203 0.108186 0.108211 0.0742441 0.035204 0.0123841 0.00548613 0.00699868 0.012694 0.0211129 0.0308837 0.039919 0.0462134 0.0490879 0.0496803 0.0501322 0.0520588 0.0554741 0.0588701 0.0602024
 1.19807e-16 4.98766e-05 0.000484818 0.00322179 0.0146458 0.0455686 0.0970894 0.141708 0.141726 0.0971764 0.0458612 0.0154928 0.00535504 0.00516606 0.0090133 0.0150171 0.0220981 0.0288109 0.0337454 0.0363496 0.037266 0.0378136 0.0390184 0.0409584 0.0428316 0.0435312
 1.07326e-16 6.45837e-05 0.000627777 0.0041718 0.0189644 0.0590053 0.125718 0.183491 0.183504 0.12578 0.0592137 0.0195668 0.00568622 0.00394139 0.00638072 0.0105085 0.0152825 0.0195497 0.0221947 0.0227448 0.0216558 0.0199754 0.0186522 0.018028 0.0178212 0.0174726
 1.04815e-16 5.67704e-05 0.000551829 0.0036671 0.0166701 0.051867 0.110509 0.161296 0.16132 0.110624 0.0522534 0.0177864 0.00646977 0.00667246 0.0116881 0.0192524 0.0277761 0.0350352 0.0388062 0.0380794 0.0336591 0.0276045 0.0219723 0.0178404 0.0151793 0.0133633
 1.0352e-16 6.38435e-05 0.000620582 0.00412399 0.0187471 0.0583291 0.124277 0.181389 0.181404 0.12435 0.0585757 0.01946 0.00591603 0.00454115 0.00753472 0.0124208 0.0180394 0.0230055 0.0259439 0.0262107 0.0242437 0.0212006 0.0181939 0.0157413 0.0137569 0.0119113
 1.05964e-16 4.33744e-05 0.000421615 0.00280178 0.0127365 0.0396282 0.0844334 0.12324 0.123276 0.0846068 0.0402105 0.0144189 0.00702679 0.00965121 0.0175909 0.0290628 0.0419807 0.0530457 0.0589197 0.0580668 0.0516475 0.042677 0.0341552 0.0276374 0.0230824 0.0196385
 1.11891e-16 4.05705e-05 0.00039436 0.00262066 0.0119132 0.0370664 0.0789749 0.115272 0.115298 0.0791028 0.0374967 0.0131589 0.0057592 0.00728461 0.0132405 0.0221238 0.0325663 0.0424229 0.0494985 0.0527435 0.0527538 0.0510921 0.0490341 0.0468117 0.0438383 0.0394927
 1.15088e-16 4.72621e-05 0.000459405 0.00305291 0.0138781 0.04318 0.0920003 0.134281 0.134302 0.0921002 0.0435161 0.014851 0.0055031 0.00583565 0.0103397 0.0172375 0.0253505 0.0330088 0.0385582 0.0413033 0.0418887 0.0417128 0.0418482 0.0423494 0.042398 0.0409979
 1.09455e-16 5.98794e-05 0.000582049 0.00386792 0.017583 0.0547074 0.11656 0.170127 0.170142 0.116635 0.0549577 0.018307 0.00568874 0.00456881 0.00766713 0.0126764 0.0184864 0.0237511 0.0271557 0.0281425 0.0272413 0.025659 0.0244565 0.0239627 0.0237824 0.0232325
 1.03421e-16 6.84175e-05 0.000665043 0.00441944 0.0200902 0.062508 0.13318 0.194383 0.194395 0.133239 0.0627036 0.0206555 0.00583956 0.00376824 0.00597117 0.00978803 0.0141532 0.0179285 0.0200067 0.019891 0.0179867 0.0153105 0.0128541 0.0111002 0.00997435 0.00912076
 1.02227e-16 6.33949e-05 0.000616221 0.00409501 0.0186153 0.0579192 0.123404 0.180115 0.180134 0.123494 0.0582222 0.0194903 0.0062915 0.00541158 0.00917186 0.0150658 0.0217044 0.0273104 0.0301162 0.0293072 0.0255008 0.020317 0.0154009 0.0116574 0.00914038 0.00743629
 1.0286e-16 5.93291e-05 0.0005767 0.00383238 0.0174214 0.0542047 0.11549 0.168565 0.168586 0.115591 0.054547 0.0184107 0.00631712 0.00600646 0.0103876 0.0171211 0.0247555 0.0313333 0.034891 0.0345085 0.030829 0.02557 0.0204457 0.0163544 0.0133081 0.0108887
 1.04371e-16 5.54732e-05 0.00053922 0.00358331 0.0162892 0.0506819 0.107984 0.15761 0.157633 0.108096 0.0510567 0.0173727 0.00630596 0.00649243 0.01139 0.0188164 0.0272742 0.0346624 0.0388678 0.0389038 0.0354606 0.0303588 0.0253733 0.0213702 0.0182653 0.0155569
 1.04026e-16 6.30939e-05 0.000613295 0.00407556 0.0185269 0.0576442 0.122818 0.179259 0.179275 0.122893 0.0578963 0.0192558 0.00590769 0.00462169 0.00770182 0.0127013 0.018452 0.0235444 0.0265813 0.0269158 0.0250069 0.0220436 0.0191557 0.0168473 0.0149915 0.0132098
 1.00807e-16 7.74853e-05 0.000753185 0.00500518 0.0227528 0.0707925 0.150831 0.220143 0.220148 0.150853 0.0708647 0.0229614 0.0055289 0.00189735 0.00225305 0.00360895 0.00520757 0.00658326 0.00731898 0.00722497 0.00644529 0.00535298 0.00431803 0.0035306 0.00298255 0.00256571
 1.01802e-16 3.5977e-05 0.00034971 0.00232395 0.0105643 0.0328699 0.0700347 0.102228 0.102279 0.0702839 0.0337066 0.0129801 0.00838384 0.0135653 0.0250958 0.0413294 0.059293 0.0740571 0.0806211 0.0766797 0.0640224 0.0473819 0.0316919 0.019861 0.0123295 0.00803119
 1.01678e-16 7.51636e-05 0.000730617 0.00485521 0.0220711 0.0686713 0.146312 0.213547 0.213551 0.14633 0.0687333 0.0222511 0.00531003 0.00173352 0.0020091 0.0032785 0.00489186 0.00651727 0.0078576 0.00875392 0.00923575 0.00942364 0.00937732 0.00903648 0.0082992 0.00714906
 1.02244e-16 5.35089e-05 0.000520126 0.00345642 0.0157124 0.0488873 0.104161 0.152032 0.152063 0.104311 0.0493923 0.0171705 0.00711426 0.00849779 0.0151829 0.0249596 0.0358204 0.0447776 0.0488317 0.0466172 0.0392388 0.0295629 0.0205471 0.0138888 0.00976481 0.00743706
 1.04555e-16 5.46006e-05 0.000530737 0.00352694 0.016033 0.0498846 0.106285 0.155131 0.155152 0.106389 0.0502348 0.0170461 0.00607562 0.00611294 0.01071 0.0177589 0.0259006 0.0332405 0.0378556 0.0388122 0.0366411 0.032829 0.0287794 0.025108 0.0216956 0.0182125
 1.04325e-16 6.34529e-05 0.000616784 0.00409875 0.0186323 0.0579722 0.123516 0.180279 0.180294 0.123589 0.0582148 0.0193339 0.00586234 0.00447526 0.00741678 0.0122282 0.0177683 0.0226837 0.0256384 0.0260233 0.0242949 0.0216057 0.019036 0.017042 0.015455 0.0138603
 1.03095e-16 6.42317e-05 0.000624355 0.00414906 0.018861 0.0586837 0.125033 0.182492 0.182508 0.125113 0.0589529 0.0196387 0.00610197 0.00489049 0.0081751 0.0134366 0.0194049 0.0245208 0.0272409 0.0268589 0.0239169 0.0198151 0.0159443 0.0130224 0.0110213 0.00953061
 1.07052e-16 3.05614e-05 0.000297067 0.00197412 0.00897409 0.027922 0.0594925 0.0868409 0.0868884 0.0597243 0.0287005 0.0112235 0.00762333 0.0126389 0.023498 0.0388719 0.0561652 0.0709887 0.078872 0.0777365 0.0690938 0.056932 0.0452386 0.0361136 0.0295737 0.0245859
 1.06755e-16 6.39151e-05 0.000621278 0.00412861 0.0187681 0.0583945 0.124416 0.18159 0.181599 0.124456 0.0585298 0.0191609 0.00512258 0.002817 0.00431005 0.00722348 0.0108662 0.0146443 0.0179764 0.0205705 0.0225136 0.0240316 0.0251432 0.0255409 0.0247999 0.0227124
 1.0609e-16 5.55988e-05 0.000540441 0.00359142 0.0163261 0.0507966 0.108228 0.157968 0.157992 0.108347 0.0511959 0.0174793 0.00648629 0.00686043 0.0120604 0.0198577 0.0286238 0.0360599 0.0398807 0.039079 0.034548 0.0284851 0.0230565 0.0193507 0.0172322 0.0158981
 1.09125e-16 4.01419e-05 0.000390194 0.00259298 0.0117873 0.0366749 0.078141 0.114056 0.11409 0.078305 0.0372258 0.01338 0.00659707 0.00915181 0.0167407 0.027771 0.0403729 0.0515497 0.0582518 0.0590514 0.0549249 0.0484419 0.0420583 0.036895 0.0327258 0.0287846
 1.06795e-16 6.32395e-05 0.000614711 0.00408497 0.0185697 0.0577772 0.123101 0.179672 0.179683 0.123155 0.057959 0.019096 0.00541151 0.0035287 0.00565103 0.00938351 0.0138448 0.0181174 0.0213048 0.0229983 0.0234719 0.0233785 0.0232055 0.0229542 0.0222527 0.0207222
 1.04876e-16 6.00042e-05 0.000583262 0.00387598 0.0176197 0.0548214 0.116804 0.170482 0.170503 0.116902 0.0551517 0.0185737 0.0062712 0.00581394 0.01 0.016454 0.0237403 0.0299549 0.0332094 0.0326607 0.0290205 0.0240663 0.0195529 0.016367 0.0144181 0.0130944
 1.08901e-16 3.23948e-05 0.000314889 0.00209255 0.00951245 0.029597 0.0630611 0.0920485 0.0920913 0.0632701 0.0302989 0.0115412 0.00718996 0.0114591 0.021246 0.0352001 0.0510023 0.0647632 0.0725189 0.0724226 0.0657875 0.0560681 0.0466518 0.0392205 0.0336453 0.0289642
 1.16553e-16 3.96106e-05 0.000385029 0.00255865 0.0116313 0.0361894 0.077106 0.112543 0.112563 0.0772042 0.0365202 0.0125911 0.00498434 0.0057347 0.0103599 0.0174853 0.0261741 0.0350015 0.0425062 0.0479904 0.0517798 0.054637 0.0568563 0.0578713 0.0566755 0.0526129
 1.05276e-16 7.23307e-05 0.00070308 0.00467222 0.0212392 0.0660831 0.140797 0.205499 0.205505 0.140825 0.0661769 0.0215105 0.00535507 0.00220038 0.00293602 0.00479366 0.00703081 0.00913278 0.0106411 0.0113821 0.0115721 0.0116452 0.0119325 0.0124461 0.012906 0.0129429
pSPR Fmed_Fpbrs
0.67757   0.208083 0.208083
Fs Fmed_Fpbrs
0.206209   1.005 1.005
SSBpbr Bo_Bmed_Bpbrs
2.01223e+06  1.26282e+06  318100 318100
Ro
193308
SPR SPRFo_SPRFmed_SPRFpbrs
1.37648e+06 932661 286422
Fref
1.005
log_Ro
11.992
likeval ReclasPelacesDesembMPH_pf_preclas_ppelaces_ptallas_desvR_qrecl_qpela
 15.1432 16.9698 0.0830737 0.000808654 229.089 121.68 82.0953 0 23.2395 2.42601e-06 0 0.423167 0 0 0
q_reclas_q_pelaces
0.801946 1
M
1
N
 211595 47660.5 170903 9676.27 0.313727
 121462 70800.7 15640.6 56015 3171.37
 120923 37627.1 21173.8 4666.95 17658.3
 215709 37644.3 11319.6 6355.87 6700.71
 172494 61974.5 10281.1 3081.49 3553.72
 283794 58444.6 20647.2 3421.52 2208.04
 119468 88627.9 17649.5 6221.77 1696.2
 55900.2 30807.5 21249.7 4212 1889.12
 51097.3 19447.6 10595.9 7303.28 2096.8
 66427.5 15103.5 5496.31 2986.04 2648.62
 121792 18332.9 3929.88 1424.73 1460.29
 158341 41678.2 6181.37 1323.79 971.776
 132551 41891.5 10306.2 1521.93 565.063
 93765.9 35837.5 10633.3 2605.46 527.486
 94985.1 20846.8 7186.33 2118.19 623.872
 489143 24905.4 5099.59 1750.13 667.631
 107144 134346 6442.75 1314.15 622.923
 749312 32583 39291.9 1879.58 565.039
 439874 227171 9494.26 11420.1 710.426
 354438 122563 59793 2489.85 3180.59
 499801 102297 33657.6 16367.8 1551.96
 673129 152754 30099.5 9879.19 5259.12
 144103 195475 42260.6 8301.4 4174.43
 420232 46133.6 60822.6 13125.5 3874.42
 358594 136978 14669.4 19309.4 5396.51
 161309 116686 43465.4 4647.33 7826.27
 356460 53757.9 38107.1 14176.5 4068.04
 399409 116390 17129 12123.1 5803.68
 116232 133020 37980.6 5582.25 5841.84
 88699 38704.4 43399.6 12375.5 3722.11
 416888 28278.5 11982.8 13411.1 4973.89
pred_Ctot
 12191.9 3282.76 11893.8 673.775 0.021846
 12296 8514.57 1899.74 6807.29 385.415
 11915.4 4406.31 2504.38 552.285 2089.74
 30471.4 6280.08 1906.56 1071.06 1129.2
 8670.62 3727.78 624.88 187.394 216.118
 27468.8 6724.55 2399.46 397.833 256.745
 23242.1 20198 4058.82 1431.49 390.268
 1927.94 1274.25 888.238 176.159 79.0116
 6461.74 2910.82 1601.4 1104.34 317.068
 10737.1 2874.24 1055.81 573.884 509.05
 5404.04 974.209 211.028 76.548 78.4608
 28871.3 8919 1334.98 286.035 209.98
 22771.8 8460.13 2100.76 310.373 115.239
 24422.7 10820.1 3237.47 793.624 160.676
 17728.2 4563.45 1587.54 468.157 137.89
 80235.9 4808.12 993.75 341.214 130.168
 11924.9 17736.9 859.012 175.307 83.0998
 84636.7 4364.62 5315.3 254.397 76.4788
 68997.4 41983.5 1771.24 2131.58 132.606
 49235.7 20113.7 9907.1 412.753 527.272
 54273.9 13182.4 4380.27 2131.25 202.086
 91360.1 24504.8 4875.21 1600.94 852.275
 11954.8 19315.7 4218.35 829.07 416.916
 30570.6 4003.26 5332.01 1151.27 339.844
 26439.8 12045.6 1303.2 1716.34 479.69
 9673.05 8361.64 3147 336.662 566.967
 25582.9 4602.8 3296.24 1226.92 352.083
 24103.3 8393.04 1247.99 883.755 423.091
 7024.38 9605.97 2771.17 407.518 426.482
 7565.91 3931.01 4452.56 1270.33 382.083
 19698.8 1599.63 684.936 767.005 284.473
F
 0.0948037 0.114234 0.11548 0.115546 0.115549
 0.171878 0.207105 0.209364 0.209484 0.20949
 0.16697 0.20119 0.203384 0.203501 0.203507
 0.247207 0.297872 0.30112 0.301293 0.301302
 0.0822808 0.0991445 0.100226 0.100283 0.100286
 0.1638 0.197372 0.199524 0.199638 0.199644
 0.355286 0.428102 0.432771 0.433019 0.433032
 0.0558425 0.0672876 0.0680213 0.0680604 0.0680624
 0.218804 0.263648 0.266523 0.266676 0.266684
 0.287413 0.346319 0.350095 0.350296 0.350307
 0.0723342 0.0871592 0.0881096 0.0881602 0.0881629
 0.329665 0.397231 0.401562 0.401793 0.401805
 0.307971 0.37109 0.375136 0.375352 0.375363
 0.503599 0.606813 0.61343 0.613782 0.613801
 0.338637 0.408041 0.412491 0.412728 0.41274
 0.292234 0.352128 0.355968 0.356172 0.356183
 0.190384 0.229403 0.231905 0.232038 0.232045
 0.193453 0.233102 0.235644 0.235779 0.235786
 0.277864 0.334812 0.338463 0.338658 0.338668
 0.242653 0.292386 0.295574 0.295744 0.295753
 0.185379 0.223373 0.225809 0.225938 0.225945
 0.236504 0.284976 0.288084 0.288249 0.288258
 0.138986 0.167472 0.169298 0.169395 0.1694
 0.120984 0.14578 0.14737 0.147454 0.147459
 0.122708 0.147858 0.14947 0.149556 0.14956
 0.098828 0.119083 0.120382 0.120451 0.120454
 0.119275 0.14372 0.145287 0.145371 0.145375
 0.099483 0.119872 0.121179 0.121249 0.121253
 0.0996325 0.120052 0.121362 0.121431 0.121435
 0.143146 0.172484 0.174365 0.174465 0.17447
 0.0771845 0.0930036 0.0940178 0.0940718 0.0940746
nmprior
 8 9 7.5 0
nm_flota  nm_reclas  nm_pelaces    nm_pelaL
inf 12.5891 16.4701 28.8427
cv_recla  cv_pelaces  cv_mph
0.351992 0.484734 0.87758
 ------------------------------------------------
Talla a la edad & desviación 
 8 13.2811 15.8009 17.003 17.5766
 0.8 1.32811 1.58009 1.7003 1.75766
