years
 1991 1992 1993 1994 1995 1996 1997 1998 1999 2000 2001 2002 2003 2004 2005 2006 2007 2008 2009 2010 2011 2012 2013 2014 2015 2016 2017 2018 2019 2020 2021
reclasobs
 0 0 0 0 0 0 0 0 0 252601 567819 844713 477998 351125 339783 2.1784e+06 2.13404e+06 4.81314e+06 1.55562e+06 2.62356e+06 3.21686e+06 3.843e+06 1.13348e+06 3.07943e+06 1.97215e+06 2.03268e+06 2.025e+06 2.42433e+06 2.27542e+06 1.05018e+06 2.36338e+06
reclaspred
 3.3051e+06 1.75201e+06 885276 865054 852603 1.92792e+06 963233 771224 521611 303372 505352 747380 736293 521131 476588 1.47357e+06 1.11135e+06 3.46416e+06 2.64102e+06 1.88912e+06 3.21297e+06 2.67625e+06 1.83338e+06 3.11271e+06 2.22372e+06 1.88852e+06 2.39087e+06 2.72676e+06 2.01326e+06 1.05301e+06 1.79148e+06
pelacesobs
 0 0 0 0 0 0 0 0 0 0 0 0 0 0 0 552880 188675 0 991730 2.46772e+06 1.41603e+06 1.21717e+06 2.29649e+06 1.80582e+06 0 1.4828e+06 1.56532e+06 1.57751e+06 1.42118e+06 867257 0
pelacespred
 2.12676e+06 1.1867e+06 560215 400409 467049 1.02817e+06 481797 529831 302240 143825 270647 336768 375253 251214 231730 611684 557058 1.81282e+06 1.49989e+06 968659 1.65586e+06 1.41548e+06 1.11103e+06 1.89504e+06 1.40199e+06 1.21773e+06 1.61091e+06 1.80984e+06 1.29699e+06 732006 1.00342e+06
mphobs
 0 0 0 0 0 0 0 0 0 0 0 498337 0 5186 125008 0 168611 109162 213762 579715 649985 157893 87575 83554 0 0 0 0 0 0 0
mphpred
 523341 345634 158188 88514.4 87273.8 110045 194116 87960.4 76024.5 40404.2 21193.7 62271.8 68657.2 54056.3 29269.8 35936.4 159426 117848 348560 223848 234915 288302 281344 201067 319707 253919 197429 226794 348727 201040 89204.8
desembarqueobs
 494567 514787 250237 358949 120608 361735 552515 73892 212993 205616 52469 317467 293654 387597 252695 516296 358380 742168 942051 627588 828172 859565 418607 520667 417249 300574 407403 355545 319650 289779 219260
desembarquepred
 494553 514268 250360 358964 120609 361699 552399 73895.6 213031 205646 52470.2 317470 293618 387414 252612 516131 358398 741901 941514 627178 828196 859360 418556 520649 417180 300542 407354 355475 319590 289750 219259
Reclutas
 148346 87999.7 86615.2 106724 85347.2 207528 68051.8 25620.7 28237.7 38145.8 67389.6 114208 94698.7 67969.6 55083.7 299937 50348.6 498846 275434 228455 290018 420406 67614.1 222146 182886 76465.8 181852 208011 53381 38084.2 173241
log_desv_Rt
 0.30165 -0.220561 -0.236419 -0.0276468 -0.251167 0.637371 -0.477626 -1.45449 -1.35724 -1.05648 -0.487403 0.0401242 -0.147194 -0.478834 -0.689041 1.00568 -0.778924 1.5144 0.920454 0.733445 0.972047 1.34333 -0.484078 0.705441 0.510968 -0.361051 0.5053 0.639697 -0.720441 -1.0581 0.45679
SSB
 1.32933e+06 877935 401809 224833 221682 279523 493069 223426 193108 102630 53833.6 158175 174394 137307 74347.5 91281 404954 299342 885368 568590 596702 732309 714636 510725 812079 644972 501484 576073 885792 510655 226587
BT
 1.99514e+06 1.38549e+06 655565 636065 487103 1.26632e+06 864956 509463 464157 322406 301860 570552 605560 636273 475871 1.02373e+06 733935 2.42941e+06 2.19362e+06 1.36831e+06 2.19133e+06 2.01713e+06 1.24821e+06 2.23983e+06 1.52916e+06 1.25794e+06 1.88345e+06 2.0012e+06 1.25282e+06 841302 1.12865e+06
Ftot
 0.311214 0.584963 0.580681 0.92258 0.324504 0.470031 1.10668 0.213595 0.889854 1.42824 0.278726 0.986171 0.916509 1.63032 1.29265 0.933066 0.670464 0.566057 0.786318 0.755753 0.606638 0.747116 0.474589 0.417923 0.415824 0.345179 0.417892 0.326704 0.318722 0.556974 0.32116
BD_Bspro_t
 0.951722 0.693697 0.447359 0.34449 0.319652 0.424019 0.484151 0.267868 0.305941 0.224635 0.170844 0.457623 0.347244 0.257207 0.153013 0.184345 0.379827 0.303704 0.488152 0.354424 0.322134 0.365428 0.384992 0.343274 0.4861 0.489195 0.485458 0.552576 0.636769 0.506575 0.395662
BD_Bspro
 1.70154 1.12376 0.514316 0.287787 0.283753 0.357789 0.631128 0.285985 0.247178 0.131366 0.068907 0.202464 0.223225 0.175753 0.0951648 0.11684 0.518342 0.383157 1.13327 0.727795 0.763779 0.937356 0.914734 0.653728 1.03946 0.825564 0.641899 0.737373 1.13381 0.653639 0.290031
BD_Bo
 1.07709 0.711349 0.325567 0.182172 0.179618 0.226484 0.39951 0.181031 0.156466 0.0831559 0.0436188 0.128162 0.141303 0.111253 0.0602403 0.0739607 0.328115 0.242542 0.717372 0.460702 0.48348 0.593355 0.579036 0.413817 0.65799 0.52259 0.406329 0.466765 0.717715 0.41376 0.183593
BD_Brms
 5.37097 3.54718 1.62346 0.908409 0.895677 1.12938 1.99218 0.902723 0.780227 0.414661 0.217508 0.639086 0.704617 0.55477 0.300391 0.368809 1.63616 1.20945 3.57721 2.29731 2.4109 2.9588 2.88739 2.06352 3.2811 2.60592 2.02618 2.32755 3.57893 2.06324 0.915494
Sel_flota
 0.642072 0.971496 0.998458 0.999919 0.999996
 0.642072 0.971496 0.998458 0.999919 0.999996
 0.642072 0.971496 0.998458 0.999919 0.999996
 0.642072 0.971496 0.998458 0.999919 0.999996
 0.642072 0.971496 0.998458 0.999919 0.999996
 0.642072 0.971496 0.998458 0.999919 0.999996
 0.642072 0.971496 0.998458 0.999919 0.999996
 0.642072 0.971496 0.998458 0.999919 0.999996
 0.642072 0.971496 0.998458 0.999919 0.999996
 0.642072 0.971496 0.998458 0.999919 0.999996
 0.642072 0.971496 0.998458 0.999919 0.999996
 0.642072 0.971496 0.998458 0.999919 0.999996
 0.642072 0.971496 0.998458 0.999919 0.999996
 0.642072 0.971496 0.998458 0.999919 0.999996
 0.642072 0.971496 0.998458 0.999919 0.999996
 0.642072 0.971496 0.998458 0.999919 0.999996
 0.642072 0.971496 0.998458 0.999919 0.999996
 0.642072 0.971496 0.998458 0.999919 0.999996
 0.642072 0.971496 0.998458 0.999919 0.999996
 0.642072 0.971496 0.998458 0.999919 0.999996
 0.642072 0.971496 0.998458 0.999919 0.999996
 0.642072 0.971496 0.998458 0.999919 0.999996
 0.642072 0.971496 0.998458 0.999919 0.999996
 0.642072 0.971496 0.998458 0.999919 0.999996
 0.642072 0.971496 0.998458 0.999919 0.999996
 0.642072 0.971496 0.998458 0.999919 0.999996
 0.642072 0.971496 0.998458 0.999919 0.999996
 0.642072 0.971496 0.998458 0.999919 0.999996
 0.642072 0.971496 0.998458 0.999919 0.999996
 0.642072 0.971496 0.998458 0.999919 0.999996
 0.642072 0.971496 0.998458 0.999919 0.999996
Sel_reclas
 1 1 1 1 1
 1 1 1 1 1
 1 1 1 1 1
 1 1 1 1 1
 1 1 1 1 1
 1 1 1 1 1
 1 1 1 1 1
 1 1 1 1 1
 1 1 1 1 1
 1 1 1 1 1
 1 1 1 1 1
 1 1 1 1 1
 1 1 1 1 1
 1 1 1 1 1
 1 1 1 1 1
 1 1 1 1 1
 1 1 1 1 1
 1 1 1 1 1
 1 1 1 1 1
 1 1 1 1 1
 1 1 1 1 1
 1 1 1 1 1
 1 1 1 1 1
 1 1 1 1 1
 1 1 1 1 1
 1 1 1 1 1
 1 1 1 1 1
 1 1 1 1 1
 1 1 1 1 1
 1 1 1 1 1
 1 1 1 1 1
Sel_pelaces
 0.650088 0.903381 0.97919 0.995795 0.999162
 0.650088 0.903381 0.97919 0.995795 0.999162
 0.650088 0.903381 0.97919 0.995795 0.999162
 0.650088 0.903381 0.97919 0.995795 0.999162
 0.650088 0.903381 0.97919 0.995795 0.999162
 0.650088 0.903381 0.97919 0.995795 0.999162
 0.650088 0.903381 0.97919 0.995795 0.999162
 0.650088 0.903381 0.97919 0.995795 0.999162
 0.650088 0.903381 0.97919 0.995795 0.999162
 0.650088 0.903381 0.97919 0.995795 0.999162
 0.650088 0.903381 0.97919 0.995795 0.999162
 0.650088 0.903381 0.97919 0.995795 0.999162
 0.650088 0.903381 0.97919 0.995795 0.999162
 0.650088 0.903381 0.97919 0.995795 0.999162
 0.650088 0.903381 0.97919 0.995795 0.999162
 0.650088 0.903381 0.97919 0.995795 0.999162
 0.650088 0.903381 0.97919 0.995795 0.999162
 0.650088 0.903381 0.97919 0.995795 0.999162
 0.650088 0.903381 0.97919 0.995795 0.999162
 0.650088 0.903381 0.97919 0.995795 0.999162
 0.650088 0.903381 0.97919 0.995795 0.999162
 0.650088 0.903381 0.97919 0.995795 0.999162
 0.650088 0.903381 0.97919 0.995795 0.999162
 0.650088 0.903381 0.97919 0.995795 0.999162
 0.650088 0.903381 0.97919 0.995795 0.999162
 0.650088 0.903381 0.97919 0.995795 0.999162
 0.650088 0.903381 0.97919 0.995795 0.999162
 0.650088 0.903381 0.97919 0.995795 0.999162
 0.650088 0.903381 0.97919 0.995795 0.999162
 0.650088 0.903381 0.97919 0.995795 0.999162
 0.650088 0.903381 0.97919 0.995795 0.999162
pf_obs 
 0.8446 0.082 0.0669 0.0065 0
 0.8095 0.147 0.0364 0.0071 0
 0.9664 0.0169 0.016 0.0007 0
 0.9276 0.0648 0.0075 0.0001 0
 0.7033 0.2144 0.0806 0.0017 0
 0.9318 0.0425 0.0243 0.0014 0
 0.5671 0.3108 0.0964 0.0239 0.0018
 0.0768 0.2599 0.5324 0.112 0.0189
 0.490249 0.384438 0.106611 0.0170017 0.00170017
 0.7925 0.1577 0.0466 0.003 0.0002
 0.840416 0.127587 0.0312969 0.00059994 9.999e-05
 0.8084 0.0986 0.0794 0.0134 0.0002
 0.7335 0.1905 0.0724 0.0035 0.0001
 0.4001 0.4547 0.1325 0.0127 0
 0.49795 0.308269 0.164784 0.0264974 0.00249975
 0.9179 0.0499 0.0305 0.0017 0
 0.2467 0.6533 0.0926 0.0074 0
 0.9418 0.0223 0.034 0.0019 0
 0.707729 0.231977 0.0356964 0.0245975 0
 0.517169 0.277429 0.184464 0.0207286 0.00020938
 0.811772 0.124168 0.05621 0.00726502 0.000585176
 0.764997 0.148141 0.077277 0.00933861 0.000247198
 0.163321 0.427699 0.378323 0.0303852 0.000271297
 0.753843 0.0900009 0.118128 0.0371064 0.000921714
 0.721811 0.176058 0.0630433 0.0369309 0.00215725
 0.143369 0.312575 0.442814 0.0836902 0.0175525
 0.692698 0.0596174 0.167031 0.0765114 0.00414204
 0.394062 0.376323 0.152708 0.0712218 0.00568511
 0.125707 0.32114 0.495352 0.0537591 0.00404204
 0.23352 0.215282 0.420074 0.123614 0.00750983
 0 0 0 0 0
pf_pred 
 0.521636 0.162444 0.291312 0.0246066 9.28977e-07
 0.471465 0.336582 0.0665444 0.115655 0.00975317
 0.624805 0.22561 0.0965454 0.0184107 0.0346292
 0.725964 0.202379 0.0437195 0.0180441 0.00989312
 0.691711 0.255179 0.039661 0.00821326 0.00523622
 0.816875 0.14296 0.0334267 0.00503429 0.00170425
 0.443497 0.489833 0.0524385 0.0118478 0.00238398
 0.459257 0.324273 0.191576 0.0195906 0.00530367
 0.590573 0.233758 0.106607 0.0611315 0.00793091
 0.784717 0.156111 0.0344054 0.0150437 0.00972351
 0.879016 0.106705 0.010505 0.00219703 0.00157701
 0.789991 0.193138 0.0149343 0.00142548 0.000511251
 0.732192 0.233934 0.0312618 0.00231376 0.00029934
 0.696914 0.252337 0.0445664 0.00570677 0.000475915
 0.799674 0.166786 0.0281871 0.00470189 0.000650279
 0.956997 0.0381795 0.00404905 0.00065098 0.000123274
 0.367955 0.616752 0.0136417 0.00138634 0.000264482
 0.936012 0.0318357 0.0314022 0.000668903 8.07812e-05
 0.601455 0.383089 0.00782824 0.00744965 0.000177507
 0.6626 0.244691 0.0892527 0.00175251 0.00170383
 0.755912 0.18909 0.0403133 0.0141386 0.000546336
 0.779636 0.185056 0.0275788 0.00566855 0.00206082
 0.299044 0.602884 0.082873 0.0118778 0.00332186
 0.776357 0.0918884 0.113859 0.0151271 0.00276932
 0.634491 0.310882 0.0228864 0.0274362 0.00430474
 0.430619 0.419613 0.128024 0.00911898 0.0126245
 0.754835 0.134119 0.0825223 0.0243892 0.00413497
 0.700506 0.249749 0.0276251 0.0164455 0.00567434
 0.318297 0.536848 0.121434 0.0130162 0.0104045
 0.418046 0.24775 0.264946 0.058076 0.0111817
 0.869794 0.0713651 0.0255672 0.026389 0.00688492
pobs_RECLAS
 0 0 0 0 0
 0 0 0 0 0
 0 0 0 0 0
 0 0 0 0 0
 0 0 0 0 0
 0 0 0 0 0
 0 0 0 0 0
 0 0 0 0 0
 0 0 0 0 0
 0 0 0 0 0
 0.991045 0.00858322 0.000360255 1.14367e-05 0
 0.934742 0.0480273 0.0164251 0.00080598 0
 0.827803 0.169806 0.00239088 0 0
 0.941827 0.0461693 0.0120037 0 0
 0.791401 0.0380133 0.147996 0.0225897 0
 0.846168 0.0940531 0.0597789 0 0
 0.134021 0.677848 0.182769 0.00536245 0
 0.80878 0.0450904 0.141981 0.00414843 0
 0.846168 0.0940531 0.0597789 0 0
 0.905697 0.0802665 0.012482 0.00150086 5.37128e-05
 0.989698 0.0102097 9.19794e-05 0 0
 0.975433 0.0193895 0.00387452 0.00125025 5.28907e-05
 0.303575 0.632131 0.0575291 0.00676475 0
 0.966965 0.00978017 0.0227588 0.000495775 0
 0.843318 0.132988 0.00938335 0.0141283 0.000182051
 0.564624 0.303363 0.111486 0.0197234 0.00080311
 0.826376 0.0876187 0.0782897 0.00655872 0.00115652
 0.89761 0.0855135 0.0140674 0.00269457 0.000114338
 0.34875 0.467042 0.161289 0.0227151 0.000203297
 0.318654 0.224769 0.449479 0.00709798 0
 0.937255 0.0296025 0.0250945 0.00804832 0
ppred_RECLAS
 0.629438 0.128206 0.223505 0.0188505 7.11611e-07
 0.582642 0.268704 0.0515871 0.0895188 0.00754845
 0.722833 0.168646 0.0700818 0.0133433 0.0250957
 0.808248 0.142779 0.0298995 0.0123197 0.00675398
 0.775234 0.186956 0.0282464 0.00584061 0.00372328
 0.873584 0.0993145 0.0225608 0.00339257 0.00114839
 0.561025 0.387875 0.0402067 0.00906852 0.00182457
 0.56677 0.262715 0.150931 0.0154113 0.0041719
 0.697184 0.175226 0.0774798 0.0443558 0.00575401
 0.857604 0.104249 0.0221977 0.00968802 0.00626125
 0.917568 0.072945 0.00698205 0.00145804 0.00104649
 0.856643 0.132171 0.00990335 0.00094368 0.000338423
 0.812371 0.164535 0.021315 0.00157495 0.000203739
 0.793816 0.172689 0.0294213 0.00376016 0.000313545
 0.866671 0.111627 0.0182442 0.00303786 0.000420101
 0.972425 0.0245672 0.00252547 0.000405352 7.67536e-05
 0.475307 0.512364 0.0110004 0.00111614 0.000212916
 0.958257 0.0210745 0.0201877 0.00042935 5.18469e-05
 0.702797 0.286017 0.00566987 0.0053869 0.000128345
 0.755709 0.178629 0.0632181 0.00123931 0.00120478
 0.828512 0.133735 0.027684 0.00969398 0.00037456
 0.847361 0.128803 0.0186253 0.00382206 0.00138941
 0.39742 0.520362 0.0694928 0.00994472 0.00278101
 0.84429 0.0650672 0.0783469 0.0103931 0.00190252
 0.728067 0.232302 0.0166185 0.0198918 0.00312077
 0.538438 0.342697 0.101631 0.00722806 0.0100059
 0.827307 0.0957139 0.0572284 0.0168878 0.00286294
 0.78239 0.182332 0.0196049 0.0116533 0.00402053
 0.418057 0.461043 0.101378 0.0108501 0.00867229
 0.53037 0.203333 0.211181 0.0462183 0.00889795
 0.911909 0.0489176 0.0170362 0.0175572 0.00458034
pobs_PELACES
 0 0 0 0 0
 0 0 0 0 0
 0 0 0 0 0
 0 0 0 0 0
 0 0 0 0 0
 0 0 0 0 0
 0 0 0 0 0
 0 0 0 0 0
 0 0 0 0 0
 0 0 0 0 0
 0 0 0 0 0
 0 0 0 0 0
 0 0 0 0 0
 0 0 0 0 0
 0 0 0 0 0
 0 0 0 0 0
 0.505614 0.472636 0.0217494 0 0
 0 0 0 0 0
 0.443492 0.261883 0.143347 0.151278 0
 0.227955 0.32914 0.350689 0.0885471 0.00366901
 0.970185 0.0296113 0.000203453 0 0
 0.997202 0.00247181 0.000326279 0 0
 0.445219 0.490057 0.0546422 0.010081 0
 0.90214 0.0892962 0.00764917 0.000914606 0
 0 0 0 0 0
 0.581667 0.319106 0.0959925 0.00289975 0.000334073
 0.762889 0.0836404 0.116647 0.0363945 0.000428098
 0.88444 0.0763242 0.0277011 0.0115352 0
 0.521256 0.241999 0.230069 0.00667565 0
 0.616807 0.101726 0.260614 0.0208532 0
 0 0 0 0 0
ppred_PELACES
 0.545413 0.14924 0.281229 0.0241175 9.13513e-07
 0.509137 0.306189 0.0633858 0.111827 0.00946125
 0.659193 0.200648 0.0899116 0.0174042 0.0328435
 0.766576 0.170222 0.0383219 0.0160507 0.00882895
 0.71708 0.231981 0.0378808 0.00796431 0.00509422
 0.837199 0.125674 0.0308153 0.00471135 0.00160016
 0.506912 0.43181 0.0480417 0.0110136 0.00222334
 0.482588 0.303717 0.188771 0.0195998 0.00532367
 0.638174 0.202338 0.0962111 0.0559891 0.00728751
 0.832165 0.120355 0.0274269 0.0121649 0.00788831
 0.891012 0.095495 0.00988297 0.00209854 0.00151128
 0.826339 0.15916 0.0128134 0.00124109 0.000446575
 0.773243 0.196992 0.0274366 0.00206073 0.000267477
 0.765828 0.193912 0.0352938 0.00458356 0.000383482
 0.841747 0.130909 0.0229258 0.00387971 0.000538315
 0.965338 0.0306215 0.00338378 0.000552078 0.000104887
 0.411718 0.573388 0.0132643 0.00136822 0.000261881
 0.944157 0.0271328 0.0280306 0.000606096 7.34366e-05
 0.648829 0.336874 0.00718797 0.00694241 0.000165962
 0.703043 0.212715 0.0810518 0.00161527 0.00157555
 0.784814 0.164805 0.0367797 0.0130935 0.000507615
 0.810564 0.157859 0.0245786 0.00512742 0.0018702
 0.330741 0.571527 0.0823822 0.0119864 0.00336326
 0.795765 0.0814372 0.105892 0.0142824 0.0026233
 0.665493 0.282028 0.0217882 0.0265166 0.00417415
 0.460398 0.392203 0.125686 0.00908897 0.0126244
 0.776607 0.119311 0.0770366 0.0231139 0.00393165
 0.72547 0.226742 0.0263493 0.0159254 0.00551296
 0.344692 0.510256 0.121271 0.0131971 0.0105839
 0.452016 0.226666 0.253908 0.0564966 0.0109133
 0.881127 0.0634291 0.0238755 0.025019 0.00654899
pobs_pel_tallas
 0 0 0 0 0 0 0 0 0 0 0 0 0 0 0 0 0 0 0 0 0 0 0 0 0 0
 0 0 0 0 0 0 0 0 0 0 0 0 0 0 0 0 0 0 0 0 0 0 0 0 0 0
 0 0 0 0 0 0 0 0 0 0 0 0 0 0 0 0 0 0 0 0 0 0 0 0 0 0
 0 0 0 0 0 0 0 0 0 0 0 0 0 0 0 0 0 0 0 0 0 0 0 0 0 0
 0 0 0 0 0 0 0 0 0 0 0 0 0 0 0 0 0 0 0 0 0 0 0 0 0 0
 0 0 0 0 0 0 0 0 0 0 0 0 0 0 0 0 0 0 0 0 0 0 0 0 0 0
 0 0 0 0 0 0 0 0 0 0 0 0 0 0 0 0 0 0 0 0 0 0 0 0 0 0
 0 0 0 0 0 0 0 0 0 0 0 0 0 0 0 0 0 0 0 0 0 0 0 0 0 0
 0 0 0 0 0 0 0 0 0 0 0 0 0 0 0 0 0 0 0 0 0 0 0 0 0 0
 0 0 0 0 0 0 0 0 0 0 0 0 0 0 0 0 0 0 0 0 0 0 0 0 0 0
 0 0 0 0 0 0 0 0 0 0 0 0 0 0 0 0 0 0 0 0 0 0 0 0 0 0
 0 0 0 0 0 0 0 0 0 0 0 0 0 0 0 0 0 0 0 0 0 0 0 0 0 0
 0.00862536 0 0 0.000197151 0.00414017 0.0128641 0.00837892 0.0270097 0.101434 0.158115 0.152841 0.127902 0.109271 0.109419 0.0830992 0.0579132 0.0238553 0.00714673 0.00463305 0.00128148 0.00103504 0.000492878 0.000147863 0.000147863 4.92878e-05 0
 0 0 0 0 0 0 0 0 0 0 0 0 0 0 0 0 0 0 0 0 0 0 0 0 0 0
 0 0 0 0 0 0 0 0.0054083 0.00873648 0.0413646 0.0450493 0.0745869 0.0622846 0.0627006 0.0613931 0.0827291 0.12552 0.122667 0.0946155 0.0697135 0.0546179 0.0294188 0.0215738 0.0213955 0.0102223 0.00600262
 0 0 0 0 0.00359764 0.0251062 0.0480494 0.140153 0.205849 0.193036 0.1447 0.116669 0.0760912 0.0342217 0.00950174 0.001854 0.000860785 0 0 0 0.000165536 0 0.000143464 0 0 0
 0 0 0 0 0 0 0 0.000145254 0.000435761 0.0275982 0.070085 0.0708112 0.156366 0.174668 0.174014 0.160142 0.0824315 0.0480064 0.0283245 0.00493863 0.00203355 0 0 0 0 0
 0 0 0 0 0 0 0 0 0 0 0 0 0 0 0 0 0 0 0 0 0 0 0 0 0 0
 0 0 1.00437e-05 0.000401748 0.00122533 0.00171747 0.00176769 0.0269171 0.070346 0.194647 0.189555 0.159765 0.064822 0.0314167 0.0384472 0.0292271 0.0345202 0.0313363 0.0194345 0.0106764 0.0143323 0.0359363 0.0279516 0.0138201 0.00172751 0
 0 0.0021121 0.0136068 0.0755702 0.200478 0.177729 0.0527432 0.0373336 0.0318909 0.0142505 0.0149659 0.0166563 0.0217959 0.0798694 0.0677717 0.0528807 0.04013 0.0224614 0.0357745 0.0225083 0.00881397 0.00855152 0.00135912 0.000746735 0 0
 0 0 0 0 5.4009e-05 0.00500934 0.000945158 0.0243581 0.138947 0.33067 0.221406 0.137944 0.0707744 0.0437923 0.0131692 0.00525238 0.0047753 0.00276346 9.45158e-05 9.00151e-06 2.25038e-05 9.00151e-06 4.50075e-06 0 0 0
 0.000866109 0.00284123 0.00948549 0.0512746 0.133035 0.25785 0.225252 0.132002 0.0553304 0.0519788 0.0540692 0.017754 0.00435017 0.00159236 0.00146478 0.000404838 0.000125132 0.000115318 0.000107957 0.000100596 0 0 0 0 0 0
 0 0 0 0 0.00144013 0.00171154 0.00461396 0.0210425 0.0478622 0.0707936 0.0888783 0.103762 0.0637923 0.0337046 0.0602308 0.124433 0.169614 0.0934646 0.0462172 0.0250306 0.0313229 0.00938855 0.002487 0.000210481 0 0
 0 0.00764035 0.051015 0.0998891 0.058973 0.0496711 0.0374665 0.0718981 0.12319 0.153886 0.159021 0.0857701 0.0377988 0.023471 0.0147837 0.00900784 0.00315554 0.000888139 0.00291439 0.00214683 0.00393193 0.00274676 0.000635225 9.99891e-05 0 0
 0 0 0 0 0 0 0 0 0 0 0 0 0 0 0 0 0 0 0 0 0 0 0 0 0 0
 0 0 0 0 0 0 0 0 0 0 0 0 0 0 0 0 0 0 0 0 0 0 0 0 0 0
 0 0 0 0 0 0 0 0 0 0 0 0 0 0 0 0 0 0 0 0 0 0 0 0 0 0
 0 0 0 0 0 0 0 0 0 0 0 0 0 0 0 0 0 0 0 0 0 0 0 0 0 0
 0 0 0 0 0 0 0 0 0 0 0 0 0 0 0 0 0 0 0 0 0 0 0 0 0 0
 0 0 0 0 0 0 0 0 0 0 0 0 0 0 0 0 0 0 0 0 0 0 0 0 0 0
 0 0 0 0 0 0 0 0 0 0 0 0 0 0 0 0 0 0 0 0 0 0 0 0 0 0
ppred_pel_tallas
 1.10573e-16 4.4925e-05 0.000436687 0.00290194 0.0131918 0.0410447 0.0874505 0.12764 0.127654 0.087523 0.0412892 0.0139032 0.00470732 0.0044426 0.0078423 0.0133869 0.0204262 0.0280688 0.0353486 0.0416831 0.0469672 0.0511543 0.0537663 0.0538971 0.0507824 0.0444467
 1.14724e-16 4.1937e-05 0.000407643 0.00270893 0.0123144 0.0383149 0.0816351 0.119155 0.119185 0.0817797 0.0388006 0.0137181 0.0062363 0.00812138 0.0147332 0.0244051 0.035438 0.0452083 0.0511148 0.0520783 0.049216 0.045038 0.0417934 0.0402522 0.0396677 0.0386366
 1.0995e-16 5.42969e-05 0.000527785 0.00350732 0.0159438 0.0496071 0.105694 0.154267 0.154287 0.105789 0.0499266 0.0168679 0.00583232 0.00562069 0.00977823 0.0162159 0.0236779 0.0304652 0.0348834 0.036171 0.0349213 0.0325809 0.0304461 0.0289646 0.027769 0.0262019
 1.04254e-16 6.31419e-05 0.000613762 0.00407866 0.018541 0.0576881 0.122911 0.179396 0.179412 0.122991 0.0579578 0.0193205 0.00603667 0.00489278 0.00820374 0.0134998 0.0195305 0.0247539 0.0276461 0.0275177 0.0249159 0.0212241 0.01779 0.0152669 0.0135562 0.0121918
 1.02814e-16 5.9065e-05 0.000574133 0.00381531 0.0173439 0.0539634 0.114975 0.167815 0.167837 0.115085 0.0543304 0.0184041 0.00647692 0.00638585 0.0111007 0.018269 0.026337 0.0331732 0.0366439 0.0357636 0.0312715 0.0251114 0.0192504 0.0147607 0.0116955 0.00955816
 1.01665e-16 6.8959e-05 0.000670306 0.00445442 0.0202492 0.0630027 0.134234 0.195922 0.195934 0.134294 0.0632019 0.0208247 0.00589997 0.00382918 0.00607769 0.00996309 0.0144025 0.0182297 0.0203004 0.0200795 0.017941 0.0148841 0.0119056 0.00952757 0.00775616 0.00634791
 1.02978e-16 4.17537e-05 0.000405861 0.00269709 0.0122606 0.0381476 0.0812789 0.118638 0.118679 0.0814822 0.0388299 0.0142313 0.00764267 0.0111985 0.0205285 0.0338441 0.0486844 0.0610833 0.067021 0.0646367 0.0553353 0.0428341 0.0309533 0.0218632 0.0157977 0.0118849
 1.08392e-16 3.97502e-05 0.000386386 0.00256767 0.0116723 0.036317 0.0773783 0.112942 0.112972 0.0775225 0.036802 0.0130762 0.00610271 0.00813975 0.0148712 0.0247991 0.0363642 0.0470681 0.0543385 0.0569118 0.0554405 0.0517674 0.0475259 0.0432598 0.038612 0.0331231
 1.09677e-16 5.25656e-05 0.000510956 0.00339549 0.0154354 0.0480253 0.102324 0.149349 0.149368 0.10242 0.0483479 0.0163686 0.00574421 0.00565896 0.00989109 0.0164321 0.0240545 0.0310803 0.0358372 0.0375803 0.0368936 0.035163 0.0335622 0.0323778 0.0311018 0.0290261
 1.03378e-16 6.85443e-05 0.000666275 0.00442763 0.0201274 0.0626238 0.133427 0.194743 0.194755 0.133484 0.0628146 0.0206786 0.00581232 0.00369259 0.00582666 0.00955257 0.0138226 0.017531 0.0196035 0.0195582 0.0177866 0.0152683 0.0129516 0.0112872 0.0101875 0.00930316
 1.00776e-16 7.33915e-05 0.000713392 0.00474074 0.0215507 0.0670523 0.142862 0.208514 0.208523 0.142907 0.0672032 0.0219865 0.00583422 0.00309952 0.00460233 0.00748518 0.0107586 0.0134935 0.014797 0.014259 0.0121939 0.00942927 0.00681573 0.00483632 0.00354064 0.00272802
 1.00611e-16 6.80645e-05 0.000661611 0.00439664 0.0199865 0.0621854 0.132493 0.193381 0.193396 0.132568 0.0624368 0.0207122 0.00621749 0.00463381 0.00760387 0.0124415 0.0178651 0.0223576 0.0244211 0.0233625 0.0197055 0.0148441 0.0102257 0.00669577 0.00437696 0.0029633
 1.01095e-16 6.36911e-05 0.0006191 0.00411414 0.0187023 0.0581898 0.12398 0.180957 0.180976 0.124073 0.0585013 0.0196018 0.00637196 0.0055474 0.00942168 0.0154702 0.0222664 0.0279706 0.0307476 0.0297408 0.0255714 0.0199059 0.0144582 0.0102049 0.00726516 0.00527957
 1.01593e-16 6.30802e-05 0.000613162 0.00407468 0.0185229 0.0576318 0.122791 0.179221 0.17924 0.122883 0.0579386 0.0194094 0.0063004 0.0054736 0.00929879 0.0152853 0.0220407 0.0277723 0.0306905 0.0299587 0.0261731 0.020933 0.0158642 0.0118652 0.00901144 0.00694388
 1.01176e-16 6.93337e-05 0.000673948 0.00447862 0.0203592 0.063345 0.134964 0.196986 0.196999 0.135025 0.0635521 0.0209576 0.00598096 0.00395456 0.00630269 0.0103172 0.0148724 0.0187362 0.0206995 0.0201996 0.0176432 0.014115 0.0107166 0.00805444 0.00617431 0.00482385
 1.00179e-16 7.95136e-05 0.000772901 0.0051362 0.0233484 0.0726456 0.154779 0.225905 0.225908 0.154794 0.0726939 0.0234881 0.00548688 0.00153816 0.00153205 0.00240473 0.0034511 0.00432832 0.00474615 0.00457181 0.00390444 0.00300768 0.00215316 0.00149635 0.00105596 0.000772269
 1.00711e-16 3.39128e-05 0.000329644 0.0021906 0.0099582 0.030984 0.0660166 0.0963648 0.0964199 0.0662861 0.0318883 0.0125689 0.00873831 0.0146051 0.027092 0.044594 0.0639048 0.0796636 0.0864304 0.0816968 0.0674184 0.0487799 0.0312211 0.0180009 0.0096803 0.00513336
 1.0089e-16 7.7769e-05 0.000755942 0.0050235 0.0228361 0.0710516 0.151383 0.220949 0.220951 0.151396 0.0710953 0.0229627 0.00534315 0.0014596 0.00143122 0.0022873 0.00338993 0.00447481 0.00532127 0.00581367 0.00598115 0.00593137 0.00573948 0.00539635 0.00485189 0.00409685
 1.01018e-16 5.34433e-05 0.000519488 0.00345218 0.0156931 0.0488273 0.104033 0.151846 0.151878 0.104191 0.0493587 0.0172271 0.00729942 0.00890769 0.0159538 0.0262109 0.0375669 0.0468526 0.0508805 0.0481895 0.0399403 0.0291824 0.0191 0.0115776 0.00689978 0.00435874
 1.02823e-16 5.79087e-05 0.000562894 0.00374063 0.0170044 0.052907 0.112725 0.164529 0.16455 0.112825 0.053245 0.0179815 0.00619699 0.00593708 0.0102992 0.0170247 0.0247257 0.0315177 0.0354962 0.0357418 0.0328065 0.0282335 0.0235355 0.0194659 0.0160143 0.0128767
 1.02503e-16 6.46441e-05 0.000628364 0.0041757 0.0189821 0.0590605 0.125835 0.183664 0.18368 0.125913 0.0593216 0.0197366 0.00607062 0.00476882 0.00793946 0.013053 0.0188673 0.0238744 0.0265802 0.0262937 0.0235214 0.0195894 0.0158112 0.0128594 0.0107099 0.00899994
 1.01581e-16 6.67651e-05 0.000648981 0.00431271 0.019605 0.0609984 0.129964 0.189689 0.189705 0.130038 0.0612481 0.0203262 0.00612335 0.00460218 0.00757623 0.0124235 0.0178996 0.0225287 0.0248522 0.0241951 0.0210587 0.0167688 0.0126728 0.00951379 0.00734367 0.00583863
 1.04295e-16 2.72428e-05 0.00026481 0.00175976 0.00799964 0.0248902 0.0530331 0.077415 0.07747 0.0533023 0.0257939 0.01061 0.00831201 0.0145681 0.0271907 0.0449051 0.0646745 0.0813029 0.0894949 0.086785 0.0749847 0.0589206 0.0435312 0.0315923 0.0233808 0.0177912
 1.04953e-16 6.55461e-05 0.000637132 0.00423396 0.019247 0.0598846 0.127591 0.186224 0.186232 0.12763 0.0600165 0.0196299 0.00520242 0.00277528 0.00419657 0.00701748 0.0105302 0.0141338 0.0172355 0.0195219 0.021056 0.0220565 0.0225735 0.0223763 0.0211478 0.0187856
 1.04067e-16 5.48158e-05 0.00053283 0.00354084 0.0160962 0.0500813 0.106704 0.155744 0.155771 0.106837 0.0505268 0.0173828 0.00676947 0.00757802 0.0134267 0.02209 0.0317725 0.0398729 0.0437905 0.0423563 0.0365488 0.0288505 0.0217702 0.0166666 0.0135545 0.0116806
 1.06776e-16 3.79224e-05 0.00036862 0.00244961 0.0111356 0.0346471 0.0738208 0.107752 0.107789 0.0740061 0.0352696 0.0129349 0.00697128 0.0102567 0.0188674 0.0312624 0.0453348 0.0576402 0.0646643 0.0647451 0.0589906 0.0503839 0.041855 0.0348682 0.029358 0.0245908
 1.05238e-16 6.39681e-05 0.000621793 0.00413203 0.0187836 0.0584429 0.124519 0.181742 0.181753 0.124576 0.0586337 0.0193359 0.00552328 0.00367521 0.00591107 0.00979726 0.0144039 0.0187383 0.0218232 0.023199 0.0231451 0.0223754 0.021473 0.0205442 0.0193128 0.0174736
 1.03349e-16 5.9756e-05 0.00058085 0.00385995 0.0175468 0.0545947 0.116321 0.169778 0.1698 0.116427 0.0549532 0.0185821 0.00645845 0.00625283 0.0108305 0.0178076 0.025642 0.032241 0.0355192 0.0345311 0.0300388 0.0239977 0.0183799 0.0142494 0.0116215 0.00992694
 1.06745e-16 2.83919e-05 0.00027598 0.00183399 0.00833706 0.02594 0.0552696 0.080678 0.0807272 0.0555104 0.0267484 0.0106731 0.00770145 0.0130966 0.0244119 0.0404033 0.0584091 0.0738848 0.0821896 0.0811483 0.0722893 0.0596955 0.0474544 0.0377283 0.0305709 0.0249943
 1.14898e-16 3.7232e-05 0.000361908 0.00240501 0.0109328 0.0340162 0.072476 0.105785 0.105808 0.0725847 0.0343822 0.0119946 0.00508776 0.00627676 0.0114422 0.0193066 0.0288603 0.0384992 0.0465589 0.0522089 0.0557563 0.0580235 0.0593762 0.0593076 0.0568928 0.0516191
 1.04323e-16 7.25773e-05 0.000705477 0.00468815 0.0213116 0.0663084 0.141277 0.2062 0.206206 0.141307 0.0664094 0.0216038 0.00542311 0.00231571 0.00314815 0.0051368 0.00750728 0.00969175 0.0111744 0.0117466 0.011629 0.011296 0.0111379 0.0112269 0.0113364 0.0111405
pSPR Fmed_Fpbrs
0.413488   0.250539 0.250539
Fs Fmed_Fpbrs
0.581465   1.005 1.005
SSBpbr Bo_Bmed_Bpbrs
1.23418e+06  448611  247502 247502
Ro
109716
SPR SPRFo_SPRFmed_SPRFpbrs
781250 323038 195734
Fref
1.005
log_Ro
11.4256
likeval ReclasPelacesDesembMPH_pf_preclas_ppelaces_ptallas_desvR_qrecl_qpela
 11.717 16.1131 0.0145854 0.000830645 231.943 118.905 84.8834 0 25.8525 2.37764e-05 7.50282e-05 0.0377909 0 0 0
q_reclas_q_pelaces
1.99564 3.42919
M
1
N
 148346 31804.7 55679.3 4697.08 0.177318
 87999.7 44688.8 8647.49 15012.4 1265.91
 86615.2 22236.7 9313.21 1773.95 3336.46
 106724 21947.1 4653.49 1918.7 1051.92
 85347.2 21712.4 3294.83 681.444 434.413
 207528 25492.2 5827.75 876.648 296.75
 68051.8 56456.6 5940.18 1340.88 269.794
 25620.7 12301.2 7087.5 723.802 195.938
 28237.7 8217.42 3677.35 2106.58 273.283
 38145.8 5866.78 1273.5 556.387 359.606
 67389.6 5609.04 538.9 112.559 80.7889
 114208 20728.9 1573.97 150.09 53.8273
 94698.7 22305.3 2925.51 216.308 27.9832
 67969.6 19341.2 3368.41 431.009 35.9425
 55083.7 8778.24 1459.92 243.322 33.6504
 299937 8836.41 919.866 147.744 27.9765
 50348.6 60611.1 1313.13 133.3 25.4291
 498846 12043 11624.6 247.333 29.8678
 275434 127593 2556.3 2430.12 57.9005
 228455 61158.9 21866.2 428.895 416.959
 290018 51732.8 10797 3782.39 146.149
 420406 72271.9 10556.5 2167.47 787.948
 67614.1 95728.7 12866.3 1841.87 515.081
 222146 18340.2 22208.1 2946.91 539.458
 182886 62489.6 4495.54 5382.64 844.481
 76465.8 51515.1 15348.7 1091.88 1511.52
 181852 22538.3 13552 4000.35 678.178
 208011 51155.9 5524.73 3284.74 1133.28
 53381 62042.8 13701.2 1466.73 1172.35
 38084.2 16003.6 16746.5 3666.57 705.903
 173241 9798.03 3427.1 3532.74 921.634
pred_Ctot
 17263.3 5376.02 9640.86 814.343 0.0307441
 17955.8 12818.8 2534.35 4404.75 371.451
 17562.7 6341.69 2713.8 517.509 973.395
 31624.6 8816.06 1904.52 786.039 430.966
 10320.7 3807.41 591.765 122.546 78.1273
 35022.7 6129.28 1433.14 215.841 73.0679
 23158.8 25578.4 2738.26 618.676 124.488
 2098.89 1481.99 875.537 89.5327 24.2388
 8134.16 3219.62 1468.33 841.985 109.235
 15564.3 3096.34 682.405 298.381 192.859
 7082.92 859.804 84.6473 17.7032 12.7072
 35630.8 8711.04 673.579 64.293 23.0588
 27917 8919.43 1191.95 88.2191 11.4132
 30272.2 10960.9 1935.85 247.888 20.6725
 20975.2 4374.75 739.338 123.329 17.0566
 89662.7 3577.1 379.362 60.9914 11.5498
 11527.6 19322 427.376 43.4322 8.28588
 98963.5 3365.95 3320.11 70.7223 8.5409
 71887.6 45787.9 935.653 890.402 21.2161
 57737.2 21321.7 7777.24 152.709 148.467
 61038.3 15268.6 3255.22 1141.66 44.1155
 105257 24983.9 3723.35 765.296 278.226
 11508 23200.6 3189.18 457.091 127.834
 33777.9 3997.9 4953.79 658.151 120.488
 27683.4 13564.1 998.557 1197.07 187.82
 9783.6 9533.54 2908.68 207.182 286.827
 27649.3 4912.7 3022.75 893.367 151.462
 25310.1 9023.74 998.13 594.197 205.021
 6349.6 10709.4 2422.44 259.656 207.556
 7451 4415.75 4722.24 1035.11 199.296
 20751.4 1702.62 609.978 629.583 164.259
F
 0.199822 0.302343 0.310734 0.311189 0.311213
 0.375588 0.568289 0.584061 0.584915 0.58496
 0.372839 0.564129 0.579785 0.580633 0.580678
 0.592363 0.896283 0.921157 0.922505 0.922576
 0.208355 0.315254 0.324003 0.324477 0.324502
 0.301794 0.456633 0.469306 0.469993 0.470029
 0.710571 1.07514 1.10498 1.10659 1.10668
 0.137143 0.207507 0.213266 0.213578 0.213594
 0.571351 0.86449 0.888482 0.889782 0.889851
 0.917034 1.38753 1.42604 1.42813 1.42824
 0.178962 0.270781 0.278296 0.278703 0.278725
 0.633193 0.958061 0.98465 0.986091 0.986167
 0.588464 0.890385 0.915095 0.916434 0.916505
 1.04678 1.58385 1.62781 1.63019 1.63032
 0.829973 1.2558 1.29066 1.29254 1.29264
 0.599095 0.90647 0.931627 0.93299 0.933062
 0.430486 0.651353 0.66943 0.670409 0.670461
 0.36345 0.549923 0.565185 0.566011 0.566055
 0.504872 0.763905 0.785105 0.786254 0.786314
 0.485248 0.734211 0.754588 0.755691 0.75575
 0.389505 0.589347 0.605703 0.606589 0.606636
 0.479702 0.725821 0.745965 0.747056 0.747113
 0.30472 0.461062 0.473857 0.474551 0.474587
 0.268336 0.40601 0.417278 0.417889 0.417921
 0.266989 0.403972 0.415183 0.41579 0.415822
 0.221629 0.33534 0.344646 0.34515 0.345177
 0.268317 0.405981 0.417248 0.417858 0.41789
 0.209767 0.317392 0.3262 0.326677 0.326702
 0.204642 0.309637 0.31823 0.318696 0.31872
 0.357617 0.541098 0.556115 0.556928 0.556971
 0.206208 0.312006 0.320665 0.321134 0.321158
nmprior
 8 9 7.5 0
nm_flota  nm_reclas  nm_pelaces    nm_pelaL
inf 18.6792 11.8339 19.3978
cv_recla  cv_pelaces  cv_mph
0.309623 0.472339 0.889433
 ------------------------------------------------
Talla a la edad & desviación 
 8 13.2811 15.8009 17.003 17.5766
 0.8 1.32811 1.58009 1.7003 1.75766
