years
 1991 1992 1993 1994 1995 1996 1997 1998 1999 2000 2001 2002 2003 2004 2005 2006 2007 2008 2009 2010 2011 2012 2013 2014 2015 2016 2017 2018 2019 2020 2021
reclasobs
 0 0 0 0 0 0 0 0 0 252601 567819 844713 477998 351125 339783 2.1784e+06 2.13404e+06 4.81314e+06 1.55562e+06 2.62356e+06 3.21686e+06 3.843e+06 1.13348e+06 3.07943e+06 1.97215e+06 2.03268e+06 2.025e+06 2.42433e+06 2.27542e+06 1.05018e+06 2.36338e+06
reclaspred
 3.88051e+06 2.19129e+06 1.1145e+06 1.1999e+06 1.24389e+06 1.8928e+06 1.21975e+06 1.074e+06 758596 528770 558653 697323 682227 535191 549671 1.45062e+06 1.41252e+06 3.10124e+06 2.58284e+06 1.99738e+06 3.51866e+06 2.82808e+06 2.25827e+06 3.42862e+06 2.57716e+06 2.30967e+06 2.74223e+06 2.8956e+06 2.3734e+06 1.51347e+06 2.27916e+06
pelacesobs
 0 0 0 0 0 0 0 0 0 0 0 0 0 0 0 552880 188675 0 991730 2.46772e+06 1.41603e+06 1.21717e+06 2.29649e+06 1.80582e+06 0 1.4828e+06 1.56532e+06 1.57751e+06 1.42118e+06 867257 0
pelacespred
 1.79078e+06 1.12733e+06 575192 508164 543731 858012 525410 557497 384784 253579 276307 283555 303664 250090 265008 582765 568890 1.43519e+06 1.23577e+06 881941 1.51342e+06 1.32399e+06 1.05494e+06 1.74942e+06 1.26771e+06 1.13331e+06 1.53313e+06 1.60058e+06 1.07803e+06 778684 1.10214e+06
mphobs
 0 0 0 0 0 0 0 0 0 0 0 498337 0 5186 125008 0 168611 109162 213762 579715 649985 157893 87575 83554 0 0 0 0 0 0 0
mphpred
 3.37996e+06 2.27179e+06 1.14381e+06 628117 756648 879624 1.11776e+06 715523 621448 414489 260410 375178 390894 329637 224306 290742 959277 921722 1.75873e+06 1.34915e+06 1.50818e+06 1.84637e+06 1.73228e+06 1.44009e+06 1.97305e+06 1.6319e+06 1.36395e+06 1.45569e+06 2.01648e+06 1.3715e+06 767615
desembarqueobs
 494567 514787 250237 358949 120608 361735 552515 73892 212993 205616 52469 317467 293654 387597 252695 516296 358380 742168 942051 627588 828172 859565 418607 520667 417249 300574 407403 355545 319650 289779 219260
desembarquepred
 494576 513299 251052 358975 120613 361756 552599 73896.5 213053 205675 52472 317551 293718 387655 252696 516267 358408 742087 941886 627481 828253 859602 418621 520696 417254 300577 407406 355534 319646 289791 219263
Reclutas
 208033 118128 116037 225081 177996 277134 116521 53811.3 46785.6 59448.2 106475 144515 122125 86832.4 86601.9 466344 102325 692312 423871 342473 474088 631505 138163 386877 332344 153999 334773 371376 111118 85247.9 369983
log_desv_Rt
 0.12898 -0.436946 -0.454803 0.207745 -0.0269557 0.415787 -0.450639 -1.22323 -1.36314 -1.12361 -0.5408 -0.235334 -0.403667 -0.744734 -0.747393 0.936209 -0.580561 1.33132 0.840714 0.627478 0.952679 1.23939 -0.280283 0.749392 0.597456 -0.171768 0.604737 0.7085 -0.498119 -0.763151 0.704741
SSB
 3.37996e+06 2.27179e+06 1.14381e+06 628117 756648 879624 1.11776e+06 715523 621448 414489 260410 375178 390894 329637 224306 290742 959277 921722 1.75873e+06 1.34915e+06 1.50818e+06 1.84637e+06 1.73228e+06 1.44009e+06 1.97305e+06 1.6319e+06 1.36395e+06 1.45569e+06 2.01648e+06 1.3715e+06 767615
BT
 4.54552e+06 3.10641e+06 1.57567e+06 1.47173e+06 1.347e+06 2.28475e+06 1.70896e+06 1.34948e+06 1.09943e+06 784628 683164 921681 967820 980593 864348 1.76178e+06 1.59123e+06 3.96505e+06 3.75623e+06 2.59024e+06 4.16252e+06 3.85517e+06 2.79778e+06 4.51918e+06 3.30706e+06 2.87939e+06 3.95085e+06 4.04658e+06 2.74975e+06 2.0763e+06 2.72877e+06
Ftot
 0.124529 0.225345 0.218401 0.305105 0.0983278 0.197321 0.433926 0.0692978 0.279067 0.382583 0.0995392 0.457152 0.431803 0.712581 0.477311 0.382869 0.250167 0.25428 0.364684 0.316802 0.24114 0.308592 0.182704 0.159582 0.162784 0.130301 0.155429 0.12958 0.130782 0.187854 0.103558
BD_Bspro_t
 0.980273 0.855346 0.704174 0.62025 0.631134 0.704889 0.691461 0.543006 0.595111 0.545625 0.501097 0.676123 0.551932 0.460364 0.354317 0.416713 0.593933 0.570562 0.659423 0.567155 0.547765 0.593974 0.606633 0.601578 0.702252 0.711106 0.721252 0.757811 0.801059 0.735644 0.685222
BD_Bspro
 2.59582 1.74474 0.878455 0.482397 0.581109 0.675555 0.858442 0.549525 0.477275 0.318329 0.199996 0.288138 0.300208 0.253162 0.172268 0.223291 0.736729 0.707887 1.35072 1.03616 1.15829 1.41802 1.3304 1.106 1.51531 1.25331 1.04752 1.11797 1.54867 1.05332 0.589532
BD_Bo
 1.76934 1.18923 0.598763 0.328806 0.396089 0.460465 0.585122 0.374562 0.325315 0.216976 0.136319 0.196398 0.204625 0.172558 0.11742 0.152197 0.502162 0.482502 0.920661 0.706253 0.789503 0.966539 0.906813 0.753857 1.03285 0.854266 0.714001 0.762022 1.05558 0.717953 0.40183
BD_Brms
 11.4968 7.72742 3.89066 2.13652 2.57372 2.99202 3.80202 2.43383 2.11384 1.40987 0.885779 1.27616 1.32962 1.12125 0.762972 0.98895 3.26296 3.13521 5.98229 4.58911 5.13005 6.28039 5.89231 4.89843 6.71127 5.55087 4.63945 4.95148 6.859 4.66513 2.61102
Sel_flota
 0.836465 1 1 1 1
 0.836465 1 1 1 1
 0.836465 1 1 1 1
 0.836465 1 1 1 1
 0.836465 1 1 1 1
 0.836465 1 1 1 1
 0.836465 1 1 1 1
 0.836465 1 1 1 1
 0.836465 1 1 1 1
 0.836465 1 1 1 1
 0.836465 1 1 1 1
 0.836465 1 1 1 1
 0.836465 1 1 1 1
 0.836465 1 1 1 1
 0.836465 1 1 1 1
 0.836465 1 1 1 1
 0.836465 1 1 1 1
 0.836465 1 1 1 1
 0.836465 1 1 1 1
 0.836465 1 1 1 1
 0.836465 1 1 1 1
 0.836465 1 1 1 1
 0.836465 1 1 1 1
 0.836465 1 1 1 1
 0.836465 1 1 1 1
 0.836465 1 1 1 1
 0.836465 1 1 1 1
 0.836465 1 1 1 1
 0.836465 1 1 1 1
 0.836465 1 1 1 1
 0.836465 1 1 1 1
Sel_reclas
 1 1 1 1 1
 1 1 1 1 1
 1 1 1 1 1
 1 1 1 1 1
 1 1 1 1 1
 1 1 1 1 1
 1 1 1 1 1
 1 1 1 1 1
 1 1 1 1 1
 1 1 1 1 1
 1 1 1 1 1
 1 1 1 1 1
 1 1 1 1 1
 1 1 1 1 1
 1 1 1 1 1
 1 1 1 1 1
 1 1 1 1 1
 1 1 1 1 1
 1 1 1 1 1
 1 1 1 1 1
 1 1 1 1 1
 1 1 1 1 1
 1 1 1 1 1
 1 1 1 1 1
 1 1 1 1 1
 1 1 1 1 1
 1 1 1 1 1
 1 1 1 1 1
 1 1 1 1 1
 1 1 1 1 1
 1 1 1 1 1
Sel_pelaces
 1 1 1 1 1
 1 1 1 1 1
 1 1 1 1 1
 1 1 1 1 1
 1 1 1 1 1
 1 1 1 1 1
 1 1 1 1 1
 1 1 1 1 1
 1 1 1 1 1
 1 1 1 1 1
 1 1 1 1 1
 1 1 1 1 1
 1 1 1 1 1
 1 1 1 1 1
 1 1 1 1 1
 1 1 1 1 1
 1 1 1 1 1
 1 1 1 1 1
 1 1 1 1 1
 1 1 1 1 1
 1 1 1 1 1
 1 1 1 1 1
 1 1 1 1 1
 1 1 1 1 1
 1 1 1 1 1
 1 1 1 1 1
 1 1 1 1 1
 1 1 1 1 1
 1 1 1 1 1
 1 1 1 1 1
 1 1 1 1 1
pf_obs 
 0.8446 0.082 0.0669 0.0065 0
 0.8095 0.147 0.0364 0.0071 0
 0.9664 0.0169 0.016 0.0007 0
 0.9276 0.0648 0.0075 0.0001 0
 0.7033 0.2144 0.0806 0.0017 0
 0.9318 0.0425 0.0243 0.0014 0
 0.5671 0.3108 0.0964 0.0239 0.0018
 0.0768 0.2599 0.5324 0.112 0.0189
 0.490249 0.384438 0.106611 0.0170017 0.00170017
 0.7925 0.1577 0.0466 0.003 0.0002
 0.840416 0.127587 0.0312969 0.00059994 9.999e-05
 0.8084 0.0986 0.0794 0.0134 0.0002
 0.7335 0.1905 0.0724 0.0035 0.0001
 0.4001 0.4547 0.1325 0.0127 0
 0.49795 0.308269 0.164784 0.0264974 0.00249975
 0.9179 0.0499 0.0305 0.0017 0
 0.2467 0.6533 0.0926 0.0074 0
 0.9418 0.0223 0.034 0.0019 0
 0.707729 0.231977 0.0356964 0.0245975 0
 0.517169 0.277429 0.184464 0.0207286 0.00020938
 0.811772 0.124168 0.05621 0.00726502 0.000585176
 0.764997 0.148141 0.077277 0.00933861 0.000247198
 0.163321 0.427699 0.378323 0.0303852 0.000271297
 0.753843 0.0900009 0.118128 0.0371064 0.000921714
 0.721811 0.176058 0.0630433 0.0369309 0.00215725
 0.143369 0.312575 0.442814 0.0836902 0.0175525
 0.692698 0.0596174 0.167031 0.0765114 0.00414204
 0.394062 0.376323 0.152708 0.0712218 0.00568511
 0.125707 0.32114 0.495352 0.0537591 0.00404204
 0.23352 0.215282 0.420074 0.123614 0.00750983
 0 0 0 0 0
pf_pred 
 0.455396 0.114777 0.406994 0.0228327 7.66969e-07
 0.422423 0.29048 0.0605064 0.214553 0.012037
 0.563555 0.205991 0.115902 0.0241421 0.0904098
 0.767692 0.142161 0.042547 0.0239392 0.0236605
 0.652245 0.279185 0.0419612 0.0125585 0.0140498
 0.729794 0.187413 0.0664682 0.0099901 0.00633489
 0.470595 0.406048 0.0855596 0.0303448 0.00745285
 0.443771 0.292606 0.202196 0.0426053 0.0188217
 0.510991 0.239536 0.131236 0.0906866 0.0275505
 0.67763 0.18123 0.0691359 0.037878 0.0341262
 0.803238 0.142267 0.0306362 0.0116871 0.012172
 0.741581 0.214822 0.0315226 0.00678815 0.00528653
 0.693648 0.239638 0.0554589 0.00813795 0.00311723
 0.641421 0.264872 0.0733009 0.0169639 0.00344275
 0.747258 0.176198 0.0565406 0.0156471 0.00435607
 0.936435 0.0500656 0.00941107 0.00301993 0.0010684
 0.398449 0.570378 0.0245529 0.00461533 0.00200498
 0.896246 0.0464801 0.0543056 0.00233768 0.000630319
 0.616955 0.34999 0.0148082 0.0173014 0.000945581
 0.628946 0.247232 0.113137 0.00478687 0.00589847
 0.738185 0.17711 0.0564385 0.0258271 0.00243927
 0.745619 0.197234 0.0386582 0.012319 0.00616978
 0.337963 0.51851 0.111283 0.0218117 0.0104317
 0.741794 0.0989419 0.124736 0.026771 0.00775669
 0.636851 0.282236 0.0310049 0.039088 0.0108198
 0.453177 0.372117 0.13578 0.0149161 0.02401
 0.736098 0.132171 0.0896442 0.0327099 0.00937742
 0.691053 0.238496 0.0352842 0.0239313 0.0112356
 0.358389 0.468569 0.133582 0.0197628 0.0196971
 0.442874 0.224768 0.242721 0.0691962 0.0204404
 0.85117 0.0732007 0.0305121 0.0329491 0.0121681
pobs_RECLAS
 0 0 0 0 0
 0 0 0 0 0
 0 0 0 0 0
 0 0 0 0 0
 0 0 0 0 0
 0 0 0 0 0
 0 0 0 0 0
 0 0 0 0 0
 0 0 0 0 0
 0 0 0 0 0
 0.991045 0.00858322 0.000360255 1.14367e-05 0
 0.934742 0.0480273 0.0164251 0.00080598 0
 0.827803 0.169806 0.00239088 0 0
 0.941827 0.0461693 0.0120037 0 0
 0.791401 0.0380133 0.147996 0.0225897 0
 0.846168 0.0940531 0.0597789 0 0
 0.134021 0.677848 0.182769 0.00536245 0
 0.80878 0.0450904 0.141981 0.00414843 0
 0.846168 0.0940531 0.0597789 0 0
 0.905697 0.0802665 0.012482 0.00150086 5.37128e-05
 0.989698 0.0102097 9.19794e-05 0 0
 0.975433 0.0193895 0.00387452 0.00125025 5.28907e-05
 0.303575 0.632131 0.0575291 0.00676475 0
 0.966965 0.00978017 0.0227588 0.000495775 0
 0.843318 0.132988 0.00938335 0.0141283 0.000182051
 0.564624 0.303363 0.111486 0.0197234 0.00080311
 0.826376 0.0876187 0.0782897 0.00655872 0.00115652
 0.89761 0.0855135 0.0140674 0.00269457 0.000114338
 0.34875 0.467042 0.161289 0.0227151 0.000203297
 0.318654 0.224769 0.449479 0.00709798 0
 0.937255 0.0296025 0.0250945 0.00804832 0
ppred_RECLAS
 0.500383 0.105296 0.373374 0.0209466 7.03613e-07
 0.467386 0.267867 0.0557962 0.197851 0.0111
 0.607702 0.185155 0.104178 0.0217001 0.0812647
 0.798843 0.123098 0.0368417 0.0207292 0.0204878
 0.691881 0.247365 0.0371787 0.0111271 0.0124485
 0.764093 0.163623 0.0580309 0.00872199 0.00553076
 0.517199 0.370303 0.0780276 0.0276734 0.00679676
 0.488423 0.269116 0.185964 0.0391851 0.0173108
 0.556556 0.217216 0.119008 0.0822365 0.0249834
 0.716732 0.159248 0.0607499 0.0332835 0.0299867
 0.830148 0.12281 0.0264462 0.0100887 0.0105073
 0.775796 0.186379 0.0273489 0.00588939 0.00458659
 0.731797 0.209796 0.0485527 0.00712454 0.00272905
 0.684706 0.232899 0.0644526 0.0149161 0.00302717
 0.781027 0.152657 0.0489862 0.0135565 0.00377406
 0.946619 0.0420447 0.00790334 0.00253612 0.000897238
 0.442932 0.5282 0.0227373 0.00427404 0.00185672
 0.912051 0.0393999 0.0460334 0.00198159 0.000534304
 0.659633 0.310995 0.0131583 0.0153737 0.000840227
 0.670775 0.219361 0.100383 0.00424724 0.00523353
 0.771895 0.154306 0.0491717 0.0225017 0.0021252
 0.77889 0.171437 0.0336021 0.0107078 0.00536284
 0.379665 0.485849 0.104273 0.0204378 0.00977461
 0.774924 0.086247 0.108732 0.0233361 0.00676146
 0.677606 0.250562 0.0275254 0.0347013 0.00960551
 0.498169 0.341499 0.124608 0.0136888 0.0220345
 0.769719 0.115332 0.0782235 0.0285427 0.00818274
 0.728209 0.209813 0.0310408 0.0210532 0.00988435
 0.400871 0.437544 0.124737 0.0184543 0.0183929
 0.488003 0.206561 0.22306 0.0635912 0.0187847
 0.872572 0.0626743 0.0261244 0.028211 0.0104183
pobs_PELACES
 0 0 0 0 0
 0 0 0 0 0
 0 0 0 0 0
 0 0 0 0 0
 0 0 0 0 0
 0 0 0 0 0
 0 0 0 0 0
 0 0 0 0 0
 0 0 0 0 0
 0 0 0 0 0
 0 0 0 0 0
 0 0 0 0 0
 0 0 0 0 0
 0 0 0 0 0
 0 0 0 0 0
 0 0 0 0 0
 0.505614 0.472636 0.0217494 0 0
 0 0 0 0 0
 0.443492 0.261883 0.143347 0.151278 0
 0.227955 0.32914 0.350689 0.0885471 0.00366901
 0.970185 0.0296113 0.000203453 0 0
 0.997202 0.00247181 0.000326279 0 0
 0.445219 0.490057 0.0546422 0.010081 0
 0.90214 0.0892962 0.00764917 0.000914606 0
 0 0 0 0 0
 0.581667 0.319106 0.0959925 0.00289975 0.000334073
 0.762889 0.0836404 0.116647 0.0363945 0.000428098
 0.88444 0.0763242 0.0277011 0.0115352 0
 0.521256 0.241999 0.230069 0.00667565 0
 0.616807 0.101726 0.260614 0.0208532 0
 0 0 0 0 0
ppred_PELACES
 0.502063 0.104942 0.372119 0.0208762 7.01247e-07
 0.470414 0.266344 0.055479 0.196726 0.0110369
 0.610509 0.18383 0.103433 0.0215449 0.0806834
 0.801476 0.121487 0.0363595 0.0204579 0.0202196
 0.693011 0.246458 0.0370423 0.0110863 0.0124029
 0.766007 0.162295 0.0575601 0.00865122 0.00548588
 0.523044 0.36582 0.077083 0.0273384 0.00671448
 0.489358 0.268625 0.185625 0.0391135 0.0172792
 0.56027 0.215397 0.118011 0.0815478 0.0247742
 0.720905 0.156902 0.059855 0.0327931 0.029545
 0.830904 0.122263 0.0263285 0.0100438 0.0104605
 0.780058 0.182836 0.026829 0.00577744 0.0044994
 0.736346 0.206238 0.0477292 0.0070037 0.00268276
 0.692948 0.22681 0.0627677 0.0145262 0.00294803
 0.7854 0.149608 0.0480078 0.0132857 0.00369868
 0.947653 0.0412299 0.00775018 0.00248697 0.00087985
 0.446266 0.525039 0.0226012 0.00424846 0.00184561
 0.913145 0.0389096 0.0454605 0.00195693 0.000527655
 0.664038 0.30697 0.012988 0.0151747 0.000829354
 0.67454 0.216853 0.0992352 0.00419868 0.00517369
 0.774179 0.152761 0.0486795 0.0222765 0.00210393
 0.781745 0.169224 0.0331683 0.0105695 0.0052936
 0.38199 0.484028 0.103882 0.0203612 0.00973798
 0.776422 0.0856727 0.108008 0.0231807 0.00671644
 0.679522 0.249073 0.0273618 0.0344951 0.00954842
 0.499927 0.340303 0.124172 0.0136409 0.0219573
 0.771202 0.114589 0.0777196 0.0283588 0.00813003
 0.72959 0.208746 0.0308829 0.0209462 0.0098341
 0.402568 0.436305 0.124384 0.018402 0.0183408
 0.490536 0.205539 0.221956 0.0632766 0.0186918
 0.873192 0.0623693 0.0259973 0.0280737 0.0103676
pobs_pel_tallas
 0 0 0 0 0 0 0 0 0 0 0 0 0 0 0 0 0 0 0 0 0 0 0 0 0 0
 0 0 0 0 0 0 0 0 0 0 0 0 0 0 0 0 0 0 0 0 0 0 0 0 0 0
 0 0 0 0 0 0 0 0 0 0 0 0 0 0 0 0 0 0 0 0 0 0 0 0 0 0
 0 0 0 0 0 0 0 0 0 0 0 0 0 0 0 0 0 0 0 0 0 0 0 0 0 0
 0 0 0 0 0 0 0 0 0 0 0 0 0 0 0 0 0 0 0 0 0 0 0 0 0 0
 0 0 0 0 0 0 0 0 0 0 0 0 0 0 0 0 0 0 0 0 0 0 0 0 0 0
 0 0 0 0 0 0 0 0 0 0 0 0 0 0 0 0 0 0 0 0 0 0 0 0 0 0
 0 0 0 0 0 0 0 0 0 0 0 0 0 0 0 0 0 0 0 0 0 0 0 0 0 0
 0 0 0 0 0 0 0 0 0 0 0 0 0 0 0 0 0 0 0 0 0 0 0 0 0 0
 0 0 0 0 0 0 0 0 0 0 0 0 0 0 0 0 0 0 0 0 0 0 0 0 0 0
 0 0 0 0 0 0 0 0 0 0 0 0 0 0 0 0 0 0 0 0 0 0 0 0 0 0
 0 0 0 0 0 0 0 0 0 0 0 0 0 0 0 0 0 0 0 0 0 0 0 0 0 0
 0.00862536 0 0 0.000197151 0.00414017 0.0128641 0.00837892 0.0270097 0.101434 0.158115 0.152841 0.127902 0.109271 0.109419 0.0830992 0.0579132 0.0238553 0.00714673 0.00463305 0.00128148 0.00103504 0.000492878 0.000147863 0.000147863 4.92878e-05 0
 0 0 0 0 0 0 0 0 0 0 0 0 0 0 0 0 0 0 0 0 0 0 0 0 0 0
 0 0 0 0 0 0 0 0.0054083 0.00873648 0.0413646 0.0450493 0.0745869 0.0622846 0.0627006 0.0613931 0.0827291 0.12552 0.122667 0.0946155 0.0697135 0.0546179 0.0294188 0.0215738 0.0213955 0.0102223 0.00600262
 0 0 0 0 0.00359764 0.0251062 0.0480494 0.140153 0.205849 0.193036 0.1447 0.116669 0.0760912 0.0342217 0.00950174 0.001854 0.000860785 0 0 0 0.000165536 0 0.000143464 0 0 0
 0 0 0 0 0 0 0 0.000145254 0.000435761 0.0275982 0.070085 0.0708112 0.156366 0.174668 0.174014 0.160142 0.0824315 0.0480064 0.0283245 0.00493863 0.00203355 0 0 0 0 0
 0 0 0 0 0 0 0 0 0 0 0 0 0 0 0 0 0 0 0 0 0 0 0 0 0 0
 0 0 1.00437e-05 0.000401748 0.00122533 0.00171747 0.00176769 0.0269171 0.070346 0.194647 0.189555 0.159765 0.064822 0.0314167 0.0384472 0.0292271 0.0345202 0.0313363 0.0194345 0.0106764 0.0143323 0.0359363 0.0279516 0.0138201 0.00172751 0
 0 0.0021121 0.0136068 0.0755702 0.200478 0.177729 0.0527432 0.0373336 0.0318909 0.0142505 0.0149659 0.0166563 0.0217959 0.0798694 0.0677717 0.0528807 0.04013 0.0224614 0.0357745 0.0225083 0.00881397 0.00855152 0.00135912 0.000746735 0 0
 0 0 0 0 5.4009e-05 0.00500934 0.000945158 0.0243581 0.138947 0.33067 0.221406 0.137944 0.0707744 0.0437923 0.0131692 0.00525238 0.0047753 0.00276346 9.45158e-05 9.00151e-06 2.25038e-05 9.00151e-06 4.50075e-06 0 0 0
 0.000866109 0.00284123 0.00948549 0.0512746 0.133035 0.25785 0.225252 0.132002 0.0553304 0.0519788 0.0540692 0.017754 0.00435017 0.00159236 0.00146478 0.000404838 0.000125132 0.000115318 0.000107957 0.000100596 0 0 0 0 0 0
 0 0 0 0 0.00144013 0.00171154 0.00461396 0.0210425 0.0478622 0.0707936 0.0888783 0.103762 0.0637923 0.0337046 0.0602308 0.124433 0.169614 0.0934646 0.0462172 0.0250306 0.0313229 0.00938855 0.002487 0.000210481 0 0
 0 0.00764035 0.051015 0.0998891 0.058973 0.0496711 0.0374665 0.0718981 0.12319 0.153886 0.159021 0.0857701 0.0377988 0.023471 0.0147837 0.00900784 0.00315554 0.000888139 0.00291439 0.00214683 0.00393193 0.00274676 0.000635225 9.99891e-05 0 0
 0 0 0 0 0 0 0 0 0 0 0 0 0 0 0 0 0 0 0 0 0 0 0 0 0 0
 0 0 0 0 0 0 0 0 0 0 0 0 0 0 0 0 0 0 0 0 0 0 0 0 0 0
 0 0 0 0 0 0 0 0 0 0 0 0 0 0 0 0 0 0 0 0 0 0 0 0 0 0
 0 0 0 0 0 0 0 0 0 0 0 0 0 0 0 0 0 0 0 0 0 0 0 0 0 0
 0 0 0 0 0 0 0 0 0 0 0 0 0 0 0 0 0 0 0 0 0 0 0 0 0 0
 0 0 0 0 0 0 0 0 0 0 0 0 0 0 0 0 0 0 0 0 0 0 0 0 0 0
 0 0 0 0 0 0 0 0 0 0 0 0 0 0 0 0 0 0 0 0 0 0 0 0 0 0
ppred_pel_tallas
 1.1286e-16 4.13543e-05 0.000401978 0.00267129 0.0121433 0.0377824 0.0804997 0.117494 0.117505 0.0805521 0.0379599 0.0126633 0.00400326 0.00339795 0.0059893 0.0105074 0.0166911 0.024226 0.0326955 0.0417109 0.0507949 0.0590378 0.0649427 0.0668314 0.0636781 0.05578
 1.23266e-16 3.87474e-05 0.000376639 0.0025029 0.0113778 0.0354008 0.0754261 0.110092 0.110118 0.075552 0.035824 0.0126017 0.00558077 0.00711565 0.0128997 0.0214389 0.031321 0.0403968 0.0465938 0.0491901 0.0493266 0.0491971 0.0505016 0.0533508 0.0563265 0.0574501
 1.18847e-16 5.02868e-05 0.000488806 0.00324829 0.0147663 0.0459434 0.0978879 0.142874 0.142892 0.0979753 0.0462371 0.0156163 0.00538919 0.00518651 0.00904415 0.015065 0.0221601 0.0288716 0.033773 0.0362952 0.0370673 0.0374024 0.0383323 0.0399579 0.0415177 0.0419581
 1.06554e-16 6.60165e-05 0.000641704 0.00426435 0.0193851 0.0603144 0.128507 0.187562 0.187573 0.128564 0.0605073 0.0199429 0.00566658 0.00370974 0.00591377 0.00972886 0.0141461 0.0180911 0.0205284 0.0210174 0.0199766 0.0183744 0.0170895 0.0164431 0.0161832 0.0158037
 1.04343e-16 5.70824e-05 0.000554862 0.00368725 0.0167617 0.0521521 0.111116 0.162183 0.162206 0.111233 0.0525419 0.0178879 0.00651444 0.00672792 0.0117848 0.0194032 0.0279731 0.0352395 0.038948 0.0380725 0.0334278 0.0271082 0.0212175 0.0168777 0.0140887 0.012236
 1.03499e-16 6.3095e-05 0.000613306 0.00407564 0.0185273 0.0576453 0.12282 0.179263 0.179278 0.122897 0.0579031 0.0192726 0.00594917 0.00471213 0.00787356 0.0129848 0.0188579 0.0240466 0.0271112 0.0273755 0.0252933 0.0220721 0.0188752 0.0162483 0.0141111 0.0121315
 1.06196e-16 4.30825e-05 0.000418778 0.00278293 0.0126508 0.0393615 0.0838652 0.122411 0.122446 0.0840377 0.0399409 0.014325 0.00698761 0.00960519 0.0175121 0.0289422 0.0418287 0.0529001 0.0588454 0.0581401 0.0519301 0.043192 0.0348757 0.028493 0.0239794 0.0204849
 1.12273e-16 4.03078e-05 0.000391806 0.00260369 0.011836 0.0368264 0.0784635 0.114525 0.114551 0.0785913 0.0372562 0.0130806 0.00573963 0.00727669 0.013231 0.0221112 0.0325551 0.0424246 0.0495333 0.0528397 0.0529438 0.0514065 0.0494929 0.0474162 0.0445659 0.040297
 1.15832e-16 4.61487e-05 0.000448582 0.00298099 0.0135511 0.0421628 0.089833 0.131118 0.131139 0.0899353 0.0425069 0.0145473 0.00548982 0.00595387 0.0105867 0.017656 0.0259737 0.0338364 0.0395568 0.0424283 0.043114 0.043044 0.0433077 0.043946 0.0441015 0.0427356
 1.10057e-16 5.938e-05 0.000577195 0.00383567 0.0174364 0.0542512 0.115588 0.168708 0.168723 0.115663 0.0545008 0.0181585 0.00565203 0.00455515 0.00765272 0.0126609 0.0184822 0.0237853 0.0272708 0.0283919 0.0276781 0.0263216 0.025356 0.0250748 0.0250486 0.0245691
 1.03569e-16 6.84405e-05 0.000665266 0.00442093 0.0200969 0.062529 0.133225 0.194448 0.19446 0.133283 0.0627227 0.0206567 0.00582694 0.00373775 0.00591314 0.00969283 0.0140181 0.0177632 0.0198346 0.0197433 0.0178929 0.0152905 0.0129156 0.01124 0.0101805 0.0093748
 1.02162e-16 6.42524e-05 0.000624556 0.0041504 0.0188671 0.0587027 0.125073 0.182551 0.182569 0.125159 0.0589918 0.0197023 0.00624705 0.00520192 0.00875855 0.0143808 0.0207166 0.0260666 0.0287432 0.0279695 0.0243356 0.0193897 0.0147033 0.0111405 0.00875178 0.00713975
 1.02587e-16 6.06519e-05 0.000589558 0.00391782 0.0178099 0.0554132 0.118064 0.172323 0.172343 0.118162 0.0557399 0.0187539 0.00628897 0.00577036 0.00991326 0.0163272 0.0235943 0.0298364 0.0331734 0.032726 0.0291134 0.0239897 0.0190113 0.0150554 0.0121447 0.00987947
 1.03826e-16 5.70772e-05 0.000554811 0.00368692 0.0167602 0.0521473 0.111106 0.162167 0.162189 0.111213 0.052507 0.0177998 0.00629888 0.00626483 0.0109251 0.0180331 0.0261168 0.0331462 0.0370819 0.036972 0.0334847 0.0283878 0.0234175 0.0194408 0.0164045 0.0138366
 1.03383e-16 6.46924e-05 0.000628833 0.00417882 0.0189963 0.0591046 0.125929 0.1838 0.183815 0.126 0.0593422 0.0196829 0.00590451 0.00440334 0.00725474 0.0119478 0.0173381 0.0220837 0.0248573 0.0250431 0.0230769 0.0200949 0.0171893 0.0148676 0.0130379 0.0113579
 1.00633e-16 7.80569e-05 0.000758741 0.0050421 0.0229207 0.0713147 0.151944 0.221767 0.221771 0.151963 0.07138 0.0231092 0.00551561 0.00179299 0.00204402 0.0032602 0.00469967 0.00593288 0.00657995 0.00646778 0.00572708 0.0046982 0.00372131 0.00297521 0.00245874 0.00207776
 1.01525e-16 3.67584e-05 0.000357305 0.00237442 0.0107938 0.0335838 0.0715557 0.104448 0.104499 0.0718025 0.0344123 0.0131856 0.00837411 0.0134409 0.0248442 0.0409075 0.0586743 0.0732559 0.0796942 0.0757031 0.0630575 0.0464556 0.0308017 0.0189975 0.011496 0.00724856
 1.01608e-16 7.52146e-05 0.000731112 0.0048585 0.022086 0.0687179 0.146411 0.213692 0.213696 0.146429 0.0687807 0.0222683 0.0053189 0.00174594 0.00203113 0.00331308 0.00493748 0.00656577 0.00789412 0.00876047 0.00919708 0.00933269 0.00923755 0.0088605 0.00810493 0.00695514
 1.02116e-16 5.4696e-05 0.000531664 0.0035331 0.016061 0.0499718 0.106471 0.155404 0.155434 0.106616 0.0504562 0.0174597 0.00704197 0.00818446 0.014568 0.0239437 0.0343624 0.0429554 0.046845 0.0447204 0.0376404 0.0283531 0.0196952 0.0132951 0.00932434 0.00707792
 1.04216e-16 5.5561e-05 0.000540072 0.00358897 0.016315 0.050762 0.108155 0.157859 0.15788 0.108257 0.0511071 0.0173131 0.00609947 0.0060371 0.0105438 0.0174688 0.0254503 0.0326069 0.0370324 0.0378043 0.0354592 0.0314938 0.0273338 0.023625 0.020271 0.016941
 1.04034e-16 6.37681e-05 0.000619849 0.00411911 0.0187249 0.0582602 0.12413 0.181175 0.181189 0.124202 0.0585028 0.0194262 0.00588178 0.00447577 0.0074106 0.0122131 0.0177359 0.0226198 0.0255226 0.0258301 0.0239982 0.0211862 0.0184896 0.0163855 0.0147261 0.0131119
 1.02957e-16 6.43913e-05 0.000625906 0.00415937 0.0189079 0.0588296 0.125343 0.182946 0.182962 0.125423 0.0590975 0.019682 0.00610345 0.00487267 0.0081382 0.0133745 0.0193136 0.0244014 0.0271 0.0267043 0.0237523 0.0196373 0.0157455 0.0127957 0.010766 0.0092548
 1.06812e-16 3.14641e-05 0.000305842 0.00203243 0.00923917 0.0287467 0.0612497 0.0894055 0.0894522 0.061478 0.0295134 0.0114541 0.00759504 0.0124583 0.0231382 0.0382731 0.0552961 0.0698825 0.0776276 0.0764831 0.0679369 0.0559185 0.0443586 0.0353314 0.0288599 0.0239322
 1.06601e-16 6.39529e-05 0.000621645 0.00413105 0.0187792 0.058429 0.124489 0.181698 0.181706 0.124531 0.0585677 0.0191819 0.00514965 0.00287052 0.00440928 0.00738285 0.0110849 0.0148964 0.0182104 0.0207236 0.0225333 0.0238945 0.0248614 0.0251538 0.02436 0.0222712
 1.05929e-16 5.59714e-05 0.000544062 0.00361548 0.0164355 0.051137 0.108954 0.159026 0.15905 0.109071 0.0515308 0.0175731 0.00647109 0.00677845 0.0118985 0.0195902 0.0282397 0.0355792 0.0393538 0.0385684 0.0341009 0.0281144 0.0227424 0.0190583 0.0169322 0.01558
 1.08755e-16 4.11784e-05 0.000400269 0.00265993 0.0120917 0.0376218 0.0801585 0.117001 0.117033 0.0803194 0.0381625 0.0136549 0.00658977 0.00899878 0.016429 0.0272463 0.0395988 0.0505379 0.0570652 0.0577769 0.0536356 0.0471744 0.0408205 0.0356904 0.0315731 0.0277192
 1.06493e-16 6.35229e-05 0.000617465 0.00410327 0.0186529 0.0580362 0.123653 0.180477 0.180488 0.123707 0.0582196 0.019184 0.0054416 0.00355636 0.00569617 0.00945123 0.013927 0.0181879 0.0213195 0.0229035 0.0232204 0.0229456 0.0225986 0.0222121 0.0214368 0.0199019
 1.0471e-16 6.00954e-05 0.000584149 0.00388188 0.0176465 0.0549048 0.116981 0.170742 0.170762 0.11708 0.0552351 0.0186006 0.00627733 0.00581532 0.0100009 0.0164549 0.0237401 0.0299512 0.0331974 0.0326326 0.0289654 0.0239714 0.0194066 0.0161623 0.014157 0.0127901
 1.08651e-16 3.31591e-05 0.000322318 0.00214192 0.00973687 0.0302953 0.0645488 0.0942197 0.0942618 0.0647548 0.0309873 0.0117371 0.00716755 0.0113096 0.0209478 0.0347037 0.0502819 0.0638459 0.0714863 0.0713808 0.0648223 0.0552156 0.0459006 0.0385375 0.033004 0.0283574
 1.15967e-16 4.04048e-05 0.000392749 0.00260996 0.0118645 0.036915 0.078652 0.114799 0.114819 0.0787505 0.0372467 0.0128268 0.00504131 0.00575275 0.0103743 0.0174921 0.0261469 0.0348891 0.0422339 0.0474732 0.0509466 0.0534584 0.0553639 0.0561584 0.0548774 0.0508746
 1.05337e-16 7.19237e-05 0.000699124 0.00464592 0.0211197 0.0657113 0.140005 0.204343 0.204349 0.140035 0.0658107 0.0214074 0.00537005 0.00228668 0.00310747 0.00507892 0.00744453 0.00965879 0.0112312 0.0119731 0.0121111 0.0121064 0.0123169 0.0127679 0.0131783 0.0131717
pSPR Fmed_Fpbrs
0.656161   0.203898 0.203898
Fs Fmed_Fpbrs
0.221607   1.005 1.005
SSBpbr Bo_Bmed_Bpbrs
1.9103e+06  1.15795e+06  293990 293990
Ro
182859
SPR SPRFo_SPRFmed_SPRFpbrs
1.30208e+06 854371 265490
Fref
1.005
log_Ro
11.9365
likeval ReclasPelacesDesembMPH_pf_preclas_ppelaces_ptallas_desvR_qrecl_qpela
 16.1966 17.2579 0.0969464 0.002708 229.486 121.421 82.2061 0 23.3706 0 0 0.492182 0 0 0
q_reclas_q_pelaces
1 1
M
1
N
 208033 44224.3 156818 8797.61 0.295519
 118128 68960.3 14364.3 50935.3 2857.61
 116037 35991.2 20250.6 4218.17 15796.6
 225081 35560.2 10642.7 5988.16 5918.43
 177996 64151.6 9641.93 2885.7 3228.4
 277134 60310.8 21390 3214.89 2038.61
 116521 86439.9 18214 6459.82 1586.57
 53811.3 29818 20604.8 4341.69 1918.03
 46785.6 18681.2 10235 7072.58 2148.65
 59448.2 13628.3 5198.92 2848.37 2566.24
 106475 15880.4 3419.74 1304.56 1358.69
 144515 36040.9 5288.58 1138.86 886.927
 122125 36269.9 8393.87 1231.7 471.802
 86832.4 31307.6 8664.09 2005.11 406.93
 86601.9 17600.6 5647.87 1563 435.131
 466344 21371.7 4017.34 1289.13 456.074
 102325 124545 5361.26 1007.78 437.799
 692312 30535.7 35676.8 1535.77 414.097
 423871 205890 8711.27 10177.9 556.261
 342473 114937 52596.9 2225.39 2742.17
 474088 96659.9 30802 14095.5 1331.26
 631505 142549 27940 8903.46 4459.17
 138163 179465 38516.9 7549.39 3610.58
 386877 43623.9 54996.8 11803.4 3419.96
 332344 124539 13681.2 17247.9 4774.32
 153999 106699 38932.8 4276.95 6884.49
 334773 50802.9 34456.8 12572.8 3604.43
 371376 108141 15999 10851.2 5094.57
 111118 122588 34948 5170.37 5153.18
 85247.9 36642.2 39568.9 11280.5 3332.25
 369983 26800.8 11171.3 12063.6 4455.07
pred_Ctot
 13119.7 3306.66 11725.3 657.798 0.022096
 13026.8 8957.88 1865.91 6616.45 371.201
 12431 4543.78 2556.58 532.531 1994.28
 32720.2 6059.13 1813.42 1020.33 1008.44
 8943.72 3828.24 575.381 172.204 192.654
 27015.5 6937.64 2460.52 369.813 234.505
 23089.6 19922.6 4197.95 1488.85 365.672
 1924.76 1269.11 876.98 184.791 81.635
 6275.12 2941.57 1611.62 1113.66 338.329
 10562.3 2824.86 1077.63 590.409 531.929
 5413.71 958.861 206.484 78.7696 82.0374
 29942.2 8673.69 1272.76 274.08 213.45
 24098.3 8325.36 1926.72 282.724 108.297
 25854.9 10676.6 2954.67 683.792 138.773
 18612.3 4388.66 1408.29 389.73 108.499
 82910.7 4432.74 833.243 267.381 94.5951
 12422.8 17783.1 765.506 143.896 62.5109
 85314.2 4424.46 5169.38 222.525 60.0004
 72211.3 40964.5 1733.22 2025.03 110.675
 51493.6 20241.5 9262.85 391.914 482.924
 55648.6 13351.6 4254.66 1947 183.886
 92744 24532.9 4808.51 1532.3 767.429
 12532.7 19227.9 4126.69 808.841 386.838
 30894.2 4120.72 5195.01 1114.96 323.05
 27042.4 11984.5 1316.55 1659.78 459.435
 10142.2 8328.03 3038.78 333.824 537.348
 26074.6 4681.86 3175.44 1158.68 332.174
 24328.9 8396.39 1242.2 842.517 395.556
 7343.9 9601.62 2737.29 404.967 403.621
 7936.84 4028.11 4349.85 1240.08 366.317
 19544.1 1680.8 700.602 756.561 279.397
F
 0.104164 0.124529 0.124529 0.124529 0.124529
 0.188494 0.225345 0.225345 0.225345 0.225345
 0.182685 0.218401 0.218401 0.218401 0.218401
 0.25521 0.305105 0.305105 0.305105 0.305105
 0.0822478 0.0983278 0.0983278 0.0983278 0.0983278
 0.165052 0.197321 0.197321 0.197321 0.197321
 0.362964 0.433926 0.433926 0.433926 0.433926
 0.0579652 0.0692978 0.0692978 0.0692978 0.0692978
 0.23343 0.279067 0.279067 0.279067 0.279067
 0.320017 0.382583 0.382583 0.382583 0.382583
 0.0832611 0.0995392 0.0995392 0.0995392 0.0995392
 0.382392 0.457152 0.457152 0.457152 0.457152
 0.361188 0.431803 0.431803 0.431803 0.431803
 0.596049 0.712581 0.712581 0.712581 0.712581
 0.399254 0.477311 0.477311 0.477311 0.477311
 0.320256 0.382869 0.382869 0.382869 0.382869
 0.209256 0.250167 0.250167 0.250167 0.250167
 0.212696 0.25428 0.25428 0.25428 0.25428
 0.305046 0.364684 0.364684 0.364684 0.364684
 0.264994 0.316802 0.316802 0.316802 0.316802
 0.201705 0.24114 0.24114 0.24114 0.24114
 0.258127 0.308592 0.308592 0.308592 0.308592
 0.152826 0.182704 0.182704 0.182704 0.182704
 0.133485 0.159582 0.159582 0.159582 0.159582
 0.136163 0.162784 0.162784 0.162784 0.162784
 0.108992 0.130301 0.130301 0.130301 0.130301
 0.130011 0.155429 0.155429 0.155429 0.155429
 0.108389 0.12958 0.12958 0.12958 0.12958
 0.109395 0.130782 0.130782 0.130782 0.130782
 0.157133 0.187854 0.187854 0.187854 0.187854
 0.0866228 0.103558 0.103558 0.103558 0.103558
nmprior
 8 9 7.5 0
nm_flota  nm_reclas  nm_pelaces    nm_pelaL
inf 12.6665 17.3421 30.6848
cv_recla  cv_pelaces  cv_mph
0.36403 0.488831 1.60594
 ------------------------------------------------
Talla a la edad & desviación 
 8 13.2811 15.8009 17.003 17.5766
 0.8 1.32811 1.58009 1.7003 1.75766
