years
 1991 1992 1993 1994 1995 1996 1997 1998 1999 2000 2001 2002 2003 2004 2005 2006 2007 2008 2009 2010 2011 2012 2013 2014 2015 2016 2017 2018 2019 2020 2021
reclasobs
 0 0 0 0 0 0 0 0 0 252601 567819 844713 477998 351125 339783 2.1784e+06 2.13404e+06 4.81314e+06 1.55562e+06 2.62356e+06 3.21686e+06 3.843e+06 1.13348e+06 3.07943e+06 1.97215e+06 2.03268e+06 2.025e+06 2.42433e+06 2.27542e+06 1.05018e+06 2.36338e+06
reclaspred
 3.38209e+06 1.91777e+06 972077 971234 968861 1.48435e+06 977464 874367 638944 469775 508387 638805 632370 508222 519092 1.26952e+06 1.24961e+06 2.70229e+06 2.25468e+06 1.73479e+06 3.05904e+06 2.47292e+06 1.98823e+06 3.02702e+06 2.28687e+06 2.02831e+06 2.38647e+06 2.52243e+06 2.08107e+06 1.32574e+06 2.02169e+06
pelacesobs
 0 0 0 0 0 0 0 0 0 0 0 0 0 0 0 552880 188675 0 991730 2.46772e+06 1.41603e+06 1.21717e+06 2.29649e+06 1.80582e+06 0 1.4828e+06 1.56532e+06 1.57751e+06 1.42118e+06 867257 0
pelacespred
 1.91959e+06 1.21905e+06 624394 508228 520229 822299 515789 551565 396623 278380 307369 323882 350757 301163 313836 632916 622324 1.53572e+06 1.33425e+06 954024 1.61095e+06 1.43452e+06 1.14072e+06 1.88911e+06 1.38296e+06 1.21942e+06 1.63172e+06 1.70475e+06 1.1573e+06 840150 1.19412e+06
mphobs
 0 0 0 0 0 0 0 0 0 0 0 498337 0 5186 125008 0 168611 109162 213762 579715 649985 157893 87575 83554 0 0 0 0 0 0 0
mphpred
 509845 341647 172990 93964.1 104171 116340 151257 99571.8 87215 61287.8 40814.9 59597.2 64093.6 55224.9 39373.5 49467.5 146824 141770 267609 206956 228599 279089 264125 219814 301772 250000 206613 219006 303104 207629 115924
desembarqueobs
 494567 514787 250237 358949 120608 361735 552515 73892 212993 205616 52469 317467 293654 387597 252695 516296 358380 742168 942051 627588 828172 859565 418607 520667 417249 300574 407403 355545 319650 289779 219260
desembarquepred
 494574 513335 250979 358973 120612 361749 552567 73895.6 213036 205657 52471.3 317534 293709 387651 252697 516275 358404 742096 941914 627496 828238 859595 418618 520689 417251 300577 407405 355535 319646 289789 219262
Reclutas
 221289 127348 125643 224141 178960 296198 124703 58577.2 53756 69964.6 128461 165015 138066 97779.9 100014 519234 114171 787172 465040 371688 532222 713545 152857 449998 381798 172040 382287 428196 123433 94035.4 439674
log_desv_Rt
 0.082537 -0.47001 -0.483486 0.0953421 -0.129774 0.374095 -0.491001 -1.24659 -1.33248 -1.06894 -0.461307 -0.210896 -0.389202 -0.734215 -0.711621 0.93542 -0.579238 1.35151 0.825189 0.601121 0.960127 1.25331 -0.287433 0.792307 0.627958 -0.169208 0.629238 0.742647 -0.501234 -0.773263 0.769099
SSB
 4.01971e+06 2.69361e+06 1.36389e+06 740830 821307 917245 1.19254e+06 785043 687619 483204 321792 469875 505325 435403 310428 390011 1.15759e+06 1.11774e+06 2.10988e+06 1.63168e+06 1.80232e+06 2.20039e+06 2.08241e+06 1.73305e+06 2.37923e+06 1.97105e+06 1.62897e+06 1.72668e+06 2.38972e+06 1.63698e+06 913965
BT
 5.32873e+06 3.62842e+06 1.84979e+06 1.60354e+06 1.42566e+06 2.41213e+06 1.81663e+06 1.47534e+06 1.22633e+06 911683 832135 1.09653e+06 1.16506e+06 1.17474e+06 1.05676e+06 2.03948e+06 1.87281e+06 4.5849e+06 4.322e+06 3.00257e+06 4.79329e+06 4.47603e+06 3.28407e+06 5.31751e+06 3.9223e+06 3.38618e+06 4.59004e+06 4.7169e+06 3.22471e+06 2.43121e+06 3.24178e+06
Ftot
 0.105711 0.191071 0.185548 0.276545 0.0930011 0.185722 0.401908 0.0628987 0.245758 0.320089 0.0804746 0.369502 0.344483 0.558624 0.372512 0.320711 0.209319 0.214552 0.308739 0.269013 0.204524 0.260718 0.153515 0.133074 0.135545 0.10955 0.131463 0.109456 0.110555 0.158748 0.0858472
BD_Bspro_t
 0.983228 0.875301 0.740803 0.661025 0.654385 0.718941 0.708058 0.566224 0.619011 0.582681 0.552317 0.722014 0.613016 0.529474 0.431285 0.488736 0.639269 0.619091 0.699851 0.613337 0.592402 0.636692 0.650765 0.646384 0.740673 0.748863 0.756221 0.78819 0.82704 0.768915 0.722576
BD_Bspro
 2.77051 1.85652 0.940031 0.510603 0.56607 0.632193 0.821934 0.541075 0.473928 0.333039 0.221789 0.323852 0.348286 0.300093 0.213957 0.268807 0.797845 0.770382 1.45419 1.12461 1.24221 1.51657 1.43526 1.19447 1.63984 1.35851 1.12274 1.19008 1.64707 1.12826 0.629932
BD_Bo
 1.88594 1.26377 0.639899 0.347578 0.385336 0.430347 0.559508 0.368322 0.322613 0.226707 0.150976 0.220453 0.237085 0.20428 0.145645 0.182983 0.54311 0.524415 0.989901 0.765543 0.8456 1.03236 0.977013 0.813103 1.11627 0.924764 0.764272 0.810114 1.1212 0.76803 0.428808
BD_Brms
 12.4765 8.36049 4.23326 2.29941 2.54919 2.84697 3.70143 2.43663 2.13425 1.49978 0.998787 1.45841 1.56844 1.35141 0.963515 1.21053 3.59295 3.46928 6.5487 5.06446 5.59408 6.82961 6.46344 5.37909 7.38471 6.11778 5.05605 5.35932 7.41728 5.08091 2.83679
Sel_flota
 0.849916 1 1 1 1
 0.849916 1 1 1 1
 0.849916 1 1 1 1
 0.849916 1 1 1 1
 0.849916 1 1 1 1
 0.849916 1 1 1 1
 0.849916 1 1 1 1
 0.849916 1 1 1 1
 0.849916 1 1 1 1
 0.849916 1 1 1 1
 0.849916 1 1 1 1
 0.849916 1 1 1 1
 0.849916 1 1 1 1
 0.849916 1 1 1 1
 0.849916 1 1 1 1
 0.849916 1 1 1 1
 0.849916 1 1 1 1
 0.849916 1 1 1 1
 0.849916 1 1 1 1
 0.849916 1 1 1 1
 0.849916 1 1 1 1
 0.849916 1 1 1 1
 0.849916 1 1 1 1
 0.849916 1 1 1 1
 0.849916 1 1 1 1
 0.849916 1 1 1 1
 0.849916 1 1 1 1
 0.849916 1 1 1 1
 0.849916 1 1 1 1
 0.849916 1 1 1 1
 0.849916 1 1 1 1
Sel_reclas
 1 1 1 1 1
 1 1 1 1 1
 1 1 1 1 1
 1 1 1 1 1
 1 1 1 1 1
 1 1 1 1 1
 1 1 1 1 1
 1 1 1 1 1
 1 1 1 1 1
 1 1 1 1 1
 1 1 1 1 1
 1 1 1 1 1
 1 1 1 1 1
 1 1 1 1 1
 1 1 1 1 1
 1 1 1 1 1
 1 1 1 1 1
 1 1 1 1 1
 1 1 1 1 1
 1 1 1 1 1
 1 1 1 1 1
 1 1 1 1 1
 1 1 1 1 1
 1 1 1 1 1
 1 1 1 1 1
 1 1 1 1 1
 1 1 1 1 1
 1 1 1 1 1
 1 1 1 1 1
 1 1 1 1 1
 1 1 1 1 1
Sel_pelaces
 1 1 1 1 1
 1 1 1 1 1
 1 1 1 1 1
 1 1 1 1 1
 1 1 1 1 1
 1 1 1 1 1
 1 1 1 1 1
 1 1 1 1 1
 1 1 1 1 1
 1 1 1 1 1
 1 1 1 1 1
 1 1 1 1 1
 1 1 1 1 1
 1 1 1 1 1
 1 1 1 1 1
 1 1 1 1 1
 1 1 1 1 1
 1 1 1 1 1
 1 1 1 1 1
 1 1 1 1 1
 1 1 1 1 1
 1 1 1 1 1
 1 1 1 1 1
 1 1 1 1 1
 1 1 1 1 1
 1 1 1 1 1
 1 1 1 1 1
 1 1 1 1 1
 1 1 1 1 1
 1 1 1 1 1
 1 1 1 1 1
pf_obs 
 0.8446 0.082 0.0669 0.0065 0
 0.8095 0.147 0.0364 0.0071 0
 0.9664 0.0169 0.016 0.0007 0
 0.9276 0.0648 0.0075 0.0001 0
 0.7033 0.2144 0.0806 0.0017 0
 0.9318 0.0425 0.0243 0.0014 0
 0.5671 0.3108 0.0964 0.0239 0.0018
 0.0768 0.2599 0.5324 0.112 0.0189
 0.490249 0.384438 0.106611 0.0170017 0.00170017
 0.7925 0.1577 0.0466 0.003 0.0002
 0.840416 0.127587 0.0312969 0.00059994 9.999e-05
 0.8084 0.0986 0.0794 0.0134 0.0002
 0.7335 0.1905 0.0724 0.0035 0.0001
 0.4001 0.4547 0.1325 0.0127 0
 0.49795 0.308269 0.164784 0.0264974 0.00249975
 0.9179 0.0499 0.0305 0.0017 0
 0.2467 0.6533 0.0926 0.0074 0
 0.9418 0.0223 0.034 0.0019 0
 0.707729 0.231977 0.0356964 0.0245975 0
 0.517169 0.277429 0.184464 0.0207286 0.00020938
 0.811772 0.124168 0.05621 0.00726502 0.000585176
 0.764997 0.148141 0.077277 0.00933861 0.000247198
 0.163321 0.427699 0.378323 0.0303852 0.000271297
 0.753843 0.0900009 0.118128 0.0371064 0.000921714
 0.721811 0.176058 0.0630433 0.0369309 0.00215725
 0.143369 0.312575 0.442814 0.0836902 0.0175525
 0.692698 0.0596174 0.167031 0.0765114 0.00414204
 0.394062 0.376323 0.152708 0.0712218 0.00568511
 0.125707 0.32114 0.495352 0.0537591 0.00404204
 0.23352 0.215282 0.420074 0.123614 0.00750983
 0 0 0 0 0
pf_pred 
 0.43321 0.115557 0.427213 0.024019 7.56818e-07
 0.411821 0.279868 0.0628585 0.232387 0.0130658
 0.55284 0.203874 0.115761 0.026 0.101526
 0.745345 0.151929 0.0468359 0.0265937 0.0292965
 0.646497 0.275482 0.0465482 0.0143496 0.0171236
 0.741254 0.177111 0.0636177 0.0107495 0.00726819
 0.474416 0.406864 0.0812632 0.0291895 0.00826701
 0.445587 0.290646 0.204187 0.0407823 0.0187978
 0.525245 0.231401 0.127576 0.0896255 0.026152
 0.683162 0.180905 0.0662554 0.0365279 0.0331497
 0.801847 0.14329 0.0313252 0.0114727 0.0120653
 0.728787 0.224412 0.0338426 0.00739847 0.00555927
 0.674067 0.249605 0.0631565 0.00952436 0.0036467
 0.618132 0.273101 0.083296 0.021076 0.00439533
 0.721566 0.185822 0.0662333 0.0202012 0.0061774
 0.927216 0.0552657 0.0116916 0.00416726 0.00165969
 0.388213 0.574555 0.0282705 0.00598067 0.0029807
 0.892813 0.0463111 0.057171 0.00281305 0.000891699
 0.60261 0.361233 0.0156218 0.0192851 0.0012497
 0.612251 0.25097 0.124334 0.00537692 0.00706794
 0.734032 0.174365 0.05929 0.029373 0.00294001
 0.741893 0.198183 0.0392854 0.0133584 0.00728031
 0.326046 0.522924 0.115966 0.0229876 0.0120766
 0.740844 0.0948254 0.127505 0.0282759 0.0085497
 0.631077 0.285143 0.0306552 0.0412197 0.011905
 0.44097 0.374959 0.142269 0.0152951 0.0265061
 0.73319 0.129077 0.092382 0.0350521 0.0102989
 0.690514 0.237027 0.0350541 0.0250886 0.0123162
 0.348245 0.473227 0.13673 0.020221 0.021577
 0.431212 0.220875 0.252613 0.0729877 0.0223122
 0.85514 0.0688061 0.0295337 0.0337775 0.0127428
pobs_RECLAS
 0 0 0 0 0
 0 0 0 0 0
 0 0 0 0 0
 0 0 0 0 0
 0 0 0 0 0
 0 0 0 0 0
 0 0 0 0 0
 0 0 0 0 0
 0 0 0 0 0
 0 0 0 0 0
 0.991045 0.00858322 0.000360255 1.14367e-05 0
 0.934742 0.0480273 0.0164251 0.00080598 0
 0.827803 0.169806 0.00239088 0 0
 0.941827 0.0461693 0.0120037 0 0
 0.791401 0.0380133 0.147996 0.0225897 0
 0.846168 0.0940531 0.0597789 0 0
 0.134021 0.677848 0.182769 0.00536245 0
 0.80878 0.0450904 0.141981 0.00414843 0
 0.846168 0.0940531 0.0597789 0 0
 0.905697 0.0802665 0.012482 0.00150086 5.37128e-05
 0.989698 0.0102097 9.19794e-05 0 0
 0.975433 0.0193895 0.00387452 0.00125025 5.28907e-05
 0.303575 0.632131 0.0575291 0.00676475 0
 0.966965 0.00978017 0.0227588 0.000495775 0
 0.843318 0.132988 0.00938335 0.0141283 0.000182051
 0.564624 0.303363 0.111486 0.0197234 0.00080311
 0.826376 0.0876187 0.0782897 0.00655872 0.00115652
 0.89761 0.0855135 0.0140674 0.00269457 0.000114338
 0.34875 0.467042 0.161289 0.0227151 0.000203297
 0.318654 0.224769 0.449479 0.00709798 0
 0.937255 0.0296025 0.0250945 0.00804832 0
ppred_RECLAS
 0.473843 0.107273 0.396586 0.0222971 7.02562e-07
 0.452376 0.260571 0.0585244 0.216364 0.0121649
 0.593252 0.185449 0.105299 0.0236502 0.0923503
 0.775701 0.133819 0.0412528 0.0234236 0.0258042
 0.682987 0.247045 0.0417433 0.0128684 0.0153561
 0.771672 0.15629 0.0561389 0.00948579 0.00641376
 0.516714 0.37412 0.0747233 0.0268404 0.0076017
 0.486233 0.269338 0.189217 0.0377924 0.0174196
 0.566446 0.21132 0.116505 0.0818475 0.0238825
 0.718293 0.160846 0.0589091 0.0324778 0.0294742
 0.826576 0.125407 0.0274158 0.0100409 0.0105595
 0.760808 0.197917 0.0298469 0.00652495 0.0049029
 0.709876 0.222183 0.0562179 0.00847798 0.00324606
 0.658013 0.244579 0.0745967 0.0188749 0.00393629
 0.754163 0.164067 0.058479 0.0178362 0.00545418
 0.937752 0.0472652 0.00999903 0.00356399 0.00141942
 0.428209 0.536993 0.0264223 0.00558967 0.00278583
 0.907674 0.0398902 0.0492445 0.00242303 0.000768068
 0.641942 0.32548 0.0140757 0.0173764 0.00112601
 0.651014 0.225881 0.111904 0.0048394 0.00636137
 0.765086 0.154007 0.0523675 0.0259435 0.00259675
 0.772484 0.174694 0.0346291 0.0117751 0.00641742
 0.363233 0.494071 0.109567 0.0217192 0.0114102
 0.771149 0.0837369 0.112595 0.0249695 0.00754994
 0.668482 0.256232 0.0275471 0.0370405 0.010698
 0.481726 0.347623 0.131897 0.01418 0.0245737
 0.7641 0.114123 0.0816794 0.0309913 0.00910579
 0.724445 0.211041 0.0312109 0.022338 0.0109659
 0.386357 0.445554 0.128734 0.0190386 0.0203153
 0.472013 0.205031 0.234492 0.0677519 0.0207116
 0.87427 0.0597197 0.0256336 0.0293169 0.01106
pobs_PELACES
 0 0 0 0 0
 0 0 0 0 0
 0 0 0 0 0
 0 0 0 0 0
 0 0 0 0 0
 0 0 0 0 0
 0 0 0 0 0
 0 0 0 0 0
 0 0 0 0 0
 0 0 0 0 0
 0 0 0 0 0
 0 0 0 0 0
 0 0 0 0 0
 0 0 0 0 0
 0 0 0 0 0
 0 0 0 0 0
 0.505614 0.472636 0.0217494 0 0
 0 0 0 0 0
 0.443492 0.261883 0.143347 0.151278 0
 0.227955 0.32914 0.350689 0.0885471 0.00366901
 0.970185 0.0296113 0.000203453 0 0
 0.997202 0.00247181 0.000326279 0 0
 0.445219 0.490057 0.0546422 0.010081 0
 0.90214 0.0892962 0.00764917 0.000914606 0
 0 0 0 0 0
 0.581667 0.319106 0.0959925 0.00289975 0.000334073
 0.762889 0.0836404 0.116647 0.0363945 0.000428098
 0.88444 0.0763242 0.0277011 0.0115352 0
 0.521256 0.241999 0.230069 0.00667565 0
 0.616807 0.101726 0.260614 0.0208532 0
 0 0 0 0 0
ppred_PELACES
 0.475148 0.107007 0.395602 0.0222418 7.00819e-07
 0.454721 0.259455 0.0582738 0.215437 0.0121128
 0.595468 0.184438 0.104725 0.0235213 0.0918472
 0.778075 0.132402 0.0408162 0.0231757 0.0255311
 0.683983 0.246269 0.0416121 0.0128279 0.0153078
 0.773289 0.155183 0.0557414 0.00941863 0.00636834
 0.521683 0.370274 0.073955 0.0265645 0.00752354
 0.487011 0.26893 0.18893 0.0377352 0.0173932
 0.569433 0.209864 0.115702 0.0812837 0.023718
 0.721489 0.159021 0.0582407 0.0321092 0.0291397
 0.827147 0.124995 0.0273256 0.0100079 0.0105248
 0.764123 0.195174 0.0294334 0.00643454 0.00483496
 0.713377 0.219501 0.0555395 0.00837566 0.00320689
 0.664212 0.240146 0.0732446 0.0185328 0.00386494
 0.757568 0.161795 0.0576692 0.0175891 0.00537865
 0.938673 0.0465661 0.00985113 0.00351127 0.00139843
 0.430749 0.534607 0.0263049 0.00556484 0.00277346
 0.908561 0.0395071 0.0487715 0.00239976 0.000760692
 0.645449 0.322292 0.0139378 0.0172062 0.00111498
 0.654035 0.223926 0.110936 0.00479751 0.0063063
 0.766901 0.152816 0.0519627 0.025743 0.00257668
 0.774746 0.172958 0.0342849 0.011658 0.00635363
 0.364993 0.492705 0.109264 0.0216592 0.0113787
 0.77231 0.0833121 0.112023 0.0248428 0.00751163
 0.669968 0.255084 0.0274236 0.0368745 0.01065
 0.483081 0.346714 0.131552 0.014143 0.0245094
 0.765272 0.113557 0.0812738 0.0308374 0.00906056
 0.725526 0.210213 0.0310884 0.0222504 0.0109229
 0.387656 0.444611 0.128462 0.0189983 0.0202723
 0.473973 0.20427 0.233622 0.0675004 0.0206348
 0.874737 0.059498 0.0255384 0.0292081 0.0110189
pobs_pel_tallas
 0 0 0 0 0 0 0 0 0 0 0 0 0 0 0 0 0 0 0 0 0 0 0 0 0 0
 0 0 0 0 0 0 0 0 0 0 0 0 0 0 0 0 0 0 0 0 0 0 0 0 0 0
 0 0 0 0 0 0 0 0 0 0 0 0 0 0 0 0 0 0 0 0 0 0 0 0 0 0
 0 0 0 0 0 0 0 0 0 0 0 0 0 0 0 0 0 0 0 0 0 0 0 0 0 0
 0 0 0 0 0 0 0 0 0 0 0 0 0 0 0 0 0 0 0 0 0 0 0 0 0 0
 0 0 0 0 0 0 0 0 0 0 0 0 0 0 0 0 0 0 0 0 0 0 0 0 0 0
 0 0 0 0 0 0 0 0 0 0 0 0 0 0 0 0 0 0 0 0 0 0 0 0 0 0
 0 0 0 0 0 0 0 0 0 0 0 0 0 0 0 0 0 0 0 0 0 0 0 0 0 0
 0 0 0 0 0 0 0 0 0 0 0 0 0 0 0 0 0 0 0 0 0 0 0 0 0 0
 0 0 0 0 0 0 0 0 0 0 0 0 0 0 0 0 0 0 0 0 0 0 0 0 0 0
 0 0 0 0 0 0 0 0 0 0 0 0 0 0 0 0 0 0 0 0 0 0 0 0 0 0
 0 0 0 0 0 0 0 0 0 0 0 0 0 0 0 0 0 0 0 0 0 0 0 0 0 0
 0.00862536 0 0 0.000197151 0.00414017 0.0128641 0.00837892 0.0270097 0.101434 0.158115 0.152841 0.127902 0.109271 0.109419 0.0830992 0.0579132 0.0238553 0.00714673 0.00463305 0.00128148 0.00103504 0.000492878 0.000147863 0.000147863 4.92878e-05 0
 0 0 0 0 0 0 0 0 0 0 0 0 0 0 0 0 0 0 0 0 0 0 0 0 0 0
 0 0 0 0 0 0 0 0.0054083 0.00873648 0.0413646 0.0450493 0.0745869 0.0622846 0.0627006 0.0613931 0.0827291 0.12552 0.122667 0.0946155 0.0697135 0.0546179 0.0294188 0.0215738 0.0213955 0.0102223 0.00600262
 0 0 0 0 0.00359764 0.0251062 0.0480494 0.140153 0.205849 0.193036 0.1447 0.116669 0.0760912 0.0342217 0.00950174 0.001854 0.000860785 0 0 0 0.000165536 0 0.000143464 0 0 0
 0 0 0 0 0 0 0 0.000145254 0.000435761 0.0275982 0.070085 0.0708112 0.156366 0.174668 0.174014 0.160142 0.0824315 0.0480064 0.0283245 0.00493863 0.00203355 0 0 0 0 0
 0 0 0 0 0 0 0 0 0 0 0 0 0 0 0 0 0 0 0 0 0 0 0 0 0 0
 0 0 1.00437e-05 0.000401748 0.00122533 0.00171747 0.00176769 0.0269171 0.070346 0.194647 0.189555 0.159765 0.064822 0.0314167 0.0384472 0.0292271 0.0345202 0.0313363 0.0194345 0.0106764 0.0143323 0.0359363 0.0279516 0.0138201 0.00172751 0
 0 0.0021121 0.0136068 0.0755702 0.200478 0.177729 0.0527432 0.0373336 0.0318909 0.0142505 0.0149659 0.0166563 0.0217959 0.0798694 0.0677717 0.0528807 0.04013 0.0224614 0.0357745 0.0225083 0.00881397 0.00855152 0.00135912 0.000746735 0 0
 0 0 0 0 5.4009e-05 0.00500934 0.000945158 0.0243581 0.138947 0.33067 0.221406 0.137944 0.0707744 0.0437923 0.0131692 0.00525238 0.0047753 0.00276346 9.45158e-05 9.00151e-06 2.25038e-05 9.00151e-06 4.50075e-06 0 0 0
 0.000866109 0.00284123 0.00948549 0.0512746 0.133035 0.25785 0.225252 0.132002 0.0553304 0.0519788 0.0540692 0.017754 0.00435017 0.00159236 0.00146478 0.000404838 0.000125132 0.000115318 0.000107957 0.000100596 0 0 0 0 0 0
 0 0 0 0 0.00144013 0.00171154 0.00461396 0.0210425 0.0478622 0.0707936 0.0888783 0.103762 0.0637923 0.0337046 0.0602308 0.124433 0.169614 0.0934646 0.0462172 0.0250306 0.0313229 0.00938855 0.002487 0.000210481 0 0
 0 0.00764035 0.051015 0.0998891 0.058973 0.0496711 0.0374665 0.0718981 0.12319 0.153886 0.159021 0.0857701 0.0377988 0.023471 0.0147837 0.00900784 0.00315554 0.000888139 0.00291439 0.00214683 0.00393193 0.00274676 0.000635225 9.99891e-05 0 0
 0 0 0 0 0 0 0 0 0 0 0 0 0 0 0 0 0 0 0 0 0 0 0 0 0 0
 0 0 0 0 0 0 0 0 0 0 0 0 0 0 0 0 0 0 0 0 0 0 0 0 0 0
 0 0 0 0 0 0 0 0 0 0 0 0 0 0 0 0 0 0 0 0 0 0 0 0 0 0
 0 0 0 0 0 0 0 0 0 0 0 0 0 0 0 0 0 0 0 0 0 0 0 0 0 0
 0 0 0 0 0 0 0 0 0 0 0 0 0 0 0 0 0 0 0 0 0 0 0 0 0 0
 0 0 0 0 0 0 0 0 0 0 0 0 0 0 0 0 0 0 0 0 0 0 0 0 0 0
 0 0 0 0 0 0 0 0 0 0 0 0 0 0 0 0 0 0 0 0 0 0 0 0 0 0
ppred_pel_tallas
 1.13675e-16 3.91374e-05 0.000380429 0.00252809 0.0114923 0.0357569 0.0761843 0.111195 0.111206 0.0762379 0.0359385 0.0120244 0.00389212 0.00345213 0.00614771 0.0108165 0.0172382 0.025125 0.0340778 0.0437036 0.053479 0.0623956 0.0688175 0.070934 0.0676492 0.0592879
 1.25404e-16 3.74548e-05 0.000364074 0.0024194 0.0109983 0.0342198 0.0729099 0.106419 0.106444 0.0730327 0.0346324 0.0121917 0.00542146 0.0069401 0.0125966 0.0209613 0.0306864 0.0397192 0.0460935 0.0491598 0.0500621 0.0509203 0.0533015 0.0571534 0.0608953 0.0624195
 1.20972e-16 4.90479e-05 0.000476763 0.00316826 0.0144025 0.0448115 0.0954763 0.139354 0.139372 0.095564 0.0451062 0.0152557 0.00531735 0.00519337 0.00908203 0.0151387 0.0222899 0.0290898 0.0341304 0.0368697 0.037967 0.0387548 0.0402571 0.0425253 0.0447081 0.0456398
 1.07857e-16 6.4089e-05 0.000622968 0.00413984 0.0188191 0.0585534 0.124755 0.182086 0.182098 0.124817 0.0587637 0.0194273 0.00566875 0.00396872 0.00644281 0.0106162 0.0154482 0.0197813 0.0224966 0.0231239 0.0221267 0.0205608 0.0193737 0.0188928 0.0188112 0.018542
 1.05141e-16 5.63388e-05 0.000547634 0.00363922 0.0165434 0.0514727 0.109669 0.16007 0.160094 0.109785 0.0518625 0.0176693 0.00646621 0.00672165 0.0117901 0.0194243 0.0280303 0.0353691 0.039203 0.0385173 0.0341255 0.0281026 0.022516 0.0184412 0.015834 0.0140499
 1.03671e-16 6.36948e-05 0.000619136 0.00411438 0.0187034 0.0581932 0.123987 0.180966 0.180981 0.124061 0.0584397 0.0194162 0.00590623 0.00453957 0.00753521 0.0124242 0.0180499 0.0230308 0.0259952 0.0263013 0.0243863 0.0214034 0.018457 0.0160551 0.0141034 0.012267
 1.06167e-16 4.29704e-05 0.000417688 0.00277569 0.0126179 0.0392591 0.083647 0.122093 0.122128 0.0838216 0.0398455 0.014312 0.00703005 0.0097116 0.0177134 0.0292679 0.0422811 0.0534341 0.0593688 0.0585411 0.0521206 0.0431418 0.0346199 0.0281132 0.0235703 0.0201257
 1.12249e-16 4.01145e-05 0.000389927 0.00259121 0.0117793 0.0366498 0.0780872 0.113976 0.114002 0.0782152 0.0370802 0.0130256 0.00573169 0.00728541 0.0132529 0.0221528 0.0326265 0.0425375 0.049699 0.0530657 0.0532291 0.0517361 0.0498366 0.0477336 0.0448177 0.0404583
 1.15558e-16 4.69035e-05 0.000455918 0.00302974 0.0137728 0.0428523 0.0913021 0.133262 0.133283 0.0914018 0.0431876 0.0147434 0.00547453 0.00582097 0.0103199 0.0172103 0.0253235 0.0330018 0.0386046 0.0414466 0.0421741 0.0421762 0.0425047 0.0431866 0.0433735 0.042045
 1.09873e-16 5.94282e-05 0.000577663 0.00383877 0.0174505 0.0542951 0.115682 0.168845 0.16886 0.115757 0.0545481 0.0181821 0.00567866 0.00460642 0.00774763 0.0128134 0.0186918 0.0240272 0.0274958 0.028539 0.0276953 0.0261838 0.0250707 0.0246765 0.0245859 0.0240924
 1.03606e-16 6.8131e-05 0.000662258 0.00440094 0.020006 0.0622462 0.132623 0.193569 0.193581 0.132682 0.0624443 0.0205783 0.00583847 0.0038037 0.0060442 0.00991103 0.0143349 0.0181665 0.020288 0.0201983 0.0183084 0.0156456 0.013209 0.0114806 0.0103774 0.00953312
 1.02363e-16 6.29398e-05 0.000611798 0.00406561 0.0184817 0.0575035 0.122518 0.178822 0.178841 0.12261 0.0578122 0.0193734 0.00630406 0.00549894 0.00934627 0.0153564 0.0221265 0.0278489 0.0307242 0.0299238 0.0260763 0.0208303 0.0158576 0.0120743 0.00953001 0.00779967
 1.03042e-16 5.87599e-05 0.000571168 0.00379561 0.0172543 0.0536847 0.114382 0.166948 0.166969 0.114485 0.0540326 0.0182597 0.00632104 0.00609031 0.0105584 0.0174087 0.0251799 0.0318882 0.0355422 0.0352089 0.0315388 0.0262691 0.0211291 0.0170186 0.0139399 0.0114663
 1.04688e-16 5.47103e-05 0.000531804 0.00353402 0.0160652 0.0499848 0.106499 0.155443 0.155466 0.106612 0.0503659 0.0171668 0.00630232 0.00658549 0.0115826 0.0191427 0.0277599 0.0353066 0.039641 0.0397641 0.0363744 0.0313111 0.0263597 0.0223788 0.0192654 0.0165023
 1.0438e-16 6.23999e-05 0.000606549 0.00403073 0.0183231 0.0570102 0.121467 0.177288 0.177303 0.121543 0.0572672 0.0190664 0.00589943 0.00469557 0.00785665 0.0129648 0.0188467 0.0240731 0.0272259 0.0276497 0.0258107 0.0229116 0.0200875 0.0178313 0.0159955 0.0141841
 1.00886e-16 7.73173e-05 0.000751551 0.00499432 0.0227035 0.070639 0.150504 0.219666 0.21967 0.150526 0.0707127 0.0229166 0.00552959 0.00192105 0.00230139 0.00369018 0.00532711 0.00673902 0.00750112 0.00742044 0.00664417 0.00555199 0.00451903 0.0037357 0.00318989 0.00276846
 1.01924e-16 3.54804e-05 0.000344882 0.00229186 0.0104185 0.0324161 0.0690679 0.100817 0.100869 0.0693193 0.0332598 0.0128544 0.00840223 0.0136707 0.0253051 0.041677 0.059796 0.0746943 0.0813323 0.077387 0.0646623 0.0479271 0.0321503 0.0202575 0.0126862 0.00835742
 1.01788e-16 7.4837e-05 0.000727442 0.00483411 0.0219752 0.0683729 0.145676 0.212619 0.212623 0.145695 0.0684368 0.0221605 0.00530256 0.00176068 0.00206816 0.00338125 0.00505061 0.0067392 0.00814359 0.0091008 0.00963871 0.00987531 0.00986364 0.00953349 0.00877534 0.00757283
 1.02399e-16 5.31648e-05 0.000516781 0.00343419 0.0156114 0.0485729 0.103491 0.151054 0.151085 0.103642 0.0490816 0.01708 0.00711845 0.00855226 0.0152928 0.0251433 0.0360884 0.0451223 0.0492268 0.0470293 0.0396431 0.0299529 0.0209313 0.0142788 0.0101633 0.0078337
 1.04807e-16 5.3872e-05 0.000523655 0.00347987 0.015819 0.0492189 0.104867 0.153061 0.153083 0.104973 0.0495756 0.0168507 0.00607537 0.00620891 0.0109075 0.0180932 0.0263977 0.0338981 0.0386409 0.0396774 0.0375451 0.0337486 0.0297029 0.0260202 0.0225687 0.0190099
 1.04557e-16 6.31687e-05 0.000614022 0.00408039 0.0185489 0.0577125 0.122963 0.179471 0.179486 0.123035 0.0579553 0.0192509 0.0058452 0.00447573 0.00742428 0.0122454 0.0178038 0.0227509 0.0257563 0.0262141 0.0245795 0.0219972 0.0195322 0.0176225 0.0160825 0.0144886
 1.03279e-16 6.38148e-05 0.000620303 0.00412213 0.0187386 0.0583029 0.124221 0.181308 0.181324 0.124303 0.0585768 0.0195299 0.00610937 0.00496156 0.00831791 0.0136748 0.0197519 0.0249654 0.027747 0.0273803 0.0244179 0.0202839 0.0163901 0.0134613 0.0114615 0.00996653
 1.07377e-16 3.00641e-05 0.000292234 0.001942 0.00882807 0.0274677 0.0585245 0.0854282 0.0854758 0.0587569 0.0282481 0.0110832 0.00760573 0.0126666 0.0235618 0.0389847 0.0563431 0.0712453 0.0792172 0.0781793 0.0696432 0.0575937 0.0460065 0.0369625 0.0304596 0.025454
 1.07017e-16 6.36142e-05 0.000618352 0.00410917 0.0186797 0.0581195 0.12383 0.180735 0.180743 0.12387 0.0582547 0.0190722 0.00510246 0.00281322 0.00431004 0.00722902 0.0108863 0.0146954 0.0180824 0.0207598 0.0228119 0.0244536 0.0256855 0.0261787 0.0254906 0.0234048
 1.06357e-16 5.51844e-05 0.000536412 0.00356465 0.0162044 0.050418 0.107422 0.15679 0.156815 0.107542 0.0508214 0.0173694 0.00648915 0.00692124 0.0121836 0.0200634 0.0289235 0.0364451 0.0403222 0.0395412 0.0350071 0.02894 0.0235248 0.019853 0.0177762 0.0164708
 1.09452e-16 3.97908e-05 0.000386781 0.0025703 0.0116842 0.0363541 0.0774575 0.113058 0.113092 0.0776215 0.0369051 0.0132775 0.00657611 0.00915287 0.016751 0.0277941 0.0404195 0.0516366 0.0584018 0.0592908 0.0552781 0.0489233 0.042665 0.0376037 0.0334953 0.0295645
 1.07001e-16 6.30344e-05 0.000612717 0.00407172 0.0185095 0.0575899 0.122702 0.179089 0.1791 0.122756 0.0577718 0.0190363 0.00539981 0.00353041 0.00565885 0.00939943 0.0138742 0.0181684 0.0213887 0.023129 0.0236644 0.0236446 0.0235495 0.0233684 0.0227168 0.0212058
 1.05031e-16 5.97606e-05 0.000580895 0.00386025 0.0175481 0.0545989 0.116329 0.169791 0.169811 0.116429 0.0549315 0.018509 0.00627269 0.0058493 0.0100718 0.016574 0.0239156 0.0301808 0.0334695 0.0329346 0.0292938 0.0243376 0.0198311 0.0166625 0.0147344 0.0134245
 1.09157e-16 3.19308e-05 0.000310379 0.00206258 0.00937622 0.0291731 0.062158 0.0907304 0.0907734 0.062368 0.0298784 0.0114147 0.0071846 0.0115089 0.0213502 0.0353775 0.051268 0.065119 0.0729522 0.0729149 0.0663251 0.0566466 0.047271 0.0398737 0.0343137 0.0296175
 1.17056e-16 3.90406e-05 0.000379488 0.00252184 0.0114639 0.0356686 0.0759964 0.110923 0.110943 0.0760945 0.0359987 0.0124219 0.00494335 0.00572135 0.0103483 0.0174773 0.0261869 0.0350693 0.0426802 0.048331 0.0523415 0.0554495 0.0579102 0.0591139 0.0580198 0.0539565
 1.05547e-16 7.20509e-05 0.00070036 0.00465414 0.0211571 0.0658275 0.140253 0.204704 0.20471 0.140281 0.0659224 0.0214317 0.00534548 0.00221646 0.00297229 0.00485637 0.00712692 0.00926651 0.0108145 0.0115988 0.0118403 0.0119779 0.0123416 0.0129345 0.0134609 0.0135351
pSPR Fmed_Fpbrs
0.695031   0.20116 0.20116
Fs Fmed_Fpbrs
0.188056   1.005 1.005
SSBpbr Bo_Bmed_Bpbrs
2.13141e+06  1.37482e+06  322183 322183
Ro
203758
SPR SPRFo_SPRFmed_SPRFpbrs
1.45089e+06 1.00842e+06 291862
Fref
1.005
log_Ro
12.0447
likeval ReclasPelacesDesembMPH_pf_preclas_ppelaces_ptallas_desvR_qrecl_qpela
 15.2223 16.9901 0.085055 0.000810482 229.193 122.011 82.0526 0 23.456 4.42852e-06 5.40354e-07 0.433222 0 0 0
q_reclas_q_pelaces
0.742151 0.900702
M
1
N
 221289 50496.6 186685 10495.9 0.330717
 127348 74412.6 16713.1 61788.1 3474
 125643 39826.4 22613.7 5079.05 19832.9
 224141 39478.2 12170.1 6910.26 7612.55
 178960 65185.5 11014.4 3395.45 4051.86
 296198 60832.1 21850.8 3692.12 2496.41
 124703 93054.1 18585.8 6675.96 1890.75
 58577.2 32601.1 22903.1 4574.46 2108.5
 53756 20427.6 11262.1 7911.95 2308.65
 69964.6 16048 5877.49 3240.37 2940.7
 128461 19608.1 4286.6 1569.94 1651.04
 165015 44134 6655.65 1455.02 1093.31
 138066 44344.7 11220.4 1692.09 647.871
 97779.9 37900 11559.5 2924.86 609.969
 100014 22374.8 7975.12 2432.42 743.818
 519234 26808.3 5671.33 2021.45 805.079
 114171 145442 7156.34 1513.94 754.53
 787172 35155.9 43400 2135.46 676.911
 465040 241313 10435.8 12883 834.832
 371688 131594 65193.3 2819.34 3706.01
 532222 108790 36992.2 18326.4 1834.33
 713545 164553 32618.9 11091.6 6044.89
 152857 210325 46642.6 9245.85 4857.33
 449998 49354.4 66363.1 14717 4449.92
 381798 147841 15894.2 21371.7 6172.53
 172040 125172 47493.6 5105.95 8848.5
 382287 57663.2 41270.2 15659 4600.89
 428196 125768 18599.9 13312.2 6535.05
 123433 143531 41470.6 6133.1 6544.39
 94035.4 41336.2 47275.8 13659.4 4175.66
 439674 30227.4 12974.5 14838.9 5598.06
pred_Ctot
 12108.4 3229.86 11940.7 671.341 0.0211533
 12227.4 8309.56 1866.33 6899.8 387.937
 11737.3 4328.44 2457.72 552.004 2155.49
 30250.9 6166.27 1900.9 1079.34 1189.04
 8653.21 3687.26 623.036 192.066 229.196
 27694.5 6617.14 2376.86 401.618 271.551
 23450.5 20111.3 4016.85 1442.84 408.639
 1935.93 1262.76 887.125 177.186 81.6702
 6515.35 2870.39 1582.5 1111.75 324.4
 10769.6 2851.84 1044.47 575.838 522.583
 5398.47 964.706 210.898 77.2404 81.23
 28839.2 8880.35 1339.21 292.769 219.989
 22685 8400.19 2125.47 320.532 122.726
 24275.5 10725.3 3271.23 827.707 172.615
 17603.9 4533.47 1615.88 492.844 150.709
 80063.7 4772.11 1009.55 359.837 143.311
 11934 17662.3 869.057 183.85 91.629
 84186.5 4366.84 5390.86 265.252 84.0815
 69310 41547.8 1796.77 2218.11 143.736
 48923.1 20054.2 9935.13 429.653 564.777
 54446.9 12933.5 4397.84 2178.75 218.076
 91280.8 24384 4833.58 1643.58 895.752
 11945.8 19159.2 4248.82 842.232 442.469
 30701.9 3929.73 5284.01 1171.8 354.315
 26509.9 11978.1 1287.75 1731.53 500.099
 9742.31 8283.93 3143.14 337.913 585.596
 25780.9 4538.69 3248.4 1232.53 362.138
 24228 8316.57 1229.94 880.283 432.138
 7051.46 9582.16 2768.58 409.446 436.904
 7585.68 3885.54 4443.85 1283.97 392.506
 19673.4 1582.95 679.454 777.085 293.16
F
 0.0898458 0.105711 0.105711 0.105711 0.105711
 0.162394 0.191071 0.191071 0.191071 0.191071
 0.1577 0.185548 0.185548 0.185548 0.185548
 0.23504 0.276545 0.276545 0.276545 0.276545
 0.0790432 0.0930011 0.0930011 0.0930011 0.0930011
 0.157848 0.185722 0.185722 0.185722 0.185722
 0.341588 0.401908 0.401908 0.401908 0.401908
 0.0534586 0.0628987 0.0628987 0.0628987 0.0628987
 0.208874 0.245758 0.245758 0.245758 0.245758
 0.272049 0.320089 0.320089 0.320089 0.320089
 0.0683967 0.0804746 0.0804746 0.0804746 0.0804746
 0.314046 0.369502 0.369502 0.369502 0.369502
 0.292781 0.344483 0.344483 0.344483 0.344483
 0.474784 0.558624 0.558624 0.558624 0.558624
 0.316604 0.372512 0.372512 0.372512 0.372512
 0.272577 0.320711 0.320711 0.320711 0.320711
 0.177904 0.209319 0.209319 0.209319 0.209319
 0.182351 0.214552 0.214552 0.214552 0.214552
 0.262403 0.308739 0.308739 0.308739 0.308739
 0.228639 0.269013 0.269013 0.269013 0.269013
 0.173828 0.204524 0.204524 0.204524 0.204524
 0.221589 0.260718 0.260718 0.260718 0.260718
 0.130475 0.153515 0.153515 0.153515 0.153515
 0.113102 0.133074 0.133074 0.133074 0.133074
 0.115202 0.135545 0.135545 0.135545 0.135545
 0.093108 0.10955 0.10955 0.10955 0.10955
 0.111732 0.131463 0.131463 0.131463 0.131463
 0.0930284 0.109456 0.109456 0.109456 0.109456
 0.0939623 0.110555 0.110555 0.110555 0.110555
 0.134923 0.158748 0.158748 0.158748 0.158748
 0.072963 0.0858472 0.0858472 0.0858472 0.0858472
nmprior
 8 9 7.5 0
nm_flota  nm_reclas  nm_pelaces    nm_pelaL
inf 12.5302 15.9016 27.6522
cv_recla  cv_pelaces  cv_mph
0.352911 0.485023 0.878571
 ------------------------------------------------
Talla a la edad & desviación 
 8 13.2811 15.8009 17.003 17.5766
 0.8 1.32811 1.58009 1.7003 1.75766
