years
 1991 1992 1993 1994 1995 1996 1997 1998 1999 2000 2001 2002 2003 2004 2005 2006 2007 2008 2009 2010 2011 2012 2013 2014 2015 2016 2017 2018 2019 2020 2021
reclasobs
 0 0 0 0 0 0 0 0 0 252601 567819 844713 477998 351125 339783 2.1784e+06 2.13404e+06 4.81314e+06 1.55562e+06 2.62356e+06 3.21686e+06 3.843e+06 1.13348e+06 3.07943e+06 1.97215e+06 2.03268e+06 2.025e+06 2.42433e+06 2.27542e+06 1.05018e+06 2.36338e+06
reclaspred
 3.30312e+06 1.85513e+06 939431 927966 917754 1.43284e+06 905120 804072 588142 430159 496546 638283 629215 494871 504020 1.29681e+06 1.25172e+06 2.79122e+06 2.3137e+06 1.76859e+06 3.11355e+06 2.51418e+06 1.99558e+06 3.05671e+06 2.29829e+06 2.03521e+06 2.41445e+06 2.57177e+06 2.10239e+06 1.31765e+06 1.98553e+06
pelacesobs
 0 0 0 0 0 0 0 0 0 0 0 0 0 0 0 552880 188675 0 991730 2.46772e+06 1.41603e+06 1.21717e+06 2.29649e+06 1.80582e+06 0 1.4828e+06 1.56532e+06 1.57751e+06 1.42118e+06 867257 0
pelacespred
 1.7929e+06 1.12175e+06 569524 458928 471946 759414 445831 488020 345053 239306 285193 306453 331791 275894 288488 615912 595335 1.52523e+06 1.30665e+06 924936 1.57728e+06 1.38826e+06 1.09698e+06 1.83617e+06 1.33213e+06 1.17535e+06 1.58884e+06 1.67155e+06 1.12409e+06 801139 1.12911e+06
mphobs
 0 0 0 0 0 0 0 0 0 0 0 498337 0 5186 125008 0 168611 109162 213762 579715 649985 157893 87575 83554 0 0 0 0 0 0 0
mphpred
 499949 333875 166920 91036.3 98486.1 110344 143787 89878 79776.2 55282.3 36685 58623.9 63142.6 53588.6 36839.1 46818.1 149316 141413 276337 210583 231939 283676 267972 220704 305374 252205 207909 222206 310686 209933 115078
desembarqueobs
 494567 514787 250237 358949 120608 361735 552515 73892 212993 205616 52469 317467 293654 387597 252695 516296 358380 742168 942051 627588 828172 859565 418607 520667 417249 300574 407403 355545 319650 289779 219260
desembarquepred
 494574 513487 250878 358978 120613 361749 552563 73896.1 213041 205660 52471.5 317534 293707 387639 252692 516262 358404 742080 941876 627470 828239 859583 418616 520690 417249 300576 407403 355532 319644 289788 219263
Reclutas
 202407 115424 115457 191691 153437 260745 108624 49908.7 47045.2 62235.8 115991 152347 126887 89523.9 89985.4 480942 101340 731563 429395 344431 487151 653126 136593 404702 342816 154054 344931 387425 109496 82825.2 379260
log_desv_Rt
 0.101567 -0.460101 -0.459815 0.047172 -0.175425 0.354827 -0.520824 -1.29852 -1.35761 -1.07778 -0.455203 -0.182551 -0.365415 -0.71421 -0.709067 0.967032 -0.590231 1.38647 0.853662 0.633178 0.97986 1.27305 -0.291708 0.794436 0.628479 -0.17141 0.63463 0.750807 -0.512831 -0.791982 0.729508
SSB
 3.39631e+06 2.26812e+06 1.13394e+06 618439 669047 749601 976788 610570 541945 375550 249213 398251 428948 364044 250260 318050 1.01435e+06 960663 1.87725e+06 1.43056e+06 1.57564e+06 1.9271e+06 1.82042e+06 1.49931e+06 2.0745e+06 1.71331e+06 1.41239e+06 1.50952e+06 2.11059e+06 1.42614e+06 781763
BT
 4.55211e+06 3.09523e+06 1.56357e+06 1.36047e+06 1.18328e+06 2.05951e+06 1.52412e+06 1.1899e+06 1.00725e+06 750487 703060 973239 1.03202e+06 1.0397e+06 918762 1.8392e+06 1.65289e+06 4.1724e+06 3.91919e+06 2.69394e+06 4.30737e+06 4.00594e+06 2.89442e+06 4.71787e+06 3.45641e+06 2.97628e+06 4.07877e+06 4.20987e+06 2.85581e+06 2.12975e+06 2.79122e+06
Ftot
 0.125556 0.228534 0.222713 0.340622 0.115681 0.228644 0.503824 0.0804263 0.313334 0.410269 0.0989437 0.438149 0.409247 0.676724 0.458479 0.379438 0.245063 0.249297 0.35519 0.311446 0.238009 0.303617 0.178808 0.1569 0.158722 0.128076 0.154562 0.128199 0.12735 0.185677 0.104711
BD_Bspro_t
 0.98015 0.855136 0.703405 0.617064 0.605829 0.676443 0.664566 0.504525 0.561522 0.520248 0.488392 0.686091 0.572321 0.483883 0.379398 0.4385 0.607793 0.582202 0.674145 0.581661 0.55952 0.60547 0.619935 0.612892 0.713702 0.722062 0.729432 0.765174 0.808754 0.743733 0.690936
BD_Bspro
 2.60839 1.74193 0.870873 0.474964 0.513831 0.575697 0.750178 0.468921 0.416216 0.288424 0.191396 0.305859 0.329434 0.279588 0.1922 0.244264 0.779027 0.737793 1.44174 1.09867 1.2101 1.48002 1.39809 1.15148 1.59323 1.31583 1.08472 1.15931 1.62094 1.09528 0.600398
BD_Bo
 1.75701 1.17336 0.586619 0.319935 0.346116 0.387789 0.505319 0.315865 0.280363 0.194282 0.128925 0.206026 0.221907 0.18833 0.129466 0.164536 0.524752 0.496977 0.971152 0.740066 0.815121 0.996941 0.941753 0.775635 1.0732 0.886343 0.730668 0.780913 1.09187 0.737781 0.404427
BD_Brms
 10.7743 7.19525 3.59725 1.9619 2.12244 2.37799 3.0987 1.93694 1.71923 1.19137 0.790587 1.26339 1.36077 1.15487 0.793908 1.00896 3.21787 3.04755 5.95527 4.53821 4.99846 6.11341 5.77499 4.75633 6.58102 5.4352 4.48058 4.78869 6.6955 4.5242 2.48002
Sel_flota
 0.79754 0.986815 0.999297 0.999963 0.999998
 0.79754 0.986815 0.999297 0.999963 0.999998
 0.79754 0.986815 0.999297 0.999963 0.999998
 0.79754 0.986815 0.999297 0.999963 0.999998
 0.79754 0.986815 0.999297 0.999963 0.999998
 0.79754 0.986815 0.999297 0.999963 0.999998
 0.79754 0.986815 0.999297 0.999963 0.999998
 0.79754 0.986815 0.999297 0.999963 0.999998
 0.79754 0.986815 0.999297 0.999963 0.999998
 0.79754 0.986815 0.999297 0.999963 0.999998
 0.79754 0.986815 0.999297 0.999963 0.999998
 0.79754 0.986815 0.999297 0.999963 0.999998
 0.79754 0.986815 0.999297 0.999963 0.999998
 0.79754 0.986815 0.999297 0.999963 0.999998
 0.79754 0.986815 0.999297 0.999963 0.999998
 0.79754 0.986815 0.999297 0.999963 0.999998
 0.79754 0.986815 0.999297 0.999963 0.999998
 0.79754 0.986815 0.999297 0.999963 0.999998
 0.79754 0.986815 0.999297 0.999963 0.999998
 0.79754 0.986815 0.999297 0.999963 0.999998
 0.79754 0.986815 0.999297 0.999963 0.999998
 0.79754 0.986815 0.999297 0.999963 0.999998
 0.79754 0.986815 0.999297 0.999963 0.999998
 0.79754 0.986815 0.999297 0.999963 0.999998
 0.79754 0.986815 0.999297 0.999963 0.999998
 0.79754 0.986815 0.999297 0.999963 0.999998
 0.79754 0.986815 0.999297 0.999963 0.999998
 0.79754 0.986815 0.999297 0.999963 0.999998
 0.79754 0.986815 0.999297 0.999963 0.999998
 0.79754 0.986815 0.999297 0.999963 0.999998
 0.79754 0.986815 0.999297 0.999963 0.999998
Sel_reclas
 1 1 1 1 1
 1 1 1 1 1
 1 1 1 1 1
 1 1 1 1 1
 1 1 1 1 1
 1 1 1 1 1
 1 1 1 1 1
 1 1 1 1 1
 1 1 1 1 1
 1 1 1 1 1
 1 1 1 1 1
 1 1 1 1 1
 1 1 1 1 1
 1 1 1 1 1
 1 1 1 1 1
 1 1 1 1 1
 1 1 1 1 1
 1 1 1 1 1
 1 1 1 1 1
 1 1 1 1 1
 1 1 1 1 1
 1 1 1 1 1
 1 1 1 1 1
 1 1 1 1 1
 1 1 1 1 1
 1 1 1 1 1
 1 1 1 1 1
 1 1 1 1 1
 1 1 1 1 1
 1 1 1 1 1
 1 1 1 1 1
Sel_pelaces
 1 1 1 1 1
 1 1 1 1 1
 1 1 1 1 1
 1 1 1 1 1
 1 1 1 1 1
 1 1 1 1 1
 1 1 1 1 1
 1 1 1 1 1
 1 1 1 1 1
 1 1 1 1 1
 1 1 1 1 1
 1 1 1 1 1
 1 1 1 1 1
 1 1 1 1 1
 1 1 1 1 1
 1 1 1 1 1
 1 1 1 1 1
 1 1 1 1 1
 1 1 1 1 1
 1 1 1 1 1
 1 1 1 1 1
 1 1 1 1 1
 1 1 1 1 1
 1 1 1 1 1
 1 1 1 1 1
 1 1 1 1 1
 1 1 1 1 1
 1 1 1 1 1
 1 1 1 1 1
 1 1 1 1 1
 1 1 1 1 1
pf_obs 
 0.8446 0.082 0.0669 0.0065 0
 0.8095 0.147 0.0364 0.0071 0
 0.9664 0.0169 0.016 0.0007 0
 0.9276 0.0648 0.0075 0.0001 0
 0.7033 0.2144 0.0806 0.0017 0
 0.9318 0.0425 0.0243 0.0014 0
 0.5671 0.3108 0.0964 0.0239 0.0018
 0.0768 0.2599 0.5324 0.112 0.0189
 0.490249 0.384438 0.106611 0.0170017 0.00170017
 0.7925 0.1577 0.0466 0.003 0.0002
 0.840416 0.127587 0.0312969 0.00059994 9.999e-05
 0.8084 0.0986 0.0794 0.0134 0.0002
 0.7335 0.1905 0.0724 0.0035 0.0001
 0.4001 0.4547 0.1325 0.0127 0
 0.49795 0.308269 0.164784 0.0264974 0.00249975
 0.9179 0.0499 0.0305 0.0017 0
 0.2467 0.6533 0.0926 0.0074 0
 0.9418 0.0223 0.034 0.0019 0
 0.707729 0.231977 0.0356964 0.0245975 0
 0.517169 0.277429 0.184464 0.0207286 0.00020938
 0.811772 0.124168 0.05621 0.00726502 0.000585176
 0.764997 0.148141 0.077277 0.00933861 0.000247198
 0.163321 0.427699 0.378323 0.0303852 0.000271297
 0.753843 0.0900009 0.118128 0.0371064 0.000921714
 0.721811 0.176058 0.0630433 0.0369309 0.00215725
 0.143369 0.312575 0.442814 0.0836902 0.0175525
 0.692698 0.0596174 0.167031 0.0765114 0.00414204
 0.394062 0.376323 0.152708 0.0712218 0.00568511
 0.125707 0.32114 0.495352 0.0537591 0.00404204
 0.23352 0.215282 0.420074 0.123614 0.00750983
 0 0 0 0 0
pf_pred 
 0.43603 0.12188 0.417542 0.0245478 7.92984e-07
 0.409467 0.290601 0.0654778 0.221444 0.0130105
 0.556126 0.207355 0.117233 0.0260561 0.0932303
 0.732583 0.163939 0.0487009 0.0271607 0.0276156
 0.64427 0.276727 0.0487122 0.0142621 0.0160286
 0.742565 0.178244 0.0617825 0.0107371 0.00667196
 0.471935 0.414281 0.0791179 0.0270494 0.00761629
 0.449376 0.296015 0.200437 0.0376777 0.0164945
 0.532255 0.235455 0.125613 0.0839919 0.0226851
 0.695033 0.180719 0.0630022 0.0331311 0.028115
 0.810266 0.141575 0.0287178 0.00986185 0.0095791
 0.730675 0.226605 0.0319816 0.00640517 0.00433307
 0.675395 0.25252 0.0608001 0.00845002 0.00283484
 0.621388 0.275805 0.0802484 0.0190302 0.00352922
 0.728909 0.18607 0.0622287 0.0177944 0.00499769
 0.931176 0.0534912 0.0105762 0.00348257 0.00127447
 0.376356 0.589656 0.0265045 0.00516314 0.00232045
 0.894551 0.0455233 0.0567023 0.00251377 0.000709238
 0.596448 0.369254 0.0149243 0.0183332 0.0010413
 0.610131 0.254797 0.12375 0.00492872 0.00639339
 0.729814 0.179933 0.0592773 0.0283803 0.00259454
 0.738042 0.202579 0.039729 0.0129094 0.00674074
 0.316857 0.533946 0.115755 0.0223804 0.0110609
 0.736173 0.0968903 0.13086 0.0279952 0.00808192
 0.624165 0.292354 0.0309163 0.0412116 0.0113538
 0.432917 0.38256 0.143967 0.015026 0.02553
 0.728804 0.132193 0.0941704 0.0349847 0.00984839
 0.684882 0.242943 0.035421 0.0249049 0.0118486
 0.336445 0.484404 0.138536 0.0199399 0.0206756
 0.419278 0.224716 0.260802 0.0736318 0.0215719
 0.848469 0.0721446 0.0309739 0.0354724 0.0129397
pobs_RECLAS
 0 0 0 0 0
 0 0 0 0 0
 0 0 0 0 0
 0 0 0 0 0
 0 0 0 0 0
 0 0 0 0 0
 0 0 0 0 0
 0 0 0 0 0
 0 0 0 0 0
 0 0 0 0 0
 0.991045 0.00858322 0.000360255 1.14367e-05 0
 0.934742 0.0480273 0.0164251 0.00080598 0
 0.827803 0.169806 0.00239088 0 0
 0.941827 0.0461693 0.0120037 0 0
 0.791401 0.0380133 0.147996 0.0225897 0
 0.846168 0.0940531 0.0597789 0 0
 0.134021 0.677848 0.182769 0.00536245 0
 0.80878 0.0450904 0.141981 0.00414843 0
 0.846168 0.0940531 0.0597789 0 0
 0.905697 0.0802665 0.012482 0.00150086 5.37128e-05
 0.989698 0.0102097 9.19794e-05 0 0
 0.975433 0.0193895 0.00387452 0.00125025 5.28907e-05
 0.303575 0.632131 0.0575291 0.00676475 0
 0.966965 0.00978017 0.0227588 0.000495775 0
 0.843318 0.132988 0.00938335 0.0141283 0.000182051
 0.564624 0.303363 0.111486 0.0197234 0.00080311
 0.826376 0.0876187 0.0782897 0.00655872 0.00115652
 0.89761 0.0855135 0.0140674 0.00269457 0.000114338
 0.34875 0.467042 0.161289 0.0227151 0.000203297
 0.318654 0.224769 0.449479 0.00709798 0
 0.937255 0.0296025 0.0250945 0.00804832 0
ppred_RECLAS
 0.49195 0.110896 0.375114 0.0220385 7.11901e-07
 0.464509 0.265307 0.0590151 0.199451 0.0117179
 0.610528 0.183222 0.102267 0.0227142 0.0812699
 0.774291 0.139087 0.0407833 0.0227293 0.0231091
 0.692479 0.239911 0.0416985 0.0122004 0.013711
 0.782538 0.151168 0.0517284 0.00898364 0.0055822
 0.528622 0.370884 0.0698924 0.0238785 0.00672319
 0.504248 0.268093 0.179247 0.0336719 0.0147404
 0.587803 0.208864 0.109989 0.0734944 0.0198492
 0.740921 0.154369 0.0531132 0.0279113 0.0236846
 0.841527 0.118637 0.0237617 0.00815442 0.00792034
 0.772491 0.191826 0.0267181 0.00534728 0.00361727
 0.722544 0.216474 0.0514404 0.00714421 0.00239668
 0.67449 0.238011 0.06831 0.0161873 0.00300189
 0.771378 0.15758 0.0520075 0.0148612 0.00417372
 0.9442 0.0434962 0.00848815 0.00279306 0.0010221
 0.42879 0.540461 0.0239824 0.00466863 0.00209813
 0.913967 0.0374144 0.0460055 0.00203816 0.000575027
 0.648384 0.322097 0.0128495 0.0157735 0.000895881
 0.661822 0.222011 0.106435 0.00423621 0.00549489
 0.771259 0.152998 0.0497593 0.0238071 0.00217638
 0.778625 0.171705 0.0332403 0.0107935 0.00563573
 0.366029 0.496909 0.106358 0.0205495 0.0101557
 0.777305 0.0824534 0.10995 0.0235061 0.0067857
 0.673911 0.254398 0.0265615 0.0353826 0.00974755
 0.487345 0.347287 0.129041 0.0134592 0.0228671
 0.770451 0.112636 0.0792224 0.0294116 0.00827923
 0.729964 0.208808 0.0300594 0.0211209 0.0100479
 0.386849 0.449159 0.126833 0.0182431 0.0189156
 0.474644 0.204911 0.234794 0.066244 0.0194069
 0.874814 0.060011 0.0254398 0.0291149 0.0106202
pobs_PELACES
 0 0 0 0 0
 0 0 0 0 0
 0 0 0 0 0
 0 0 0 0 0
 0 0 0 0 0
 0 0 0 0 0
 0 0 0 0 0
 0 0 0 0 0
 0 0 0 0 0
 0 0 0 0 0
 0 0 0 0 0
 0 0 0 0 0
 0 0 0 0 0
 0 0 0 0 0
 0 0 0 0 0
 0 0 0 0 0
 0.505614 0.472636 0.0217494 0 0
 0 0 0 0 0
 0.443492 0.261883 0.143347 0.151278 0
 0.227955 0.32914 0.350689 0.0885471 0.00366901
 0.970185 0.0296113 0.000203453 0 0
 0.997202 0.00247181 0.000326279 0 0
 0.445219 0.490057 0.0546422 0.010081 0
 0.90214 0.0892962 0.00764917 0.000914606 0
 0 0 0 0 0
 0.581667 0.319106 0.0959925 0.00289975 0.000334073
 0.762889 0.0836404 0.116647 0.0363945 0.000428098
 0.88444 0.0763242 0.0277011 0.0115352 0
 0.521256 0.241999 0.230069 0.00667565 0
 0.616807 0.101726 0.260614 0.0208532 0
 0 0 0 0 0
ppred_PELACES
 0.494012 0.110491 0.37355 0.021946 7.08913e-07
 0.468185 0.263616 0.0585838 0.197984 0.0116317
 0.613949 0.181703 0.101326 0.0225042 0.0805183
 0.778083 0.136826 0.040064 0.0223268 0.0226998
 0.694038 0.23872 0.0414717 0.0121338 0.0136361
 0.785007 0.149495 0.0511077 0.0088754 0.00551492
 0.536567 0.364797 0.0686027 0.0234352 0.00659836
 0.505542 0.267434 0.178748 0.0335774 0.014699
 0.592694 0.20652 0.108615 0.072571 0.0195997
 0.745943 0.151484 0.0520323 0.0273408 0.0232004
 0.842363 0.118023 0.0236292 0.00810875 0.00787598
 0.777314 0.187813 0.026112 0.00522547 0.00353485
 0.727714 0.212521 0.0504158 0.00700129 0.00234872
 0.683865 0.231331 0.0662081 0.0156869 0.00290907
 0.776492 0.154146 0.0507783 0.0145085 0.00407465
 0.945454 0.0425339 0.00828739 0.00272677 0.000997842
 0.432557 0.536926 0.0238015 0.00463317 0.00208219
 0.915229 0.0368871 0.0453106 0.00200726 0.00056631
 0.653454 0.317493 0.0126473 0.0155241 0.000881712
 0.666261 0.219194 0.10495 0.00417681 0.00541783
 0.773929 0.151262 0.0491466 0.0235127 0.00214946
 0.781925 0.169194 0.0327132 0.0106217 0.00554597
 0.368662 0.494924 0.105855 0.0204515 0.0101072
 0.779067 0.0818345 0.109054 0.0233137 0.00673017
 0.676118 0.252713 0.0263683 0.0351242 0.00967632
 0.489387 0.345964 0.128482 0.0134005 0.0227672
 0.772212 0.111809 0.0785905 0.029176 0.0082129
 0.731563 0.207597 0.0298693 0.0209867 0.00998408
 0.388771 0.447815 0.126387 0.0181785 0.0188485
 0.477655 0.203833 0.23338 0.0658425 0.0192892
 0.875554 0.0596702 0.0252844 0.0289365 0.0105551
pobs_pel_tallas
 0 0 0 0 0 0 0 0 0 0 0 0 0 0 0 0 0 0 0 0 0 0 0 0 0 0
 0 0 0 0 0 0 0 0 0 0 0 0 0 0 0 0 0 0 0 0 0 0 0 0 0 0
 0 0 0 0 0 0 0 0 0 0 0 0 0 0 0 0 0 0 0 0 0 0 0 0 0 0
 0 0 0 0 0 0 0 0 0 0 0 0 0 0 0 0 0 0 0 0 0 0 0 0 0 0
 0 0 0 0 0 0 0 0 0 0 0 0 0 0 0 0 0 0 0 0 0 0 0 0 0 0
 0 0 0 0 0 0 0 0 0 0 0 0 0 0 0 0 0 0 0 0 0 0 0 0 0 0
 0 0 0 0 0 0 0 0 0 0 0 0 0 0 0 0 0 0 0 0 0 0 0 0 0 0
 0 0 0 0 0 0 0 0 0 0 0 0 0 0 0 0 0 0 0 0 0 0 0 0 0 0
 0 0 0 0 0 0 0 0 0 0 0 0 0 0 0 0 0 0 0 0 0 0 0 0 0 0
 0 0 0 0 0 0 0 0 0 0 0 0 0 0 0 0 0 0 0 0 0 0 0 0 0 0
 0 0 0 0 0 0 0 0 0 0 0 0 0 0 0 0 0 0 0 0 0 0 0 0 0 0
 0 0 0 0 0 0 0 0 0 0 0 0 0 0 0 0 0 0 0 0 0 0 0 0 0 0
 0.00862536 0 0 0.000197151 0.00414017 0.0128641 0.00837892 0.0270097 0.101434 0.158115 0.152841 0.127902 0.109271 0.109419 0.0830992 0.0579132 0.0238553 0.00714673 0.00463305 0.00128148 0.00103504 0.000492878 0.000147863 0.000147863 4.92878e-05 0
 0 0 0 0 0 0 0 0 0 0 0 0 0 0 0 0 0 0 0 0 0 0 0 0 0 0
 0 0 0 0 0 0 0 0.0054083 0.00873648 0.0413646 0.0450493 0.0745869 0.0622846 0.0627006 0.0613931 0.0827291 0.12552 0.122667 0.0946155 0.0697135 0.0546179 0.0294188 0.0215738 0.0213955 0.0102223 0.00600262
 0 0 0 0 0.00359764 0.0251062 0.0480494 0.140153 0.205849 0.193036 0.1447 0.116669 0.0760912 0.0342217 0.00950174 0.001854 0.000860785 0 0 0 0.000165536 0 0.000143464 0 0 0
 0 0 0 0 0 0 0 0.000145254 0.000435761 0.0275982 0.070085 0.0708112 0.156366 0.174668 0.174014 0.160142 0.0824315 0.0480064 0.0283245 0.00493863 0.00203355 0 0 0 0 0
 0 0 0 0 0 0 0 0 0 0 0 0 0 0 0 0 0 0 0 0 0 0 0 0 0 0
 0 0 1.00437e-05 0.000401748 0.00122533 0.00171747 0.00176769 0.0269171 0.070346 0.194647 0.189555 0.159765 0.064822 0.0314167 0.0384472 0.0292271 0.0345202 0.0313363 0.0194345 0.0106764 0.0143323 0.0359363 0.0279516 0.0138201 0.00172751 0
 0 0.0021121 0.0136068 0.0755702 0.200478 0.177729 0.0527432 0.0373336 0.0318909 0.0142505 0.0149659 0.0166563 0.0217959 0.0798694 0.0677717 0.0528807 0.04013 0.0224614 0.0357745 0.0225083 0.00881397 0.00855152 0.00135912 0.000746735 0 0
 0 0 0 0 5.4009e-05 0.00500934 0.000945158 0.0243581 0.138947 0.33067 0.221406 0.137944 0.0707744 0.0437923 0.0131692 0.00525238 0.0047753 0.00276346 9.45158e-05 9.00151e-06 2.25038e-05 9.00151e-06 4.50075e-06 0 0 0
 0.000866109 0.00284123 0.00948549 0.0512746 0.133035 0.25785 0.225252 0.132002 0.0553304 0.0519788 0.0540692 0.017754 0.00435017 0.00159236 0.00146478 0.000404838 0.000125132 0.000115318 0.000107957 0.000100596 0 0 0 0 0 0
 0 0 0 0 0.00144013 0.00171154 0.00461396 0.0210425 0.0478622 0.0707936 0.0888783 0.103762 0.0637923 0.0337046 0.0602308 0.124433 0.169614 0.0934646 0.0462172 0.0250306 0.0313229 0.00938855 0.002487 0.000210481 0 0
 0 0.00764035 0.051015 0.0998891 0.058973 0.0496711 0.0374665 0.0718981 0.12319 0.153886 0.159021 0.0857701 0.0377988 0.023471 0.0147837 0.00900784 0.00315554 0.000888139 0.00291439 0.00214683 0.00393193 0.00274676 0.000635225 9.99891e-05 0 0
 0 0 0 0 0 0 0 0 0 0 0 0 0 0 0 0 0 0 0 0 0 0 0 0 0 0
 0 0 0 0 0 0 0 0 0 0 0 0 0 0 0 0 0 0 0 0 0 0 0 0 0 0
 0 0 0 0 0 0 0 0 0 0 0 0 0 0 0 0 0 0 0 0 0 0 0 0 0 0
 0 0 0 0 0 0 0 0 0 0 0 0 0 0 0 0 0 0 0 0 0 0 0 0 0 0
 0 0 0 0 0 0 0 0 0 0 0 0 0 0 0 0 0 0 0 0 0 0 0 0 0 0
 0 0 0 0 0 0 0 0 0 0 0 0 0 0 0 0 0 0 0 0 0 0 0 0 0 0
 0 0 0 0 0 0 0 0 0 0 0 0 0 0 0 0 0 0 0 0 0 0 0 0 0 0
ppred_pel_tallas
 1.1301e-16 4.06911e-05 0.000395532 0.00262845 0.0119486 0.0371765 0.0792089 0.11561 0.115621 0.0792639 0.0373629 0.012494 0.00402436 0.0035313 0.0062548 0.0109492 0.0173319 0.0250413 0.033612 0.0426333 0.0516455 0.0597828 0.0655893 0.0674051 0.0641985 0.0562503
 1.23582e-16 3.85638e-05 0.000374854 0.00249104 0.0113239 0.035233 0.0750686 0.10957 0.109596 0.0751933 0.0356521 0.0125358 0.00553904 0.00704964 0.0127804 0.0212498 0.0310669 0.0401162 0.0463589 0.0490893 0.0494353 0.0495512 0.0510869 0.0541103 0.0571788 0.0583101
 1.18854e-16 5.05702e-05 0.00049156 0.00326659 0.0148495 0.0462023 0.0984395 0.143679 0.143697 0.0985258 0.0464925 0.0156896 0.00538255 0.00513445 0.00893929 0.0148885 0.0218999 0.0285325 0.0333784 0.0358795 0.0366635 0.0370343 0.0380149 0.0397011 0.0413287 0.0418388
 1.07272e-16 6.40897e-05 0.000622975 0.00413989 0.0188193 0.058554 0.124756 0.182088 0.182101 0.124821 0.0587713 0.0194474 0.00571878 0.00407727 0.00664724 0.0109494 0.0159167 0.0203447 0.023065 0.0235795 0.0223606 0.0205031 0.0190042 0.0182351 0.0179202 0.0174938
 1.04783e-16 5.71671e-05 0.000555684 0.00369272 0.0167866 0.0522294 0.111281 0.162423 0.162446 0.111394 0.0526072 0.0178781 0.00643336 0.00654132 0.0114334 0.018834 0.0271808 0.0343021 0.0380274 0.0373701 0.0331126 0.0272581 0.021804 0.0177918 0.0151855 0.0133752
 1.03337e-16 6.466e-05 0.000628519 0.00417673 0.0189868 0.0590751 0.125866 0.183708 0.183723 0.125937 0.0593125 0.0196732 0.00590192 0.00440244 0.00725498 0.0119517 0.0173511 0.022114 0.0249136 0.0251298 0.0231877 0.0202101 0.0172789 0.0149014 0.0129989 0.0112515
 1.0554e-16 4.41964e-05 0.000429605 0.00285488 0.0129779 0.0403792 0.0860334 0.125576 0.125611 0.0862054 0.0409567 0.0146463 0.00704449 0.00958078 0.0174394 0.0288019 0.0415834 0.0525005 0.0582318 0.0572483 0.0507056 0.0416131 0.0329766 0.0263736 0.0217909 0.0183955
 1.11082e-16 4.16409e-05 0.000404764 0.0026898 0.0122275 0.0380443 0.0810584 0.118313 0.118339 0.0811856 0.038472 0.0134657 0.00580905 0.007251 0.0131523 0.0219614 0.0322967 0.0420078 0.0488949 0.0519036 0.0516305 0.0496548 0.04729 0.0448211 0.0417126 0.0373734
 1.13782e-16 4.88195e-05 0.000474543 0.00315351 0.0143354 0.0446028 0.0950318 0.138706 0.138726 0.0951298 0.0449325 0.0152897 0.00555659 0.00574603 0.0101365 0.0168836 0.0248029 0.0322376 0.0375455 0.0400274 0.0403104 0.0397803 0.0395261 0.0396571 0.0394325 0.0379267
 1.08209e-16 6.14424e-05 0.000597242 0.00396888 0.018042 0.0561353 0.119603 0.174567 0.174582 0.119674 0.0563761 0.0187383 0.00571978 0.00442983 0.00737129 0.0121724 0.01773 0.0227335 0.025903 0.0266887 0.0255951 0.0237921 0.0223267 0.0215563 0.0211484 0.020488
 1.02859e-16 6.93844e-05 0.000674441 0.0044819 0.0203741 0.0633913 0.135062 0.19713 0.197141 0.135118 0.0635782 0.0209141 0.00583824 0.00363772 0.0057043 0.00933964 0.0134935 0.017069 0.0190008 0.0188085 0.0168776 0.0141852 0.0116927 0.00988155 0.00870255 0.00783412
 1.01924e-16 6.40264e-05 0.000622359 0.0041358 0.0188007 0.0584962 0.124633 0.181909 0.181927 0.124721 0.0587932 0.0196585 0.00628889 0.00532247 0.00899007 0.0147602 0.0212545 0.026724 0.0294301 0.0285708 0.0247516 0.0195682 0.0146462 0.010889 0.00836467 0.00667723
 1.02609e-16 5.99409e-05 0.000582646 0.00387189 0.0176011 0.0547636 0.11668 0.170303 0.170323 0.116781 0.0551003 0.018574 0.00631567 0.00592239 0.0102156 0.0168311 0.0243269 0.0307714 0.0342281 0.0337892 0.030089 0.0248247 0.0196956 0.0156009 0.0125652 0.010184
 1.04036e-16 5.63291e-05 0.000547539 0.00363859 0.0165405 0.0514638 0.10965 0.160042 0.160064 0.109759 0.0518307 0.0176011 0.00630348 0.00637384 0.0111475 0.0184077 0.0266703 0.0338712 0.0379352 0.0378931 0.0344226 0.0293155 0.024326 0.0203212 0.0172348 0.014584
 1.0365e-16 6.39587e-05 0.000621701 0.00413142 0.0187809 0.0584343 0.124501 0.181716 0.181731 0.124574 0.0586791 0.0194885 0.00591002 0.00451234 0.00747641 0.0123203 0.0178864 0.0227977 0.0256909 0.025934 0.0239748 0.020978 0.0180581 0.015725 0.0138726 0.0121422
 1.00693e-16 7.78758e-05 0.000756981 0.0050304 0.0228675 0.0711492 0.151591 0.221253 0.221257 0.151611 0.0712166 0.0230621 0.00551901 0.0018243 0.00210696 0.00336539 0.00485324 0.00613031 0.00680577 0.00670161 0.00595246 0.00490817 0.00391732 0.00316147 0.00263688 0.00224496
 1.01642e-16 3.56292e-05 0.000346329 0.00230148 0.0104622 0.0325522 0.0693577 0.10124 0.101292 0.0696101 0.0333994 0.0129083 0.00843729 0.0137269 0.0254068 0.0418386 0.0600139 0.0749365 0.0815381 0.077482 0.0645827 0.0476416 0.0316688 0.0196254 0.0119694 0.0076259
 1.01615e-16 7.53862e-05 0.000732781 0.00486958 0.0221364 0.0688747 0.146745 0.214179 0.214183 0.146763 0.0689343 0.0223094 0.00530686 0.00169717 0.00193566 0.00315533 0.0047111 0.00628301 0.00758642 0.0084683 0.00895447 0.00915596 0.00912437 0.00879723 0.00807554 0.00694663
 1.02153e-16 5.38242e-05 0.000523191 0.00347679 0.015805 0.0491753 0.104774 0.152928 0.152958 0.104924 0.0496764 0.0172516 0.00710565 0.00843746 0.0150624 0.024759 0.0355291 0.0444062 0.0484126 0.0461924 0.038842 0.0292081 0.0202299 0.0135973 0.00949086 0.00718106
 1.04421e-16 5.48791e-05 0.000533444 0.00354492 0.0161147 0.050139 0.106827 0.155922 0.155943 0.106931 0.050488 0.0171242 0.00608419 0.00609458 0.0106687 0.0176864 0.0257868 0.0330781 0.0376403 0.0385416 0.0363141 0.0324472 0.0283519 0.0246535 0.0212415 0.0177887
 1.04179e-16 6.37475e-05 0.000619649 0.00411778 0.0187189 0.0582414 0.12409 0.181116 0.181131 0.124161 0.0584816 0.0194134 0.00586363 0.00443912 0.00734219 0.0121022 0.0175817 0.0224377 0.0253455 0.0257003 0.0239537 0.0212493 0.0186616 0.0166495 0.0150528 0.0134661
 1.02992e-16 6.44062e-05 0.000626051 0.00416033 0.0189123 0.0588432 0.125372 0.182988 0.183004 0.125452 0.0591111 0.0196862 0.00610392 0.00487166 0.00813575 0.0133698 0.0193052 0.024388 0.0270801 0.0266773 0.0237193 0.019602 0.015714 0.0127755 0.0107638 0.00927392
 1.06943e-16 3.03663e-05 0.000295171 0.00196152 0.00891681 0.0277438 0.0591128 0.0862868 0.0863346 0.0593462 0.0285276 0.0111816 0.00764919 0.0127207 0.0236561 0.0391317 0.0565348 0.0714435 0.0793534 0.0781694 0.0694138 0.0571063 0.0452697 0.0360284 0.0294089 0.0243771
 1.06646e-16 6.41708e-05 0.000623763 0.00414512 0.0188431 0.058628 0.124913 0.182317 0.182325 0.124953 0.0587607 0.0192285 0.00512031 0.00277828 0.0042315 0.00709174 0.0106729 0.0143937 0.0176856 0.0202624 0.0222059 0.0237309 0.0248471 0.0252452 0.0245056 0.0224277
 1.05986e-16 5.5691e-05 0.000541336 0.00359737 0.0163531 0.0508808 0.108408 0.15823 0.158254 0.108527 0.0512804 0.0175072 0.00649423 0.00686546 0.0120677 0.019868 0.0286345 0.0360649 0.0398694 0.0390387 0.0344667 0.0283553 0.0228781 0.0191315 0.0169867 0.0156447
 1.08993e-16 4.03102e-05 0.00039183 0.00260385 0.0118367 0.0368286 0.0784685 0.114534 0.114568 0.0786322 0.0373784 0.0134262 0.00659984 0.00913561 0.0167065 0.027713 0.0402863 0.0514342 0.0581112 0.0588907 0.0547464 0.0482428 0.041834 0.0366431 0.0324504 0.0284974
 1.06613e-16 6.36061e-05 0.000618274 0.00410865 0.0186773 0.0581121 0.123814 0.180713 0.180724 0.123868 0.0582912 0.0191959 0.00541564 0.00348915 0.00556822 0.00924262 0.0136337 0.0178347 0.0209604 0.0226068 0.0230443 0.0229185 0.0227143 0.0224386 0.0217297 0.0202174
 1.0471e-16 6.02579e-05 0.000585729 0.00389237 0.0176942 0.0550533 0.117298 0.171203 0.171223 0.117395 0.0553817 0.0186429 0.00627436 0.0057873 0.00994428 0.0163596 0.0235996 0.0297678 0.0329833 0.0324055 0.0287415 0.0237621 0.0192186 0.0160009 0.0140277 0.0126972
 1.08775e-16 3.20227e-05 0.000311272 0.00206851 0.00940319 0.029257 0.0623368 0.0909914 0.0910347 0.0625482 0.0299673 0.011456 0.0072262 0.0115869 0.0214945 0.0356097 0.0515881 0.0654903 0.0733008 0.0731476 0.0663598 0.0564384 0.0468216 0.0392246 0.0335305 0.0287746
 1.16655e-16 3.93438e-05 0.000382436 0.00254142 0.011553 0.0359456 0.0765867 0.111785 0.111805 0.0766845 0.0362751 0.0125089 0.00495765 0.00571249 0.0103254 0.0174368 0.0261228 0.0349757 0.0425493 0.0481506 0.0520922 0.0551067 0.0574507 0.0585269 0.0573158 0.0531705
 1.05434e-16 7.21182e-05 0.000701015 0.00465849 0.0211768 0.065889 0.140384 0.204895 0.204901 0.140412 0.0659841 0.0214522 0.00535165 0.00222098 0.00297935 0.004867 0.0071399 0.00927766 0.0108164 0.0115814 0.0117935 0.0118932 0.0122149 0.0127669 0.0132594 0.0133121
pSPR Fmed_Fpbrs
0.658821   0.213074 0.213074
Fs Fmed_Fpbrs
0.225247   1.005 1.005
SSBpbr Bo_Bmed_Bpbrs
1.93301e+06  1.17686e+06  315225 315225
Ro
182859
SPR SPRFo_SPRFmed_SPRFpbrs
1.30208e+06 857834 277439
Fref
1.005
log_Ro
11.9365
likeval ReclasPelacesDesembMPH_pf_preclas_ppelaces_ptallas_desvR_qrecl_qpela
 14.1076 17.0281 0.0662609 0.00081498 228.917 121.293 82.2136 0 24.1488 1.28822e-06 0 0.337937 0 0 0
q_reclas_q_pelaces
0.851434 1
M
1
N
 202407 46172.3 156304 9183.46 0.29665
 115424 67366.4 15006.4 50720.6 2979.89
 115457 35387.1 19779.1 4393.41 15719.4
 191691 35562 10449.7 5824.48 5921.84
 153437 53743.7 9347.84 2735.16 3073.83
 260745 51471.6 17638.3 3063.46 1903.56
 108624 79933 15110.7 5163.36 1453.8
 49908.7 26737.6 17885.8 3359.97 1470.88
 47045.2 17219.7 9085.73 6071.7 1639.84
 62235.8 13480.1 4649.92 2443.89 2073.82
 115991 16506 3308.03 1135.27 1102.68
 152347 39432.9 5507.36 1102.39 745.737
 126887 39516.7 9414.28 1307.67 438.687
 89523.9 33680.2 9707.24 2300.83 426.687
 89985.4 19197.7 6354.14 1815.98 510.017
 480942 22965.5 4492.26 1478.39 541.01
 101340 130729 5809.86 1131.09 508.327
 731563 30662.4 37761.8 1673.08 472.03
 429395 220602 8820.04 10828.4 615.021
 344431 118997 57159.9 2275.24 2951.29
 487151 98839.9 32193.3 15404 1408.19
 653126 148228 28749.8 9336.37 4874.91
 136593 188599 40412.5 7808.61 3859.07
 404702 43571.4 58158.5 12434.3 3589.52
 342816 131370 13729.8 18290.5 5038.86
 154054 111120 41321.7 4310.09 7322.82
 344931 51170.3 36025.2 13375.2 3765.06
 387425 112177 16161.6 11356.2 5402.56
 109496 128674 36363.6 5230.61 5423.43
 82825.2 36390.8 41746.1 11778.9 3450.75
 379260 26275.8 11146.1 12756.8 4653.27
pred_Ctot
 12291.6 3435.77 11770.4 691.997 0.0223541
 12339 8757.04 1973.13 6673.06 392.061
 12050.7 4493.17 2540.32 564.609 2020.21
 29469.2 6594.71 1959.06 1092.58 1110.88
 8612.72 3699.34 651.193 190.659 214.273
 27886.3 6693.77 2320.18 403.22 250.559
 23472 20604.5 3934.98 1345.32 378.801
 1970.39 1297.94 878.864 165.207 72.3242
 6710.8 2968.68 1583.76 1058.99 286.02
 11274.1 2931.43 1021.96 537.418 456.052
 5599.45 978.371 198.458 68.1516 66.1976
 29217.8 9061.34 1278.86 256.126 173.268
 22935.9 8575.39 2064.73 286.956 96.269
 24651.3 10941.6 3183.57 754.954 140.009
 17944.6 4580.75 1531.98 438.07 123.035
 81359.5 4673.68 924.076 304.282 111.354
 11555.3 18104.3 813.773 158.525 71.2452
 84742.8 4312.52 5371.53 238.135 67.1876
 68518.9 42419.2 1714.47 2106.08 119.622
 48864.9 20406.5 9911.01 394.737 512.041
 54071.1 13331.1 4391.79 2102.66 192.226
 90555.9 24855.9 4874.65 1583.95 827.072
 11609.9 19564.2 4241.36 820.034 405.279
 30399.2 4000.94 5403.66 1156.02 333.731
 26034.1 12194.2 1289.53 1718.95 473.57
 9535.15 8426.01 3170.92 330.954 562.308
 25542.8 4633.03 3300.44 1226.13 345.162
 24001.6 8513.92 1241.33 872.792 415.231
 6740.42 9704.68 2775.46 399.48 414.22
 7293.97 3909.27 4537.04 1280.93 375.276
 19339.2 1644.4 705.991 808.526 294.935
F
 0.100136 0.1239 0.125468 0.125551 0.125556
 0.182265 0.225521 0.228374 0.228526 0.228534
 0.177622 0.219776 0.222556 0.222704 0.222712
 0.27166 0.336131 0.340383 0.34061 0.340622
 0.09226 0.114156 0.115599 0.115676 0.115681
 0.182352 0.225629 0.228483 0.228635 0.228643
 0.40182 0.497182 0.50347 0.503806 0.503823
 0.0641432 0.0793659 0.0803698 0.0804233 0.0804262
 0.249897 0.309203 0.313114 0.313323 0.313334
 0.327206 0.40486 0.409981 0.410254 0.410268
 0.0789116 0.0976392 0.0988742 0.0989401 0.0989435
 0.349441 0.432372 0.437841 0.438133 0.438148
 0.326391 0.403851 0.408959 0.409232 0.409246
 0.539714 0.667802 0.676248 0.676699 0.676723
 0.365655 0.452434 0.458157 0.458462 0.458478
 0.302617 0.374435 0.379171 0.379424 0.379437
 0.195447 0.241831 0.24489 0.245053 0.245062
 0.198825 0.24601 0.249122 0.249288 0.249297
 0.283278 0.350507 0.35494 0.355176 0.355189
 0.248391 0.30734 0.311227 0.311435 0.311446
 0.189822 0.234871 0.237842 0.238 0.238008
 0.242147 0.299614 0.303404 0.303606 0.303617
 0.142607 0.176451 0.178682 0.178801 0.178808
 0.125134 0.154831 0.15679 0.156894 0.1569
 0.126587 0.156629 0.15861 0.158716 0.158721
 0.102145 0.126387 0.127986 0.128071 0.128075
 0.123269 0.152524 0.154453 0.154556 0.154562
 0.102244 0.126508 0.128109 0.128194 0.128198
 0.101567 0.125671 0.127261 0.127346 0.12735
 0.148085 0.183229 0.185546 0.18567 0.185676
 0.0835109 0.10333 0.104637 0.104707 0.10471
nmprior
 8 9 7.5 0
nm_flota  nm_reclas  nm_pelaces    nm_pelaL
inf 12.8861 16.115 28.098
cv_recla  cv_pelaces  cv_mph
0.339744 0.485565 0.881006
 ------------------------------------------------
Talla a la edad & desviación 
 8 13.2811 15.8009 17.003 17.5766
 0.8 1.32811 1.58009 1.7003 1.75766
