years
 1991 1992 1993 1994 1995 1996 1997 1998 1999 2000 2001 2002 2003 2004 2005 2006 2007 2008 2009 2010 2011 2012 2013 2014 2015 2016 2017 2018 2019 2020 2021
reclasobs
 0 0 0 0 0 0 0 0 0 252601 567819 844713 477998 351125 339783 2.1784e+06 2.13404e+06 4.81314e+06 1.55562e+06 2.62356e+06 3.21686e+06 3.843e+06 1.13348e+06 3.07943e+06 1.97215e+06 2.03268e+06 2.025e+06 2.42433e+06 2.27542e+06 1.05018e+06 2.36338e+06
reclaspred
 3.39733e+06 1.93867e+06 983253 976132 971297 1.47082e+06 992323 892520 654496 485580 509603 633060 630038 514958 527675 1.25845e+06 1.25858e+06 2.64715e+06 2.22461e+06 1.72137e+06 3.04448e+06 2.46198e+06 1.9968e+06 3.0223e+06 2.28871e+06 2.02983e+06 2.3787e+06 2.50459e+06 2.08098e+06 1.33773e+06 2.01642e+06
pelacesobs
 0 0 0 0 0 0 0 0 0 0 0 0 0 0 0 552880 188675 0 991730 2.46772e+06 1.41603e+06 1.21717e+06 2.29649e+06 1.80582e+06 0 1.4828e+06 1.56532e+06 1.57751e+06 1.42118e+06 867257 0
pelacespred
 1.9318e+06 1.23911e+06 638489 515548 522096 815433 530848 561006 408893 290936 309434 323949 351880 309751 322198 631640 629643 1.50351e+06 1.32443e+06 955096 1.60171e+06 1.43967e+06 1.14787e+06 1.88241e+06 1.38644e+06 1.21997e+06 1.62337e+06 1.69011e+06 1.15603e+06 849004 1.18884e+06
mphobs
 0 0 0 0 0 0 0 0 0 0 0 498337 0 5186 125008 0 168611 109162 213762 579715 649985 157893 87575 83554 0 0 0 0 0 0 0
mphpred
 508742 341359 174298 94360 104538 115606 150285 101976 88718.4 63179.8 42454.1 59252.5 64001.9 55834.9 40934.4 51071.1 145984 142825 261631 205356 227295 277516 262864 219983 299871 248528 205565 217201 298895 206710 116511
desembarqueobs
 494567 514787 250237 358949 120608 361735 552515 73892 212993 205616 52469 317467 293654 387597 252695 516296 358380 742168 942051 627588 828172 859565 418607 520667 417249 300574 407403 355545 319650 289779 219260
desembarquepred
 494573 513246 251027 358969 120612 361747 552563 73895.1 213031 205653 52471.1 317530 293707 387654 252699 516280 358402 742106 941933 627510 828232 859597 418618 520687 417252 300577 407405 355537 319648 289788 219262
Reclutas
 238181 138785 135884 248418 198259 325937 137886 65758.3 59931.2 77541.2 141529 178309 149586 106284 110376 568002 127638 852523 507471 403001 586464 783362 169807 501964 424353 191826 426438 477200 137797 105265 492952
log_desv_Rt
 0.0584651 -0.481641 -0.502766 0.10055 -0.124989 0.372139 -0.488141 -1.22858 -1.32137 -1.06376 -0.462059 -0.231045 -0.406694 -0.748447 -0.710673 0.927561 -0.565365 1.33364 0.814875 0.584375 0.959546 1.24903 -0.2799 0.803964 0.636001 -0.157975 0.640901 0.753371 -0.488782 -0.758081 0.785846
SSB
 4.63038e+06 3.10692e+06 1.58639e+06 858828 951461 1.0522e+06 1.36783e+06 928148 807480 575038 386400 539293 582520 508188 372569 464830 1.32869e+06 1.29994e+06 2.38126e+06 1.86907e+06 2.06875e+06 2.52584e+06 2.39249e+06 2.0022e+06 2.72931e+06 2.262e+06 1.87097e+06 1.97688e+06 2.72043e+06 1.8814e+06 1.06043e+06
BT
 6.08598e+06 4.14634e+06 2.12748e+06 1.81719e+06 1.62669e+06 2.70133e+06 2.05527e+06 1.71012e+06 1.41128e+06 1.05352e+06 953837 1.21924e+06 1.30061e+06 1.3135e+06 1.19942e+06 2.27426e+06 2.12845e+06 5.0675e+06 4.79641e+06 3.36564e+06 5.37151e+06 5.03217e+06 3.7342e+06 6.00738e+06 4.452e+06 3.84623e+06 5.17841e+06 5.31409e+06 3.65565e+06 2.77272e+06 3.67471e+06
Ftot
 0.091964 0.165541 0.160465 0.238753 0.0805764 0.162099 0.346851 0.0535651 0.208793 0.269802 0.0690815 0.323461 0.300147 0.479458 0.316201 0.277584 0.181328 0.188319 0.272052 0.23534 0.178012 0.227072 0.133399 0.115002 0.117776 0.0953087 0.113921 0.0950784 0.096766 0.137424 0.0739694
BD_Bspro_t
 0.985393 0.890163 0.769275 0.69518 0.688238 0.74688 0.736437 0.60672 0.656353 0.624522 0.597131 0.749478 0.646656 0.568201 0.476516 0.532415 0.670706 0.654311 0.725168 0.645147 0.62555 0.668241 0.681821 0.679016 0.766428 0.773971 0.780958 0.809934 0.844808 0.792694 0.751149
BD_Bspro
 2.89455 1.9422 0.991686 0.536872 0.594779 0.65775 0.855063 0.580205 0.504773 0.359468 0.241547 0.337124 0.364146 0.317679 0.232901 0.290575 0.830591 0.81262 1.48858 1.1684 1.29322 1.57896 1.49559 1.25162 1.70615 1.41403 1.16959 1.23579 1.7006 1.1761 0.662899
BD_Bo
 1.97339 1.32412 0.676093 0.366018 0.405497 0.448429 0.582949 0.395561 0.344135 0.245072 0.164677 0.229838 0.24826 0.216581 0.158783 0.198103 0.566265 0.554013 1.01486 0.796567 0.881666 1.07647 1.01964 0.853304 1.16319 0.964028 0.797378 0.842515 1.1594 0.80182 0.451939
BD_Brms
 3.58798 2.40749 1.22926 0.665488 0.737267 0.815325 1.05991 0.719202 0.6257 0.445585 0.299414 0.417887 0.451383 0.393784 0.288696 0.360187 1.02957 1.0073 1.84519 1.4483 1.60303 1.95722 1.85389 1.55146 2.11489 1.75278 1.44978 1.53184 2.108 1.45785 0.821708
Sel_flota
 0.876476 1 1 1 1
 0.876476 1 1 1 1
 0.876476 1 1 1 1
 0.876476 1 1 1 1
 0.876476 1 1 1 1
 0.876476 1 1 1 1
 0.876476 1 1 1 1
 0.876476 1 1 1 1
 0.876476 1 1 1 1
 0.876476 1 1 1 1
 0.876476 1 1 1 1
 0.876476 1 1 1 1
 0.876476 1 1 1 1
 0.876476 1 1 1 1
 0.876476 1 1 1 1
 0.876476 1 1 1 1
 0.876476 1 1 1 1
 0.876476 1 1 1 1
 0.876476 1 1 1 1
 0.876476 1 1 1 1
 0.876476 1 1 1 1
 0.876476 1 1 1 1
 0.876476 1 1 1 1
 0.876476 1 1 1 1
 0.876476 1 1 1 1
 0.876476 1 1 1 1
 0.876476 1 1 1 1
 0.876476 1 1 1 1
 0.876476 1 1 1 1
 0.876476 1 1 1 1
 0.876476 1 1 1 1
Sel_reclas
 1 1 1 1 1
 1 1 1 1 1
 1 1 1 1 1
 1 1 1 1 1
 1 1 1 1 1
 1 1 1 1 1
 1 1 1 1 1
 1 1 1 1 1
 1 1 1 1 1
 1 1 1 1 1
 1 1 1 1 1
 1 1 1 1 1
 1 1 1 1 1
 1 1 1 1 1
 1 1 1 1 1
 1 1 1 1 1
 1 1 1 1 1
 1 1 1 1 1
 1 1 1 1 1
 1 1 1 1 1
 1 1 1 1 1
 1 1 1 1 1
 1 1 1 1 1
 1 1 1 1 1
 1 1 1 1 1
 1 1 1 1 1
 1 1 1 1 1
 1 1 1 1 1
 1 1 1 1 1
 1 1 1 1 1
 1 1 1 1 1
Sel_pelaces
 1 1 1 1 1
 1 1 1 1 1
 1 1 1 1 1
 1 1 1 1 1
 1 1 1 1 1
 1 1 1 1 1
 1 1 1 1 1
 1 1 1 1 1
 1 1 1 1 1
 1 1 1 1 1
 1 1 1 1 1
 1 1 1 1 1
 1 1 1 1 1
 1 1 1 1 1
 1 1 1 1 1
 1 1 1 1 1
 1 1 1 1 1
 1 1 1 1 1
 1 1 1 1 1
 1 1 1 1 1
 1 1 1 1 1
 1 1 1 1 1
 1 1 1 1 1
 1 1 1 1 1
 1 1 1 1 1
 1 1 1 1 1
 1 1 1 1 1
 1 1 1 1 1
 1 1 1 1 1
 1 1 1 1 1
 1 1 1 1 1
pf_obs 
 0.8446 0.082 0.0669 0.0065 0
 0.8095 0.147 0.0364 0.0071 0
 0.9664 0.0169 0.016 0.0007 0
 0.9276 0.0648 0.0075 0.0001 0
 0.7033 0.2144 0.0806 0.0017 0
 0.9318 0.0425 0.0243 0.0014 0
 0.5671 0.3108 0.0964 0.0239 0.0018
 0.0768 0.2599 0.5324 0.112 0.0189
 0.490249 0.384438 0.106611 0.0170017 0.00170017
 0.7925 0.1577 0.0466 0.003 0.0002
 0.840416 0.127587 0.0312969 0.00059994 9.999e-05
 0.8084 0.0986 0.0794 0.0134 0.0002
 0.7335 0.1905 0.0724 0.0035 0.0001
 0.4001 0.4547 0.1325 0.0127 0
 0.49795 0.308269 0.164784 0.0264974 0.00249975
 0.9179 0.0499 0.0305 0.0017 0
 0.2467 0.6533 0.0926 0.0074 0
 0.9418 0.0223 0.034 0.0019 0
 0.707729 0.231977 0.0356964 0.0245975 0
 0.517169 0.277429 0.184464 0.0207286 0.00020938
 0.811772 0.124168 0.05621 0.00726502 0.000585176
 0.764997 0.148141 0.077277 0.00933861 0.000247198
 0.163321 0.427699 0.378323 0.0303852 0.000271297
 0.753843 0.0900009 0.118128 0.0371064 0.000921714
 0.721811 0.176058 0.0630433 0.0369309 0.00215725
 0.143369 0.312575 0.442814 0.0836902 0.0175525
 0.692698 0.0596174 0.167031 0.0765114 0.00414204
 0.394062 0.376323 0.152708 0.0712218 0.00568511
 0.125707 0.32114 0.495352 0.0537591 0.00404204
 0.23352 0.215282 0.420074 0.123614 0.00750983
 0 0 0 0 0
pf_pred 
 0.425409 0.112217 0.438398 0.0239758 7.40155e-07
 0.410835 0.270762 0.0621838 0.242932 0.0132863
 0.548081 0.201593 0.115043 0.0264209 0.108863
 0.74743 0.147336 0.0469427 0.0267887 0.0315021
 0.645787 0.274374 0.0465739 0.0148389 0.0184261
 0.741425 0.174957 0.0647713 0.0109947 0.00785284
 0.475725 0.40265 0.0822936 0.0304662 0.00886522
 0.443049 0.286924 0.207385 0.0423853 0.0202576
 0.522966 0.227425 0.128591 0.0929436 0.0280747
 0.677291 0.18056 0.0677695 0.0383182 0.0360618
 0.796853 0.144145 0.0330123 0.0123905 0.0135991
 0.726058 0.224115 0.0353555 0.00809715 0.00637465
 0.670612 0.249011 0.0657578 0.0103737 0.00424619
 0.613211 0.272201 0.0866266 0.022876 0.00508601
 0.713889 0.186633 0.0700073 0.0222795 0.00719156
 0.924297 0.0563661 0.0126139 0.00473158 0.00199186
 0.391653 0.568379 0.0297588 0.00665959 0.00354967
 0.889328 0.0472277 0.0592764 0.00310355 0.00106473
 0.604836 0.356784 0.016378 0.0205564 0.00144551
 0.60881 0.250575 0.126958 0.00582794 0.00782914
 0.734587 0.170854 0.0605696 0.0306886 0.00330122
 0.741338 0.197066 0.0396508 0.0140566 0.00788815
 0.327846 0.516755 0.118394 0.0238214 0.013184
 0.74125 0.0930914 0.127359 0.0291792 0.00912032
 0.63227 0.282132 0.030796 0.0421322 0.01267
 0.443538 0.369644 0.143331 0.0156453 0.0278412
 0.734621 0.126852 0.0920195 0.0356811 0.0108256
 0.692583 0.233955 0.0351155 0.025473 0.012874
 0.351504 0.467769 0.137539 0.020644 0.0225438
 0.433619 0.217364 0.251751 0.0740231 0.0232435
 0.855523 0.0677221 0.0294568 0.0341168 0.0131814
pobs_RECLAS
 0 0 0 0 0
 0 0 0 0 0
 0 0 0 0 0
 0 0 0 0 0
 0 0 0 0 0
 0 0 0 0 0
 0 0 0 0 0
 0 0 0 0 0
 0 0 0 0 0
 0 0 0 0 0
 0.991045 0.00858322 0.000360255 1.14367e-05 0
 0.934742 0.0480273 0.0164251 0.00080598 0
 0.827803 0.169806 0.00239088 0 0
 0.941827 0.0461693 0.0120037 0 0
 0.791401 0.0380133 0.147996 0.0225897 0
 0.846168 0.0940531 0.0597789 0 0
 0.134021 0.677848 0.182769 0.00536245 0
 0.80878 0.0450904 0.141981 0.00414843 0
 0.846168 0.0940531 0.0597789 0 0
 0.905697 0.0802665 0.012482 0.00150086 5.37128e-05
 0.989698 0.0102097 9.19794e-05 0 0
 0.975433 0.0193895 0.00387452 0.00125025 5.28907e-05
 0.303575 0.632131 0.0575291 0.00676475 0
 0.966965 0.00978017 0.0227588 0.000495775 0
 0.843318 0.132988 0.00938335 0.0141283 0.000182051
 0.564624 0.303363 0.111486 0.0197234 0.00080311
 0.826376 0.0876187 0.0782897 0.00655872 0.00115652
 0.89761 0.0855135 0.0140674 0.00269457 0.000114338
 0.34875 0.467042 0.161289 0.0227151 0.000203297
 0.318654 0.224769 0.449479 0.00709798 0
 0.937255 0.0296025 0.0250945 0.00804832 0
ppred_RECLAS
 0.458159 0.105821 0.41341 0.0226092 6.97967e-07
 0.443556 0.255725 0.0587302 0.22944 0.0125484
 0.580938 0.186936 0.106678 0.0244999 0.100948
 0.772017 0.132994 0.042373 0.024181 0.0284355
 0.675528 0.251337 0.0426635 0.013593 0.016879
 0.766224 0.158177 0.0585591 0.00994018 0.00709969
 0.509816 0.376467 0.0769424 0.0284851 0.00828876
 0.475923 0.269988 0.195144 0.0398835 0.0190619
 0.556332 0.211518 0.119597 0.0864428 0.026111
 0.706115 0.164432 0.0617164 0.0348957 0.0328408
 0.817474 0.129513 0.0296612 0.0111327 0.0122187
 0.752275 0.202667 0.0319719 0.00732224 0.00576459
 0.699865 0.226896 0.0599179 0.00945241 0.00386909
 0.645563 0.249433 0.079381 0.0209626 0.00466061
 0.740832 0.169057 0.0634146 0.0201814 0.00651432
 0.93324 0.0497068 0.0111237 0.00417257 0.00175653
 0.423997 0.53816 0.0281766 0.00630552 0.00336095
 0.901851 0.0418834 0.0525687 0.00275235 0.000944242
 0.636667 0.328044 0.0150587 0.0189005 0.00132907
 0.640388 0.230348 0.11671 0.0053575 0.00719716
 0.759868 0.15458 0.0548001 0.0277654 0.00298677
 0.766303 0.178047 0.0358239 0.0127 0.00712684
 0.357878 0.493666 0.113104 0.022757 0.0125949
 0.765954 0.0842034 0.115199 0.0263933 0.00824954
 0.662651 0.258822 0.0282517 0.0386513 0.0116232
 0.476537 0.347724 0.134832 0.0147175 0.0261902
 0.759751 0.11484 0.0833058 0.0323023 0.00980045
 0.720131 0.212989 0.0319687 0.0231903 0.0117204
 0.382365 0.445509 0.130994 0.0196616 0.021471
 0.466627 0.204696 0.237079 0.0697091 0.0218889
 0.871158 0.0603933 0.026269 0.0304247 0.0117549
pobs_PELACES
 0 0 0 0 0
 0 0 0 0 0
 0 0 0 0 0
 0 0 0 0 0
 0 0 0 0 0
 0 0 0 0 0
 0 0 0 0 0
 0 0 0 0 0
 0 0 0 0 0
 0 0 0 0 0
 0 0 0 0 0
 0 0 0 0 0
 0 0 0 0 0
 0 0 0 0 0
 0 0 0 0 0
 0 0 0 0 0
 0.505614 0.472636 0.0217494 0 0
 0 0 0 0 0
 0.443492 0.261883 0.143347 0.151278 0
 0.227955 0.32914 0.350689 0.0885471 0.00366901
 0.970185 0.0296113 0.000203453 0 0
 0.997202 0.00247181 0.000326279 0 0
 0.445219 0.490057 0.0546422 0.010081 0
 0.90214 0.0892962 0.00764917 0.000914606 0
 0 0 0 0 0
 0.581667 0.319106 0.0959925 0.00289975 0.000334073
 0.762889 0.0836404 0.116647 0.0363945 0.000428098
 0.88444 0.0763242 0.0277011 0.0115352 0
 0.521256 0.241999 0.230069 0.00667565 0
 0.616807 0.101726 0.260614 0.0208532 0
 0 0 0 0 0
ppred_PELACES
 0.45909 0.105639 0.412699 0.0225704 6.96768e-07
 0.445222 0.254959 0.0585544 0.228753 0.0125108
 0.582529 0.186226 0.106273 0.0244069 0.100565
 0.773725 0.131997 0.0420555 0.0239998 0.0282225
 0.676247 0.25078 0.0425689 0.0135628 0.0168416
 0.767406 0.157377 0.0582631 0.00988994 0.0070638
 0.513349 0.373754 0.0763879 0.0282798 0.00822903
 0.476467 0.269707 0.194941 0.0398421 0.0190421
 0.558431 0.210517 0.119031 0.0860337 0.0259875
 0.708392 0.163158 0.0612382 0.0346253 0.0325864
 0.817894 0.129215 0.029593 0.0111071 0.0121906
 0.754724 0.200663 0.0316558 0.00724985 0.0057076
 0.702428 0.224958 0.0594061 0.00937167 0.00383604
 0.650022 0.246295 0.0783823 0.0206989 0.00460197
 0.743299 0.167448 0.062811 0.0199893 0.00645231
 0.933942 0.0491845 0.0110068 0.00412873 0.00173808
 0.425803 0.536473 0.0280883 0.00628575 0.00335041
 0.902529 0.0415943 0.0522059 0.00273336 0.000937725
 0.639229 0.325732 0.0149526 0.0187673 0.0013197
 0.642594 0.228935 0.115994 0.00532464 0.00715301
 0.76119 0.153729 0.0544985 0.0276126 0.00297033
 0.767956 0.176787 0.0355705 0.0126101 0.00707641
 0.359129 0.492705 0.112883 0.0227127 0.0125704
 0.766794 0.0839014 0.114786 0.0262986 0.00821996
 0.663724 0.258 0.0281618 0.0385284 0.0115863
 0.477506 0.34708 0.134582 0.0146902 0.0261417
 0.760598 0.114436 0.0830123 0.0321884 0.00976591
 0.720912 0.212395 0.0318796 0.0231256 0.0116877
 0.383296 0.444836 0.130797 0.019632 0.0214386
 0.468021 0.204161 0.236459 0.0695268 0.0218317
 0.871496 0.0602349 0.0262001 0.0303449 0.0117241
pobs_pel_tallas
 0 0 0 0 0 0 0 0 0 0 0 0 0 0 0 0 0 0 0 0 0 0 0 0 0 0
 0 0 0 0 0 0 0 0 0 0 0 0 0 0 0 0 0 0 0 0 0 0 0 0 0 0
 0 0 0 0 0 0 0 0 0 0 0 0 0 0 0 0 0 0 0 0 0 0 0 0 0 0
 0 0 0 0 0 0 0 0 0 0 0 0 0 0 0 0 0 0 0 0 0 0 0 0 0 0
 0 0 0 0 0 0 0 0 0 0 0 0 0 0 0 0 0 0 0 0 0 0 0 0 0 0
 0 0 0 0 0 0 0 0 0 0 0 0 0 0 0 0 0 0 0 0 0 0 0 0 0 0
 0 0 0 0 0 0 0 0 0 0 0 0 0 0 0 0 0 0 0 0 0 0 0 0 0 0
 0 0 0 0 0 0 0 0 0 0 0 0 0 0 0 0 0 0 0 0 0 0 0 0 0 0
 0 0 0 0 0 0 0 0 0 0 0 0 0 0 0 0 0 0 0 0 0 0 0 0 0 0
 0 0 0 0 0 0 0 0 0 0 0 0 0 0 0 0 0 0 0 0 0 0 0 0 0 0
 0 0 0 0 0 0 0 0 0 0 0 0 0 0 0 0 0 0 0 0 0 0 0 0 0 0
 0 0 0 0 0 0 0 0 0 0 0 0 0 0 0 0 0 0 0 0 0 0 0 0 0 0
 0.00862536 0 0 0.000197151 0.00414017 0.0128641 0.00837892 0.0270097 0.101434 0.158115 0.152841 0.127902 0.109271 0.109419 0.0830992 0.0579132 0.0238553 0.00714673 0.00463305 0.00128148 0.00103504 0.000492878 0.000147863 0.000147863 4.92878e-05 0
 0 0 0 0 0 0 0 0 0 0 0 0 0 0 0 0 0 0 0 0 0 0 0 0 0 0
 0 0 0 0 0 0 0 0.0054083 0.00873648 0.0413646 0.0450493 0.0745869 0.0622846 0.0627006 0.0613931 0.0827291 0.12552 0.122667 0.0946155 0.0697135 0.0546179 0.0294188 0.0215738 0.0213955 0.0102223 0.00600262
 0 0 0 0 0.00359764 0.0251062 0.0480494 0.140153 0.205849 0.193036 0.1447 0.116669 0.0760912 0.0342217 0.00950174 0.001854 0.000860785 0 0 0 0.000165536 0 0.000143464 0 0 0
 0 0 0 0 0 0 0 0.000145254 0.000435761 0.0275982 0.070085 0.0708112 0.156366 0.174668 0.174014 0.160142 0.0824315 0.0480064 0.0283245 0.00493863 0.00203355 0 0 0 0 0
 0 0 0 0 0 0 0 0 0 0 0 0 0 0 0 0 0 0 0 0 0 0 0 0 0 0
 0 0 1.00437e-05 0.000401748 0.00122533 0.00171747 0.00176769 0.0269171 0.070346 0.194647 0.189555 0.159765 0.064822 0.0314167 0.0384472 0.0292271 0.0345202 0.0313363 0.0194345 0.0106764 0.0143323 0.0359363 0.0279516 0.0138201 0.00172751 0
 0 0.0021121 0.0136068 0.0755702 0.200478 0.177729 0.0527432 0.0373336 0.0318909 0.0142505 0.0149659 0.0166563 0.0217959 0.0798694 0.0677717 0.0528807 0.04013 0.0224614 0.0357745 0.0225083 0.00881397 0.00855152 0.00135912 0.000746735 0 0
 0 0 0 0 5.4009e-05 0.00500934 0.000945158 0.0243581 0.138947 0.33067 0.221406 0.137944 0.0707744 0.0437923 0.0131692 0.00525238 0.0047753 0.00276346 9.45158e-05 9.00151e-06 2.25038e-05 9.00151e-06 4.50075e-06 0 0 0
 0.000866109 0.00284123 0.00948549 0.0512746 0.133035 0.25785 0.225252 0.132002 0.0553304 0.0519788 0.0540692 0.017754 0.00435017 0.00159236 0.00146478 0.000404838 0.000125132 0.000115318 0.000107957 0.000100596 0 0 0 0 0 0
 0 0 0 0 0.00144013 0.00171154 0.00461396 0.0210425 0.0478622 0.0707936 0.0888783 0.103762 0.0637923 0.0337046 0.0602308 0.124433 0.169614 0.0934646 0.0462172 0.0250306 0.0313229 0.00938855 0.002487 0.000210481 0 0
 0 0.00764035 0.051015 0.0998891 0.058973 0.0496711 0.0374665 0.0718981 0.12319 0.153886 0.159021 0.0857701 0.0377988 0.023471 0.0147837 0.00900784 0.00315554 0.000888139 0.00291439 0.00214683 0.00393193 0.00274676 0.000635225 9.99891e-05 0 0
 0 0 0 0 0 0 0 0 0 0 0 0 0 0 0 0 0 0 0 0 0 0 0 0 0 0
 0 0 0 0 0 0 0 0 0 0 0 0 0 0 0 0 0 0 0 0 0 0 0 0 0 0
 0 0 0 0 0 0 0 0 0 0 0 0 0 0 0 0 0 0 0 0 0 0 0 0 0 0
 0 0 0 0 0 0 0 0 0 0 0 0 0 0 0 0 0 0 0 0 0 0 0 0 0 0
 0 0 0 0 0 0 0 0 0 0 0 0 0 0 0 0 0 0 0 0 0 0 0 0 0 0
 0 0 0 0 0 0 0 0 0 0 0 0 0 0 0 0 0 0 0 0 0 0 0 0 0 0
 0 0 0 0 0 0 0 0 0 0 0 0 0 0 0 0 0 0 0 0 0 0 0 0 0 0
ppred_pel_tallas
 1.14201e-16 3.78147e-05 0.000367572 0.00244265 0.0111039 0.0345485 0.0736096 0.107438 0.107448 0.0736627 0.0347285 0.0116317 0.0037972 0.00342281 0.0061275 0.0108173 0.0173142 0.0253754 0.0346407 0.0447249 0.0550604 0.0645401 0.0714014 0.0737238 0.0703625 0.0616729
 1.26813e-16 3.66724e-05 0.000356469 0.00236886 0.0107685 0.033505 0.0713868 0.104196 0.104221 0.0715075 0.0339106 0.0119419 0.00532098 0.00682481 0.0123954 0.0206418 0.0302562 0.039247 0.0457168 0.0490648 0.0504418 0.0519266 0.0550071 0.0595286 0.0638017 0.0656266
 1.22581e-16 4.79822e-05 0.000466404 0.00309942 0.0140895 0.0438378 0.0934018 0.136326 0.136345 0.0934903 0.0441355 0.0149512 0.00527002 0.00523078 0.00917426 0.0153001 0.0225411 0.0294485 0.0346161 0.0375159 0.0388327 0.0399239 0.0418177 0.0445354 0.0471603 0.0484422
 1.08431e-16 6.37308e-05 0.000619486 0.0041167 0.0187139 0.0582261 0.124057 0.181068 0.181081 0.12412 0.0584358 0.0193204 0.00564165 0.00395711 0.0064286 0.0105976 0.0154321 0.0197848 0.0225487 0.0232631 0.0223954 0.0209965 0.0199994 0.0197091 0.0197916 0.0196329
 1.05503e-16 5.57016e-05 0.00054144 0.00359806 0.0163563 0.0508905 0.108429 0.15826 0.158284 0.108547 0.0512874 0.0175029 0.00647701 0.0068291 0.0120059 0.0197838 0.0285527 0.0360362 0.0399589 0.0392917 0.0348664 0.0287973 0.023187 0.0191231 0.0165481 0.0147914
 1.03909e-16 6.32102e-05 0.000614426 0.00408308 0.0185611 0.0577505 0.123044 0.17959 0.179605 0.123119 0.0580006 0.0192842 0.00590094 0.00459226 0.00764552 0.012612 0.0183317 0.0234086 0.026456 0.0268254 0.024958 0.0220157 0.0191063 0.0167311 0.0147834 0.0129188
 1.06529e-16 4.2284e-05 0.000411015 0.00273134 0.0124163 0.0386319 0.0823107 0.120142 0.120179 0.082487 0.0392239 0.0141266 0.00702648 0.00979459 0.0178849 0.0295576 0.0427106 0.0540006 0.0600442 0.0592876 0.0529112 0.0439704 0.0354938 0.0290339 0.0245192 0.0210628
 1.12913e-16 3.9246e-05 0.000381486 0.00253511 0.0115242 0.0358563 0.0763967 0.111509 0.111535 0.0765251 0.0362882 0.0127749 0.00568688 0.00730332 0.0133071 0.022257 0.032808 0.0428323 0.0501515 0.0537253 0.0541415 0.052927 0.051294 0.0493983 0.0465889 0.0422142
 1.16515e-16 4.59973e-05 0.00044711 0.0029712 0.0135067 0.0420244 0.0895382 0.130688 0.130708 0.0896382 0.0423609 0.0144808 0.0054252 0.00583354 0.0103635 0.0172943 0.0254704 0.0332432 0.0389836 0.0420188 0.043003 0.0433191 0.043991 0.0449968 0.0454296 0.0442184
 1.10796e-16 5.83493e-05 0.000567176 0.00376909 0.0171337 0.0533095 0.113582 0.16578 0.165795 0.113659 0.0535691 0.0178845 0.00565767 0.0047032 0.00795316 0.0131627 0.0192144 0.0247271 0.0283525 0.0295274 0.0288101 0.0274491 0.0265241 0.0263378 0.0264302 0.0260427
 1.04064e-16 6.73689e-05 0.00065485 0.00435171 0.0197822 0.0615499 0.131139 0.191404 0.191416 0.1312 0.0617547 0.0203741 0.0058384 0.00390417 0.00625002 0.0102571 0.0148445 0.0188316 0.0210684 0.0210417 0.0191776 0.0165338 0.0141324 0.0124554 0.0113995 0.010571
 1.02658e-16 6.21656e-05 0.000604272 0.0040156 0.0182544 0.0567962 0.121011 0.176623 0.176642 0.121106 0.0571136 0.0191713 0.0063176 0.00563058 0.00961113 0.015799 0.0227727 0.0286796 0.0316746 0.0309087 0.027028 0.0217218 0.0166979 0.0128843 0.0103189 0.00855583
 1.03361e-16 5.78581e-05 0.000562402 0.00373736 0.0169895 0.0528608 0.112626 0.164386 0.164408 0.112732 0.0532174 0.0180202 0.00632656 0.0062216 0.010826 0.0178591 0.0258444 0.0327566 0.0365611 0.0363047 0.032651 0.027369 0.0222124 0.0180828 0.0149668 0.0124204
 1.0518e-16 5.35415e-05 0.000520442 0.00345852 0.015722 0.048917 0.104224 0.152122 0.152146 0.10434 0.0493079 0.0168522 0.00629906 0.00673307 0.0118869 0.0196573 0.0285241 0.0363162 0.0408461 0.0410944 0.0377742 0.0327567 0.0278472 0.0238961 0.0207721 0.0179325
 1.04953e-16 6.12246e-05 0.000595125 0.00395482 0.017978 0.0559364 0.119179 0.173949 0.173965 0.119258 0.0562026 0.0187477 0.00589013 0.00483085 0.00813793 0.0134418 0.019558 0.025019 0.0283668 0.0289289 0.0271859 0.0243684 0.0216258 0.0194376 0.0176235 0.0157584
 1.01039e-16 7.69276e-05 0.000747763 0.00496915 0.022589 0.0702829 0.149745 0.218559 0.218563 0.149769 0.0703608 0.0228142 0.00553479 0.0019838 0.00242812 0.0039023 0.00563748 0.00713959 0.00796237 0.00790351 0.00711841 0.0060056 0.00495623 0.00416477 0.00361201 0.00317412
 1.02146e-16 3.50729e-05 0.000340921 0.00226555 0.0102989 0.0320439 0.0682748 0.0996599 0.0997115 0.068527 0.0328906 0.0127434 0.00839793 0.0137153 0.0253982 0.0418351 0.0600323 0.0750095 0.0817145 0.077819 0.0651317 0.0484309 0.0326897 0.0208285 0.0132729 0.00893293
 1.01951e-16 7.43401e-05 0.000722612 0.00480201 0.0218293 0.0679189 0.144709 0.211207 0.211211 0.144729 0.0679862 0.0220245 0.00529554 0.00181139 0.00217547 0.00356551 0.00533022 0.00712026 0.00861834 0.00965369 0.0102543 0.0105404 0.0105616 0.0102374 0.00944776 0.00817432
 1.02621e-16 5.26525e-05 0.000511801 0.0034011 0.0154609 0.0481048 0.102494 0.149599 0.14963 0.102647 0.048619 0.0169454 0.00712512 0.00863434 0.0154584 0.02542 0.0364923 0.0456417 0.0498222 0.04765 0.0402509 0.0305363 0.0215017 0.014852 0.0107434 0.00840617
 1.05151e-16 5.29296e-05 0.000514495 0.003419 0.0155423 0.048358 0.103033 0.150384 0.150406 0.103141 0.0487227 0.0165974 0.00607355 0.00632979 0.0111568 0.0185156 0.0270266 0.0347315 0.0396393 0.0407824 0.0387069 0.0349393 0.0309083 0.0272202 0.0237257 0.0200739
 1.04884e-16 6.26982e-05 0.000609449 0.00405 0.0184107 0.0572827 0.122047 0.178135 0.17815 0.12212 0.057527 0.0191172 0.00582633 0.00449704 0.00747522 0.0123364 0.0179491 0.0229643 0.0260506 0.0266032 0.0250787 0.022618 0.0202736 0.0184623 0.0169762 0.0153771
 1.03534e-16 6.32556e-05 0.000614867 0.00408601 0.0185744 0.0577919 0.123132 0.179719 0.179736 0.123216 0.0580719 0.0193833 0.00611752 0.00505307 0.00850233 0.0139829 0.0202014 0.025543 0.028408 0.0280667 0.0250856 0.0209185 0.0170034 0.0140723 0.0120782 0.010578
 1.07789e-16 2.9581e-05 0.000287538 0.0019108 0.00868623 0.0270263 0.0575842 0.0840558 0.0841034 0.0578167 0.0278069 0.0109418 0.00757599 0.0126661 0.0235723 0.0390109 0.0563999 0.0713572 0.0794181 0.0785081 0.0701352 0.0582681 0.046856 0.0379491 0.0315201 0.0265134
 1.07363e-16 6.31598e-05 0.000613936 0.00407982 0.0185463 0.0577044 0.122946 0.179444 0.179453 0.122986 0.0578406 0.0189418 0.00508099 0.00282682 0.00434619 0.00729583 0.0109977 0.0148678 0.0183345 0.0211127 0.0232864 0.0250635 0.0264281 0.0270284 0.0263998 0.0243125
 1.06704e-16 5.46701e-05 0.000531413 0.00353143 0.0160534 0.0499481 0.106421 0.155329 0.155354 0.106542 0.0503561 0.0172318 0.00648967 0.00699014 0.0123242 0.0202989 0.0292683 0.0368913 0.04084 0.0400935 0.0355703 0.0295154 0.0241326 0.0205142 0.0184942 0.0172242
 1.0987e-16 3.93316e-05 0.000382317 0.00254064 0.0115494 0.0359346 0.0765637 0.111754 0.111788 0.0767279 0.0364863 0.0131447 0.00655184 0.00916102 0.016777 0.0278445 0.0405081 0.0517819 0.0586272 0.0596231 0.0557433 0.0495384 0.0434294 0.0384927 0.0344622 0.0305488
 1.07306e-16 6.26495e-05 0.000608975 0.00404685 0.0183964 0.0572381 0.121952 0.177995 0.178006 0.122007 0.0574215 0.0189275 0.00538576 0.00355081 0.00570592 0.00948214 0.0140037 0.0183536 0.0216363 0.0234467 0.0240626 0.0241345 0.0241357 0.024041 0.0234473 0.0219511
 1.05272e-16 5.93806e-05 0.0005772 0.0038357 0.0174365 0.0542517 0.11559 0.168711 0.168731 0.11569 0.0545878 0.0184075 0.00627346 0.00590108 0.0101774 0.0167511 0.0241753 0.0305175 0.0338611 0.0333528 0.0297196 0.0247692 0.0202805 0.0171425 0.0152466 0.0139543
 1.09486e-16 3.15717e-05 0.000306888 0.00203938 0.00927077 0.028845 0.061459 0.0897102 0.0897531 0.0616691 0.0295508 0.0113106 0.00716493 0.0115138 0.0213678 0.0354122 0.0513307 0.0652247 0.0731205 0.0731685 0.0666859 0.0571291 0.0478747 0.0405789 0.0350822 0.0303999
 1.17544e-16 3.85503e-05 0.000374723 0.00249017 0.0113199 0.0352207 0.0750421 0.10953 0.10955 0.0751401 0.0355507 0.0122779 0.00491171 0.00571756 0.0103524 0.0174922 0.026226 0.0351565 0.0428504 0.0486268 0.0528047 0.0561091 0.0587701 0.0601459 0.0591652 0.0551361
 1.05799e-16 7.1784e-05 0.000697766 0.0046369 0.0210787 0.0655836 0.139733 0.203946 0.203952 0.139762 0.0656797 0.0213568 0.00533703 0.00223331 0.00300975 0.00492091 0.00722531 0.0094023 0.0109885 0.0118126 0.0121003 0.012295 0.0127267 0.0133905 0.0139765 0.0140842
pSPR Fmed_Fpbrs
0.724857   0.6 0.325
Fs Fmed_Fpbrs
0.16281   0.26662 0.645462
SSBpbr Bo_Bmed_Bpbrs
2.34641e+06  1.58349e+06  1.29052e+06 645262
Ro
224655
SPR SPRFo_SPRFmed_SPRFpbrs
1.59969e+06 1.15955e+06 519899
Fref
0.26662
log_Ro
12.1423
likeval ReclasPelacesDesembMPH_pf_preclas_ppelaces_ptallas_desvR_qrecl_qpela
 15.8042 17.0447 0.0957874 0.000810329 229.321 122.625 81.9933 0 23.3107 9.15748e-06 2.89565e-06 0.487237 6.903e-16 0 0
q_reclas_q_pelaces
0.65128 0.784982
M
1
N
 238181 55325.9 216141 11820.7 0.364915
 138785 80836.3 18565 72527.6 3966.63
 135884 44160.5 25201 5787.71 23847.4
 248418 43430.2 13837.3 7896.49 9285.86
 198259 74132.4 12583.7 4009.28 4978.51
 325937 67962.3 25160.5 4270.9 3050.45
 137886 104025 21260.5 7870.94 2290.33
 65758.3 37427.9 27052.4 5528.97 2642.52
 59931.2 23081.7 13050.8 9432.97 2849.34
 77541.2 18360.4 6891.2 3896.42 3666.97
 141529 22518.4 5157.19 1935.65 2124.46
 178309 49006.7 7731.11 1770.59 1393.93
 149586 49403.1 13046.2 2058.12 842.434
 106284 42300.5 13461.9 3554.98 790.376
 110376 25684.4 9634.41 3066.11 989.703
 568002 30776.4 6887.33 2583.49 1087.57
 127638 163830 8577.7 1919.57 1023.16
 852523 40055.7 50274.7 2632.25 903.037
 507471 265906 12206.3 15320.4 1077.32
 403001 147082 74521.8 3420.89 4595.55
 586464 120623 42762.1 21666.2 2330.67
 783362 184581 37138.7 13166 7388.39
 169807 236175 54109.8 10887.2 6025.53
 501964 55575.6 76033.4 17420 5444.83
 424353 166956 18224.1 24932.5 7497.71
 191826 140800 54595.8 5959.38 10604.9
 426438 64913.4 47088.5 18258.8 5539.69
 477200 141970 21309.1 15457.7 7812.32
 137797 161516 47490.9 7128.17 7784.14
 105265 46570.6 53938 15859.6 4979.96
 492952 34330.5 14932.6 17294.9 6682.06
pred_Ctot
 11736.6 3095.97 12095 661.469 0.0204201
 11989.7 7901.85 1814.75 7089.67 387.743
 11399.7 4192.99 2392.81 549.537 2264.28
 30160 5945.24 1894.21 1080.97 1271.16
 8595 3651.74 619.868 197.496 245.239
 27606.3 6514.34 2411.7 409.376 292.393
 23420 19822.5 4051.31 1499.85 436.435
 1913.76 1239.37 895.803 183.084 87.5033
 6430.71 2796.55 1581.23 1142.89 345.223
 10523.1 2805.36 1052.93 595.351 560.292
 5282.24 955.521 218.835 82.1352 90.147
 28473.3 8788.94 1386.51 317.54 249.99
 22345.3 8297.24 2191.1 345.66 141.487
 23848.7 10586.3 3369.05 889.686 197.803
 17273.3 4515.76 1693.9 539.075 174.007
 79091 4823.18 1079.36 404.876 170.441
 12010.6 17430.2 912.597 204.226 108.856
 83107.7 4413.43 5539.39 290.027 99.4989
 69388.2 40931.1 1878.92 2358.27 165.832
 48286.2 19873.7 10069.3 462.227 620.947
 54240.3 12615.5 4472.32 2265.98 243.755
 90826.3 24143.9 4857.88 1722.17 966.429
 11958 18848.3 4318.32 868.87 480.877
 30675.5 3852.45 5270.57 1207.54 377.431
 26531.7 11839 1292.28 1767.98 531.668
 9784.41 8154.31 3161.88 345.133 614.174
 25825.1 4459.42 3234.89 1254.34 380.566
 24283.6 8203.01 1231.23 893.144 451.394
 7132.3 9491.4 2790.79 418.884 457.432
 7625.53 3822.52 4427.24 1301.75 408.755
 19665.2 1556.67 677.099 784.215 302.99
F
 0.0806042 0.091964 0.091964 0.091964 0.091964
 0.145093 0.165541 0.165541 0.165541 0.165541
 0.140644 0.160465 0.160465 0.160465 0.160465
 0.209261 0.238753 0.238753 0.238753 0.238753
 0.0706233 0.0805764 0.0805764 0.0805764 0.0805764
 0.142076 0.162099 0.162099 0.162099 0.162099
 0.304007 0.346851 0.346851 0.346851 0.346851
 0.0469485 0.0535651 0.0535651 0.0535651 0.0535651
 0.183002 0.208793 0.208793 0.208793 0.208793
 0.236475 0.269802 0.269802 0.269802 0.269802
 0.0605483 0.0690815 0.0690815 0.0690815 0.0690815
 0.283506 0.323461 0.323461 0.323461 0.323461
 0.263072 0.300147 0.300147 0.300147 0.300147
 0.420234 0.479458 0.479458 0.479458 0.479458
 0.277143 0.316201 0.316201 0.316201 0.316201
 0.243296 0.277584 0.277584 0.277584 0.277584
 0.15893 0.181328 0.181328 0.181328 0.181328
 0.165057 0.188319 0.188319 0.188319 0.188319
 0.238447 0.272052 0.272052 0.272052 0.272052
 0.20627 0.23534 0.23534 0.23534 0.23534
 0.156023 0.178012 0.178012 0.178012 0.178012
 0.199023 0.227072 0.227072 0.227072 0.227072
 0.116921 0.133399 0.133399 0.133399 0.133399
 0.100796 0.115002 0.115002 0.115002 0.115002
 0.103228 0.117776 0.117776 0.117776 0.117776
 0.0835358 0.0953087 0.0953087 0.0953087 0.0953087
 0.0998489 0.113921 0.113921 0.113921 0.113921
 0.0833339 0.0950784 0.0950784 0.0950784 0.0950784
 0.0848131 0.096766 0.096766 0.096766 0.096766
 0.120449 0.137424 0.137424 0.137424 0.137424
 0.0648324 0.0739694 0.0739694 0.0739694 0.0739694
nmprior
 8 9 7.5 0
nm_flota  nm_reclas  nm_pelaces    nm_pelaL
inf 12.3452 15.4219 26.6542
cv_recla  cv_pelaces  cv_mph
0.359593 0.485802 0.878489
 ------------------------------------------------
Talla a la edad & desviación 
 8 13.2811 15.8009 17.003 17.5766
 0.8 1.32811 1.58009 1.7003 1.75766
