years
 1991 1992 1993 1994 1995 1996 1997 1998 1999 2000 2001 2002 2003 2004 2005 2006 2007 2008 2009 2010 2011 2012 2013 2014 2015 2016 2017 2018 2019 2020 2021
reclasobs
 0 0 0 0 0 0 0 0 0 252601 567819 844713 477998 351125 339783 2.1784e+06 2.13404e+06 4.81314e+06 1.55562e+06 2.62356e+06 3.21686e+06 3.843e+06 1.13348e+06 3.07943e+06 1.97215e+06 2.03268e+06 2.025e+06 2.42433e+06 2.27542e+06 1.05018e+06 2.36338e+06
reclaspred
 3.32098e+06 1.76022e+06 886864 847032 819322 1.89675e+06 948231 751860 510579 298856 499247 740224 727180 514875 470344 1.48948e+06 1.08964e+06 3.49607e+06 2.56966e+06 1.91989e+06 3.19432e+06 2.68813e+06 1.86229e+06 3.07385e+06 2.24222e+06 1.91272e+06 2.40041e+06 2.79882e+06 2.07827e+06 1.07393e+06 1.75845e+06
pelacesobs
 0 0 0 0 0 0 0 0 0 0 0 0 0 0 0 552880 188675 0 991730 2.46772e+06 1.41603e+06 1.21717e+06 2.29649e+06 1.80582e+06 0 1.4828e+06 1.56532e+06 1.57751e+06 1.42118e+06 867257 0
pelacespred
 1.82286e+06 1.02685e+06 487888 377823 421650 1.03153e+06 425544 482069 276592 139216 277544 336701 370968 255276 240683 669270 505488 1.94119e+06 1.40743e+06 932324 1.64562e+06 1.38784e+06 1.02414e+06 1.88778e+06 1.29845e+06 1.12876e+06 1.61449e+06 1.85849e+06 1.17064e+06 652152 1.0073e+06
mphobs
 0 0 0 0 0 0 0 0 0 0 0 498337 0 5186 125008 0 168611 109162 213762 579715 649985 157893 87575 83554 0 0 0 0 0 0 0
mphpred
 531511 348500 159573 88837.9 84971.6 105407 191511 86506.3 74199 39572.3 20884.3 61793.4 68272.1 53669.5 29068.4 35745.1 162679 114952 354544 217253 241615 287098 285074 206004 316147 258855 201257 228984 361118 209203 91061.2
desembarqueobs
 494567 514787 250237 358949 120608 361735 552515 73892 212993 205616 52469 317467 293654 387597 252695 516296 358380 742168 942051 627588 828172 859565 418607 520667 417249 300574 407403 355545 319650 289779 219260
desembarquepred
 494551 514289 250336 358960 120608 361695 552384 73895.1 213025 205640 52470 317465 293614 387411 252610 516121 358368 741900 941499 627187 828174 859321 418542 520642 417169 300533 407344 355463 319573 289736 219259
Reclutas
 146579 88621.8 86854.5 104641 82932 209933 67920.3 25186.6 28312.5 38468.9 67620.7 114618 94617.7 68055.5 55103.6 305960 45942.6 513043 260450 242471 285318 430062 69311.7 219149 191878 76691.2 183411 217333 53528.6 36874.9 171154
log_desv_Rt
 0.289669 -0.213517 -0.23366 -0.0473583 -0.279873 0.648892 -0.47956 -1.47158 -1.35459 -1.04805 -0.48398 0.043707 -0.14805 -0.477571 -0.68868 1.02556 -0.870502 1.54246 0.864517 0.792986 0.955711 1.36603 -0.459282 0.691856 0.558967 -0.358108 0.513834 0.683536 -0.717678 -1.09036 0.444669
SSB
 1.3681e+06 897034 410740 228668 218716 271316 492948 222666 190987 101859 53756 159056 175732 138145 74821.7 92007.6 418734 295885 912593 559208 621914 738987 733778 530251 813758 666289 518034 589402 929515 538485 234390
BT
 2.03648e+06 1.40942e+06 666346 634383 477589 1.26626e+06 863857 504516 461709 322380 302513 572406 606515 637141 476250 1.042e+06 733194 2.48188e+06 2.1733e+06 1.39095e+06 2.1988e+06 2.04684e+06 1.27873e+06 2.24175e+06 1.55474e+06 1.28409e+06 1.91349e+06 2.07355e+06 1.30442e+06 868473 1.12781e+06
Ftot
 0.302726 0.570927 0.567166 0.912783 0.328334 0.464483 1.09965 0.213644 0.886002 1.41165 0.272501 0.966139 0.900507 1.59902 1.26451 0.890822 0.661784 0.543398 0.779675 0.730302 0.589811 0.724552 0.457818 0.408264 0.404412 0.332424 0.403146 0.309432 0.302776 0.532974 0.315266
BD_Bspro_t
 0.952986 0.698444 0.453236 0.348698 0.317151 0.417881 0.484347 0.266756 0.302974 0.222987 0.170254 0.458637 0.348611 0.2583 0.153788 0.185663 0.387052 0.301774 0.494706 0.351364 0.331139 0.367964 0.391056 0.350742 0.48643 0.496402 0.492239 0.557927 0.647302 0.519291 0.404103
BD_Bspro
 1.75117 1.1482 0.525747 0.292695 0.279957 0.347284 0.630973 0.285013 0.244464 0.130379 0.0688077 0.203591 0.224937 0.176825 0.0957718 0.11777 0.53598 0.378733 1.16812 0.715786 0.79605 0.945904 0.939236 0.678722 1.04161 0.85285 0.663083 0.754435 1.18978 0.689261 0.30002
BD_Bo
 1.09508 0.718017 0.32877 0.183034 0.175068 0.217171 0.394572 0.17823 0.152873 0.0815311 0.0430281 0.127314 0.140662 0.110576 0.0598899 0.0736461 0.335169 0.236836 0.730471 0.447609 0.497801 0.591511 0.587341 0.424431 0.65136 0.533321 0.414652 0.471778 0.744016 0.431022 0.187614
BD_Brms
 5.58472 3.66177 1.67668 0.933443 0.892819 1.10754 2.01226 0.908943 0.779627 0.415796 0.219437 0.649279 0.717353 0.563919 0.305429 0.375583 1.70931 1.20783 3.72529 2.28274 2.53871 3.01661 2.99535 2.16453 3.32183 2.71985 2.11466 2.40599 3.79436 2.19815 0.956803
Sel_flota
 0.659173 0.973508 0.99857 0.999925 0.999996
 0.659173 0.973508 0.99857 0.999925 0.999996
 0.659173 0.973508 0.99857 0.999925 0.999996
 0.659173 0.973508 0.99857 0.999925 0.999996
 0.659173 0.973508 0.99857 0.999925 0.999996
 0.659173 0.973508 0.99857 0.999925 0.999996
 0.659173 0.973508 0.99857 0.999925 0.999996
 0.659173 0.973508 0.99857 0.999925 0.999996
 0.659173 0.973508 0.99857 0.999925 0.999996
 0.659173 0.973508 0.99857 0.999925 0.999996
 0.659173 0.973508 0.99857 0.999925 0.999996
 0.659173 0.973508 0.99857 0.999925 0.999996
 0.659173 0.973508 0.99857 0.999925 0.999996
 0.659173 0.973508 0.99857 0.999925 0.999996
 0.659173 0.973508 0.99857 0.999925 0.999996
 0.659173 0.973508 0.99857 0.999925 0.999996
 0.659173 0.973508 0.99857 0.999925 0.999996
 0.659173 0.973508 0.99857 0.999925 0.999996
 0.659173 0.973508 0.99857 0.999925 0.999996
 0.659173 0.973508 0.99857 0.999925 0.999996
 0.659173 0.973508 0.99857 0.999925 0.999996
 0.659173 0.973508 0.99857 0.999925 0.999996
 0.659173 0.973508 0.99857 0.999925 0.999996
 0.659173 0.973508 0.99857 0.999925 0.999996
 0.659173 0.973508 0.99857 0.999925 0.999996
 0.659173 0.973508 0.99857 0.999925 0.999996
 0.659173 0.973508 0.99857 0.999925 0.999996
 0.659173 0.973508 0.99857 0.999925 0.999996
 0.659173 0.973508 0.99857 0.999925 0.999996
 0.659173 0.973508 0.99857 0.999925 0.999996
 0.659173 0.973508 0.99857 0.999925 0.999996
Sel_reclas
 0.999998 1 1 1 1
 0.999998 1 1 1 1
 0.999998 1 1 1 1
 0.999998 1 1 1 1
 0.999998 1 1 1 1
 0.999998 1 1 1 1
 0.999998 1 1 1 1
 0.999998 1 1 1 1
 0.999998 1 1 1 1
 0.999998 1 1 1 1
 0.999998 1 1 1 1
 0.999998 1 1 1 1
 0.999998 1 1 1 1
 0.999998 1 1 1 1
 0.999998 1 1 1 1
 0.999998 1 1 1 1
 0.999998 1 1 1 1
 0.999998 1 1 1 1
 0.999998 1 1 1 1
 0.999998 1 1 1 1
 0.999998 1 1 1 1
 0.999998 1 1 1 1
 0.999998 1 1 1 1
 0.999998 1 1 1 1
 0.999998 1 1 1 1
 0.999998 1 1 1 1
 0.999998 1 1 1 1
 0.999998 1 1 1 1
 0.999998 1 1 1 1
 0.999998 1 1 1 1
 0.999998 1 1 1 1
Sel_pelaces
 0.927859 1 1 1 1
 0.927859 1 1 1 1
 0.927859 1 1 1 1
 0.927859 1 1 1 1
 0.927859 1 1 1 1
 0.927859 1 1 1 1
 0.927859 1 1 1 1
 0.927859 1 1 1 1
 0.927859 1 1 1 1
 0.927859 1 1 1 1
 0.927859 1 1 1 1
 0.927859 1 1 1 1
 0.927859 1 1 1 1
 0.927859 1 1 1 1
 0.927859 1 1 1 1
 0.927859 1 1 1 1
 0.927859 1 1 1 1
 0.927859 1 1 1 1
 0.927859 1 1 1 1
 0.927859 1 1 1 1
 0.927859 1 1 1 1
 0.927859 1 1 1 1
 0.927859 1 1 1 1
 0.927859 1 1 1 1
 0.927859 1 1 1 1
 0.927859 1 1 1 1
 0.927859 1 1 1 1
 0.927859 1 1 1 1
 0.927859 1 1 1 1
 0.927859 1 1 1 1
 0.927859 1 1 1 1
pf_obs 
 0.8446 0.082 0.0669 0.0065 0
 0.8095 0.147 0.0364 0.0071 0
 0.9664 0.0169 0.016 0.0007 0
 0.9276 0.0648 0.0075 0.0001 0
 0.7033 0.2144 0.0806 0.0017 0
 0.9318 0.0425 0.0243 0.0014 0
 0.5671 0.3108 0.0964 0.0239 0.0018
 0.0768 0.2599 0.5324 0.112 0.0189
 0.490249 0.384438 0.106611 0.0170017 0.00170017
 0.7925 0.1577 0.0466 0.003 0.0002
 0.840416 0.127587 0.0312969 0.00059994 9.999e-05
 0.8084 0.0986 0.0794 0.0134 0.0002
 0.7335 0.1905 0.0724 0.0035 0.0001
 0.4001 0.4547 0.1325 0.0127 0
 0.49795 0.308269 0.164784 0.0264974 0.00249975
 0.9179 0.0499 0.0305 0.0017 0
 0.2467 0.6533 0.0926 0.0074 0
 0.9418 0.0223 0.034 0.0019 0
 0.707729 0.231977 0.0356964 0.0245975 0
 0.517169 0.277429 0.184464 0.0207286 0.00020938
 0.811772 0.124168 0.05621 0.00726502 0.000585176
 0.764997 0.148141 0.077277 0.00933861 0.000247198
 0.163321 0.427699 0.378323 0.0303852 0.000271297
 0.753843 0.0900009 0.118128 0.0371064 0.000921714
 0.721811 0.176058 0.0630433 0.0369309 0.00215725
 0.143369 0.312575 0.442814 0.0836902 0.0175525
 0.692698 0.0596174 0.167031 0.0765114 0.00414204
 0.394062 0.376323 0.152708 0.0712218 0.00568511
 0.125707 0.32114 0.495352 0.0537591 0.00404204
 0.23352 0.215282 0.420074 0.123614 0.00750983
 0 0 0 0 0
pf_pred 
 0.517751 0.163193 0.293967 0.0250879 8.94071e-07
 0.476867 0.327745 0.0673966 0.117941 0.0100501
 0.627559 0.223054 0.0947912 0.0188542 0.0357415
 0.72422 0.202579 0.0444363 0.0182642 0.0104999
 0.695013 0.250561 0.0403991 0.00852188 0.00550451
 0.826685 0.135019 0.0316269 0.00495211 0.0017166
 0.446676 0.489224 0.0502864 0.011411 0.00240192
 0.462506 0.319446 0.193732 0.0190861 0.00523059
 0.599457 0.227467 0.104023 0.0613629 0.00769057
 0.790513 0.152043 0.0331829 0.0145936 0.00966732
 0.882112 0.10389 0.0102958 0.00214094 0.00156115
 0.79293 0.190472 0.014677 0.00141347 0.000507452
 0.734977 0.230934 0.0314569 0.00232819 0.000304045
 0.700499 0.248445 0.0447115 0.00585534 0.000488919
 0.802229 0.163811 0.0284196 0.00485323 0.000686694
 0.958411 0.0368125 0.00398683 0.000660698 0.000128473
 0.344094 0.639941 0.0141951 0.00147875 0.000292096
 0.940284 0.0276981 0.0312646 0.000669779 8.3398e-05
 0.584882 0.399637 0.00730778 0.00798155 0.000191938
 0.687408 0.220294 0.0889797 0.00156809 0.00175038
 0.747722 0.198784 0.0380976 0.0148438 0.000552496
 0.786961 0.176639 0.0288873 0.00535297 0.00215938
 0.303395 0.599856 0.080709 0.0127342 0.00330515
 0.77169 0.0932487 0.116808 0.0152311 0.00302175
 0.651503 0.293861 0.0227224 0.0276069 0.00430683
 0.427403 0.426956 0.123406 0.00925603 0.0129788
 0.755518 0.131175 0.0851184 0.0238912 0.00429765
 0.710572 0.240281 0.0267459 0.0168352 0.0055662
 0.313447 0.542859 0.119888 0.0129645 0.0108416
 0.405465 0.245591 0.277582 0.059555 0.011807
 0.869311 0.0688434 0.0260421 0.0284918 0.00731193
pobs_RECLAS
 0 0 0 0 0
 0 0 0 0 0
 0 0 0 0 0
 0 0 0 0 0
 0 0 0 0 0
 0 0 0 0 0
 0 0 0 0 0
 0 0 0 0 0
 0 0 0 0 0
 0 0 0 0 0
 0.991045 0.00858322 0.000360255 1.14367e-05 0
 0.934742 0.0480273 0.0164251 0.00080598 0
 0.827803 0.169806 0.00239088 0 0
 0.941827 0.0461693 0.0120037 0 0
 0.791401 0.0380133 0.147996 0.0225897 0
 0.846168 0.0940531 0.0597789 0 0
 0.134021 0.677848 0.182769 0.00536245 0
 0.80878 0.0450904 0.141981 0.00414843 0
 0.846168 0.0940531 0.0597789 0 0
 0.905697 0.0802665 0.012482 0.00150086 5.37128e-05
 0.989698 0.0102097 9.19794e-05 0 0
 0.975433 0.0193895 0.00387452 0.00125025 5.28907e-05
 0.303575 0.632131 0.0575291 0.00676475 0
 0.966965 0.00978017 0.0227588 0.000495775 0
 0.843318 0.132988 0.00938335 0.0141283 0.000182051
 0.564624 0.303363 0.111486 0.0197234 0.00080311
 0.826376 0.0876187 0.0782897 0.00655872 0.00115652
 0.89761 0.0855135 0.0140674 0.00269457 0.000114338
 0.34875 0.467042 0.161289 0.0227151 0.000203297
 0.318654 0.224769 0.449479 0.00709798 0
 0.937255 0.0296025 0.0250945 0.00804832 0
ppred_RECLAS
 0.619619 0.130972 0.229822 0.0195861 6.9795e-07
 0.581497 0.264943 0.0530195 0.092647 0.00789416
 0.719848 0.169645 0.0701596 0.0139347 0.0264136
 0.802641 0.1461 0.0311363 0.0127779 0.00734531
 0.773628 0.186853 0.0293451 0.00618144 0.00399247
 0.878084 0.0955404 0.0217879 0.00340665 0.00118079
 0.557466 0.392624 0.0391686 0.0088739 0.00186773
 0.563798 0.261984 0.154814 0.0152308 0.00417375
 0.699268 0.172944 0.076851 0.0452649 0.00567256
 0.858244 0.103798 0.0219428 0.00963385 0.00638122
 0.917898 0.0725787 0.00700729 0.00145509 0.00106096
 0.85544 0.133281 0.00997526 0.000959175 0.000344326
 0.8104 0.16582 0.0219467 0.00162182 0.000211781
 0.791519 0.173916 0.0302767 0.00395794 0.000330456
 0.865128 0.112305 0.0188908 0.00322067 0.000455659
 0.972591 0.0243416 0.00256157 0.000423852 8.24118e-05
 0.443042 0.543763 0.0117333 0.0012205 0.000241064
 0.960106 0.0187735 0.0206243 0.000441193 5.49313e-05
 0.682621 0.305869 0.00543783 0.00593026 0.000142598
 0.771258 0.162526 0.0638387 0.00112335 0.00125384
 0.818218 0.144072 0.0268684 0.0104534 0.000389052
 0.849461 0.125414 0.0199458 0.00369056 0.00148864
 0.396139 0.521925 0.0683692 0.0107718 0.00279562
 0.837181 0.067556 0.0824049 0.0107299 0.00212858
 0.737595 0.222207 0.0167315 0.0202994 0.00316658
 0.5287 0.35378 0.0996 0.00745997 0.0104596
 0.824074 0.0955677 0.0603878 0.0169257 0.00304445
 0.786254 0.178253 0.0193277 0.0121488 0.00401644
 0.406364 0.471968 0.101535 0.0109644 0.00916835
 0.510626 0.205404 0.225963 0.0484102 0.00959676
 0.909508 0.0482792 0.0177898 0.0194359 0.00498753
pobs_PELACES
 0 0 0 0 0
 0 0 0 0 0
 0 0 0 0 0
 0 0 0 0 0
 0 0 0 0 0
 0 0 0 0 0
 0 0 0 0 0
 0 0 0 0 0
 0 0 0 0 0
 0 0 0 0 0
 0 0 0 0 0
 0 0 0 0 0
 0 0 0 0 0
 0 0 0 0 0
 0 0 0 0 0
 0 0 0 0 0
 0.505614 0.472636 0.0217494 0 0
 0 0 0 0 0
 0.443492 0.261883 0.143347 0.151278 0
 0.227955 0.32914 0.350689 0.0885471 0.00366901
 0.970185 0.0296113 0.000203453 0 0
 0.997202 0.00247181 0.000326279 0 0
 0.445219 0.490057 0.0546422 0.010081 0
 0.90214 0.0892962 0.00764917 0.000914606 0
 0 0 0 0 0
 0.581667 0.319106 0.0959925 0.00289975 0.000334073
 0.762889 0.0836404 0.116647 0.0363945 0.000428098
 0.88444 0.0763242 0.0277011 0.0115352 0
 0.521256 0.241999 0.230069 0.00667565 0
 0.616807 0.101726 0.260614 0.0208532 0
 0 0 0 0 0
ppred_PELACES
 0.609713 0.134605 0.235605 0.0200762 7.15411e-07
 0.57812 0.267559 0.0532909 0.0930975 0.00793243
 0.716984 0.171702 0.0706782 0.0140341 0.0266018
 0.806073 0.143846 0.0304255 0.0124811 0.00717455
 0.766486 0.192841 0.0302033 0.00636129 0.00410859
 0.875289 0.0978126 0.0222205 0.00347358 0.00120398
 0.567366 0.384237 0.0379849 0.00860151 0.00181035
 0.550969 0.26988 0.159198 0.0156607 0.00429153
 0.7035 0.171052 0.0754555 0.0444254 0.00556723
 0.867096 0.097627 0.0203986 0.00895024 0.00592822
 0.914337 0.0757465 0.00729666 0.00151499 0.00110463
 0.858622 0.130429 0.00968411 0.000930777 0.000334123
 0.813373 0.163372 0.0214622 0.00158538 0.000207018
 0.806479 0.161791 0.0277958 0.00363103 0.00030315
 0.871759 0.106971 0.0178064 0.00303407 0.000429247
 0.973076 0.0239305 0.00249982 0.000413471 8.03916e-05
 0.441538 0.545302 0.0117023 0.00121691 0.000240352
 0.959484 0.0191117 0.0209018 0.000447021 5.56561e-05
 0.683971 0.30464 0.00538117 0.00586643 0.00014106
 0.771722 0.16248 0.0634365 0.00111591 0.00124552
 0.816326 0.14572 0.0270436 0.0105188 0.00039148
 0.849627 0.125402 0.0198249 0.00366699 0.00147911
 0.38973 0.527737 0.0688693 0.0108484 0.00281546
 0.832975 0.0694388 0.0844159 0.0109897 0.00218011
 0.731277 0.227678 0.0170861 0.0207259 0.00323309
 0.518798 0.361463 0.101484 0.00759991 0.0106557
 0.819459 0.0982262 0.0618611 0.0173356 0.00311814
 0.779052 0.184339 0.0199365 0.0125297 0.00414235
 0.396047 0.480419 0.103095 0.0111313 0.00930786
 0.506376 0.207724 0.22751 0.04873 0.00966004
 0.906083 0.0501691 0.018438 0.0201413 0.0051685
pobs_pel_tallas
 0 0 0 0 0 0 0 0 0 0 0 0 0 0 0 0 0 0 0 0 0 0 0 0 0 0
 0 0 0 0 0 0 0 0 0 0 0 0 0 0 0 0 0 0 0 0 0 0 0 0 0 0
 0 0 0 0 0 0 0 0 0 0 0 0 0 0 0 0 0 0 0 0 0 0 0 0 0 0
 0 0 0 0 0 0 0 0 0 0 0 0 0 0 0 0 0 0 0 0 0 0 0 0 0 0
 0 0 0 0 0 0 0 0 0 0 0 0 0 0 0 0 0 0 0 0 0 0 0 0 0 0
 0 0 0 0 0 0 0 0 0 0 0 0 0 0 0 0 0 0 0 0 0 0 0 0 0 0
 0 0 0 0 0 0 0 0 0 0 0 0 0 0 0 0 0 0 0 0 0 0 0 0 0 0
 0 0 0 0 0 0 0 0 0 0 0 0 0 0 0 0 0 0 0 0 0 0 0 0 0 0
 0 0 0 0 0 0 0 0 0 0 0 0 0 0 0 0 0 0 0 0 0 0 0 0 0 0
 0 0 0 0 0 0 0 0 0 0 0 0 0 0 0 0 0 0 0 0 0 0 0 0 0 0
 0 0 0 0 0 0 0 0 0 0 0 0 0 0 0 0 0 0 0 0 0 0 0 0 0 0
 0 0 0 0 0 0 0 0 0 0 0 0 0 0 0 0 0 0 0 0 0 0 0 0 0 0
 0.00862536 0 0 0.000197151 0.00414017 0.0128641 0.00837892 0.0270097 0.101434 0.158115 0.152841 0.127902 0.109271 0.109419 0.0830992 0.0579132 0.0238553 0.00714673 0.00463305 0.00128148 0.00103504 0.000492878 0.000147863 0.000147863 4.92878e-05 0
 0 0 0 0 0 0 0 0 0 0 0 0 0 0 0 0 0 0 0 0 0 0 0 0 0 0
 0 0 0 0 0 0 0 0.0054083 0.00873648 0.0413646 0.0450493 0.0745869 0.0622846 0.0627006 0.0613931 0.0827291 0.12552 0.122667 0.0946155 0.0697135 0.0546179 0.0294188 0.0215738 0.0213955 0.0102223 0.00600262
 0 0 0 0 0.00359764 0.0251062 0.0480494 0.140153 0.205849 0.193036 0.1447 0.116669 0.0760912 0.0342217 0.00950174 0.001854 0.000860785 0 0 0 0.000165536 0 0.000143464 0 0 0
 0 0 0 0 0 0 0 0.000145254 0.000435761 0.0275982 0.070085 0.0708112 0.156366 0.174668 0.174014 0.160142 0.0824315 0.0480064 0.0283245 0.00493863 0.00203355 0 0 0 0 0
 0 0 0 0 0 0 0 0 0 0 0 0 0 0 0 0 0 0 0 0 0 0 0 0 0 0
 0 0 1.00437e-05 0.000401748 0.00122533 0.00171747 0.00176769 0.0269171 0.070346 0.194647 0.189555 0.159765 0.064822 0.0314167 0.0384472 0.0292271 0.0345202 0.0313363 0.0194345 0.0106764 0.0143323 0.0359363 0.0279516 0.0138201 0.00172751 0
 0 0.0021121 0.0136068 0.0755702 0.200478 0.177729 0.0527432 0.0373336 0.0318909 0.0142505 0.0149659 0.0166563 0.0217959 0.0798694 0.0677717 0.0528807 0.04013 0.0224614 0.0357745 0.0225083 0.00881397 0.00855152 0.00135912 0.000746735 0 0
 0 0 0 0 5.4009e-05 0.00500934 0.000945158 0.0243581 0.138947 0.33067 0.221406 0.137944 0.0707744 0.0437923 0.0131692 0.00525238 0.0047753 0.00276346 9.45158e-05 9.00151e-06 2.25038e-05 9.00151e-06 4.50075e-06 0 0 0
 0.000866109 0.00284123 0.00948549 0.0512746 0.133035 0.25785 0.225252 0.132002 0.0553304 0.0519788 0.0540692 0.017754 0.00435017 0.00159236 0.00146478 0.000404838 0.000125132 0.000115318 0.000107957 0.000100596 0 0 0 0 0 0
 0 0 0 0 0.00144013 0.00171154 0.00461396 0.0210425 0.0478622 0.0707936 0.0888783 0.103762 0.0637923 0.0337046 0.0602308 0.124433 0.169614 0.0934646 0.0462172 0.0250306 0.0313229 0.00938855 0.002487 0.000210481 0 0
 0 0.00764035 0.051015 0.0998891 0.058973 0.0496711 0.0374665 0.0718981 0.12319 0.153886 0.159021 0.0857701 0.0377988 0.023471 0.0147837 0.00900784 0.00315554 0.000888139 0.00291439 0.00214683 0.00393193 0.00274676 0.000635225 9.99891e-05 0 0
 0 0 0 0 0 0 0 0 0 0 0 0 0 0 0 0 0 0 0 0 0 0 0 0 0 0
 0 0 0 0 0 0 0 0 0 0 0 0 0 0 0 0 0 0 0 0 0 0 0 0 0 0
 0 0 0 0 0 0 0 0 0 0 0 0 0 0 0 0 0 0 0 0 0 0 0 0 0 0
 0 0 0 0 0 0 0 0 0 0 0 0 0 0 0 0 0 0 0 0 0 0 0 0 0 0
 0 0 0 0 0 0 0 0 0 0 0 0 0 0 0 0 0 0 0 0 0 0 0 0 0 0
 0 0 0 0 0 0 0 0 0 0 0 0 0 0 0 0 0 0 0 0 0 0 0 0 0 0
 0 0 0 0 0 0 0 0 0 0 0 0 0 0 0 0 0 0 0 0 0 0 0 0 0 0
ppred_pel_tallas
 1.08847e-16 5.02213e-05 0.000488169 0.00324406 0.014747 0.0458835 0.0977602 0.142687 0.1427 0.0978254 0.0461034 0.0153866 0.00486581 0.00408234 0.00703381 0.0119591 0.018176 0.0248384 0.0310444 0.0362638 0.0404415 0.0436262 0.04551 0.0453902 0.0426379 0.0372556
 1.12286e-16 4.7619e-05 0.000462874 0.00307596 0.0139829 0.0435061 0.0926953 0.135297 0.135323 0.0928216 0.0439304 0.0152091 0.00615711 0.00719991 0.0128759 0.0213038 0.0309158 0.0394003 0.0444713 0.045175 0.0424843 0.0386022 0.0355196 0.0339483 0.0332782 0.0323165
 1.07993e-16 5.9057e-05 0.000574056 0.0038148 0.0173415 0.0539561 0.11496 0.167791 0.167807 0.115041 0.0542293 0.0181316 0.005802 0.00492535 0.00836218 0.0138347 0.0201702 0.0258907 0.0295319 0.0304367 0.0291222 0.0268551 0.0247882 0.0233507 0.0222607 0.0209644
 1.03381e-16 6.63952e-05 0.000645385 0.00428881 0.0194963 0.0606603 0.129244 0.188638 0.188652 0.129312 0.0608882 0.0201548 0.00594261 0.00425901 0.00693941 0.0113942 0.0164722 0.0208549 0.0232483 0.0230667 0.0207747 0.0175505 0.0145487 0.0123396 0.0108552 0.00970861
 1.02255e-16 6.31345e-05 0.00061369 0.00407819 0.0185389 0.0576813 0.122897 0.179375 0.179394 0.122988 0.0579864 0.01942 0.00629023 0.00544343 0.00923811 0.0151789 0.0218747 0.0275397 0.0303968 0.0296256 0.0258431 0.0206712 0.0157543 0.0119932 0.00943803 0.00767683
 1.01219e-16 7.20964e-05 0.000700803 0.00465708 0.0211704 0.0658691 0.140341 0.204834 0.204844 0.140388 0.0660241 0.0216181 0.00578151 0.00315751 0.00474388 0.0077442 0.0111852 0.014141 0.0157168 0.0154955 0.013772 0.0113326 0.00896532 0.00708795 0.00571169 0.00464572
 1.02364e-16 4.67332e-05 0.000454264 0.00301874 0.0137228 0.0426969 0.0909717 0.132784 0.132821 0.0911525 0.043304 0.0154758 0.00741765 0.0100527 0.0182629 0.0300839 0.0432515 0.0542185 0.0593978 0.0571305 0.0486753 0.0373638 0.0266296 0.0184389 0.0130227 0.00960677
 1.0696e-16 4.53827e-05 0.000441136 0.0029315 0.0133262 0.0414629 0.0883421 0.128943 0.12897 0.0884702 0.0418936 0.0145727 0.00606946 0.00732139 0.0132002 0.0219796 0.0321899 0.0415848 0.0478614 0.0498916 0.0482712 0.0446798 0.0406298 0.0366652 0.0325073 0.0277496
 1.07619e-16 5.79464e-05 0.00056326 0.00374306 0.0170154 0.0529414 0.112798 0.164635 0.164652 0.112879 0.0532138 0.0178036 0.00572622 0.00490833 0.00835702 0.0138489 0.0202413 0.0260899 0.0299648 0.0312287 0.0303826 0.0286265 0.0269988 0.0257942 0.0246242 0.0229067
 1.02515e-16 7.14216e-05 0.000694243 0.00461349 0.0209723 0.0652525 0.139028 0.202917 0.202926 0.139074 0.0654072 0.0214191 0.00573592 0.00314683 0.0047363 0.00773575 0.011182 0.0141603 0.0157931 0.0156864 0.0141594 0.0120149 0.0100371 0.00860849 0.00767312 0.00695509
 1.00569e-16 7.53128e-05 0.000732067 0.00486484 0.0221149 0.0688076 0.146602 0.213972 0.213979 0.146638 0.0689273 0.0224604 0.00573197 0.00262413 0.00366605 0.00593463 0.00852555 0.0106869 0.0117083 0.0112637 0.00960327 0.00738612 0.00529082 0.00370482 0.00267063 0.00203007
 1.00463e-16 7.07236e-05 0.000687458 0.0045684 0.0207673 0.0646149 0.137669 0.200935 0.200948 0.137731 0.0648208 0.0213619 0.00606026 0.00394174 0.00624394 0.0101914 0.0146288 0.0182997 0.019974 0.0190836 0.0160591 0.0120471 0.00823931 0.00533381 0.00343417 0.00228914
 1.00856e-16 6.69965e-05 0.00065123 0.00432765 0.0196729 0.0612098 0.130414 0.190347 0.190363 0.130491 0.061468 0.0204188 0.00619967 0.00473708 0.00782437 0.0128226 0.0184486 0.0231626 0.0254397 0.0245692 0.0210688 0.0163272 0.0117747 0.00822932 0.00579452 0.00417086
 1.0126e-16 6.64287e-05 0.00064571 0.00429097 0.0195061 0.0606909 0.129309 0.188734 0.188749 0.129385 0.0609469 0.0202456 0.0061474 0.00469929 0.00776773 0.0127436 0.0183669 0.0231276 0.025529 0.0248722 0.0216584 0.0172303 0.0129556 0.00959477 0.00721676 0.00552058
 1.00919e-16 7.18057e-05 0.000697977 0.0046383 0.021085 0.0656035 0.139775 0.204009 0.204019 0.139826 0.0657727 0.0215739 0.00586558 0.00337772 0.00516278 0.00842567 0.01214 0.015285 0.0168702 0.0164353 0.0143146 0.0113991 0.00859537 0.00640525 0.00486962 0.00378174
 1.00134e-16 8.0151e-05 0.000779096 0.00517737 0.0235356 0.0732279 0.15602 0.227716 0.227718 0.156031 0.0732657 0.0236447 0.00545137 0.00137699 0.0012149 0.00187961 0.00269506 0.00337867 0.00370225 0.00356195 0.00303554 0.00232978 0.00165794 0.00114248 0.000798542 0.000579346
 1.0064e-16 3.6369e-05 0.00035352 0.00234927 0.0106795 0.0332281 0.0707978 0.103343 0.103395 0.0710541 0.0340881 0.0131622 0.00857592 0.0139288 0.0257666 0.0424041 0.0607621 0.0757373 0.0821544 0.0776276 0.0640186 0.0462628 0.0295399 0.0169549 0.00904426 0.00473645
 1.00663e-16 7.90314e-05 0.000768213 0.00510505 0.0232068 0.072205 0.15384 0.224535 0.224537 0.15385 0.0722358 0.0232961 0.00533062 0.00126504 0.00103546 0.00162008 0.00240331 0.00318173 0.00380017 0.00417723 0.00433078 0.00433082 0.0042226 0.00399279 0.0036029 0.00304826
 1.00846e-16 5.63379e-05 0.000547624 0.00363916 0.0165431 0.0514719 0.109667 0.160069 0.160098 0.109811 0.0519524 0.0179301 0.00711783 0.00813193 0.0144319 0.0236956 0.0339554 0.0423365 0.0459534 0.0434839 0.0359794 0.0262034 0.0170437 0.0102134 0.0059759 0.0036923
 1.02195e-16 6.35657e-05 0.000617882 0.00410604 0.0186655 0.0580753 0.123736 0.1806 0.180616 0.123813 0.0583335 0.019412 0.00598285 0.00472444 0.00789023 0.0130148 0.0189063 0.0241125 0.0271795 0.027405 0.0252069 0.0217564 0.0181992 0.0151023 0.0124544 0.0100266
 1.01939e-16 6.72397e-05 0.000653594 0.00434336 0.0197443 0.0614319 0.130888 0.191037 0.191051 0.130956 0.0616626 0.0204107 0.00601679 0.00430867 0.00701473 0.0115058 0.0166046 0.0209584 0.0232355 0.022822 0.0201769 0.0164999 0.0129914 0.010284 0.00837929 0.00695509
 1.01223e-16 6.99826e-05 0.000680256 0.00452054 0.0205497 0.0639379 0.136227 0.19883 0.198842 0.136286 0.0641363 0.0211227 0.00595897 0.00382084 0.00603592 0.00987138 0.0142214 0.0179 0.0197472 0.0192258 0.0167328 0.0133197 0.010056 0.00753244 0.00579264 0.00458292
 1.03687e-16 3.21017e-05 0.00031204 0.00207362 0.00942639 0.0293293 0.062491 0.091218 0.0912689 0.0627394 0.0301635 0.0118359 0.00812123 0.013512 0.0250949 0.0414193 0.0596218 0.0748854 0.0823086 0.0796128 0.068487 0.0534234 0.0390302 0.0279149 0.0203555 0.0153227
 1.03925e-16 6.86111e-05 0.000666924 0.00443195 0.020147 0.0626848 0.133557 0.194932 0.194938 0.13359 0.0627971 0.0204728 0.00525551 0.00248371 0.00357447 0.00594539 0.00889503 0.0118887 0.0144091 0.016186 0.0172848 0.0179214 0.0181803 0.0179058 0.0168523 0.0149314
 1.03177e-16 6.02344e-05 0.0005855 0.00389085 0.0176873 0.0550318 0.117252 0.171137 0.171159 0.117359 0.0553914 0.0187258 0.00649704 0.00627227 0.0108532 0.0178294 0.0256392 0.032168 0.0353129 0.0341285 0.0294044 0.023147 0.0173866 0.0132272 0.0106881 0.00916658
 1.05587e-16 4.27328e-05 0.000415378 0.00276033 0.0125481 0.039042 0.0831843 0.121417 0.121452 0.083355 0.0396152 0.0142047 0.00692237 0.00951339 0.0173573 0.0287205 0.0415846 0.0527413 0.0589266 0.0586043 0.0528252 0.0444093 0.0361534 0.0294983 0.0244337 0.0202724
 1.04077e-16 6.74978e-05 0.000656102 0.00436003 0.0198201 0.0616677 0.13139 0.191769 0.191779 0.131437 0.0618246 0.0202745 0.00550469 0.00316783 0.00487576 0.0080536 0.0118292 0.0153685 0.0178601 0.0189217 0.018784 0.0180422 0.0171911 0.0163368 0.0152699 0.0137496
 1.02581e-16 6.41695e-05 0.000623751 0.00414504 0.0188428 0.058627 0.124912 0.182316 0.182334 0.124998 0.0589183 0.0196843 0.006257 0.00523332 0.00881625 0.0144679 0.020824 0.0261669 0.0287969 0.0279433 0.024228 0.0192471 0.0146152 0.011209 0.00905038 0.00767999
 1.0579e-16 3.26219e-05 0.000317097 0.00210722 0.00957916 0.0298046 0.0635035 0.0926949 0.0927413 0.06373 0.0305654 0.0117773 0.00762748 0.0123763 0.0229596 0.0379686 0.0548386 0.0692633 0.0768536 0.0755561 0.0668323 0.0545807 0.0427264 0.0333791 0.0266325 0.0215523
 1.13141e-16 4.17096e-05 0.000405432 0.00269424 0.0122476 0.038107 0.0811918 0.118506 0.118526 0.0812914 0.0384423 0.01322 0.00515065 0.00581977 0.0104772 0.0176548 0.026364 0.0351154 0.042369 0.0473562 0.0503648 0.0521738 0.0531601 0.0529075 0.0506072 0.0458056
 1.0344e-16 7.46329e-05 0.000725458 0.00482092 0.0219152 0.0681864 0.145279 0.212039 0.212044 0.145302 0.0682663 0.0221462 0.00540212 0.00199871 0.00250634 0.00406208 0.00593368 0.00765789 0.00882567 0.00927264 0.00917493 0.00891009 0.00878868 0.00886862 0.0089693 0.00882963
pSPR Fmed_Fpbrs
0.416593   0.246084 0.246084
Fs Fmed_Fpbrs
0.567725   1.005 1.005
SSBpbr Bo_Bmed_Bpbrs
1.24932e+06  457993  244973 244973
Ro
109716
SPR SPRFo_SPRFmed_SPRFpbrs
781250 325463 192253
Fref
1.005
log_Ro
11.4256
likeval ReclasPelacesDesembMPH_pf_preclas_ppelaces_ptallas_desvR_qrecl_qpela
 11.5484 16.626 0.0143918 0.000835693 232.148 118.48 85.0528 0 26.5036 2.27746e-05 4.62345e-05 0.0326056 0 0 0
q_reclas_q_pelaces
1.96649 2.63104
M
1
N
 146579 32492.9 57233.1 4878.58 0.17385
 88621.8 44168.6 8902.35 15562.1 1326.03
 86854.5 22377.1 9320.46 1851.89 3510.38
 104641 21985.3 4739.34 1946.16 1118.78
 82932 21091.2 3326.01 700.767 452.616
 209933 24571.6 5636.24 881.534 305.557
 67920.3 56861.1 5751.23 1303.95 274.46
 25186.6 12103.2 7171.33 705.629 193.367
 28312.5 8048.48 3616.43 2131.34 267.107
 38468.9 5808.22 1249.76 549.225 363.811
 67620.7 5580.76 540.651 112.289 81.8746
 114618 20786.2 1574.67 151.512 54.3917
 94617.7 22303.6 2985.43 220.752 28.8273
 68055.5 19225.8 3414.73 446.876 37.3126
 55103.6 8725.87 1491.22 254.454 36.0017
 305960 8808.2 937.331 155.19 30.1753
 45942.6 62567.7 1361.33 141.668 27.982
 513043 10926.2 12085.4 258.625 32.201
 260450 131916 2368.27 2584.1 62.1383
 242471 57309.7 22717.7 399.956 446.427
 285318 55118.5 10355.5 4030.49 150.009
 430062 71152 11419.2 2113.93 852.709
 69311.7 98133 12928.8 2037.62 528.833
 219149 18856 23118.5 3011.08 597.342
 191878 61598.3 4661.72 5657.35 882.525
 76691.2 54070.3 15286 1145.17 1605.66
 183411 22661.4 14391.9 4034.92 725.777
 217333 51727.3 5630.48 3539.89 1170.32
 53528.6 65200.1 14079.9 1520.75 1271.65
 36874.9 16129.3 17862.5 3828.25 758.92
 171154 9546.82 3531.7 3859.33 990.369
pred_Ctot
 17036.3 5369.77 9672.82 825.501 0.0294189
 18113.7 12449.3 2560.04 4479.96 381.752
 17652.5 6274.25 2666.36 530.347 1005.37
 31386.1 8779.34 1925.77 791.528 455.044
 10383.6 3743.42 603.568 127.318 82.2381
 35880.8 5860.28 1372.71 214.938 74.506
 23456.7 25691.1 2640.74 599.234 126.134
 2115.6 1461.21 886.169 87.3036 23.9258
 8297.3 3148.46 1439.81 849.346 106.448
 15852.3 3048.95 665.421 292.648 193.86
 7131.65 839.928 83.2391 17.309 12.6215
 35916.8 8627.68 664.814 64.0251 22.9857
 28082.4 8823.67 1201.93 88.9567 11.6171
 30445.2 10798 1943.25 254.485 21.2494
 21046.1 4297.51 745.574 127.322 18.0151
 90046.1 3458.66 374.577 62.0749 12.0705
 10635.6 19780 438.759 45.7069 9.02842
 100514 2960.85 3342.1 71.5975 8.91501
 68960.6 47119.3 861.625 941.066 22.6304
 60882.1 19511 7880.73 138.882 155.027
 59955.4 15939.3 3054.82 1190.23 44.3014
 107289 24081.8 3938.32 729.79 294.396
 11696.7 23126.1 3111.55 490.938 127.423
 33408.6 4036.99 5056.95 659.396 130.82
 29004.6 13082.5 1011.59 1229.04 191.738
 9711.31 9701.15 2804 210.312 294.9
 27647 4800.15 3114.78 874.261 157.266
 25773.5 8715.33 970.111 610.637 201.894
 6222.37 10776.5 2379.96 257.363 215.221
 7104.85 4303.44 4864 1043.57 206.891
 20647.8 1635.16 618.55 676.735 173.672
F
 0.199549 0.294706 0.302293 0.302703 0.302725
 0.37634 0.555802 0.570111 0.570884 0.570925
 0.37386 0.55214 0.566354 0.567123 0.567163
 0.601682 0.888602 0.911478 0.912714 0.91278
 0.216429 0.319636 0.327865 0.32831 0.328333
 0.306175 0.452178 0.463819 0.464448 0.464481
 0.724862 1.07052 1.09808 1.09957 1.09965
 0.140828 0.207984 0.213339 0.213628 0.213643
 0.584029 0.86253 0.884735 0.885936 0.885999
 0.930524 1.37425 1.40963 1.41155 1.41165
 0.179626 0.265282 0.272111 0.272481 0.2725
 0.636853 0.940544 0.964757 0.966066 0.966135
 0.59359 0.876651 0.899219 0.900439 0.900504
 1.05403 1.55666 1.59673 1.5989 1.59901
 0.833532 1.23101 1.2627 1.26442 1.26451
 0.587206 0.867222 0.889548 0.890755 0.890819
 0.43623 0.644252 0.660837 0.661734 0.661781
 0.358193 0.529002 0.542621 0.543357 0.543396
 0.513941 0.75902 0.77856 0.779617 0.779672
 0.481396 0.710955 0.729258 0.730247 0.730299
 0.388788 0.574186 0.588968 0.589767 0.589809
 0.477606 0.705357 0.723516 0.724498 0.72455
 0.301782 0.445689 0.457163 0.457784 0.457816
 0.269116 0.397448 0.40768 0.408233 0.408262
 0.266577 0.393698 0.403833 0.404381 0.40441
 0.219125 0.323618 0.331949 0.332399 0.332423
 0.265743 0.392466 0.40257 0.403116 0.403145
 0.20397 0.301235 0.30899 0.309409 0.309431
 0.199582 0.294755 0.302343 0.302754 0.302775
 0.351322 0.518854 0.532212 0.532934 0.532972
 0.207815 0.306913 0.314815 0.315242 0.315264
nmprior
 8 9 7.5 0
nm_flota  nm_reclas  nm_pelaces    nm_pelaL
inf 18.8268 16.742 29.4149
cv_recla  cv_pelaces  cv_mph
0.307387 0.479798 0.892131
 ------------------------------------------------
Talla a la edad & desviación 
 8 13.2811 15.8009 17.003 17.5766
 0.8 1.32811 1.58009 1.7003 1.75766
