    unsorted:	 6.690454634e-05 0.001099984197 4.860606365 8.132941138 4.128484691 11.23665963 14.76630857 36.84024990 51.31973965 88.32325288 115.5503695 159.1230689 208.7253256 295.2497181 253.8843229 443.6801698 405.8897861 490.6735439 553.8359733 580.6967479 641.2561066 704.6174321 825.3908135 839.8877423 794.3902817 882.0133016 945.0539697 969.1069892 1096.549897 1087.044240 1160.091431 1301.895659 1275.548045 1534.746747 1598.939885 1755.159561 1769.831728 1880.661777 2011.220995 2372.284537 2721.959222 2992.546430 3112.938549 14979.18315 37428.00756 158041.8391 189759.3946 334370.9866 338976.3091 319522.6554 302488.6180 351901.8903 269211.1681 410719.5921 430377.1356 460494.7389 544958.0342 613868.1840 748234.9385 760572.1162 810862.1119 875518.4038 1058905.914 1287560.968 1382499.095 1476499.712 1553617.976 1617842.145 1785999.738 1919936.235 2213060.270 2259872.521 2764584.130 2871995.615 3259976.915 3560408.744 3904642.456
      sorted:	 6.690454634e-05 0.001099984197 4.128484691 4.860606365 8.132941138 11.23665963 14.76630857 36.84024990 51.31973965 88.32325288 115.5503695 159.1230689 208.7253256 253.8843229 295.2497181 405.8897861 443.6801698 490.6735439 553.8359733 580.6967479 641.2561066 704.6174321 794.3902817 825.3908135 839.8877423 882.0133016 945.0539697 969.1069892 1087.044240 1096.549897 1160.091431 1275.548045 1301.895659 1534.746747 1598.939885 1755.159561 1769.831728 1880.661777 2011.220995 2372.284537 2721.959222 2992.546430 3112.938549 14979.18315 37428.00756 158041.8391 189759.3946 269211.1681 302488.6180 319522.6554 334370.9866 338976.3091 351901.8903 410719.5921 430377.1356 460494.7389 544958.0342 613868.1840 748234.9385 760572.1162 810862.1119 875518.4038 1058905.914 1287560.968 1382499.095 1476499.712 1553617.976 1617842.145 1785999.738 1919936.235 2213060.270 2259872.521 2764584.130 2871995.615 3259976.915 3560408.744 3904642.456
