    unsorted:	 2.368172092e-06 2.286919803e-06 4.116312509e-07 6.002748034e-05 5.415726791e-05 8.145579265e-05 0.001099993020 13.18570084 62.78648830 146.8555620 165.0354640 234.0613457 280.4837033 372.8914312 487.0193876 698.0774875 617.4157609 804.9589282 881.3984445 927.1420604 943.2399795 1114.410550 1245.175186 1327.118901 1479.218547 1568.800047 1902.589553 1984.839624 2092.540573 2226.095647 2355.010830 2437.754743 2479.049166 2559.726153 2593.270806 2751.021454 3017.362228 3142.235377 3355.648090 3629.215171 3818.889025 4148.058860 5568.562888 9166.160887 37474.41888 158324.5361 411167.1021 415045.5583 404351.0713 401666.5008 384994.3753 365656.0308 451648.8540 470790.8357 466211.3914 474718.9596 340045.9470 534506.9850 566245.2446 589203.5254 621783.2122 672190.9386 836299.6413 891530.8059 1017404.305 1079125.714 1349139.317 1469853.666 1568588.113 1664588.241 2245098.085 2346660.310 2678548.323 2750378.221 3085278.452 3159368.430 6394912.928
      sorted:	 4.116312509e-07 2.286919803e-06 2.368172092e-06 5.415726791e-05 6.002748034e-05 8.145579265e-05 0.001099993020 13.18570084 62.78648830 146.8555620 165.0354640 234.0613457 280.4837033 372.8914312 487.0193876 617.4157609 698.0774875 804.9589282 881.3984445 927.1420604 943.2399795 1114.410550 1245.175186 1327.118901 1479.218547 1568.800047 1902.589553 1984.839624 2092.540573 2226.095647 2355.010830 2437.754743 2479.049166 2559.726153 2593.270806 2751.021454 3017.362228 3142.235377 3355.648090 3629.215171 3818.889025 4148.058860 5568.562888 9166.160887 37474.41888 158324.5361 340045.9470 365656.0308 384994.3753 401666.5008 404351.0713 411167.1021 415045.5583 451648.8540 466211.3914 470790.8357 474718.9596 534506.9850 566245.2446 589203.5254 621783.2122 672190.9386 836299.6413 891530.8059 1017404.305 1079125.714 1349139.317 1469853.666 1568588.113 1664588.241 2245098.085 2346660.310 2678548.323 2750378.221 3085278.452 3159368.430 6394912.928
