years
 1991 1992 1993 1994 1995 1996 1997 1998 1999 2000 2001 2002 2003 2004 2005 2006 2007 2008 2009 2010 2011 2012 2013 2014 2015 2016 2017 2018 2019 2020 2021
reclasobs
 0 0 0 0 0 0 0 0 0 252601 567819 844713 477998 351125 339783 2.1784e+06 2.13404e+06 4.81314e+06 1.55562e+06 2.62356e+06 3.21686e+06 3.843e+06 1.13348e+06 3.07943e+06 1.97215e+06 2.03268e+06 2.025e+06 2.42433e+06 2.27542e+06 1.05018e+06 2.36338e+06
reclaspred
 3.30738e+06 1.83958e+06 932177 946332 950893 1.52392e+06 926896 815357 588217 418241 504589 659496 646775 496015 499686 1.30947e+06 1.21983e+06 2.87685e+06 2.34363e+06 1.77783e+06 3.10169e+06 2.50784e+06 1.96024e+06 3.03712e+06 2.27676e+06 2.01727e+06 2.40369e+06 2.57632e+06 2.07842e+06 1.28261e+06 2.0175e+06
pelacesobs
 0 0 0 0 0 0 0 0 0 0 0 0 0 0 0 552880 188675 0 991730 2.46772e+06 1.41603e+06 1.21717e+06 2.29649e+06 1.80582e+06 0 1.4828e+06 1.56532e+06 1.57751e+06 1.42118e+06 867257 0
pelacespred
 1.86371e+06 1.14697e+06 576916 480575 508946 843834 467037 520120 356520 238044 301137 326346 352593 281743 293372 641841 599738 1.6426e+06 1.36545e+06 952673 1.64103e+06 1.42117e+06 1.11827e+06 1.90914e+06 1.36997e+06 1.21456e+06 1.65469e+06 1.75104e+06 1.16032e+06 808870 1.1994e+06
mphobs
 0 0 0 0 0 0 0 0 0 0 0 498337 0 5186 125008 0 168611 109162 213762 579715 649985 157893 87575 83554 0 0 0 0 0 0 0
mphpred
 506831 338550 166976 91789.4 101451 116972 153503 91383.3 81666.6 54667.5 35244.8 60471.9 64689.5 53941.2 35385.2 45178.9 149731 137538 286525 211228 232389 283116 267783 218326 306498 253532 208591 223537 315745 209525 113054
desembarqueobs
 494567 514787 250237 358949 120608 361735 552515 73892 212993 205616 52469 317467 293654 387597 252695 516296 358380 742168 942051 627588 828172 859565 418607 520667 417249 300574 407403 355545 319650 289779 219260
desembarquepred
 494574 513595 250829 358981 120614 361750 552567 73896.8 213049 205668 52471.8 317538 293706 387625 252686 516252 358408 742061 941846 627443 828252 859577 418615 520693 417246 300576 407403 355528 319640 289789 219263
Reclutas
 187530 105329 105884 173859 139494 238555 98107.4 43980.1 41474.7 54968 102592 139919 116608 82077.9 79825.4 422255 86500.9 658614 378968 310603 423466 575967 118426 346004 296592 131962 293802 330804 94249.3 71032.6 329789
log_desv_Rt
 0.146583 -0.430268 -0.425011 0.0708888 -0.149331 0.387246 -0.501292 -1.30362 -1.36227 -1.0806 -0.456592 -0.146292 -0.328537 -0.679686 -0.707512 0.958255 -0.6272 1.40278 0.850097 0.65116 0.961119 1.2687 -0.313069 0.759097 0.605004 -0.20484 0.59555 0.714171 -0.541411 -0.824216 0.711098
SSB
 2.77718e+06 1.85508e+06 914945 502959 555901 640950 841119 500734 447492 299550 193124 331355 354466 295571 193893 247558 820448 753637 1.57001e+06 1.15742e+06 1.27337e+06 1.55133e+06 1.46732e+06 1.19632e+06 1.67945e+06 1.38923e+06 1.14297e+06 1.22487e+06 1.73012e+06 1.14809e+06 619477
BT
 3.78952e+06 2.58154e+06 1.29084e+06 1.16912e+06 1.01545e+06 1.83423e+06 1.33981e+06 1.0058e+06 856768 628856 590121 856071 904318 912555 784014 1.57966e+06 1.36514e+06 3.62823e+06 3.3739e+06 2.28158e+06 3.64077e+06 3.37178e+06 2.38751e+06 3.93956e+06 2.86356e+06 2.46346e+06 3.41011e+06 3.52496e+06 2.36392e+06 1.7461e+06 2.35797e+06
Ftot
 0.152698 0.279392 0.272817 0.411258 0.137362 0.265866 0.595753 0.0973225 0.383282 0.5154 0.121564 0.522308 0.490062 0.827318 0.573638 0.469367 0.306509 0.302059 0.429468 0.381248 0.294483 0.374851 0.221972 0.195727 0.196477 0.158052 0.192019 0.158697 0.156368 0.231959 0.12864
BD_Bspro_t
 0.975925 0.82816 0.655309 0.563113 0.557147 0.637753 0.627861 0.454746 0.513169 0.463296 0.425287 0.644317 0.524543 0.431508 0.321364 0.37814 0.555918 0.522333 0.632671 0.529198 0.505851 0.55202 0.567202 0.556804 0.667609 0.677329 0.684891 0.725255 0.775912 0.7001 0.639413
BD_Bspro
 2.40809 1.60855 0.79335 0.436117 0.482022 0.555768 0.729335 0.434187 0.388021 0.25974 0.167458 0.287318 0.307358 0.25629 0.168125 0.214658 0.711412 0.653479 1.36136 1.0036 1.10414 1.34516 1.27231 1.03733 1.45626 1.2046 0.991073 1.06209 1.50019 0.99551 0.537149
BD_Bo
 1.62748 1.08711 0.536174 0.294743 0.325768 0.375608 0.492911 0.293439 0.262238 0.175542 0.113174 0.19418 0.207724 0.17321 0.113625 0.145073 0.480798 0.441645 0.920057 0.678271 0.746219 0.909108 0.859874 0.701063 0.98419 0.814112 0.669803 0.717796 1.01388 0.672802 0.363025
BD_Brms
 9.51639 6.3567 3.13519 1.72346 1.90487 2.1963 2.88221 1.71584 1.53339 1.02645 0.661765 1.13543 1.21463 1.01281 0.664402 0.848291 2.81138 2.58244 5.37987 3.96607 4.36338 5.31585 5.02796 4.09934 5.75488 4.76038 3.91655 4.19719 5.9285 3.93409 2.12272
Sel_flota
 0.76222 0.983846 0.999137 0.999955 0.999998
 0.76222 0.983846 0.999137 0.999955 0.999998
 0.76222 0.983846 0.999137 0.999955 0.999998
 0.76222 0.983846 0.999137 0.999955 0.999998
 0.76222 0.983846 0.999137 0.999955 0.999998
 0.76222 0.983846 0.999137 0.999955 0.999998
 0.76222 0.983846 0.999137 0.999955 0.999998
 0.76222 0.983846 0.999137 0.999955 0.999998
 0.76222 0.983846 0.999137 0.999955 0.999998
 0.76222 0.983846 0.999137 0.999955 0.999998
 0.76222 0.983846 0.999137 0.999955 0.999998
 0.76222 0.983846 0.999137 0.999955 0.999998
 0.76222 0.983846 0.999137 0.999955 0.999998
 0.76222 0.983846 0.999137 0.999955 0.999998
 0.76222 0.983846 0.999137 0.999955 0.999998
 0.76222 0.983846 0.999137 0.999955 0.999998
 0.76222 0.983846 0.999137 0.999955 0.999998
 0.76222 0.983846 0.999137 0.999955 0.999998
 0.76222 0.983846 0.999137 0.999955 0.999998
 0.76222 0.983846 0.999137 0.999955 0.999998
 0.76222 0.983846 0.999137 0.999955 0.999998
 0.76222 0.983846 0.999137 0.999955 0.999998
 0.76222 0.983846 0.999137 0.999955 0.999998
 0.76222 0.983846 0.999137 0.999955 0.999998
 0.76222 0.983846 0.999137 0.999955 0.999998
 0.76222 0.983846 0.999137 0.999955 0.999998
 0.76222 0.983846 0.999137 0.999955 0.999998
 0.76222 0.983846 0.999137 0.999955 0.999998
 0.76222 0.983846 0.999137 0.999955 0.999998
 0.76222 0.983846 0.999137 0.999955 0.999998
 0.76222 0.983846 0.999137 0.999955 0.999998
Sel_reclas
 1 1 1 1 1
 1 1 1 1 1
 1 1 1 1 1
 1 1 1 1 1
 1 1 1 1 1
 1 1 1 1 1
 1 1 1 1 1
 1 1 1 1 1
 1 1 1 1 1
 1 1 1 1 1
 1 1 1 1 1
 1 1 1 1 1
 1 1 1 1 1
 1 1 1 1 1
 1 1 1 1 1
 1 1 1 1 1
 1 1 1 1 1
 1 1 1 1 1
 1 1 1 1 1
 1 1 1 1 1
 1 1 1 1 1
 1 1 1 1 1
 1 1 1 1 1
 1 1 1 1 1
 1 1 1 1 1
 1 1 1 1 1
 1 1 1 1 1
 1 1 1 1 1
 1 1 1 1 1
 1 1 1 1 1
 1 1 1 1 1
Sel_pelaces
 1 1 1 1 1
 1 1 1 1 1
 1 1 1 1 1
 1 1 1 1 1
 1 1 1 1 1
 1 1 1 1 1
 1 1 1 1 1
 1 1 1 1 1
 1 1 1 1 1
 1 1 1 1 1
 1 1 1 1 1
 1 1 1 1 1
 1 1 1 1 1
 1 1 1 1 1
 1 1 1 1 1
 1 1 1 1 1
 1 1 1 1 1
 1 1 1 1 1
 1 1 1 1 1
 1 1 1 1 1
 1 1 1 1 1
 1 1 1 1 1
 1 1 1 1 1
 1 1 1 1 1
 1 1 1 1 1
 1 1 1 1 1
 1 1 1 1 1
 1 1 1 1 1
 1 1 1 1 1
 1 1 1 1 1
 1 1 1 1 1
pf_obs 
 0.8446 0.082 0.0669 0.0065 0
 0.8095 0.147 0.0364 0.0071 0
 0.9664 0.0169 0.016 0.0007 0
 0.9276 0.0648 0.0075 0.0001 0
 0.7033 0.2144 0.0806 0.0017 0
 0.9318 0.0425 0.0243 0.0014 0
 0.5671 0.3108 0.0964 0.0239 0.0018
 0.0768 0.2599 0.5324 0.112 0.0189
 0.490249 0.384438 0.106611 0.0170017 0.00170017
 0.7925 0.1577 0.0466 0.003 0.0002
 0.840416 0.127587 0.0312969 0.00059994 9.999e-05
 0.8084 0.0986 0.0794 0.0134 0.0002
 0.7335 0.1905 0.0724 0.0035 0.0001
 0.4001 0.4547 0.1325 0.0127 0
 0.49795 0.308269 0.164784 0.0264974 0.00249975
 0.9179 0.0499 0.0305 0.0017 0
 0.2467 0.6533 0.0926 0.0074 0
 0.9418 0.0223 0.034 0.0019 0
 0.707729 0.231977 0.0356964 0.0245975 0
 0.517169 0.277429 0.184464 0.0207286 0.00020938
 0.811772 0.124168 0.05621 0.00726502 0.000585176
 0.764997 0.148141 0.077277 0.00933861 0.000247198
 0.163321 0.427699 0.378323 0.0303852 0.000271297
 0.753843 0.0900009 0.118128 0.0371064 0.000921714
 0.721811 0.176058 0.0630433 0.0369309 0.00215725
 0.143369 0.312575 0.442814 0.0836902 0.0175525
 0.692698 0.0596174 0.167031 0.0765114 0.00414204
 0.394062 0.376323 0.152708 0.0712218 0.00568511
 0.125707 0.32114 0.495352 0.0537591 0.00404204
 0.23352 0.215282 0.420074 0.123614 0.00750983
 0 0 0 0 0
pf_pred 
 0.453461 0.126949 0.395364 0.0242263 8.20167e-07
 0.415449 0.305013 0.0657377 0.201465 0.0123348
 0.566232 0.211004 0.117235 0.0248344 0.0806949
 0.73695 0.16706 0.0471185 0.0257317 0.0231403
 0.64942 0.277446 0.0467681 0.0129488 0.0134172
 0.743152 0.181508 0.0598244 0.00992496 0.00559044
 0.469403 0.421021 0.0778287 0.0252137 0.00653305
 0.452439 0.301643 0.19596 0.0354949 0.0144627
 0.533778 0.241385 0.124736 0.0797792 0.0203216
 0.703645 0.180174 0.0606967 0.0307949 0.0246886
 0.818401 0.13903 0.0260838 0.00861701 0.00786851
 0.73778 0.223993 0.0293771 0.00542477 0.00342561
 0.684002 0.251019 0.0556667 0.0071582 0.00215423
 0.632562 0.274801 0.0738832 0.0160684 0.00268525
 0.742151 0.183788 0.0557111 0.0146391 0.00371124
 0.934896 0.0520646 0.00934892 0.00277713 0.000913746
 0.376179 0.593489 0.0243507 0.00428963 0.00169177
 0.902427 0.0433848 0.0515974 0.00208022 0.000510493
 0.594286 0.375415 0.0136041 0.0158981 0.000797494
 0.62189 0.251252 0.117552 0.00418061 0.00512551
 0.730891 0.185485 0.0559082 0.0256841 0.00203128
 0.743718 0.200788 0.0384601 0.011392 0.00564211
 0.318707 0.542256 0.109364 0.0205709 0.00910197
 0.738532 0.099583 0.12929 0.0256439 0.00695146
 0.627091 0.294011 0.030359 0.0387723 0.00976624
 0.431618 0.390957 0.140387 0.0142596 0.0227783
 0.728194 0.13533 0.0943498 0.0333384 0.00878779
 0.68446 0.245811 0.0350083 0.02401 0.0107108
 0.336595 0.490106 0.135493 0.0189887 0.0188164
 0.420993 0.230626 0.258466 0.0703134 0.0196015
 0.85279 0.0722379 0.0301684 0.0332478 0.0115558
pobs_RECLAS
 0 0 0 0 0
 0 0 0 0 0
 0 0 0 0 0
 0 0 0 0 0
 0 0 0 0 0
 0 0 0 0 0
 0 0 0 0 0
 0 0 0 0 0
 0 0 0 0 0
 0 0 0 0 0
 0.991045 0.00858322 0.000360255 1.14367e-05 0
 0.934742 0.0480273 0.0164251 0.00080598 0
 0.827803 0.169806 0.00239088 0 0
 0.941827 0.0461693 0.0120037 0 0
 0.791401 0.0380133 0.147996 0.0225897 0
 0.846168 0.0940531 0.0597789 0 0
 0.134021 0.677848 0.182769 0.00536245 0
 0.80878 0.0450904 0.141981 0.00414843 0
 0.846168 0.0940531 0.0597789 0 0
 0.905697 0.0802665 0.012482 0.00150086 5.37128e-05
 0.989698 0.0102097 9.19794e-05 0 0
 0.975433 0.0193895 0.00387452 0.00125025 5.28907e-05
 0.303575 0.632131 0.0575291 0.00676475 0
 0.966965 0.00978017 0.0227588 0.000495775 0
 0.843318 0.132988 0.00938335 0.0141283 0.000182051
 0.564624 0.303363 0.111486 0.0197234 0.00080311
 0.826376 0.0876187 0.0782897 0.00655872 0.00115652
 0.89761 0.0855135 0.0140674 0.00269457 0.000114338
 0.34875 0.467042 0.161289 0.0227151 0.000203297
 0.318654 0.224769 0.449479 0.00709798 0
 0.937255 0.0296025 0.0250945 0.00804832 0
ppred_RECLAS
 0.52091 0.112628 0.345319 0.0211422 7.15726e-07
 0.481976 0.272434 0.0577919 0.176964 0.0108343
 0.630912 0.18104 0.0990055 0.0209551 0.0680867
 0.786078 0.136679 0.0379327 0.0206975 0.0186123
 0.706368 0.233146 0.0386916 0.0107038 0.0110905
 0.790547 0.148708 0.0482435 0.00799695 0.00450425
 0.537992 0.367865 0.0668841 0.021649 0.00560915
 0.518331 0.267217 0.170916 0.0309329 0.0126034
 0.600521 0.20847 0.106009 0.0677441 0.0172552
 0.757652 0.148309 0.0491504 0.0249151 0.0199738
 0.854075 0.112133 0.0207122 0.00683678 0.00624265
 0.786788 0.182568 0.0235547 0.00434583 0.00274416
 0.739491 0.207636 0.0453009 0.00582022 0.00175149
 0.695915 0.228415 0.060362 0.0131157 0.00219172
 0.791258 0.149498 0.0445744 0.0117024 0.00296662
 0.94954 0.0404861 0.00715253 0.00212285 0.00069844
 0.439597 0.533568 0.0215465 0.00379243 0.00149561
 0.92382 0.034173 0.0400004 0.00161131 0.000395403
 0.65673 0.318026 0.0113395 0.0132403 0.000664142
 0.68294 0.211822 0.0975243 0.00346539 0.00424844
 0.780065 0.152351 0.045197 0.020746 0.00164066
 0.791346 0.164048 0.0309222 0.00915144 0.00453223
 0.37837 0.49637 0.0985448 0.0185203 0.00819428
 0.787099 0.0818844 0.104654 0.0207402 0.00562194
 0.686232 0.248229 0.025232 0.0321975 0.00810979
 0.497037 0.347664 0.122902 0.0124732 0.0199239
 0.777776 0.111531 0.0765457 0.0270248 0.00712326
 0.73815 0.204707 0.0287015 0.0196682 0.00877353
 0.397488 0.446955 0.121645 0.0170338 0.0168785
 0.487793 0.205985 0.227238 0.0617662 0.017218
 0.883155 0.057808 0.0237683 0.0261727 0.00909635
pobs_PELACES
 0 0 0 0 0
 0 0 0 0 0
 0 0 0 0 0
 0 0 0 0 0
 0 0 0 0 0
 0 0 0 0 0
 0 0 0 0 0
 0 0 0 0 0
 0 0 0 0 0
 0 0 0 0 0
 0 0 0 0 0
 0 0 0 0 0
 0 0 0 0 0
 0 0 0 0 0
 0 0 0 0 0
 0 0 0 0 0
 0.505614 0.472636 0.0217494 0 0
 0 0 0 0 0
 0.443492 0.261883 0.143347 0.151278 0
 0.227955 0.32914 0.350689 0.0885471 0.00366901
 0.970185 0.0296113 0.000203453 0 0
 0.997202 0.00247181 0.000326279 0 0
 0.445219 0.490057 0.0546422 0.010081 0
 0.90214 0.0892962 0.00764917 0.000914606 0
 0 0 0 0 0
 0.581667 0.319106 0.0959925 0.00289975 0.000334073
 0.762889 0.0836404 0.116647 0.0363945 0.000428098
 0.88444 0.0763242 0.0277011 0.0115352 0
 0.521256 0.241999 0.230069 0.00667565 0
 0.616807 0.101726 0.260614 0.0208532 0
 0 0 0 0 0
ppred_PELACES
 0.523844 0.112004 0.343143 0.0210081 7.11185e-07
 0.487253 0.269846 0.0571623 0.175023 0.0107154
 0.635713 0.178814 0.0976535 0.0206674 0.0671518
 0.79122 0.133497 0.0369727 0.0201715 0.0181391
 0.708477 0.231505 0.0383926 0.0106207 0.0110043
 0.793813 0.146447 0.0474463 0.00786423 0.00442948
 0.548957 0.359358 0.0651413 0.0210815 0.00546207
 0.520163 0.266259 0.17022 0.0308062 0.0125517
 0.607452 0.205047 0.104067 0.0664961 0.0169372
 0.764692 0.14415 0.0476479 0.0241501 0.0193604
 0.855198 0.111287 0.0205432 0.00678079 0.00619151
 0.793188 0.177155 0.0227962 0.00420528 0.00265539
 0.746432 0.202206 0.0440072 0.00565326 0.00170124
 0.708783 0.218979 0.0576275 0.0125188 0.00209193
 0.798237 0.144621 0.0429953 0.0112861 0.00286106
 0.951182 0.0391875 0.00690674 0.00204964 0.000674349
 0.445145 0.528325 0.0213018 0.00374905 0.0014785
 0.925418 0.0334841 0.0391344 0.0015763 0.000386809
 0.663812 0.311516 0.0110834 0.0129397 0.000649059
 0.689084 0.207851 0.0955119 0.00339353 0.00416033
 0.783816 0.149822 0.0443807 0.0203696 0.00161089
 0.795903 0.160531 0.030202 0.00893741 0.00442621
 0.38225 0.493385 0.0978424 0.0183872 0.00813537
 0.78959 0.080976 0.103391 0.0204888 0.00555378
 0.689364 0.245804 0.0249607 0.0318497 0.00802216
 0.499989 0.345709 0.122114 0.0123927 0.0197952
 0.780277 0.110329 0.0756477 0.0267064 0.00703931
 0.740421 0.202967 0.0284348 0.0194847 0.00869163
 0.400279 0.444975 0.121011 0.0169443 0.0167898
 0.49221 0.204354 0.225174 0.0612016 0.0170606
 0.884157 0.0573317 0.0235572 0.0259393 0.00901521
pobs_pel_tallas
 0 0 0 0 0 0 0 0 0 0 0 0 0 0 0 0 0 0 0 0 0 0 0 0 0 0
 0 0 0 0 0 0 0 0 0 0 0 0 0 0 0 0 0 0 0 0 0 0 0 0 0 0
 0 0 0 0 0 0 0 0 0 0 0 0 0 0 0 0 0 0 0 0 0 0 0 0 0 0
 0 0 0 0 0 0 0 0 0 0 0 0 0 0 0 0 0 0 0 0 0 0 0 0 0 0
 0 0 0 0 0 0 0 0 0 0 0 0 0 0 0 0 0 0 0 0 0 0 0 0 0 0
 0 0 0 0 0 0 0 0 0 0 0 0 0 0 0 0 0 0 0 0 0 0 0 0 0 0
 0 0 0 0 0 0 0 0 0 0 0 0 0 0 0 0 0 0 0 0 0 0 0 0 0 0
 0 0 0 0 0 0 0 0 0 0 0 0 0 0 0 0 0 0 0 0 0 0 0 0 0 0
 0 0 0 0 0 0 0 0 0 0 0 0 0 0 0 0 0 0 0 0 0 0 0 0 0 0
 0 0 0 0 0 0 0 0 0 0 0 0 0 0 0 0 0 0 0 0 0 0 0 0 0 0
 0 0 0 0 0 0 0 0 0 0 0 0 0 0 0 0 0 0 0 0 0 0 0 0 0 0
 0 0 0 0 0 0 0 0 0 0 0 0 0 0 0 0 0 0 0 0 0 0 0 0 0 0
 0.00862536 0 0 0.000197151 0.00414017 0.0128641 0.00837892 0.0270097 0.101434 0.158115 0.152841 0.127902 0.109271 0.109419 0.0830992 0.0579132 0.0238553 0.00714673 0.00463305 0.00128148 0.00103504 0.000492878 0.000147863 0.000147863 4.92878e-05 0
 0 0 0 0 0 0 0 0 0 0 0 0 0 0 0 0 0 0 0 0 0 0 0 0 0 0
 0 0 0 0 0 0 0 0.0054083 0.00873648 0.0413646 0.0450493 0.0745869 0.0622846 0.0627006 0.0613931 0.0827291 0.12552 0.122667 0.0946155 0.0697135 0.0546179 0.0294188 0.0215738 0.0213955 0.0102223 0.00600262
 0 0 0 0 0.00359764 0.0251062 0.0480494 0.140153 0.205849 0.193036 0.1447 0.116669 0.0760912 0.0342217 0.00950174 0.001854 0.000860785 0 0 0 0.000165536 0 0.000143464 0 0 0
 0 0 0 0 0 0 0 0.000145254 0.000435761 0.0275982 0.070085 0.0708112 0.156366 0.174668 0.174014 0.160142 0.0824315 0.0480064 0.0283245 0.00493863 0.00203355 0 0 0 0 0
 0 0 0 0 0 0 0 0 0 0 0 0 0 0 0 0 0 0 0 0 0 0 0 0 0 0
 0 0 1.00437e-05 0.000401748 0.00122533 0.00171747 0.00176769 0.0269171 0.070346 0.194647 0.189555 0.159765 0.064822 0.0314167 0.0384472 0.0292271 0.0345202 0.0313363 0.0194345 0.0106764 0.0143323 0.0359363 0.0279516 0.0138201 0.00172751 0
 0 0.0021121 0.0136068 0.0755702 0.200478 0.177729 0.0527432 0.0373336 0.0318909 0.0142505 0.0149659 0.0166563 0.0217959 0.0798694 0.0677717 0.0528807 0.04013 0.0224614 0.0357745 0.0225083 0.00881397 0.00855152 0.00135912 0.000746735 0 0
 0 0 0 0 5.4009e-05 0.00500934 0.000945158 0.0243581 0.138947 0.33067 0.221406 0.137944 0.0707744 0.0437923 0.0131692 0.00525238 0.0047753 0.00276346 9.45158e-05 9.00151e-06 2.25038e-05 9.00151e-06 4.50075e-06 0 0 0
 0.000866109 0.00284123 0.00948549 0.0512746 0.133035 0.25785 0.225252 0.132002 0.0553304 0.0519788 0.0540692 0.017754 0.00435017 0.00159236 0.00146478 0.000404838 0.000125132 0.000115318 0.000107957 0.000100596 0 0 0 0 0 0
 0 0 0 0 0.00144013 0.00171154 0.00461396 0.0210425 0.0478622 0.0707936 0.0888783 0.103762 0.0637923 0.0337046 0.0602308 0.124433 0.169614 0.0934646 0.0462172 0.0250306 0.0313229 0.00938855 0.002487 0.000210481 0 0
 0 0.00764035 0.051015 0.0998891 0.058973 0.0496711 0.0374665 0.0718981 0.12319 0.153886 0.159021 0.0857701 0.0377988 0.023471 0.0147837 0.00900784 0.00315554 0.000888139 0.00291439 0.00214683 0.00393193 0.00274676 0.000635225 9.99891e-05 0 0
 0 0 0 0 0 0 0 0 0 0 0 0 0 0 0 0 0 0 0 0 0 0 0 0 0 0
 0 0 0 0 0 0 0 0 0 0 0 0 0 0 0 0 0 0 0 0 0 0 0 0 0 0
 0 0 0 0 0 0 0 0 0 0 0 0 0 0 0 0 0 0 0 0 0 0 0 0 0 0
 0 0 0 0 0 0 0 0 0 0 0 0 0 0 0 0 0 0 0 0 0 0 0 0 0 0
 0 0 0 0 0 0 0 0 0 0 0 0 0 0 0 0 0 0 0 0 0 0 0 0 0 0
 0 0 0 0 0 0 0 0 0 0 0 0 0 0 0 0 0 0 0 0 0 0 0 0 0 0
 0 0 0 0 0 0 0 0 0 0 0 0 0 0 0 0 0 0 0 0 0 0 0 0 0 0
ppred_pel_tallas
 1.12038e-16 4.31484e-05 0.000419417 0.00278718 0.0126701 0.0394215 0.083992 0.122591 0.122602 0.0840475 0.0396092 0.013219 0.00418943 0.00356151 0.00624728 0.0108756 0.0170929 0.0244652 0.032466 0.0406741 0.0487047 0.0558589 0.0608984 0.0623552 0.059286 0.051922
 1.21085e-16 4.01344e-05 0.000390121 0.00259249 0.0117851 0.036668 0.078126 0.114033 0.114059 0.0782536 0.0370966 0.0130245 0.00570889 0.00721174 0.0130531 0.0216764 0.0316265 0.0406943 0.0467355 0.0489663 0.0484994 0.0475502 0.0478966 0.0497808 0.0519494 0.0525828
 1.16301e-16 5.23629e-05 0.000508986 0.00338239 0.0153759 0.0478401 0.101929 0.148772 0.148789 0.102014 0.0481256 0.0162022 0.00546318 0.00507349 0.00878722 0.0146204 0.0214789 0.0279238 0.0325437 0.0347584 0.035158 0.0350137 0.0353502 0.0363192 0.0372632 0.0372544
 1.06194e-16 6.51718e-05 0.000633493 0.00420978 0.0191371 0.0595426 0.126862 0.185162 0.185175 0.126925 0.0597545 0.0197495 0.00574913 0.00400043 0.00647929 0.0106615 0.0154809 0.0197499 0.0223158 0.0226798 0.0212951 0.0192331 0.0174851 0.0164466 0.0158926 0.0153146
 1.04095e-16 5.83564e-05 0.000567245 0.00376954 0.0171358 0.053316 0.113596 0.165802 0.165824 0.113705 0.0536823 0.018194 0.00642647 0.0063694 0.0110839 0.0182483 0.0263225 0.0331908 0.0367396 0.0360046 0.0317412 0.0258974 0.0204251 0.0163582 0.0136895 0.0118526
 1.02945e-16 6.53853e-05 0.000635569 0.00422358 0.0191998 0.0597377 0.127278 0.185769 0.185783 0.127347 0.0599702 0.0198718 0.00591254 0.00432948 0.00710104 0.0116889 0.0169556 0.0215807 0.0242573 0.0243737 0.0223489 0.019294 0.0162883 0.0138517 0.0119266 0.0102095
 1.05011e-16 4.52169e-05 0.000439525 0.0029208 0.0132775 0.0413115 0.0880199 0.128475 0.12851 0.0881893 0.0418803 0.0149208 0.00704684 0.00945104 0.0171725 0.028352 0.0409182 0.0516272 0.0571979 0.0561173 0.0495236 0.0403917 0.0317038 0.0250424 0.0204226 0.0170436
 1.10194e-16 4.28452e-05 0.000416471 0.0027676 0.0125811 0.0391446 0.0834027 0.121734 0.12176 0.0835293 0.0395701 0.0138129 0.00587003 0.00722363 0.0130723 0.0218088 0.032033 0.0415833 0.0482497 0.0509715 0.0503515 0.0479969 0.0452733 0.0425305 0.0392891 0.0349846
 1.12591e-16 5.00351e-05 0.000486359 0.00323203 0.0146923 0.0457134 0.097398 0.142159 0.142179 0.0974953 0.0460406 0.0156392 0.00561597 0.00571438 0.0100501 0.0167251 0.0245411 0.031835 0.0369561 0.0391925 0.0391601 0.038249 0.0375794 0.0373205 0.0368049 0.03517
 1.07111e-16 6.29867e-05 0.000612253 0.00406864 0.0184954 0.0575462 0.122609 0.178954 0.178968 0.122677 0.0577753 0.0191577 0.00573378 0.00425639 0.00701118 0.0115644 0.0168292 0.0215462 0.0244862 0.0251159 0.0239099 0.0219857 0.0203569 0.019393 0.0188143 0.0180699
 1.0235e-16 7.04415e-05 0.000684717 0.00455018 0.0206845 0.0643572 0.13712 0.200133 0.200144 0.137173 0.0645333 0.0211935 0.00582835 0.00347663 0.00537784 0.00879274 0.0126923 0.0160325 0.0178025 0.0175443 0.0156211 0.0129607 0.0104834 0.00866164 0.00746832 0.00661438
 1.01575e-16 6.53339e-05 0.000635069 0.00422026 0.0191847 0.0596908 0.127178 0.185624 0.185641 0.127262 0.0599708 0.0199935 0.0062504 0.00506625 0.00847905 0.0139092 0.0200184 0.0251481 0.0276531 0.0267733 0.0230817 0.018091 0.0133488 0.00972385 0.00729507 0.00569709
 1.02177e-16 6.14826e-05 0.000597633 0.00397148 0.0180538 0.0561722 0.119681 0.174683 0.174702 0.119777 0.0564924 0.0189791 0.00629513 0.00567381 0.00971268 0.0159871 0.0230873 0.0291625 0.0323616 0.0318172 0.028139 0.0229608 0.0179282 0.0139271 0.0110022 0.00877407
 1.03329e-16 5.83815e-05 0.000567489 0.00377117 0.0171432 0.0533389 0.113645 0.165873 0.165894 0.113748 0.0536861 0.0181465 0.00629171 0.00607677 0.0105418 0.0173882 0.0251661 0.0319047 0.0356267 0.0354075 0.0318952 0.0268098 0.0218513 0.0178847 0.0148824 0.0124017
 1.02894e-16 6.57498e-05 0.000639111 0.00424712 0.0193068 0.0600707 0.127987 0.186804 0.186818 0.128056 0.0603001 0.0199701 0.00591388 0.00428375 0.00700549 0.0115244 0.0167052 0.0212391 0.0238337 0.0238887 0.0218289 0.0187685 0.0157898 0.013414 0.0115777 0.00996169
 1.0053e-16 7.83476e-05 0.000761566 0.00506088 0.023006 0.0715803 0.152509 0.222593 0.222597 0.152528 0.0716423 0.0231852 0.00551073 0.001744 0.00194538 0.00309528 0.00445876 0.00562281 0.00622458 0.00609847 0.00536887 0.00436128 0.00340285 0.00266842 0.00216154 0.00179567
 1.01376e-16 3.66661e-05 0.000356408 0.00236846 0.0107667 0.0334995 0.071376 0.104186 0.104237 0.0716244 0.0343331 0.0131733 0.00840512 0.0135202 0.0249949 0.041153 0.0590188 0.0736694 0.0801123 0.0760447 0.0632544 0.0464755 0.0306538 0.0187217 0.0111451 0.00687364
 1.01362e-16 7.62255e-05 0.000740939 0.0049238 0.0223829 0.0696415 0.148379 0.216564 0.216567 0.148395 0.0696955 0.0225397 0.00531999 0.00161423 0.00175933 0.00285169 0.00424848 0.00564897 0.0067907 0.00753378 0.00790562 0.0080168 0.00792798 0.00759584 0.00693846 0.00594375
 1.01808e-16 5.46774e-05 0.000531484 0.0035319 0.0160555 0.0499548 0.106435 0.155351 0.155381 0.106582 0.0504464 0.0174747 0.00709174 0.00829472 0.0147753 0.0242798 0.0348309 0.0435108 0.0473911 0.0451361 0.0378204 0.028243 0.0193027 0.0126784 0.0085694 0.00627655
 1.03854e-16 5.67589e-05 0.000551717 0.00366636 0.0166667 0.0518565 0.110486 0.161262 0.161283 0.110585 0.0521873 0.0176235 0.00607267 0.00582063 0.0101098 0.016744 0.0243934 0.031251 0.0354876 0.0362156 0.0339458 0.0301088 0.0260705 0.0224534 0.0191739 0.0159274
 1.03635e-16 6.45619e-05 0.000627565 0.00417039 0.018958 0.0589855 0.125675 0.18343 0.183444 0.125746 0.0592232 0.0196453 0.00589778 0.00440537 0.00725974 0.0119537 0.0173416 0.0220801 0.0248444 0.0250276 0.0230812 0.0201583 0.0173591 0.0151809 0.0135017 0.0119384
 1.02559e-16 6.55575e-05 0.000637243 0.0042347 0.0192504 0.0598951 0.127613 0.186259 0.186274 0.127689 0.0601492 0.0199846 0.00607833 0.00466415 0.00772011 0.0126769 0.0182976 0.0231 0.0256201 0.0251851 0.0223053 0.0183074 0.0145178 0.0116332 0.0096485 0.00819371
 1.06171e-16 3.14855e-05 0.000306051 0.00203382 0.00924547 0.0287663 0.0612915 0.0894667 0.0895143 0.0615241 0.0295475 0.0115022 0.00770076 0.0126842 0.0235608 0.0389556 0.0562413 0.0709903 0.0786939 0.0772542 0.0681986 0.0555696 0.0434331 0.033969 0.0272514 0.0222678
 1.06e-16 6.50375e-05 0.000632188 0.00420111 0.0190976 0.0594199 0.126601 0.184779 0.184787 0.12664 0.0595511 0.0194784 0.00516416 0.00275857 0.00417408 0.0069826 0.0104851 0.0140924 0.0172286 0.0196022 0.0212977 0.0225482 0.0233998 0.0235904 0.0227434 0.0206811
 1.05335e-16 5.6782e-05 0.000551941 0.00366785 0.0166735 0.0518776 0.110532 0.161329 0.161353 0.110647 0.0522662 0.0177958 0.00648497 0.00670156 0.0117361 0.0193141 0.0278269 0.0350271 0.0386797 0.0377948 0.0332365 0.027147 0.0216509 0.017836 0.015605 0.0142089
 1.08206e-16 4.11835e-05 0.000400319 0.00266026 0.0120932 0.0376265 0.0801685 0.117015 0.117049 0.080332 0.0381756 0.0136807 0.00665082 0.00913047 0.0166763 0.0276477 0.0401594 0.0512045 0.0577241 0.0582831 0.0538603 0.0470444 0.0403316 0.0348957 0.0305601 0.0265893
 1.06081e-16 6.42704e-05 0.000624732 0.00415156 0.0188724 0.0587191 0.125108 0.182601 0.182611 0.12516 0.0588957 0.0193838 0.00544033 0.00345489 0.00548881 0.0091029 0.0134146 0.0175206 0.0205389 0.0220638 0.0223606 0.0220738 0.0216999 0.0212713 0.020459 0.0189191
 1.04298e-16 6.09876e-05 0.000592821 0.0039395 0.0179084 0.0557199 0.118718 0.173276 0.173296 0.118813 0.0560409 0.0188359 0.00626795 0.00567714 0.00972122 0.0159867 0.0230548 0.0290659 0.032176 0.0315586 0.0279025 0.0229409 0.0183936 0.0151443 0.0131302 0.0117786
 1.08147e-16 3.29706e-05 0.000320486 0.00212974 0.00968153 0.0301231 0.064182 0.0936845 0.0937274 0.064392 0.0308287 0.0117207 0.00725289 0.0115193 0.0213454 0.0353507 0.0511888 0.0649327 0.0725801 0.0722638 0.0653085 0.0552124 0.0454251 0.0376898 0.0319233 0.0271843
 1.15576e-16 4.05427e-05 0.000394089 0.00261886 0.011905 0.0370409 0.0789204 0.115191 0.115211 0.0790184 0.0373709 0.0128622 0.00503755 0.00572702 0.0103246 0.0174138 0.0260425 0.0347737 0.0421319 0.0474063 0.0509174 0.0534394 0.0553002 0.0559857 0.0545482 0.0503789
 1.04822e-16 7.28268e-05 0.000707903 0.00470426 0.0213849 0.0665364 0.141763 0.206908 0.206914 0.14179 0.0666278 0.0216493 0.00536976 0.00216683 0.00286214 0.00466664 0.00683774 0.00886764 0.010304 0.0109723 0.0110807 0.0110539 0.0112229 0.0116136 0.011971 0.011952
pSPR Fmed_Fpbrs
0.610989   0.221018 0.221018
Fs Fmed_Fpbrs
0.275603   1.005 1.005
SSBpbr Bo_Bmed_Bpbrs
1.70643e+06  957289  291831 291831
Ro
161961
SPR SPRFo_SPRFmed_SPRFpbrs
1.15327e+06 704634 254893
Fref
1.005
log_Ro
11.8151
likeval ReclasPelacesDesembMPH_pf_preclas_ppelaces_ptallas_desvR_qrecl_qpela
 13.6438 16.8571 0.0568167 0.000813452 228.966 120.48 82.4302 0 23.9217 3.69961e-08 2.92109e-06 0.28963 0 0 0
q_reclas_q_pelaces
1.02763 1.27527
M
1
N
 187530 41238.3 126585 7750.69 0.262385
 105329 61408.5 13054.6 39978.9 2447.64
 105884 31316 17161.5 3632.74 11803.5
 173859 31639.2 8808.51 4807.07 4322.8
 139494 46748.1 7766.21 2148.6 2226.22
 238555 46215.9 15023.7 2490.64 1402.85
 98107.4 71661.4 13088.7 4237.59 1097.95
 43980.1 22919 14670.3 2655.18 1081.84
 41474.7 15022.6 7661.58 4896.81 1247.28
 54968 11392.3 3790.38 1921.81 1540.68
 102592 13652.2 2524.05 833.194 760.789
 139919 34401.7 4456.23 822.346 519.273
 116608 34568.7 7570.31 972.822 292.756
 82077.9 29526.3 7852.28 1706.76 285.214
 79825.4 16071.9 4813.04 1263.9 320.408
 422255 18965.2 3362.55 998.188 328.417
 86500.9 108619 4396.54 773.939 305.218
 658614 25192 29556.1 1190.74 292.199
 378968 192463 6885.02 8040.51 403.321
 310603 100494 46403.4 1649.13 2021.8
 423466 85449 25406.7 11663.4 922.383
 575967 124464 23528.1 6964.21 3449.03
 118426 159227 31665.2 5951.64 2633.3
 346004 36785.2 47084.6 9331.89 2529.56
 296592 109647 11162.2 14244.7 3587.92
 131962 93934.7 33246.9 3374.41 5390.09
 293802 43036.3 29580.1 10444.2 2752.92
 330804 93367.6 13106.8 8982.23 4006.77
 94249.3 107831 29382.8 4114.71 4077.2
 71032.6 30776.6 34012.2 9245.87 2577.4
 329789 21896.7 9011.88 9924.06 3449.12
pred_Ctot
 13148.8 3681.08 11464.2 702.48 0.0237821
 12994.4 9540.16 2056.13 6301.39 385.807
 12781.2 4762.84 2646.27 560.57 1821.47
 30335.9 6876.88 1939.59 1059.22 952.55
 8840.62 3776.9 636.658 176.274 182.649
 28121.9 6868.52 2263.84 375.575 211.55
 23480.4 21060.2 3893.12 1261.23 326.794
 1999.76 1333.25 866.135 156.886 63.9246
 6801.43 3075.74 1589.39 1016.55 258.939
 11653 2983.84 1005.19 509.99 408.864
 5782.63 982.355 184.302 60.8858 55.5971
 29998.5 9107.67 1194.49 220.574 139.287
 23682 8690.93 1927.33 247.836 74.5852
 25526.4 11089.3 2981.48 648.423 108.36
 18515 4585.09 1389.86 365.211 92.587
 82641 4602.3 826.406 245.487 80.7714
 11610.8 18318.1 751.59 132.4 52.2167
 87239.1 4194.08 4988.01 201.099 49.3501
 68676.7 43383.6 1572.11 1837.21 92.1599
 50696.4 20482 9582.84 340.803 417.832
 54811.4 13910 4192.7 1926.12 152.331
 92610 25002.7 4789.17 1418.57 702.573
 11814.1 20100.7 4053.99 762.537 337.398
 30683.8 4137.38 5371.63 1065.43 288.813
 26396.6 12376 1277.92 1632.07 411.097
 9561.09 8660.38 3109.81 315.874 504.579
 25590.2 4755.76 3315.64 1171.58 308.821
 24060.9 8641.03 1230.65 844.027 376.517
 6759.48 9842.27 2720.96 381.33 377.869
 7382.2 4044.07 4532.26 1232.96 343.717
 19627.2 1662.57 694.332 765.205 265.959
F
 0.11639 0.150232 0.152566 0.152691 0.152698
 0.212958 0.274879 0.279151 0.279379 0.279391
 0.207947 0.26841 0.272582 0.272805 0.272817
 0.313469 0.404615 0.410903 0.41124 0.411257
 0.1047 0.135143 0.137243 0.137355 0.137361
 0.202649 0.261572 0.265637 0.265854 0.265866
 0.454095 0.58613 0.595239 0.595726 0.595752
 0.0741812 0.0957504 0.0972385 0.0973181 0.0973223
 0.292145 0.377091 0.382952 0.383265 0.383282
 0.392848 0.507074 0.514955 0.515377 0.515399
 0.0926585 0.1196 0.121459 0.121558 0.121564
 0.398113 0.51387 0.521857 0.522284 0.522306
 0.373535 0.482146 0.489639 0.49004 0.490061
 0.630598 0.813954 0.826603 0.82728 0.827316
 0.437238 0.564372 0.573143 0.573612 0.573637
 0.357761 0.461785 0.468962 0.469346 0.469366
 0.233627 0.301558 0.306244 0.306495 0.306508
 0.230235 0.29718 0.301798 0.302045 0.302058
 0.327349 0.42253 0.429097 0.429448 0.429467
 0.290595 0.37509 0.380919 0.381231 0.381247
 0.224461 0.289726 0.294229 0.29447 0.294482
 0.285719 0.368796 0.374527 0.374834 0.37485
 0.169191 0.218386 0.22178 0.221962 0.221972
 0.149187 0.192565 0.195558 0.195718 0.195727
 0.149759 0.193303 0.196307 0.196468 0.196477
 0.12047 0.155499 0.157915 0.158045 0.158051
 0.14636 0.188917 0.191853 0.19201 0.192018
 0.120962 0.156134 0.15856 0.15869 0.158697
 0.119187 0.153843 0.156233 0.156361 0.156368
 0.176804 0.228212 0.231759 0.231948 0.231958
 0.0980522 0.126562 0.128529 0.128634 0.12864
nmprior
 8 9 7.5 0
nm_flota  nm_reclas  nm_pelaces    nm_pelaL
inf 13.2829 17.473 30.9629
cv_recla  cv_pelaces  cv_mph
0.334113 0.483121 0.88018
 ------------------------------------------------
Talla a la edad & desviación 
 8 13.2811 15.8009 17.003 17.5766
 0.8 1.32811 1.58009 1.7003 1.75766
