years
 1991 1992 1993 1994 1995 1996 1997 1998 1999 2000 2001 2002 2003 2004 2005 2006 2007 2008 2009 2010 2011 2012 2013 2014 2015 2016 2017 2018 2019 2020 2021
reclasobs
 0 0 0 0 0 0 0 0 0 252601 567819 844713 477998 351125 339783 2.1784e+06 2.13404e+06 4.81314e+06 1.55562e+06 2.62356e+06 3.21686e+06 3.843e+06 1.13348e+06 3.07943e+06 1.97215e+06 2.03268e+06 2.025e+06 2.42433e+06 2.27542e+06 1.05018e+06 2.36338e+06
reclaspred
 4.44039e+06 2.54701e+06 1.30294e+06 1.53814e+06 1.70871e+06 2.50612e+06 1.72492e+06 1.50528e+06 1.03832e+06 710378 643776 754154 732966 588571 611216 1.45387e+06 1.49141e+06 3.08472e+06 2.62299e+06 2.05121e+06 3.59719e+06 2.8788e+06 2.3793e+06 3.51185e+06 2.69871e+06 2.45535e+06 2.83568e+06 2.93272e+06 2.50107e+06 1.64967e+06 2.59624e+06
pelacesobs
 0 0 0 0 0 0 0 0 0 0 0 0 0 0 0 552880 188675 0 991730 2.46772e+06 1.41603e+06 1.21717e+06 2.29649e+06 1.80582e+06 0 1.4828e+06 1.56532e+06 1.57751e+06 1.42118e+06 867257 0
pelacespred
 2.08989e+06 1.34001e+06 693252 688254 766737 1.18543e+06 793172 802237 555016 362350 340321 323667 341110 291014 313273 620159 616746 1.48943e+06 1.29714e+06 937023 1.59665e+06 1.39926e+06 1.13591e+06 1.8617e+06 1.36218e+06 1.23256e+06 1.64422e+06 1.6882e+06 1.14953e+06 861047 1.3128e+06
mphobs
 0 0 0 0 0 0 0 0 0 0 0 498337 0 5186 125008 0 168611 109162 213762 579715 649985 157893 87575 83554 0 0 0 0 0 0 0
mphpred
 3.92255e+06 2.65321e+06 1.36106e+06 752758 1.05107e+06 1.26574e+06 1.5828e+06 1.07597e+06 904550 598490 368818 442805 441328 375340 266515 348202 1.0133e+06 1.00216e+06 1.82742e+06 1.41912e+06 1.60551e+06 1.95491e+06 1.82391e+06 1.55195e+06 2.10515e+06 1.7562e+06 1.48833e+06 1.56375e+06 2.12126e+06 1.47343e+06 864868
desembarqueobs
 494567 514787 250237 358949 120608 361735 552515 73892 212993 205616 52469 317467 293654 387597 252695 516296 358380 742168 942051 627588 828172 859565 418607 520667 417249 300574 407403 355545 319650 289779 219260
desembarquepred
 494576 512947 251328 358967 120611 361756 552613 73895.8 213053 205679 52472 317569 293734 387690 252707 516293 358415 742113 941956 627523 828277 859647 418630 520703 417263 300583 407414 355541 319652 289796 219262
Reclutas
 228858 132679 127149 312320 244238 344546 145324 68694.5 54987.6 67260.9 112229 149327 129413 93593.7 95815.1 472465 114095 699435 441548 358861 490299 650345 153993 404588 354362 167821 350633 383408 125044 99341.8 445285
log_desv_Rt
 0.116167 -0.429004 -0.471578 0.427095 0.181209 0.525292 -0.337968 -1.08727 -1.30983 -1.10836 -0.59639 -0.310797 -0.453925 -0.777971 -0.754515 0.841029 -0.579903 1.23334 0.773352 0.566001 0.878081 1.16057 -0.280028 0.685935 0.553383 -0.194036 0.542807 0.632165 -0.48827 -0.718368 0.78178
SSB
 3.92255e+06 2.65321e+06 1.36106e+06 752758 1.05107e+06 1.26574e+06 1.5828e+06 1.07597e+06 904550 598490 368818 442805 441328 375340 266515 348202 1.0133e+06 1.00216e+06 1.82742e+06 1.41912e+06 1.60551e+06 1.95491e+06 1.82391e+06 1.55195e+06 2.10515e+06 1.7562e+06 1.48833e+06 1.56375e+06 2.12126e+06 1.47343e+06 864868
BT
 5.2318e+06 3.59515e+06 1.84832e+06 1.88417e+06 1.85768e+06 3.03518e+06 2.3274e+06 1.91119e+06 1.49137e+06 1.03667e+06 831202 1.01689e+06 1.0552e+06 1.07552e+06 975281 1.8493e+06 1.70144e+06 4.08887e+06 3.89894e+06 2.7143e+06 4.35494e+06 4.02777e+06 2.98434e+06 4.77712e+06 3.5224e+06 3.10726e+06 4.2057e+06 4.24753e+06 2.91366e+06 2.26307e+06 3.21054e+06
Ftot
 0.106864 0.191371 0.183792 0.226538 0.0687428 0.140676 0.302549 0.047675 0.196839 0.27561 0.0801585 0.399997 0.381317 0.613305 0.397957 0.3464 0.229793 0.235379 0.342263 0.293328 0.222833 0.286974 0.168824 0.145376 0.149417 0.118374 0.14068 0.119191 0.122335 0.168357 0.0838773
BD_Bspro_t
 0.983047 0.873694 0.739183 0.664757 0.702134 0.770495 0.758707 0.640268 0.682656 0.636146 0.589587 0.714876 0.585659 0.495562 0.395798 0.460479 0.608158 0.591651 0.668858 0.579862 0.562941 0.607193 0.618096 0.61839 0.715031 0.725 0.73717 0.769995 0.808757 0.74909 0.708631
BD_Bspro
 2.70354 1.82867 0.938084 0.518824 0.724429 0.872389 1.09091 0.741592 0.623443 0.412497 0.254201 0.305195 0.304177 0.258696 0.18369 0.239991 0.698397 0.690721 1.25952 0.978102 1.10657 1.34739 1.25709 1.06965 1.45094 1.21043 1.0258 1.07778 1.46204 1.01553 0.596093
BD_Bo
 1.9015 1.28617 0.659789 0.364908 0.509518 0.613584 0.767279 0.521589 0.438491 0.290125 0.178789 0.214655 0.213939 0.18195 0.129196 0.168795 0.491208 0.48581 0.885865 0.687935 0.778291 0.947667 0.88416 0.752323 1.0205 0.851339 0.721485 0.758043 1.0283 0.714262 0.419254
BD_Brms
 13.2289 8.94799 4.59019 2.53869 3.54475 4.26874 5.33801 3.62873 3.05061 2.01842 1.24384 1.49337 1.48839 1.26584 0.898825 1.17432 3.41737 3.37981 6.16302 4.78601 5.41462 6.59298 6.15116 5.23396 7.09966 5.92282 5.01942 5.27376 7.15398 4.96917 2.91678
Sel_flota
 0.887319 1 1 1 1
 0.887319 1 1 1 1
 0.887319 1 1 1 1
 0.887319 1 1 1 1
 0.887319 1 1 1 1
 0.887319 1 1 1 1
 0.887319 1 1 1 1
 0.887319 1 1 1 1
 0.887319 1 1 1 1
 0.887319 1 1 1 1
 0.887319 1 1 1 1
 0.887319 1 1 1 1
 0.887319 1 1 1 1
 0.887319 1 1 1 1
 0.887319 1 1 1 1
 0.887319 1 1 1 1
 0.887319 1 1 1 1
 0.887319 1 1 1 1
 0.887319 1 1 1 1
 0.887319 1 1 1 1
 0.887319 1 1 1 1
 0.887319 1 1 1 1
 0.887319 1 1 1 1
 0.887319 1 1 1 1
 0.887319 1 1 1 1
 0.887319 1 1 1 1
 0.887319 1 1 1 1
 0.887319 1 1 1 1
 0.887319 1 1 1 1
 0.887319 1 1 1 1
 0.887319 1 1 1 1
Sel_reclas
 0.94083 1 1 1 1
 0.94083 1 1 1 1
 0.94083 1 1 1 1
 0.94083 1 1 1 1
 0.94083 1 1 1 1
 0.94083 1 1 1 1
 0.94083 1 1 1 1
 0.94083 1 1 1 1
 0.94083 1 1 1 1
 0.94083 1 1 1 1
 0.94083 1 1 1 1
 0.94083 1 1 1 1
 0.94083 1 1 1 1
 0.94083 1 1 1 1
 0.94083 1 1 1 1
 0.94083 1 1 1 1
 0.94083 1 1 1 1
 0.94083 1 1 1 1
 0.94083 1 1 1 1
 0.94083 1 1 1 1
 0.94083 1 1 1 1
 0.94083 1 1 1 1
 0.94083 1 1 1 1
 0.94083 1 1 1 1
 0.94083 1 1 1 1
 0.94083 1 1 1 1
 0.94083 1 1 1 1
 0.94083 1 1 1 1
 0.94083 1 1 1 1
 0.94083 1 1 1 1
 0.94083 1 1 1 1
Sel_pelaces
 1 1 1 1 1
 1 1 1 1 1
 1 1 1 1 1
 1 1 1 1 1
 1 1 1 1 1
 1 1 1 1 1
 1 1 1 1 1
 1 1 1 1 1
 1 1 1 1 1
 1 1 1 1 1
 1 1 1 1 1
 1 1 1 1 1
 1 1 1 1 1
 1 1 1 1 1
 1 1 1 1 1
 1 1 1 1 1
 1 1 1 1 1
 1 1 1 1 1
 1 1 1 1 1
 1 1 1 1 1
 1 1 1 1 1
 1 1 1 1 1
 1 1 1 1 1
 1 1 1 1 1
 1 1 1 1 1
 1 1 1 1 1
 1 1 1 1 1
 1 1 1 1 1
 1 1 1 1 1
 1 1 1 1 1
 1 1 1 1 1
pf_obs 
 0.8446 0.082 0.0669 0.0065 0
 0.8095 0.147 0.0364 0.0071 0
 0.9664 0.0169 0.016 0.0007 0
 0.9276 0.0648 0.0075 0.0001 0
 0.7033 0.2144 0.0806 0.0017 0
 0.9318 0.0425 0.0243 0.0014 0
 0.5671 0.3108 0.0964 0.0239 0.0018
 0.0768 0.2599 0.5324 0.112 0.0189
 0.490249 0.384438 0.106611 0.0170017 0.00170017
 0.7925 0.1577 0.0466 0.003 0.0002
 0.840416 0.127587 0.0312969 0.00059994 9.999e-05
 0.8084 0.0986 0.0794 0.0134 0.0002
 0.7335 0.1905 0.0724 0.0035 0.0001
 0.4001 0.4547 0.1325 0.0127 0
 0.49795 0.308269 0.164784 0.0264974 0.00249975
 0.9179 0.0499 0.0305 0.0017 0
 0.2467 0.6533 0.0926 0.0074 0
 0.9418 0.0223 0.034 0.0019 0
 0.707729 0.231977 0.0356964 0.0245975 0
 0.517169 0.277429 0.184464 0.0207286 0.00020938
 0.811772 0.124168 0.05621 0.00726502 0.000585176
 0.764997 0.148141 0.077277 0.00933861 0.000247198
 0.163321 0.427699 0.378323 0.0303852 0.000271297
 0.753843 0.0900009 0.118128 0.0371064 0.000921714
 0.721811 0.176058 0.0630433 0.0369309 0.00215725
 0.143369 0.312575 0.442814 0.0836902 0.0175525
 0.692698 0.0596174 0.167031 0.0765114 0.00414204
 0.394062 0.376323 0.152708 0.0712218 0.00568511
 0.125707 0.32114 0.495352 0.0537591 0.00404204
 0.23352 0.215282 0.420074 0.123614 0.00750983
 0 0 0 0 0
pf_pred 
 0.459162 0.103732 0.415756 0.0213493 7.41656e-07
 0.43216 0.278659 0.0554645 0.222301 0.0114157
 0.562207 0.20353 0.114961 0.022882 0.0964202
 0.807239 0.114569 0.0363513 0.0205326 0.0213079
 0.656842 0.283914 0.0352121 0.0111724 0.0128595
 0.713522 0.196021 0.0748399 0.00928194 0.00633482
 0.463374 0.396641 0.0957843 0.03657 0.00763101
 0.426872 0.285616 0.212511 0.051319 0.0236819
 0.481593 0.236976 0.14025 0.104352 0.0368287
 0.646778 0.18183 0.0783473 0.0463685 0.0466762
 0.77758 0.150731 0.0369037 0.0159011 0.018884
 0.736833 0.210119 0.0359498 0.00880163 0.00829635
 0.698523 0.230434 0.0567226 0.0097048 0.00461568
 0.646465 0.257481 0.073419 0.0180725 0.00456268
 0.74723 0.172575 0.0584062 0.0166541 0.00513449
 0.930099 0.0541014 0.0107872 0.00365082 0.00136195
 0.429027 0.536063 0.0270195 0.00538741 0.0025035
 0.894433 0.0488119 0.0532846 0.00268574 0.000784355
 0.633293 0.332441 0.0158441 0.0172959 0.00112638
 0.641794 0.2385 0.10852 0.00517206 0.00601366
 0.744057 0.172299 0.0556918 0.0253403 0.00261196
 0.752243 0.190484 0.0385556 0.0124623 0.00625493
 0.365911 0.492841 0.108596 0.0219809 0.0106708
 0.746208 0.100697 0.118992 0.0262196 0.00788346
 0.65073 0.268903 0.0318873 0.0376804 0.0107992
 0.471224 0.359339 0.130449 0.015469 0.0235183
 0.739182 0.131204 0.0880809 0.0319757 0.00955656
 0.696351 0.231765 0.0361614 0.0242761 0.0114468
 0.388537 0.441852 0.129458 0.0201989 0.0199539
 0.474361 0.220385 0.220581 0.064628 0.020045
 0.86468 0.0686132 0.027968 0.0279929 0.0107455
pobs_RECLAS
 0 0 0 0 0
 0 0 0 0 0
 0 0 0 0 0
 0 0 0 0 0
 0 0 0 0 0
 0 0 0 0 0
 0 0 0 0 0
 0 0 0 0 0
 0 0 0 0 0
 0 0 0 0 0
 0.991045 0.00858322 0.000360255 1.14367e-05 0
 0.934742 0.0480273 0.0164251 0.00080598 0
 0.827803 0.169806 0.00239088 0 0
 0.941827 0.0461693 0.0120037 0 0
 0.791401 0.0380133 0.147996 0.0225897 0
 0.846168 0.0940531 0.0597789 0 0
 0.134021 0.677848 0.182769 0.00536245 0
 0.80878 0.0450904 0.141981 0.00414843 0
 0.846168 0.0940531 0.0597789 0 0
 0.905697 0.0802665 0.012482 0.00150086 5.37128e-05
 0.989698 0.0102097 9.19794e-05 0 0
 0.975433 0.0193895 0.00387452 0.00125025 5.28907e-05
 0.303575 0.632131 0.0575291 0.00676475 0
 0.966965 0.00978017 0.0227588 0.000495775 0
 0.843318 0.132988 0.00938335 0.0141283 0.000182051
 0.564624 0.303363 0.111486 0.0197234 0.00080311
 0.826376 0.0876187 0.0782897 0.00655872 0.00115652
 0.89761 0.0855135 0.0140674 0.00269457 0.000114338
 0.34875 0.467042 0.161289 0.0227151 0.000203297
 0.318654 0.224769 0.449479 0.00709798 0
 0.937255 0.0296025 0.0250945 0.00804832 0
ppred_RECLAS
 0.474004 0.100885 0.404346 0.0207634 7.21303e-07
 0.447096 0.271329 0.0540056 0.216453 0.0111154
 0.577047 0.196631 0.111065 0.0221064 0.0931519
 0.816566 0.109026 0.0345926 0.0195392 0.020277
 0.670067 0.272972 0.0338551 0.0107418 0.0123639
 0.725632 0.187735 0.0716762 0.00888956 0.00606703
 0.478849 0.385202 0.0930221 0.0355153 0.00741095
 0.441369 0.278392 0.207135 0.0500209 0.0230828
 0.49676 0.230043 0.136147 0.101299 0.0357513
 0.660751 0.174637 0.075248 0.0445342 0.0448298
 0.787676 0.143889 0.0352286 0.0151793 0.0180269
 0.748974 0.200425 0.0342912 0.00839557 0.00791361
 0.71168 0.220377 0.0542471 0.00928127 0.00441424
 0.661689 0.246393 0.0702574 0.0172943 0.0043662
 0.759042 0.164511 0.0556768 0.0158759 0.00489455
 0.93407 0.0510277 0.0101744 0.0034434 0.00128457
 0.444059 0.521949 0.0263082 0.00524556 0.00243758
 0.900074 0.046204 0.0504377 0.00254225 0.000742449
 0.647726 0.319356 0.0152205 0.0166152 0.00108204
 0.655915 0.229099 0.104242 0.00496817 0.0057766
 0.755505 0.164592 0.0532007 0.0242068 0.00249512
 0.763598 0.181754 0.0367887 0.0118911 0.00596827
 0.380025 0.481871 0.106179 0.0214916 0.0104333
 0.757416 0.0962503 0.113737 0.0250617 0.0075353
 0.664269 0.25848 0.0306512 0.0362199 0.0103806
 0.486138 0.349204 0.12677 0.0150327 0.022855
 0.750587 0.125467 0.0842294 0.0305775 0.00913868
 0.708841 0.222232 0.034674 0.0232776 0.0109759
 0.402838 0.431518 0.12643 0.0197265 0.0194872
 0.489428 0.214068 0.214258 0.0627755 0.0194705
 0.87148 0.0651652 0.0265626 0.0265862 0.0102055
pobs_PELACES
 0 0 0 0 0
 0 0 0 0 0
 0 0 0 0 0
 0 0 0 0 0
 0 0 0 0 0
 0 0 0 0 0
 0 0 0 0 0
 0 0 0 0 0
 0 0 0 0 0
 0 0 0 0 0
 0 0 0 0 0
 0 0 0 0 0
 0 0 0 0 0
 0 0 0 0 0
 0 0 0 0 0
 0 0 0 0 0
 0.505614 0.472636 0.0217494 0 0
 0 0 0 0 0
 0.443492 0.261883 0.143347 0.151278 0
 0.227955 0.32914 0.350689 0.0885471 0.00366901
 0.970185 0.0296113 0.000203453 0 0
 0.997202 0.00247181 0.000326279 0 0
 0.445219 0.490057 0.0546422 0.010081 0
 0.90214 0.0892962 0.00764917 0.000914606 0
 0 0 0 0 0
 0.581667 0.319106 0.0959925 0.00289975 0.000334073
 0.762889 0.0836404 0.116647 0.0363945 0.000428098
 0.88444 0.0763242 0.0277011 0.0115352 0
 0.521256 0.241999 0.230069 0.00667565 0
 0.616807 0.101726 0.260614 0.0208532 0
 0 0 0 0 0
ppred_PELACES
 0.490224 0.0977744 0.391878 0.0201232 6.99061e-07
 0.463987 0.26304 0.0523557 0.209841 0.0107758
 0.593508 0.188978 0.106742 0.021246 0.0895263
 0.826736 0.102981 0.0326747 0.0184559 0.0191528
 0.683961 0.261477 0.0324294 0.0102895 0.0118432
 0.738618 0.178849 0.0682838 0.00846882 0.00577988
 0.496897 0.371862 0.0898006 0.0342854 0.0071543
 0.456897 0.270653 0.201378 0.0486306 0.0224412
 0.513834 0.222238 0.131528 0.0978623 0.0345383
 0.676533 0.166513 0.0717474 0.0424625 0.0427443
 0.798178 0.136772 0.0334861 0.0144285 0.0171352
 0.762967 0.189253 0.0323798 0.00792758 0.00747248
 0.726856 0.208778 0.0513918 0.00879274 0.00418189
 0.680186 0.232922 0.0664161 0.0163487 0.00412747
 0.772631 0.155233 0.0525369 0.0149806 0.00461852
 0.938476 0.0476175 0.00949443 0.00321328 0.00119873
 0.461286 0.505776 0.0254929 0.00508302 0.00236205
 0.906174 0.0433834 0.0473586 0.00238705 0.000697124
 0.664359 0.304278 0.0145019 0.0158307 0.00103095
 0.671955 0.218418 0.0993825 0.00473657 0.00550731
 0.768075 0.15613 0.0504657 0.0229624 0.00236685
 0.776289 0.171997 0.0348137 0.0112528 0.00564787
 0.395997 0.469457 0.103444 0.020938 0.0101645
 0.769407 0.0914928 0.108115 0.0238229 0.00716284
 0.678944 0.247181 0.0293114 0.0346366 0.00992686
 0.502483 0.338096 0.122738 0.0145546 0.022128
 0.762778 0.119335 0.0801124 0.0290829 0.008692
 0.722157 0.212068 0.0330882 0.022213 0.010474
 0.4187 0.420056 0.123072 0.0192025 0.0189696
 0.506239 0.207019 0.207204 0.0607085 0.0188294
 0.878492 0.0616102 0.0251135 0.0251358 0.00964874
pobs_pel_tallas
 0 0 0 0 0 0 0 0 0 0 0 0 0 0 0 0 0 0 0 0 0 0 0 0 0 0
 0 0 0 0 0 0 0 0 0 0 0 0 0 0 0 0 0 0 0 0 0 0 0 0 0 0
 0 0 0 0 0 0 0 0 0 0 0 0 0 0 0 0 0 0 0 0 0 0 0 0 0 0
 0 0 0 0 0 0 0 0 0 0 0 0 0 0 0 0 0 0 0 0 0 0 0 0 0 0
 0 0 0 0 0 0 0 0 0 0 0 0 0 0 0 0 0 0 0 0 0 0 0 0 0 0
 0 0 0 0 0 0 0 0 0 0 0 0 0 0 0 0 0 0 0 0 0 0 0 0 0 0
 0 0 0 0 0 0 0 0 0 0 0 0 0 0 0 0 0 0 0 0 0 0 0 0 0 0
 0 0 0 0 0 0 0 0 0 0 0 0 0 0 0 0 0 0 0 0 0 0 0 0 0 0
 0 0 0 0 0 0 0 0 0 0 0 0 0 0 0 0 0 0 0 0 0 0 0 0 0 0
 0 0 0 0 0 0 0 0 0 0 0 0 0 0 0 0 0 0 0 0 0 0 0 0 0 0
 0 0 0 0 0 0 0 0 0 0 0 0 0 0 0 0 0 0 0 0 0 0 0 0 0 0
 0 0 0 0 0 0 0 0 0 0 0 0 0 0 0 0 0 0 0 0 0 0 0 0 0 0
 0.00862536 0 0 0.000197151 0.00414017 0.0128641 0.00837892 0.0270097 0.101434 0.158115 0.152841 0.127902 0.109271 0.109419 0.0830992 0.0579132 0.0238553 0.00714673 0.00463305 0.00128148 0.00103504 0.000492878 0.000147863 0.000147863 4.92878e-05 0
 0 0 0 0 0 0 0 0 0 0 0 0 0 0 0 0 0 0 0 0 0 0 0 0 0 0
 0 0 0 0 0 0 0 0.0054083 0.00873648 0.0413646 0.0450493 0.0745869 0.0622846 0.0627006 0.0613931 0.0827291 0.12552 0.122667 0.0946155 0.0697135 0.0546179 0.0294188 0.0215738 0.0213955 0.0102223 0.00600262
 0 0 0 0 0.00359764 0.0251062 0.0480494 0.140153 0.205849 0.193036 0.1447 0.116669 0.0760912 0.0342217 0.00950174 0.001854 0.000860785 0 0 0 0.000165536 0 0.000143464 0 0 0
 0 0 0 0 0 0 0 0.000145254 0.000435761 0.0275982 0.070085 0.0708112 0.156366 0.174668 0.174014 0.160142 0.0824315 0.0480064 0.0283245 0.00493863 0.00203355 0 0 0 0 0
 0 0 0 0 0 0 0 0 0 0 0 0 0 0 0 0 0 0 0 0 0 0 0 0 0 0
 0 0 1.00437e-05 0.000401748 0.00122533 0.00171747 0.00176769 0.0269171 0.070346 0.194647 0.189555 0.159765 0.064822 0.0314167 0.0384472 0.0292271 0.0345202 0.0313363 0.0194345 0.0106764 0.0143323 0.0359363 0.0279516 0.0138201 0.00172751 0
 0 0.0021121 0.0136068 0.0755702 0.200478 0.177729 0.0527432 0.0373336 0.0318909 0.0142505 0.0149659 0.0166563 0.0217959 0.0798694 0.0677717 0.0528807 0.04013 0.0224614 0.0357745 0.0225083 0.00881397 0.00855152 0.00135912 0.000746735 0 0
 0 0 0 0 5.4009e-05 0.00500934 0.000945158 0.0243581 0.138947 0.33067 0.221406 0.137944 0.0707744 0.0437923 0.0131692 0.00525238 0.0047753 0.00276346 9.45158e-05 9.00151e-06 2.25038e-05 9.00151e-06 4.50075e-06 0 0 0
 0.000866109 0.00284123 0.00948549 0.0512746 0.133035 0.25785 0.225252 0.132002 0.0553304 0.0519788 0.0540692 0.017754 0.00435017 0.00159236 0.00146478 0.000404838 0.000125132 0.000115318 0.000107957 0.000100596 0 0 0 0 0 0
 0 0 0 0 0.00144013 0.00171154 0.00461396 0.0210425 0.0478622 0.0707936 0.0888783 0.103762 0.0637923 0.0337046 0.0602308 0.124433 0.169614 0.0934646 0.0462172 0.0250306 0.0313229 0.00938855 0.002487 0.000210481 0 0
 0 0.00764035 0.051015 0.0998891 0.058973 0.0496711 0.0374665 0.0718981 0.12319 0.153886 0.159021 0.0857701 0.0377988 0.023471 0.0147837 0.00900784 0.00315554 0.000888139 0.00291439 0.00214683 0.00393193 0.00274676 0.000635225 9.99891e-05 0 0
 0 0 0 0 0 0 0 0 0 0 0 0 0 0 0 0 0 0 0 0 0 0 0 0 0 0
 0 0 0 0 0 0 0 0 0 0 0 0 0 0 0 0 0 0 0 0 0 0 0 0 0 0
 0 0 0 0 0 0 0 0 0 0 0 0 0 0 0 0 0 0 0 0 0 0 0 0 0 0
 0 0 0 0 0 0 0 0 0 0 0 0 0 0 0 0 0 0 0 0 0 0 0 0 0 0
 0 0 0 0 0 0 0 0 0 0 0 0 0 0 0 0 0 0 0 0 0 0 0 0 0 0
 0 0 0 0 0 0 0 0 0 0 0 0 0 0 0 0 0 0 0 0 0 0 0 0 0 0
 0 0 0 0 0 0 0 0 0 0 0 0 0 0 0 0 0 0 0 0 0 0 0 0 0 0
ppred_pel_tallas
 1.13352e-16 4.03791e-05 0.000392499 0.0026083 0.0118569 0.0368914 0.0786014 0.114723 0.114733 0.0786506 0.0370583 0.0123465 0.00386546 0.00323017 0.00570231 0.0100724 0.0161526 0.0237308 0.0324863 0.0420618 0.0519074 0.0609485 0.0674902 0.0697016 0.0665026 0.0582454
 1.24446e-16 3.82181e-05 0.000371493 0.0024687 0.0112224 0.0349171 0.0743956 0.108588 0.108613 0.07452 0.0353352 0.0124313 0.00550897 0.00702884 0.0127455 0.0211896 0.0309751 0.0399958 0.04623 0.048997 0.0494548 0.0497829 0.0516365 0.0550538 0.0585242 0.0599757
 1.2041e-16 4.88865e-05 0.000475195 0.00315784 0.0143551 0.0446641 0.0951622 0.138896 0.138914 0.095252 0.044966 0.0152291 0.0053591 0.00530572 0.00929818 0.0154959 0.0228027 0.0297285 0.0348171 0.0374966 0.0384277 0.03897 0.0401837 0.0421548 0.0440636 0.0447762
 1.06062e-16 6.80971e-05 0.000661929 0.00439875 0.0199961 0.0622153 0.132557 0.193472 0.193482 0.132605 0.0623789 0.0204692 0.00558825 0.00326516 0.00503184 0.00826414 0.0120276 0.0154088 0.0175373 0.0180467 0.0172943 0.0160954 0.0151797 0.0147963 0.0147052 0.0144548
 1.04039e-16 5.6337e-05 0.000547616 0.0036391 0.0165428 0.0514711 0.109665 0.160065 0.16009 0.109789 0.0518844 0.0177368 0.00663593 0.00708921 0.0124787 0.0205379 0.0295755 0.0371869 0.0409653 0.0398159 0.0346132 0.0276113 0.0210915 0.0162963 0.0132634 0.0113512
 1.03844e-16 6.0839e-05 0.000591377 0.00392991 0.0178648 0.0555841 0.118429 0.172854 0.172871 0.118513 0.0558684 0.0186867 0.00599616 0.00511289 0.00867985 0.0143363 0.0208396 0.02661 0.0300663 0.0304605 0.0282793 0.0248281 0.0213597 0.0184536 0.0160185 0.0137072
 1.07336e-16 4.09289e-05 0.000397843 0.00264381 0.0120184 0.0373939 0.0796729 0.116293 0.116328 0.0798484 0.0379833 0.0137217 0.00692264 0.00974957 0.0178342 0.029505 0.0427036 0.0541363 0.0604669 0.0601611 0.0543685 0.0460581 0.0381364 0.0320366 0.0276117 0.0239674
 1.14556e-16 3.7634e-05 0.000365816 0.00243098 0.0110509 0.0343836 0.0732588 0.106929 0.106955 0.0733877 0.0348172 0.0123069 0.00559685 0.00732083 0.0133758 0.0223928 0.0330517 0.0432439 0.0508137 0.0547434 0.0556318 0.0549889 0.053971 0.0526429 0.0502493 0.0460535
 1.19512e-16 4.23239e-05 0.000411403 0.00273392 0.012428 0.0386683 0.0823877 0.120252 0.120273 0.0824934 0.0390238 0.0134574 0.00532768 0.00610693 0.0109589 0.018317 0.0270229 0.0353687 0.0416687 0.0452439 0.0468007 0.0477826 0.0492138 0.0509761 0.0519976 0.0510435
 1.13606e-16 5.57251e-05 0.000541668 0.00359958 0.0163632 0.0509119 0.108474 0.158324 0.15834 0.108553 0.0511773 0.0171308 0.00553147 0.00477582 0.00814768 0.0135176 0.0197966 0.0256144 0.0296381 0.03133 0.0312736 0.0307144 0.0306747 0.0313408 0.0321039 0.0320697
 1.05349e-16 6.57449e-05 0.000639064 0.0042468 0.0193054 0.0600662 0.127978 0.18679 0.186804 0.128043 0.0602831 0.0199322 0.00582169 0.0040821 0.0066199 0.010881 0.0157677 0.0200466 0.022516 0.0226482 0.0209042 0.0184004 0.0161975 0.0147654 0.0139413 0.0132554
 1.03043e-16 6.28446e-05 0.000610872 0.00405946 0.0184537 0.0574165 0.122333 0.178552 0.17857 0.122422 0.057716 0.0193189 0.00623168 0.00535463 0.00907742 0.0149216 0.0215231 0.0271397 0.0300399 0.0294305 0.0259216 0.0210979 0.0165504 0.0131273 0.0108359 0.00923368
 1.03126e-16 5.98702e-05 0.00058196 0.00386733 0.0175803 0.054699 0.116543 0.170102 0.170122 0.116641 0.0550299 0.0185364 0.00626901 0.00583043 0.010044 0.0165527 0.0239384 0.0303106 0.0337762 0.0334522 0.0299647 0.0249755 0.0201366 0.0163042 0.0134709 0.0112119
 1.04315e-16 5.60261e-05 0.000544593 0.00361902 0.0164515 0.0511869 0.10906 0.159181 0.159204 0.10917 0.0515564 0.0175194 0.00630225 0.00641106 0.0112238 0.0185354 0.0268569 0.0341122 0.0382146 0.038192 0.0347313 0.0296402 0.0246849 0.0207333 0.0177075 0.0151061
 1.0384e-16 6.36406e-05 0.000618609 0.00411088 0.0186875 0.0581437 0.123882 0.180812 0.180827 0.123955 0.0583903 0.0194002 0.00590258 0.0045383 0.0075326 0.0124172 0.0180344 0.0230017 0.0259498 0.0262442 0.0243346 0.0213877 0.0185158 0.0162205 0.0143851 0.0126437
 1.00812e-16 7.7301e-05 0.000751394 0.00499327 0.0226987 0.0706241 0.150472 0.21962 0.219624 0.150495 0.0706995 0.0229166 0.00554038 0.00194656 0.00234965 0.00376871 0.00543717 0.0068708 0.0076334 0.00752627 0.00670008 0.00554558 0.00445114 0.00361764 0.00303858 0.00260206
 1.01775e-16 3.79956e-05 0.000369331 0.00245434 0.0111571 0.0347141 0.0739639 0.107963 0.108011 0.0742017 0.0355123 0.0134616 0.00823535 0.012977 0.0239462 0.0394327 0.0565775 0.0706777 0.0769653 0.0732416 0.0612109 0.0453814 0.0304505 0.0191841 0.0119978 0.00787537
 1.01736e-16 7.46403e-05 0.000725531 0.00482141 0.0219174 0.0681932 0.145293 0.21206 0.212065 0.145314 0.0682632 0.0221202 0.00533358 0.00185372 0.00224685 0.0036732 0.00546241 0.00723871 0.00865959 0.00954479 0.00993874 0.0100019 0.00983416 0.00939634 0.00858727 0.00738109
 1.02259e-16 5.47224e-05 0.000531921 0.0035348 0.0160687 0.0499959 0.106523 0.155479 0.155508 0.106666 0.0504762 0.0174554 0.00701357 0.00811951 0.0144458 0.0237457 0.034087 0.04263 0.0465261 0.0444786 0.0375348 0.0284111 0.0199063 0.0136203 0.00971142 0.00747603
 1.04331e-16 5.53481e-05 0.000538003 0.00357522 0.0162525 0.0505675 0.10774 0.157254 0.157276 0.107844 0.0509151 0.0172578 0.00610371 0.00607433 0.0106184 0.0175928 0.0256299 0.0328352 0.0372895 0.0380651 0.0357056 0.0317218 0.0275522 0.0238469 0.0205046 0.0171846
 1.042e-16 6.32653e-05 0.000614962 0.00408664 0.0185773 0.0578009 0.123151 0.179746 0.179761 0.123225 0.0580488 0.0192941 0.00588846 0.00455674 0.00757427 0.0124874 0.0181381 0.0231405 0.0261245 0.0264635 0.0246225 0.0217835 0.0190605 0.0169356 0.0152528 0.0136017
 1.03133e-16 6.39419e-05 0.000621538 0.00413034 0.0187759 0.058419 0.124469 0.181669 0.181686 0.12455 0.0586914 0.0195629 0.00610673 0.0049392 0.00827349 0.0136018 0.0196479 0.0248366 0.0276077 0.0272464 0.0242984 0.0201749 0.0162762 0.0133226 0.0112836 0.0097468
 1.06926e-16 3.26179e-05 0.000317057 0.00210696 0.00957796 0.0298008 0.0634955 0.092683 0.0927283 0.0637169 0.0305444 0.0117266 0.00750321 0.0121068 0.0224521 0.0371411 0.0536751 0.0678649 0.0754459 0.0744355 0.0662746 0.054762 0.0436894 0.035044 0.0288274 0.0240478
 1.06745e-16 6.3375e-05 0.000616028 0.00409372 0.0186095 0.057901 0.123365 0.180056 0.180065 0.123408 0.0580489 0.0190387 0.00517885 0.00301003 0.00468399 0.00783711 0.0117377 0.0157141 0.0191062 0.0215877 0.0232777 0.024485 0.0253175 0.0255234 0.0246893 0.0225861
 1.06063e-16 5.59238e-05 0.000543599 0.00361241 0.0164215 0.0510935 0.108861 0.158891 0.158915 0.108977 0.0514844 0.0175507 0.00644716 0.00673303 0.0118148 0.0194562 0.0280572 0.0353715 0.039166 0.0384555 0.0341076 0.0282591 0.023012 0.0194153 0.0173286 0.0159703
 1.08833e-16 4.1389e-05 0.000402316 0.00267353 0.0121535 0.0378142 0.0805684 0.117599 0.117631 0.0807283 0.0383514 0.0137066 0.00657777 0.00894476 0.0163222 0.0270682 0.0393395 0.0502069 0.0566927 0.0574052 0.0533045 0.0469112 0.0406382 0.0355921 0.0315552 0.0277717
 1.0673e-16 6.2829e-05 0.000610721 0.00405845 0.0184491 0.0574022 0.122302 0.178506 0.178517 0.122359 0.0575932 0.0190021 0.00545188 0.00367038 0.00592629 0.0098366 0.0144913 0.0189169 0.0221596 0.0237833 0.0240819 0.0237633 0.023375 0.0229579 0.022152 0.0205714
 1.0501e-16 5.94831e-05 0.000578197 0.00384232 0.0174667 0.0543454 0.115789 0.169002 0.169023 0.115889 0.054681 0.0184362 0.00627663 0.00589471 0.010164 0.0167298 0.0241467 0.0304848 0.0338286 0.0333218 0.0296828 0.024708 0.0201674 0.01695 0.0149582 0.0135738
 1.08795e-16 3.44879e-05 0.000335234 0.00222775 0.0101271 0.0315093 0.0671353 0.0979944 0.098035 0.0673337 0.0321757 0.0120532 0.0070676 0.0109173 0.0201808 0.0334368 0.0484646 0.0615778 0.0690223 0.0690501 0.0629038 0.0538472 0.0450701 0.0381392 0.0329082 0.028453
 1.15308e-16 4.16983e-05 0.000405322 0.00269351 0.0122443 0.0380967 0.0811699 0.118474 0.118494 0.0812689 0.0384303 0.0132117 0.00513626 0.00578636 0.0104043 0.0175102 0.026104 0.0346915 0.0417475 0.0465512 0.049478 0.0514203 0.0528514 0.0533753 0.0520863 0.0483268
 1.04895e-16 7.23602e-05 0.000703367 0.00467412 0.0212479 0.0661101 0.140855 0.205583 0.205589 0.140884 0.0662082 0.0215319 0.00538896 0.00227018 0.0030671 0.00500757 0.00733196 0.00949527 0.0110062 0.0116716 0.0117108 0.0115811 0.0116463 0.0119509 0.0122421 0.0121716
pSPR Fmed_Fpbrs
0.690862   0.193739 0.193739
Fs Fmed_Fpbrs
0.187508   1.005 1.005
SSBpbr Bo_Bmed_Bpbrs
2.06287e+06  1.32202e+06  296515 296515
Ro
203758
SPR SPRFo_SPRFmed_SPRFpbrs
1.45089e+06 1.00237e+06 281094
Fref
1.005
log_Ro
12.0447
likeval ReclasPelacesDesembMPH_pf_preclas_ppelaces_ptallas_desvR_qrecl_qpela
 21.577 16.9021 0.161409 0.00286817 230.373 123.175 82.0238 0 21.5809 0 0 0.816597 0 0 0
q_reclas_q_pelaces
1 1
M
1
N
 228858 46103.9 184784 9488.75 0.32963
 132679 76575.7 15241.7 61088.3 3137.03
 127149 41187 23264 4630.49 19512
 312320 39736.7 12608 7121.49 7390.38
 244238 93974 11655 3698 4256.42
 344546 84533.4 32274.4 4002.8 2731.87
 145324 111877 27017.1 10315 2152.42
 68694.5 40874.6 30412.5 7344.28 3389.12
 54987.6 24224.5 14336.9 10667.2 3764.76
 67260.9 16987 7319.39 4331.85 4360.6
 112229 19375.8 4743.8 2044.02 2427.46
 149327 38452.3 6578.89 1610.72 1518.25
 129413 38521.4 9482.25 1622.34 771.598
 93593.7 33942.2 9678.39 2382.39 601.471
 95815.1 19980.7 6762.24 1928.21 594.469
 472465 24761.9 4937.25 1670.96 623.356
 114095 127817 6442.43 1284.55 596.924
 699435 34231 37367.6 1883.46 550.055
 441548 208808 9951.79 10863.7 707.484
 358861 119892 54552 2599.94 3023.01
 490299 101764 32893.1 14966.7 1542.69
 650345 148012 29958.9 9683.56 4860.27
 153993 185465 40866.8 8271.81 4015.62
 404588 48769.6 57629.9 12698.6 3818.1
 354362 130827 15513.8 18332.3 5254.04
 167821 114176 41448.7 4915.1 7472.66
 350633 55582.2 37313.8 13545.9 4048.45
 383408 113854 17764.2 11925.5 5623.18
 125044 126892 37178.2 5800.78 5730.43
 99341.8 41269.1 41305.9 12102.2 3753.62
 445285 31474.6 12829.6 12841.1 4929.22
pred_Ctot
 13189.2 2979.64 11942.4 613.248 0.0213037
 13280.8 8563.5 1704.49 6831.55 350.816
 12256.5 4437.09 2506.24 498.844 2102.03
 36544.4 5186.61 1645.65 929.529 964.626
 9181.44 3968.59 492.2 156.169 179.752
 25819.8 7093.32 2708.19 335.88 229.235
 22105.8 18922.2 4569.5 1744.61 364.046
 1804.86 1207.61 898.517 216.982 100.129
 5650.27 2780.31 1645.48 1224.31 432.092
 9409.38 2645.28 1139.8 674.572 679.049
 4899.03 949.658 232.506 100.183 118.976
 29025.7 8277.11 1416.15 346.718 326.814
 24136.1 7962.2 1959.94 335.331 159.486
 25942.3 10332.6 2946.27 725.241 183.098
 18542.4 4282.42 1449.34 413.269 127.411
 81028.2 4713.2 939.762 318.052 118.65
 13526.2 16900.9 851.865 169.853 78.9297
 84766.4 4625.96 5049.84 254.53 74.3341
 74929.9 39333.7 1874.64 2046.42 133.271
 53096.3 19731.4 8977.98 427.89 497.517
 56505.9 13084.9 4229.4 1924.42 198.36
 94350.6 23891.6 4835.87 1563.09 784.529
 13708.9 18464.4 4068.59 823.518 399.785
 31279 4220.97 4987.83 1099.06 330.454
 28116.3 11618.6 1377.76 1628.07 466.606
 10668.5 8135.43 2953.37 350.219 532.454
 26276.7 4664.1 3131.14 1136.68 339.72
 24534.4 8165.72 1274.07 855.315 403.301
 8203.3 9328.98 2733.3 426.466 421.294
 8820.72 4098.04 4101.69 1201.75 372.736
 20311.7 1611.75 656.98 657.565 252.415
F
 0.0948225 0.106864 0.106864 0.106864 0.106864
 0.169807 0.191371 0.191371 0.191371 0.191371
 0.163082 0.183792 0.183792 0.183792 0.183792
 0.201012 0.226538 0.226538 0.226538 0.226538
 0.0609968 0.0687428 0.0687428 0.0687428 0.0687428
 0.124825 0.140676 0.140676 0.140676 0.140676
 0.268457 0.302549 0.302549 0.302549 0.302549
 0.0423029 0.047675 0.047675 0.047675 0.047675
 0.174659 0.196839 0.196839 0.196839 0.196839
 0.244554 0.27561 0.27561 0.27561 0.27561
 0.0711262 0.0801585 0.0801585 0.0801585 0.0801585
 0.354925 0.399997 0.399997 0.399997 0.399997
 0.33835 0.381317 0.381317 0.381317 0.381317
 0.544198 0.613305 0.613305 0.613305 0.613305
 0.353115 0.397957 0.397957 0.397957 0.397957
 0.307367 0.3464 0.3464 0.3464 0.3464
 0.2039 0.229793 0.229793 0.229793 0.229793
 0.208856 0.235379 0.235379 0.235379 0.235379
 0.303696 0.342263 0.342263 0.342263 0.342263
 0.260275 0.293328 0.293328 0.293328 0.293328
 0.197724 0.222833 0.222833 0.222833 0.222833
 0.254637 0.286974 0.286974 0.286974 0.286974
 0.149801 0.168824 0.168824 0.168824 0.168824
 0.128995 0.145376 0.145376 0.145376 0.145376
 0.132581 0.149417 0.149417 0.149417 0.149417
 0.105036 0.118374 0.118374 0.118374 0.118374
 0.124828 0.14068 0.14068 0.14068 0.14068
 0.10576 0.119191 0.119191 0.119191 0.119191
 0.10855 0.122335 0.122335 0.122335 0.122335
 0.149386 0.168357 0.168357 0.168357 0.168357
 0.0744259 0.0838773 0.0838773 0.0838773 0.0838773
nmprior
 8 9 7.5 0
nm_flota  nm_reclas  nm_pelaces    nm_pelaL
inf 11.5833 18.9776 34.1892
cv_recla  cv_pelaces  cv_mph
0.420165 0.483766 1.65275
 ------------------------------------------------
Talla a la edad & desviación 
 8 13.2811 15.8009 17.003 17.5766
 0.8 1.32811 1.58009 1.7003 1.75766
