years
 1991 1992 1993 1994 1995 1996 1997 1998 1999 2000 2001 2002 2003 2004 2005 2006 2007 2008 2009 2010 2011 2012 2013 2014 2015 2016 2017 2018 2019 2020 2021
reclasobs
 0 0 0 0 0 0 0 0 0 252601 567819 844713 477998 351125 339783 2.1784e+06 2.13404e+06 4.81314e+06 1.55562e+06 2.62356e+06 3.21686e+06 3.843e+06 1.13348e+06 3.07943e+06 1.97215e+06 2.03268e+06 2.025e+06 2.42433e+06 2.27542e+06 1.05018e+06 2.36338e+06
reclaspred
 2.40398e+06 1.91257e+06 1.02869e+06 717478 670325 1.38293e+06 1.47429e+06 1.25716e+06 732235 426799 461951 593239 554893 430731 537309 985082 1.46218e+06 2.54232e+06 2.43471e+06 1.80918e+06 3.16356e+06 2.5469e+06 2.27341e+06 2.7181e+06 2.40737e+06 2.19476e+06 2.33028e+06 2.28604e+06 2.42479e+06 1.64392e+06 1.98801e+06
pelacesobs
 0 0 0 0 0 0 0 0 0 0 0 0 0 0 0 552880 188675 0 991730 2.46772e+06 1.41603e+06 1.21717e+06 2.29649e+06 1.80582e+06 0 1.4828e+06 1.56532e+06 1.57751e+06 1.42118e+06 867257 0
pelacespred
 1.0148e+06 904681 516778 316163 300333 641328 652337 615622 385049 213802 234301 240962 247097 200112 270743 414441 604507 1.14544e+06 1.19285e+06 858276 1.32713e+06 1.25792e+06 1.07904e+06 1.37318e+06 1.23888e+06 1.07171e+06 1.30245e+06 1.30426e+06 1.12067e+06 848355 986809
mphobs
 0 0 0 0 0 0 0 0 0 0 0 498337 0 5186 125008 0 168611 109162 213762 579715 649985 157893 87575 83554 0 0 0 0 0 0 0
mphpred
 1.74055e+06 2.00903e+06 1.12444e+06 593378 569400 508470 1.44058e+06 1.06314e+06 835975 405368 277435 476659 418225 363817 267979 489240 1.04047e+06 1.28032e+06 2.1623e+06 1.65918e+06 1.74931e+06 2.33326e+06 2.00283e+06 1.67684e+06 2.24423e+06 1.88016e+06 1.51914e+06 1.8247e+06 2.19634e+06 1.56325e+06 1.03095e+06
desembarqueobs
 494567 514787 250237 358949 120608 361735 552515 73892 212993 205616 52469 317467 293654 387597 252695 516296 358380 742168 942051 627588 828172 859565 418607 520667 417249 300574 407403 355545 319650 289779 219260
desembarquepred
 494406 510134 252186 359120 120565 361542 552339 73899.3 212851 205529 52459.7 317209 293951 387722 252708 516051 358457 741689 941084 626917 827417 858754 418433 520545 417296 300744 407223 355458 319527 289420 219218
Reclutas
 482653 61996.6 74858.2 167413 79480.1 486066 140020 46287.1 20402.3 73387.5 140169 118853 133673 93105.6 138388 437191 182756 752776 465727 339764 589153 609382 161462 421284 368465 153258 432103 360617 140378 133358 484138
log_desv_Rt
 0.915013 -1.13721 -0.948688 -0.143818 -0.888778 0.922061 -0.322496 -1.42942 -2.24864 -0.968531 -0.321439 -0.486394 -0.368885 -0.730551 -0.334222 0.816086 -0.0561355 1.35948 0.879315 0.563965 1.1144 1.14816 -0.180014 0.779023 0.645061 -0.232159 0.80438 0.623532 -0.319944 -0.371247 0.918085
SSB
 1.74055e+06 2.00903e+06 1.12444e+06 593378 569400 508470 1.44058e+06 1.06314e+06 835975 405368 277435 476659 418225 363817 267979 489240 1.04047e+06 1.28032e+06 2.1623e+06 1.65918e+06 1.74931e+06 2.33326e+06 2.00283e+06 1.67684e+06 2.24423e+06 1.88016e+06 1.51914e+06 1.8247e+06 2.19634e+06 1.56325e+06 1.03095e+06
BT
 3.26548e+06 2.63372e+06 1.4889e+06 1.26877e+06 885344 2.75945e+06 2.15153e+06 1.68934e+06 1.1716e+06 841060 821849 973588 1.05201e+06 1.07221e+06 1.26453e+06 1.93215e+06 2.01628e+06 4.65635e+06 4.41115e+06 2.96797e+06 5.02223e+06 4.40328e+06 3.24019e+06 5.05901e+06 3.73543e+06 3.17236e+06 4.81217e+06 4.42832e+06 3.05069e+06 2.53752e+06 3.60263e+06
Ftot
 0.194496 0.250244 0.230506 0.462266 0.1702 0.247108 0.348496 0.0561532 0.272271 0.445083 0.108211 0.491647 0.488369 0.805125 0.438461 0.486254 0.231002 0.274673 0.36006 0.323832 0.246405 0.315404 0.174106 0.181452 0.164194 0.130128 0.165798 0.147651 0.125134 0.166671 0.105115
BD_Bspro_t
 0.96936 0.834606 0.676058 0.569741 0.564811 0.611136 0.751602 0.638878 0.658244 0.542931 0.530171 0.725473 0.575909 0.493244 0.404872 0.539147 0.623412 0.656501 0.710424 0.625101 0.596179 0.657247 0.655955 0.656275 0.741855 0.751518 0.753292 0.799727 0.820428 0.767585 0.74814
BD_Bspro
 1.26449 1.45954 0.816898 0.431083 0.413664 0.369399 1.04656 0.772361 0.607328 0.294496 0.201554 0.346288 0.303837 0.26431 0.194684 0.355428 0.755893 0.930137 1.57089 1.20538 1.27086 1.69509 1.45504 1.21821 1.63041 1.36592 1.10364 1.32563 1.59562 1.13569 0.748976
BD_Bo
 0.89187 1.02944 0.576173 0.304051 0.291764 0.260544 0.738161 0.54476 0.428359 0.207713 0.14216 0.244243 0.214301 0.186422 0.137314 0.25069 0.533145 0.656042 1.10798 0.850173 0.896357 1.19558 1.02626 0.859227 1.14996 0.963407 0.778418 0.934989 1.12542 0.801019 0.528266
BD_Brms
 3.78014 4.36323 2.44208 1.2887 1.23663 1.1043 3.12866 2.30893 1.81558 0.880382 0.602536 1.03521 0.908305 0.790141 0.582 1.06254 2.25971 2.7806 4.6961 3.60341 3.79916 5.06739 4.34976 3.64179 4.87403 4.08335 3.29928 3.9629 4.77004 3.39508 2.23903
Sel_flota
 0.5 1 1 1 1
 0.5 1 1 1 1
 0.5 1 1 1 1
 0.5 1 1 1 1
 0.5 1 1 1 1
 0.5 1 1 1 1
 0.5 1 1 1 1
 0.5 1 1 1 1
 0.5 1 1 1 1
 0.5 1 1 1 1
 0.5 1 1 1 1
 0.5 1 1 1 1
 0.5 1 1 1 1
 0.5 1 1 1 1
 0.5 1 1 1 1
 0.5 1 1 1 1
 0.5 1 1 1 1
 0.5 1 1 1 1
 0.5 1 1 1 1
 0.5 1 1 1 1
 0.5 1 1 1 1
 0.5 1 1 1 1
 0.5 1 1 1 1
 0.5 1 1 1 1
 0.5 1 1 1 1
 0.5 1 1 1 1
 0.5 1 1 1 1
 0.5 1 1 1 1
 0.5 1 1 1 1
 0.5 1 1 1 1
 0.5 1 1 1 1
Sel_reclas
 0.5 1 1 1 1
 0.5 1 1 1 1
 0.5 1 1 1 1
 0.5 1 1 1 1
 0.5 1 1 1 1
 0.5 1 1 1 1
 0.5 1 1 1 1
 0.5 1 1 1 1
 0.5 1 1 1 1
 0.5 1 1 1 1
 0.5 1 1 1 1
 0.5 1 1 1 1
 0.5 1 1 1 1
 0.5 1 1 1 1
 0.5 1 1 1 1
 0.5 1 1 1 1
 0.5 1 1 1 1
 0.5 1 1 1 1
 0.5 1 1 1 1
 0.5 1 1 1 1
 0.5 1 1 1 1
 0.5 1 1 1 1
 0.5 1 1 1 1
 0.5 1 1 1 1
 0.5 1 1 1 1
 0.5 1 1 1 1
 0.5 1 1 1 1
 0.5 1 1 1 1
 0.5 1 1 1 1
 0.5 1 1 1 1
 0.5 1 1 1 1
Sel_pelaces
 0.5 1 1 1 1
 0.5 1 1 1 1
 0.5 1 1 1 1
 0.5 1 1 1 1
 0.5 1 1 1 1
 0.5 1 1 1 1
 0.5 1 1 1 1
 0.5 1 1 1 1
 0.5 1 1 1 1
 0.5 1 1 1 1
 0.5 1 1 1 1
 0.5 1 1 1 1
 0.5 1 1 1 1
 0.5 1 1 1 1
 0.5 1 1 1 1
 0.5 1 1 1 1
 0.5 1 1 1 1
 0.5 1 1 1 1
 0.5 1 1 1 1
 0.5 1 1 1 1
 0.5 1 1 1 1
 0.5 1 1 1 1
 0.5 1 1 1 1
 0.5 1 1 1 1
 0.5 1 1 1 1
 0.5 1 1 1 1
 0.5 1 1 1 1
 0.5 1 1 1 1
 0.5 1 1 1 1
 0.5 1 1 1 1
 0.5 1 1 1 1
pf_obs 
 0.8446 0.082 0.0669 0.0065 0
 0.8095 0.147 0.0364 0.0071 0
 0.9664 0.0169 0.016 0.0007 0
 0.9276 0.0648 0.0075 0.0001 0
 0.7033 0.2144 0.0806 0.0017 0
 0.9318 0.0425 0.0243 0.0014 0
 0.5671 0.3108 0.0964 0.0239 0.0018
 0.0768 0.2599 0.5324 0.112 0.0189
 0.490249 0.384438 0.106611 0.0170017 0.00170017
 0.7925 0.1577 0.0466 0.003 0.0002
 0.840416 0.127587 0.0312969 0.00059994 9.999e-05
 0.8084 0.0986 0.0794 0.0134 0.0002
 0.7335 0.1905 0.0724 0.0035 0.0001
 0.4001 0.4547 0.1325 0.0127 0
 0.49795 0.308269 0.164784 0.0264974 0.00249975
 0.9179 0.0499 0.0305 0.0017 0
 0.2467 0.6533 0.0926 0.0074 0
 0.9418 0.0223 0.034 0.0019 0
 0.707729 0.231977 0.0356964 0.0245975 0
 0.517169 0.277429 0.184464 0.0207286 0.00020938
 0.811772 0.124168 0.05621 0.00726502 0.000585176
 0.764997 0.148141 0.077277 0.00933861 0.000247198
 0.163321 0.427699 0.378323 0.0303852 0.000271297
 0.753843 0.0900009 0.118128 0.0371064 0.000921714
 0.721811 0.176058 0.0630433 0.0369309 0.00215725
 0.143369 0.312575 0.442814 0.0836902 0.0175525
 0.692698 0.0596174 0.167031 0.0765114 0.00414204
 0.394062 0.376323 0.152708 0.0712218 0.00568511
 0.125707 0.32114 0.495352 0.0537591 0.00404204
 0.23352 0.215282 0.420074 0.123614 0.00750983
 0 0 0 0 0
pf_pred 
 0.650838 0.220712 0.0811955 0.0298702 0.0173837
 0.139032 0.687017 0.109958 0.0404513 0.0235417
 0.334686 0.171758 0.393837 0.0630341 0.0366844
 0.659457 0.17663 0.042316 0.0970293 0.0245676
 0.407424 0.484012 0.056309 0.0134902 0.0387646
 0.849032 0.0892513 0.0504097 0.00586455 0.00544231
 0.304867 0.642103 0.0313513 0.0177074 0.00397176
 0.21074 0.389478 0.369283 0.0180306 0.012468
 0.186321 0.286298 0.260248 0.246753 0.0203791
 0.66984 0.109585 0.0776107 0.0705488 0.0724152
 0.731805 0.22069 0.0157678 0.0111672 0.0205706
 0.532038 0.39742 0.0580471 0.00414735 0.00834787
 0.609289 0.283435 0.0911047 0.0133067 0.00286441
 0.523768 0.373156 0.0747747 0.0240349 0.00426621
 0.70877 0.215241 0.0595418 0.0119313 0.0045158
 0.832823 0.141696 0.0188322 0.00520951 0.00143901
 0.411318 0.541801 0.0397351 0.00528099 0.0018644
 0.799235 0.120361 0.0740015 0.00542718 0.000975947
 0.481509 0.464726 0.032233 0.0198179 0.00171478
 0.460599 0.363721 0.157463 0.0109215 0.00729591
 0.655394 0.225049 0.080618 0.0349013 0.00403785
 0.576462 0.34039 0.0543008 0.0194519 0.0093954
 0.246674 0.564642 0.151643 0.0241908 0.0128514
 0.62098 0.154687 0.168144 0.0451576 0.0110308
 0.510777 0.379477 0.0447898 0.0486864 0.0162694
 0.302083 0.479275 0.169595 0.0200173 0.0290299
 0.667035 0.157677 0.120374 0.0425953 0.0123186
 0.506479 0.398761 0.0448741 0.034258 0.0156283
 0.284972 0.487602 0.183758 0.020679 0.0229887
 0.391629 0.275388 0.227072 0.0855747 0.0203357
 0.759083 0.138511 0.0463558 0.0382228 0.0178278
pobs_RECLAS
 0 0 0 0 0
 0 0 0 0 0
 0 0 0 0 0
 0 0 0 0 0
 0 0 0 0 0
 0 0 0 0 0
 0 0 0 0 0
 0 0 0 0 0
 0 0 0 0 0
 0 0 0 0 0
 0.991045 0.00858322 0.000360255 1.14367e-05 0
 0.934742 0.0480273 0.0164251 0.00080598 0
 0.827803 0.169806 0.00239088 0 0
 0.941827 0.0461693 0.0120037 0 0
 0.791401 0.0380133 0.147996 0.0225897 0
 0.846168 0.0940531 0.0597789 0 0
 0.134021 0.677848 0.182769 0.00536245 0
 0.80878 0.0450904 0.141981 0.00414843 0
 0.846168 0.0940531 0.0597789 0 0
 0.905697 0.0802665 0.012482 0.00150086 5.37128e-05
 0.989698 0.0102097 9.19794e-05 0 0
 0.975433 0.0193895 0.00387452 0.00125025 5.28907e-05
 0.303575 0.632131 0.0575291 0.00676475 0
 0.966965 0.00978017 0.0227588 0.000495775 0
 0.843318 0.132988 0.00938335 0.0141283 0.000182051
 0.564624 0.303363 0.111486 0.0197234 0.00080311
 0.826376 0.0876187 0.0782897 0.00655872 0.00115652
 0.89761 0.0855135 0.0140674 0.00269457 0.000114338
 0.34875 0.467042 0.161289 0.0227151 0.000203297
 0.318654 0.224769 0.449479 0.00709798 0
 0.937255 0.0296025 0.0250945 0.00804832 0
ppred_RECLAS
 0.652901 0.219409 0.0807159 0.0296937 0.0172811
 0.140487 0.685856 0.109772 0.0403829 0.0235019
 0.337143 0.171124 0.392382 0.0628013 0.0365489
 0.66509 0.173709 0.0416161 0.0954245 0.0241612
 0.409316 0.482467 0.0561292 0.0134471 0.0386408
 0.850555 0.0883512 0.0499013 0.00580541 0.00538743
 0.308662 0.638597 0.0311801 0.0176107 0.00395008
 0.211139 0.389281 0.369096 0.0180215 0.0124617
 0.188352 0.285584 0.259598 0.246138 0.0203282
 0.675132 0.107828 0.0763667 0.0694181 0.0712545
 0.732742 0.219918 0.0157127 0.0111281 0.0204987
 0.538802 0.391675 0.057208 0.0040874 0.0082272
 0.61569 0.278792 0.0896123 0.0130888 0.00281748
 0.536621 0.363085 0.0727567 0.0233862 0.00415107
 0.713615 0.211661 0.0585513 0.0117328 0.00444068
 0.836524 0.13856 0.0184153 0.00509418 0.00140715
 0.413994 0.539338 0.0395544 0.00525698 0.00185593
 0.801389 0.119069 0.0732076 0.00536896 0.000965477
 0.486144 0.460571 0.0319449 0.0196407 0.00169945
 0.464664 0.36098 0.156276 0.0108392 0.00724092
 0.658074 0.223299 0.0799911 0.0346299 0.00400645
 0.580327 0.337284 0.0538053 0.0192744 0.00930967
 0.248169 0.563521 0.151342 0.0241428 0.0128258
 0.622958 0.15388 0.167267 0.044922 0.0109732
 0.512658 0.378019 0.0446176 0.0484992 0.0162069
 0.303315 0.478429 0.169296 0.019982 0.0289786
 0.668723 0.156877 0.119764 0.0423794 0.0122562
 0.508153 0.397408 0.0447219 0.0341418 0.0155753
 0.286113 0.486824 0.183465 0.020646 0.0229521
 0.393454 0.274562 0.226391 0.085318 0.0202747
 0.75993 0.138024 0.0461929 0.0380884 0.0177651
pobs_PELACES
 0 0 0 0 0
 0 0 0 0 0
 0 0 0 0 0
 0 0 0 0 0
 0 0 0 0 0
 0 0 0 0 0
 0 0 0 0 0
 0 0 0 0 0
 0 0 0 0 0
 0 0 0 0 0
 0 0 0 0 0
 0 0 0 0 0
 0 0 0 0 0
 0 0 0 0 0
 0 0 0 0 0
 0 0 0 0 0
 0.505614 0.472636 0.0217494 0 0
 0 0 0 0 0
 0.443492 0.261883 0.143347 0.151278 0
 0.227955 0.32914 0.350689 0.0885471 0.00366901
 0.970185 0.0296113 0.000203453 0 0
 0.997202 0.00247181 0.000326279 0 0
 0.445219 0.490057 0.0546422 0.010081 0
 0.90214 0.0892962 0.00764917 0.000914606 0
 0 0 0 0 0
 0.581667 0.319106 0.0959925 0.00289975 0.000334073
 0.762889 0.0836404 0.116647 0.0363945 0.000428098
 0.88444 0.0763242 0.0277011 0.0115352 0
 0.521256 0.241999 0.230069 0.00667565 0
 0.616807 0.101726 0.260614 0.0208532 0
 0 0 0 0 0
ppred_PELACES
 0.660137 0.214834 0.0790331 0.0290746 0.0169208
 0.145547 0.681818 0.109126 0.0401452 0.0233636
 0.345695 0.168916 0.38732 0.0619911 0.0360774
 0.68186 0.16501 0.0395322 0.0906462 0.0229514
 0.416123 0.476907 0.0554824 0.0132921 0.0381956
 0.855664 0.0853309 0.0481954 0.00560695 0.00520326
 0.321065 0.62714 0.0306207 0.0172948 0.00387921
 0.212686 0.388518 0.368372 0.0179861 0.0124373
 0.195317 0.283133 0.257371 0.244026 0.0201538
 0.691028 0.102552 0.0726301 0.0660215 0.067768
 0.736224 0.217053 0.015508 0.0109831 0.0202317
 0.558886 0.374619 0.0547168 0.0039094 0.00786893
 0.63457 0.265095 0.0852098 0.0124457 0.00267907
 0.569446 0.337365 0.0676027 0.0217296 0.00385702
 0.728169 0.200904 0.0555757 0.0111365 0.004215
 0.847202 0.129509 0.0172124 0.00476144 0.00131524
 0.42327 0.530801 0.0389283 0.00517377 0.00182655
 0.808504 0.114804 0.070585 0.00517662 0.000930889
 0.500992 0.447262 0.0310218 0.0190732 0.00165034
 0.477977 0.352003 0.15239 0.0105696 0.00706085
 0.667162 0.217364 0.0778649 0.0337094 0.00389995
 0.592946 0.327142 0.0521874 0.0186948 0.00902974
 0.253568 0.559474 0.150255 0.0239694 0.0127337
 0.629963 0.151021 0.164159 0.0440873 0.0107693
 0.519424 0.37277 0.0439981 0.0478259 0.0159819
 0.307871 0.4753 0.168189 0.0198513 0.0287891
 0.674755 0.154021 0.117583 0.0416077 0.012033
 0.51424 0.39249 0.0441684 0.0337192 0.0153825
 0.290349 0.483935 0.182377 0.0205235 0.0228159
 0.400036 0.271583 0.223934 0.0843922 0.0200547
 0.76308 0.136213 0.0455868 0.0375887 0.017532
pobs_pel_tallas
 0 0 0 0 0 0 0 0 0 0 0 0 0 0 0 0 0 0 0 0 0 0 0 0 0 0
 0 0 0 0 0 0 0 0 0 0 0 0 0 0 0 0 0 0 0 0 0 0 0 0 0 0
 0 0 0 0 0 0 0 0 0 0 0 0 0 0 0 0 0 0 0 0 0 0 0 0 0 0
 0 0 0 0 0 0 0 0 0 0 0 0 0 0 0 0 0 0 0 0 0 0 0 0 0 0
 0 0 0 0 0 0 0 0 0 0 0 0 0 0 0 0 0 0 0 0 0 0 0 0 0 0
 0 0 0 0 0 0 0 0 0 0 0 0 0 0 0 0 0 0 0 0 0 0 0 0 0 0
 0 0 0 0 0 0 0 0 0 0 0 0 0 0 0 0 0 0 0 0 0 0 0 0 0 0
 0 0 0 0 0 0 0 0 0 0 0 0 0 0 0 0 0 0 0 0 0 0 0 0 0 0
 0 0 0 0 0 0 0 0 0 0 0 0 0 0 0 0 0 0 0 0 0 0 0 0 0 0
 0 0 0 0 0 0 0 0 0 0 0 0 0 0 0 0 0 0 0 0 0 0 0 0 0 0
 0 0 0 0 0 0 0 0 0 0 0 0 0 0 0 0 0 0 0 0 0 0 0 0 0 0
 0 0 0 0 0 0 0 0 0 0 0 0 0 0 0 0 0 0 0 0 0 0 0 0 0 0
 0.00862536 0 0 0.000197151 0.00414017 0.0128641 0.00837892 0.0270097 0.101434 0.158115 0.152841 0.127902 0.109271 0.109419 0.0830992 0.0579132 0.0238553 0.00714673 0.00463305 0.00128148 0.00103504 0.000492878 0.000147863 0.000147863 4.92878e-05 0
 0 0 0 0 0 0 0 0 0 0 0 0 0 0 0 0 0 0 0 0 0 0 0 0 0 0
 0 0 0 0 0 0 0 0.0054083 0.00873648 0.0413646 0.0450493 0.0745869 0.0622846 0.0627006 0.0613931 0.0827291 0.12552 0.122667 0.0946155 0.0697135 0.0546179 0.0294188 0.0215738 0.0213955 0.0102223 0.00600262
 0 0 0 0 0.00359764 0.0251062 0.0480494 0.140153 0.205849 0.193036 0.1447 0.116669 0.0760912 0.0342217 0.00950174 0.001854 0.000860785 0 0 0 0.000165536 0 0.000143464 0 0 0
 0 0 0 0 0 0 0 0.000145254 0.000435761 0.0275982 0.070085 0.0708112 0.156366 0.174668 0.174014 0.160142 0.0824315 0.0480064 0.0283245 0.00493863 0.00203355 0 0 0 0 0
 0 0 0 0 0 0 0 0 0 0 0 0 0 0 0 0 0 0 0 0 0 0 0 0 0 0
 0 0 1.00437e-05 0.000401748 0.00122533 0.00171747 0.00176769 0.0269171 0.070346 0.194647 0.189555 0.159765 0.064822 0.0314167 0.0384472 0.0292271 0.0345202 0.0313363 0.0194345 0.0106764 0.0143323 0.0359363 0.0279516 0.0138201 0.00172751 0
 0 0.0021121 0.0136068 0.0755702 0.200478 0.177729 0.0527432 0.0373336 0.0318909 0.0142505 0.0149659 0.0166563 0.0217959 0.0798694 0.0677717 0.0528807 0.04013 0.0224614 0.0357745 0.0225083 0.00881397 0.00855152 0.00135912 0.000746735 0 0
 0 0 0 0 5.4009e-05 0.00500934 0.000945158 0.0243581 0.138947 0.33067 0.221406 0.137944 0.0707744 0.0437923 0.0131692 0.00525238 0.0047753 0.00276346 9.45158e-05 9.00151e-06 2.25038e-05 9.00151e-06 4.50075e-06 0 0 0
 0.000866109 0.00284123 0.00948549 0.0512746 0.133035 0.25785 0.225252 0.132002 0.0553304 0.0519788 0.0540692 0.017754 0.00435017 0.00159236 0.00146478 0.000404838 0.000125132 0.000115318 0.000107957 0.000100596 0 0 0 0 0 0
 0 0 0 0 0.00144013 0.00171154 0.00461396 0.0210425 0.0478622 0.0707936 0.0888783 0.103762 0.0637923 0.0337046 0.0602308 0.124433 0.169614 0.0934646 0.0462172 0.0250306 0.0313229 0.00938855 0.002487 0.000210481 0 0
 0 0.00764035 0.051015 0.0998891 0.058973 0.0496711 0.0374665 0.0718981 0.12319 0.153886 0.159021 0.0857701 0.0377988 0.023471 0.0147837 0.00900784 0.00315554 0.000888139 0.00291439 0.00214683 0.00393193 0.00274676 0.000635225 9.99891e-05 0 0
 0 0 0 0 0 0 0 0 0 0 0 0 0 0 0 0 0 0 0 0 0 0 0 0 0 0
 0 0 0 0 0 0 0 0 0 0 0 0 0 0 0 0 0 0 0 0 0 0 0 0 0 0
 0 0 0 0 0 0 0 0 0 0 0 0 0 0 0 0 0 0 0 0 0 0 0 0 0 0
 0 0 0 0 0 0 0 0 0 0 0 0 0 0 0 0 0 0 0 0 0 0 0 0 0 0
 0 0 0 0 0 0 0 0 0 0 0 0 0 0 0 0 0 0 0 0 0 0 0 0 0 0
 0 0 0 0 0 0 0 0 0 0 0 0 0 0 0 0 0 0 0 0 0 0 0 0 0 0
 0 0 0 0 0 0 0 0 0 0 0 0 0 0 0 0 0 0 0 0 0 0 0 0 0 0
ppred_pel_tallas
 1.08115e-16 5.43747e-05 0.000528541 0.00351234 0.0159666 0.0496782 0.105845 0.154489 0.15451 0.105947 0.0500197 0.0169542 0.00599556 0.0059638 0.0104195 0.0172526 0.0251161 0.0321577 0.0365265 0.0373869 0.0353859 0.0321267 0.0290848 0.0268391 0.0250806 0.0231594
 1.11304e-16 1.19886e-05 0.000116534 0.000774412 0.00352041 0.0109536 0.0233403 0.0340797 0.0341454 0.0236616 0.0120324 0.00663674 0.00859842 0.0172018 0.0324762 0.0537149 0.0774853 0.0976793 0.108077 0.105838 0.0931862 0.0758641 0.0596241 0.0475125 0.0395109 0.0339582
 1.23543e-16 2.84745e-05 0.000276782 0.00183931 0.00836126 0.0260151 0.0554285 0.080903 0.0809199 0.0555112 0.0262945 0.00917581 0.0039125 0.00489729 0.00908198 0.0156979 0.0243157 0.0341532 0.0443447 0.0543913 0.0641585 0.0733153 0.0807747 0.0848054 0.0838661 0.0775318
 1.14158e-16 5.61639e-05 0.000545934 0.00362792 0.016492 0.0513129 0.109328 0.159571 0.159587 0.109406 0.0515751 0.0172502 0.00553459 0.00472014 0.00802066 0.0132735 0.0193732 0.0249475 0.0286871 0.0301155 0.0299165 0.0294506 0.029816 0.0311739 0.0327633 0.0334555
 1.0952e-16 3.42756e-05 0.000333171 0.00221404 0.0100647 0.0313154 0.0667224 0.0973929 0.0974389 0.0669469 0.0320693 0.0122421 0.00767903 0.0122619 0.0226855 0.0374417 0.0539201 0.0677936 0.0746886 0.0726342 0.0632669 0.050746 0.03927 0.0311059 0.0262658 0.0234667
 1.02856e-16 7.04799e-05 0.00068509 0.00455266 0.0206957 0.0643922 0.137195 0.200241 0.20025 0.137235 0.0645283 0.0210897 0.00554433 0.00285915 0.00422651 0.0069465 0.0101651 0.0131283 0.0151091 0.0157606 0.0152869 0.0142369 0.0131011 0.0120485 0.0109669 0.00968515
 1.03435e-16 2.64459e-05 0.000257063 0.00170828 0.00776563 0.0241621 0.0514821 0.0751522 0.0752126 0.0517769 0.0251519 0.0106234 0.0088772 0.0158924 0.0296781 0.048911 0.0701967 0.0877341 0.095633 0.0911926 0.0765487 0.0572988 0.0392458 0.0257618 0.0172755 0.0124357
 1.14639e-16 1.75188e-05 0.000170289 0.00113163 0.00514425 0.0160059 0.0341036 0.0497832 0.0498211 0.0342892 0.0166304 0.00695433 0.00569852 0.0102169 0.0193233 0.0325036 0.0481813 0.0634129 0.0750927 0.0816112 0.0835073 0.0825099 0.0798886 0.0756194 0.0689282 0.0594546
 1.35383e-16 1.6088e-05 0.000156381 0.00103921 0.00472412 0.0146986 0.031318 0.0457153 0.0457431 0.0314536 0.0151552 0.0060486 0.00438548 0.00753409 0.0142452 0.0241059 0.0361181 0.0484304 0.0592116 0.0678018 0.0750258 0.0822355 0.0898389 0.0965758 0.100099 0.0983242
 1.20212e-16 5.69191e-05 0.000553274 0.0036767 0.0167137 0.0520027 0.110798 0.161715 0.161725 0.110847 0.0521675 0.0171915 0.00488261 0.00320841 0.00516796 0.00863937 0.0128938 0.0172172 0.0209725 0.0240095 0.026789 0.0300141 0.0340229 0.0384167 0.042177 0.0441431
 1.05029e-16 6.06419e-05 0.000589461 0.00391717 0.0178069 0.055404 0.118045 0.172294 0.172315 0.118147 0.0557469 0.018797 0.00640158 0.00601047 0.0103493 0.016997 0.0244445 0.0306783 0.0337049 0.0326432 0.0282762 0.0225514 0.0174314 0.0139688 0.0121392 0.0112799
 1.03399e-16 4.60348e-05 0.000447474 0.00297363 0.0135177 0.0420588 0.089612 0.130799 0.130835 0.0897884 0.0426512 0.0152288 0.00726863 0.00982344 0.0178524 0.0294397 0.0424007 0.0533093 0.058696 0.0569491 0.049262 0.038805 0.0288201 0.0211271 0.0158985 0.0123902
 1.04229e-16 5.22688e-05 0.000508071 0.00337631 0.0153482 0.0477542 0.101746 0.148507 0.148533 0.101872 0.048175 0.0165645 0.00643293 0.0071926 0.0127822 0.0211395 0.0306578 0.0389904 0.0437624 0.0438506 0.039999 0.0342123 0.0284534 0.0236937 0.0198787 0.0165183
 1.0487e-16 4.69046e-05 0.000455929 0.00302981 0.0137731 0.0428534 0.0913049 0.133269 0.133302 0.091464 0.0433876 0.0153165 0.00690574 0.00892284 0.016144 0.0266596 0.0385047 0.0486431 0.0540055 0.0531728 0.0471987 0.0388412 0.0308526 0.024674 0.0202964 0.0169761
 1.03486e-16 5.99783e-05 0.000583011 0.00387431 0.0176121 0.0547978 0.116753 0.170409 0.170428 0.116848 0.0551164 0.0185329 0.00618786 0.00564059 0.00968604 0.0159725 0.0231303 0.0293531 0.0328335 0.0327281 0.02963 0.0251081 0.0207048 0.0171929 0.0145277 0.01229
 1.0123e-16 6.97829e-05 0.000678315 0.00450764 0.0204911 0.0637554 0.135838 0.198262 0.198275 0.135899 0.0639602 0.0210825 0.0059921 0.00391866 0.00622313 0.0101759 0.014648 0.0184117 0.0202659 0.0196572 0.0170042 0.0134091 0.00999531 0.00738741 0.00563295 0.00445889
 1.02088e-16 3.48643e-05 0.000338894 0.00225207 0.0102376 0.0318533 0.0678687 0.0990671 0.0991182 0.0681184 0.0326914 0.0126575 0.00832341 0.0135827 0.0251578 0.0414581 0.0595353 0.0744789 0.0813019 0.0776959 0.065419 0.0491399 0.0337085 0.0219595 0.0143022 0.00969887
 1.02744e-16 6.65954e-05 0.000647331 0.00430174 0.0195551 0.0608433 0.129633 0.189206 0.189217 0.129688 0.0610266 0.0200856 0.00563743 0.00357646 0.00566845 0.00936681 0.0137212 0.0177407 0.0204427 0.0213421 0.0206811 0.019158 0.0174009 0.0156357 0.0137532 0.0116042
 1.03202e-16 4.12662e-05 0.000401122 0.0026656 0.0121175 0.0377021 0.0803299 0.117253 0.117296 0.0805403 0.0384084 0.0141567 0.00778215 0.011563 0.0212173 0.0349534 0.0502135 0.0628669 0.0687356 0.0659059 0.0558876 0.0426248 0.0301784 0.0208658 0.014925 0.0113688
 1.06743e-16 3.93704e-05 0.000382694 0.00254314 0.0115608 0.03597 0.0766392 0.111864 0.111898 0.0768058 0.03653 0.0131801 0.00661544 0.00929762 0.0170436 0.0283043 0.0412104 0.0527366 0.0597837 0.0608586 0.0568557 0.0502459 0.0433913 0.0373746 0.0320423 0.0268262
 1.06344e-16 5.49533e-05 0.000534166 0.00354972 0.0161365 0.0502068 0.106972 0.156133 0.156154 0.107075 0.0505523 0.0171354 0.00606111 0.00603024 0.0105336 0.0174342 0.0253628 0.0324326 0.0367541 0.0374605 0.0351857 0.0315379 0.0280138 0.0252283 0.0229274 0.0205349
 1.04993e-16 4.88402e-05 0.000474744 0.00315484 0.0143415 0.0446219 0.0950727 0.138768 0.1388 0.0952269 0.0451395 0.0158367 0.00690864 0.00867167 0.0156235 0.0257708 0.0371663 0.0468414 0.0518042 0.050685 0.044546 0.0361385 0.0282254 0.0222793 0.0183101 0.0155439
 1.09038e-16 2.08862e-05 0.000203021 0.00134915 0.00613307 0.0190825 0.0406594 0.0593548 0.0594089 0.0409235 0.0199696 0.00869669 0.00778967 0.0142808 0.0268103 0.0444283 0.0643215 0.0815601 0.0911015 0.0905843 0.0816623 0.0687279 0.0561245 0.046066 0.0384868 0.0322545
 1.1102e-16 5.18893e-05 0.000504382 0.0033518 0.0152368 0.0474074 0.101007 0.147426 0.147441 0.101079 0.0476512 0.0159439 0.00513824 0.00444257 0.00764422 0.0128519 0.0192047 0.0256157 0.0309847 0.0347794 0.0372356 0.0389333 0.0401326 0.0404788 0.0392976 0.0361603
 1.08866e-16 4.27843e-05 0.000415879 0.00276366 0.0125632 0.0390891 0.0832847 0.121564 0.1216 0.0834603 0.0396786 0.014266 0.00703828 0.00974878 0.0177726 0.0293298 0.0422916 0.053299 0.0589799 0.0578412 0.0511875 0.0422438 0.0341926 0.0286384 0.0253965 0.0233117
 1.11838e-16 2.5359e-05 0.000246499 0.00163807 0.00744647 0.023169 0.0493656 0.0720602 0.0721062 0.0495904 0.023924 0.00962923 0.00712498 0.0122506 0.0229 0.0380191 0.0552358 0.0704473 0.0794579 0.0803045 0.0743403 0.0651263 0.0560851 0.0488083 0.0430209 0.0376778
 1.09642e-16 5.55787e-05 0.000540245 0.00359012 0.0163202 0.0507782 0.108189 0.157908 0.157923 0.108262 0.0510251 0.0170356 0.00539404 0.00450502 0.00766456 0.0127916 0.0189134 0.0248258 0.0293288 0.0318714 0.0328082 0.0329832 0.0329991 0.0328007 0.0318502 0.0296372
 1.0736e-16 4.23574e-05 0.000411729 0.00273608 0.0124379 0.038699 0.0824537 0.120352 0.120389 0.0826385 0.0393195 0.01423 0.00723443 0.0102312 0.0186904 0.0308317 0.0444152 0.0558787 0.0616354 0.0600747 0.0525443 0.0424469 0.0331902 0.0265722 0.022539 0.020006
 1.11307e-16 2.39158e-05 0.00023247 0.00154485 0.00702267 0.0218504 0.0465563 0.0679601 0.0680069 0.0467852 0.0226194 0.00924624 0.00713507 0.012465 0.0233407 0.0387712 0.0563675 0.0719676 0.0813057 0.0823696 0.0764954 0.0672407 0.0580164 0.0503962 0.0441106 0.03817
 1.18389e-16 3.29505e-05 0.00032029 0.00212844 0.00967561 0.0301046 0.0641419 0.0936226 0.0936491 0.0642715 0.0305407 0.0109393 0.00531615 0.0073312 0.013502 0.0226752 0.0336191 0.0443056 0.052666 0.0577506 0.060161 0.0613002 0.0620935 0.0622892 0.0608198 0.0567436
 1.08087e-16 6.28539e-05 0.000610962 0.00406006 0.0184564 0.0574249 0.12235 0.178577 0.17859 0.122415 0.0576415 0.0190827 0.00563505 0.0040591 0.00664136 0.0109607 0.0159791 0.0205236 0.0234595 0.0243124 0.0235517 0.0222303 0.0212644 0.020921 0.0208277 0.0203629
pSPR Fmed_Fpbrs
0.690458   0.285935 0.285935
Fs Fmed_Fpbrs
0.238138   1.005 1.005
SSBpbr Bo_Bmed_Bpbrs
1.95157e+06  1.2499e+06  460446 460446
Ro
193308
SPR SPRFo_SPRFmed_SPRFpbrs
1.37648e+06 950402 393585
Fref
1.005
log_Ro
11.992
likeval ReclasPelacesDesembMPH_pf_preclas_ppelaces_ptallas_desvR_qrecl_qpela
 17.8258 19.2859 0.765225 0.00307548 241.932 142.712 87.7952 0 32.4323 0 0 3.51975 0 0 0
q_reclas_q_pelaces
1 1
M
1
N
 482653 85139 31320.9 11522.3 6705.71
 61996.6 161104 25784.9 9485.73 5520.47
 74858.2 20124.9 46145.8 7385.69 4298.3
 167413 24541 5879.38 13481.2 3413.42
 79480.1 48878.3 5686.4 1362.31 3914.67
 486066 26853.8 15167.2 1764.52 1637.47
 140020 158031 7716.02 4358.05 977.51
 46287.1 43273.5 41029.7 2003.31 1385.28
 20402.3 16556.6 15050.1 14269.8 1178.52
 73387.5 6550.29 4639.08 4216.97 4328.52
 140169 21611.2 1544.08 1093.55 2014.4
 118853 48849.3 7134.93 509.776 1026.09
 133673 34194.6 10991.2 1605.37 345.572
 93105.6 38521.4 7719.1 2481.16 440.407
 138388 22900.8 6335.01 1269.44 480.463
 437191 40887.8 5434.19 1503.25 415.239
 182756 126121 9249.58 1229.32 433.998
 752776 59898.3 36827.4 2700.88 485.687
 465727 241394 16742.9 10294.1 890.716
 339764 143104 61952.7 4296.99 2870.53
 589153 106307 38081.9 16486.5 1907.37
 609382 191614 30567.3 10949.9 5288.9
 161462 191472 51422.7 8203.21 4357.95
 421284 54446.5 59183.2 15894.5 3882.59
 368465 141540 16706 18159.4 6068.27
 153258 124867 44185.1 5215.17 7563.23
 432103 52829.1 40331 14271.4 4127.32
 360617 146316 16465.4 12570.1 5734.41
 140378 123222 46437.8 5225.83 5809.51
 133358 48510.2 39999.1 15074.1 3582.17
 484138 45137 15106.1 12455.8 5809.6
pred_Ctot
 28498.6 9664.45 3555.35 1307.94 761.191
 4656.45 23009.6 3682.71 1354.79 788.459
 5199.92 2668.56 6118.93 979.342 569.954
 22253.8 5960.49 1427.98 3274.31 829.048
 4127.26 4903.11 570.418 136.657 392.691
 36073.1 3792.05 2141.77 249.169 231.229
 14356.4 30237 1476.35 833.852 187.033
 811.935 1500.57 1422.76 69.4679 48.0364
 1659.79 2550.41 2318.34 2198.13 181.541
 9424.94 1541.91 1092.02 992.653 1018.91
 4687.25 1413.53 100.994 71.5262 131.756
 16704.7 12478 1822.54 130.217 262.103
 18674.6 8687.24 2792.35 407.849 87.7937
 20150.1 14355.8 2876.69 924.657 164.127
 17531.6 5324.04 1472.78 295.122 111.699
 60838.1 10351 1375.7 380.557 105.12
 12720.9 16756.3 1228.89 163.326 57.6605
 61750.7 9299.33 5717.53 419.316 75.4039
 49220.7 47505.1 3294.92 2025.82 175.288
 32532.7 25690.1 11121.8 771.4 515.32
 43605.4 14973.2 5363.78 2322.1 268.651
 56927.6 33614.7 5362.39 1920.94 927.828
 8569.98 19616.9 5268.4 840.442 446.484
 23268.9 5796.32 6300.59 1692.11 413.337
 18481.4 13730.6 1620.63 1761.62 588.676
 6135.15 9733.82 3444.39 406.541 589.581
 21877.9 5171.59 3948.12 1397.07 404.035
 16320.9 12849.8 1446.03 1103.94 503.609
 5409.47 9255.87 3488.18 392.538 436.382
 6786.42 4772.12 3934.86 1482.9 352.391
 15736.5 2871.46 960.999 792.393 369.586
F
 0.0972482 0.194496 0.194496 0.194496 0.194496
 0.125122 0.250244 0.250244 0.250244 0.250244
 0.115253 0.230506 0.230506 0.230506 0.230506
 0.231133 0.462266 0.462266 0.462266 0.462266
 0.0850999 0.1702 0.1702 0.1702 0.1702
 0.123554 0.247108 0.247108 0.247108 0.247108
 0.174248 0.348496 0.348496 0.348496 0.348496
 0.0280766 0.0561532 0.0561532 0.0561532 0.0561532
 0.136136 0.272271 0.272271 0.272271 0.272271
 0.222542 0.445083 0.445083 0.445083 0.445083
 0.0541053 0.108211 0.108211 0.108211 0.108211
 0.245823 0.491647 0.491647 0.491647 0.491647
 0.244185 0.488369 0.488369 0.488369 0.488369
 0.402562 0.805125 0.805125 0.805125 0.805125
 0.21923 0.438461 0.438461 0.438461 0.438461
 0.243127 0.486254 0.486254 0.486254 0.486254
 0.115501 0.231002 0.231002 0.231002 0.231002
 0.137336 0.274673 0.274673 0.274673 0.274673
 0.18003 0.36006 0.36006 0.36006 0.36006
 0.161916 0.323832 0.323832 0.323832 0.323832
 0.123202 0.246405 0.246405 0.246405 0.246405
 0.157702 0.315404 0.315404 0.315404 0.315404
 0.0870529 0.174106 0.174106 0.174106 0.174106
 0.0907258 0.181452 0.181452 0.181452 0.181452
 0.0820972 0.164194 0.164194 0.164194 0.164194
 0.0650639 0.130128 0.130128 0.130128 0.130128
 0.0828991 0.165798 0.165798 0.165798 0.165798
 0.0738256 0.147651 0.147651 0.147651 0.147651
 0.0625671 0.125134 0.125134 0.125134 0.125134
 0.0833357 0.166671 0.166671 0.166671 0.166671
 0.0525573 0.105115 0.105115 0.105115 0.105115
nmprior
 8 9 7.5 0
nm_flota  nm_reclas  nm_pelaces    nm_pelaL
inf 6.94167 7.49191 11.2076
cv_recla  cv_pelaces  cv_mph
0.3819 0.516754 1.71144
 ------------------------------------------------
Talla a la edad & desviación 
 8 13.2811 15.8009 17.003 17.5766
 0.8 1.32811 1.58009 1.7003 1.75766
