years
 1991 1992 1993 1994 1995 1996 1997 1998 1999 2000 2001 2002 2003 2004 2005 2006 2007 2008 2009 2010 2011 2012 2013 2014 2015 2016 2017 2018 2019 2020 2021
reclasobs
 0 0 0 0 0 0 0 0 0 252601 567819 844713 477998 351125 339783 2.1784e+06 2.13404e+06 4.81314e+06 1.55562e+06 2.62356e+06 3.21686e+06 3.843e+06 1.13348e+06 3.07943e+06 1.97215e+06 2.03268e+06 2.025e+06 2.42433e+06 2.27542e+06 1.05018e+06 2.36338e+06
reclaspred
 2.78809e+06 2.16652e+06 1.22109e+06 1.06182e+06 1.29871e+06 1.60693e+06 1.10631e+06 1.02559e+06 792285 632937 542608 682697 685116 569281 640015 1.19362e+06 1.79655e+06 2.54658e+06 2.27056e+06 1.92552e+06 3.34276e+06 2.59669e+06 2.5276e+06 3.12299e+06 2.75643e+06 2.64194e+06 2.67345e+06 2.54871e+06 2.8015e+06 2.03257e+06 3.09479e+06
pelacesobs
 0 0 0 0 0 0 0 0 0 0 0 0 0 0 0 552880 188675 0 991730 2.46772e+06 1.41603e+06 1.21717e+06 2.29649e+06 1.80582e+06 0 1.4828e+06 1.56532e+06 1.57751e+06 1.42118e+06 867257 0
pelacespred
 1.20807e+06 1.0455e+06 620169 475629 581747 712378 495800 526865 417241 308121 287882 287551 309614 277110 328577 511300 754206 1.13588e+06 1.12395e+06 899061 1.37789e+06 1.29441e+06 1.19654e+06 1.5803e+06 1.43176e+06 1.30656e+06 1.48844e+06 1.46597e+06 1.29829e+06 1.05326e+06 1.52645e+06
mphobs
 0 0 0 0 0 0 0 0 0 0 0 498337 0 5186 125008 0 168611 109162 213762 579715 649985 157893 87575 83554 0 0 0 0 0 0 0
mphpred
 2.1259e+06 2.25485e+06 1.30474e+06 759661 950810 1.15725e+06 1.17764e+06 738499 753194 578617 400649 511464 527688 461067 375904 573278 1.30064e+06 1.55249e+06 1.93597e+06 1.62077e+06 1.98123e+06 2.3271e+06 2.125e+06 1.94263e+06 2.58057e+06 2.15287e+06 1.93105e+06 1.98493e+06 2.50631e+06 1.83833e+06 1.35646e+06
desembarqueobs
 494567 514787 250237 358949 120608 361735 552515 73892 212993 205616 52469 317467 293654 387597 252695 516296 358380 742168 942051 627588 828172 859565 418607 520667 417249 300574 407403 355545 319650 289779 219260
desembarquepred
 494354 508182 253108 359162 120526 361659 552471 73854.9 213014 205633 52461.7 317896 293906 387421 252506 516435 358470 742452 942352 628150 828792 859738 418708 521336 417620 300828 407635 355520 319556 289942 219466
Reclutas
 483635 87166.5 107312 272105 234494 226275 112675 84228.8 65004.6 76990.2 129550 161930 142726 114335 142324 519887 202860 595098 522488 430551 527038 682176 208973 466932 404285 225528 417666 419442 169035 192263 830998
log_desv_Rt
 0.721295 -0.992215 -0.784298 0.146153 -0.00260409 -0.0382825 -0.735527 -1.0265 -1.28558 -1.11636 -0.595971 -0.372868 -0.499111 -0.7209 -0.501929 0.793576 -0.147516 0.928691 0.798566 0.605032 0.807239 1.06525 -0.11783 0.686148 0.542084 -0.0415903 0.574647 0.57889 -0.329926 -0.201168 1.26259
SSB
 2.1259e+06 2.25485e+06 1.30474e+06 759661 950810 1.15725e+06 1.17764e+06 738499 753194 578617 400649 511464 527688 461067 375904 573278 1.30064e+06 1.55249e+06 1.93597e+06 1.62077e+06 1.98123e+06 2.3271e+06 2.125e+06 1.94263e+06 2.58057e+06 2.15287e+06 1.93105e+06 1.98493e+06 2.50631e+06 1.83833e+06 1.35646e+06
BT
 3.72345e+06 2.994e+06 1.75149e+06 1.78135e+06 1.71793e+06 2.4006e+06 1.78029e+06 1.65955e+06 1.3884e+06 1.0593e+06 930576 1.14507e+06 1.21664e+06 1.31783e+06 1.42154e+06 2.27735e+06 2.40482e+06 4.34344e+06 4.34985e+06 3.15979e+06 4.99606e+06 4.57519e+06 3.62289e+06 5.70013e+06 4.23078e+06 3.92376e+06 5.20113e+06 4.97983e+06 3.49978e+06 3.14664e+06 5.68107e+06
Ftot
 0.167983 0.220729 0.195571 0.316829 0.0884584 0.212397 0.459211 0.0687499 0.252812 0.303918 0.0921878 0.431272 0.39848 0.620262 0.369149 0.404155 0.188652 0.274128 0.386073 0.305611 0.233682 0.309994 0.156964 0.158421 0.14375 0.108348 0.144816 0.13262 0.108477 0.135431 0.0677729
BD_Bspro_t
 0.973481 0.851228 0.711881 0.634348 0.681447 0.763446 0.709801 0.568691 0.663752 0.641996 0.61566 0.741362 0.631055 0.55113 0.485256 0.578684 0.673683 0.695333 0.692532 0.625041 0.62632 0.657964 0.66828 0.68562 0.765847 0.775233 0.792969 0.813689 0.839694 0.796396 0.79691
BD_Bspro
 1.26987 1.3469 0.779365 0.453771 0.567951 0.691262 0.703443 0.44113 0.449908 0.345627 0.239321 0.305515 0.315206 0.275411 0.22454 0.342438 0.776915 0.927352 1.15642 0.968139 1.18346 1.39006 1.26933 1.1604 1.54146 1.28598 1.15348 1.18567 1.4971 1.09809 0.810261
BD_Bo
 1.01372 1.07521 0.622155 0.362238 0.453386 0.551824 0.561548 0.352147 0.359154 0.275909 0.191046 0.243887 0.251624 0.219856 0.179247 0.273363 0.620199 0.74029 0.923151 0.772851 0.944734 1.10966 1.01329 0.926328 1.23052 1.02658 0.920808 0.946499 1.19511 0.876592 0.646819
BD_Brms
 4.29658 4.55721 2.63697 1.53533 1.92165 2.33888 2.38009 1.49256 1.52226 1.16942 0.809739 1.0337 1.06649 0.931848 0.759729 1.15864 2.62868 3.13768 3.91272 3.27569 4.00421 4.70324 4.29477 3.92619 5.21551 4.3511 3.9028 4.01169 5.06543 3.71539 2.74151
Sel_flota
 0.5 1 1 1 1
 0.5 1 1 1 1
 0.5 1 1 1 1
 0.5 1 1 1 1
 0.5 1 1 1 1
 0.5 1 1 1 1
 0.5 1 1 1 1
 0.5 1 1 1 1
 0.5 1 1 1 1
 0.5 1 1 1 1
 0.5 1 1 1 1
 0.5 1 1 1 1
 0.5 1 1 1 1
 0.5 1 1 1 1
 0.5 1 1 1 1
 0.5 1 1 1 1
 0.5 1 1 1 1
 0.5 1 1 1 1
 0.5 1 1 1 1
 0.5 1 1 1 1
 0.5 1 1 1 1
 0.5 1 1 1 1
 0.5 1 1 1 1
 0.5 1 1 1 1
 0.5 1 1 1 1
 0.5 1 1 1 1
 0.5 1 1 1 1
 0.5 1 1 1 1
 0.5 1 1 1 1
 0.5 1 1 1 1
 0.5 1 1 1 1
Sel_reclas
 0.5 1 1 1 1
 0.5 1 1 1 1
 0.5 1 1 1 1
 0.5 1 1 1 1
 0.5 1 1 1 1
 0.5 1 1 1 1
 0.5 1 1 1 1
 0.5 1 1 1 1
 0.5 1 1 1 1
 0.5 1 1 1 1
 0.5 1 1 1 1
 0.5 1 1 1 1
 0.5 1 1 1 1
 0.5 1 1 1 1
 0.5 1 1 1 1
 0.5 1 1 1 1
 0.5 1 1 1 1
 0.5 1 1 1 1
 0.5 1 1 1 1
 0.5 1 1 1 1
 0.5 1 1 1 1
 0.5 1 1 1 1
 0.5 1 1 1 1
 0.5 1 1 1 1
 0.5 1 1 1 1
 0.5 1 1 1 1
 0.5 1 1 1 1
 0.5 1 1 1 1
 0.5 1 1 1 1
 0.5 1 1 1 1
 0.5 1 1 1 1
Sel_pelaces
 0.5 1 1 1 1
 0.5 1 1 1 1
 0.5 1 1 1 1
 0.5 1 1 1 1
 0.5 1 1 1 1
 0.5 1 1 1 1
 0.5 1 1 1 1
 0.5 1 1 1 1
 0.5 1 1 1 1
 0.5 1 1 1 1
 0.5 1 1 1 1
 0.5 1 1 1 1
 0.5 1 1 1 1
 0.5 1 1 1 1
 0.5 1 1 1 1
 0.5 1 1 1 1
 0.5 1 1 1 1
 0.5 1 1 1 1
 0.5 1 1 1 1
 0.5 1 1 1 1
 0.5 1 1 1 1
 0.5 1 1 1 1
 0.5 1 1 1 1
 0.5 1 1 1 1
 0.5 1 1 1 1
 0.5 1 1 1 1
 0.5 1 1 1 1
 0.5 1 1 1 1
 0.5 1 1 1 1
 0.5 1 1 1 1
 0.5 1 1 1 1
pf_obs 
 0.8446 0.082 0.0669 0.0065 0
 0.8095 0.147 0.0364 0.0071 0
 0.9664 0.0169 0.016 0.0007 0
 0.9276 0.0648 0.0075 0.0001 0
 0.7033 0.2144 0.0806 0.0017 0
 0.9318 0.0425 0.0243 0.0014 0
 0.5671 0.3108 0.0964 0.0239 0.0018
 0.0768 0.2599 0.5324 0.112 0.0189
 0.490249 0.384438 0.106611 0.0170017 0.00170017
 0.7925 0.1577 0.0466 0.003 0.0002
 0.840416 0.127587 0.0312969 0.00059994 9.999e-05
 0.8084 0.0986 0.0794 0.0134 0.0002
 0.7335 0.1905 0.0724 0.0035 0.0001
 0.4001 0.4547 0.1325 0.0127 0
 0.49795 0.308269 0.164784 0.0264974 0.00249975
 0.9179 0.0499 0.0305 0.0017 0
 0.2467 0.6533 0.0926 0.0074 0
 0.9418 0.0223 0.034 0.0019 0
 0.707729 0.231977 0.0356964 0.0245975 0
 0.517169 0.277429 0.184464 0.0207286 0.00020938
 0.811772 0.124168 0.05621 0.00726502 0.000585176
 0.764997 0.148141 0.077277 0.00933861 0.000247198
 0.163321 0.427699 0.378323 0.0303852 0.000271297
 0.753843 0.0900009 0.118128 0.0371064 0.000921714
 0.721811 0.176058 0.0630433 0.0369309 0.00215725
 0.143369 0.312575 0.442814 0.0836902 0.0175525
 0.692698 0.0596174 0.167031 0.0765114 0.00414204
 0.394062 0.376323 0.152708 0.0712218 0.00568511
 0.125707 0.32114 0.495352 0.0537591 0.00404204
 0.23352 0.215282 0.420074 0.123614 0.00750983
 0 0 0 0 0
pf_pred 
 0.60438 0.250079 0.0919991 0.0338446 0.0196968
 0.175219 0.628922 0.123807 0.0455459 0.0265066
 0.377655 0.194241 0.326443 0.064262 0.037399
 0.694906 0.171643 0.0416519 0.0700004 0.0217996
 0.538121 0.385028 0.0432357 0.0104918 0.0231238
 0.502277 0.350965 0.122339 0.0137378 0.0106811
 0.359778 0.436966 0.143324 0.0499598 0.00997195
 0.4223 0.325707 0.171991 0.0564125 0.0235893
 0.406145 0.355527 0.134369 0.0709541 0.0330044
 0.536363 0.27631 0.112148 0.0423857 0.0327929
 0.660526 0.243429 0.0572392 0.0232321 0.0155737
 0.60767 0.313837 0.0562855 0.0132348 0.00897267
 0.556145 0.345897 0.0783596 0.0140535 0.00554482
 0.524968 0.350911 0.0967277 0.0219127 0.00548053
 0.643761 0.259358 0.0715666 0.0197271 0.00558671
 0.838278 0.129635 0.0233605 0.00644603 0.00228003
 0.383272 0.56823 0.0388757 0.00700549 0.00261682
 0.724464 0.156485 0.109689 0.00750443 0.00185746
 0.556924 0.377023 0.0375138 0.0262955 0.0022443
 0.516106 0.357389 0.107646 0.0107108 0.00814857
 0.587348 0.289027 0.0913056 0.0275014 0.00481818
 0.613075 0.291433 0.0668838 0.021129 0.00747907
 0.280521 0.558806 0.121019 0.0277739 0.0118797
 0.604025 0.178026 0.169277 0.0366599 0.0120121
 0.499821 0.381007 0.0535784 0.0509452 0.0146482
 0.360223 0.432409 0.157961 0.022213 0.0271943
 0.595378 0.217519 0.126458 0.0461958 0.0144492
 0.532169 0.352926 0.0617713 0.0359117 0.0172221
 0.296112 0.494758 0.157765 0.027613 0.0237519
 0.438212 0.261149 0.211317 0.0673833 0.0219386
 0.797779 0.125145 0.0358291 0.0289923 0.0122548
pobs_RECLAS
 0 0 0 0 0
 0 0 0 0 0
 0 0 0 0 0
 0 0 0 0 0
 0 0 0 0 0
 0 0 0 0 0
 0 0 0 0 0
 0 0 0 0 0
 0 0 0 0 0
 0 0 0 0 0
 0.991045 0.00858322 0.000360255 1.14367e-05 0
 0.934742 0.0480273 0.0164251 0.00080598 0
 0.827803 0.169806 0.00239088 0 0
 0.941827 0.0461693 0.0120037 0 0
 0.791401 0.0380133 0.147996 0.0225897 0
 0.846168 0.0940531 0.0597789 0 0
 0.134021 0.677848 0.182769 0.00536245 0
 0.80878 0.0450904 0.141981 0.00414843 0
 0.846168 0.0940531 0.0597789 0 0
 0.905697 0.0802665 0.012482 0.00150086 5.37128e-05
 0.989698 0.0102097 9.19794e-05 0 0
 0.975433 0.0193895 0.00387452 0.00125025 5.28907e-05
 0.303575 0.632131 0.0575291 0.00676475 0
 0.966965 0.00978017 0.0227588 0.000495775 0
 0.843318 0.132988 0.00938335 0.0141283 0.000182051
 0.564624 0.303363 0.111486 0.0197234 0.00080311
 0.826376 0.0876187 0.0782897 0.00655872 0.00115652
 0.89761 0.0855135 0.0140674 0.00269457 0.000114338
 0.34875 0.467042 0.161289 0.0227151 0.000203297
 0.318654 0.224769 0.449479 0.00709798 0
 0.937255 0.0296025 0.0250945 0.00804832 0
ppred_RECLAS
 0.606224 0.248914 0.0915702 0.0336868 0.0196049
 0.17674 0.627762 0.123578 0.0454619 0.0264578
 0.379807 0.193569 0.325314 0.0640398 0.0372697
 0.698273 0.169748 0.0411921 0.0692277 0.0215589
 0.539079 0.384229 0.0431459 0.0104701 0.0230758
 0.504786 0.349195 0.121723 0.0136685 0.0106273
 0.365551 0.433026 0.142031 0.0495094 0.00988204
 0.423022 0.3253 0.171776 0.056342 0.0235598
 0.409101 0.353757 0.1337 0.0706008 0.0328401
 0.540133 0.274063 0.111236 0.042041 0.0325262
 0.66143 0.242781 0.0570869 0.0231703 0.0155322
 0.613166 0.309441 0.055497 0.0130494 0.00884697
 0.561317 0.341867 0.0774465 0.0138897 0.0054802
 0.534077 0.344182 0.0948729 0.0214925 0.00537543
 0.648135 0.256174 0.0706879 0.019485 0.00551813
 0.841151 0.127332 0.0229456 0.00633153 0.00223953
 0.38535 0.566315 0.0387447 0.00698188 0.002608
 0.72714 0.154965 0.108624 0.00743154 0.00183942
 0.561899 0.372789 0.0370925 0.0260002 0.0022191
 0.519918 0.354573 0.106798 0.0106264 0.00808436
 0.590057 0.287129 0.0907062 0.0273208 0.00478655
 0.616752 0.288663 0.0662481 0.0209282 0.00740799
 0.281969 0.557682 0.120776 0.027718 0.0118558
 0.605754 0.177249 0.168538 0.0364998 0.0119597
 0.501447 0.379768 0.0534043 0.0507796 0.0146006
 0.361327 0.431662 0.157689 0.0221747 0.0271474
 0.596957 0.21667 0.125965 0.0460156 0.0143928
 0.533652 0.351807 0.0615755 0.0357979 0.0171675
 0.297113 0.494055 0.157541 0.0275738 0.0237181
 0.439713 0.260451 0.210752 0.0672033 0.02188
 0.798249 0.124854 0.0357459 0.0289249 0.0122263
pobs_PELACES
 0 0 0 0 0
 0 0 0 0 0
 0 0 0 0 0
 0 0 0 0 0
 0 0 0 0 0
 0 0 0 0 0
 0 0 0 0 0
 0 0 0 0 0
 0 0 0 0 0
 0 0 0 0 0
 0 0 0 0 0
 0 0 0 0 0
 0 0 0 0 0
 0 0 0 0 0
 0 0 0 0 0
 0 0 0 0 0
 0.505614 0.472636 0.0217494 0 0
 0 0 0 0 0
 0.443492 0.261883 0.143347 0.151278 0
 0.227955 0.32914 0.350689 0.0885471 0.00366901
 0.970185 0.0296113 0.000203453 0 0
 0.997202 0.00247181 0.000326279 0 0
 0.445219 0.490057 0.0546422 0.010081 0
 0.90214 0.0892962 0.00764917 0.000914606 0
 0 0 0 0 0
 0.581667 0.319106 0.0959925 0.00289975 0.000334073
 0.762889 0.0836404 0.116647 0.0363945 0.000428098
 0.88444 0.0763242 0.0277011 0.0115352 0
 0.521256 0.241999 0.230069 0.00667565 0
 0.616807 0.101726 0.260614 0.0208532 0
 0 0 0 0 0
ppred_PELACES
 0.612821 0.244744 0.0900362 0.0331225 0.0192765
 0.182101 0.623674 0.122773 0.0451658 0.0262855
 0.387437 0.191188 0.321312 0.0632519 0.0368111
 0.709172 0.163616 0.0397042 0.0667272 0.0207802
 0.542704 0.381207 0.0428066 0.0103877 0.0228944
 0.513544 0.34302 0.11957 0.0134268 0.0104393
 0.383296 0.420914 0.138059 0.0481246 0.00960564
 0.425793 0.323738 0.170951 0.0560714 0.0234466
 0.419222 0.347698 0.13141 0.0693916 0.0322776
 0.552562 0.266656 0.10823 0.0409048 0.0316472
 0.664828 0.240344 0.056514 0.0229378 0.0153764
 0.629903 0.296053 0.0530958 0.0124848 0.0084642
 0.577436 0.329305 0.0746007 0.0133793 0.00527884
 0.559434 0.325451 0.0897097 0.0203229 0.00508289
 0.661897 0.246154 0.0679232 0.0187228 0.0053023
 0.84986 0.120351 0.0216876 0.0059844 0.00211675
 0.392749 0.559499 0.0382783 0.00689784 0.00257661
 0.736021 0.149921 0.105088 0.00718965 0.00177954
 0.577514 0.359502 0.0357705 0.0250735 0.00214
 0.53249 0.345288 0.104001 0.0103481 0.00787267
 0.59935 0.28062 0.0886499 0.0267015 0.00467804
 0.628768 0.279613 0.0641711 0.0202721 0.00717574
 0.287242 0.553586 0.119889 0.0275145 0.0117687
 0.611979 0.17445 0.165877 0.0359235 0.0117708
 0.507376 0.375252 0.0527691 0.0501757 0.014427
 0.365463 0.428867 0.156667 0.0220311 0.0269716
 0.602692 0.213587 0.124172 0.0453608 0.014188
 0.539093 0.347702 0.0608571 0.0353802 0.0169672
 0.300864 0.491418 0.1567 0.0274266 0.0235915
 0.445226 0.257889 0.208679 0.0665421 0.0216647
 0.800043 0.123744 0.0354279 0.0286676 0.0121176
pobs_pel_tallas
 0 0 0 0 0 0 0 0 0 0 0 0 0 0 0 0 0 0 0 0 0 0 0 0 0 0
 0 0 0 0 0 0 0 0 0 0 0 0 0 0 0 0 0 0 0 0 0 0 0 0 0 0
 0 0 0 0 0 0 0 0 0 0 0 0 0 0 0 0 0 0 0 0 0 0 0 0 0 0
 0 0 0 0 0 0 0 0 0 0 0 0 0 0 0 0 0 0 0 0 0 0 0 0 0 0
 0 0 0 0 0 0 0 0 0 0 0 0 0 0 0 0 0 0 0 0 0 0 0 0 0 0
 0 0 0 0 0 0 0 0 0 0 0 0 0 0 0 0 0 0 0 0 0 0 0 0 0 0
 0 0 0 0 0 0 0 0 0 0 0 0 0 0 0 0 0 0 0 0 0 0 0 0 0 0
 0 0 0 0 0 0 0 0 0 0 0 0 0 0 0 0 0 0 0 0 0 0 0 0 0 0
 0 0 0 0 0 0 0 0 0 0 0 0 0 0 0 0 0 0 0 0 0 0 0 0 0 0
 0 0 0 0 0 0 0 0 0 0 0 0 0 0 0 0 0 0 0 0 0 0 0 0 0 0
 0 0 0 0 0 0 0 0 0 0 0 0 0 0 0 0 0 0 0 0 0 0 0 0 0 0
 0 0 0 0 0 0 0 0 0 0 0 0 0 0 0 0 0 0 0 0 0 0 0 0 0 0
 0.00862536 0 0 0.000197151 0.00414017 0.0128641 0.00837892 0.0270097 0.101434 0.158115 0.152841 0.127902 0.109271 0.109419 0.0830992 0.0579132 0.0238553 0.00714673 0.00463305 0.00128148 0.00103504 0.000492878 0.000147863 0.000147863 4.92878e-05 0
 0 0 0 0 0 0 0 0 0 0 0 0 0 0 0 0 0 0 0 0 0 0 0 0 0 0
 0 0 0 0 0 0 0 0.0054083 0.00873648 0.0413646 0.0450493 0.0745869 0.0622846 0.0627006 0.0613931 0.0827291 0.12552 0.122667 0.0946155 0.0697135 0.0546179 0.0294188 0.0215738 0.0213955 0.0102223 0.00600262
 0 0 0 0 0.00359764 0.0251062 0.0480494 0.140153 0.205849 0.193036 0.1447 0.116669 0.0760912 0.0342217 0.00950174 0.001854 0.000860785 0 0 0 0.000165536 0 0.000143464 0 0 0
 0 0 0 0 0 0 0 0.000145254 0.000435761 0.0275982 0.070085 0.0708112 0.156366 0.174668 0.174014 0.160142 0.0824315 0.0480064 0.0283245 0.00493863 0.00203355 0 0 0 0 0
 0 0 0 0 0 0 0 0 0 0 0 0 0 0 0 0 0 0 0 0 0 0 0 0 0 0
 0 0 1.00437e-05 0.000401748 0.00122533 0.00171747 0.00176769 0.0269171 0.070346 0.194647 0.189555 0.159765 0.064822 0.0314167 0.0384472 0.0292271 0.0345202 0.0313363 0.0194345 0.0106764 0.0143323 0.0359363 0.0279516 0.0138201 0.00172751 0
 0 0.0021121 0.0136068 0.0755702 0.200478 0.177729 0.0527432 0.0373336 0.0318909 0.0142505 0.0149659 0.0166563 0.0217959 0.0798694 0.0677717 0.0528807 0.04013 0.0224614 0.0357745 0.0225083 0.00881397 0.00855152 0.00135912 0.000746735 0 0
 0 0 0 0 5.4009e-05 0.00500934 0.000945158 0.0243581 0.138947 0.33067 0.221406 0.137944 0.0707744 0.0437923 0.0131692 0.00525238 0.0047753 0.00276346 9.45158e-05 9.00151e-06 2.25038e-05 9.00151e-06 4.50075e-06 0 0 0
 0.000866109 0.00284123 0.00948549 0.0512746 0.133035 0.25785 0.225252 0.132002 0.0553304 0.0519788 0.0540692 0.017754 0.00435017 0.00159236 0.00146478 0.000404838 0.000125132 0.000115318 0.000107957 0.000100596 0 0 0 0 0 0
 0 0 0 0 0.00144013 0.00171154 0.00461396 0.0210425 0.0478622 0.0707936 0.0888783 0.103762 0.0637923 0.0337046 0.0602308 0.124433 0.169614 0.0934646 0.0462172 0.0250306 0.0313229 0.00938855 0.002487 0.000210481 0 0
 0 0.00764035 0.051015 0.0998891 0.058973 0.0496711 0.0374665 0.0718981 0.12319 0.153886 0.159021 0.0857701 0.0377988 0.023471 0.0147837 0.00900784 0.00315554 0.000888139 0.00291439 0.00214683 0.00393193 0.00274676 0.000635225 9.99891e-05 0 0
 0 0 0 0 0 0 0 0 0 0 0 0 0 0 0 0 0 0 0 0 0 0 0 0 0 0
 0 0 0 0 0 0 0 0 0 0 0 0 0 0 0 0 0 0 0 0 0 0 0 0 0 0
 0 0 0 0 0 0 0 0 0 0 0 0 0 0 0 0 0 0 0 0 0 0 0 0 0 0
 0 0 0 0 0 0 0 0 0 0 0 0 0 0 0 0 0 0 0 0 0 0 0 0 0 0
 0 0 0 0 0 0 0 0 0 0 0 0 0 0 0 0 0 0 0 0 0 0 0 0 0 0
 0 0 0 0 0 0 0 0 0 0 0 0 0 0 0 0 0 0 0 0 0 0 0 0 0 0
 0 0 0 0 0 0 0 0 0 0 0 0 0 0 0 0 0 0 0 0 0 0 0 0 0 0
ppred_pel_tallas
 1.09245e-16 5.04773e-05 0.000490657 0.00326059 0.0148222 0.0461175 0.098259 0.143417 0.143441 0.0983748 0.0465065 0.0159472 0.00608953 0.00668262 0.0118587 0.0196537 0.0286128 0.0366347 0.0416118 0.0425919 0.0403124 0.0365995 0.033134 0.0305757 0.0285724 0.0263837
 1.12681e-16 1.49996e-05 0.000145801 0.000968904 0.00440454 0.0137045 0.029201 0.0426324 0.0426926 0.0294951 0.0146921 0.00725801 0.00813492 0.0158007 0.0297806 0.049301 0.0712379 0.0900588 0.100132 0.098888 0.0883363 0.0736217 0.0598335 0.0495621 0.0426351 0.0374677
 1.21895e-16 3.19127e-05 0.000310203 0.00206141 0.00937088 0.0291564 0.0621215 0.0906721 0.090691 0.0622141 0.0294688 0.0102794 0.00436538 0.00541775 0.0099615 0.0170195 0.0259251 0.0355685 0.0447782 0.0529573 0.0602074 0.0667349 0.0721002 0.0750783 0.0743113 0.0691971
 1.11397e-16 5.84136e-05 0.000567801 0.00377324 0.0171526 0.0533682 0.113707 0.165962 0.165978 0.113784 0.053628 0.0179038 0.00566172 0.00470035 0.00793757 0.0131147 0.0190979 0.0244927 0.027955 0.0289587 0.0281378 0.0268336 0.0261911 0.0265006 0.0271938 0.0273406
 1.06249e-16 4.47019e-05 0.000434518 0.00288753 0.0131263 0.040841 0.0870175 0.127012 0.127049 0.0871969 0.0414435 0.0148664 0.00725489 0.00996659 0.0181425 0.0299096 0.0430543 0.0540928 0.0595128 0.0577206 0.0500087 0.0396954 0.0301478 0.0232118 0.0189523 0.0164104
 1.06652e-16 4.23e-05 0.000411171 0.00273238 0.012421 0.0386466 0.0823419 0.120187 0.12022 0.082504 0.0391914 0.0139959 0.00669094 0.00907054 0.0165402 0.0274132 0.039802 0.0507112 0.0570895 0.0574946 0.0528802 0.0458061 0.0387572 0.0329294 0.0282028 0.0239177
 1.10544e-16 3.15717e-05 0.000306888 0.00203938 0.00927076 0.028845 0.0614588 0.0897095 0.0897502 0.0616578 0.0295134 0.0112031 0.00689655 0.0109323 0.0202765 0.0336437 0.0488686 0.0623147 0.0702799 0.0710534 0.0658698 0.0579101 0.0501998 0.0440924 0.0392458 0.03463
 1.14608e-16 3.50721e-05 0.000340913 0.00226549 0.0102986 0.032043 0.0682721 0.0996517 0.0996831 0.0684257 0.0325594 0.0117929 0.006027 0.00858748 0.0158007 0.0263401 0.0385873 0.0498955 0.0575743 0.0603894 0.0592094 0.0561858 0.0531688 0.0506665 0.0479976 0.0442022
 1.16303e-16 3.45308e-05 0.000335652 0.00223053 0.0101397 0.0315485 0.0672186 0.0981146 0.0981483 0.0673832 0.0321015 0.0117391 0.00625308 0.00914309 0.0168395 0.0279925 0.040819 0.0524042 0.0598112 0.0617459 0.0592966 0.0550503 0.0513151 0.0488691 0.0470031 0.0444632
 1.1265e-16 4.55138e-05 0.000442411 0.00293998 0.0133647 0.0415827 0.0885974 0.129316 0.129342 0.0887236 0.042007 0.0145919 0.00602683 0.00720227 0.0129469 0.0214994 0.0313659 0.0403003 0.0460485 0.0476084 0.0457939 0.0425635 0.0396691 0.0377108 0.0361733 0.0341381
 1.06595e-16 5.4761e-05 0.000532297 0.0035373 0.0160801 0.0500312 0.106598 0.155587 0.15561 0.106711 0.0504121 0.017181 0.00630293 0.00657705 0.0115568 0.0190779 0.0276183 0.0350363 0.0391911 0.0391171 0.0355887 0.0305525 0.0258946 0.022513 0.0202413 0.0183978
 1.04293e-16 5.18843e-05 0.000504334 0.00335148 0.0152353 0.047403 0.100998 0.147416 0.147444 0.101138 0.0478715 0.016589 0.00675022 0.00792705 0.0141585 0.0233501 0.0336914 0.0424951 0.0470541 0.0461203 0.0406348 0.033058 0.025863 0.0203716 0.0166088 0.0139148
 1.04473e-16 4.75627e-05 0.000462327 0.00307233 0.0139664 0.0434547 0.092586 0.135139 0.13517 0.0927414 0.0439764 0.0154737 0.00685808 0.00873378 0.0157774 0.0260623 0.0376658 0.0476295 0.0529579 0.0522535 0.0465154 0.0383945 0.0305406 0.0243486 0.019836 0.0163369
 1.05571e-16 4.60799e-05 0.000447913 0.00297654 0.0135309 0.0420999 0.0896995 0.130926 0.130957 0.0898532 0.0426161 0.0150226 0.00672433 0.00864087 0.0156398 0.0258711 0.0374705 0.0475532 0.0531952 0.0530311 0.0480223 0.0407083 0.0335844 0.0278969 0.0235685 0.0199181
 1.04799e-16 5.45196e-05 0.00052995 0.00352171 0.0160092 0.0498107 0.106128 0.154902 0.154925 0.106244 0.0502011 0.0171375 0.00635677 0.00672796 0.0118524 0.0195782 0.0283627 0.0360143 0.040329 0.0402847 0.0366172 0.0312501 0.0260613 0.0219702 0.0188835 0.0162485
 1.01616e-16 7.00019e-05 0.000680443 0.00452178 0.0205554 0.0639555 0.136264 0.198884 0.198896 0.136321 0.064146 0.0211057 0.00590349 0.00369807 0.00580499 0.00949649 0.013698 0.0172778 0.0191321 0.0187523 0.0165191 0.0134296 0.0104862 0.00822484 0.00665707 0.00551986
 1.02376e-16 3.23503e-05 0.000314456 0.00208968 0.0094994 0.0295564 0.0629751 0.0919253 0.0919792 0.0632382 0.0304398 0.0120499 0.00848845 0.014272 0.0265077 0.0436858 0.0627266 0.0784552 0.0856148 0.0817768 0.0688046 0.0516346 0.0353934 0.023075 0.015103 0.0103623
 1.04094e-16 6.06251e-05 0.000589298 0.00391609 0.017802 0.0553887 0.118012 0.172245 0.17226 0.118083 0.0556285 0.0184963 0.00566502 0.00442783 0.00741087 0.0123122 0.0180932 0.0235054 0.0272878 0.0288104 0.028361 0.0267876 0.0248243 0.0226864 0.0201903 0.0171562
 1.04001e-16 4.75691e-05 0.000462389 0.00307274 0.0139682 0.0434606 0.0925987 0.135158 0.135192 0.0927679 0.0440287 0.0156089 0.00719015 0.00944806 0.0171054 0.0281844 0.040554 0.0509158 0.055946 0.0541296 0.0466728 0.0366934 0.0273591 0.0204129 0.0159389 0.0130838
 1.0546e-16 4.38605e-05 0.00042634 0.00283318 0.0128793 0.0400723 0.0853795 0.124621 0.124654 0.0855426 0.0406201 0.0144626 0.00681165 0.00912493 0.0166037 0.0274828 0.0398249 0.0505771 0.0566336 0.0565286 0.0512489 0.0434484 0.0357447 0.0294627 0.0245657 0.0204073
 1.061e-16 4.93677e-05 0.000479872 0.00318892 0.0144964 0.0451038 0.0960994 0.140266 0.140293 0.096232 0.0455492 0.0157841 0.00642535 0.00755845 0.0135324 0.0223976 0.032504 0.0413893 0.046566 0.0468777 0.0431423 0.0374942 0.0319867 0.0275769 0.0240974 0.0209106
 1.05171e-16 5.17909e-05 0.000503426 0.00334544 0.0152079 0.0473176 0.100816 0.14715 0.147177 0.100948 0.0477606 0.0164882 0.0065612 0.00753055 0.0134186 0.0221573 0.0320447 0.0405761 0.0452296 0.0448436 0.0402856 0.0338082 0.0276327 0.0228815 0.0194825 0.0167822
 1.08353e-16 2.36598e-05 0.000229982 0.00152831 0.00694752 0.0216166 0.0460585 0.0672349 0.0672883 0.0463195 0.0224935 0.00948102 0.00789111 0.0141312 0.0264575 0.0437885 0.0632792 0.0800014 0.0889288 0.087729 0.07811 0.0645617 0.051562 0.0414515 0.0342177 0.0286685
 1.10427e-16 5.04079e-05 0.000489983 0.00325611 0.0148018 0.046054 0.0981236 0.143218 0.143235 0.098207 0.0463347 0.0156155 0.00530981 0.00501052 0.00874543 0.0146656 0.0217949 0.0288219 0.0344122 0.0379162 0.0396357 0.040358 0.0405786 0.0401114 0.0383576 0.0348962
 1.09093e-16 4.1792e-05 0.000406233 0.00269956 0.0122718 0.0381825 0.0813531 0.118745 0.118781 0.0815299 0.0387762 0.013987 0.00700576 0.00981021 0.0179129 0.0295797 0.04269 0.0538794 0.0597671 0.0588512 0.0524241 0.0436869 0.035782 0.0302691 0.0269353 0.0246324
 1.11405e-16 3.01028e-05 0.00029261 0.0019445 0.00883943 0.027503 0.0585995 0.0855364 0.0855779 0.0588023 0.0281844 0.0108096 0.00689756 0.0111303 0.0206869 0.0343457 0.0499278 0.0637407 0.0720148 0.0729898 0.0678847 0.0598899 0.0520507 0.0457487 0.0406854 0.0358873
 1.10589e-16 4.9643e-05 0.000482548 0.0032067 0.0145772 0.0453552 0.0966348 0.141046 0.141066 0.0967363 0.0456963 0.0155646 0.00569313 0.00593703 0.0104873 0.0174662 0.0256454 0.0332876 0.0386466 0.0409234 0.0406749 0.0392615 0.0378074 0.036539 0.0349221 0.0322931
 1.08265e-16 4.44045e-05 0.000431627 0.00286832 0.013039 0.0405693 0.0864383 0.126166 0.1262 0.0866022 0.0411197 0.0146293 0.00686179 0.00915487 0.0166281 0.0274648 0.039672 0.0501384 0.0557338 0.0550524 0.0492543 0.041251 0.0339038 0.0286379 0.0252853 0.0228533
 1.11391e-16 2.47819e-05 0.000240889 0.00160079 0.007277 0.0226417 0.0482423 0.070421 0.0704685 0.0484745 0.0234218 0.00953194 0.00726794 0.0126354 0.0236321 0.0392074 0.056895 0.0724256 0.0814387 0.0819037 0.0752563 0.0652537 0.0555307 0.0478143 0.0418534 0.0365405
 1.16428e-16 3.66727e-05 0.000356472 0.00236888 0.0107686 0.0335053 0.0713874 0.104197 0.104222 0.0715104 0.0339191 0.0119678 0.00539332 0.0070064 0.0128065 0.0214831 0.031814 0.0418468 0.04959 0.0541187 0.0559977 0.0565832 0.0568145 0.0565427 0.0548501 0.0509126
 1.0598e-16 6.58985e-05 0.000640557 0.00425673 0.0193505 0.0602066 0.128277 0.187226 0.187238 0.128335 0.0604031 0.0199185 0.00568469 0.00376472 0.0060201 0.0099045 0.0143984 0.0184072 0.0208741 0.0213475 0.0202493 0.0185588 0.017162 0.0163784 0.0159513 0.0153797
pSPR Fmed_Fpbrs
0.72354   0.285935 0.285935
Fs Fmed_Fpbrs
0.205561   1.005 1.005
SSBpbr Bo_Bmed_Bpbrs
2.09713e+06  1.4125e+06  494788 494788
Ro
235106
SPR SPRFo_SPRFmed_SPRFpbrs
1.67411e+06 1.21128e+06 478687
Fref
1.005
log_Ro
12.1878
likeval ReclasPelacesDesembMPH_pf_preclas_ppelaces_ptallas_desvR_qrecl_qpela
 23.8984 19.3249 1.54085 0.00335176 241.059 141.281 87.7597 0 21.7285 0 0 7.55013 0 0 0
q_reclas_q_pelaces
1 1
M
1
N
 483635 103548 38093.2 14013.7 8155.64
 87166.5 163586 32202.8 11846.7 6894.52
 107312 28716 48260.3 9500.3 5528.95
 272105 35800.1 8687.49 14600.3 4546.82
 234494 85436.5 9593.85 2328.11 5131.1
 226275 82533.3 28769.5 3230.59 2511.78
 112675 74855.1 24552.3 8558.44 1708.26
 84228.8 32947 17397.8 5706.43 2386.18
 65004.6 29939 11315.3 5975.05 2779.31
 76990.2 21074.3 8553.59 3232.77 2501.12
 129550 24330.2 5720.95 2322.01 1556.56
 161930 45511.7 8162.34 1919.27 1301.19
 142726 48015.8 10877.5 1950.84 769.706
 114335 43020.8 11858.6 2686.44 671.898
 142324 30845.9 8511.53 2346.18 664.437
 519887 43533.5 7844.83 2164.68 765.671
 202860 156262 10690.7 1926.49 719.62
 595098 67910.6 47602.3 3256.73 806.089
 522488 190883 18992.9 13313.2 1136.27
 430551 158470 47731.3 4749.27 3613.16
 527038 135946 42946.4 12935.5 2266.27
 682176 172506 39590.1 12506.8 4427.04
 208973 214926 46545.9 10682.3 4569.11
 466932 71074.1 67581.1 14635.9 4795.64
 404285 158693 22315.9 21219.2 6101.13
 225528 138413 50563.1 7110.35 8704.86
 417666 78592 45690.7 16691.1 5220.66
 419442 142918 25014.5 14542.6 6974.12
 169035 144404 46046.6 8059.36 6932.42
 192263 58901.7 47662.2 15198.2 4948.21
 830998 66098.8 18924.2 15313.1 6472.71
pred_Ctot
 24798.5 10261.1 3774.84 1388.69 808.183
 5809.67 20852.9 4104.99 1510.14 878.868
 6369.91 3276.26 5506.11 1083.91 630.808
 25527.1 6305.22 1530.07 2571.44 800.798
 6436.43 4605.3 517.139 125.492 276.583
 14536.8 10157.5 3540.72 397.595 309.13
 14887.7 18081.7 5930.76 2067.35 412.641
 1804.19 1391.52 734.794 241.011 100.78
 4929.89 4315.48 1631.01 861.259 400.616
 6946.56 3578.56 1452.46 548.947 424.708
 3702.95 1364.68 320.886 130.241 87.3069
 20206.8 10436 1871.66 440.097 298.367
 16564.8 10302.6 2333.95 418.584 165.153
 19763.4 13210.7 3641.49 824.944 206.324
 15393 6201.53 1711.23 471.697 133.584
 61127.8 9453.07 1703.46 470.049 166.261
 11632.1 17245.4 1179.85 212.612 79.4189
 48724.9 10524.6 7377.3 504.721 124.926
 58899.1 39873.1 3967.38 2780.96 237.352
 39050.2 27041.2 8144.84 810.412 616.546
 37090.2 18251.7 5765.82 1736.67 304.261
 62703.6 29806.9 6840.68 2161.02 764.938
 10035 19990 4329.19 993.548 424.969
 22623.8 6667.98 6340.28 1373.1 449.914
 17828.1 13590.1 1911.09 1817.16 522.487
 7551.07 9064.25 3311.22 465.634 570.053
 18550.6 6777.39 3940.15 1439.36 450.204
 17103.6 11342.8 1985.29 1154.18 553.507
 5666.17 9467.28 3018.86 528.381 454.497
 8001.46 4768.4 3858.5 1230.37 400.583
 17550.7 2753.12 788.22 637.813 269.598
F
 0.0839914 0.167983 0.167983 0.167983 0.167983
 0.110364 0.220729 0.220729 0.220729 0.220729
 0.0977856 0.195571 0.195571 0.195571 0.195571
 0.158414 0.316829 0.316829 0.316829 0.316829
 0.0442292 0.0884584 0.0884584 0.0884584 0.0884584
 0.106198 0.212397 0.212397 0.212397 0.212397
 0.229606 0.459211 0.459211 0.459211 0.459211
 0.0343749 0.0687499 0.0687499 0.0687499 0.0687499
 0.126406 0.252812 0.252812 0.252812 0.252812
 0.151959 0.303918 0.303918 0.303918 0.303918
 0.0460939 0.0921878 0.0921878 0.0921878 0.0921878
 0.215636 0.431272 0.431272 0.431272 0.431272
 0.19924 0.39848 0.39848 0.39848 0.39848
 0.310131 0.620262 0.620262 0.620262 0.620262
 0.184574 0.369149 0.369149 0.369149 0.369149
 0.202077 0.404155 0.404155 0.404155 0.404155
 0.0943258 0.188652 0.188652 0.188652 0.188652
 0.137064 0.274128 0.274128 0.274128 0.274128
 0.193037 0.386073 0.386073 0.386073 0.386073
 0.152806 0.305611 0.305611 0.305611 0.305611
 0.116841 0.233682 0.233682 0.233682 0.233682
 0.154997 0.309994 0.309994 0.309994 0.309994
 0.0784818 0.156964 0.156964 0.156964 0.156964
 0.0792107 0.158421 0.158421 0.158421 0.158421
 0.071875 0.14375 0.14375 0.14375 0.14375
 0.0541742 0.108348 0.108348 0.108348 0.108348
 0.0724078 0.144816 0.144816 0.144816 0.144816
 0.0663099 0.13262 0.13262 0.13262 0.13262
 0.0542385 0.108477 0.108477 0.108477 0.108477
 0.0677154 0.135431 0.135431 0.135431 0.135431
 0.0338864 0.0677729 0.0677729 0.0677729 0.0677729
nmprior
 8 9 7.5 0
nm_flota  nm_reclas  nm_pelaces    nm_pelaL
inf 7.25414 6.96787 10.2735
cv_recla  cv_pelaces  cv_mph
0.44219 0.517278 1.78666
 ------------------------------------------------
Talla a la edad & desviación 
 8 13.2811 15.8009 17.003 17.5766
 0.8 1.32811 1.58009 1.7003 1.75766
