years
 1991 1992 1993 1994 1995 1996 1997 1998 1999 2000 2001 2002 2003 2004 2005 2006 2007 2008 2009 2010 2011 2012 2013 2014 2015 2016 2017 2018 2019 2020 2021
reclasobs
 0 0 0 0 0 0 0 0 0 252601 567819 844713 477998 351125 339783 2.1784e+06 2.13404e+06 4.81314e+06 1.55562e+06 2.62356e+06 3.21686e+06 3.843e+06 1.13348e+06 3.07943e+06 1.97215e+06 2.03268e+06 2.025e+06 2.42433e+06 2.27542e+06 1.05018e+06 2.36338e+06
reclaspred
 2.98616e+06 1.61557e+06 803265 620862 517957 1.21974e+06 603649 466278 347140 253016 425834 614528 600261 431872 414077 1.5203e+06 1.32328e+06 3.29637e+06 2.71486e+06 1.98924e+06 3.56243e+06 2.88335e+06 2.10644e+06 3.31609e+06 2.40042e+06 2.044e+06 2.60574e+06 2.96938e+06 2.32156e+06 1.27346e+06 1.4763e+06
pelacesobs
 0 0 0 0 0 0 0 0 0 0 0 0 0 0 0 552880 188675 0 991730 2.46772e+06 1.41603e+06 1.21717e+06 2.29649e+06 1.80582e+06 0 1.4828e+06 1.56532e+06 1.57751e+06 1.42118e+06 867257 0
pelacespred
 1.04852e+06 615735 297449 182002 168964 420821 164416 183868 116925 79339 152937 184543 200652 145620 145030 468718 411033 1.20708e+06 1.00376e+06 675600 1.21073e+06 1.03338e+06 761715 1.33106e+06 918206 782816 1.14569e+06 1.28275e+06 827161 517626 559050
mphobs
 0 0 0 0 0 0 0 0 0 0 0 498337 0 5186 125008 0 168611 109162 213762 579715 649985 157893 87575 83554 0 0 0 0 0 0 0
mphpred
 446642 289830 137606 73136.3 54802.9 56968.8 109005 48370.6 40807.4 25529.7 17775 49219.7 55195.7 44028.9 25575.2 32747.5 170962 141906 320834 237208 251108 318089 299549 226009 324559 257142 203320 236602 357707 223550 103453
desembarqueobs
 494567 514787 250237 358949 120608 361735 552515 73892 212993 205616 52469 317467 293654 387597 252695 516296 358380 742168 942051 627588 828172 859565 418607 520667 417249 300574 407403 355545 319650 289779 219260
desembarquepred
 494555 514371 250168 358973 120608 361679 552313 73893.1 212992 205609 52469.9 317463 293630 387454 252623 516150 358373 741961 941559 627276 828132 859390 418566 520650 417204 300538 407357 355494 319608 289751 219259
Reclutas
 153271 94350.4 90006.7 89209.8 71818.6 217131 65378.5 23958.7 31736.1 47702.4 85356.1 126471 102102 71521.2 64055.5 434370 63680.3 644061 368650 282340 417487 546532 88628.4 319612 251885 109032 279959 324658 68670.9 47442.5 186517
log_desv_Rt
 0.159965 -0.32523 -0.372361 -0.381254 -0.598102 0.508258 -0.692051 -1.69591 -1.41479 -1.00726 -0.425413 -0.0322341 -0.246277 -0.602251 -0.712495 1.20165 -0.718369 1.59555 1.0376 0.770868 1.16201 1.43135 -0.387793 0.894862 0.656727 -0.180607 0.762399 0.910528 -0.642919 -1.01273 0.356276
SSB
 2.03811e+06 1.32255e+06 627922 333735 250076 259960 497411 220724 186212 116497 81110.9 224599 251869 200912 116705 149433 780131 647546 1.46403e+06 1.08243e+06 1.14586e+06 1.4515e+06 1.3669e+06 1.03132e+06 1.48102e+06 1.17339e+06 927788 1.07966e+06 1.63229e+06 1.0201e+06 472076
BT
 2.84154e+06 1.92662e+06 928721 718695 488348 1.28362e+06 863288 490964 478394 377597 397000 688048 727660 736785 587585 1.4948e+06 1.22827e+06 3.44499e+06 3.21622e+06 2.12371e+06 3.46381e+06 3.18738e+06 2.12225e+06 3.55811e+06 2.50934e+06 2.07483e+06 3.06204e+06 3.31709e+06 2.17426e+06 1.48557e+06 1.4884e+06
Ftot
 0.211646 0.396727 0.395869 0.765554 0.32303 0.46424 1.09831 0.218864 0.847471 1.11584 0.202114 0.741274 0.691039 1.23187 0.926575 0.568207 0.351938 0.358439 0.480462 0.439269 0.337033 0.424901 0.256888 0.238012 0.237491 0.197647 0.236451 0.184225 0.172982 0.287257 0.228564
BD_Bspro_t
 0.966873 0.77427 0.565265 0.450483 0.363136 0.430519 0.497045 0.268389 0.300746 0.248953 0.234367 0.539093 0.431238 0.335523 0.220998 0.270877 0.539827 0.481086 0.614638 0.511287 0.479933 0.53586 0.551419 0.523195 0.641353 0.64284 0.643208 0.701672 0.765996 0.674541 0.578319
BD_Bspro
 2.19139 1.42201 0.675144 0.358833 0.268883 0.27951 0.534819 0.237323 0.200216 0.125258 0.0872108 0.24149 0.27081 0.216022 0.125481 0.160671 0.8388 0.696244 1.57413 1.16383 1.23203 1.56066 1.4697 1.10888 1.5924 1.26163 0.997561 1.16086 1.75504 1.09682 0.507578
BD_Bo
 1.27575 0.827848 0.393046 0.208901 0.156535 0.162721 0.311354 0.138162 0.116559 0.0729209 0.0507712 0.140587 0.157657 0.125761 0.0730511 0.0935374 0.488321 0.40533 0.916403 0.677543 0.717246 0.908563 0.855608 0.645553 0.927043 0.734481 0.580747 0.675812 1.02173 0.63853 0.295495
BD_Brms
 6.52148 4.23185 2.0092 1.06787 0.800185 0.83181 1.5916 0.706265 0.595834 0.372762 0.259536 0.718664 0.80592 0.642872 0.373428 0.478151 2.49623 2.072 4.68454 3.46351 3.66647 4.64446 4.37376 3.29998 4.73893 3.75457 2.9687 3.45466 5.22293 3.26408 1.51053
Sel_flota
 0.660964 0.973713 0.998581 0.999925 0.999996
 0.660964 0.973713 0.998581 0.999925 0.999996
 0.660964 0.973713 0.998581 0.999925 0.999996
 0.660964 0.973713 0.998581 0.999925 0.999996
 0.660964 0.973713 0.998581 0.999925 0.999996
 0.660964 0.973713 0.998581 0.999925 0.999996
 0.660964 0.973713 0.998581 0.999925 0.999996
 0.660964 0.973713 0.998581 0.999925 0.999996
 0.660964 0.973713 0.998581 0.999925 0.999996
 0.660964 0.973713 0.998581 0.999925 0.999996
 0.660964 0.973713 0.998581 0.999925 0.999996
 0.660964 0.973713 0.998581 0.999925 0.999996
 0.660964 0.973713 0.998581 0.999925 0.999996
 0.660964 0.973713 0.998581 0.999925 0.999996
 0.660964 0.973713 0.998581 0.999925 0.999996
 0.660964 0.973713 0.998581 0.999925 0.999996
 0.660964 0.973713 0.998581 0.999925 0.999996
 0.660964 0.973713 0.998581 0.999925 0.999996
 0.660964 0.973713 0.998581 0.999925 0.999996
 0.660964 0.973713 0.998581 0.999925 0.999996
 0.660964 0.973713 0.998581 0.999925 0.999996
 0.660964 0.973713 0.998581 0.999925 0.999996
 0.660964 0.973713 0.998581 0.999925 0.999996
 0.660964 0.973713 0.998581 0.999925 0.999996
 0.660964 0.973713 0.998581 0.999925 0.999996
 0.660964 0.973713 0.998581 0.999925 0.999996
 0.660964 0.973713 0.998581 0.999925 0.999996
 0.660964 0.973713 0.998581 0.999925 0.999996
 0.660964 0.973713 0.998581 0.999925 0.999996
 0.660964 0.973713 0.998581 0.999925 0.999996
 0.660964 0.973713 0.998581 0.999925 0.999996
Sel_reclas
 1 1 1 1 1
 1 1 1 1 1
 1 1 1 1 1
 1 1 1 1 1
 1 1 1 1 1
 1 1 1 1 1
 1 1 1 1 1
 1 1 1 1 1
 1 1 1 1 1
 1 1 1 1 1
 1 1 1 1 1
 1 1 1 1 1
 1 1 1 1 1
 1 1 1 1 1
 1 1 1 1 1
 1 1 1 1 1
 1 1 1 1 1
 1 1 1 1 1
 1 1 1 1 1
 1 1 1 1 1
 1 1 1 1 1
 1 1 1 1 1
 1 1 1 1 1
 1 1 1 1 1
 1 1 1 1 1
 1 1 1 1 1
 1 1 1 1 1
 1 1 1 1 1
 1 1 1 1 1
 1 1 1 1 1
 1 1 1 1 1
Sel_pelaces
 1 1 1 1 1
 1 1 1 1 1
 1 1 1 1 1
 1 1 1 1 1
 1 1 1 1 1
 1 1 1 1 1
 1 1 1 1 1
 1 1 1 1 1
 1 1 1 1 1
 1 1 1 1 1
 1 1 1 1 1
 1 1 1 1 1
 1 1 1 1 1
 1 1 1 1 1
 1 1 1 1 1
 1 1 1 1 1
 1 1 1 1 1
 1 1 1 1 1
 1 1 1 1 1
 1 1 1 1 1
 1 1 1 1 1
 1 1 1 1 1
 1 1 1 1 1
 1 1 1 1 1
 1 1 1 1 1
 1 1 1 1 1
 1 1 1 1 1
 1 1 1 1 1
 1 1 1 1 1
 1 1 1 1 1
 1 1 1 1 1
pf_obs 
 0.8446 0.082 0.0669 0.0065 0
 0.8095 0.147 0.0364 0.0071 0
 0.9664 0.0169 0.016 0.0007 0
 0.9276 0.0648 0.0075 0.0001 0
 0.7033 0.2144 0.0806 0.0017 0
 0.9318 0.0425 0.0243 0.0014 0
 0.5671 0.3108 0.0964 0.0239 0.0018
 0.0768 0.2599 0.5324 0.112 0.0189
 0.490249 0.384438 0.106611 0.0170017 0.00170017
 0.7925 0.1577 0.0466 0.003 0.0002
 0.840416 0.127587 0.0312969 0.00059994 9.999e-05
 0.8084 0.0986 0.0794 0.0134 0.0002
 0.7335 0.1905 0.0724 0.0035 0.0001
 0.4001 0.4547 0.1325 0.0127 0
 0.49795 0.308269 0.164784 0.0264974 0.00249975
 0.9179 0.0499 0.0305 0.0017 0
 0.2467 0.6533 0.0926 0.0074 0
 0.9418 0.0223 0.034 0.0019 0
 0.707729 0.231977 0.0356964 0.0245975 0
 0.517169 0.277429 0.184464 0.0207286 0.00020938
 0.811772 0.124168 0.05621 0.00726502 0.000585176
 0.764997 0.148141 0.077277 0.00933861 0.000247198
 0.163321 0.427699 0.378323 0.0303852 0.000271297
 0.753843 0.0900009 0.118128 0.0371064 0.000921714
 0.721811 0.176058 0.0630433 0.0369309 0.00215725
 0.143369 0.312575 0.442814 0.0836902 0.0175525
 0.692698 0.0596174 0.167031 0.0765114 0.00414204
 0.394062 0.376323 0.152708 0.0712218 0.00568511
 0.125707 0.32114 0.495352 0.0537591 0.00404204
 0.23352 0.215282 0.420074 0.123614 0.00750983
 0 0 0 0 0
pf_pred 
 0.43728 0.169605 0.362589 0.0305254 8.91831e-07
 0.42685 0.311196 0.0804696 0.16741 0.0140737
 0.564718 0.235102 0.110239 0.0276599 0.0622807
 0.635749 0.244895 0.0653844 0.0297444 0.0242268
 0.657194 0.256235 0.0589074 0.0151683 0.0124957
 0.845265 0.115675 0.029412 0.00656852 0.00307979
 0.433166 0.508543 0.0439249 0.0108222 0.00354404
 0.454524 0.316377 0.206426 0.0170951 0.00557842
 0.635221 0.204136 0.0942542 0.0598274 0.00656158
 0.804989 0.146723 0.0274838 0.012217 0.0085876
 0.862112 0.121732 0.0122848 0.00220564 0.00166575
 0.75484 0.221628 0.0208415 0.00204674 0.000644043
 0.688374 0.26109 0.0458416 0.00415857 0.000535855
 0.646967 0.277759 0.0634253 0.0107497 0.00109873
 0.762525 0.184117 0.0423808 0.00925291 0.00172435
 0.954504 0.0386336 0.00536706 0.00118798 0.000307053
 0.285489 0.694048 0.0174624 0.00234743 0.000652728
 0.903702 0.0367113 0.0579286 0.00141528 0.000242768
 0.570582 0.402169 0.0105793 0.0162074 0.000463156
 0.581377 0.283834 0.126492 0.00322428 0.00507219
 0.723298 0.190178 0.059245 0.0256026 0.00167639
 0.718335 0.225945 0.03865 0.011694 0.005376
 0.246705 0.602836 0.121429 0.0201475 0.00888349
 0.729703 0.0898038 0.145247 0.0284535 0.00679234
 0.585481 0.33387 0.0272955 0.0429475 0.0104062
 0.394936 0.412175 0.156214 0.0124246 0.0242498
 0.733896 0.13194 0.0921822 0.0340086 0.00797226
 0.674176 0.263247 0.0314648 0.021387 0.0097254
 0.254095 0.563852 0.147856 0.017207 0.0169896
 0.333499 0.225118 0.335827 0.0857519 0.019804
 0.797619 0.0883536 0.0392489 0.0569163 0.0178624
pobs_RECLAS
 0 0 0 0 0
 0 0 0 0 0
 0 0 0 0 0
 0 0 0 0 0
 0 0 0 0 0
 0 0 0 0 0
 0 0 0 0 0
 0 0 0 0 0
 0 0 0 0 0
 0 0 0 0 0
 0.991045 0.00858322 0.000360255 1.14367e-05 0
 0.934742 0.0480273 0.0164251 0.00080598 0
 0.827803 0.169806 0.00239088 0 0
 0.941827 0.0461693 0.0120037 0 0
 0.791401 0.0380133 0.147996 0.0225897 0
 0.846168 0.0940531 0.0597789 0 0
 0.134021 0.677848 0.182769 0.00536245 0
 0.80878 0.0450904 0.141981 0.00414843 0
 0.846168 0.0940531 0.0597789 0 0
 0.905697 0.0802665 0.012482 0.00150086 5.37128e-05
 0.989698 0.0102097 9.19794e-05 0 0
 0.975433 0.0193895 0.00387452 0.00125025 5.28907e-05
 0.303575 0.632131 0.0575291 0.00676475 0
 0.966965 0.00978017 0.0227588 0.000495775 0
 0.843318 0.132988 0.00938335 0.0141283 0.000182051
 0.564624 0.303363 0.111486 0.0197234 0.00080311
 0.826376 0.0876187 0.0782897 0.00655872 0.00115652
 0.89761 0.0855135 0.0140674 0.00269457 0.000114338
 0.34875 0.467042 0.161289 0.0227151 0.000203297
 0.318654 0.224769 0.449479 0.00709798 0
 0.937255 0.0296025 0.0250945 0.00804832 0
ppred_RECLAS
 0.539795 0.141224 0.294243 0.0247375 7.2268e-07
 0.529565 0.25861 0.0651342 0.135316 0.0113748
 0.66225 0.184684 0.0843483 0.021134 0.0475831
 0.728046 0.184544 0.0479171 0.0217658 0.0177269
 0.741778 0.194296 0.0435181 0.01119 0.00921773
 0.891704 0.0815053 0.0201804 0.00450046 0.00210998
 0.543097 0.411169 0.0344768 0.00848093 0.00277708
 0.555366 0.260687 0.165765 0.0137089 0.00447313
 0.729172 0.153485 0.0688917 0.0436626 0.00478832
 0.865891 0.101656 0.0184837 0.0082033 0.00576578
 0.902857 0.0860198 0.00846052 0.00151694 0.00114554
 0.824106 0.159431 0.0145822 0.00142993 0.000449918
 0.770559 0.193087 0.0329815 0.00298756 0.000384933
 0.742705 0.203749 0.0451295 0.00763636 0.00078045
 0.832133 0.13099 0.0292992 0.00638702 0.00119017
 0.96941 0.0260822 0.00352693 0.000779548 0.000201472
 0.373382 0.609126 0.0149299 0.00200418 0.000557243
 0.93428 0.0254621 0.0391391 0.000954891 0.000163783
 0.666026 0.313321 0.00802543 0.0122775 0.000350825
 0.67687 0.220954 0.0958956 0.00244093 0.00383959
 0.796966 0.140699 0.0427009 0.0184274 0.00120649
 0.793045 0.166889 0.0278034 0.00840039 0.00386156
 0.328325 0.540302 0.106053 0.0175721 0.00774739
 0.802995 0.0665984 0.10497 0.0205351 0.00490172
 0.67811 0.2606 0.0207625 0.0326233 0.00790407
 0.493717 0.347726 0.128445 0.0102019 0.0199103
 0.805688 0.0976195 0.0664656 0.0244873 0.00573987
 0.754908 0.199014 0.0231847 0.0157373 0.00715579
 0.336668 0.504581 0.128966 0.0149881 0.0147977
 0.430789 0.195619 0.284343 0.072505 0.0167435
 0.855791 0.0639062 0.0276661 0.0400645 0.0125727
pobs_PELACES
 0 0 0 0 0
 0 0 0 0 0
 0 0 0 0 0
 0 0 0 0 0
 0 0 0 0 0
 0 0 0 0 0
 0 0 0 0 0
 0 0 0 0 0
 0 0 0 0 0
 0 0 0 0 0
 0 0 0 0 0
 0 0 0 0 0
 0 0 0 0 0
 0 0 0 0 0
 0 0 0 0 0
 0 0 0 0 0
 0.505614 0.472636 0.0217494 0 0
 0 0 0 0 0
 0.443492 0.261883 0.143347 0.151278 0
 0.227955 0.32914 0.350689 0.0885471 0.00366901
 0.970185 0.0296113 0.000203453 0 0
 0.997202 0.00247181 0.000326279 0 0
 0.445219 0.490057 0.0546422 0.010081 0
 0.90214 0.0892962 0.00764917 0.000914606 0
 0 0 0 0 0
 0.581667 0.319106 0.0959925 0.00289975 0.000334073
 0.762889 0.0836404 0.116647 0.0363945 0.000428098
 0.88444 0.0763242 0.0277011 0.0115352 0
 0.521256 0.241999 0.230069 0.00667565 0
 0.616807 0.101726 0.260614 0.0208532 0
 0 0 0 0 0
ppred_PELACES
 0.545516 0.139637 0.290431 0.0244148 7.13249e-07
 0.540129 0.253187 0.0635611 0.132024 0.011098
 0.67166 0.17981 0.0818558 0.0205059 0.0461684
 0.743799 0.174214 0.0449515 0.0204118 0.0166238
 0.748238 0.189561 0.0423453 0.0108869 0.00896797
 0.896333 0.0780956 0.0192627 0.00429491 0.00201359
 0.571281 0.386157 0.032089 0.00788972 0.00258343
 0.56112 0.257506 0.163448 0.013516 0.00441015
 0.746677 0.144007 0.0641894 0.0406671 0.00445972
 0.878951 0.0919645 0.0165691 0.00734993 0.00516584
 0.904688 0.0844149 0.00828891 0.00148604 0.0011222
 0.835001 0.149642 0.0136038 0.00133355 0.000419585
 0.783077 0.182717 0.0310336 0.00281025 0.000362083
 0.76662 0.185201 0.0406087 0.00686765 0.000701865
 0.845291 0.120927 0.0268433 0.00584924 0.00108994
 0.971121 0.0246401 0.00331642 0.000732835 0.000189396
 0.381938 0.600858 0.0146847 0.00197096 0.000548004
 0.936623 0.0245989 0.0377012 0.000919663 0.00015774
 0.677018 0.303084 0.00773268 0.0118271 0.000337951
 0.686951 0.214306 0.0926754 0.0023585 0.0037099
 0.802673 0.136863 0.0414218 0.0178727 0.00117016
 0.80026 0.161182 0.0267591 0.00808334 0.00371578
 0.33429 0.535726 0.104934 0.0173846 0.00766468
 0.807055 0.065311 0.10274 0.0200967 0.00479705
 0.683519 0.256319 0.0203817 0.0320215 0.00775822
 0.498944 0.344313 0.126978 0.0100845 0.019681
 0.809631 0.0957324 0.0650544 0.0239648 0.00561738
 0.758463 0.196185 0.0228206 0.0154889 0.00704282
 0.340743 0.501653 0.128035 0.0148788 0.0146897
 0.438459 0.193286 0.28029 0.0714624 0.0165026
 0.858809 0.0626364 0.0270656 0.0391909 0.0122985
pobs_pel_tallas
 0 0 0 0 0 0 0 0 0 0 0 0 0 0 0 0 0 0 0 0 0 0 0 0 0 0
 0 0 0 0 0 0 0 0 0 0 0 0 0 0 0 0 0 0 0 0 0 0 0 0 0 0
 0 0 0 0 0 0 0 0 0 0 0 0 0 0 0 0 0 0 0 0 0 0 0 0 0 0
 0 0 0 0 0 0 0 0 0 0 0 0 0 0 0 0 0 0 0 0 0 0 0 0 0 0
 0 0 0 0 0 0 0 0 0 0 0 0 0 0 0 0 0 0 0 0 0 0 0 0 0 0
 0 0 0 0 0 0 0 0 0 0 0 0 0 0 0 0 0 0 0 0 0 0 0 0 0 0
 0 0 0 0 0 0 0 0 0 0 0 0 0 0 0 0 0 0 0 0 0 0 0 0 0 0
 0 0 0 0 0 0 0 0 0 0 0 0 0 0 0 0 0 0 0 0 0 0 0 0 0 0
 0 0 0 0 0 0 0 0 0 0 0 0 0 0 0 0 0 0 0 0 0 0 0 0 0 0
 0 0 0 0 0 0 0 0 0 0 0 0 0 0 0 0 0 0 0 0 0 0 0 0 0 0
 0 0 0 0 0 0 0 0 0 0 0 0 0 0 0 0 0 0 0 0 0 0 0 0 0 0
 0 0 0 0 0 0 0 0 0 0 0 0 0 0 0 0 0 0 0 0 0 0 0 0 0 0
 0.00862536 0 0 0.000197151 0.00414017 0.0128641 0.00837892 0.0270097 0.101434 0.158115 0.152841 0.127902 0.109271 0.109419 0.0830992 0.0579132 0.0238553 0.00714673 0.00463305 0.00128148 0.00103504 0.000492878 0.000147863 0.000147863 4.92878e-05 0
 0 0 0 0 0 0 0 0 0 0 0 0 0 0 0 0 0 0 0 0 0 0 0 0 0 0
 0 0 0 0 0 0 0 0.0054083 0.00873648 0.0413646 0.0450493 0.0745869 0.0622846 0.0627006 0.0613931 0.0827291 0.12552 0.122667 0.0946155 0.0697135 0.0546179 0.0294188 0.0215738 0.0213955 0.0102223 0.00600262
 0 0 0 0 0.00359764 0.0251062 0.0480494 0.140153 0.205849 0.193036 0.1447 0.116669 0.0760912 0.0342217 0.00950174 0.001854 0.000860785 0 0 0 0.000165536 0 0.000143464 0 0 0
 0 0 0 0 0 0 0 0.000145254 0.000435761 0.0275982 0.070085 0.0708112 0.156366 0.174668 0.174014 0.160142 0.0824315 0.0480064 0.0283245 0.00493863 0.00203355 0 0 0 0 0
 0 0 0 0 0 0 0 0 0 0 0 0 0 0 0 0 0 0 0 0 0 0 0 0 0 0
 0 0 1.00437e-05 0.000401748 0.00122533 0.00171747 0.00176769 0.0269171 0.070346 0.194647 0.189555 0.159765 0.064822 0.0314167 0.0384472 0.0292271 0.0345202 0.0313363 0.0194345 0.0106764 0.0143323 0.0359363 0.0279516 0.0138201 0.00172751 0
 0 0.0021121 0.0136068 0.0755702 0.200478 0.177729 0.0527432 0.0373336 0.0318909 0.0142505 0.0149659 0.0166563 0.0217959 0.0798694 0.0677717 0.0528807 0.04013 0.0224614 0.0357745 0.0225083 0.00881397 0.00855152 0.00135912 0.000746735 0 0
 0 0 0 0 5.4009e-05 0.00500934 0.000945158 0.0243581 0.138947 0.33067 0.221406 0.137944 0.0707744 0.0437923 0.0131692 0.00525238 0.0047753 0.00276346 9.45158e-05 9.00151e-06 2.25038e-05 9.00151e-06 4.50075e-06 0 0 0
 0.000866109 0.00284123 0.00948549 0.0512746 0.133035 0.25785 0.225252 0.132002 0.0553304 0.0519788 0.0540692 0.017754 0.00435017 0.00159236 0.00146478 0.000404838 0.000125132 0.000115318 0.000107957 0.000100596 0 0 0 0 0 0
 0 0 0 0 0.00144013 0.00171154 0.00461396 0.0210425 0.0478622 0.0707936 0.0888783 0.103762 0.0637923 0.0337046 0.0602308 0.124433 0.169614 0.0934646 0.0462172 0.0250306 0.0313229 0.00938855 0.002487 0.000210481 0 0
 0 0.00764035 0.051015 0.0998891 0.058973 0.0496711 0.0374665 0.0718981 0.12319 0.153886 0.159021 0.0857701 0.0377988 0.023471 0.0147837 0.00900784 0.00315554 0.000888139 0.00291439 0.00214683 0.00393193 0.00274676 0.000635225 9.99891e-05 0 0
 0 0 0 0 0 0 0 0 0 0 0 0 0 0 0 0 0 0 0 0 0 0 0 0 0 0
 0 0 0 0 0 0 0 0 0 0 0 0 0 0 0 0 0 0 0 0 0 0 0 0 0 0
 0 0 0 0 0 0 0 0 0 0 0 0 0 0 0 0 0 0 0 0 0 0 0 0 0 0
 0 0 0 0 0 0 0 0 0 0 0 0 0 0 0 0 0 0 0 0 0 0 0 0 0 0
 0 0 0 0 0 0 0 0 0 0 0 0 0 0 0 0 0 0 0 0 0 0 0 0 0 0
 0 0 0 0 0 0 0 0 0 0 0 0 0 0 0 0 0 0 0 0 0 0 0 0 0 0
 0 0 0 0 0 0 0 0 0 0 0 0 0 0 0 0 0 0 0 0 0 0 0 0 0 0
ppred_pel_tallas
 1.10866e-16 4.49335e-05 0.000436769 0.00290249 0.0131943 0.0410524 0.087467 0.127664 0.127677 0.0875351 0.0412821 0.0138631 0.00460159 0.00421331 0.00741437 0.0126994 0.0194823 0.0269784 0.0343271 0.0409894 0.0468056 0.0515952 0.0547257 0.0551796 0.0521561 0.0457128
 1.17018e-16 4.44898e-05 0.000432456 0.00287383 0.013064 0.0406471 0.0866039 0.126406 0.126431 0.0867236 0.0410494 0.0142271 0.00579844 0.00683411 0.0122553 0.0203359 0.0296531 0.0381053 0.0436366 0.0454463 0.0445052 0.0428416 0.0421403 0.0427448 0.043689 0.0435114
 1.12278e-16 5.53238e-05 0.000537767 0.00357365 0.0162453 0.0505453 0.107693 0.157184 0.157202 0.107778 0.0508317 0.017074 0.00565902 0.0051073 0.00878488 0.014572 0.0213128 0.0275059 0.0316714 0.0331755 0.0325964 0.0312555 0.0302923 0.0300224 0.0299677 0.0293572
 1.06203e-16 6.12658e-05 0.000595525 0.00395747 0.0179901 0.055974 0.119259 0.174066 0.174083 0.119341 0.0562503 0.0187888 0.00596422 0.00498315 0.00841482 0.0138699 0.0201078 0.0255769 0.0287464 0.0289367 0.0267199 0.0234972 0.0205995 0.0186167 0.0173536 0.0162469
 1.0388e-16 6.16314e-05 0.00059908 0.0039811 0.0180975 0.0563081 0.119971 0.175105 0.175123 0.12006 0.0566084 0.0189653 0.00616074 0.00536177 0.00912023 0.0150155 0.0217084 0.0274783 0.0306136 0.0303299 0.0272238 0.0228354 0.0186855 0.0155447 0.0133625 0.0116785
 1.01348e-16 7.38298e-05 0.000717652 0.00476905 0.0216794 0.0674527 0.143715 0.209758 0.209766 0.143752 0.0675765 0.0220371 0.00566756 0.0026813 0.00380964 0.00619822 0.00896141 0.0113528 0.0126638 0.0125672 0.0112997 0.00948381 0.00773451 0.00636494 0.00536175 0.00455474
 1.02254e-16 4.70557e-05 0.000457398 0.00303958 0.0138175 0.0429915 0.0915994 0.1337 0.133737 0.0917811 0.0436014 0.0155785 0.00745826 0.0100975 0.0183378 0.0301958 0.0433858 0.0543317 0.0594196 0.0569817 0.0482982 0.0367493 0.0258276 0.0175468 0.0121556 0.0088641
 1.06885e-16 4.62188e-05 0.000449263 0.00298551 0.0135717 0.0422268 0.0899696 0.131318 0.131343 0.0900919 0.0426381 0.0147623 0.00598359 0.00702549 0.0126275 0.0210414 0.030861 0.03996 0.0461557 0.0483703 0.0471436 0.0440205 0.0403714 0.0366551 0.0325836 0.0277973
 1.06723e-16 6.15028e-05 0.000597829 0.00397279 0.0180597 0.0561906 0.11972 0.174738 0.174752 0.119789 0.05642 0.0187234 0.00564292 0.00425746 0.00705265 0.0116707 0.0170649 0.0220143 0.0253213 0.0264554 0.0258419 0.0244874 0.0232534 0.0223668 0.0214758 0.0200691
 1.02114e-16 7.2398e-05 0.000703735 0.00467656 0.021259 0.0661446 0.140928 0.205691 0.2057 0.140972 0.0662902 0.0216796 0.00573282 0.00301099 0.00445863 0.00726819 0.0104918 0.0132571 0.0147305 0.0145374 0.0129818 0.0108326 0.00884857 0.00741286 0.00649051 0.00582866
 1.006e-16 7.4518e-05 0.000724341 0.0048135 0.0218815 0.0680815 0.145055 0.211714 0.211722 0.145095 0.0682148 0.0222666 0.0057799 0.00283301 0.00407638 0.00661355 0.00950194 0.0119111 0.0130493 0.0125529 0.0106996 0.00822286 0.00587845 0.00409869 0.00293278 0.00220714
 1.00636e-16 6.8778e-05 0.000668547 0.00444273 0.020196 0.0628373 0.133882 0.195408 0.195422 0.133953 0.0630737 0.0208785 0.00615526 0.00440483 0.00715817 0.0117078 0.0168181 0.0210619 0.0230333 0.022081 0.018694 0.0141751 0.00987458 0.00657713 0.00439281 0.00303546
 1.01286e-16 6.45011e-05 0.000626973 0.00416646 0.0189401 0.0589299 0.125557 0.183258 0.183275 0.125643 0.0592189 0.0197751 0.00626275 0.00520412 0.00875993 0.0143863 0.0207315 0.0260964 0.0287884 0.0280156 0.0243426 0.0192876 0.014401 0.0105507 0.00782502 0.00589279
 1.02027e-16 6.31455e-05 0.000613797 0.0040789 0.0185421 0.0576914 0.122918 0.179407 0.179425 0.123006 0.0579848 0.0193896 0.00620735 0.00526372 0.00890442 0.0146474 0.0211552 0.0267293 0.0296759 0.0292022 0.0258666 0.0211625 0.0165908 0.0129544 0.0102865 0.00823481
 1.01577e-16 6.96255e-05 0.000676785 0.00449747 0.0204449 0.0636117 0.135532 0.197815 0.197827 0.135589 0.0638032 0.0209983 0.00588751 0.00371377 0.00584477 0.00957159 0.0138262 0.01748 0.0194293 0.0191607 0.0170419 0.0140475 0.011152 0.00886819 0.00720243 0.00590974
 1.00208e-16 7.999e-05 0.000777531 0.00516697 0.0234883 0.0730808 0.155706 0.227259 0.227261 0.155718 0.0731197 0.0236008 0.00544939 0.00139401 0.00125065 0.00194056 0.00278663 0.00350178 0.00385307 0.00373451 0.0032252 0.00253452 0.00187637 0.00137047 0.00102747 0.000797301
 1.00868e-16 3.14599e-05 0.000305801 0.00203216 0.00923793 0.0287429 0.061242 0.0893966 0.0894544 0.0615244 0.0296907 0.0119738 0.0088939 0.0152662 0.0283885 0.0467365 0.0669803 0.0835078 0.0906214 0.0856944 0.0707755 0.0512946 0.0329456 0.0191352 0.0104431 0.00568466
 1.01214e-16 7.71484e-05 0.00074991 0.00498341 0.0226539 0.0704846 0.150175 0.219185 0.219188 0.150187 0.0705246 0.0227701 0.00527763 0.00140052 0.00133709 0.00215152 0.00323816 0.0043749 0.00538012 0.00615085 0.00668549 0.00702 0.00714045 0.00696443 0.00641078 0.00548937
 1.01544e-16 5.57652e-05 0.000542057 0.00360216 0.0163749 0.0509486 0.108552 0.158442 0.158471 0.108695 0.0514268 0.0177553 0.00706448 0.00809179 0.0143691 0.0236019 0.0338431 0.0422452 0.0459524 0.0436626 0.0364266 0.0269823 0.0181722 0.0116527 0.00763339 0.00543681
 1.03594e-16 5.65833e-05 0.000550009 0.00365501 0.0166151 0.051696 0.110145 0.160764 0.160784 0.110246 0.0520369 0.0176009 0.00613385 0.00597621 0.0104052 0.0172247 0.0250668 0.0320574 0.036299 0.0368725 0.0343145 0.0301285 0.0257636 0.0219041 0.0184911 0.0152138
 1.03221e-16 6.61151e-05 0.000642663 0.00427072 0.0194141 0.0604045 0.128699 0.187842 0.187855 0.128763 0.0606217 0.020042 0.00584892 0.00409433 0.00664051 0.0109238 0.0158487 0.0201828 0.0227146 0.0228878 0.0211108 0.0184317 0.0158518 0.0138252 0.0122454 0.0107725
 1.02253e-16 6.59164e-05 0.000640731 0.00425788 0.0193557 0.0602229 0.128312 0.187278 0.187294 0.128388 0.0604779 0.0200925 0.00610759 0.00467996 0.007741 0.0127034 0.0183179 0.0230882 0.0255358 0.0249818 0.0219433 0.0177693 0.013817 0.0108142 0.00877649 0.00733909
 1.06206e-16 2.75352e-05 0.000267652 0.00177864 0.00808548 0.0251572 0.053602 0.0782445 0.0782962 0.0538546 0.0260053 0.0105357 0.00793115 0.0137058 0.02557 0.0422833 0.0610343 0.0770139 0.0853179 0.0836603 0.0736957 0.0598175 0.0464559 0.0360033 0.0285706 0.0230855
 1.05809e-16 6.64761e-05 0.000646171 0.00429403 0.0195201 0.0607342 0.129401 0.188866 0.188872 0.129432 0.0608406 0.0198295 0.00507802 0.00238202 0.00343488 0.00576096 0.00873133 0.0118995 0.0148358 0.0173147 0.0193657 0.02108 0.0223582 0.022855 0.0221867 0.0202151
 1.05178e-16 5.63006e-05 0.000547262 0.00363675 0.0165322 0.0514378 0.109595 0.159962 0.159986 0.109715 0.0518428 0.0177018 0.00657223 0.00695375 0.012219 0.0201018 0.0289349 0.0363646 0.0400492 0.0389521 0.0339839 0.0274059 0.021474 0.0173637 0.0150015 0.0136105
 1.08095e-16 4.10974e-05 0.000399482 0.0026547 0.0120679 0.0375479 0.0800009 0.116771 0.116804 0.0801638 0.0380949 0.0136495 0.00663084 0.00909919 0.0166214 0.0275647 0.040057 0.0511104 0.0576817 0.0583372 0.0540353 0.0473273 0.0406695 0.0352123 0.0307829 0.0266753
 1.05256e-16 6.66883e-05 0.000648234 0.00430774 0.0195824 0.0609281 0.129814 0.189469 0.189479 0.12986 0.0610813 0.0200261 0.00542584 0.0031035 0.00477239 0.00789668 0.0116344 0.0151925 0.0178047 0.0191196 0.0193687 0.0191135 0.0187865 0.0184166 0.0177168 0.0163863
 1.03454e-16 6.24736e-05 0.000607266 0.00403549 0.0183448 0.0570775 0.12161 0.177498 0.177517 0.121703 0.0573877 0.0192406 0.00628409 0.00551575 0.00938422 0.015415 0.0222021 0.0279308 0.0308032 0.0300098 0.0262186 0.0211255 0.0164323 0.0130431 0.0109434 0.00960815
 1.07802e-16 2.80667e-05 0.000272818 0.00181298 0.00824155 0.0256428 0.0546365 0.0797537 0.0798021 0.0548732 0.0264379 0.0105393 0.00758505 0.0128875 0.0240274 0.0397863 0.0575638 0.0729145 0.0812997 0.0805954 0.0722971 0.0603827 0.0488074 0.0396221 0.0328141 0.027376
 1.18098e-16 3.61153e-05 0.000351054 0.00233288 0.0106049 0.032996 0.0703022 0.102612 0.102631 0.0703954 0.0333103 0.0115183 0.00464583 0.00546779 0.00995252 0.0169177 0.0255902 0.0347523 0.0431333 0.0500953 0.0558065 0.0606621 0.0644932 0.0663444 0.0650371 0.0600115
 1.06809e-16 7.07389e-05 0.000687608 0.0045694 0.0207718 0.0646288 0.137699 0.200977 0.200983 0.137729 0.0647288 0.0210612 0.00529809 0.00228638 0.0031315 0.0051315 0.00754828 0.00985342 0.0115795 0.0125646 0.0130567 0.0135187 0.0142752 0.0152797 0.0161523 0.0164189
pSPR Fmed_Fpbrs
0.527212   0.245623 0.245623
Fs Fmed_Fpbrs
0.395124   1.005 1.005
SSBpbr Bo_Bmed_Bpbrs
1.59758e+06  762383  312523 312523
Ro
130614
SPR SPRFo_SPRFmed_SPRFpbrs
930056 490337 228443
Fref
1.005
log_Ro
11.6
likeval ReclasPelacesDesembMPH_pf_preclas_ppelaces_ptallas_desvR_qrecl_qpela
 11.6134 26.5647 0.00968495 0.000869091 229.391 119.385 83.6774 0 31.2259 2.58374e-06 0 0.0199292 0 0 0
q_reclas_q_pelaces
1.2558 1
M
1
N
 153271 41448.9 86587.3 7280.59 0.212696
 94350.4 49024.5 12408.5 25785.4 2167.58
 90006.7 26703.5 12256.1 3071.65 6915.9
 89209.8 25488.5 6681.42 3036.53 2473.12
 71818.6 19786.3 4449.53 1144.38 942.688
 217131 21341 5314.56 1185.58 555.851
 65378.5 58771.5 4995.79 1229.82 402.721
 23958.7 11637.7 7420.32 613.76 200.267
 31736.1 7626.83 3459.56 2193.87 240.601
 47702.4 6667.92 1229.34 546.005 383.781
 85356.1 8393.43 827.618 148.409 112.074
 126471 27474 2536.15 248.819 78.2911
 102102 28504.3 4910.88 445.048 57.3438
 71521.2 23788.8 5350.46 906.1 92.6091
 64055.5 11655.4 2637.23 575.256 107.198
 434370 12772.8 1739.43 384.608 99.4027
 63680.3 109764 2702.14 362.821 100.88
 644061 18564.6 28664.1 699.498 119.98
 368650 186957 4817.43 7372.2 210.661
 282340 98719.1 43079.5 1096.87 1725.41
 417487 77693.5 23678.3 10220.6 669.174
 546532 122914 20585.8 6221.45 2859.97
 88628.4 151828 29896.9 4954.52 2184.42
 319612 27513 43493.6 8509.92 2031.33
 251885 100463 8027.74 12615.7 3056.59
 109032 79201.8 29328 2329.72 4546.76
 279959 35198.4 24035.9 8856.7 2076.05
 324658 88090 10285.8 6982.68 3175.06
 68670.9 105742 27084.9 3148.11 3108.13
 47442.5 22533.2 32870.4 8383.29 1935.96
 186517 14435 6266.92 9076.81 2848.44
pred_Ctot
 12793.5 4962.12 10608.2 893.079 0.0260922
 14053.4 10245.7 2649.34 5511.72 463.356
 13380.5 5570.53 2612.01 655.376 1475.68
 23325.7 8985.23 2398.96 1091.33 888.884
 8881.26 3462.74 796.07 204.982 168.866
 37182.7 5088.47 1293.82 288.945 135.478
 22603.7 26537.1 2292.11 564.731 184.937
 2064.01 1436.68 937.389 77.6298 25.3319
 9000.37 2892.38 1335.48 847.688 92.9703
 16685.5 3041.23 569.674 253.231 178.001
 6821.21 963.165 97.1998 17.4515 13.1797
 32215.2 9458.67 889.475 87.3512 27.4866
 24554.3 9313.08 1635.17 148.336 19.1139
 26867.7 11535 2633.97 446.421 45.629
 19478.1 4703.14 1082.59 236.359 44.0472
 88625.9 3587.13 498.333 110.304 28.5099
 8514.18 20698.7 520.784 70.0076 19.4664
 87552.5 3556.66 5612.24 137.115 23.5198
 65060.2 45857 1206.29 1848.04 52.811
 46047.7 22481 10018.7 255.378 401.741
 53666 14110.5 4395.76 1899.61 124.382
 86544.7 27221.7 4656.54 1408.89 647.698
 8870.81 21676.3 4366.24 724.448 319.425
 29789.5 3666.16 5929.58 1161.59 277.291
 23428.8 13360.3 1092.27 1718.6 416.419
 8530.92 8903.3 3374.35 268.38 523.814
 25933.3 4662.32 3257.4 1201.74 281.712
 23763 9278.78 1109.05 753.836 342.796
 4733.88 10504.8 2754.62 320.573 316.523
 5267 3555.33 5303.78 1354.29 312.768
 16736.6 1853.94 823.567 1194.29 374.81
F
 0.13989 0.206082 0.211346 0.21163 0.211645
 0.262222 0.386298 0.396164 0.396697 0.396725
 0.261655 0.385463 0.395308 0.39584 0.395868
 0.506003 0.745429 0.764467 0.765496 0.765551
 0.213511 0.314538 0.322571 0.323005 0.323028
 0.306846 0.452036 0.463581 0.464205 0.464238
 0.725941 1.06943 1.09675 1.09822 1.0983
 0.144661 0.213111 0.218554 0.218848 0.218863
 0.560148 0.825193 0.846268 0.847408 0.847468
 0.737533 1.08651 1.11426 1.11576 1.11584
 0.13359 0.196801 0.201827 0.202099 0.202113
 0.489956 0.721788 0.740223 0.741219 0.741272
 0.456752 0.672873 0.690058 0.690987 0.691036
 0.814221 1.19949 1.23012 1.23178 1.23186
 0.612433 0.902218 0.92526 0.926506 0.926571
 0.375565 0.553271 0.567401 0.568165 0.568205
 0.232618 0.342686 0.351439 0.351912 0.351937
 0.236915 0.349017 0.357931 0.358412 0.358438
 0.317568 0.467832 0.47978 0.480426 0.48046
 0.290341 0.427721 0.438645 0.439236 0.439267
 0.222766 0.328173 0.336554 0.337007 0.337031
 0.280844 0.413731 0.424298 0.424869 0.424899
 0.169794 0.250135 0.256524 0.256869 0.256887
 0.157317 0.231755 0.237674 0.237994 0.238011
 0.156973 0.231248 0.237154 0.237473 0.23749
 0.130637 0.192451 0.197366 0.197632 0.197646
 0.156285 0.230235 0.236115 0.236433 0.23645
 0.121766 0.179382 0.183964 0.184211 0.184224
 0.114335 0.168434 0.172736 0.172969 0.172981
 0.189866 0.279706 0.286849 0.287235 0.287256
 0.151072 0.222555 0.228239 0.228546 0.228563
nmprior
 8 9 7.5 0
nm_flota  nm_reclas  nm_pelaces    nm_pelaL
inf 15.5222 12.5075 20.7303
cv_recla  cv_pelaces  cv_mph
0.308251 0.60648 0.909783
 ------------------------------------------------
Talla a la edad & desviación 
 8 13.2811 15.8009 17.003 17.5766
 0.8 1.32811 1.58009 1.7003 1.75766
