years
 1991 1992 1993 1994 1995 1996 1997 1998 1999 2000 2001 2002 2003 2004 2005 2006 2007 2008 2009 2010 2011 2012 2013 2014 2015 2016 2017 2018 2019 2020 2021
reclasobs
 0 0 0 0 0 0 0 0 0 252601 567819 844713 477998 351125 339783 2.1784e+06 2.13404e+06 4.81314e+06 1.55562e+06 2.62356e+06 3.21686e+06 3.843e+06 1.13348e+06 3.07943e+06 1.97215e+06 2.03268e+06 2.025e+06 2.42433e+06 2.27542e+06 1.05018e+06 2.36338e+06
reclaspred
 3.26974e+06 1.77795e+06 899653 915199 923579 1.64908e+06 902113 766054 536643 353449 502523 696360 682441 498293 484800 1.37642e+06 1.17279e+06 3.13347e+06 2.46949e+06 1.83362e+06 3.15326e+06 2.5705e+06 1.91181e+06 3.05918e+06 2.25585e+06 1.9776e+06 2.41001e+06 2.64723e+06 2.05905e+06 1.19577e+06 1.95043e+06
pelacesobs
 0 0 0 0 0 0 0 0 0 0 0 0 0 0 0 552880 188675 0 991730 2.46772e+06 1.41603e+06 1.21717e+06 2.29649e+06 1.80582e+06 0 1.4828e+06 1.56532e+06 1.57751e+06 1.42118e+06 867257 0
pelacespred
 1.8742e+06 1.10884e+06 543226 445544 497250 909023 438042 498871 314981 187486 290848 333780 363833 265924 267712 643210 576704 1.76183e+06 1.42036e+06 956627 1.66568e+06 1.41458e+06 1.10183e+06 1.91631e+06 1.36881e+06 1.20937e+06 1.65701e+06 1.79711e+06 1.19309e+06 764311 1.14756e+06
mphobs
 0 0 0 0 0 0 0 0 0 0 0 498337 0 5186 125008 0 168611 109162 213762 579715 649985 157893 87575 83554 0 0 0 0 0 0 0
mphpred
 507192 339367 161753 89820.4 96653.5 116815 164213 84870.4 76260.3 46283 27665.4 61454 66251.5 53514.4 31685.3 40415.2 153908 129521 313844 216451 235340 286400 273164 212992 312183 255673 206960 227027 331861 208428 104961
desembarqueobs
 494567 514787 250237 358949 120608 361735 552515 73892 212993 205616 52469 317467 293654 387597 252695 516296 358380 742168 942051 627588 828172 859565 418607 520667 417249 300574 407403 355545 319650 289779 219260
desembarquepred
 494568 513932 250615 358984 120613 361737 552519 73897.4 213054 205671 52471.7 317521 293678 387547 252660 516206 358407 741999 941720 627344 828247 859507 418598 520685 417227 300566 407389 355509 319623 289780 219263
Reclutas
 166066 92191.7 92368.2 135266 109469 207573 79425.8 32871.8 32748.2 44176.3 82484.4 123339 102692 72396.5 64899.7 348386 65000.1 562096 314488 263314 341718 477912 89974.2 269171 229958 99845.6 226404 256876 70523.3 52065.6 239270
log_desv_Rt
 0.240143 -0.348374 -0.346462 0.0349955 -0.176607 0.463238 -0.497422 -1.37963 -1.3834 -1.08406 -0.459635 -0.057309 -0.240506 -0.590087 -0.699402 0.981066 -0.697856 1.45943 0.878701 0.701102 0.961741 1.29718 -0.372722 0.723102 0.565653 -0.26862 0.550077 0.676349 -0.616301 -0.919741 0.605348
SSB
 1.87219e+06 1.2527e+06 597075 331552 356775 431197 606155 313280 281498 170844 102121 226844 244553 197537 116959 149184 568117 478098 1.15849e+06 798981 868706 1.05718e+06 1.00833e+06 786214 1.15236e+06 943762 763946 838021 1.22499e+06 769367 387440
BT
 2.67521e+06 1.83719e+06 895269 848800 706368 1.44979e+06 1.0216e+06 682315 599830 429339 412148 681112 720343 736420 592657 1.24005e+06 982859 2.90464e+06 2.65619e+06 1.73303e+06 2.76542e+06 2.54591e+06 1.7049e+06 2.90443e+06 2.05934e+06 1.74839e+06 2.50031e+06 2.61265e+06 1.70101e+06 1.21059e+06 1.64189e+06
Ftot
 0.223436 0.413231 0.40663 0.622877 0.208882 0.369846 0.864656 0.152113 0.612737 0.884187 0.188195 0.734654 0.688243 1.20518 0.887051 0.682674 0.458758 0.423964 0.595359 0.545968 0.429773 0.541623 0.327977 0.291826 0.289992 0.234411 0.286263 0.231948 0.225367 0.35598 0.201815
BD_Bspro_t
 0.965029 0.764169 0.549749 0.448576 0.43915 0.536588 0.542794 0.341891 0.395843 0.328052 0.280877 0.549877 0.429462 0.334355 0.221786 0.268736 0.463207 0.409579 0.557287 0.436345 0.410018 0.455234 0.472022 0.449533 0.576931 0.58619 0.591086 0.643115 0.709519 0.609231 0.526888
BD_Bspro
 2.01298 1.34691 0.641978 0.356486 0.383606 0.463624 0.65174 0.33684 0.302668 0.183692 0.109801 0.243903 0.262944 0.212392 0.125755 0.160403 0.610841 0.514053 1.24561 0.859067 0.934036 1.13669 1.08416 0.84534 1.23902 1.01474 0.821398 0.901043 1.31712 0.827226 0.416577
BD_Bo
 1.33148 0.890906 0.424633 0.235796 0.253735 0.306662 0.431091 0.222801 0.200198 0.121502 0.0726272 0.161329 0.173923 0.140486 0.0831801 0.106098 0.404038 0.340018 0.823902 0.568226 0.617814 0.751857 0.71711 0.559146 0.819543 0.671193 0.54331 0.595991 0.8712 0.547165 0.275543
BD_Brms
 7.0864 4.74158 2.25998 1.25496 1.35043 1.63212 2.29435 1.18579 1.0655 0.646658 0.386537 0.858625 0.925655 0.747694 0.442701 0.564675 2.15037 1.80965 4.38497 3.02421 3.28813 4.00154 3.8166 2.97589 4.36177 3.57223 2.89161 3.17199 4.6367 2.91212 1.46649
Sel_flota
 0.691538 0.977062 0.998766 0.999935 0.999997
 0.691538 0.977062 0.998766 0.999935 0.999997
 0.691538 0.977062 0.998766 0.999935 0.999997
 0.691538 0.977062 0.998766 0.999935 0.999997
 0.691538 0.977062 0.998766 0.999935 0.999997
 0.691538 0.977062 0.998766 0.999935 0.999997
 0.691538 0.977062 0.998766 0.999935 0.999997
 0.691538 0.977062 0.998766 0.999935 0.999997
 0.691538 0.977062 0.998766 0.999935 0.999997
 0.691538 0.977062 0.998766 0.999935 0.999997
 0.691538 0.977062 0.998766 0.999935 0.999997
 0.691538 0.977062 0.998766 0.999935 0.999997
 0.691538 0.977062 0.998766 0.999935 0.999997
 0.691538 0.977062 0.998766 0.999935 0.999997
 0.691538 0.977062 0.998766 0.999935 0.999997
 0.691538 0.977062 0.998766 0.999935 0.999997
 0.691538 0.977062 0.998766 0.999935 0.999997
 0.691538 0.977062 0.998766 0.999935 0.999997
 0.691538 0.977062 0.998766 0.999935 0.999997
 0.691538 0.977062 0.998766 0.999935 0.999997
 0.691538 0.977062 0.998766 0.999935 0.999997
 0.691538 0.977062 0.998766 0.999935 0.999997
 0.691538 0.977062 0.998766 0.999935 0.999997
 0.691538 0.977062 0.998766 0.999935 0.999997
 0.691538 0.977062 0.998766 0.999935 0.999997
 0.691538 0.977062 0.998766 0.999935 0.999997
 0.691538 0.977062 0.998766 0.999935 0.999997
 0.691538 0.977062 0.998766 0.999935 0.999997
 0.691538 0.977062 0.998766 0.999935 0.999997
 0.691538 0.977062 0.998766 0.999935 0.999997
 0.691538 0.977062 0.998766 0.999935 0.999997
Sel_reclas
 1 1 1 1 1
 1 1 1 1 1
 1 1 1 1 1
 1 1 1 1 1
 1 1 1 1 1
 1 1 1 1 1
 1 1 1 1 1
 1 1 1 1 1
 1 1 1 1 1
 1 1 1 1 1
 1 1 1 1 1
 1 1 1 1 1
 1 1 1 1 1
 1 1 1 1 1
 1 1 1 1 1
 1 1 1 1 1
 1 1 1 1 1
 1 1 1 1 1
 1 1 1 1 1
 1 1 1 1 1
 1 1 1 1 1
 1 1 1 1 1
 1 1 1 1 1
 1 1 1 1 1
 1 1 1 1 1
 1 1 1 1 1
 1 1 1 1 1
 1 1 1 1 1
 1 1 1 1 1
 1 1 1 1 1
 1 1 1 1 1
Sel_pelaces
 0.917818 1 1 1 1
 0.917818 1 1 1 1
 0.917818 1 1 1 1
 0.917818 1 1 1 1
 0.917818 1 1 1 1
 0.917818 1 1 1 1
 0.917818 1 1 1 1
 0.917818 1 1 1 1
 0.917818 1 1 1 1
 0.917818 1 1 1 1
 0.917818 1 1 1 1
 0.917818 1 1 1 1
 0.917818 1 1 1 1
 0.917818 1 1 1 1
 0.917818 1 1 1 1
 0.917818 1 1 1 1
 0.917818 1 1 1 1
 0.917818 1 1 1 1
 0.917818 1 1 1 1
 0.917818 1 1 1 1
 0.917818 1 1 1 1
 0.917818 1 1 1 1
 0.917818 1 1 1 1
 0.917818 1 1 1 1
 0.917818 1 1 1 1
 0.917818 1 1 1 1
 0.917818 1 1 1 1
 0.917818 1 1 1 1
 0.917818 1 1 1 1
 0.917818 1 1 1 1
 0.917818 1 1 1 1
pf_obs 
 0.8446 0.082 0.0669 0.0065 0
 0.8095 0.147 0.0364 0.0071 0
 0.9664 0.0169 0.016 0.0007 0
 0.9276 0.0648 0.0075 0.0001 0
 0.7033 0.2144 0.0806 0.0017 0
 0.9318 0.0425 0.0243 0.0014 0
 0.5671 0.3108 0.0964 0.0239 0.0018
 0.0768 0.2599 0.5324 0.112 0.0189
 0.490249 0.384438 0.106611 0.0170017 0.00170017
 0.7925 0.1577 0.0466 0.003 0.0002
 0.840416 0.127587 0.0312969 0.00059994 9.999e-05
 0.8084 0.0986 0.0794 0.0134 0.0002
 0.7335 0.1905 0.0724 0.0035 0.0001
 0.4001 0.4547 0.1325 0.0127 0
 0.49795 0.308269 0.164784 0.0264974 0.00249975
 0.9179 0.0499 0.0305 0.0017 0
 0.2467 0.6533 0.0926 0.0074 0
 0.9418 0.0223 0.034 0.0019 0
 0.707729 0.231977 0.0356964 0.0245975 0
 0.517169 0.277429 0.184464 0.0207286 0.00020938
 0.811772 0.124168 0.05621 0.00726502 0.000585176
 0.764997 0.148141 0.077277 0.00933861 0.000247198
 0.163321 0.427699 0.378323 0.0303852 0.000271297
 0.753843 0.0900009 0.118128 0.0371064 0.000921714
 0.721811 0.176058 0.0630433 0.0369309 0.00215725
 0.143369 0.312575 0.442814 0.0836902 0.0175525
 0.692698 0.0596174 0.167031 0.0765114 0.00414204
 0.394062 0.376323 0.152708 0.0712218 0.00568511
 0.125707 0.32114 0.495352 0.0537591 0.00404204
 0.23352 0.215282 0.420074 0.123614 0.00750983
 0 0 0 0 0
pf_pred 
 0.490547 0.143627 0.341757 0.0240683 8.77273e-07
 0.433121 0.331789 0.0674246 0.156647 0.0110182
 0.589627 0.219638 0.112906 0.0223444 0.055485
 0.732058 0.183389 0.045823 0.0229399 0.01579
 0.665302 0.271136 0.0439154 0.0106551 0.00899128
 0.765164 0.174134 0.049397 0.0078135 0.00349099
 0.463125 0.44535 0.0683265 0.0188838 0.00431544
 0.462651 0.313924 0.186382 0.0276668 0.00937708
 0.557316 0.244961 0.116625 0.0676658 0.013432
 0.742671 0.170958 0.0484365 0.0223895 0.0155444
 0.848243 0.125353 0.0177419 0.00486196 0.0038008
 0.759085 0.214312 0.0220655 0.00305037 0.00148748
 0.704918 0.246013 0.0438009 0.00437095 0.000897374
 0.660252 0.268756 0.059488 0.0102709 0.00123332
 0.770911 0.17723 0.0413539 0.00880624 0.00169946
 0.945589 0.0460895 0.00648661 0.00146359 0.000371143
 0.368772 0.608976 0.018937 0.0025854 0.000730079
 0.918065 0.0383248 0.0421132 0.00127452 0.000222815
 0.592471 0.384878 0.0107456 0.0114965 0.000408171
 0.641058 0.248381 0.104587 0.00283615 0.00313719
 0.736997 0.192895 0.0489365 0.0200294 0.00114216
 0.756525 0.196858 0.0344365 0.00850555 0.00367451
 0.311225 0.569272 0.0971485 0.0165204 0.00583424
 0.748913 0.100322 0.125155 0.0208255 0.00478556
 0.62888 0.302527 0.0278183 0.0338556 0.00691878
 0.427662 0.407788 0.134764 0.0120895 0.0176964
 0.733926 0.138463 0.0915527 0.0295388 0.00652013
 0.686784 0.251323 0.032595 0.0210271 0.00827073
 0.326119 0.512447 0.130158 0.0164815 0.0147951
 0.415956 0.240729 0.262572 0.0651166 0.0156269
 0.856518 0.0739894 0.0290808 0.0309177 0.00949439
pobs_RECLAS
 0 0 0 0 0
 0 0 0 0 0
 0 0 0 0 0
 0 0 0 0 0
 0 0 0 0 0
 0 0 0 0 0
 0 0 0 0 0
 0 0 0 0 0
 0 0 0 0 0
 0 0 0 0 0
 0.991045 0.00858322 0.000360255 1.14367e-05 0
 0.934742 0.0480273 0.0164251 0.00080598 0
 0.827803 0.169806 0.00239088 0 0
 0.941827 0.0461693 0.0120037 0 0
 0.791401 0.0380133 0.147996 0.0225897 0
 0.846168 0.0940531 0.0597789 0 0
 0.134021 0.677848 0.182769 0.00536245 0
 0.80878 0.0450904 0.141981 0.00414843 0
 0.846168 0.0940531 0.0597789 0 0
 0.905697 0.0802665 0.012482 0.00150086 5.37128e-05
 0.989698 0.0102097 9.19794e-05 0 0
 0.975433 0.0193895 0.00387452 0.00125025 5.28907e-05
 0.303575 0.632131 0.0575291 0.00676475 0
 0.966965 0.00978017 0.0227588 0.000495775 0
 0.843318 0.132988 0.00938335 0.0141283 0.000182051
 0.564624 0.303363 0.111486 0.0197234 0.00080311
 0.826376 0.0876187 0.0782897 0.00655872 0.00115652
 0.89761 0.0855135 0.0140674 0.00269457 0.000114338
 0.34875 0.467042 0.161289 0.0227151 0.000203297
 0.318654 0.224769 0.449479 0.00709798 0
 0.937255 0.0296025 0.0250945 0.00804832 0
ppred_RECLAS
 0.581785 0.119822 0.278782 0.0196098 7.1472e-07
 0.524773 0.280893 0.0557845 0.129445 0.00910432
 0.675132 0.175771 0.0883038 0.0174542 0.0433391
 0.798995 0.138625 0.0338262 0.0169126 0.0116405
 0.739359 0.21205 0.0335841 0.00813871 0.00686741
 0.824039 0.131252 0.0363912 0.00574927 0.00256855
 0.558694 0.367623 0.0550246 0.0151874 0.00347049
 0.55212 0.264096 0.153343 0.0227355 0.00770526
 0.647457 0.197187 0.0916829 0.0531274 0.0105454
 0.809816 0.127423 0.0352173 0.0162575 0.0112863
 0.8885 0.092462 0.0127972 0.00350276 0.00273808
 0.82098 0.159676 0.0160478 0.00221562 0.00108035
 0.776467 0.187102 0.0325233 0.0032414 0.000665427
 0.744506 0.203223 0.0438104 0.0075534 0.000906943
 0.831977 0.13072 0.0297539 0.00632766 0.00122105
 0.961913 0.0323808 0.00444942 0.00100265 0.00025424
 0.456011 0.525239 0.0159595 0.00217621 0.000614491
 0.941993 0.0274658 0.0294938 0.000891508 0.000155846
 0.677347 0.305127 0.00832017 0.00889043 0.000315623
 0.721325 0.194228 0.0798905 0.00216373 0.00239323
 0.801504 0.146487 0.0363165 0.0148459 0.00084652
 0.817864 0.147928 0.0252782 0.00623574 0.00269374
 0.3929 0.503752 0.0840349 0.0142731 0.00504028
 0.811613 0.0763043 0.0930623 0.0154667 0.00355392
 0.707998 0.239052 0.0214898 0.0261221 0.00533802
 0.5168 0.346514 0.111969 0.0100325 0.0146846
 0.798901 0.105802 0.0683926 0.0220398 0.00486456
 0.757993 0.195064 0.0247363 0.0159383 0.00626874
 0.408893 0.451931 0.112238 0.0141954 0.0127421
 0.50761 0.205713 0.219318 0.0543237 0.013036
 0.895566 0.0544555 0.0209291 0.0222246 0.00682443
pobs_PELACES
 0 0 0 0 0
 0 0 0 0 0
 0 0 0 0 0
 0 0 0 0 0
 0 0 0 0 0
 0 0 0 0 0
 0 0 0 0 0
 0 0 0 0 0
 0 0 0 0 0
 0 0 0 0 0
 0 0 0 0 0
 0 0 0 0 0
 0 0 0 0 0
 0 0 0 0 0
 0 0 0 0 0
 0 0 0 0 0
 0.505614 0.472636 0.0217494 0 0
 0 0 0 0 0
 0.443492 0.261883 0.143347 0.151278 0
 0.227955 0.32914 0.350689 0.0885471 0.00366901
 0.970185 0.0296113 0.000203453 0 0
 0.997202 0.00247181 0.000326279 0 0
 0.445219 0.490057 0.0546422 0.010081 0
 0.90214 0.0892962 0.00764917 0.000914606 0
 0 0 0 0 0
 0.581667 0.319106 0.0959925 0.00289975 0.000334073
 0.762889 0.0836404 0.116647 0.0363945 0.000428098
 0.88444 0.0763242 0.0277011 0.0115352 0
 0.521256 0.241999 0.230069 0.00667565 0
 0.616807 0.101726 0.260614 0.0208532 0
 0 0 0 0 0
ppred_PELACES
 0.566246 0.124417 0.28901 0.0203275 7.40873e-07
 0.513399 0.287978 0.0570224 0.132296 0.00930479
 0.664946 0.18153 0.0909318 0.0179709 0.0446216
 0.794844 0.141689 0.0344198 0.0172053 0.0118418
 0.726483 0.222589 0.0352006 0.00852976 0.00719734
 0.816637 0.136867 0.0378474 0.00597848 0.00267093
 0.557895 0.368674 0.0548412 0.0151317 0.0034577
 0.534511 0.274603 0.15927 0.0236129 0.00800258
 0.641489 0.200921 0.0930102 0.0538838 0.0106954
 0.809769 0.127727 0.0350786 0.016188 0.0112378
 0.881605 0.0982025 0.0135734 0.00371495 0.00290394
 0.818622 0.161872 0.0161831 0.00223367 0.00108913
 0.772959 0.190192 0.0328978 0.00327786 0.000672902
 0.750091 0.199134 0.0425599 0.00733439 0.000880625
 0.831872 0.130988 0.0296261 0.00629832 0.00121537
 0.961147 0.033056 0.00452004 0.0010183 0.000258203
 0.44551 0.535439 0.0162161 0.00221081 0.000624253
 0.93953 0.028678 0.0307022 0.000927882 0.000162203
 0.670884 0.311313 0.00845274 0.00903001 0.000320574
 0.714617 0.199139 0.0815908 0.00220931 0.00244363
 0.794338 0.1519 0.0375426 0.0153445 0.000874946
 0.812747 0.152197 0.0259069 0.00638949 0.00276013
 0.37999 0.514671 0.0856551 0.0145465 0.00513677
 0.802742 0.0799977 0.0973631 0.0161797 0.00371772
 0.695855 0.24909 0.0223457 0.0271595 0.00554997
 0.501009 0.35801 0.115489 0.0103471 0.0151449
 0.789455 0.110881 0.071529 0.023048 0.00508705
 0.746141 0.204684 0.0259132 0.0166952 0.00656637
 0.393486 0.463888 0.115022 0.0145463 0.013057
 0.494932 0.211327 0.224729 0.0556564 0.0133557
 0.889228 0.0578018 0.0221832 0.0235544 0.00723275
pobs_pel_tallas
 0 0 0 0 0 0 0 0 0 0 0 0 0 0 0 0 0 0 0 0 0 0 0 0 0 0
 0 0 0 0 0 0 0 0 0 0 0 0 0 0 0 0 0 0 0 0 0 0 0 0 0 0
 0 0 0 0 0 0 0 0 0 0 0 0 0 0 0 0 0 0 0 0 0 0 0 0 0 0
 0 0 0 0 0 0 0 0 0 0 0 0 0 0 0 0 0 0 0 0 0 0 0 0 0 0
 0 0 0 0 0 0 0 0 0 0 0 0 0 0 0 0 0 0 0 0 0 0 0 0 0 0
 0 0 0 0 0 0 0 0 0 0 0 0 0 0 0 0 0 0 0 0 0 0 0 0 0 0
 0 0 0 0 0 0 0 0 0 0 0 0 0 0 0 0 0 0 0 0 0 0 0 0 0 0
 0 0 0 0 0 0 0 0 0 0 0 0 0 0 0 0 0 0 0 0 0 0 0 0 0 0
 0 0 0 0 0 0 0 0 0 0 0 0 0 0 0 0 0 0 0 0 0 0 0 0 0 0
 0 0 0 0 0 0 0 0 0 0 0 0 0 0 0 0 0 0 0 0 0 0 0 0 0 0
 0 0 0 0 0 0 0 0 0 0 0 0 0 0 0 0 0 0 0 0 0 0 0 0 0 0
 0 0 0 0 0 0 0 0 0 0 0 0 0 0 0 0 0 0 0 0 0 0 0 0 0 0
 0.00862536 0 0 0.000197151 0.00414017 0.0128641 0.00837892 0.0270097 0.101434 0.158115 0.152841 0.127902 0.109271 0.109419 0.0830992 0.0579132 0.0238553 0.00714673 0.00463305 0.00128148 0.00103504 0.000492878 0.000147863 0.000147863 4.92878e-05 0
 0 0 0 0 0 0 0 0 0 0 0 0 0 0 0 0 0 0 0 0 0 0 0 0 0 0
 0 0 0 0 0 0 0 0.0054083 0.00873648 0.0413646 0.0450493 0.0745869 0.0622846 0.0627006 0.0613931 0.0827291 0.12552 0.122667 0.0946155 0.0697135 0.0546179 0.0294188 0.0215738 0.0213955 0.0102223 0.00600262
 0 0 0 0 0.00359764 0.0251062 0.0480494 0.140153 0.205849 0.193036 0.1447 0.116669 0.0760912 0.0342217 0.00950174 0.001854 0.000860785 0 0 0 0.000165536 0 0.000143464 0 0 0
 0 0 0 0 0 0 0 0.000145254 0.000435761 0.0275982 0.070085 0.0708112 0.156366 0.174668 0.174014 0.160142 0.0824315 0.0480064 0.0283245 0.00493863 0.00203355 0 0 0 0 0
 0 0 0 0 0 0 0 0 0 0 0 0 0 0 0 0 0 0 0 0 0 0 0 0 0 0
 0 0 1.00437e-05 0.000401748 0.00122533 0.00171747 0.00176769 0.0269171 0.070346 0.194647 0.189555 0.159765 0.064822 0.0314167 0.0384472 0.0292271 0.0345202 0.0313363 0.0194345 0.0106764 0.0143323 0.0359363 0.0279516 0.0138201 0.00172751 0
 0 0.0021121 0.0136068 0.0755702 0.200478 0.177729 0.0527432 0.0373336 0.0318909 0.0142505 0.0149659 0.0166563 0.0217959 0.0798694 0.0677717 0.0528807 0.04013 0.0224614 0.0357745 0.0225083 0.00881397 0.00855152 0.00135912 0.000746735 0 0
 0 0 0 0 5.4009e-05 0.00500934 0.000945158 0.0243581 0.138947 0.33067 0.221406 0.137944 0.0707744 0.0437923 0.0131692 0.00525238 0.0047753 0.00276346 9.45158e-05 9.00151e-06 2.25038e-05 9.00151e-06 4.50075e-06 0 0 0
 0.000866109 0.00284123 0.00948549 0.0512746 0.133035 0.25785 0.225252 0.132002 0.0553304 0.0519788 0.0540692 0.017754 0.00435017 0.00159236 0.00146478 0.000404838 0.000125132 0.000115318 0.000107957 0.000100596 0 0 0 0 0 0
 0 0 0 0 0.00144013 0.00171154 0.00461396 0.0210425 0.0478622 0.0707936 0.0888783 0.103762 0.0637923 0.0337046 0.0602308 0.124433 0.169614 0.0934646 0.0462172 0.0250306 0.0313229 0.00938855 0.002487 0.000210481 0 0
 0 0.00764035 0.051015 0.0998891 0.058973 0.0496711 0.0374665 0.0718981 0.12319 0.153886 0.159021 0.0857701 0.0377988 0.023471 0.0147837 0.00900784 0.00315554 0.000888139 0.00291439 0.00214683 0.00393193 0.00274676 0.000635225 9.99891e-05 0 0
 0 0 0 0 0 0 0 0 0 0 0 0 0 0 0 0 0 0 0 0 0 0 0 0 0 0
 0 0 0 0 0 0 0 0 0 0 0 0 0 0 0 0 0 0 0 0 0 0 0 0 0 0
 0 0 0 0 0 0 0 0 0 0 0 0 0 0 0 0 0 0 0 0 0 0 0 0 0 0
 0 0 0 0 0 0 0 0 0 0 0 0 0 0 0 0 0 0 0 0 0 0 0 0 0 0
 0 0 0 0 0 0 0 0 0 0 0 0 0 0 0 0 0 0 0 0 0 0 0 0 0 0
 0 0 0 0 0 0 0 0 0 0 0 0 0 0 0 0 0 0 0 0 0 0 0 0 0 0
 0 0 0 0 0 0 0 0 0 0 0 0 0 0 0 0 0 0 0 0 0 0 0 0 0 0
ppred_pel_tallas
 1.10411e-16 4.66409e-05 0.000453366 0.00301278 0.0136957 0.0426124 0.0907906 0.132514 0.132527 0.0908515 0.042818 0.0142949 0.00453732 0.00384873 0.00669177 0.011501 0.0177522 0.0247941 0.031901 0.0385917 0.0446508 0.0497651 0.0531752 0.0538055 0.0508738 0.0444954
 1.16562e-16 4.22881e-05 0.000411055 0.00273161 0.0124175 0.0386356 0.0823183 0.120152 0.12018 0.0824543 0.0390925 0.0137382 0.0060508 0.00767112 0.0138746 0.0229937 0.0334284 0.0427405 0.0485308 0.0498421 0.0477771 0.044712 0.04271 0.0423596 0.0427584 0.0423783
 1.12025e-16 5.47708e-05 0.000532391 0.00353793 0.0160829 0.05004 0.106616 0.155613 0.155631 0.106702 0.0503295 0.0169204 0.00564583 0.00515298 0.00888664 0.0147548 0.0216069 0.0279376 0.0322564 0.033914 0.0334652 0.0321982 0.0312161 0.0308099 0.0305086 0.0295864
 1.0476e-16 6.54703e-05 0.000636395 0.00422907 0.0192247 0.0598154 0.127443 0.18601 0.186024 0.12751 0.06004 0.019874 0.00586036 0.00420257 0.00685343 0.0112672 0.016323 0.0207415 0.0232717 0.0233584 0.0214686 0.0187497 0.0162967 0.0146037 0.013524 0.0126059
 1.03147e-16 5.98395e-05 0.000581661 0.00386534 0.0175713 0.054671 0.116483 0.170015 0.170036 0.116588 0.0550231 0.0185885 0.006419 0.00615757 0.0106533 0.0175273 0.0252672 0.0318269 0.0351626 0.0343358 0.0300656 0.0242272 0.0187133 0.0145475 0.0117621 0.00985156
 1.02179e-16 6.72653e-05 0.000653843 0.00434501 0.0197518 0.0614553 0.130937 0.19111 0.191123 0.131002 0.0616723 0.0203791 0.00592096 0.00409883 0.00662364 0.0108795 0.015749 0.0199782 0.0223308 0.0222281 0.0200714 0.0169288 0.0138554 0.0113872 0.00950727 0.00794358
 1.0378e-16 4.59531e-05 0.000446681 0.00296835 0.0134937 0.0419842 0.0894531 0.130567 0.130602 0.0896267 0.0425673 0.015178 0.00719637 0.00967736 0.0175793 0.0289963 0.041782 0.0525762 0.0579796 0.0564205 0.0490787 0.0390621 0.0295261 0.0222068 0.0172139 0.0137717
 1.08389e-16 4.40271e-05 0.000427959 0.00284394 0.0129281 0.0402244 0.0857033 0.125092 0.125119 0.0858337 0.0406626 0.0141964 0.00603676 0.00742865 0.0134297 0.0223677 0.032766 0.0423499 0.0487929 0.0509713 0.0495194 0.046167 0.0424511 0.0388878 0.035119 0.0306375
 1.0995e-16 5.28387e-05 0.000513611 0.00341312 0.0155156 0.0482748 0.102855 0.150124 0.150144 0.102951 0.048595 0.016442 0.00574454 0.00562308 0.0098161 0.0163023 0.0238553 0.0308051 0.03549 0.0371745 0.0364499 0.0347118 0.0331462 0.0320516 0.0309206 0.0290275
 1.04571e-16 6.66996e-05 0.000648344 0.00430847 0.0195857 0.0609385 0.129836 0.189502 0.189515 0.129897 0.0611411 0.0201715 0.00578056 0.00386754 0.00619734 0.0101849 0.0147733 0.0188121 0.0211813 0.0213834 0.0198323 0.0175429 0.0154741 0.014042 0.0130949 0.012223
 1.01281e-16 7.26167e-05 0.00070586 0.00469069 0.0213232 0.0663444 0.141354 0.206312 0.206322 0.1414 0.0664997 0.0217717 0.0058166 0.00316379 0.00474089 0.00772337 0.0111206 0.0139891 0.015421 0.0150012 0.0130508 0.0104065 0.00791632 0.00604437 0.00481221 0.00399611
 1.00917e-16 6.74288e-05 0.000655432 0.00435558 0.0197998 0.0616047 0.131256 0.191575 0.191591 0.131332 0.0618605 0.0205383 0.00620871 0.00469892 0.00774107 0.0126758 0.0182179 0.0228336 0.0250072 0.0240373 0.0204524 0.0156556 0.0110958 0.00760687 0.00529403 0.00383884
 1.01441e-16 6.36677e-05 0.000618872 0.00411263 0.0186954 0.0581685 0.123935 0.18089 0.180909 0.124024 0.0584694 0.0195647 0.00629494 0.00538404 0.00911685 0.0149794 0.0215902 0.0271851 0.0300045 0.0292255 0.025436 0.0202136 0.0151674 0.0111944 0.0083805 0.00637682
 1.02164e-16 6.17841e-05 0.000600563 0.00399095 0.0181423 0.0564476 0.120268 0.175539 0.175558 0.120362 0.0567629 0.0190535 0.00627913 0.00559918 0.00956528 0.015742 0.0227322 0.0287124 0.0318601 0.0313233 0.0277049 0.0226167 0.0176797 0.0137638 0.0109068 0.00872761
 1.01726e-16 6.85202e-05 0.000666041 0.00442608 0.0201203 0.0626018 0.13338 0.194675 0.194688 0.133442 0.0628093 0.0207199 0.00593197 0.00395627 0.00632562 0.0103709 0.0149838 0.0189483 0.0210701 0.0207931 0.0185144 0.0152871 0.0121629 0.00969447 0.00788718 0.00647664
 1.00285e-16 7.91685e-05 0.000769546 0.0051139 0.0232471 0.0723302 0.154107 0.224925 0.224928 0.154123 0.0723825 0.023398 0.00549282 0.00159667 0.00164989 0.0026019 0.00373944 0.00470003 0.00517305 0.00501648 0.00433636 0.0034132 0.00253344 0.00185706 0.00139785 0.00108849
 1.00933e-16 3.66962e-05 0.0003567 0.0023704 0.0107755 0.033527 0.0714346 0.104272 0.104323 0.0716863 0.0343716 0.0132139 0.00848622 0.0136916 0.025315 0.0416692 0.0597317 0.0745013 0.0809056 0.0766053 0.0634201 0.046173 0.0299161 0.0176641 0.00992098 0.00563205
 1.01014e-16 7.73878e-05 0.000752237 0.00499888 0.0227242 0.0707034 0.150641 0.219866 0.219869 0.150655 0.0707496 0.0228582 0.00533715 0.00149716 0.00151103 0.00242462 0.00359886 0.0047607 0.00567941 0.00623368 0.00645246 0.0064443 0.00628081 0.00594419 0.00537597 0.00456541
 1.01284e-16 5.52599e-05 0.000537145 0.00356952 0.0162265 0.050487 0.107569 0.157006 0.157036 0.107715 0.0509781 0.0176444 0.00712574 0.00829149 0.0147561 0.0242393 0.0347536 0.0433723 0.0471573 0.0447645 0.0372668 0.0274737 0.0183093 0.0114894 0.00725163 0.00492422
 1.03041e-16 5.88621e-05 0.000572161 0.00380221 0.0172843 0.053778 0.11458 0.167238 0.167257 0.114675 0.0540946 0.0181998 0.00610396 0.00560956 0.00966267 0.0159767 0.0232297 0.0296662 0.033514 0.0339166 0.0313809 0.0273246 0.0231245 0.0194455 0.0162515 0.0132543
 1.0281e-16 6.54286e-05 0.00063599 0.00422638 0.0192125 0.0597773 0.127362 0.185892 0.185907 0.127434 0.0600181 0.0199084 0.00597453 0.00445693 0.00733602 0.0120612 0.0174552 0.022135 0.0247352 0.024627 0.0222752 0.0188845 0.0156332 0.0131006 0.0112275 0.00965839
 1.01895e-16 6.69449e-05 0.000650728 0.00432432 0.0196577 0.0611626 0.130314 0.1902 0.190215 0.130386 0.0614034 0.0203534 0.00607099 0.00446495 0.00731451 0.011996 0.0172969 0.021799 0.0241036 0.0235651 0.0206666 0.0166771 0.0128771 0.00995932 0.00795093 0.00652449
 1.04932e-16 3.12994e-05 0.000304242 0.00202179 0.00919081 0.0285963 0.0609293 0.0889385 0.0889881 0.0611718 0.0294106 0.0115429 0.00792677 0.0131978 0.0245269 0.0405202 0.0584174 0.0735619 0.0812121 0.0791611 0.0690249 0.0550963 0.041737 0.0313527 0.0241205 0.0190189
 1.05082e-16 6.61208e-05 0.000642718 0.00427108 0.0194157 0.0604096 0.128709 0.187857 0.187865 0.128748 0.060539 0.0197912 0.00522032 0.00273708 0.00410876 0.00685801 0.0102699 0.0137449 0.0166966 0.0188239 0.0202105 0.0211072 0.0216015 0.0214904 0.0204563 0.0183608
 1.04372e-16 5.73167e-05 0.000557139 0.00370238 0.0168305 0.0523661 0.111572 0.162848 0.162872 0.11169 0.0527597 0.0179673 0.0065555 0.00678407 0.0118796 0.0195401 0.028127 0.0353479 0.0389202 0.0378237 0.032926 0.0264079 0.020455 0.0162229 0.0136761 0.012111
 1.07025e-16 4.12675e-05 0.000401135 0.00266568 0.0121178 0.0377033 0.0803321 0.117254 0.117289 0.0805012 0.0382715 0.0137605 0.00679381 0.00942911 0.0172346 0.0285511 0.041414 0.0526821 0.0591577 0.0593367 0.0542409 0.0465964 0.0390671 0.032963 0.0281833 0.0240127
 1.05265e-16 6.50264e-05 0.00063208 0.00420039 0.0190944 0.0594097 0.126579 0.184748 0.184759 0.126632 0.0595871 0.0196077 0.00549354 0.00347039 0.00550079 0.00911012 0.0133975 0.0174395 0.0203327 0.0216565 0.0216769 0.0210604 0.0203453 0.0196177 0.0186 0.0169842
 1.03586e-16 6.14587e-05 0.0005974 0.00396994 0.0180468 0.0561503 0.119635 0.174615 0.174634 0.119731 0.056474 0.0189817 0.0063167 0.0057207 0.00979266 0.0160958 0.0231919 0.0291945 0.0322307 0.0314554 0.0275598 0.0223009 0.0174394 0.0139054 0.0116793 0.0102201
 1.07107e-16 3.24111e-05 0.000315047 0.0020936 0.00951723 0.0296119 0.0630929 0.0920953 0.0921401 0.0633118 0.0303471 0.0116417 0.00743 0.0119768 0.0222165 0.0367716 0.0531879 0.0673439 0.0750379 0.0743058 0.0665386 0.0554307 0.04466 0.0361398 0.0298649 0.0248966
 1.14381e-16 4.0767e-05 0.00039627 0.00263335 0.0119708 0.0372459 0.079357 0.115828 0.115849 0.0794582 0.0375867 0.0129595 0.00513073 0.00589997 0.010646 0.0179361 0.0267729 0.035642 0.0429843 0.0480383 0.0511313 0.0530964 0.0543461 0.0544516 0.0525392 0.0480595
 1.04242e-16 7.32445e-05 0.000711963 0.00473124 0.0215076 0.066918 0.142576 0.208095 0.208101 0.142603 0.0670101 0.0217738 0.0054013 0.0021802 0.0028783 0.00468741 0.00685459 0.0088598 0.0102367 0.0107997 0.0107532 0.0105298 0.0104803 0.0106601 0.0108475 0.0107297
pSPR Fmed_Fpbrs
0.510081   0.237892 0.237892
Fs Fmed_Fpbrs
0.409014   1.005 1.005
SSBpbr Bo_Bmed_Bpbrs
1.4061e+06  646918  264194 264194
Ro
130614
SPR SPRFo_SPRFmed_SPRFpbrs
930056 474404 221253
Fref
1.005
log_Ro
11.6
likeval ReclasPelacesDesembMPH_pf_preclas_ppelaces_ptallas_desvR_qrecl_qpela
 12.1778 16.6583 0.0284075 0.000821198 229.643 119.215 83.4337 0 24.6562 6.90302e-06 2.17257e-05 0.139387 0 0 0
q_reclas_q_pelaces
1.45108 1.94086
M
1
N
 166066 35310.9 82355 5793.7 0.211165
 92191.7 52345.9 10442.5 24237 1704.69
 92368.2 25485.4 12860 2542.53 6313.21
 135266 25651 6301.6 3151.86 2169.39
 109469 32346.2 5134.56 1244.45 1050.07
 207573 34854.7 9702.72 1533.22 684.99
 79425.8 59128.9 8933.65 2467.03 563.759
 32871.8 16068.8 9345.53 1385.74 469.642
 32748.2 10885.4 5094.99 2953.45 586.247
 44176.3 7886.23 2200.63 1016.41 705.631
 82484.4 8817.51 1222.89 334.756 261.678
 123339 26641.4 2698.95 372.787 181.777
 102692 27300.2 4781.06 476.692 97.8622
 72396.5 23471.6 5126.58 884.502 106.207
 64899.7 11573.7 2659.82 565.949 109.215
 348386 12928.2 1789.67 403.453 102.305
 65000.1 79935.2 2440.98 332.937 94.0117
 562096 17411.7 18783.6 567.91 99.2785
 314488 154236 4232.96 4524.65 160.635
 263314 76648.7 31714.8 859.226 950.38
 341718 66406.1 16540.1 6763.14 385.644
 477912 93389.8 16052.7 3961.19 1711.2
 89974.2 120889 20238.4 3438.1 1214.11
 269171 26382.9 32279.1 5365.61 1232.92
 229958 80926.3 7297.87 8872.49 1813.1
 99845.6 69224.7 22425.5 2009.63 2941.5
 226404 31234.4 20253.4 6527.84 1440.82
 256876 68330.8 8686.96 5598.02 2201.79
 70523.3 80494.9 20040.1 2534.92 2275.42
 52065.6 22200 23759.8 5886.4 1412.57
 239270 14974.2 5767.74 6125.47 1880.94
pred_Ctot
 15219.8 4456.2 10603.4 746.746 0.0272184
 14825.7 11357.1 2307.93 5361.99 377.152
 14643.2 5454.63 2803.97 554.915 1377.95
 30985.2 7762.14 1939.51 970.955 668.328
 9417.6 3838.03 621.638 150.827 127.275
 30233.8 6880.53 1951.81 308.733 137.939
 23707.9 22797.9 3497.71 966.68 220.912
 2092.66 1419.94 843.041 125.142 42.4144
 7399.42 3252.32 1548.41 898.39 178.335
 13416.5 3088.41 875.018 404.473 280.813
 6430.7 950.325 134.505 36.8595 28.8146
 32354.3 9134.57 940.492 130.015 63.4004
 25546.2 8915.51 1587.34 158.403 32.5208
 27648.4 11254.3 2491.09 430.097 51.646
 19759.6 4542.67 1059.96 225.718 43.5599
 86091 4196.22 590.572 133.252 33.7907
 11461.3 18926.7 588.554 80.3532 22.6905
 92468.5 3860.12 4241.69 128.371 22.4421
 69363.6 45059.7 1258.04 1345.96 47.7866
 53968 20910.2 8804.78 238.764 264.107
 56894.8 14891.1 3777.81 1546.23 88.1727
 97285.4 25315 4428.36 1093.77 472.523
 11756.6 21504.3 3669.79 624.061 220.389
 31610.2 4234.38 5282.55 879.004 201.99
 26849.2 12916 1187.67 1445.42 295.388
 9570.71 9125.96 3015.9 270.552 396.031
 26121.4 4928.08 3258.49 1051.33 232.06
 24380.9 8922.01 1157.13 746.465 293.612
 6515.71 10238.5 2600.49 329.294 295.6
 7327.15 4240.48 4625.25 1147.04 275.272
 19927.6 1721.42 676.589 719.326 220.895
F
 0.154514 0.218311 0.22316 0.223422 0.223435
 0.285765 0.403752 0.412721 0.413204 0.41323
 0.2812 0.397302 0.406128 0.406603 0.406628
 0.430743 0.608589 0.622108 0.622836 0.622875
 0.14445 0.204091 0.208625 0.208869 0.208882
 0.255762 0.361363 0.36939 0.369822 0.369845
 0.597942 0.844822 0.863589 0.864599 0.864653
 0.105192 0.148624 0.151926 0.152103 0.152113
 0.42373 0.598682 0.61198 0.612697 0.612734
 0.611448 0.863905 0.883096 0.884129 0.884184
 0.130144 0.183878 0.187962 0.188182 0.188194
 0.508041 0.717803 0.733747 0.734606 0.734652
 0.475946 0.672456 0.687393 0.688198 0.68824
 0.833425 1.17753 1.20369 1.2051 1.20517
 0.613429 0.866704 0.885956 0.886993 0.887048
 0.472095 0.667015 0.681831 0.682629 0.682671
 0.317248 0.448235 0.458192 0.458728 0.458756
 0.293187 0.414239 0.423441 0.423936 0.423962
 0.411713 0.581703 0.594624 0.59532 0.595357
 0.377558 0.533445 0.545295 0.545933 0.545967
 0.297204 0.419915 0.429243 0.429745 0.429771
 0.374552 0.529199 0.540954 0.541587 0.541621
 0.226808 0.320454 0.327572 0.327955 0.327976
 0.201808 0.285132 0.291466 0.291807 0.291825
 0.20054 0.28334 0.289634 0.289973 0.289991
 0.162104 0.229035 0.234122 0.234396 0.234411
 0.197962 0.279697 0.28591 0.286244 0.286262
 0.1604 0.226627 0.231661 0.231932 0.231947
 0.15585 0.220198 0.225089 0.225353 0.225366
 0.246173 0.347814 0.35554 0.355956 0.355978
 0.139563 0.197186 0.201566 0.201802 0.201815
nmprior
 8 9 7.5 0
nm_flota  nm_reclas  nm_pelaces    nm_pelaL
inf 15.1172 16.5802 29.0742
cv_recla  cv_pelaces  cv_mph
0.315652 0.480264 0.88436
 ------------------------------------------------
Talla a la edad & desviación 
 8 13.2811 15.8009 17.003 17.5766
 0.8 1.32811 1.58009 1.7003 1.75766
