years
 1991 1992 1993 1994 1995 1996 1997 1998 1999 2000 2001 2002 2003 2004 2005 2006 2007 2008 2009 2010 2011 2012 2013 2014 2015 2016 2017 2018 2019 2020 2021
reclasobs
 0 0 0 0 0 0 0 0 0 252601 567819 844713 477998 351125 339783 2.1784e+06 2.13404e+06 4.81314e+06 1.55562e+06 2.62356e+06 3.21686e+06 3.843e+06 1.13348e+06 3.07943e+06 1.97215e+06 2.03268e+06 2.025e+06 2.42433e+06 2.27542e+06 1.05018e+06 2.36338e+06
reclaspred
 1.08114e+06 1.1134e+06 479342 126016 9777.58 464498 280349 46622.1 248577 208266 266248 579251 524214 151318 402411 1.01884e+06 2.50412e+06 3.42045e+06 850643 1.58166e+06 3.62379e+06 1.98149e+06 1.26476e+06 2.37646e+06 2.4342e+06 1.4979e+06 999922 2.125e+06 2.92687e+06 1.19832e+06 320338
pelacesobs
 0 0 0 0 0 0 0 0 0 0 0 0 0 0 0 552880 188675 0 991730 2.46772e+06 1.41603e+06 1.21717e+06 2.29649e+06 1.80582e+06 0 1.4828e+06 1.56532e+06 1.57751e+06 1.42118e+06 867257 0
pelacespred
 353819 462916 217798 38969.7 1082.34 203777 83879.4 16260.6 106773 76580.6 126439 233365 217571 51930.3 198031 427672 1.03008e+06 1.38513e+06 416353 619106 1.42065e+06 1.01642e+06 589560 1.24076e+06 1.24845e+06 759210 543401 1.15254e+06 1.31541e+06 696501 160987
mphobs
 0 0 0 0 0 0 0 0 0 0 0 498337 0 5186 125008 0 168611 109162 213762 579715 649985 157893 87575 83554 0 0 0 0 0 0 0
mphpred
 317227 1.2032e+06 582993 157735 37082.9 1026.91 455781 74659.1 13862.4 263554 72275.5 336438 506484 225213 54450.9 419486 1.1704e+06 2.94005e+06 1.51988e+06 290793 2.43431e+06 2.19473e+06 1.33894e+06 762777 2.44973e+06 1.64063e+06 806436 695783 2.7494e+06 1.58426e+06 463965
desembarqueobs
 494567 514787 250237 358949 120608 361735 552515 73892 212993 205616 52469 317467 293654 387597 252695 516296 358380 742168 942051 627588 828172 859565 418607 520667 417249 300574 407403 355545 319650 289779 219260
desembarquepred
 494323 519853 247739 356809 120403 361186 551621 73915.2 212968 205141 52314.5 317082 293318 385554 251154 516081 357780 741766 943852 626849 827244 858698 418190 520833 416733 299480 406160 355324 319523 290128 219925
Reclutas
 529388 2202.07 1720.41 70879.2 1903.84 286016 220.775 109.55 90694.5 905.849 132832 201919 48868.4 32534.2 156080 504203 572022 89141.8 9907.46 997975 350314 342906 33049.3 625789 217086 16018.2 173622 657891 4867.01 470.492 4876.48
log_desv_Rt
 2.67245 -2.80988 -3.05671 0.661702 -2.9554 2.05677 -5.10989 -5.81065 0.908222 -3.69816 1.28981 1.70859 0.289856 -0.116983 1.45109 2.6237 2.7499 0.890953 -1.30599 3.30645 2.25956 2.23818 -0.101276 2.83974 1.78102 -0.825549 1.5576 2.88976 -2.01679 -4.35325 -2.01485
SSB
 317227 1.2032e+06 582993 157735 37082.9 1026.91 455781 74659.1 13862.4 263554 72275.5 336438 506484 225213 54450.9 419486 1.1704e+06 2.94005e+06 1.51988e+06 290793 2.43431e+06 2.19473e+06 1.33894e+06 762777 2.44973e+06 1.64063e+06 806436 695783 2.7494e+06 1.58426e+06 463965
BT
 1.66918e+06 1.51878e+06 740680 480377 94343.6 1.25982e+06 683517 108664 671458 358804 552300 1.05401e+06 835646 564395 1.11586e+06 2.04346e+06 3.74896e+06 3.93035e+06 2.11373e+06 3.05677e+06 4.67331e+06 3.60367e+06 1.8193e+06 5.43107e+06 3.55815e+06 2.08042e+06 2.20346e+06 4.91648e+06 3.2951e+06 1.93039e+06 624921
Ftot
 0.42781 0.429427 0.472944 2.13918 4.51262 0.720651 1.5275 1.2869 0.789534 0.856834 0.18672 0.505342 0.511556 1.92172 0.580952 0.471576 0.135885 0.204375 0.952043 0.373058 0.215229 0.401462 0.308444 0.207831 0.162085 0.188673 0.378661 0.159068 0.103819 0.227554 0.61768
BD_Bspro_t
 0.93384 0.735251 0.480878 0.232509 0.0738845 0.00359851 0.466135 0.112329 0.0352881 0.419519 0.222726 0.663744 0.603719 0.349504 0.131397 0.522206 0.659971 0.798617 0.609713 0.26927 0.71151 0.661353 0.563705 0.479436 0.763869 0.726558 0.622806 0.624497 0.850438 0.764529 0.573661
BD_Bspro
 1.21816 4.62034 2.23871 0.605707 0.1424 0.00394337 1.75021 0.286693 0.0532321 1.01205 0.27754 1.29193 1.94492 0.864823 0.209093 1.61084 4.49439 11.2899 5.83639 1.11665 9.34781 8.42781 5.14156 2.92909 9.40702 6.30008 3.09674 2.67183 10.5578 6.08362 1.78164
BD_Bo
 0.165241 0.62674 0.303677 0.0821631 0.0193162 0.000534911 0.237413 0.0388894 0.00722083 0.137283 0.0376478 0.175248 0.263824 0.117312 0.0283631 0.218508 0.609656 1.53145 0.791696 0.151472 1.26801 1.14322 0.697443 0.397325 1.27605 0.854594 0.420067 0.362429 1.43215 0.825231 0.241676
BD_Brms
 0.700366 2.6564 1.28712 0.348244 0.0818709 0.00226719 1.00626 0.164831 0.0306051 0.581868 0.159568 0.74278 1.11821 0.497219 0.120215 0.926133 2.58399 6.49099 3.35556 0.642006 5.3744 4.84547 2.95607 1.68404 5.40845 3.62215 1.78043 1.53614 6.07007 3.4977 1.02433
Sel_flota
 0.5 1 1 1 1
 0.5 1 1 1 1
 0.5 1 1 1 1
 0.5 1 1 1 1
 0.5 1 1 1 1
 0.5 1 1 1 1
 0.5 1 1 1 1
 0.5 1 1 1 1
 0.5 1 1 1 1
 0.5 1 1 1 1
 0.5 1 1 1 1
 0.5 1 1 1 1
 0.5 1 1 1 1
 0.5 1 1 1 1
 0.5 1 1 1 1
 0.5 1 1 1 1
 0.5 1 1 1 1
 0.5 1 1 1 1
 0.5 1 1 1 1
 0.5 1 1 1 1
 0.5 1 1 1 1
 0.5 1 1 1 1
 0.5 1 1 1 1
 0.5 1 1 1 1
 0.5 1 1 1 1
 0.5 1 1 1 1
 0.5 1 1 1 1
 0.5 1 1 1 1
 0.5 1 1 1 1
 0.5 1 1 1 1
 0.5 1 1 1 1
Sel_reclas
 0.5 1 1 1 1
 0.5 1 1 1 1
 0.5 1 1 1 1
 0.5 1 1 1 1
 0.5 1 1 1 1
 0.5 1 1 1 1
 0.5 1 1 1 1
 0.5 1 1 1 1
 0.5 1 1 1 1
 0.5 1 1 1 1
 0.5 1 1 1 1
 0.5 1 1 1 1
 0.5 1 1 1 1
 0.5 1 1 1 1
 0.5 1 1 1 1
 0.5 1 1 1 1
 0.5 1 1 1 1
 0.5 1 1 1 1
 0.5 1 1 1 1
 0.5 1 1 1 1
 0.5 1 1 1 1
 0.5 1 1 1 1
 0.5 1 1 1 1
 0.5 1 1 1 1
 0.5 1 1 1 1
 0.5 1 1 1 1
 0.5 1 1 1 1
 0.5 1 1 1 1
 0.5 1 1 1 1
 0.5 1 1 1 1
 0.5 1 1 1 1
Sel_pelaces
 0.5 1 1 1 1
 0.5 1 1 1 1
 0.5 1 1 1 1
 0.5 1 1 1 1
 0.5 1 1 1 1
 0.5 1 1 1 1
 0.5 1 1 1 1
 0.5 1 1 1 1
 0.5 1 1 1 1
 0.5 1 1 1 1
 0.5 1 1 1 1
 0.5 1 1 1 1
 0.5 1 1 1 1
 0.5 1 1 1 1
 0.5 1 1 1 1
 0.5 1 1 1 1
 0.5 1 1 1 1
 0.5 1 1 1 1
 0.5 1 1 1 1
 0.5 1 1 1 1
 0.5 1 1 1 1
 0.5 1 1 1 1
 0.5 1 1 1 1
 0.5 1 1 1 1
 0.5 1 1 1 1
 0.5 1 1 1 1
 0.5 1 1 1 1
 0.5 1 1 1 1
 0.5 1 1 1 1
 0.5 1 1 1 1
 0.5 1 1 1 1
pf_obs 
 0.8446 0.082 0.0669 0.0065 0
 0.8095 0.147 0.0364 0.0071 0
 0.9664 0.0169 0.016 0.0007 0
 0.9276 0.0648 0.0075 0.0001 0
 0.7033 0.2144 0.0806 0.0017 0
 0.9318 0.0425 0.0243 0.0014 0
 0.5671 0.3108 0.0964 0.0239 0.0018
 0.0768 0.2599 0.5324 0.112 0.0189
 0.490249 0.384438 0.106611 0.0170017 0.00170017
 0.7925 0.1577 0.0466 0.003 0.0002
 0.840416 0.127587 0.0312969 0.00059994 9.999e-05
 0.8084 0.0986 0.0794 0.0134 0.0002
 0.7335 0.1905 0.0724 0.0035 0.0001
 0.4001 0.4547 0.1325 0.0127 0
 0.49795 0.308269 0.164784 0.0264974 0.00249975
 0.9179 0.0499 0.0305 0.0017 0
 0.2467 0.6533 0.0926 0.0074 0
 0.9418 0.0223 0.034 0.0019 0
 0.707729 0.231977 0.0356964 0.0245975 0
 0.517169 0.277429 0.184464 0.0207286 0.00020938
 0.811772 0.124168 0.05621 0.00726502 0.000585176
 0.764997 0.148141 0.077277 0.00933861 0.000247198
 0.163321 0.427699 0.378323 0.0303852 0.000271297
 0.753843 0.0900009 0.118128 0.0371064 0.000921714
 0.721811 0.176058 0.0630433 0.0369309 0.00215725
 0.143369 0.312575 0.442814 0.0836902 0.0175525
 0.692698 0.0596174 0.167031 0.0765114 0.00414204
 0.394062 0.376323 0.152708 0.0712218 0.00568511
 0.125707 0.32114 0.495352 0.0537591 0.00404204
 0.23352 0.215282 0.420074 0.123614 0.00750983
 0 0 0 0 0
pf_pred 
 0.918691 0.051397 0.0189079 0.00695583 0.00404813
 0.00727993 0.955582 0.0234757 0.00863624 0.00502609
 0.0231724 0.0160532 0.924831 0.0227203 0.0132227
 0.836208 0.00850953 0.0025519 0.147016 0.0057137
 0.142464 0.819387 0.00198194 0.000594359 0.0355721
 0.999322 0.000447569 0.000220309 5.32886e-07 9.72412e-06
 0.00193685 0.997793 0.000178482 8.7855e-05 4.09029e-06
 0.011467 0.00634034 0.981927 0.000175644 9.04833e-05
 0.988327 0.000398407 7.23152e-05 0.0111994 3.03533e-06
 0.0229487 0.972568 0.000153026 2.77759e-05 0.00430281
 0.94852 0.0029852 0.0482725 7.5953e-06 0.000214945
 0.709268 0.283454 0.000422024 0.00682438 3.14609e-05
 0.284612 0.608523 0.104191 0.000155125 0.00252003
 0.432517 0.27352 0.250051 0.0428134 0.00109926
 0.934321 0.0490285 0.00802534 0.00733672 0.00128844
 0.862125 0.133938 0.00293871 0.00048103 0.000516982
 0.652428 0.325059 0.0218703 0.000479851 0.000162962
 0.158354 0.670153 0.160385 0.0107909 0.000317166
 0.0537708 0.270277 0.538221 0.12881 0.00892121
 0.96936 0.00408542 0.00758487 0.0151042 0.0038652
 0.371936 0.619319 0.00116606 0.00216487 0.00541425
 0.472271 0.294495 0.229986 0.00043302 0.00281453
 0.102277 0.600574 0.165822 0.129498 0.0018286
 0.862317 0.0275326 0.0736906 0.0203464 0.0161138
 0.334652 0.618898 0.00928861 0.0248609 0.0123005
 0.0548436 0.485304 0.427749 0.00641978 0.0256839
 0.656054 0.0375982 0.157299 0.138644 0.0104056
 0.838992 0.130498 0.00333522 0.0139535 0.0132217
 0.0100868 0.906892 0.0672891 0.00171975 0.0140124
 0.00297313 0.0205174 0.894612 0.0663779 0.0155191
 0.101237 0.00569953 0.018378 0.801328 0.0733574
pobs_RECLAS
 0 0 0 0 0
 0 0 0 0 0
 0 0 0 0 0
 0 0 0 0 0
 0 0 0 0 0
 0 0 0 0 0
 0 0 0 0 0
 0 0 0 0 0
 0 0 0 0 0
 0 0 0 0 0
 0.991045 0.00858322 0.000360255 1.14367e-05 0
 0.934742 0.0480273 0.0164251 0.00080598 0
 0.827803 0.169806 0.00239088 0 0
 0.941827 0.0461693 0.0120037 0 0
 0.791401 0.0380133 0.147996 0.0225897 0
 0.846168 0.0940531 0.0597789 0 0
 0.134021 0.677848 0.182769 0.00536245 0
 0.80878 0.0450904 0.141981 0.00414843 0
 0.846168 0.0940531 0.0597789 0 0
 0.905697 0.0802665 0.012482 0.00150086 5.37128e-05
 0.989698 0.0102097 9.19794e-05 0 0
 0.975433 0.0193895 0.00387452 0.00125025 5.28907e-05
 0.303575 0.632131 0.0575291 0.00676475 0
 0.966965 0.00978017 0.0227588 0.000495775 0
 0.843318 0.132988 0.00938335 0.0141283 0.000182051
 0.564624 0.303363 0.111486 0.0197234 0.00080311
 0.826376 0.0876187 0.0782897 0.00655872 0.00115652
 0.89761 0.0855135 0.0140674 0.00269457 0.000114338
 0.34875 0.467042 0.161289 0.0227151 0.000203297
 0.318654 0.224769 0.449479 0.00709798 0
 0.937255 0.0296025 0.0250945 0.00804832 0
ppred_RECLAS
 0.920384 0.0503268 0.0185142 0.00681099 0.00396384
 0.00744798 0.95542 0.0234718 0.00863478 0.00502524
 0.0237662 0.0160434 0.924269 0.0227065 0.0132146
 0.862846 0.00712563 0.00213689 0.123107 0.00478449
 0.239029 0.727118 0.00175876 0.00052743 0.0315665
 0.999351 0.0004281 0.000210726 5.09706e-07 9.30112e-06
 0.00219829 0.997531 0.000178435 8.7832e-05 4.08922e-06
 0.0126455 0.00633278 0.980756 0.000175434 9.03754e-05
 0.988893 0.000379094 6.88097e-05 0.0106565 2.88819e-06
 0.0242415 0.971281 0.000152823 2.77391e-05 0.00429712
 0.948942 0.00296071 0.0478765 7.53299e-06 0.000213181
 0.715038 0.277829 0.000413648 0.00668894 3.08365e-05
 0.290467 0.603542 0.103338 0.000153855 0.0024994
 0.476613 0.252266 0.23062 0.0394865 0.00101384
 0.936353 0.0475114 0.00777701 0.0071097 0.00124857
 0.865165 0.130985 0.00287392 0.000470424 0.000505583
 0.653814 0.323763 0.0217831 0.000477938 0.000162312
 0.159639 0.66913 0.16014 0.0107744 0.000316681
 0.0571663 0.269307 0.536289 0.128348 0.0088892
 0.96993 0.00400941 0.00744376 0.0148232 0.00379329
 0.374319 0.616969 0.00116163 0.00215666 0.0053937
 0.47755 0.291549 0.227685 0.000428688 0.00278637
 0.103703 0.59962 0.165558 0.129293 0.0018257
 0.863475 0.0273009 0.0730705 0.0201751 0.0159783
 0.336306 0.617359 0.00926552 0.024799 0.0122699
 0.0553007 0.485069 0.427542 0.00641668 0.0256715
 0.66049 0.0371133 0.15527 0.136855 0.0102714
 0.839971 0.129704 0.00331493 0.0138686 0.0131413
 0.0101326 0.90685 0.067286 0.00171967 0.0140118
 0.00300548 0.0205168 0.894583 0.0663758 0.0155186
 0.104595 0.00567824 0.0183093 0.798334 0.0730833
pobs_PELACES
 0 0 0 0 0
 0 0 0 0 0
 0 0 0 0 0
 0 0 0 0 0
 0 0 0 0 0
 0 0 0 0 0
 0 0 0 0 0
 0 0 0 0 0
 0 0 0 0 0
 0 0 0 0 0
 0 0 0 0 0
 0 0 0 0 0
 0 0 0 0 0
 0 0 0 0 0
 0 0 0 0 0
 0 0 0 0 0
 0.505614 0.472636 0.0217494 0 0
 0 0 0 0 0
 0.443492 0.261883 0.143347 0.151278 0
 0.227955 0.32914 0.350689 0.0885471 0.00366901
 0.970185 0.0296113 0.000203453 0 0
 0.997202 0.00247181 0.000326279 0 0
 0.445219 0.490057 0.0546422 0.010081 0
 0.90214 0.0892962 0.00764917 0.000914606 0
 0 0 0 0 0
 0.581667 0.319106 0.0959925 0.00289975 0.000334073
 0.762889 0.0836404 0.116647 0.0363945 0.000428098
 0.88444 0.0763242 0.0277011 0.0115352 0
 0.521256 0.241999 0.230069 0.00667565 0
 0.616807 0.101726 0.260614 0.0208532 0
 0 0 0 0 0
ppred_PELACES
 0.925406 0.0471526 0.0173465 0.00638142 0.00371384
 0.00799048 0.954898 0.0234589 0.00863006 0.0050225
 0.0256456 0.0160125 0.92249 0.0226628 0.0131892
 0.899537 0.00521938 0.00156523 0.0901735 0.00350454
 0.398091 0.575133 0.00139114 0.000417185 0.0249683
 0.999424 0.000380134 0.000187115 4.52596e-07 8.25897e-06
 0.00282663 0.996903 0.000178323 8.77767e-05 4.08664e-06
 0.0155904 0.00631389 0.977831 0.000174911 9.01058e-05
 0.990236 0.000333242 6.04871e-05 0.00936762 2.53886e-06
 0.0278204 0.967718 0.000152263 2.76374e-05 0.00428136
 0.950414 0.00287534 0.046496 7.31578e-06 0.000207034
 0.731719 0.261565 0.000389434 0.00629738 2.90314e-05
 0.308166 0.588487 0.10076 0.000150018 0.00243706
 0.555636 0.214178 0.195801 0.0335247 0.000860767
 0.941833 0.0434211 0.00710749 0.00649763 0.00114108
 0.873987 0.122415 0.00268589 0.000439646 0.000472505
 0.658871 0.319033 0.0214649 0.000470957 0.000159941
 0.164215 0.665486 0.159268 0.0107157 0.000314957
 0.066246 0.266714 0.531125 0.127112 0.00880359
 0.971675 0.00377684 0.00701197 0.0139634 0.00357325
 0.382673 0.608731 0.00114613 0.00212786 0.00532169
 0.494096 0.282316 0.220475 0.000415112 0.00269813
 0.10853 0.596391 0.164667 0.128596 0.00181586
 0.867468 0.0265025 0.0709337 0.0195852 0.015511
 0.342302 0.611782 0.00918182 0.024575 0.0121591
 0.0569498 0.484223 0.426795 0.00640548 0.0256267
 0.674357 0.0355974 0.148928 0.131266 0.00985185
 0.843468 0.12687 0.0032425 0.0135656 0.0128541
 0.0103059 0.906691 0.0672742 0.00171937 0.0140093
 0.00312011 0.0205144 0.89448 0.0663682 0.0155168
 0.114531 0.00561522 0.0181061 0.789475 0.0722723
pobs_pel_tallas
 0 0 0 0 0 0 0 0 0 0 0 0 0 0 0 0 0 0 0 0 0 0 0 0 0 0
 0 0 0 0 0 0 0 0 0 0 0 0 0 0 0 0 0 0 0 0 0 0 0 0 0 0
 0 0 0 0 0 0 0 0 0 0 0 0 0 0 0 0 0 0 0 0 0 0 0 0 0 0
 0 0 0 0 0 0 0 0 0 0 0 0 0 0 0 0 0 0 0 0 0 0 0 0 0 0
 0 0 0 0 0 0 0 0 0 0 0 0 0 0 0 0 0 0 0 0 0 0 0 0 0 0
 0 0 0 0 0 0 0 0 0 0 0 0 0 0 0 0 0 0 0 0 0 0 0 0 0 0
 0 0 0 0 0 0 0 0 0 0 0 0 0 0 0 0 0 0 0 0 0 0 0 0 0 0
 0 0 0 0 0 0 0 0 0 0 0 0 0 0 0 0 0 0 0 0 0 0 0 0 0 0
 0 0 0 0 0 0 0 0 0 0 0 0 0 0 0 0 0 0 0 0 0 0 0 0 0 0
 0 0 0 0 0 0 0 0 0 0 0 0 0 0 0 0 0 0 0 0 0 0 0 0 0 0
 0 0 0 0 0 0 0 0 0 0 0 0 0 0 0 0 0 0 0 0 0 0 0 0 0 0
 0 0 0 0 0 0 0 0 0 0 0 0 0 0 0 0 0 0 0 0 0 0 0 0 0 0
 0.00862536 0 0 0.000197151 0.00414017 0.0128641 0.00837892 0.0270097 0.101434 0.158115 0.152841 0.127902 0.109271 0.109419 0.0830992 0.0579132 0.0238553 0.00714673 0.00463305 0.00128148 0.00103504 0.000492878 0.000147863 0.000147863 4.92878e-05 0
 0 0 0 0 0 0 0 0 0 0 0 0 0 0 0 0 0 0 0 0 0 0 0 0 0 0
 0 0 0 0 0 0 0 0.0054083 0.00873648 0.0413646 0.0450493 0.0745869 0.0622846 0.0627006 0.0613931 0.0827291 0.12552 0.122667 0.0946155 0.0697135 0.0546179 0.0294188 0.0215738 0.0213955 0.0102223 0.00600262
 0 0 0 0 0.00359764 0.0251062 0.0480494 0.140153 0.205849 0.193036 0.1447 0.116669 0.0760912 0.0342217 0.00950174 0.001854 0.000860785 0 0 0 0.000165536 0 0.000143464 0 0 0
 0 0 0 0 0 0 0 0.000145254 0.000435761 0.0275982 0.070085 0.0708112 0.156366 0.174668 0.174014 0.160142 0.0824315 0.0480064 0.0283245 0.00493863 0.00203355 0 0 0 0 0
 0 0 0 0 0 0 0 0 0 0 0 0 0 0 0 0 0 0 0 0 0 0 0 0 0 0
 0 0 1.00437e-05 0.000401748 0.00122533 0.00171747 0.00176769 0.0269171 0.070346 0.194647 0.189555 0.159765 0.064822 0.0314167 0.0384472 0.0292271 0.0345202 0.0313363 0.0194345 0.0106764 0.0143323 0.0359363 0.0279516 0.0138201 0.00172751 0
 0 0.0021121 0.0136068 0.0755702 0.200478 0.177729 0.0527432 0.0373336 0.0318909 0.0142505 0.0149659 0.0166563 0.0217959 0.0798694 0.0677717 0.0528807 0.04013 0.0224614 0.0357745 0.0225083 0.00881397 0.00855152 0.00135912 0.000746735 0 0
 0 0 0 0 5.4009e-05 0.00500934 0.000945158 0.0243581 0.138947 0.33067 0.221406 0.137944 0.0707744 0.0437923 0.0131692 0.00525238 0.0047753 0.00276346 9.45158e-05 9.00151e-06 2.25038e-05 9.00151e-06 4.50075e-06 0 0 0
 0.000866109 0.00284123 0.00948549 0.0512746 0.133035 0.25785 0.225252 0.132002 0.0553304 0.0519788 0.0540692 0.017754 0.00435017 0.00159236 0.00146478 0.000404838 0.000125132 0.000115318 0.000107957 0.000100596 0 0 0 0 0 0
 0 0 0 0 0.00144013 0.00171154 0.00461396 0.0210425 0.0478622 0.0707936 0.0888783 0.103762 0.0637923 0.0337046 0.0602308 0.124433 0.169614 0.0934646 0.0462172 0.0250306 0.0313229 0.00938855 0.002487 0.000210481 0 0
 0 0.00764035 0.051015 0.0998891 0.058973 0.0496711 0.0374665 0.0718981 0.12319 0.153886 0.159021 0.0857701 0.0377988 0.023471 0.0147837 0.00900784 0.00315554 0.000888139 0.00291439 0.00214683 0.00393193 0.00274676 0.000635225 9.99891e-05 0 0
 0 0 0 0 0 0 0 0 0 0 0 0 0 0 0 0 0 0 0 0 0 0 0 0 0 0
 0 0 0 0 0 0 0 0 0 0 0 0 0 0 0 0 0 0 0 0 0 0 0 0 0 0
 0 0 0 0 0 0 0 0 0 0 0 0 0 0 0 0 0 0 0 0 0 0 0 0 0 0
 0 0 0 0 0 0 0 0 0 0 0 0 0 0 0 0 0 0 0 0 0 0 0 0 0 0
 0 0 0 0 0 0 0 0 0 0 0 0 0 0 0 0 0 0 0 0 0 0 0 0 0 0
 0 0 0 0 0 0 0 0 0 0 0 0 0 0 0 0 0 0 0 0 0 0 0 0 0 0
 0 0 0 0 0 0 0 0 0 0 0 0 0 0 0 0 0 0 0 0 0 0 0 0 0 0
ppred_pel_tallas
 1.01782e-16 7.62244e-05 0.000740929 0.00492373 0.0223826 0.0696405 0.148377 0.216561 0.216566 0.148399 0.0697155 0.0225993 0.00546876 0.00193388 0.00235121 0.00379118 0.00551281 0.0070581 0.00801699 0.00820582 0.00776665 0.0070513 0.00638365 0.00589075 0.00550479 0.00508312
 1.02637e-16 6.58364e-07 6.39963e-06 4.25322e-05 0.000193402 0.000602237 0.00128653 0.00189698 0.00198883 0.00173527 0.00210846 0.00454155 0.0109482 0.0237842 0.0450731 0.0742887 0.106488 0.132803 0.1442 0.136525 0.113054 0.0824228 0.0536655 0.0321522 0.0187358 0.0114564
 1.3113e-16 2.1124e-06 2.05333e-05 0.000136451 0.000620288 0.00192996 0.00411209 0.00600232 0.00600529 0.00412729 0.00198513 0.000797825 0.000650614 0.00136925 0.00322502 0.00704851 0.0141467 0.0260782 0.0441088 0.0683139 0.0966505 0.12465 0.146321 0.156198 0.151613 0.133886
 1.09683e-16 7.40937e-05 0.000720217 0.0047861 0.0217569 0.0676938 0.144229 0.210506 0.210507 0.144231 0.0677028 0.0217834 0.00485479 0.00087785 0.00039775 0.000609413 0.00104846 0.00173246 0.00278326 0.00437661 0.00668347 0.00975632 0.0134047 0.0171418 0.0202668 0.0220758
 1.04455e-16 3.27903e-05 0.000318734 0.0021181 0.0096286 0.0299585 0.0638317 0.0931758 0.0932311 0.0641019 0.0308653 0.0122463 0.00868275 0.0146294 0.027153 0.0446856 0.0640155 0.0797699 0.0865146 0.0817866 0.0676356 0.0493674 0.0325182 0.020356 0.013322 0.0100546
 1.00008e-16 8.23212e-05 0.000800192 0.00531756 0.0241728 0.0752107 0.160244 0.233881 0.233881 0.160244 0.0752113 0.0241746 0.00532196 0.000809839 0.000100736 3.6468e-05 4.50288e-05 5.74249e-05 6.53457e-05 6.69077e-05 6.2999e-05 5.61746e-05 4.88646e-05 4.21651e-05 3.59293e-05 2.96588e-05
 1.0027e-16 2.33033e-07 2.26526e-06 1.50581e-05 6.85108e-05 0.000213677 0.000458804 0.000689734 0.000785589 0.000927063 0.00178528 0.00460486 0.0113906 0.0247978 0.0469813 0.0773801 0.11079 0.137894 0.149197 0.140332 0.114747 0.0815702 0.0504174 0.0271017 0.0126788 0.00517165
 1.28253e-16 1.28417e-06 1.24826e-05 8.29511e-05 0.000377085 0.00117326 0.00249983 0.00364899 0.00365111 0.00251087 0.00121469 0.000515878 0.000503354 0.00116786 0.00288942 0.00657702 0.0136512 0.0258183 0.0444539 0.0696027 0.0989885 0.12775 0.149495 0.158541 0.152321 0.132552
 1.00942e-16 8.15644e-05 0.000792835 0.00526867 0.0239506 0.0745192 0.158771 0.231731 0.231731 0.158771 0.0745198 0.0239524 0.00527337 0.000803848 0.000104892 5.11753e-05 8.34426e-05 0.000145873 0.000247892 0.000407617 0.000641417 0.000952678 0.00132029 0.00169418 0.0020039 0.00217978
 1.0098e-16 2.29173e-06 2.22765e-05 0.00014804 0.000673024 0.00209453 0.00446605 0.00653784 0.00663089 0.00492061 0.00362014 0.00507663 0.0111908 0.0240926 0.04561 0.0751202 0.10756 0.133886 0.144891 0.136343 0.111601 0.0795344 0.0494758 0.0270564 0.0132737 0.00617111
 1.01379e-16 7.82844e-05 0.000760952 0.00505679 0.0229874 0.0715225 0.152386 0.222412 0.222413 0.152388 0.0715285 0.0230058 0.00510618 0.000879973 0.00033707 0.000518376 0.000936199 0.0015853 0.00250218 0.0036779 0.00501362 0.00630216 0.00726434 0.00764449 0.00732183 0.00637118
 1.00715e-16 6.02708e-05 0.000585853 0.0038932 0.0176979 0.055065 0.117323 0.171241 0.171266 0.117446 0.0554774 0.0188884 0.00687861 0.0070938 0.012393 0.0203221 0.0291041 0.036255 0.0392925 0.0370835 0.0305426 0.0220636 0.0141509 0.00829318 0.00471906 0.00286387
 1.03486e-16 2.53833e-05 0.000246735 0.00163964 0.00745362 0.0231913 0.0494136 0.0721324 0.0721892 0.0496908 0.0241223 0.0101429 0.00839082 0.0149871 0.0280269 0.0463103 0.0667424 0.0839868 0.09259 0.0899863 0.0779812 0.0614615 0.0454382 0.032747 0.0237293 0.0173743
 1.09213e-16 4.5767e-05 0.000444872 0.00295633 0.0134391 0.041814 0.08909 0.130034 0.130055 0.0891922 0.0421582 0.0144367 0.0054732 0.00598156 0.0106851 0.0179161 0.0265599 0.0349766 0.041475 0.0452037 0.0465005 0.0463458 0.0454274 0.0436628 0.0405051 0.0356218
 1.01062e-16 7.75775e-05 0.000754081 0.00501113 0.0227799 0.0708767 0.15101 0.220405 0.220409 0.151031 0.0709455 0.0229785 0.0055098 0.00184336 0.00214842 0.0034348 0.00495491 0.0062635 0.00696681 0.00689119 0.00618364 0.00520859 0.00432131 0.00369423 0.00329829 0.00300196
 1.00233e-16 7.19891e-05 0.00069976 0.00465015 0.0211389 0.0657711 0.140133 0.20453 0.204542 0.14019 0.0659642 0.0216963 0.00604804 0.00374747 0.00584869 0.00952507 0.0136437 0.0170086 0.0184553 0.0174493 0.0144096 0.0104448 0.00671679 0.00392005 0.00217091 0.001224
 1.00776e-16 5.42704e-05 0.000527527 0.00350561 0.015936 0.049583 0.105643 0.154195 0.154226 0.105793 0.0500866 0.0173902 0.00715375 0.00848472 0.0151465 0.0249017 0.0357419 0.0446812 0.0487107 0.0464352 0.038909 0.0289462 0.0194813 0.0122468 0.00751978 0.00470073
 1.05895e-16 1.35263e-05 0.000131481 0.00087374 0.00397193 0.0123585 0.0263335 0.0384479 0.0385122 0.0266474 0.0134128 0.0070184 0.00852525 0.0168494 0.0318061 0.0526691 0.0761185 0.0962249 0.106904 0.105276 0.0932848 0.0762266 0.0594417 0.0458211 0.0355679 0.0275632
 1.29633e-16 5.45665e-06 5.30406e-05 0.000352475 0.00160232 0.00498554 0.0106232 0.0155104 0.0155369 0.0107531 0.00542412 0.00287945 0.00359741 0.00726669 0.0140873 0.0242803 0.0373166 0.0518349 0.066326 0.0799491 0.0926087 0.1041 0.113166 0.117529 0.115059 0.105152
 1.02209e-16 8.00355e-05 0.000777974 0.00516991 0.0235017 0.0731224 0.155795 0.227387 0.227388 0.155797 0.0731287 0.0235201 0.005217 0.000883646 0.000289469 0.000375679 0.000591779 0.000873375 0.00122194 0.00165886 0.00221251 0.0028897 0.00364478 0.0043708 0.00492494 0.00517753
 1.01303e-16 3.15204e-05 0.000306389 0.00203607 0.00925571 0.0287982 0.0613599 0.0895688 0.0896273 0.0616458 0.029758 0.012026 0.00898311 0.0154497 0.0287262 0.0472699 0.0676919 0.0842875 0.0912723 0.0859953 0.0705766 0.0505951 0.0319091 0.0180351 0.00956458 0.00523
 1.06933e-16 4.06981e-05 0.0003956 0.0026289 0.0119506 0.037183 0.0792232 0.115634 0.115662 0.0793577 0.0376351 0.0132601 0.00592909 0.00764313 0.013931 0.0232927 0.0343045 0.0446966 0.052107 0.0553214 0.0548058 0.0520414 0.0482951 0.0439145 0.0385977 0.0321488
 1.18109e-16 8.9396e-06 8.68961e-05 0.000577458 0.00262508 0.00816789 0.0174047 0.0254147 0.0254724 0.0176864 0.00911439 0.00536106 0.0074535 0.0151255 0.0286543 0.0475828 0.0690865 0.0880523 0.0992845 0.100458 0.0934638 0.0829478 0.0732471 0.0661637 0.060915 0.0556454
 1.06643e-16 7.14522e-05 0.000694541 0.00461547 0.0209812 0.0652804 0.139087 0.203002 0.203005 0.1391 0.0653247 0.0211106 0.00494582 0.00143434 0.00153152 0.00256391 0.00402893 0.00579207 0.00776324 0.009908 0.012222 0.014621 0.0168418 0.0184685 0.0190947 0.0185118
 1.04944e-16 2.81951e-05 0.000274066 0.00182127 0.00827926 0.0257602 0.0548869 0.0801214 0.0801803 0.0551744 0.0267252 0.011065 0.00880844 0.015509 0.0289092 0.0476113 0.0682677 0.085199 0.092657 0.0880411 0.0735168 0.0546645 0.0372615 0.0246501 0.0171906 0.0133976
 1.1742e-16 4.69098e-06 4.5598e-05 0.000303017 0.0013775 0.00428617 0.00913388 0.0133411 0.0133883 0.0093649 0.00506344 0.00362954 0.00598244 0.0125312 0.0239727 0.0402882 0.0595767 0.0781143 0.0919709 0.0991277 0.100331 0.0979158 0.0937185 0.0879548 0.0798003 0.0687774
 1.19139e-16 5.55459e-05 0.000539926 0.003588 0.0163105 0.0507481 0.108124 0.157811 0.157815 0.108143 0.0508101 0.0164931 0.00405999 0.00161633 0.00223703 0.00397572 0.00659476 0.0101697 0.0148376 0.0207534 0.0279299 0.0359709 0.0439012 0.0503037 0.0537709 0.0534405
 1.03662e-16 6.94753e-05 0.000675325 0.00448777 0.0204008 0.0634744 0.135239 0.197388 0.197401 0.135299 0.0636747 0.020979 0.00593859 0.00384023 0.00607409 0.00991711 0.014249 0.0178657 0.0196063 0.0189729 0.016451 0.0132106 0.0104191 0.00868306 0.00794318 0.00773989
 1.04717e-16 8.4907e-07 8.25335e-06 5.48507e-05 0.000249397 0.000776434 0.0016575 0.00243747 0.00252476 0.00208396 0.00220806 0.00438306 0.0104259 0.0226314 0.0429164 0.0708172 0.101706 0.127245 0.138926 0.132816 0.11193 0.0842607 0.0581038 0.038303 0.0255385 0.0179953
 1.351e-16 2.57008e-07 2.4982e-06 1.66016e-05 7.54703e-05 0.000234833 0.000500455 0.000731115 0.000734493 0.000517626 0.000296543 0.000271599 0.000576349 0.00144741 0.00339708 0.00731605 0.014495 0.0264614 0.0444824 0.0687096 0.0972587 0.125851 0.14861 0.160014 0.157128 0.140871
 1.91928e-16 9.43381e-06 9.17e-05 0.000609379 0.00277015 0.00861896 0.0183636 0.0268024 0.0268033 0.018368 0.00863479 0.00282096 0.000757275 0.000486442 0.000986193 0.00226087 0.0049136 0.0100354 0.01919 0.0341884 0.0564819 0.0862173 0.121309 0.15711 0.187158 0.205012
pSPR Fmed_Fpbrs
0.516511   0.285935 0.285935
Fs Fmed_Fpbrs
0.457668   1.005 1.005
SSBpbr Bo_Bmed_Bpbrs
1.91978e+06  895599  452944 452944
Ro
36571.7
SPR SPRFo_SPRFmed_SPRFpbrs
260415 134507 74461.8
Fref
1.005
log_Ro
10.327
likeval ReclasPelacesDesembMPH_pf_preclas_ppelaces_ptallas_desvR_qrecl_qpela
 44.9929 51.9704 1.84826 0.00274941 451.136 229.302 155.717 0 287.113 0 0 5.1346 0 0 0
q_reclas_q_pelaces
1 1
M
1
N
 529388 16107.3 5925.56 2179.89 1268.65
 2202.07 157247 3863.08 1421.15 827.075
 1720.41 653.564 37652.1 924.999 538.328
 70879.2 499.618 149.829 8631.74 335.467
 1903.84 8947.6 21.6425 6.49032 388.443
 286016 73.3553 36.108 0.0873384 1.59375
 220.775 73385.2 13.1269 6.46152 0.300831
 109.55 37.8411 5860.44 1.0483 0.540032
 90694.5 21.1773 3.84392 595.306 0.161343
 905.849 22482.3 3.53741 0.64208 99.4657
 132832 217.121 3510.98 0.552425 15.6335
 201919 44510.5 66.2699 1071.62 4.94027
 48868.4 57696.5 9878.72 14.708 238.934
 32534.2 13920.4 12725.9 2178.91 55.945
 156080 4578.79 749.49 685.179 120.328
 504203 42943.8 942.219 154.229 165.756
 572022 146524 9858.32 216.299 73.457
 89141.8 196613 47054.5 3165.88 93.0516
 9907.46 29607.9 58960.1 14110.7 977.286
 997975 2264.3 4203.84 8371.37 2142.24
 350314 304661 573.618 1064.96 2663.43
 342906 115725 90375.3 170.159 1106
 33049.3 103206 28495.7 22253.7 314.237
 625789 10420.5 27890.4 7700.69 6098.77
 217086 207493 3114.12 8334.9 4123.9
 16018.2 73644.7 64910.7 974.2 3897.53
 173622 5362.28 22434 19773.4 1484.05
 657891 52854.8 1350.84 5651.49 5355.09
 4867.01 223521 16584.7 423.865 3453.63
 470.492 1699.9 74120.1 5499.52 1285.79
 4876.48 154.47 498.085 21717.8 1988.15
pred_Ctot
 65575.9 3668.71 1349.64 496.505 288.955
 273.715 35928.6 882.656 324.711 188.974
 233.473 161.743 9318.09 228.917 133.224
 32007 325.714 97.6777 5627.26 218.7
 1268.35 7294.93 17.645 5.29153 316.695
 56322 25.2251 12.4167 0.0300336 0.548054
 79.2151 40808.7 7.29972 3.59318 0.167289
 34.6001 19.1311 2962.84 0.529982 0.273022
 19306.4 7.78264 1.41264 218.775 0.0592934
 206.566 8754.31 1.37742 0.250017 38.7306
 7541.61 23.7351 383.811 0.0603897 1.70901
 29090.5 11625.9 17.3093 279.901 1.29037
 7118.25 15219.4 2605.85 3.87974 63.027
 13698.7 8662.95 7919.61 1355.99 34.8158
 25466 1336.33 218.74 199.971 35.1179
 68245 10602.4 232.626 38.0779 40.9238
 23883.6 11899.5 800.612 17.566 5.96558
 5519.58 23358.7 5590.35 376.125 11.0551
 2464.94 12390 24672.9 5904.87 408.963
 108993 459.356 852.827 1698.29 434.595
 22792.4 37952.1 71.4565 132.664 331.787
 40071.7 24987.6 19514.1 36.7413 238.81
 3023.55 17754.4 4902.08 3828.28 54.0577
 39375.6 1257.21 3364.9 929.067 735.8
 10753.4 19887 298.471 798.854 395.252
 918.588 8128.47 7164.46 107.526 430.186
 19225 1101.77 4609.47 4062.8 304.924
 32002 4977.64 127.216 532.233 504.32
 156.289 14051.8 1042.6 26.6465 217.114
 32.283 222.783 9713.93 720.749 168.511
 839.841 47.282 152.46 6647.63 608.556
F
 0.213905 0.42781 0.42781 0.42781 0.42781
 0.214714 0.429427 0.429427 0.429427 0.429427
 0.236472 0.472944 0.472944 0.472944 0.472944
 1.06959 2.13918 2.13918 2.13918 2.13918
 2.25631 4.51262 4.51262 4.51262 4.51262
 0.360325 0.720651 0.720651 0.720651 0.720651
 0.763749 1.5275 1.5275 1.5275 1.5275
 0.643452 1.2869 1.2869 1.2869 1.2869
 0.394767 0.789534 0.789534 0.789534 0.789534
 0.428417 0.856834 0.856834 0.856834 0.856834
 0.09336 0.18672 0.18672 0.18672 0.18672
 0.252671 0.505342 0.505342 0.505342 0.505342
 0.255778 0.511556 0.511556 0.511556 0.511556
 0.960858 1.92172 1.92172 1.92172 1.92172
 0.290476 0.580952 0.580952 0.580952 0.580952
 0.235788 0.471576 0.471576 0.471576 0.471576
 0.0679426 0.135885 0.135885 0.135885 0.135885
 0.102187 0.204375 0.204375 0.204375 0.204375
 0.476022 0.952043 0.952043 0.952043 0.952043
 0.186529 0.373058 0.373058 0.373058 0.373058
 0.107614 0.215229 0.215229 0.215229 0.215229
 0.200731 0.401462 0.401462 0.401462 0.401462
 0.154222 0.308444 0.308444 0.308444 0.308444
 0.103915 0.207831 0.207831 0.207831 0.207831
 0.0810424 0.162085 0.162085 0.162085 0.162085
 0.0943367 0.188673 0.188673 0.188673 0.188673
 0.18933 0.378661 0.378661 0.378661 0.378661
 0.0795341 0.159068 0.159068 0.159068 0.159068
 0.0519093 0.103819 0.103819 0.103819 0.103819
 0.113777 0.227554 0.227554 0.227554 0.227554
 0.30884 0.61768 0.61768 0.61768 0.61768
nmprior
 8 9 7.5 0
nm_flota  nm_reclas  nm_pelaces    nm_pelaL
inf 2.66064 2.27152 2.67658
cv_recla  cv_pelaces  cv_mph
0.606732 0.848286 1.61817
 ------------------------------------------------
Talla a la edad & desviación 
 8 13.2811 15.8009 17.003 17.5766
 0.8 1.32811 1.58009 1.7003 1.75766
