years
 1991 1992 1993 1994 1995 1996 1997 1998 1999 2000 2001 2002 2003 2004 2005 2006 2007 2008 2009 2010 2011 2012 2013 2014 2015 2016 2017 2018 2019 2020 2021
reclasobs
 0 0 0 0 0 0 0 0 0 252601 567819 844713 477998 351125 339783 2.1784e+06 2.13404e+06 4.81314e+06 1.55562e+06 2.62356e+06 3.21686e+06 3.843e+06 1.13348e+06 3.07943e+06 1.97215e+06 2.03268e+06 2.025e+06 2.42433e+06 2.27542e+06 1.05018e+06 2.36338e+06
reclaspred
 2.92581e+06 1.52991e+06 742849 395174 168526 1.50582e+06 638641 352348 247502 211605 392763 626454 604039 422831 360903 1.72786e+06 1.3061e+06 3.80108e+06 3.08634e+06 2.08845e+06 3.84742e+06 3.20418e+06 2.10899e+06 3.50759e+06 2.43311e+06 1.91072e+06 2.6686e+06 3.35471e+06 2.51533e+06 1.17138e+06 1.01973e+06
pelacesobs
 0 0 0 0 0 0 0 0 0 0 0 0 0 0 0 552880 188675 0 991730 2.46772e+06 1.41603e+06 1.21717e+06 2.29649e+06 1.80582e+06 0 1.4828e+06 1.56532e+06 1.57751e+06 1.42118e+06 867257 0
pelacespred
 800812 430442 194562 72840.7 33468.6 405330 127161 102324 53964.3 45327.6 105041 138507 148943 102310 88770.6 401748 304526 1.07242e+06 861614 533123 1.00554e+06 857589 571665 1.07698e+06 703548 552893 896261 1.10276e+06 684107 365173 287729
mphobs
 0 0 0 0 0 0 0 0 0 0 0 498337 0 5186 125008 0 168611 109162 213762 579715 649985 157893 87575 83554 0 0 0 0 0 0 0
mphpred
 1.70259e+06 930767 429846 215100 82092.3 46272.5 473479 158755 91558.4 47032 44721.5 151547 182371 137863 72764.1 85756.2 664456 459228 1.29168e+06 915255 885424 1.18591e+06 1.14605e+06 767240 1.18183e+06 886557 640903 838746 1.4181e+06 815517 299346
desembarqueobs
 494567 514787 250237 358949 120608 361735 552515 73892 212993 205616 52469 317467 293654 387597 252695 516296 358380 742168 942051 627588 828172 859565 418607 520667 417249 300574 407403 355545 319650 289779 219260
desembarquepred
 494522 514843 249687 358855 120573 361595 552040 73882 212872 205508 52465 317334 293500 387190 252515 516020 358315 741812 941172 627007 827948 859102 418475 520564 417114 300465 407277 355437 319548 289667 219233
Reclutas
 82179.3 107157 82687.3 45349.7 24348.4 271443 37123.8 11416.4 26411.7 49779.3 66036.2 120292 92219.9 67416.2 52239.9 408190 35941.3 625315 331899 232794 384854 505983 52344.7 281932 200596 76735.6 246368 303517 42224.8 25417.1 100807
log_desv_Rt
 -0.188901 0.0764918 -0.182739 -0.783402 -1.40534 1.00595 -0.983547 -2.16275 -1.324 -0.690205 -0.407602 0.19212 -0.0736288 -0.386919 -0.641959 1.41393 -1.01592 1.84045 1.20702 0.852349 1.35506 1.6287 -0.639954 1.04386 0.703487 -0.257439 0.90902 1.11763 -0.854796 -1.36238 0.0154064
SSB
 1.70259e+06 930767 429846 215100 82092.3 46272.5 473479 158755 91558.4 47032 44721.5 151547 182371 137863 72764.1 85756.2 664456 459228 1.29168e+06 915255 885424 1.18591e+06 1.14605e+06 767240 1.18183e+06 886557 640903 838746 1.4181e+06 815517 299346
BT
 2.28419e+06 1.5045e+06 683924 456513 177264 1.25378e+06 774639 303524 327952 297721 286168 580640 607004 635293 456682 1.33684e+06 983793 3.14128e+06 2.88206e+06 1.79985e+06 2.99667e+06 2.7736e+06 1.68268e+06 2.97549e+06 2.01714e+06 1.54694e+06 2.49094e+06 2.90126e+06 1.84515e+06 1.14367e+06 870296
Ftot
 0.274177 0.558823 0.566043 1.42302 1.20253 0.575805 1.28549 0.364048 1.57132 1.85651 0.306561 0.99933 0.927986 1.68525 1.42707 0.703429 0.452778 0.436033 0.561507 0.55142 0.425113 0.516108 0.327738 0.308378 0.308979 0.275698 0.318971 0.224896 0.205756 0.395026 0.433616
BD_Bspro_t
 0.957373 0.710238 0.477145 0.337475 0.156679 0.126603 0.478463 0.206623 0.173573 0.120601 0.145099 0.434437 0.348723 0.254198 0.149561 0.177153 0.496856 0.397299 0.582183 0.466854 0.41577 0.48492 0.506163 0.448703 0.586457 0.576219 0.557862 0.647752 0.738646 0.621178 0.467958
BD_Bspro
 2.40873 1.3168 0.608123 0.304312 0.11614 0.0654639 0.669853 0.224597 0.129532 0.0665384 0.0632696 0.214401 0.258008 0.195041 0.102943 0.121323 0.940037 0.649691 1.8274 1.29485 1.25265 1.67776 1.62138 1.08545 1.67199 1.25425 0.906715 1.18661 2.00626 1.15375 0.423498
BD_Bo
 1.10731 0.60534 0.279557 0.139894 0.0533901 0.0300941 0.307935 0.103249 0.0595466 0.0305881 0.0290854 0.0985614 0.118608 0.0896616 0.0473233 0.055773 0.43214 0.298667 0.840064 0.595252 0.57585 0.771275 0.745356 0.498987 0.768625 0.576588 0.416822 0.545493 0.922287 0.530385 0.194685
BD_Brms
 5.29403 2.89414 1.33657 0.668835 0.255259 0.14388 1.47224 0.493633 0.284692 0.146242 0.139057 0.471223 0.567064 0.428673 0.226253 0.266651 2.06606 1.42793 4.01635 2.8459 2.75314 3.68747 3.56355 2.38566 3.6748 2.75667 1.99283 2.608 4.40946 2.53577 0.930788
Sel_flota
 0.609923 0.967436 0.998232 0.999907 0.999995
 0.609923 0.967436 0.998232 0.999907 0.999995
 0.609923 0.967436 0.998232 0.999907 0.999995
 0.609923 0.967436 0.998232 0.999907 0.999995
 0.609923 0.967436 0.998232 0.999907 0.999995
 0.609923 0.967436 0.998232 0.999907 0.999995
 0.609923 0.967436 0.998232 0.999907 0.999995
 0.609923 0.967436 0.998232 0.999907 0.999995
 0.609923 0.967436 0.998232 0.999907 0.999995
 0.609923 0.967436 0.998232 0.999907 0.999995
 0.609923 0.967436 0.998232 0.999907 0.999995
 0.609923 0.967436 0.998232 0.999907 0.999995
 0.609923 0.967436 0.998232 0.999907 0.999995
 0.609923 0.967436 0.998232 0.999907 0.999995
 0.609923 0.967436 0.998232 0.999907 0.999995
 0.609923 0.967436 0.998232 0.999907 0.999995
 0.609923 0.967436 0.998232 0.999907 0.999995
 0.609923 0.967436 0.998232 0.999907 0.999995
 0.609923 0.967436 0.998232 0.999907 0.999995
 0.609923 0.967436 0.998232 0.999907 0.999995
 0.609923 0.967436 0.998232 0.999907 0.999995
 0.609923 0.967436 0.998232 0.999907 0.999995
 0.609923 0.967436 0.998232 0.999907 0.999995
 0.609923 0.967436 0.998232 0.999907 0.999995
 0.609923 0.967436 0.998232 0.999907 0.999995
 0.609923 0.967436 0.998232 0.999907 0.999995
 0.609923 0.967436 0.998232 0.999907 0.999995
 0.609923 0.967436 0.998232 0.999907 0.999995
 0.609923 0.967436 0.998232 0.999907 0.999995
 0.609923 0.967436 0.998232 0.999907 0.999995
 0.609923 0.967436 0.998232 0.999907 0.999995
Sel_reclas
 1 1 1 1 1
 1 1 1 1 1
 1 1 1 1 1
 1 1 1 1 1
 1 1 1 1 1
 1 1 1 1 1
 1 1 1 1 1
 1 1 1 1 1
 1 1 1 1 1
 1 1 1 1 1
 1 1 1 1 1
 1 1 1 1 1
 1 1 1 1 1
 1 1 1 1 1
 1 1 1 1 1
 1 1 1 1 1
 1 1 1 1 1
 1 1 1 1 1
 1 1 1 1 1
 1 1 1 1 1
 1 1 1 1 1
 1 1 1 1 1
 1 1 1 1 1
 1 1 1 1 1
 1 1 1 1 1
 1 1 1 1 1
 1 1 1 1 1
 1 1 1 1 1
 1 1 1 1 1
 1 1 1 1 1
 1 1 1 1 1
Sel_pelaces
 1 1 1 1 1
 1 1 1 1 1
 1 1 1 1 1
 1 1 1 1 1
 1 1 1 1 1
 1 1 1 1 1
 1 1 1 1 1
 1 1 1 1 1
 1 1 1 1 1
 1 1 1 1 1
 1 1 1 1 1
 1 1 1 1 1
 1 1 1 1 1
 1 1 1 1 1
 1 1 1 1 1
 1 1 1 1 1
 1 1 1 1 1
 1 1 1 1 1
 1 1 1 1 1
 1 1 1 1 1
 1 1 1 1 1
 1 1 1 1 1
 1 1 1 1 1
 1 1 1 1 1
 1 1 1 1 1
 1 1 1 1 1
 1 1 1 1 1
 1 1 1 1 1
 1 1 1 1 1
 1 1 1 1 1
 1 1 1 1 1
pf_obs 
 0.8446 0.082 0.0669 0.0065 0
 0.8095 0.147 0.0364 0.0071 0
 0.9664 0.0169 0.016 0.0007 0
 0.9276 0.0648 0.0075 0.0001 0
 0.7033 0.2144 0.0806 0.0017 0
 0.9318 0.0425 0.0243 0.0014 0
 0.5671 0.3108 0.0964 0.0239 0.0018
 0.0768 0.2599 0.5324 0.112 0.0189
 0.490249 0.384438 0.106611 0.0170017 0.00170017
 0.7925 0.1577 0.0466 0.003 0.0002
 0.840416 0.127587 0.0312969 0.00059994 9.999e-05
 0.8084 0.0986 0.0794 0.0134 0.0002
 0.7335 0.1905 0.0724 0.0035 0.0001
 0.4001 0.4547 0.1325 0.0127 0
 0.49795 0.308269 0.164784 0.0264974 0.00249975
 0.9179 0.0499 0.0305 0.0017 0
 0.2467 0.6533 0.0926 0.0074 0
 0.9418 0.0223 0.034 0.0019 0
 0.707729 0.231977 0.0356964 0.0245975 0
 0.517169 0.277429 0.184464 0.0207286 0.00020938
 0.811772 0.124168 0.05621 0.00726502 0.000585176
 0.764997 0.148141 0.077277 0.00933861 0.000247198
 0.163321 0.427699 0.378323 0.0303852 0.000271297
 0.753843 0.0900009 0.118128 0.0371064 0.000921714
 0.721811 0.176058 0.0630433 0.0369309 0.00215725
 0.143369 0.312575 0.442814 0.0836902 0.0175525
 0.692698 0.0596174 0.167031 0.0765114 0.00414204
 0.394062 0.376323 0.152708 0.0712218 0.00568511
 0.125707 0.32114 0.495352 0.0537591 0.00404204
 0.23352 0.215282 0.420074 0.123614 0.00750983
 0 0 0 0 0
pf_pred 
 0.314172 0.23081 0.404547 0.0504703 9.87053e-07
 0.553584 0.194107 0.086913 0.14708 0.0183152
 0.580859 0.289053 0.0579163 0.0248968 0.0472744
 0.528712 0.335831 0.0946398 0.0181953 0.0226216
 0.644834 0.253424 0.0737595 0.0195705 0.00841227
 0.971459 0.0225684 0.00432896 0.00119278 0.000451155
 0.277182 0.711104 0.00934332 0.00171943 0.00065148
 0.350968 0.288783 0.35473 0.00440443 0.00111418
 0.741607 0.124631 0.0607522 0.0718933 0.0011162
 0.900326 0.0868437 0.00639971 0.00292602 0.0035042
 0.875803 0.118841 0.0047091 0.000323434 0.000323703
 0.797632 0.186458 0.0152473 0.000582842 7.99372e-05
 0.707028 0.259399 0.0310543 0.00241468 0.000104676
 0.688174 0.256942 0.0488638 0.00556956 0.000450647
 0.787128 0.178739 0.0284497 0.00506133 0.000621322
 0.969029 0.027575 0.0028786 0.00043145 8.58984e-05
 0.195228 0.79086 0.0124452 0.00124362 0.000222976
 0.924414 0.0221305 0.0525655 0.000795914 9.35986e-05
 0.550458 0.429451 0.00604319 0.0138151 0.000233296
 0.554779 0.303783 0.135367 0.00182872 0.00424183
 0.743225 0.17657 0.0554268 0.0237176 0.00106121
 0.72303 0.230565 0.0322923 0.0097586 0.0043537
 0.172564 0.678131 0.12512 0.0168411 0.00734385
 0.752365 0.0638694 0.151582 0.0269792 0.00520469
 0.56287 0.365981 0.0188443 0.0431585 0.00914577
 0.359297 0.436336 0.172122 0.0085525 0.0236926
 0.766326 0.112492 0.0834512 0.0317871 0.00594333
 0.691628 0.26105 0.023211 0.0166138 0.007497
 0.181061 0.642648 0.150028 0.0128943 0.0133694
 0.246326 0.199229 0.438243 0.0989182 0.0172843
 0.768513 0.0836277 0.0401825 0.0851457 0.0225312
pobs_RECLAS
 0 0 0 0 0
 0 0 0 0 0
 0 0 0 0 0
 0 0 0 0 0
 0 0 0 0 0
 0 0 0 0 0
 0 0 0 0 0
 0 0 0 0 0
 0 0 0 0 0
 0 0 0 0 0
 0.991045 0.00858322 0.000360255 1.14367e-05 0
 0.934742 0.0480273 0.0164251 0.00080598 0
 0.827803 0.169806 0.00239088 0 0
 0.941827 0.0461693 0.0120037 0 0
 0.791401 0.0380133 0.147996 0.0225897 0
 0.846168 0.0940531 0.0597789 0 0
 0.134021 0.677848 0.182769 0.00536245 0
 0.80878 0.0450904 0.141981 0.00414843 0
 0.846168 0.0940531 0.0597789 0 0
 0.905697 0.0802665 0.012482 0.00150086 5.37128e-05
 0.989698 0.0102097 9.19794e-05 0 0
 0.975433 0.0193895 0.00387452 0.00125025 5.28907e-05
 0.303575 0.632131 0.0575291 0.00676475 0
 0.966965 0.00978017 0.0227588 0.000495775 0
 0.843318 0.132988 0.00938335 0.0141283 0.000182051
 0.564624 0.303363 0.111486 0.0197234 0.00080311
 0.826376 0.0876187 0.0782897 0.00655872 0.00115652
 0.89761 0.0855135 0.0140674 0.00269457 0.000114338
 0.34875 0.467042 0.161289 0.0227151 0.000203297
 0.318654 0.224769 0.449479 0.00709798 0
 0.937255 0.0296025 0.0250945 0.00804832 0
ppred_RECLAS
 0.428421 0.196516 0.333524 0.0415379 8.12288e-07
 0.672411 0.145236 0.0628897 0.106236 0.0132278
 0.694616 0.212846 0.0412415 0.0176969 0.0335999
 0.661823 0.243726 0.0660332 0.0126686 0.0157487
 0.756616 0.175546 0.0492079 0.0130299 0.00560024
 0.982362 0.0140453 0.00260519 0.00071653 0.000270994
 0.395504 0.595065 0.00752536 0.00138203 0.000523585
 0.469557 0.240295 0.285711 0.00354129 0.000895751
 0.836716 0.0804638 0.0376606 0.0444696 0.000690344
 0.942234 0.0506135 0.00357181 0.00162926 0.00195097
 0.918865 0.0777428 0.00298257 0.000204497 0.000204649
 0.868328 0.12166 0.00959567 0.000366094 5.02049e-05
 0.800907 0.176991 0.0204469 0.00158685 6.8783e-05
 0.796994 0.168492 0.0307352 0.00349539 0.000282787
 0.865231 0.113871 0.0174246 0.00309336 0.000379695
 0.980916 0.0170551 0.00172046 0.000257393 5.124e-05
 0.281558 0.706421 0.010756 0.00107293 0.000192354
 0.952814 0.0141391 0.0324977 0.000491194 5.77585e-05
 0.665677 0.319869 0.00435293 0.00993323 0.000167727
 0.671425 0.226565 0.0976388 0.00131667 0.00305382
 0.825036 0.121559 0.036926 0.0157732 0.000705683
 0.809597 0.15939 0.0215934 0.00651382 0.0029058
 0.25191 0.616682 0.110153 0.0148008 0.00645357
 0.833111 0.0440945 0.10132 0.0180021 0.00347256
 0.674958 0.27361 0.0136398 0.0311847 0.00660778
 0.475746 0.36071 0.137779 0.00683425 0.0189309
 0.842577 0.0770792 0.0553584 0.0210498 0.0039354
 0.782747 0.184832 0.0159162 0.0113729 0.00513155
 0.262301 0.582874 0.131794 0.0113078 0.0117234
 0.350291 0.175957 0.374599 0.084405 0.014747
 0.845505 0.057037 0.0265196 0.0560956 0.0148426
pobs_PELACES
 0 0 0 0 0
 0 0 0 0 0
 0 0 0 0 0
 0 0 0 0 0
 0 0 0 0 0
 0 0 0 0 0
 0 0 0 0 0
 0 0 0 0 0
 0 0 0 0 0
 0 0 0 0 0
 0 0 0 0 0
 0 0 0 0 0
 0 0 0 0 0
 0 0 0 0 0
 0 0 0 0 0
 0 0 0 0 0
 0.505614 0.472636 0.0217494 0 0
 0 0 0 0 0
 0.443492 0.261883 0.143347 0.151278 0
 0.227955 0.32914 0.350689 0.0885471 0.00366901
 0.970185 0.0296113 0.000203453 0 0
 0.997202 0.00247181 0.000326279 0 0
 0.445219 0.490057 0.0546422 0.010081 0
 0.90214 0.0892962 0.00764917 0.000914606 0
 0 0 0 0 0
 0.581667 0.319106 0.0959925 0.00289975 0.000334073
 0.762889 0.0836404 0.116647 0.0363945 0.000428098
 0.88444 0.0763242 0.0277011 0.0115352 0
 0.521256 0.241999 0.230069 0.00667565 0
 0.616807 0.101726 0.260614 0.0208532 0
 0 0 0 0 0
ppred_PELACES
 0.436812 0.193988 0.328316 0.0408832 7.99477e-07
 0.687469 0.139014 0.0598547 0.101078 0.0125853
 0.708965 0.203209 0.0391484 0.0167935 0.0318841
 0.699181 0.217689 0.0581322 0.011144 0.0138529
 0.78237 0.157511 0.0436164 0.0115416 0.00496041
 0.983521 0.0131384 0.00242275 0.000666137 0.000251932
 0.432326 0.558932 0.00697667 0.00128035 0.000485047
 0.480772 0.235691 0.279202 0.00345991 0.000875159
 0.861485 0.0688272 0.0317038 0.0374033 0.000580621
 0.95317 0.0411296 0.00284828 0.0012979 0.00155409
 0.921531 0.0751988 0.002876 0.000197156 0.000197301
 0.881313 0.109747 0.00856856 0.000326727 4.48049e-05
 0.817947 0.162011 0.0185408 0.00143817 6.2337e-05
 0.82769 0.143431 0.0257195 0.00292225 0.000236407
 0.883917 0.0983043 0.014826 0.00262996 0.000322801
 0.982422 0.015721 0.00157458 0.000235476 4.6876e-05
 0.292505 0.695711 0.0105443 0.00105155 0.000188518
 0.955207 0.0134639 0.0308089 0.000465556 5.4743e-05
 0.680311 0.305946 0.00413977 0.00944389 0.000159461
 0.685989 0.2169 0.0929512 0.00125307 0.00290627
 0.832345 0.116637 0.035278 0.0150657 0.000674023
 0.818935 0.151704 0.0204447 0.00616553 0.00275039
 0.25938 0.610885 0.108754 0.0146103 0.00637042
 0.838424 0.0427902 0.0980151 0.017412 0.0033587
 0.683015 0.266965 0.0132668 0.0303268 0.00642594
 0.484084 0.355286 0.135327 0.00671162 0.0185911
 0.847722 0.0746857 0.0534658 0.0203266 0.00380015
 0.787284 0.181036 0.0155537 0.0111125 0.00501402
 0.267112 0.579329 0.130719 0.0112143 0.0116263
 0.361653 0.173392 0.36766 0.0828234 0.0144705
 0.852434 0.0546366 0.0252919 0.0534857 0.0141519
pobs_pel_tallas
 0 0 0 0 0 0 0 0 0 0 0 0 0 0 0 0 0 0 0 0 0 0 0 0 0 0
 0 0 0 0 0 0 0 0 0 0 0 0 0 0 0 0 0 0 0 0 0 0 0 0 0 0
 0 0 0 0 0 0 0 0 0 0 0 0 0 0 0 0 0 0 0 0 0 0 0 0 0 0
 0 0 0 0 0 0 0 0 0 0 0 0 0 0 0 0 0 0 0 0 0 0 0 0 0 0
 0 0 0 0 0 0 0 0 0 0 0 0 0 0 0 0 0 0 0 0 0 0 0 0 0 0
 0 0 0 0 0 0 0 0 0 0 0 0 0 0 0 0 0 0 0 0 0 0 0 0 0 0
 0 0 0 0 0 0 0 0 0 0 0 0 0 0 0 0 0 0 0 0 0 0 0 0 0 0
 0 0 0 0 0 0 0 0 0 0 0 0 0 0 0 0 0 0 0 0 0 0 0 0 0 0
 0 0 0 0 0 0 0 0 0 0 0 0 0 0 0 0 0 0 0 0 0 0 0 0 0 0
 0 0 0 0 0 0 0 0 0 0 0 0 0 0 0 0 0 0 0 0 0 0 0 0 0 0
 0 0 0 0 0 0 0 0 0 0 0 0 0 0 0 0 0 0 0 0 0 0 0 0 0 0
 0 0 0 0 0 0 0 0 0 0 0 0 0 0 0 0 0 0 0 0 0 0 0 0 0 0
 0.00862536 0 0 0.000197151 0.00414017 0.0128641 0.00837892 0.0270097 0.101434 0.158115 0.152841 0.127902 0.109271 0.109419 0.0830992 0.0579132 0.0238553 0.00714673 0.00463305 0.00128148 0.00103504 0.000492878 0.000147863 0.000147863 4.92878e-05 0
 0 0 0 0 0 0 0 0 0 0 0 0 0 0 0 0 0 0 0 0 0 0 0 0 0 0
 0 0 0 0 0 0 0 0.0054083 0.00873648 0.0413646 0.0450493 0.0745869 0.0622846 0.0627006 0.0613931 0.0827291 0.12552 0.122667 0.0946155 0.0697135 0.0546179 0.0294188 0.0215738 0.0213955 0.0102223 0.00600262
 0 0 0 0 0.00359764 0.0251062 0.0480494 0.140153 0.205849 0.193036 0.1447 0.116669 0.0760912 0.0342217 0.00950174 0.001854 0.000860785 0 0 0 0.000165536 0 0.000143464 0 0 0
 0 0 0 0 0 0 0 0.000145254 0.000435761 0.0275982 0.070085 0.0708112 0.156366 0.174668 0.174014 0.160142 0.0824315 0.0480064 0.0283245 0.00493863 0.00203355 0 0 0 0 0
 0 0 0 0 0 0 0 0 0 0 0 0 0 0 0 0 0 0 0 0 0 0 0 0 0 0
 0 0 1.00437e-05 0.000401748 0.00122533 0.00171747 0.00176769 0.0269171 0.070346 0.194647 0.189555 0.159765 0.064822 0.0314167 0.0384472 0.0292271 0.0345202 0.0313363 0.0194345 0.0106764 0.0143323 0.0359363 0.0279516 0.0138201 0.00172751 0
 0 0.0021121 0.0136068 0.0755702 0.200478 0.177729 0.0527432 0.0373336 0.0318909 0.0142505 0.0149659 0.0166563 0.0217959 0.0798694 0.0677717 0.0528807 0.04013 0.0224614 0.0357745 0.0225083 0.00881397 0.00855152 0.00135912 0.000746735 0 0
 0 0 0 0 5.4009e-05 0.00500934 0.000945158 0.0243581 0.138947 0.33067 0.221406 0.137944 0.0707744 0.0437923 0.0131692 0.00525238 0.0047753 0.00276346 9.45158e-05 9.00151e-06 2.25038e-05 9.00151e-06 4.50075e-06 0 0 0
 0.000866109 0.00284123 0.00948549 0.0512746 0.133035 0.25785 0.225252 0.132002 0.0553304 0.0519788 0.0540692 0.017754 0.00435017 0.00159236 0.00146478 0.000404838 0.000125132 0.000115318 0.000107957 0.000100596 0 0 0 0 0 0
 0 0 0 0 0.00144013 0.00171154 0.00461396 0.0210425 0.0478622 0.0707936 0.0888783 0.103762 0.0637923 0.0337046 0.0602308 0.124433 0.169614 0.0934646 0.0462172 0.0250306 0.0313229 0.00938855 0.002487 0.000210481 0 0
 0 0.00764035 0.051015 0.0998891 0.058973 0.0496711 0.0374665 0.0718981 0.12319 0.153886 0.159021 0.0857701 0.0377988 0.023471 0.0147837 0.00900784 0.00315554 0.000888139 0.00291439 0.00214683 0.00393193 0.00274676 0.000635225 9.99891e-05 0 0
 0 0 0 0 0 0 0 0 0 0 0 0 0 0 0 0 0 0 0 0 0 0 0 0 0 0
 0 0 0 0 0 0 0 0 0 0 0 0 0 0 0 0 0 0 0 0 0 0 0 0 0 0
 0 0 0 0 0 0 0 0 0 0 0 0 0 0 0 0 0 0 0 0 0 0 0 0 0 0
 0 0 0 0 0 0 0 0 0 0 0 0 0 0 0 0 0 0 0 0 0 0 0 0 0 0
 0 0 0 0 0 0 0 0 0 0 0 0 0 0 0 0 0 0 0 0 0 0 0 0 0 0
 0 0 0 0 0 0 0 0 0 0 0 0 0 0 0 0 0 0 0 0 0 0 0 0 0 0
 0 0 0 0 0 0 0 0 0 0 0 0 0 0 0 0 0 0 0 0 0 0 0 0 0 0
ppred_pel_tallas
 1.13625e-16 3.59797e-05 0.000349735 0.00232411 0.0105651 0.032872 0.0700381 0.102227 0.102246 0.070132 0.0331887 0.0114859 0.00465844 0.00552147 0.0100803 0.0171871 0.0261037 0.0356351 0.0444896 0.0519278 0.057916 0.0625819 0.0655252 0.0657332 0.0622388 0.0549375
 1.1403e-16 5.66259e-05 0.000550424 0.00365776 0.0166277 0.0517349 0.110227 0.160883 0.160896 0.110293 0.0519568 0.01727 0.00527544 0.00409999 0.00685309 0.0113902 0.0167707 0.021905 0.0257627 0.0279815 0.0290985 0.0301159 0.0317206 0.0337777 0.0354337 0.035662
 1.08262e-16 5.83966e-05 0.000567636 0.00377214 0.0171476 0.0533527 0.113674 0.165915 0.165935 0.11377 0.0536746 0.0180777 0.00610816 0.00567207 0.00976757 0.0160965 0.0232842 0.0295112 0.032981 0.0329137 0.0300274 0.0260457 0.0226263 0.0205349 0.0195511 0.0189356
 1.05196e-16 5.75907e-05 0.000559802 0.00372008 0.016911 0.0526164 0.112106 0.163626 0.163647 0.112208 0.0529616 0.0179086 0.0062266 0.00603912 0.0104862 0.0173036 0.0250602 0.0318094 0.0356041 0.0355493 0.0323144 0.0276267 0.0231733 0.0197802 0.0173515 0.0153538
 1.03296e-16 6.44428e-05 0.000626407 0.0041627 0.018923 0.0588766 0.125443 0.183092 0.183107 0.125518 0.0591265 0.0196451 0.00597692 0.00459274 0.00761456 0.012532 0.0181539 0.0230557 0.0258273 0.0258171 0.0234989 0.0201056 0.016839 0.014284 0.0123737 0.010744
 1.00183e-16 8.10113e-05 0.000787459 0.00523294 0.0237882 0.0740139 0.157694 0.23016 0.230161 0.157701 0.0740347 0.0238483 0.0053838 0.00111695 0.000707248 0.00104226 0.00149647 0.00188786 0.00209162 0.0020521 0.00181077 0.00147626 0.0011576 0.000912825 0.000742832 0.000618723
 1.00555e-16 3.56102e-05 0.000346144 0.00230025 0.0104566 0.0325348 0.0693208 0.101187 0.101241 0.0695834 0.0334162 0.0130008 0.00868077 0.0142557 0.0263958 0.043433 0.0622153 0.0775044 0.0839889 0.0792235 0.065129 0.0467897 0.0295479 0.0166146 0.00855112 0.00424787
 1.08613e-16 3.96006e-05 0.000384932 0.00255801 0.0116284 0.0361803 0.0770867 0.112515 0.112538 0.0771998 0.0365608 0.0127324 0.00534727 0.00653329 0.0118897 0.020043 0.0299096 0.0397644 0.0477783 0.0529482 0.055441 0.0560123 0.0550841 0.0523774 0.0473753 0.0400718
 1.04782e-16 7.09594e-05 0.000689751 0.00458364 0.0208365 0.0648303 0.138128 0.201603 0.20161 0.138161 0.0649401 0.0211544 0.00538382 0.00244474 0.00342861 0.00562204 0.00825177 0.010725 0.012499 0.0133549 0.013519 0.0134656 0.013554 0.0137922 0.013884 0.013468
 1.00486e-16 7.85114e-05 0.000763158 0.00507146 0.0230541 0.0717299 0.152828 0.223058 0.223062 0.152848 0.0717949 0.0232416 0.005542 0.00178969 0.00202614 0.00322037 0.00462001 0.00578635 0.00633218 0.00608351 0.00518192 0.00399268 0.00289036 0.00208628 0.00159672 0.00132186
 1.00156e-16 7.59053e-05 0.000737826 0.00490312 0.0222889 0.0693489 0.147756 0.215655 0.215662 0.147791 0.0694676 0.0226314 0.00576225 0.00261122 0.00362763 0.00586077 0.00839689 0.0104781 0.0113886 0.0107996 0.00896549 0.0065607 0.00429115 0.00257698 0.00148758 0.000875729
 1.00316e-16 7.25926e-05 0.000705626 0.00468913 0.0213161 0.0663224 0.141307 0.206244 0.206255 0.141359 0.0664957 0.0218165 0.00594452 0.00344414 0.00526755 0.00857762 0.0123118 0.0154021 0.0168124 0.0160628 0.0135136 0.0101268 0.00690368 0.00443233 0.0028038 0.00181287
 1.00732e-16 6.73733e-05 0.000654892 0.00435199 0.0197835 0.061554 0.131148 0.191417 0.191433 0.131224 0.06181 0.0205229 0.00620742 0.00470385 0.00775269 0.0126984 0.0182575 0.0228973 0.0251009 0.0241626 0.0206018 0.0158093 0.0112215 0.00766729 0.00525814 0.00369457
 1.01113e-16 6.81758e-05 0.000662693 0.00440383 0.0200192 0.0622872 0.13271 0.193697 0.193711 0.132777 0.0625141 0.0206748 0.00604995 0.0042573 0.00689817 0.0113042 0.0162955 0.0205273 0.0226733 0.0221133 0.0192884 0.0153835 0.0116047 0.00862168 0.00649513 0.00496259
 1.00772e-16 7.28071e-05 0.000707711 0.00470299 0.0213791 0.0665184 0.141725 0.206853 0.206863 0.141771 0.0666739 0.0218282 0.00583027 0.00316871 0.00474707 0.00773351 0.011135 0.0140052 0.0154306 0.0149876 0.0129866 0.010254 0.00763343 0.00559625 0.00418569 0.00321084
 1.00082e-16 8.09208e-05 0.000786579 0.00522709 0.0237616 0.0739312 0.157518 0.229903 0.229904 0.157526 0.073956 0.0238333 0.00540707 0.00117928 0.000826177 0.00123628 0.00176951 0.00221745 0.00242832 0.0023337 0.00198478 0.00151769 0.00107311 0.000732069 0.000505025 0.000361441
 1.0062e-16 2.40934e-05 0.000234196 0.00155632 0.00707484 0.0220128 0.0469031 0.0684705 0.0685374 0.04723 0.0231099 0.0102418 0.00949884 0.0175493 0.0328394 0.0540703 0.077461 0.0965097 0.104607 0.0987087 0.081198 0.0583938 0.0369346 0.0208108 0.0107228 0.00530056
 1.00949e-16 7.86791e-05 0.000764789 0.00508229 0.0231034 0.0718832 0.153155 0.223534 0.223535 0.153161 0.0719054 0.0231681 0.00524695 0.00113126 0.0007952 0.00124338 0.00190693 0.00265344 0.00339611 0.00407907 0.00467737 0.00515947 0.00545068 0.00544674 0.00507694 0.00436525
 1.01172e-16 5.60364e-05 0.000544693 0.00361968 0.0164546 0.0511964 0.10908 0.159212 0.159242 0.109224 0.0516789 0.0178475 0.00711315 0.00816124 0.0144928 0.0237966 0.0341015 0.0425232 0.0461685 0.0437172 0.0362339 0.0265006 0.0174169 0.0106907 0.00656332 0.00436428
 1.03356e-16 5.65041e-05 0.00054924 0.00364989 0.0165919 0.0516237 0.10999 0.160539 0.16056 0.110093 0.0519686 0.0175894 0.00615829 0.0060398 0.0105269 0.0174245 0.0253508 0.0324059 0.0366644 0.0371917 0.0345291 0.0302006 0.0256816 0.0216784 0.0181477 0.0147893
 1.02673e-16 6.85592e-05 0.00066642 0.00442859 0.0201318 0.0626374 0.133456 0.194785 0.194797 0.133511 0.0628226 0.0206669 0.00577353 0.00360787 0.00567103 0.00930942 0.0135045 0.0171955 0.0193485 0.0194882 0.0179616 0.0156615 0.0134417 0.0116912 0.010323 0.00905095
 1.01713e-16 6.74546e-05 0.000655683 0.00435725 0.0198074 0.0616283 0.131306 0.191648 0.191663 0.131378 0.0618682 0.0205002 0.00609633 0.00445202 0.00727716 0.0119234 0.0171687 0.0215891 0.0237821 0.0231032 0.0200464 0.0159034 0.0119869 0.00901977 0.00704478 0.00572754
 1.05838e-16 2.13649e-05 0.000207675 0.00138007 0.00627365 0.01952 0.0415916 0.0607164 0.0607753 0.0418794 0.0204867 0.00906618 0.00839124 0.0155181 0.0291131 0.048133 0.0694198 0.0874686 0.0966581 0.0943644 0.0824855 0.066081 0.0502884 0.0379352 0.0292312 0.0229939
 1.05155e-16 6.90599e-05 0.000671287 0.00446094 0.0202788 0.0630948 0.13443 0.196206 0.19621 0.134451 0.0631656 0.0204851 0.00498593 0.00184116 0.00236078 0.00397632 0.00614843 0.00862549 0.0111777 0.0136692 0.0160542 0.0182392 0.0199452 0.0207426 0.0202657 0.0184452
 1.0458e-16 5.62591e-05 0.000546859 0.00363407 0.01652 0.0513999 0.109514 0.159844 0.15987 0.109639 0.0518214 0.0177372 0.00668827 0.00721017 0.0126998 0.0208786 0.0300113 0.0376283 0.0412705 0.0398476 0.0343177 0.0270728 0.0205228 0.0159604 0.0133634 0.0119456
 1.07816e-16 3.98735e-05 0.000387584 0.00257564 0.0117085 0.0364296 0.0776185 0.113294 0.113328 0.0777865 0.0369942 0.0133409 0.00667959 0.0093676 0.0171562 0.02846 0.0413673 0.0527979 0.0596086 0.0603085 0.0558661 0.0488888 0.0418926 0.0360648 0.0312549 0.0267844
 1.04244e-16 6.98257e-05 0.000678731 0.00451041 0.0205037 0.0637945 0.135921 0.198383 0.19839 0.135957 0.0639142 0.0208502 0.00538378 0.00259735 0.00374919 0.00618133 0.00911862 0.0119345 0.0140363 0.015152 0.0154571 0.015375 0.0152211 0.0149949 0.0144568 0.01337
 1.02459e-16 6.48476e-05 0.000630342 0.00418884 0.0190419 0.0592465 0.126231 0.184242 0.18426 0.126317 0.0595325 0.0198678 0.00626146 0.00515302 0.00864893 0.0141825 0.0203947 0.0255896 0.0280911 0.0271417 0.0233619 0.0183414 0.0136952 0.0103116 0.0082254 0.00697895
 1.07013e-16 2.20017e-05 0.000213865 0.00142121 0.00646065 0.0201018 0.042831 0.0625248 0.0625807 0.0431042 0.0210194 0.00911205 0.00808009 0.0147618 0.0276846 0.0458203 0.0662041 0.0836664 0.0929211 0.091489 0.0811147 0.0664679 0.0522451 0.0409639 0.0327346 0.0264545
 1.2141e-16 2.9789e-05 0.000289559 0.00192422 0.00874725 0.027216 0.0579873 0.0846378 0.084655 0.058072 0.0275019 0.00958019 0.00404224 0.00500357 0.00924819 0.0159376 0.0245848 0.0343338 0.0442496 0.0538075 0.0629149 0.0713425 0.0781238 0.0816202 0.0803296 0.0738206
 1.08503e-16 7.02139e-05 0.000682504 0.00453548 0.0206176 0.0641491 0.136677 0.199485 0.19949 0.136703 0.0642365 0.0208708 0.00517368 0.00208487 0.00276157 0.00453119 0.00671083 0.00886488 0.0106292 0.0119114 0.012964 0.0141897 0.0158113 0.0176613 0.0192364 0.0199533
pSPR Fmed_Fpbrs
0.432851   0.259161 0.259161
Fs Fmed_Fpbrs
0.560852   1.005 1.005
SSBpbr Bo_Bmed_Bpbrs
1.53759e+06  588669  321605 321605
Ro
99266.2
SPR SPRFo_SPRFmed_SPRFpbrs
706840 305957 183185
Fref
1.005
log_Ro
11.3256
likeval ReclasPelacesDesembMPH_pf_preclas_ppelaces_ptallas_desvR_qrecl_qpela
 14.7061 43.5254 0.0602882 0.0017775 237.953 119.523 86.6271 0 44.63 1.17035e-05 0 0.09803 0 0 0
q_reclas_q_pelaces
1.62381 1
M
1
N
 82179.3 39589.1 67474.1 8405.33 0.164371
 107157 25576.6 11170.8 18879 2350.75
 82687.3 28035.1 5479.71 2352.48 4466.61
 45349.7 21538.1 5964.63 1145.69 1424.33
 24348.4 7003.91 1999.99 530.117 227.856
 271443 4301.71 805.006 221.515 83.7799
 37123.8 70284.8 906.611 166.678 63.15
 11416.4 6235.18 7455.32 92.4342 23.3812
 26411.7 3363.61 1612.87 1906.98 29.606
 49779.3 3726.34 270.595 123.623 148.045
 66036.2 5901.87 227.494 15.6019 15.6137
 120292 20150.4 1613.96 61.6274 8.45175
 92219.9 24056.6 2819.15 218.959 9.49132
 67416.2 19262.8 3606.16 410.694 33.2288
 52239.9 8873 1387.92 246.69 30.2818
 408190 8048.14 820.708 122.856 24.4581
 35941.3 97777.6 1499.18 149.603 26.8212
 625315 10031.5 23211.8 350.969 41.2705
 331899 176321 2420.3 5525.64 93.3051
 232794 86691.3 37678.4 508.331 1179.03
 384854 61180.6 18706.9 7993.6 357.636
 505983 109243 14917.9 4502.03 2008.39
 52344.7 135872 24392.5 3278.43 1429.51
 281932 15767.6 36403 6469.63 1247.99
 200596 85933.8 4304.33 9843.57 2085.8
 76735.6 61119.9 23445.1 1163.21 3222.15
 246368 23860.2 17220.8 6549.9 1224.56
 303517 74610.2 6447.08 4607.62 2079.02
 42224.8 97345.7 22080.7 1894.83 1964.49
 25417.1 13701.6 29347.6 6614.82 1155.74
 100807 7348.44 3439.58 7278.21 1925.81
pred_Ctot
 8109.4 5957.66 10442.2 1302.74 0.0254778
 20112.7 7052.24 3157.7 5343.69 665.423
 15693.3 7809.48 1564.75 672.649 1277.23
 17817.3 11317.4 3189.32 613.174 762.338
 8482.09 3333.52 970.226 257.428 110.654
 52284.1 1214.63 232.985 64.1954 24.2813
 13574.8 34826 457.584 84.208 31.9059
 1463.18 1203.93 1478.86 18.362 4.645
 11101.6 1865.7 909.443 1076.22 16.7091
 23300.2 2247.49 165.623 75.7245 90.6878
 7228.15 980.811 38.8649 2.66935 2.67158
 36444 8519.29 696.65 26.6302 3.65234
 26368.9 9674.4 1158.19 90.0565 3.90396
 29673.9 11079.3 2107 240.159 19.4318
 20564.9 4669.83 743.291 132.235 16.233
 93194.8 2651.98 276.844 41.494 8.26113
 5606.86 22713.2 357.42 35.7162 6.40378
 94323.4 2258.1 5363.57 81.2118 9.55041
 62554.3 48803 686.752 1569.96 26.5119
 43191.4 23650.5 10538.8 142.372 330.241
 56748.1 13481.8 4232.05 1810.93 81.0276
 88612 28257.3 3957.64 1195.98 533.574
 6093.53 23945.9 4418.18 594.686 259.323
 31028.5 2634.06 6251.45 1112.66 214.649
 22116.8 14380.4 740.445 1695.82 359.363
 7611.37 9243.39 3646.24 181.177 501.906
 27972.9 4106.27 3046.19 1160.31 216.948
 24869.1 9386.68 834.605 597.389 269.572
 3180.41 11288.4 2635.31 226.494 234.839
 3508.15 2837.41 6241.42 1408.79 246.162
 15130.5 1646.46 791.113 1676.35 443.594
F
 0.167227 0.265249 0.273692 0.274152 0.274176
 0.340839 0.540625 0.557834 0.55877 0.55882
 0.345243 0.547611 0.565042 0.565991 0.566041
 0.867934 1.37668 1.42051 1.42289 1.42301
 0.733454 1.16337 1.20041 1.20242 1.20253
 0.351197 0.557054 0.574786 0.575751 0.575802
 0.78405 1.24363 1.28322 1.28537 1.28548
 0.222042 0.352193 0.363404 0.364014 0.364046
 0.958382 1.52015 1.56854 1.57117 1.57131
 1.13233 1.79606 1.85323 1.85634 1.8565
 0.186978 0.296578 0.306018 0.306532 0.306559
 0.609515 0.966787 0.997563 0.999237 0.999325
 0.566 0.897767 0.926345 0.9279 0.927981
 1.02787 1.63037 1.68227 1.68509 1.68524
 0.870405 1.3806 1.42455 1.42694 1.42707
 0.429038 0.680523 0.702185 0.703364 0.703426
 0.27616 0.438033 0.451977 0.452736 0.452776
 0.265947 0.421834 0.435262 0.435993 0.436031
 0.342476 0.543222 0.560514 0.561455 0.561504
 0.336324 0.533463 0.550445 0.551368 0.551417
 0.259286 0.411269 0.424361 0.425073 0.425111
 0.314787 0.499302 0.515196 0.51606 0.516106
 0.199895 0.317066 0.327159 0.327708 0.327737
 0.188087 0.298335 0.307832 0.308349 0.308376
 0.188454 0.298918 0.308433 0.308951 0.308978
 0.168155 0.26672 0.275211 0.275672 0.275697
 0.194548 0.308584 0.318407 0.318941 0.318969
 0.137169 0.217572 0.224498 0.224875 0.224895
 0.125496 0.199056 0.205393 0.205737 0.205755
 0.240936 0.382162 0.394327 0.394989 0.395024
 0.264472 0.419495 0.432849 0.433575 0.433613
nmprior
 8 9 7.5 0
nm_flota  nm_reclas  nm_pelaces    nm_pelaL
inf 16.046 8.70403 13.4173
cv_recla  cv_pelaces  cv_mph
0.346876 0.776312 1.3011
 ------------------------------------------------
Talla a la edad & desviación 
 8 13.2811 15.8009 17.003 17.5766
 0.8 1.32811 1.58009 1.7003 1.75766
