years
 1991 1992 1993 1994 1995 1996 1997 1998 1999 2000 2001 2002 2003 2004 2005 2006 2007 2008 2009 2010 2011 2012 2013 2014 2015 2016 2017 2018 2019 2020 2021
reclasobs
 0 0 0 0 0 0 0 0 0 252601 567819 844713 477998 351125 339783 2.1784e+06 2.13404e+06 4.81314e+06 1.55562e+06 2.62356e+06 3.21686e+06 3.843e+06 1.13348e+06 3.07943e+06 1.97215e+06 2.03268e+06 2.025e+06 2.42433e+06 2.27542e+06 1.05018e+06 2.36338e+06
reclaspred
 2.68872e+06 1.02132e+06 544388 274414 46954 936787 306992 76070.2 379692 146969 249584 483079 420836 290473 225118 1.16521e+06 788309 3.45409e+06 2.49462e+06 1.12419e+06 2.35947e+06 2.22158e+06 1.31996e+06 2.56205e+06 1.68837e+06 1.03467e+06 1.62541e+06 2.39419e+06 1.76123e+06 705049 466629
pelacesobs
 0 0 0 0 0 0 0 0 0 0 0 0 0 0 0 552880 188675 0 991730 2.46772e+06 1.41603e+06 1.21717e+06 2.29649e+06 1.80582e+06 0 1.4828e+06 1.56532e+06 1.57751e+06 1.42118e+06 867257 0
pelacespred
 1.32113e+06 529754 245497 78371.5 12824.3 411834 94391.2 30622.5 158284 49755.8 111122 181532 170302 117021 90472 445522 301599 1.64348e+06 1.16429e+06 515740 1.03113e+06 969096 579861 1.29561e+06 817420 493632 894457 1.27874e+06 785662 375829 213020
mphobs
 0 0 0 0 0 0 0 0 0 0 0 498337 0 5186 125008 0 168611 109162 213762 579715 649985 157893 87575 83554 0 0 0 0 0 0 0
mphpred
 2.88307e+06 1.39806e+06 395388 292530 80561.2 11416 466913 93365.2 28653.8 182642 44717 161319 251815 168349 87559.7 89605.8 741372 444786 2.08204e+06 1.23182e+06 720231 1.21856e+06 1.31743e+06 788780 1.44122e+06 977368 540153 841494 1.67586e+06 914439 269074
desembarqueobs
 494567 514787 250237 358949 120608 361735 552515 73892 212993 205616 52469 317467 293654 387597 252695 516296 358380 742168 942051 627588 828172 859565 418607 520667 417249 300574 407403 355545 319650 289779 219260
desembarquepred
 494534 514861 249526 358710 120512 361531 551698 73856.5 212844 205407 52459.8 317226 293393 387007 252430 515966 358262 741833 941010 626652 827710 858893 418397 520492 417019 300384 407212 355414 319508 289571 219172
Reclutas
 8903.04 5554.79 192543 11452 4246.09 285626 6597.11 1677.81 71939.4 8613.15 70405 151457 83330.1 68439.9 50495.5 440482 11786.1 955081 264406 88242.5 447985 591638 15333.9 350352 185417 36482.8 265372 368497 18616.9 8375.9 73720.1
log_desv_Rt
 -1.86487 -2.3366 1.20905 -1.6131 -2.60527 1.60342 -2.16463 -3.53377 0.22456 -1.89797 0.203 0.969039 0.371546 0.174691 -0.12938 2.03661 -1.58434 2.81053 1.52622 0.428823 2.0535 2.33163 -1.3212 1.80767 1.17134 -0.454425 1.52987 1.85817 -1.1272 -1.92591 0.249011
SSB
 2.88307e+06 1.39806e+06 395388 292530 80561.2 11416 466913 93365.2 28653.8 182642 44717 161319 251815 168349 87559.7 89605.8 741372 444786 2.08204e+06 1.23182e+06 720231 1.21856e+06 1.31743e+06 788780 1.44122e+06 977368 540153 841494 1.67586e+06 914439 269074
BT
 3.50026e+06 1.78288e+06 808303 445638 138749 1.27113e+06 706148 141369 555100 297952 300919 680650 654912 673047 461237 1.43527e+06 979241 4.45843e+06 3.57038e+06 1.81091e+06 3.09234e+06 3.00372e+06 1.69983e+06 3.48151e+06 2.27823e+06 1.41838e+06 2.49323e+06 3.29824e+06 2.0775e+06 1.18197e+06 702483
Ftot
 0.17412 0.46295 0.470063 1.11202 1.90035 0.439307 1.43183 0.861868 0.620626 1.18778 0.236709 0.681895 0.688568 1.26491 1.11992 0.495168 0.422928 0.242376 0.369445 0.526689 0.373297 0.400488 0.298408 0.221109 0.245587 0.279912 0.272844 0.162805 0.17244 0.383056 0.48525
BD_Bspro_t
 0.972525 0.780557 0.493222 0.446408 0.155525 0.0369913 0.475254 0.137117 0.0690782 0.33262 0.150037 0.493708 0.434427 0.297163 0.174792 0.185256 0.522571 0.395555 0.686088 0.530891 0.372558 0.49718 0.538048 0.451102 0.625725 0.592457 0.519064 0.650397 0.766344 0.64274 0.445969
BD_Bspro
 7.04519 3.41635 0.966187 0.714839 0.196863 0.0278966 1.14097 0.228151 0.0700196 0.446311 0.109273 0.394206 0.615345 0.411384 0.213965 0.218965 1.81165 1.0869 5.08777 3.01013 1.75999 2.97773 3.21933 1.9275 3.52182 2.38834 1.31994 2.05631 4.09519 2.23456 0.657522
BD_Bo
 1.60757 0.779542 0.220464 0.163112 0.0449201 0.00636544 0.260346 0.0520595 0.0159771 0.101839 0.0249338 0.0899498 0.140409 0.0938696 0.0488224 0.0499633 0.413382 0.248008 1.16093 0.686852 0.401594 0.679458 0.734587 0.439816 0.803609 0.544971 0.301184 0.469209 0.934441 0.509882 0.150033
BD_Brms
 10.1201 4.90741 1.38788 1.02683 0.282783 0.040072 1.63894 0.327728 0.10058 0.641104 0.156964 0.566257 0.883912 0.590933 0.30735 0.314532 2.60234 1.56128 7.30833 4.3239 2.52813 4.27736 4.62441 2.76875 5.05892 3.43073 1.89603 2.95379 5.88254 3.20984 0.944497
Sel_flota
 0.812587 1 1 1 1
 0.812587 1 1 1 1
 0.812587 1 1 1 1
 0.812587 1 1 1 1
 0.812587 1 1 1 1
 0.812587 1 1 1 1
 0.812587 1 1 1 1
 0.812587 1 1 1 1
 0.812587 1 1 1 1
 0.812587 1 1 1 1
 0.812587 1 1 1 1
 0.812587 1 1 1 1
 0.812587 1 1 1 1
 0.812587 1 1 1 1
 0.812587 1 1 1 1
 0.812587 1 1 1 1
 0.812587 1 1 1 1
 0.812587 1 1 1 1
 0.812587 1 1 1 1
 0.812587 1 1 1 1
 0.812587 1 1 1 1
 0.812587 1 1 1 1
 0.812587 1 1 1 1
 0.812587 1 1 1 1
 0.812587 1 1 1 1
 0.812587 1 1 1 1
 0.812587 1 1 1 1
 0.812587 1 1 1 1
 0.812587 1 1 1 1
 0.812587 1 1 1 1
 0.812587 1 1 1 1
Sel_reclas
 1 1 1 1 1
 1 1 1 1 1
 1 1 1 1 1
 1 1 1 1 1
 1 1 1 1 1
 1 1 1 1 1
 1 1 1 1 1
 1 1 1 1 1
 1 1 1 1 1
 1 1 1 1 1
 1 1 1 1 1
 1 1 1 1 1
 1 1 1 1 1
 1 1 1 1 1
 1 1 1 1 1
 1 1 1 1 1
 1 1 1 1 1
 1 1 1 1 1
 1 1 1 1 1
 1 1 1 1 1
 1 1 1 1 1
 1 1 1 1 1
 1 1 1 1 1
 1 1 1 1 1
 1 1 1 1 1
 1 1 1 1 1
 1 1 1 1 1
 1 1 1 1 1
 1 1 1 1 1
 1 1 1 1 1
 1 1 1 1 1
Sel_pelaces
 1 1 1 1 1
 1 1 1 1 1
 1 1 1 1 1
 1 1 1 1 1
 1 1 1 1 1
 1 1 1 1 1
 1 1 1 1 1
 1 1 1 1 1
 1 1 1 1 1
 1 1 1 1 1
 1 1 1 1 1
 1 1 1 1 1
 1 1 1 1 1
 1 1 1 1 1
 1 1 1 1 1
 1 1 1 1 1
 1 1 1 1 1
 1 1 1 1 1
 1 1 1 1 1
 1 1 1 1 1
 1 1 1 1 1
 1 1 1 1 1
 1 1 1 1 1
 1 1 1 1 1
 1 1 1 1 1
 1 1 1 1 1
 1 1 1 1 1
 1 1 1 1 1
 1 1 1 1 1
 1 1 1 1 1
 1 1 1 1 1
pf_obs 
 0.8446 0.082 0.0669 0.0065 0
 0.8095 0.147 0.0364 0.0071 0
 0.9664 0.0169 0.016 0.0007 0
 0.9276 0.0648 0.0075 0.0001 0
 0.7033 0.2144 0.0806 0.0017 0
 0.9318 0.0425 0.0243 0.0014 0
 0.5671 0.3108 0.0964 0.0239 0.0018
 0.0768 0.2599 0.5324 0.112 0.0189
 0.490249 0.384438 0.106611 0.0170017 0.00170017
 0.7925 0.1577 0.0466 0.003 0.0002
 0.840416 0.127587 0.0312969 0.00059994 9.999e-05
 0.8084 0.0986 0.0794 0.0134 0.0002
 0.7335 0.1905 0.0724 0.0035 0.0001
 0.4001 0.4547 0.1325 0.0127 0
 0.49795 0.308269 0.164784 0.0264974 0.00249975
 0.9179 0.0499 0.0305 0.0017 0
 0.2467 0.6533 0.0926 0.0074 0
 0.9418 0.0223 0.034 0.0019 0
 0.707729 0.231977 0.0356964 0.0245975 0
 0.517169 0.277429 0.184464 0.0207286 0.00020938
 0.811772 0.124168 0.05621 0.00726502 0.000585176
 0.764997 0.148141 0.077277 0.00933861 0.000247198
 0.163321 0.427699 0.378323 0.0303852 0.000271297
 0.753843 0.0900009 0.118128 0.0371064 0.000921714
 0.721811 0.176058 0.0630433 0.0369309 0.00215725
 0.143369 0.312575 0.442814 0.0836902 0.0175525
 0.692698 0.0596174 0.167031 0.0765114 0.00414204
 0.394062 0.376323 0.152708 0.0712218 0.00568511
 0.125707 0.32114 0.495352 0.0537591 0.00404204
 0.23352 0.215282 0.420074 0.123614 0.00750983
 0 0 0 0 0
pf_pred 
 0.0398047 0.213283 0.66522 0.0816926 5.68783e-07
 0.0750726 0.0457314 0.195291 0.609104 0.0748017
 0.916648 0.0079446 0.00372838 0.0159216 0.0557573
 0.161935 0.783243 0.00522525 0.00245219 0.047144
 0.325009 0.144624 0.495674 0.00330679 0.0313868
 0.99679 0.00138724 0.000390515 0.00133843 9.36804e-05
 0.0734903 0.92421 0.000993741 0.000279744 0.00102589
 0.166433 0.0873402 0.744374 0.000800375 0.00105158
 0.977106 0.00490304 0.0018851 0.0160662 3.99715e-05
 0.316911 0.671205 0.00254489 0.00097845 0.00835978
 0.950523 0.0196995 0.0292596 0.000110938 0.000407078
 0.852942 0.14124 0.00231624 0.00344031 6.09078e-05
 0.662685 0.298701 0.0370868 0.000608198 0.00091935
 0.713237 0.207599 0.0701023 0.00870392 0.000358501
 0.792832 0.161981 0.0327124 0.0110464 0.00142801
 0.976669 0.0196895 0.00284743 0.000575043 0.000219284
 0.0821486 0.901328 0.013944 0.00201653 0.000562536
 0.963817 0.00374974 0.031849 0.000492719 9.11328e-05
 0.426289 0.55717 0.00171413 0.0145592 0.000266898
 0.335321 0.324469 0.330402 0.00101648 0.00879188
 0.875462 0.0495127 0.0366244 0.037294 0.00110712
 0.785521 0.193089 0.00850401 0.00629038 0.00659555
 0.0626817 0.773405 0.147566 0.00649909 0.00984792
 0.836869 0.0127965 0.124045 0.0236678 0.00262187
 0.552446 0.387653 0.00469885 0.045549 0.0096535
 0.248284 0.458254 0.254184 0.00308104 0.0361963
 0.858831 0.0417197 0.0606257 0.0336278 0.00519628
 0.774357 0.199768 0.00764672 0.011112 0.007116
 0.0947849 0.734435 0.151197 0.0057875 0.013796
 0.12012 0.10216 0.630993 0.129901 0.0168253
 0.804054 0.0292563 0.0193539 0.119539 0.0277968
pobs_RECLAS
 0 0 0 0 0
 0 0 0 0 0
 0 0 0 0 0
 0 0 0 0 0
 0 0 0 0 0
 0 0 0 0 0
 0 0 0 0 0
 0 0 0 0 0
 0 0 0 0 0
 0 0 0 0 0
 0.991045 0.00858322 0.000360255 1.14367e-05 0
 0.934742 0.0480273 0.0164251 0.00080598 0
 0.827803 0.169806 0.00239088 0 0
 0.941827 0.0461693 0.0120037 0 0
 0.791401 0.0380133 0.147996 0.0225897 0
 0.846168 0.0940531 0.0597789 0 0
 0.134021 0.677848 0.182769 0.00536245 0
 0.80878 0.0450904 0.141981 0.00414843 0
 0.846168 0.0940531 0.0597789 0 0
 0.905697 0.0802665 0.012482 0.00150086 5.37128e-05
 0.989698 0.0102097 9.19794e-05 0 0
 0.975433 0.0193895 0.00387452 0.00125025 5.28907e-05
 0.303575 0.632131 0.0575291 0.00676475 0
 0.966965 0.00978017 0.0227588 0.000495775 0
 0.843318 0.132988 0.00938335 0.0141283 0.000182051
 0.564624 0.303363 0.111486 0.0197234 0.00080311
 0.826376 0.0876187 0.0782897 0.00655872 0.00115652
 0.89761 0.0855135 0.0140674 0.00269457 0.000114338
 0.34875 0.467042 0.161289 0.0227151 0.000203297
 0.318654 0.224769 0.449479 0.00709798 0
 0.937255 0.0296025 0.0250945 0.00804832 0
ppred_RECLAS
 0.048682 0.211311 0.659069 0.0809373 5.63524e-07
 0.0916383 0.0449123 0.191793 0.598194 0.073462
 0.931841 0.00649653 0.0030488 0.0130196 0.0455944
 0.197239 0.750249 0.00500513 0.00234889 0.045158
 0.389114 0.130888 0.448599 0.00299274 0.028406
 0.997414 0.00111752 0.000314589 0.0010782 7.54665e-05
 0.0928444 0.904904 0.000972982 0.0002739 0.00100446
 0.200882 0.0837308 0.713612 0.000767299 0.00100812
 0.981581 0.00394454 0.00151658 0.0129254 3.21574e-05
 0.371808 0.617264 0.00234037 0.000899816 0.00768794
 0.95959 0.0160896 0.0238978 9.0609e-05 0.000332481
 0.878886 0.116323 0.00190762 0.00283338 5.01626e-05
 0.710858 0.256042 0.0317903 0.00052134 0.000788054
 0.760996 0.173024 0.058427 0.00725432 0.000298794
 0.829583 0.133246 0.0269093 0.00908675 0.00117468
 0.981159 0.0158999 0.00229939 0.000464365 0.000177079
 0.10001 0.883789 0.0136726 0.00197729 0.000551589
 0.970527 0.00305441 0.0259431 0.000401351 7.42336e-05
 0.479513 0.505481 0.00155511 0.0132085 0.000242137
 0.385812 0.299821 0.305304 0.000939264 0.00812403
 0.897085 0.0409159 0.0302653 0.0308187 0.000914889
 0.819644 0.162369 0.00715104 0.00528959 0.00554621
 0.0764454 0.762049 0.145399 0.00640366 0.00970331
 0.863738 0.0106888 0.103613 0.0197695 0.00219002
 0.604121 0.342894 0.00415631 0.0402899 0.0085389
 0.290098 0.432764 0.240045 0.00290966 0.0341829
 0.882708 0.0346633 0.0503716 0.0279401 0.00431739
 0.808991 0.169106 0.00647303 0.0094064 0.00602376
 0.114459 0.718473 0.14791 0.00566172 0.0134962
 0.144806 0.0992939 0.61329 0.126257 0.0163532
 0.836157 0.024463 0.016183 0.0999543 0.0232426
pobs_PELACES
 0 0 0 0 0
 0 0 0 0 0
 0 0 0 0 0
 0 0 0 0 0
 0 0 0 0 0
 0 0 0 0 0
 0 0 0 0 0
 0 0 0 0 0
 0 0 0 0 0
 0 0 0 0 0
 0 0 0 0 0
 0 0 0 0 0
 0 0 0 0 0
 0 0 0 0 0
 0 0 0 0 0
 0 0 0 0 0
 0.505614 0.472636 0.0217494 0 0
 0 0 0 0 0
 0.443492 0.261883 0.143347 0.151278 0
 0.227955 0.32914 0.350689 0.0885471 0.00366901
 0.970185 0.0296113 0.000203453 0 0
 0.997202 0.00247181 0.000326279 0 0
 0.445219 0.490057 0.0546422 0.010081 0
 0.90214 0.0892962 0.00764917 0.000914606 0
 0 0 0 0 0
 0.581667 0.319106 0.0959925 0.00289975 0.000334073
 0.762889 0.0836404 0.116647 0.0363945 0.000428098
 0.88444 0.0763242 0.0277011 0.0115352 0
 0.521256 0.241999 0.230069 0.00667565 0
 0.616807 0.101726 0.260614 0.0208532 0
 0 0 0 0 0
ppred_PELACES
 0.0491831 0.211199 0.658722 0.0808947 5.63227e-07
 0.0940497 0.0447931 0.191284 0.596606 0.073267
 0.933664 0.00632273 0.00296724 0.0126713 0.0443746
 0.208356 0.739859 0.00493582 0.00231637 0.0445327
 0.417387 0.124831 0.427837 0.00285423 0.0270913
 0.997483 0.00108764 0.000306178 0.00104938 7.34488e-05
 0.100576 0.897191 0.000964689 0.000271566 0.000995894
 0.209575 0.0828199 0.705849 0.000758952 0.000997151
 0.982263 0.00379864 0.00146049 0.0124473 3.0968e-05
 0.389121 0.600252 0.00227587 0.000875017 0.00747606
 0.960153 0.0158651 0.0235644 8.93446e-05 0.000327842
 0.883304 0.11208 0.00183804 0.00273003 4.83329e-05
 0.719532 0.248362 0.0308367 0.0005057 0.000764414
 0.774933 0.162935 0.05502 0.0068313 0.000281371
 0.839153 0.125764 0.0253982 0.00857649 0.00110872
 0.981717 0.0154291 0.0022313 0.000450616 0.000171835
 0.102389 0.881453 0.0136365 0.00197206 0.000550131
 0.970953 0.00301028 0.0255683 0.000395554 7.31612e-05
 0.485218 0.49994 0.00153806 0.0130638 0.000239483
 0.393559 0.29604 0.301453 0.000927417 0.00802156
 0.899197 0.0400762 0.0296442 0.0301862 0.000896113
 0.823277 0.159099 0.00700701 0.00518305 0.0054345
 0.0777586 0.760965 0.145192 0.00639455 0.00968951
 0.86534 0.0105632 0.102396 0.0195371 0.00216428
 0.607748 0.339753 0.00411824 0.0399208 0.00846067
 0.293676 0.430583 0.238836 0.00289499 0.0340106
 0.884443 0.0341503 0.0496262 0.0275266 0.0042535
 0.810542 0.167732 0.00642046 0.00933002 0.00597485
 0.115544 0.717592 0.147729 0.00565478 0.0134797
 0.147764 0.0989504 0.611169 0.12582 0.0162967
 0.840227 0.0238553 0.015781 0.0974713 0.0226653
pobs_pel_tallas
 0 0 0 0 0 0 0 0 0 0 0 0 0 0 0 0 0 0 0 0 0 0 0 0 0 0
 0 0 0 0 0 0 0 0 0 0 0 0 0 0 0 0 0 0 0 0 0 0 0 0 0 0
 0 0 0 0 0 0 0 0 0 0 0 0 0 0 0 0 0 0 0 0 0 0 0 0 0 0
 0 0 0 0 0 0 0 0 0 0 0 0 0 0 0 0 0 0 0 0 0 0 0 0 0 0
 0 0 0 0 0 0 0 0 0 0 0 0 0 0 0 0 0 0 0 0 0 0 0 0 0 0
 0 0 0 0 0 0 0 0 0 0 0 0 0 0 0 0 0 0 0 0 0 0 0 0 0 0
 0 0 0 0 0 0 0 0 0 0 0 0 0 0 0 0 0 0 0 0 0 0 0 0 0 0
 0 0 0 0 0 0 0 0 0 0 0 0 0 0 0 0 0 0 0 0 0 0 0 0 0 0
 0 0 0 0 0 0 0 0 0 0 0 0 0 0 0 0 0 0 0 0 0 0 0 0 0 0
 0 0 0 0 0 0 0 0 0 0 0 0 0 0 0 0 0 0 0 0 0 0 0 0 0 0
 0 0 0 0 0 0 0 0 0 0 0 0 0 0 0 0 0 0 0 0 0 0 0 0 0 0
 0 0 0 0 0 0 0 0 0 0 0 0 0 0 0 0 0 0 0 0 0 0 0 0 0 0
 0.00862536 0 0 0.000197151 0.00414017 0.0128641 0.00837892 0.0270097 0.101434 0.158115 0.152841 0.127902 0.109271 0.109419 0.0830992 0.0579132 0.0238553 0.00714673 0.00463305 0.00128148 0.00103504 0.000492878 0.000147863 0.000147863 4.92878e-05 0
 0 0 0 0 0 0 0 0 0 0 0 0 0 0 0 0 0 0 0 0 0 0 0 0 0 0
 0 0 0 0 0 0 0 0.0054083 0.00873648 0.0413646 0.0450493 0.0745869 0.0622846 0.0627006 0.0613931 0.0827291 0.12552 0.122667 0.0946155 0.0697135 0.0546179 0.0294188 0.0215738 0.0213955 0.0102223 0.00600262
 0 0 0 0 0.00359764 0.0251062 0.0480494 0.140153 0.205849 0.193036 0.1447 0.116669 0.0760912 0.0342217 0.00950174 0.001854 0.000860785 0 0 0 0.000165536 0 0.000143464 0 0 0
 0 0 0 0 0 0 0 0.000145254 0.000435761 0.0275982 0.070085 0.0708112 0.156366 0.174668 0.174014 0.160142 0.0824315 0.0480064 0.0283245 0.00493863 0.00203355 0 0 0 0 0
 0 0 0 0 0 0 0 0 0 0 0 0 0 0 0 0 0 0 0 0 0 0 0 0 0 0
 0 0 1.00437e-05 0.000401748 0.00122533 0.00171747 0.00176769 0.0269171 0.070346 0.194647 0.189555 0.159765 0.064822 0.0314167 0.0384472 0.0292271 0.0345202 0.0313363 0.0194345 0.0106764 0.0143323 0.0359363 0.0279516 0.0138201 0.00172751 0
 0 0.0021121 0.0136068 0.0755702 0.200478 0.177729 0.0527432 0.0373336 0.0318909 0.0142505 0.0149659 0.0166563 0.0217959 0.0798694 0.0677717 0.0528807 0.04013 0.0224614 0.0357745 0.0225083 0.00881397 0.00855152 0.00135912 0.000746735 0 0
 0 0 0 0 5.4009e-05 0.00500934 0.000945158 0.0243581 0.138947 0.33067 0.221406 0.137944 0.0707744 0.0437923 0.0131692 0.00525238 0.0047753 0.00276346 9.45158e-05 9.00151e-06 2.25038e-05 9.00151e-06 4.50075e-06 0 0 0
 0.000866109 0.00284123 0.00948549 0.0512746 0.133035 0.25785 0.225252 0.132002 0.0553304 0.0519788 0.0540692 0.017754 0.00435017 0.00159236 0.00146478 0.000404838 0.000125132 0.000115318 0.000107957 0.000100596 0 0 0 0 0 0
 0 0 0 0 0.00144013 0.00171154 0.00461396 0.0210425 0.0478622 0.0707936 0.0888783 0.103762 0.0637923 0.0337046 0.0602308 0.124433 0.169614 0.0934646 0.0462172 0.0250306 0.0313229 0.00938855 0.002487 0.000210481 0 0
 0 0.00764035 0.051015 0.0998891 0.058973 0.0496711 0.0374665 0.0718981 0.12319 0.153886 0.159021 0.0857701 0.0377988 0.023471 0.0147837 0.00900784 0.00315554 0.000888139 0.00291439 0.00214683 0.00393193 0.00274676 0.000635225 9.99891e-05 0 0
 0 0 0 0 0 0 0 0 0 0 0 0 0 0 0 0 0 0 0 0 0 0 0 0 0 0
 0 0 0 0 0 0 0 0 0 0 0 0 0 0 0 0 0 0 0 0 0 0 0 0 0 0
 0 0 0 0 0 0 0 0 0 0 0 0 0 0 0 0 0 0 0 0 0 0 0 0 0 0
 0 0 0 0 0 0 0 0 0 0 0 0 0 0 0 0 0 0 0 0 0 0 0 0 0 0
 0 0 0 0 0 0 0 0 0 0 0 0 0 0 0 0 0 0 0 0 0 0 0 0 0 0
 0 0 0 0 0 0 0 0 0 0 0 0 0 0 0 0 0 0 0 0 0 0 0 0 0 0
 0 0 0 0 0 0 0 0 0 0 0 0 0 0 0 0 0 0 0 0 0 0 0 0 0 0
ppred_pel_tallas
 1.27176e-16 4.0512e-06 3.93791e-05 0.000261689 0.00118961 0.00370144 0.00788709 0.0115159 0.0115373 0.0079919 0.00405622 0.00222706 0.00291384 0.00598788 0.0117666 0.0206593 0.0325852 0.0468632 0.0625994 0.0790877 0.0956431 0.110891 0.122315 0.126851 0.122377 0.109047
 1.77762e-16 7.74676e-06 7.53013e-05 0.000500404 0.00227476 0.00707766 0.0150799 0.0220105 0.0220154 0.0151037 0.00715935 0.00251797 0.00113916 0.00156665 0.00313645 0.00598568 0.0106307 0.0178569 0.0287518 0.0445618 0.0661527 0.0931479 0.12319 0.151906 0.17387 0.184282
 1.08868e-16 7.69047e-05 0.000747541 0.00496767 0.0225823 0.070262 0.149701 0.218492 0.218493 0.149704 0.0702723 0.0226125 0.00504447 0.000918966 0.000414512 0.000598207 0.000944699 0.0014024 0.00200883 0.002864 0.00411404 0.00588442 0.00818221 0.0108206 0.0134161 0.0154755
 1.08101e-16 1.71621e-05 0.000166822 0.0011086 0.00503956 0.0156803 0.0334112 0.0487796 0.0488507 0.0337588 0.0168471 0.00840756 0.00955542 0.0185821 0.0349208 0.0575218 0.0824402 0.102805 0.111657 0.105859 0.088075 0.0651368 0.0441409 0.0292246 0.0208538 0.0171593
 1.1725e-16 3.43796e-05 0.000334182 0.00222076 0.0100953 0.0314102 0.0669231 0.0976789 0.0976916 0.0669853 0.0316209 0.010712 0.00379933 0.00388121 0.00706612 0.0123957 0.0196382 0.0284043 0.038182 0.0485232 0.0589261 0.0684318 0.0754121 0.0779952 0.0749904 0.0666478
 1.00127e-16 8.21614e-05 0.000798638 0.00530723 0.0241259 0.0750646 0.159933 0.233427 0.233427 0.159934 0.0750663 0.0241309 0.00531985 0.000826313 0.000135101 9.43483e-05 0.000130514 0.000169788 0.000199369 0.000216648 0.000226565 0.000237745 0.000255975 0.000279798 0.000301175 0.000310102
 1.00453e-16 8.28454e-06 8.05287e-05 0.000535146 0.00243275 0.00756965 0.0161311 0.0235619 0.0236482 0.0165526 0.00898409 0.00651547 0.0107733 0.022397 0.042293 0.0696477 0.0997237 0.124131 0.134329 0.126388 0.103414 0.0736186 0.0456504 0.0247323 0.0118044 0.00507861
 1.20636e-16 1.72624e-05 0.000167797 0.00111507 0.00506895 0.0157714 0.0336031 0.0490465 0.0490556 0.0336478 0.0159247 0.0055253 0.00231169 0.00294871 0.00579125 0.0108259 0.0185577 0.0294753 0.0438283 0.0613094 0.0805497 0.0987585 0.112074 0.116847 0.111293 0.0964859
 1.01297e-16 8.09077e-05 0.000786451 0.00522625 0.0237578 0.0739192 0.157493 0.229865 0.229866 0.157494 0.0739253 0.0237756 0.00527127 0.000885966 0.000273723 0.000335173 0.000502086 0.000693398 0.000893408 0.00111173 0.00137856 0.00172223 0.00213794 0.0025706 0.00292635 0.00310813
 1.01573e-16 3.20515e-05 0.000311552 0.00207038 0.00941167 0.0292835 0.0623937 0.0910775 0.0911353 0.0626757 0.0302299 0.0121435 0.00892106 0.0152451 0.0283302 0.046619 0.0667653 0.0831458 0.0900598 0.0848958 0.0697452 0.0501074 0.0317547 0.0181475 0.00986123 0.00563711
 1.00749e-16 7.90866e-05 0.00076875 0.00510861 0.023223 0.0722554 0.153948 0.224692 0.224693 0.153955 0.0722812 0.0232979 0.00529807 0.00118749 0.000889407 0.00138427 0.00207689 0.00279878 0.00342939 0.0039016 0.00421588 0.00439957 0.00444994 0.00432031 0.00396263 0.00338367
 1.00364e-16 7.27566e-05 0.00070722 0.00469972 0.0213643 0.0664722 0.141627 0.20671 0.206721 0.141679 0.066649 0.0218746 0.00597956 0.00349758 0.00536176 0.00872177 0.0124936 0.0155784 0.0169123 0.0160098 0.0132592 0.00967771 0.00632744 0.00383623 0.00229714 0.00147065
 1.01134e-16 5.92669e-05 0.000576096 0.00382836 0.0174032 0.0541479 0.115369 0.168389 0.168413 0.115486 0.0545404 0.0185368 0.00667345 0.00678519 0.0118461 0.0194758 0.0280143 0.0351499 0.0385614 0.0371653 0.0317511 0.0244394 0.0174213 0.01196 0.00822896 0.00577977
 1.02363e-16 6.38302e-05 0.000620452 0.00412312 0.0187431 0.0583169 0.124251 0.181351 0.181367 0.124328 0.0585756 0.0194909 0.0060026 0.00473118 0.0078937 0.0130082 0.0188699 0.0240137 0.0269778 0.0270672 0.0247282 0.0211771 0.0176049 0.0146021 0.012143 0.00994929
 1.01813e-16 6.912e-05 0.000671871 0.00446482 0.0202964 0.0631497 0.134548 0.196379 0.196391 0.134607 0.0633489 0.0208718 0.00590979 0.00382846 0.00607057 0.00994363 0.0143579 0.0181409 0.020146 0.0198443 0.0176281 0.0145238 0.0115551 0.00925645 0.00762239 0.00637552
 1.00143e-16 8.08627e-05 0.000786015 0.00522334 0.0237446 0.0738782 0.157405 0.229738 0.229739 0.157413 0.0739026 0.023815 0.00540025 0.00117221 0.000814337 0.00121831 0.00174721 0.00219699 0.00242022 0.00235056 0.0020373 0.00161086 0.00120418 0.000891201 0.000677906 0.00053281
 1.0091e-16 8.43382e-06 8.19798e-05 0.000544789 0.00247658 0.00770602 0.0164216 0.0239856 0.0240704 0.0168358 0.00909607 0.00648916 0.010608 0.0220204 0.0415861 0.0685079 0.0981492 0.122292 0.132566 0.125115 0.102961 0.0741087 0.0469657 0.0265815 0.013836 0.00698631
 1.00791e-16 7.99761e-05 0.000777396 0.00516607 0.0234842 0.0730681 0.155679 0.227219 0.227219 0.155681 0.0730736 0.0235008 0.00520957 0.000878496 0.000289925 0.000399329 0.00067553 0.00107325 0.00159738 0.00223736 0.00294432 0.00361738 0.0041158 0.00430528 0.00411823 0.00359044
 1.01523e-16 3.99669e-05 0.000388493 0.00258167 0.0117359 0.0365151 0.0778011 0.113563 0.113611 0.0780359 0.0373034 0.0140114 0.00828819 0.0128285 0.023615 0.0388444 0.0556437 0.0693279 0.0751607 0.0709794 0.058532 0.0423904 0.0273336 0.016196 0.00940368 0.00586943
 1.10226e-16 3.2417e-05 0.000315104 0.00209398 0.00951895 0.0296171 0.0631035 0.0921075 0.0921364 0.0632451 0.0300936 0.0109001 0.00557996 0.00798769 0.014787 0.0248693 0.0369214 0.0487041 0.0578541 0.0631162 0.0648275 0.0641974 0.0620892 0.058438 0.0527049 0.0447595
 1.04045e-16 7.40657e-05 0.000719945 0.00478429 0.0217487 0.0676682 0.144174 0.210428 0.210432 0.144194 0.0677326 0.0219352 0.00525501 0.00175573 0.00206573 0.00336343 0.00499544 0.0066223 0.00795908 0.00889801 0.00955979 0.010166 0.0108303 0.0114442 0.0117386 0.0114561
 1.01683e-16 6.78123e-05 0.000659159 0.00438035 0.0199124 0.061955 0.132002 0.192664 0.19268 0.132077 0.0622061 0.0206374 0.00619907 0.00462587 0.00759091 0.0124152 0.0178163 0.0222781 0.0243106 0.0232401 0.0196225 0.0148901 0.0105177 0.00734711 0.00545437 0.00445014
 1.06666e-16 6.40503e-06 6.22592e-05 0.000413738 0.00188084 0.00585238 0.0124718 0.0182184 0.0182918 0.0128305 0.00705679 0.00536022 0.00914984 0.019141 0.0362625 0.0599954 0.0865518 0.109094 0.120617 0.117832 0.103065 0.0825719 0.0627186 0.0470304 0.0358204 0.0277046
 1.05284e-16 7.12769e-05 0.000692837 0.00460414 0.0209298 0.0651203 0.138746 0.202504 0.202505 0.138752 0.0651404 0.0209899 0.00476309 0.00106602 0.000856962 0.00150511 0.00263148 0.00429338 0.00657622 0.00948725 0.0128597 0.0162806 0.0191259 0.0207444 0.0207164 0.0190391
 1.05642e-16 5.00594e-05 0.000486595 0.0032336 0.0146995 0.0457358 0.0974461 0.142232 0.142265 0.0976058 0.0462718 0.0162472 0.00711611 0.00895404 0.0161083 0.0264933 0.0380321 0.0475779 0.0519867 0.0498736 0.0424907 0.0329471 0.0243904 0.0185323 0.0153665 0.0138573
 1.13049e-16 2.41898e-05 0.000235133 0.00156254 0.00710313 0.0221007 0.0470894 0.0687371 0.0687789 0.0472937 0.0227873 0.00908997 0.00656307 0.0111952 0.0209677 0.0349599 0.0511364 0.0659241 0.0756341 0.0784803 0.0754805 0.0694392 0.0629244 0.0569314 0.051046 0.0445156
 1.04922e-16 7.28504e-05 0.000708132 0.00470579 0.0213918 0.0665579 0.141809 0.206975 0.206978 0.141825 0.0666136 0.0215537 0.00511594 0.00161674 0.0018377 0.00302666 0.0045993 0.00630862 0.00795625 0.00946384 0.0108886 0.0123034 0.0136394 0.0146411 0.0149789 0.0144324
 1.02176e-16 6.67633e-05 0.000648963 0.00431259 0.0196044 0.0609967 0.129961 0.189685 0.189701 0.130039 0.0612614 0.0203688 0.00623004 0.00483109 0.00799876 0.0130908 0.0187898 0.0235048 0.0256711 0.0245875 0.0208492 0.0159716 0.0115062 0.00832416 0.00647729 0.00552279
 1.07295e-16 9.51737e-06 9.25123e-05 0.00061478 0.00279474 0.00869586 0.01853 0.0270596 0.0271288 0.0188683 0.00983199 0.00607709 0.008857 0.0180954 0.0342295 0.0566482 0.0817738 0.103179 0.114281 0.111987 0.098476 0.0796014 0.061295 0.0468067 0.0363783 0.0286879
 1.33039e-16 1.21712e-05 0.000118308 0.0007862 0.00357396 0.01112 0.0236926 0.0345823 0.0345928 0.0237444 0.0112967 0.00409679 0.00214562 0.0032419 0.00640261 0.0117644 0.0197503 0.0307125 0.0448669 0.0621278 0.0816478 0.101297 0.117674 0.12704 0.126836 0.116877
 1.14073e-16 6.92084e-05 0.00067273 0.00447053 0.0203224 0.0632305 0.134719 0.196627 0.19663 0.134731 0.0632694 0.0204358 0.00475866 0.00131372 0.00132395 0.00218389 0.00340401 0.00488712 0.00664451 0.00883034 0.0117063 0.0154597 0.0199665 0.0246666 0.0286623 0.0310148
pSPR Fmed_Fpbrs
0.442842   0.20885 0.20885
Fs Fmed_Fpbrs
0.464675   1.005 1.005
SSBpbr Bo_Bmed_Bpbrs
1.79343e+06  704535  284886 284886
Ro
57470.1
SPR SPRFo_SPRFmed_SPRFpbrs
409225 181222 85466.6
Fref
1.005
log_Ro
10.779
likeval ReclasPelacesDesembMPH_pf_preclas_ppelaces_ptallas_desvR_qrecl_qpela
 43.1993 41.7652 0.128377 0.00200007 313.305 133.77 99.1876 0 122.919 0 0 0.146747 0 0 0
q_reclas_q_pelaces
1 1
M
1
N
 8903.04 39280.6 122514 15045.4 0.104754
 5554.79 2843.13 12141.3 37868.1 4650.44
 192543 1402.8 658.332 2811.33 9845.25
 11452 48344.5 322.52 151.358 2909.89
 4246.09 1706.68 5849.35 39.0227 370.39
 285626 333.469 93.8737 321.737 22.5193
 6597.11 73531 79.0629 22.2567 81.6203
 1677.81 758.164 6461.6 6.94772 9.12829
 71939.4 306.404 117.805 1004.02 2.49792
 8613.15 15982.8 60.599 23.2989 199.063
 70405 1206.97 1792.71 6.79708 24.9413
 151457 21368.5 350.429 520.492 9.21485
 83330.1 32015 3974.99 65.1872 98.5366
 68439.9 17519.1 5915.86 734.515 30.2535
 50495.5 9007.91 1819.16 614.297 79.4128
 440482 7477.12 1081.31 218.373 83.2734
 11786.1 108365 1676.45 242.443 67.6325
 955081 3074.85 26116.7 404.037 74.7303
 264406 288543 887.7 7539.81 138.219
 88242.5 72044.2 73361.5 225.696 1952.13
 447985 21159.9 15651.9 15938.1 473.14
 591638 121683 5359.18 3964.16 4156.47
 15333.9 157191 29992.1 1320.91 2001.55
 350352 4426.39 42907.9 8186.83 906.918
 185417 107691 1305.35 12653.7 2681.77
 36482.8 55871 30990.5 375.644 4413.1
 265372 10690.8 15535.6 8617.27 1331.57
 368497 78212 2993.8 4350.5 2786.02
 18616.9 118764 24449.7 935.886 2230.93
 8375.9 5953.29 36770.6 7569.88 980.48
 73720.1 2257.13 1493.15 9222.47 2144.53
pred_Ctot
 751.129 4024.72 12552.9 1541.57 0.0107331
 1134.97 691.378 2952.45 9208.57 1130.87
 39855.6 345.429 162.109 692.267 2424.31
 4625.93 22374.5 149.267 70.0506 1346.74
 2374.76 1056.73 3621.77 24.1619 229.336
 55795.2 77.6503 21.859 74.9183 5.24374
 3140.09 39489.6 42.4605 11.9529 43.8339
 564.861 296.425 2526.34 2.7164 3.56896
 18759.2 94.1321 36.1916 308.45 0.767402
 3637.48 7704.02 29.2099 11.2305 95.9526
 7910.45 163.943 243.505 0.923253 3.38779
 42586 7051.9 115.646 171.769 3.04103
 23611.6 10642.8 1321.41 21.6702 32.7566
 30124.1 8768.11 2960.83 367.617 15.1416
 20496.1 4187.5 845.673 285.568 36.9166
 95291.2 1921.06 277.817 56.1056 21.395
 2228.06 24446.1 378.192 54.6928 15.2573
 109675 426.692 3624.18 56.0677 10.3702
 44414.7 58051 178.593 1516.91 27.8078
 20105.3 19454.7 19810.4 60.9464 527.147
 75943 4295.04 3177.02 3235.11 96.0381
 106669 26220.4 1154.8 854.198 895.638
 2128.71 26265.3 5011.42 220.713 334.441
 36958.7 565.134 5478.21 1045.24 115.79
 21551.5 15122.8 183.307 1776.92 376.594
 4779.37 8821.21 4892.94 59.3087 696.764
 33964.8 1649.92 2397.61 1329.9 205.501
 29178 7527.3 288.13 418.702 268.132
 1556.37 12059.5 2482.65 95.0311 226.532
 1452.47 1235.3 7629.82 1570.74 203.447
 15677.5 570.443 377.364 2330.79 541.986
F
 0.141488 0.17412 0.17412 0.17412 0.17412
 0.376188 0.46295 0.46295 0.46295 0.46295
 0.381968 0.470063 0.470063 0.470063 0.470063
 0.903614 1.11202 1.11202 1.11202 1.11202
 1.5442 1.90035 1.90035 1.90035 1.90035
 0.356976 0.439307 0.439307 0.439307 0.439307
 1.16349 1.43183 1.43183 1.43183 1.43183
 0.700343 0.861868 0.861868 0.861868 0.861868
 0.504313 0.620626 0.620626 0.620626 0.620626
 0.965179 1.18778 1.18778 1.18778 1.18778
 0.192346 0.236709 0.236709 0.236709 0.236709
 0.5541 0.681895 0.681895 0.681895 0.681895
 0.559521 0.688568 0.688568 0.688568 0.688568
 1.02785 1.26491 1.26491 1.26491 1.26491
 0.910037 1.11992 1.11992 1.11992 1.11992
 0.402368 0.495168 0.495168 0.495168 0.495168
 0.343666 0.422928 0.422928 0.422928 0.422928
 0.196952 0.242376 0.242376 0.242376 0.242376
 0.300206 0.369445 0.369445 0.369445 0.369445
 0.427981 0.526689 0.526689 0.526689 0.526689
 0.303337 0.373297 0.373297 0.373297 0.373297
 0.325432 0.400488 0.400488 0.400488 0.400488
 0.242482 0.298408 0.298408 0.298408 0.298408
 0.179671 0.221109 0.221109 0.221109 0.221109
 0.199561 0.245587 0.245587 0.245587 0.245587
 0.227453 0.279912 0.279912 0.279912 0.279912
 0.221709 0.272844 0.272844 0.272844 0.272844
 0.132293 0.162805 0.162805 0.162805 0.162805
 0.140123 0.17244 0.17244 0.17244 0.17244
 0.311266 0.383056 0.383056 0.383056 0.383056
 0.394308 0.48525 0.48525 0.48525 0.48525
nmprior
 8 9 7.5 0
nm_flota  nm_reclas  nm_pelaces    nm_pelaL
inf 7.43087 5.31307 7.42018
cv_recla  cv_pelaces  cv_mph
0.594516 0.760452 1.38015
 ------------------------------------------------
Talla a la edad & desviación 
 8 13.2811 15.8009 17.003 17.5766
 0.8 1.32811 1.58009 1.7003 1.75766
