years
 1991 1992 1993 1994 1995 1996 1997 1998 1999 2000 2001 2002 2003 2004 2005 2006 2007 2008 2009 2010 2011 2012 2013 2014 2015 2016 2017 2018 2019 2020 2021
reclasobs
 0 0 0 0 0 0 0 0 0 252601 567819 844713 477998 351125 339783 2.1784e+06 2.13404e+06 4.81314e+06 1.55562e+06 2.62356e+06 3.21686e+06 3.843e+06 1.13348e+06 3.07943e+06 1.97215e+06 2.03268e+06 2.025e+06 2.42433e+06 2.27542e+06 1.05018e+06 2.36338e+06
reclaspred
 4.12898e+06 1.5848e+06 859098 478759 128747 1.89494e+06 794672 345688 152704 209690 358126 636408 581279 417157 332605 1.85158e+06 1.27345e+06 4.12369e+06 3.34666e+06 2.09125e+06 3.95892e+06 3.45579e+06 2.106e+06 3.71065e+06 2.50276e+06 1.79065e+06 2.6896e+06 3.65286e+06 2.6717e+06 1.11597e+06 821983
pelacesobs
 0 0 0 0 0 0 0 0 0 0 0 0 0 0 0 552880 188675 0 991730 2.46772e+06 1.41603e+06 1.21717e+06 2.29649e+06 1.80582e+06 0 1.4828e+06 1.56532e+06 1.57751e+06 1.42118e+06 867257 0
pelacespred
 1.06859e+06 422549 197828 73617.1 20959.5 455364 146188 87172.2 23360.6 37561.2 82767.3 120386 121036 84101.9 67421.4 374645 256707 1.02229e+06 814389 467658 905854 803491 493993 998165 633319 450515 789560 1.04941e+06 636513 306144 197907
mphobs
 0 0 0 0 0 0 0 0 0 0 0 498337 0 5186 125008 0 168611 109162 213762 579715 649985 157893 87575 83554 0 0 0 0 0 0 0
mphpred
 2.34026e+06 1.14095e+06 329149 243650 83082.5 23801.6 546839 172539 70090.9 17486.7 36263 118984 155796 110059 57602.3 63775.3 614325 378462 1.23369e+06 858965 753906 1.06371e+06 1.07286e+06 661771 1.09014e+06 781109 511826 738024 1.35584e+06 741609 231738
desembarqueobs
 494567 514787 250237 358949 120608 361735 552515 73892 212993 205616 52469 317467 293654 387597 252695 516296 358380 742168 942051 627588 828172 859565 418607 520667 417249 300574 407403 355545 319650 289779 219260
desembarquepred
 494528 514775 249643 358798 120549 361582 551914 73873.6 212770 205460 52461.4 317249 293413 387061 252451 515965 358263 741750 940933 626826 827795 858920 418403 520501 417039 300402 407224 355408 319504 289589 219203
Reclutas
 31055.4 21258.7 168135 28968.5 11692.3 304712 22209 5909.98 19219.3 56518.4 54252.3 121268 84868.5 67993 47948.5 396371 23053.9 623954 322958 201029 375109 512948 33590.8 275667 180840 58369 234432 303128 29816 15867.3 75116.4
log_desv_Rt
 -0.925641 -1.30465 0.763352 -0.995204 -1.90248 1.35795 -1.26092 -2.58477 -1.4055 -0.326849 -0.36777 0.43659 0.0796884 -0.142009 -0.491288 1.62094 -1.22358 2.07466 1.41611 0.942035 1.5658 1.87876 -0.847162 1.25778 0.836198 -0.29463 1.09575 1.35274 -0.966369 -1.59716 -0.0423764
SSB
 2.34026e+06 1.14095e+06 329149 243650 83082.5 23801.6 546839 172539 70090.9 17486.7 36263 118984 155796 110059 57602.3 63775.3 614325 378462 1.23369e+06 858965 753906 1.06371e+06 1.07286e+06 661771 1.09014e+06 781109 511826 738024 1.35584e+06 741609 231738
BT
 2.9148e+06 1.5239e+06 691328 436548 152390 1.3706e+06 823108 270154 254702 281688 234619 538729 543585 596087 406127 1.27147e+06 874042 3.03032e+06 2.77017e+06 1.64493e+06 2.78344e+06 2.63096e+06 1.50275e+06 2.79802e+06 1.85107e+06 1.3131e+06 2.24894e+06 2.77392e+06 1.73509e+06 1.01296e+06 663837
Ftot
 0.210221 0.550698 0.557703 1.20537 1.46027 0.419741 1.10123 0.380638 2.16609 1.79662 0.312322 0.959512 0.942835 1.63339 1.4224 0.598084 0.48847 0.381868 0.527411 0.55806 0.414686 0.483095 0.349601 0.288033 0.311747 0.307652 0.311829 0.201999 0.210688 0.449706 0.524777
BD_Bspro_t
 0.966924 0.74401 0.440161 0.392614 0.15642 0.0690038 0.512761 0.220815 0.139316 0.0517319 0.122904 0.376951 0.30999 0.213252 0.1218 0.138448 0.47515 0.353466 0.570327 0.447923 0.375313 0.455353 0.482087 0.405142 0.559556 0.538172 0.499535 0.616441 0.725793 0.593615 0.405767
BD_Bspro
 4.19378 2.0446 0.58984 0.436624 0.148885 0.0426528 0.979944 0.309192 0.125604 0.0313364 0.0649838 0.21322 0.279189 0.197228 0.103224 0.114286 1.10088 0.67821 2.21079 1.53928 1.35101 1.90618 1.92258 1.1859 1.95354 1.39976 0.917199 1.32255 2.42969 1.32897 0.415278
BD_Bo
 1.42577 0.69511 0.200529 0.14844 0.0506168 0.0145008 0.333154 0.105117 0.0427019 0.0106535 0.0220927 0.0724891 0.0949166 0.067052 0.0350934 0.0388542 0.374269 0.230573 0.751609 0.523312 0.459306 0.648051 0.653623 0.403175 0.66415 0.47588 0.311823 0.44963 0.826027 0.451814 0.141183
BD_Brms
 8.55188 4.16932 1.20279 0.890354 0.303603 0.0869768 1.99828 0.630498 0.256129 0.0639006 0.132514 0.434795 0.569317 0.402183 0.210493 0.23305 2.24489 1.38299 4.5082 3.13886 2.75495 3.88705 3.92048 2.41827 3.98362 2.85436 1.87033 2.69691 4.95457 2.71001 0.846826
Sel_flota
 0.77578 1 1 1 1
 0.77578 1 1 1 1
 0.77578 1 1 1 1
 0.77578 1 1 1 1
 0.77578 1 1 1 1
 0.77578 1 1 1 1
 0.77578 1 1 1 1
 0.77578 1 1 1 1
 0.77578 1 1 1 1
 0.77578 1 1 1 1
 0.77578 1 1 1 1
 0.77578 1 1 1 1
 0.77578 1 1 1 1
 0.77578 1 1 1 1
 0.77578 1 1 1 1
 0.77578 1 1 1 1
 0.77578 1 1 1 1
 0.77578 1 1 1 1
 0.77578 1 1 1 1
 0.77578 1 1 1 1
 0.77578 1 1 1 1
 0.77578 1 1 1 1
 0.77578 1 1 1 1
 0.77578 1 1 1 1
 0.77578 1 1 1 1
 0.77578 1 1 1 1
 0.77578 1 1 1 1
 0.77578 1 1 1 1
 0.77578 1 1 1 1
 0.77578 1 1 1 1
 0.77578 1 1 1 1
Sel_reclas
 1 1 1 1 1
 1 1 1 1 1
 1 1 1 1 1
 1 1 1 1 1
 1 1 1 1 1
 1 1 1 1 1
 1 1 1 1 1
 1 1 1 1 1
 1 1 1 1 1
 1 1 1 1 1
 1 1 1 1 1
 1 1 1 1 1
 1 1 1 1 1
 1 1 1 1 1
 1 1 1 1 1
 1 1 1 1 1
 1 1 1 1 1
 1 1 1 1 1
 1 1 1 1 1
 1 1 1 1 1
 1 1 1 1 1
 1 1 1 1 1
 1 1 1 1 1
 1 1 1 1 1
 1 1 1 1 1
 1 1 1 1 1
 1 1 1 1 1
 1 1 1 1 1
 1 1 1 1 1
 1 1 1 1 1
 1 1 1 1 1
Sel_pelaces
 1 1 1 1 1
 1 1 1 1 1
 1 1 1 1 1
 1 1 1 1 1
 1 1 1 1 1
 1 1 1 1 1
 1 1 1 1 1
 1 1 1 1 1
 1 1 1 1 1
 1 1 1 1 1
 1 1 1 1 1
 1 1 1 1 1
 1 1 1 1 1
 1 1 1 1 1
 1 1 1 1 1
 1 1 1 1 1
 1 1 1 1 1
 1 1 1 1 1
 1 1 1 1 1
 1 1 1 1 1
 1 1 1 1 1
 1 1 1 1 1
 1 1 1 1 1
 1 1 1 1 1
 1 1 1 1 1
 1 1 1 1 1
 1 1 1 1 1
 1 1 1 1 1
 1 1 1 1 1
 1 1 1 1 1
 1 1 1 1 1
pf_obs 
 0.8446 0.082 0.0669 0.0065 0
 0.8095 0.147 0.0364 0.0071 0
 0.9664 0.0169 0.016 0.0007 0
 0.9276 0.0648 0.0075 0.0001 0
 0.7033 0.2144 0.0806 0.0017 0
 0.9318 0.0425 0.0243 0.0014 0
 0.5671 0.3108 0.0964 0.0239 0.0018
 0.0768 0.2599 0.5324 0.112 0.0189
 0.490249 0.384438 0.106611 0.0170017 0.00170017
 0.7925 0.1577 0.0466 0.003 0.0002
 0.840416 0.127587 0.0312969 0.00059994 9.999e-05
 0.8084 0.0986 0.0794 0.0134 0.0002
 0.7335 0.1905 0.0724 0.0035 0.0001
 0.4001 0.4547 0.1325 0.0127 0
 0.49795 0.308269 0.164784 0.0264974 0.00249975
 0.9179 0.0499 0.0305 0.0017 0
 0.2467 0.6533 0.0926 0.0074 0
 0.9418 0.0223 0.034 0.0019 0
 0.707729 0.231977 0.0356964 0.0245975 0
 0.517169 0.277429 0.184464 0.0207286 0.00020938
 0.811772 0.124168 0.05621 0.00726502 0.000585176
 0.764997 0.148141 0.077277 0.00933861 0.000247198
 0.163321 0.427699 0.378323 0.0303852 0.000271297
 0.753843 0.0900009 0.118128 0.0371064 0.000921714
 0.721811 0.176058 0.0630433 0.0369309 0.00215725
 0.143369 0.312575 0.442814 0.0836902 0.0175525
 0.692698 0.0596174 0.167031 0.0765114 0.00414204
 0.394062 0.376323 0.152708 0.0712218 0.00568511
 0.125707 0.32114 0.495352 0.0537591 0.00404204
 0.23352 0.215282 0.420074 0.123614 0.00750983
 0 0 0 0 0
pf_pred 
 0.143461 0.209163 0.57689 0.0704856 7.91553e-07
 0.24449 0.137281 0.150968 0.416385 0.0508754
 0.892759 0.0332977 0.0134359 0.0147756 0.0457317
 0.361014 0.588257 0.0157509 0.00635562 0.0286219
 0.528765 0.219345 0.231893 0.00620905 0.0137882
 0.991295 0.00560131 0.00144449 0.00152713 0.000131692
 0.187195 0.807611 0.00334238 0.000861947 0.000989841
 0.260748 0.191245 0.544505 0.00225349 0.00124851
 0.77412 0.0731442 0.0395129 0.1125 0.000723544
 0.9701 0.0257764 0.00133537 0.000721376 0.00206709
 0.891758 0.106321 0.00165627 8.58051e-05 0.000179174
 0.856002 0.132076 0.0117105 0.000182427 2.91856e-05
 0.750455 0.224095 0.0233425 0.00206966 3.73994e-05
 0.76274 0.193669 0.0391453 0.00407751 0.000368065
 0.831444 0.141919 0.0217428 0.00439475 0.000499094
 0.980022 0.0177288 0.00189342 0.000290083 6.52916e-05
 0.167039 0.821018 0.0105989 0.00113195 0.000212455
 0.949177 0.0110096 0.039243 0.000506606 6.426e-05
 0.596352 0.388336 0.00331701 0.0118233 0.000171993
 0.582059 0.280859 0.131882 0.00112648 0.00407369
 0.805856 0.12811 0.0443751 0.020837 0.000821615
 0.778999 0.187833 0.0218866 0.00758115 0.00370021
 0.146616 0.707674 0.123841 0.0144302 0.00743798
 0.814445 0.0349716 0.124873 0.0218524 0.00385875
 0.603168 0.339171 0.0108674 0.0388041 0.00798973
 0.374299 0.420128 0.175702 0.00562968 0.0242408
 0.831267 0.0751939 0.0628072 0.0262666 0.00446549
 0.754491 0.213308 0.0143502 0.0119863 0.005865
 0.165627 0.669796 0.142991 0.00961968 0.0119666
 0.222577 0.16198 0.494049 0.105472 0.0159223
 0.806674 0.0545001 0.0289251 0.0882234 0.0216776
pobs_RECLAS
 0 0 0 0 0
 0 0 0 0 0
 0 0 0 0 0
 0 0 0 0 0
 0 0 0 0 0
 0 0 0 0 0
 0 0 0 0 0
 0 0 0 0 0
 0 0 0 0 0
 0 0 0 0 0
 0.991045 0.00858322 0.000360255 1.14367e-05 0
 0.934742 0.0480273 0.0164251 0.00080598 0
 0.827803 0.169806 0.00239088 0 0
 0.941827 0.0461693 0.0120037 0 0
 0.791401 0.0380133 0.147996 0.0225897 0
 0.846168 0.0940531 0.0597789 0 0
 0.134021 0.677848 0.182769 0.00536245 0
 0.80878 0.0450904 0.141981 0.00414843 0
 0.846168 0.0940531 0.0597789 0 0
 0.905697 0.0802665 0.012482 0.00150086 5.37128e-05
 0.989698 0.0102097 9.19794e-05 0 0
 0.975433 0.0193895 0.00387452 0.00125025 5.28907e-05
 0.303575 0.632131 0.0575291 0.00676475 0
 0.966965 0.00978017 0.0227588 0.000495775 0
 0.843318 0.132988 0.00938335 0.0141283 0.000182051
 0.564624 0.303363 0.111486 0.0197234 0.00080311
 0.826376 0.0876187 0.0782897 0.00655872 0.00115652
 0.89761 0.0855135 0.0140674 0.00269457 0.000114338
 0.34875 0.467042 0.161289 0.0227151 0.000203297
 0.318654 0.224769 0.449479 0.00709798 0
 0.937255 0.0296025 0.0250945 0.00804832 0
ppred_RECLAS
 0.178228 0.200673 0.553474 0.0676246 7.59423e-07
 0.297434 0.127661 0.140389 0.387206 0.0473102
 0.91592 0.0261065 0.0105342 0.0115845 0.0358551
 0.432052 0.522859 0.0139998 0.00564905 0.0254399
 0.605114 0.183807 0.194322 0.00520307 0.0115543
 0.993304 0.00430896 0.00111121 0.00117478 0.000101308
 0.235737 0.759379 0.00314277 0.00081047 0.000930726
 0.314546 0.177327 0.50488 0.0020895 0.00115765
 0.830593 0.0548572 0.0296341 0.0843733 0.000542648
 0.978376 0.018642 0.000965772 0.000521715 0.00149496
 0.914508 0.0839743 0.00130815 6.77703e-05 0.000141515
 0.887734 0.102971 0.00912993 0.000142226 2.27541e-05
 0.799889 0.179703 0.0187184 0.00165967 2.99907e-05
 0.816056 0.150149 0.0303488 0.00316123 0.000285355
 0.870494 0.109041 0.0167056 0.00337661 0.000383468
 0.984683 0.0135933 0.00145175 0.000222416 5.00612e-05
 0.207475 0.781162 0.0100844 0.001077 0.000202141
 0.960472 0.0085628 0.0305217 0.000394018 4.99788e-05
 0.658844 0.328214 0.00280347 0.00999283 0.000145365
 0.645692 0.238097 0.111802 0.000954967 0.00345345
 0.843892 0.103011 0.0356813 0.0167547 0.000660647
 0.821451 0.151752 0.0176824 0.00612489 0.00298944
 0.182548 0.677878 0.118627 0.0138226 0.00712481
 0.85064 0.0281499 0.100515 0.0175898 0.00310605
 0.663697 0.287437 0.0092098 0.0328853 0.00677106
 0.437134 0.377938 0.158057 0.00506433 0.0218065
 0.864802 0.0602491 0.0503243 0.0210461 0.00357798
 0.799143 0.174512 0.0117403 0.00980628 0.0047983
 0.204486 0.638602 0.136332 0.00917166 0.0114093
 0.271814 0.151721 0.462759 0.0987919 0.0149139
 0.845052 0.043681 0.023183 0.0707096 0.0173743
pobs_PELACES
 0 0 0 0 0
 0 0 0 0 0
 0 0 0 0 0
 0 0 0 0 0
 0 0 0 0 0
 0 0 0 0 0
 0 0 0 0 0
 0 0 0 0 0
 0 0 0 0 0
 0 0 0 0 0
 0 0 0 0 0
 0 0 0 0 0
 0 0 0 0 0
 0 0 0 0 0
 0 0 0 0 0
 0 0 0 0 0
 0.505614 0.472636 0.0217494 0 0
 0 0 0 0 0
 0.443492 0.261883 0.143347 0.151278 0
 0.227955 0.32914 0.350689 0.0885471 0.00366901
 0.970185 0.0296113 0.000203453 0 0
 0.997202 0.00247181 0.000326279 0 0
 0.445219 0.490057 0.0546422 0.010081 0
 0.90214 0.0892962 0.00764917 0.000914606 0
 0 0 0 0 0
 0.581667 0.319106 0.0959925 0.00289975 0.000334073
 0.762889 0.0836404 0.116647 0.0363945 0.000428098
 0.88444 0.0763242 0.0277011 0.0115352 0
 0.521256 0.241999 0.230069 0.00667565 0
 0.616807 0.101726 0.260614 0.0208532 0
 0 0 0 0 0
ppred_PELACES
 0.180518 0.200114 0.551932 0.0674362 7.57308e-07
 0.306018 0.126101 0.138674 0.382475 0.0467321
 0.919043 0.0251365 0.0101428 0.0111541 0.034523
 0.454056 0.502602 0.0134574 0.00543019 0.0244543
 0.630618 0.171935 0.181772 0.00486702 0.010808
 0.993507 0.00417804 0.00107745 0.00113909 9.82296e-05
 0.250732 0.74448 0.0030811 0.000794568 0.000912465
 0.32065 0.175748 0.500384 0.00207089 0.00114734
 0.851967 0.047936 0.0258953 0.0737281 0.000474184
 0.981016 0.0163655 0.000847835 0.000458005 0.0013124
 0.916298 0.0822165 0.00128077 6.63517e-05 0.000138552
 0.894617 0.0966577 0.00857015 0.000133506 2.1359e-05
 0.810823 0.169884 0.0176957 0.00156899 2.83521e-05
 0.83351 0.135902 0.0274691 0.00286127 0.000258279
 0.881903 0.099434 0.0152339 0.00307913 0.000349685
 0.985336 0.0130135 0.00138983 0.000212929 4.79258e-05
 0.213481 0.775242 0.0100079 0.00106884 0.000200609
 0.96153 0.00833342 0.029704 0.000383463 4.864e-05
 0.66756 0.319829 0.00273184 0.00973752 0.000141651
 0.655081 0.231788 0.108839 0.000929662 0.00336194
 0.847892 0.100372 0.0347671 0.0163254 0.00064372
 0.826634 0.147347 0.0171691 0.00594711 0.00290267
 0.18644 0.67465 0.118062 0.0137568 0.00709088
 0.853327 0.0276434 0.098706 0.0172733 0.00305016
 0.668826 0.283053 0.00906934 0.0323838 0.00666779
 0.442743 0.374172 0.156482 0.00501387 0.0215892
 0.867477 0.059057 0.0493286 0.0206297 0.00350719
 0.801531 0.172437 0.0116007 0.00968968 0.00474124
 0.207033 0.636556 0.135895 0.00914229 0.0113728
 0.27845 0.150338 0.458542 0.0978916 0.014778
 0.850069 0.0422668 0.0224325 0.0684204 0.0168118
pobs_pel_tallas
 0 0 0 0 0 0 0 0 0 0 0 0 0 0 0 0 0 0 0 0 0 0 0 0 0 0
 0 0 0 0 0 0 0 0 0 0 0 0 0 0 0 0 0 0 0 0 0 0 0 0 0 0
 0 0 0 0 0 0 0 0 0 0 0 0 0 0 0 0 0 0 0 0 0 0 0 0 0 0
 0 0 0 0 0 0 0 0 0 0 0 0 0 0 0 0 0 0 0 0 0 0 0 0 0 0
 0 0 0 0 0 0 0 0 0 0 0 0 0 0 0 0 0 0 0 0 0 0 0 0 0 0
 0 0 0 0 0 0 0 0 0 0 0 0 0 0 0 0 0 0 0 0 0 0 0 0 0 0
 0 0 0 0 0 0 0 0 0 0 0 0 0 0 0 0 0 0 0 0 0 0 0 0 0 0
 0 0 0 0 0 0 0 0 0 0 0 0 0 0 0 0 0 0 0 0 0 0 0 0 0 0
 0 0 0 0 0 0 0 0 0 0 0 0 0 0 0 0 0 0 0 0 0 0 0 0 0 0
 0 0 0 0 0 0 0 0 0 0 0 0 0 0 0 0 0 0 0 0 0 0 0 0 0 0
 0 0 0 0 0 0 0 0 0 0 0 0 0 0 0 0 0 0 0 0 0 0 0 0 0 0
 0 0 0 0 0 0 0 0 0 0 0 0 0 0 0 0 0 0 0 0 0 0 0 0 0 0
 0.00862536 0 0 0.000197151 0.00414017 0.0128641 0.00837892 0.0270097 0.101434 0.158115 0.152841 0.127902 0.109271 0.109419 0.0830992 0.0579132 0.0238553 0.00714673 0.00463305 0.00128148 0.00103504 0.000492878 0.000147863 0.000147863 4.92878e-05 0
 0 0 0 0 0 0 0 0 0 0 0 0 0 0 0 0 0 0 0 0 0 0 0 0 0 0
 0 0 0 0 0 0 0 0.0054083 0.00873648 0.0413646 0.0450493 0.0745869 0.0622846 0.0627006 0.0613931 0.0827291 0.12552 0.122667 0.0946155 0.0697135 0.0546179 0.0294188 0.0215738 0.0213955 0.0102223 0.00600262
 0 0 0 0 0.00359764 0.0251062 0.0480494 0.140153 0.205849 0.193036 0.1447 0.116669 0.0760912 0.0342217 0.00950174 0.001854 0.000860785 0 0 0 0.000165536 0 0.000143464 0 0 0
 0 0 0 0 0 0 0 0.000145254 0.000435761 0.0275982 0.070085 0.0708112 0.156366 0.174668 0.174014 0.160142 0.0824315 0.0480064 0.0283245 0.00493863 0.00203355 0 0 0 0 0
 0 0 0 0 0 0 0 0 0 0 0 0 0 0 0 0 0 0 0 0 0 0 0 0 0 0
 0 0 1.00437e-05 0.000401748 0.00122533 0.00171747 0.00176769 0.0269171 0.070346 0.194647 0.189555 0.159765 0.064822 0.0314167 0.0384472 0.0292271 0.0345202 0.0313363 0.0194345 0.0106764 0.0143323 0.0359363 0.0279516 0.0138201 0.00172751 0
 0 0.0021121 0.0136068 0.0755702 0.200478 0.177729 0.0527432 0.0373336 0.0318909 0.0142505 0.0149659 0.0166563 0.0217959 0.0798694 0.0677717 0.0528807 0.04013 0.0224614 0.0357745 0.0225083 0.00881397 0.00855152 0.00135912 0.000746735 0 0
 0 0 0 0 5.4009e-05 0.00500934 0.000945158 0.0243581 0.138947 0.33067 0.221406 0.137944 0.0707744 0.0437923 0.0131692 0.00525238 0.0047753 0.00276346 9.45158e-05 9.00151e-06 2.25038e-05 9.00151e-06 4.50075e-06 0 0 0
 0.000866109 0.00284123 0.00948549 0.0512746 0.133035 0.25785 0.225252 0.132002 0.0553304 0.0519788 0.0540692 0.017754 0.00435017 0.00159236 0.00146478 0.000404838 0.000125132 0.000115318 0.000107957 0.000100596 0 0 0 0 0 0
 0 0 0 0 0.00144013 0.00171154 0.00461396 0.0210425 0.0478622 0.0707936 0.0888783 0.103762 0.0637923 0.0337046 0.0602308 0.124433 0.169614 0.0934646 0.0462172 0.0250306 0.0313229 0.00938855 0.002487 0.000210481 0 0
 0 0.00764035 0.051015 0.0998891 0.058973 0.0496711 0.0374665 0.0718981 0.12319 0.153886 0.159021 0.0857701 0.0377988 0.023471 0.0147837 0.00900784 0.00315554 0.000888139 0.00291439 0.00214683 0.00393193 0.00274676 0.000635225 9.99891e-05 0 0
 0 0 0 0 0 0 0 0 0 0 0 0 0 0 0 0 0 0 0 0 0 0 0 0 0 0
 0 0 0 0 0 0 0 0 0 0 0 0 0 0 0 0 0 0 0 0 0 0 0 0 0 0
 0 0 0 0 0 0 0 0 0 0 0 0 0 0 0 0 0 0 0 0 0 0 0 0 0 0
 0 0 0 0 0 0 0 0 0 0 0 0 0 0 0 0 0 0 0 0 0 0 0 0 0 0
 0 0 0 0 0 0 0 0 0 0 0 0 0 0 0 0 0 0 0 0 0 0 0 0 0 0
 0 0 0 0 0 0 0 0 0 0 0 0 0 0 0 0 0 0 0 0 0 0 0 0 0 0
 0 0 0 0 0 0 0 0 0 0 0 0 0 0 0 0 0 0 0 0 0 0 0 0 0 0
ppred_pel_tallas
 1.22742e-16 1.4869e-05 0.000144532 0.00096047 0.00436617 0.0135849 0.0289448 0.0422499 0.04227 0.0290435 0.0139186 0.00534077 0.00344682 0.00570446 0.0109614 0.0191073 0.029874 0.0424647 0.0559087 0.069512 0.0827802 0.094774 0.103609 0.106853 0.102758 0.0914079
 1.503e-16 2.52064e-05 0.000245015 0.00162821 0.00740161 0.0230292 0.0490667 0.0716169 0.0716293 0.0491278 0.0232356 0.00800247 0.00315465 0.00363962 0.00666275 0.0114972 0.0178495 0.0253253 0.0337162 0.0433953 0.0552162 0.0697481 0.0863129 0.102583 0.115142 0.120749
 1.07261e-16 7.57004e-05 0.000735835 0.00488988 0.0222287 0.0691617 0.147356 0.215072 0.215074 0.147368 0.0692019 0.0223451 0.00518324 0.00138043 0.00131292 0.0020872 0.00309184 0.0041009 0.00496399 0.00567358 0.00639702 0.00737775 0.00876126 0.0104672 0.0121883 0.0135051
 1.052e-16 3.74001e-05 0.000363542 0.00241587 0.0109822 0.03417 0.0728046 0.106271 0.106319 0.0730408 0.0349629 0.0132713 0.00815761 0.0128839 0.0237752 0.0391408 0.0561375 0.0700944 0.0762939 0.0726015 0.0607942 0.0454523 0.0313202 0.0211459 0.0152277 0.0123367
 1.07607e-16 5.19432e-05 0.000504907 0.00335528 0.0152526 0.0474567 0.101112 0.14758 0.147596 0.101194 0.0477337 0.0160558 0.005383 0.00497013 0.00864534 0.0145045 0.0215726 0.0285469 0.0340811 0.0374697 0.0389151 0.0390977 0.0384634 0.0368925 0.0339822 0.0295822
 1.00164e-16 8.18339e-05 0.000795454 0.00528607 0.0240297 0.0747654 0.159296 0.232497 0.232497 0.159298 0.074772 0.0240489 0.00533424 0.000900813 0.00028254 0.000339216 0.000484681 0.000618034 0.000698406 0.000709948 0.000666688 0.000601725 0.000545333 0.000509006 0.000485111 0.000458003
 1.00514e-16 2.06526e-05 0.000200751 0.00133406 0.00606451 0.0188693 0.0402057 0.0586964 0.058768 0.0405555 0.0200431 0.00945258 0.00983043 0.0187213 0.0351146 0.0578093 0.0827829 0.103067 0.111579 0.10506 0.0860812 0.0614476 0.0383176 0.021009 0.0102908 0.0046784
 1.14887e-16 2.64115e-05 0.000256729 0.00170606 0.0077555 0.0241303 0.0514129 0.0750423 0.07506 0.0514996 0.0244235 0.00861163 0.00389 0.00513963 0.0096366 0.0167636 0.026171 0.0371027 0.0486235 0.060007 0.0706913 0.0797708 0.0856328 0.0863628 0.0808065 0.0694768
 1.08234e-16 7.01754e-05 0.00068213 0.00453299 0.0206063 0.0641139 0.136602 0.199375 0.19938 0.136625 0.0641909 0.0208294 0.00509609 0.00192188 0.00245679 0.00403857 0.00602859 0.00806726 0.00986991 0.0113852 0.0128402 0.0145495 0.0166161 0.0187604 0.0204062 0.0209562
 1.00297e-16 8.0805e-05 0.000785453 0.00521961 0.0237276 0.0738254 0.157293 0.229574 0.229575 0.157301 0.0738512 0.0238022 0.00540678 0.00119372 0.000855307 0.00128388 0.00183662 0.00229951 0.00251609 0.00241843 0.00206516 0.00160433 0.00118699 0.000897068 0.000737756 0.000663121
 1.00089e-16 7.54743e-05 0.000733637 0.00487527 0.0221623 0.0689552 0.146917 0.214431 0.214439 0.146955 0.0690848 0.0225366 0.0058139 0.00277991 0.00395356 0.00639517 0.00915484 0.0114063 0.0123642 0.0116686 0.00960144 0.0069094 0.00437691 0.00247531 0.00128696 0.000649411
 1.0029e-16 7.36885e-05 0.000716278 0.00475992 0.0216379 0.0673236 0.14344 0.209357 0.209367 0.143486 0.0674763 0.0220787 0.00586593 0.00312917 0.00465164 0.00756131 0.0108562 0.0135895 0.0148493 0.0142126 0.011994 0.00903556 0.00621279 0.00403862 0.00259178 0.00169464
 1.00717e-16 6.67864e-05 0.000649188 0.00431408 0.0196112 0.0610178 0.130006 0.18975 0.189767 0.130085 0.0612862 0.0203863 0.00625906 0.00489312 0.00812097 0.0133044 0.0191217 0.0239658 0.0262437 0.0252153 0.0214295 0.0163532 0.0115042 0.00776146 0.00524636 0.0036416
 1.01159e-16 6.86551e-05 0.000667352 0.00443479 0.0201599 0.0627251 0.133643 0.195058 0.195072 0.133707 0.0629402 0.0207815 0.00599561 0.00407645 0.0065484 0.0107306 0.0154816 0.01953 0.0216234 0.0211747 0.018595 0.0149911 0.0114854 0.00869359 0.00666408 0.00515271
 1.00834e-16 7.26412e-05 0.000706099 0.00469227 0.0213304 0.0663668 0.141402 0.206382 0.206392 0.141449 0.0665241 0.0217847 0.00583263 0.00319575 0.0048016 0.00782468 0.0112683 0.0141768 0.0156276 0.0151931 0.0131876 0.0104457 0.00781819 0.00577805 0.00436505 0.00338324
 1.00074e-16 8.11608e-05 0.000788912 0.0052426 0.0238321 0.0741505 0.157985 0.230585 0.230586 0.157992 0.074171 0.0238915 0.00539161 0.00111408 0.000698314 0.00102495 0.00146607 0.00183801 0.00201447 0.0019388 0.00165325 0.00127009 0.000905124 0.000624828 0.000437417 0.000317559
 1.00629e-16 1.75843e-05 0.000170926 0.00113586 0.00516352 0.016066 0.0342331 0.0499799 0.0500544 0.0345973 0.0172885 0.00869235 0.00998571 0.0194636 0.0365795 0.0602396 0.0862924 0.107497 0.116486 0.109866 0.0902982 0.0648317 0.0408757 0.0228877 0.0116535 0.00564416
 1.00907e-16 7.92e-05 0.000769852 0.00511594 0.0232563 0.072359 0.154169 0.225014 0.225015 0.154173 0.0723731 0.0232976 0.00522165 0.00100757 0.000550944 0.000838137 0.00132172 0.00191472 0.00257737 0.00327602 0.00397041 0.00458755 0.00501079 0.00511284 0.00482114 0.00416854
 1.01162e-16 5.49861e-05 0.000534485 0.00355184 0.0161462 0.0502369 0.107036 0.156229 0.15626 0.107186 0.0507413 0.0176021 0.00720324 0.00849496 0.0151424 0.0248659 0.035627 0.0444104 0.0481892 0.0455829 0.0377078 0.0274801 0.017942 0.0108889 0.00657838 0.00430808
 1.03863e-16 5.39582e-05 0.000524493 0.00348544 0.0158443 0.0492977 0.105035 0.153306 0.153329 0.105145 0.0496666 0.0169114 0.00616938 0.00640155 0.011268 0.0186787 0.0272156 0.0348703 0.0395994 0.0404044 0.0378415 0.033492 0.0288707 0.0246782 0.0208449 0.0170675
 1.02776e-16 6.98398e-05 0.000678867 0.00451131 0.0205078 0.0638074 0.135949 0.198423 0.198433 0.135996 0.0639668 0.0209689 0.00567058 0.00321559 0.00490543 0.00804638 0.0116961 0.0149457 0.0169175 0.01721 0.0161171 0.0143855 0.012712 0.0113869 0.010298 0.00918154
 1.01621e-16 6.80888e-05 0.000661847 0.00439821 0.0199936 0.0622076 0.13254 0.19345 0.193464 0.13261 0.0624405 0.0206663 0.00608639 0.00434644 0.00706369 0.0115646 0.0166406 0.0209018 0.0229821 0.0222559 0.0192098 0.0151124 0.0112564 0.00835924 0.00646834 0.00525241
 1.0616e-16 1.5357e-05 0.000149275 0.000991989 0.00450948 0.014031 0.0298969 0.0436491 0.0437142 0.0302148 0.0150985 0.0075932 0.00873404 0.0170551 0.0321364 0.0531391 0.0766276 0.0965221 0.106608 0.103982 0.0907414 0.0724845 0.0549043 0.0411486 0.0314718 0.0245816
 1.05105e-16 7.02874e-05 0.000683219 0.00454023 0.0206392 0.0642163 0.13682 0.199693 0.199696 0.136834 0.0642632 0.0207767 0.0048926 0.00147697 0.00164976 0.00280434 0.00447264 0.00654438 0.00893423 0.0115716 0.0143559 0.0170506 0.0192266 0.0203636 0.020081 0.0183446
 1.04711e-16 5.50903e-05 0.000535498 0.00355857 0.0161768 0.0503321 0.107239 0.156524 0.156551 0.107372 0.0507789 0.0174668 0.00679506 0.0075953 0.0134475 0.0221057 0.0317544 0.0397698 0.0435379 0.0419023 0.0358909 0.0280645 0.0210106 0.0161282 0.0134064 0.012002
 1.08768e-16 3.64682e-05 0.000354484 0.00235567 0.0107086 0.0333185 0.07099 0.10362 0.103656 0.071167 0.0339136 0.0124293 0.00668268 0.00982587 0.018099 0.0300578 0.0437476 0.0559536 0.0633858 0.0644753 0.060211 0.0532721 0.0462215 0.0402331 0.035114 0.0301719
 1.04102e-16 7.1453e-05 0.000694548 0.00461552 0.0209815 0.0652812 0.139089 0.203005 0.203011 0.139117 0.0653761 0.0212564 0.00530909 0.00222025 0.00300343 0.00494285 0.00732754 0.00966837 0.0115153 0.0126646 0.0132472 0.0135635 0.0138048 0.0139029 0.013612 0.0127195
 1.02154e-16 6.60211e-05 0.000641749 0.00426465 0.0193865 0.0603186 0.128516 0.187576 0.187593 0.128597 0.0605909 0.0201728 0.00623759 0.00494607 0.00823315 0.0134873 0.0193791 0.0242825 0.0265947 0.0255917 0.0218706 0.0169616 0.0124264 0.00913519 0.00713643 0.00599539
 1.06926e-16 1.70532e-05 0.000165763 0.00110156 0.00500756 0.0155807 0.0331986 0.0484672 0.0485287 0.0334988 0.0165887 0.00791989 0.00841509 0.0161417 0.0303886 0.0502896 0.0726216 0.0916904 0.101668 0.0998214 0.0880754 0.0715978 0.055608 0.0429396 0.033767 0.026901
 1.25589e-16 2.29356e-05 0.000222942 0.00148153 0.00673484 0.0209547 0.0446467 0.0651663 0.0651815 0.0447213 0.0212072 0.00747352 0.00337028 0.00446067 0.00840779 0.0147447 0.0233001 0.0336234 0.0451617 0.0575303 0.070369 0.0827814 0.0929406 0.0984582 0.0974527 0.0895856
 1.10365e-16 7.0019e-05 0.00068061 0.00452289 0.0205604 0.0639711 0.136297 0.198931 0.198935 0.136318 0.0640391 0.0207575 0.00502046 0.00177708 0.00218405 0.0035873 0.005379 0.0072567 0.00900217 0.0106146 0.0123415 0.0144926 0.0171522 0.0200066 0.0224171 0.0236863
pSPR Fmed_Fpbrs
0.395855   0.21672 0.21672
Fs Fmed_Fpbrs
0.552284   1.005 1.005
SSBpbr Bo_Bmed_Bpbrs
1.6414e+06  567687  273655 273655
Ro
78367.9
SPR SPRFo_SPRFmed_SPRFpbrs
558031 220900 120937
Fref
1.005
log_Ro
11.0892
likeval ReclasPelacesDesembMPH_pf_preclas_ppelaces_ptallas_desvR_qrecl_qpela
 18.2786 55.1086 0.0983144 0.00163256 260.121 121.036 90.099 0 65.9006 1.87098e-05 0 0.103623 0 0 0
q_reclas_q_pelaces
1.84585 1
M
1
N
 31055.4 35800.2 98740.2 12064.3 0.135482
 21258.7 9705.46 10673.2 29437.6 3596.78
 168135 5101.56 2058.53 2263.78 7006.58
 28968.5 40129.5 1074.49 433.566 1952.52
 11692.3 4183.33 4422.66 118.419 262.969
 304712 1385.53 357.307 377.748 32.5751
 22209 80942.5 334.989 86.3884 99.2065
 5909.98 3477.04 9899.72 40.971 22.6993
 19219.3 1618.26 874.192 2488.97 16.0079
 56518.4 1317.2 68.2392 36.8632 105.631
 54252.3 5159.21 80.3703 4.16367 8.69438
 121268 15663.8 1388.83 21.6352 3.46131
 84868.5 21192.2 2207.45 195.724 3.53678
 67993 15024.3 3036.78 316.322 28.5535
 47948.5 7044.53 1079.26 218.145 24.7738
 396371 5851.27 624.91 95.7397 21.549
 23053.9 91686 1183.62 126.409 23.7256
 623954 5805.99 20695.2 267.163 33.8881
 322958 170687 1457.94 5196.75 75.5967
 201029 78914.8 37055.7 316.514 1144.61
 375109 47967.2 16615.1 7801.85 307.631
 512948 100034 11656.1 4037.49 1970.62
 33590.8 129723 22701.2 2645.17 1363.45
 275667 9421.92 33642.8 5887.4 1039.61
 180840 81104.8 2598.69 9279.11 1910.56
 58369 52235.7 21845.5 699.953 3013.92
 234432 16913.5 14127.4 5908.21 1004.43
 303128 67711.6 4555.27 3804.88 1861.76
 29816 95339.9 20353.6 1369.28 1703.35
 15867.3 9314.75 28410.5 6065.22 915.621
 75116.4 4118.07 2185.61 6666.23 1637.98
pred_Ctot
 2993.65 4364.69 12038.2 1470.85 0.0165177
 4836.44 2715.65 2986.41 8236.81 1006.4
 38657 1441.81 581.784 639.791 1980.21
 11977 19516 522.55 210.854 949.558
 5474.37 2270.9 2400.82 64.283 142.751
 54966.6 310.589 80.0959 84.6782 7.30222
 8630.13 37232.8 154.091 39.7378 45.634
 978.395 717.599 2043.12 8.45566 4.68472
 11223.3 1060.45 572.861 1631.03 10.49
 29903.9 794.573 41.1638 22.2369 63.7193
 7526.19 897.32 13.9785 0.724171 1.51218
 42705.1 6589.15 584.227 9.1011 1.45604
 29505.2 8810.62 917.743 81.3717 1.47041
 34065.2 8649.6 1748.29 182.108 16.4384
 22084 3769.51 577.51 116.729 13.2564
 96564.2 1746.87 186.564 28.5827 6.43336
 4739.86 23297 300.751 32.12 6.02856
 103590 1201.55 4282.86 55.2894 7.01313
 70859.2 46142.6 394.131 1404.86 20.4364
 46244.5 22314.3 10478 89.4988 323.655
 66953.6 10643.9 3686.85 1731.22 68.2629
 104470 25190 2935.18 1016.7 496.23
 5156.44 24888.6 4355.44 507.503 261.591
 35534.6 1525.83 5448.26 953.432 168.359
 25045.5 14083.5 451.249 1611.27 331.759
 7987.75 8965.77 3749.58 120.141 517.312
 32475.4 2937.62 2453.71 1026.17 174.455
 28150.5 7958.64 535.415 447.216 218.826
 2880.13 11647.3 2486.51 167.279 208.091
 3038.82 2211.5 6745.2 1440 217.386
 16411.7 1108.8 588.478 1794.9 441.029
F
 0.163085 0.210221 0.210221 0.210221 0.210221
 0.42722 0.550698 0.550698 0.550698 0.550698
 0.432655 0.557703 0.557703 0.557703 0.557703
 0.935103 1.20537 1.20537 1.20537 1.20537
 1.13285 1.46027 1.46027 1.46027 1.46027
 0.325627 0.419741 0.419741 0.419741 0.419741
 0.854314 1.10123 1.10123 1.10123 1.10123
 0.295291 0.380638 0.380638 0.380638 0.380638
 1.68041 2.16609 2.16609 2.16609 2.16609
 1.39378 1.79662 1.79662 1.79662 1.79662
 0.242293 0.312322 0.312322 0.312322 0.312322
 0.74437 0.959512 0.959512 0.959512 0.959512
 0.731432 0.942835 0.942835 0.942835 0.942835
 1.26715 1.63339 1.63339 1.63339 1.63339
 1.10347 1.4224 1.4224 1.4224 1.4224
 0.463981 0.598084 0.598084 0.598084 0.598084
 0.378945 0.48847 0.48847 0.48847 0.48847
 0.296245 0.381868 0.381868 0.381868 0.381868
 0.409155 0.527411 0.527411 0.527411 0.527411
 0.432931 0.55806 0.55806 0.55806 0.55806
 0.321705 0.414686 0.414686 0.414686 0.414686
 0.374775 0.483095 0.483095 0.483095 0.483095
 0.271214 0.349601 0.349601 0.349601 0.349601
 0.22345 0.288033 0.288033 0.288033 0.288033
 0.241847 0.311747 0.311747 0.311747 0.311747
 0.23867 0.307652 0.307652 0.307652 0.307652
 0.24191 0.311829 0.311829 0.311829 0.311829
 0.156707 0.201999 0.201999 0.201999 0.201999
 0.163447 0.210688 0.210688 0.210688 0.210688
 0.348873 0.449706 0.449706 0.449706 0.449706
 0.407112 0.524777 0.524777 0.524777 0.524777
nmprior
 8 9 7.5 0
nm_flota  nm_reclas  nm_pelaces    nm_pelaL
inf 13.1534 6.61484 9.65212
cv_recla  cv_pelaces  cv_mph
0.38672 0.873523 1.24693
 ------------------------------------------------
Talla a la edad & desviación 
 8 13.2811 15.8009 17.003 17.5766
 0.8 1.32811 1.58009 1.7003 1.75766
