years
 1991 1992 1993 1994 1995 1996 1997 1998 1999 2000 2001 2002 2003 2004 2005 2006 2007 2008 2009 2010 2011 2012 2013 2014 2015 2016 2017 2018 2019 2020 2021
reclasobs
 0 0 0 0 0 0 0 0 0 252601 567819 844713 477998 351125 339783 2.1784e+06 2.13404e+06 4.81314e+06 1.55562e+06 2.62356e+06 3.21686e+06 3.843e+06 1.13348e+06 3.07943e+06 1.97215e+06 2.03268e+06 2.025e+06 2.42433e+06 2.27542e+06 1.05018e+06 2.36338e+06
reclaspred
 3.50605e+06 1.80636e+06 908421 804613 731265 2.18327e+06 1.08343e+06 809214 534330 281583 498735 773947 764591 539162 471370 1.52551e+06 1.06634e+06 3.63121e+06 2.76191e+06 1.93947e+06 3.24403e+06 2.76134e+06 1.8075e+06 3.1343e+06 2.23085e+06 1.84048e+06 2.35973e+06 2.79935e+06 2.06681e+06 971488 1.63848e+06
pelacesobs
 0 0 0 0 0 0 0 0 0 0 0 0 0 0 0 552880 188675 0 991730 2.46772e+06 1.41603e+06 1.21717e+06 2.29649e+06 1.80582e+06 0 1.4828e+06 1.56532e+06 1.57751e+06 1.42118e+06 867257 0
pelacespred
 2.39797e+06 1.24276e+06 566463 355506 397441 1.14841e+06 552965 578197 305765 122887 261618 339018 381138 248182 217738 614668 531892 1.87245e+06 1.55742e+06 977622 1.65692e+06 1.42713e+06 1.10443e+06 1.89922e+06 1.42079e+06 1.2049e+06 1.58245e+06 1.8593e+06 1.37826e+06 682591 902878
mphobs
 0 0 0 0 0 0 0 0 0 0 0 498337 0 5186 125008 0 168611 109162 213762 579715 649985 157893 87575 83554 0 0 0 0 0 0 0
mphpred
 570313 356800 157049 88717.6 75934.9 93275.2 230233 97013.2 78563.6 38388.6 18225.9 62755.1 69942.6 54153.1 28511.6 34126.5 165467 106551 374953 228241 236545 289314 289865 190807 326586 253139 188145 226540 367612 196917 76512.7
desembarqueobs
 494567 514787 250237 358949 120608 361735 552515 73892 212993 205616 52469 317467 293654 387597 252695 516296 358380 742168 942051 627588 828172 859565 418607 520667 417249 300574 407403 355545 319650 289779 219260
desembarquepred
 494537 514456 250182 358930 120602 361663 552290 73892.6 212996 205610 52468.3 317420 293564 387309 252570 516064 358375 741817 941334 627031 828124 859207 418506 520603 417126 300510 407310 355438 319548 289699 219252
Reclutas
 129646 88423.3 87610.9 89504.5 66642.5 223062 61367.6 21635.7 26826.6 36112.9 59336.9 109830 90762.7 67120.9 51038.8 278528 41418.6 469846 256715 215340 264836 398772 56211 201502 162155 64613.6 161880 188480 45200 31018.4 142237
log_desv_Rt
 0.267001 -0.11567 -0.124899 -0.103516 -0.398463 0.809644 -0.480922 -1.52346 -1.30841 -1.01116 -0.514573 0.101132 -0.0895567 -0.391309 -0.665219 1.03171 -0.874075 1.5546 0.950162 0.774412 0.981304 1.39059 -0.568692 0.707993 0.490751 -0.42938 0.489052 0.641189 -0.786707 -1.16322 0.359691
SSB
 1.14839e+06 718459 316237 178643 152904 187821 463601 195348 158197 77300 36700 126365 140838 109044 57411.5 68717.8 333187 214553 755012 459591 476311 582569 583677 384212 657620 509726 378852 456166 740232 396516 154067
BT
 1.73939e+06 1.19991e+06 555347 530137 359620 1.22075e+06 815931 439709 412859 283419 253141 518200 549616 595113 427949 931074 615913 2.20582e+06 1.97209e+06 1.20302e+06 1.9251e+06 1.78256e+06 1.03806e+06 1.93971e+06 1.28995e+06 1.02845e+06 1.59968e+06 1.73764e+06 1.05836e+06 675448 890458
Ftot
 0.365581 0.710634 0.709509 1.18576 0.465774 0.523401 1.20413 0.250674 1.0662 1.83301 0.346235 1.16305 1.08016 1.90049 1.56353 1.08529 0.848681 0.660879 0.919629 0.904281 0.737278 0.889342 0.592311 0.511356 0.511805 0.437862 0.52137 0.391111 0.386691 0.741762 0.429368
BD_Bspro_t
 0.943577 0.650065 0.389542 0.289483 0.241107 0.330239 0.46419 0.240009 0.262344 0.177831 0.123328 0.402085 0.299804 0.215445 0.122316 0.145851 0.334223 0.239455 0.447455 0.307118 0.274363 0.31353 0.335966 0.27988 0.430707 0.428368 0.414955 0.493832 0.592499 0.441454 0.309157
BD_Bspro
 1.62469 1.01644 0.447395 0.252735 0.21632 0.265719 0.655878 0.276368 0.223809 0.10936 0.0519212 0.178774 0.19925 0.154269 0.0812227 0.0972182 0.471375 0.303539 1.06815 0.650204 0.673859 0.824187 0.825755 0.543563 0.930366 0.721133 0.535979 0.64536 1.04724 0.56097 0.217966
BD_Bo
 0.973831 0.609249 0.268167 0.151489 0.129662 0.159271 0.393131 0.165654 0.13415 0.06555 0.0311214 0.107157 0.11943 0.0924686 0.0486847 0.0582723 0.282541 0.18194 0.640246 0.38973 0.403909 0.494015 0.494955 0.32581 0.557659 0.432245 0.321264 0.386827 0.627712 0.336244 0.130648
BD_Brms
 4.75679 2.97595 1.30989 0.739964 0.633347 0.777977 1.92029 0.809155 0.655272 0.320186 0.152016 0.523419 0.583368 0.451673 0.237806 0.284637 1.3801 0.888707 3.12735 1.90368 1.97294 2.41307 2.41766 1.59145 2.72395 2.11135 1.56925 1.8895 3.06613 1.64242 0.638167
Sel_flota
 0.626313 0.969554 0.99835 0.999913 0.999995
 0.626313 0.969554 0.99835 0.999913 0.999995
 0.626313 0.969554 0.99835 0.999913 0.999995
 0.626313 0.969554 0.99835 0.999913 0.999995
 0.626313 0.969554 0.99835 0.999913 0.999995
 0.626313 0.969554 0.99835 0.999913 0.999995
 0.626313 0.969554 0.99835 0.999913 0.999995
 0.626313 0.969554 0.99835 0.999913 0.999995
 0.626313 0.969554 0.99835 0.999913 0.999995
 0.626313 0.969554 0.99835 0.999913 0.999995
 0.626313 0.969554 0.99835 0.999913 0.999995
 0.626313 0.969554 0.99835 0.999913 0.999995
 0.626313 0.969554 0.99835 0.999913 0.999995
 0.626313 0.969554 0.99835 0.999913 0.999995
 0.626313 0.969554 0.99835 0.999913 0.999995
 0.626313 0.969554 0.99835 0.999913 0.999995
 0.626313 0.969554 0.99835 0.999913 0.999995
 0.626313 0.969554 0.99835 0.999913 0.999995
 0.626313 0.969554 0.99835 0.999913 0.999995
 0.626313 0.969554 0.99835 0.999913 0.999995
 0.626313 0.969554 0.99835 0.999913 0.999995
 0.626313 0.969554 0.99835 0.999913 0.999995
 0.626313 0.969554 0.99835 0.999913 0.999995
 0.626313 0.969554 0.99835 0.999913 0.999995
 0.626313 0.969554 0.99835 0.999913 0.999995
 0.626313 0.969554 0.99835 0.999913 0.999995
 0.626313 0.969554 0.99835 0.999913 0.999995
 0.626313 0.969554 0.99835 0.999913 0.999995
 0.626313 0.969554 0.99835 0.999913 0.999995
 0.626313 0.969554 0.99835 0.999913 0.999995
 0.626313 0.969554 0.99835 0.999913 0.999995
Sel_reclas
 0.918633 0.982705 0.996515 0.999306 0.999862
 0.918633 0.982705 0.996515 0.999306 0.999862
 0.918633 0.982705 0.996515 0.999306 0.999862
 0.918633 0.982705 0.996515 0.999306 0.999862
 0.918633 0.982705 0.996515 0.999306 0.999862
 0.918633 0.982705 0.996515 0.999306 0.999862
 0.918633 0.982705 0.996515 0.999306 0.999862
 0.918633 0.982705 0.996515 0.999306 0.999862
 0.918633 0.982705 0.996515 0.999306 0.999862
 0.918633 0.982705 0.996515 0.999306 0.999862
 0.918633 0.982705 0.996515 0.999306 0.999862
 0.918633 0.982705 0.996515 0.999306 0.999862
 0.918633 0.982705 0.996515 0.999306 0.999862
 0.918633 0.982705 0.996515 0.999306 0.999862
 0.918633 0.982705 0.996515 0.999306 0.999862
 0.918633 0.982705 0.996515 0.999306 0.999862
 0.918633 0.982705 0.996515 0.999306 0.999862
 0.918633 0.982705 0.996515 0.999306 0.999862
 0.918633 0.982705 0.996515 0.999306 0.999862
 0.918633 0.982705 0.996515 0.999306 0.999862
 0.918633 0.982705 0.996515 0.999306 0.999862
 0.918633 0.982705 0.996515 0.999306 0.999862
 0.918633 0.982705 0.996515 0.999306 0.999862
 0.918633 0.982705 0.996515 0.999306 0.999862
 0.918633 0.982705 0.996515 0.999306 0.999862
 0.918633 0.982705 0.996515 0.999306 0.999862
 0.918633 0.982705 0.996515 0.999306 0.999862
 0.918633 0.982705 0.996515 0.999306 0.999862
 0.918633 0.982705 0.996515 0.999306 0.999862
 0.918633 0.982705 0.996515 0.999306 0.999862
 0.918633 0.982705 0.996515 0.999306 0.999862
Sel_pelaces
 0.543214 0.856833 0.967866 0.993446 0.998691
 0.543214 0.856833 0.967866 0.993446 0.998691
 0.543214 0.856833 0.967866 0.993446 0.998691
 0.543214 0.856833 0.967866 0.993446 0.998691
 0.543214 0.856833 0.967866 0.993446 0.998691
 0.543214 0.856833 0.967866 0.993446 0.998691
 0.543214 0.856833 0.967866 0.993446 0.998691
 0.543214 0.856833 0.967866 0.993446 0.998691
 0.543214 0.856833 0.967866 0.993446 0.998691
 0.543214 0.856833 0.967866 0.993446 0.998691
 0.543214 0.856833 0.967866 0.993446 0.998691
 0.543214 0.856833 0.967866 0.993446 0.998691
 0.543214 0.856833 0.967866 0.993446 0.998691
 0.543214 0.856833 0.967866 0.993446 0.998691
 0.543214 0.856833 0.967866 0.993446 0.998691
 0.543214 0.856833 0.967866 0.993446 0.998691
 0.543214 0.856833 0.967866 0.993446 0.998691
 0.543214 0.856833 0.967866 0.993446 0.998691
 0.543214 0.856833 0.967866 0.993446 0.998691
 0.543214 0.856833 0.967866 0.993446 0.998691
 0.543214 0.856833 0.967866 0.993446 0.998691
 0.543214 0.856833 0.967866 0.993446 0.998691
 0.543214 0.856833 0.967866 0.993446 0.998691
 0.543214 0.856833 0.967866 0.993446 0.998691
 0.543214 0.856833 0.967866 0.993446 0.998691
 0.543214 0.856833 0.967866 0.993446 0.998691
 0.543214 0.856833 0.967866 0.993446 0.998691
 0.543214 0.856833 0.967866 0.993446 0.998691
 0.543214 0.856833 0.967866 0.993446 0.998691
 0.543214 0.856833 0.967866 0.993446 0.998691
 0.543214 0.856833 0.967866 0.993446 0.998691
pf_obs 
 0.8446 0.082 0.0669 0.0065 0
 0.8095 0.147 0.0364 0.0071 0
 0.9664 0.0169 0.016 0.0007 0
 0.9276 0.0648 0.0075 0.0001 0
 0.7033 0.2144 0.0806 0.0017 0
 0.9318 0.0425 0.0243 0.0014 0
 0.5671 0.3108 0.0964 0.0239 0.0018
 0.0768 0.2599 0.5324 0.112 0.0189
 0.490249 0.384438 0.106611 0.0170017 0.00170017
 0.7925 0.1577 0.0466 0.003 0.0002
 0.840416 0.127587 0.0312969 0.00059994 9.999e-05
 0.8084 0.0986 0.0794 0.0134 0.0002
 0.7335 0.1905 0.0724 0.0035 0.0001
 0.4001 0.4547 0.1325 0.0127 0
 0.49795 0.308269 0.164784 0.0264974 0.00249975
 0.9179 0.0499 0.0305 0.0017 0
 0.2467 0.6533 0.0926 0.0074 0
 0.9418 0.0223 0.034 0.0019 0
 0.707729 0.231977 0.0356964 0.0245975 0
 0.517169 0.277429 0.184464 0.0207286 0.00020938
 0.811772 0.124168 0.05621 0.00726502 0.000585176
 0.764997 0.148141 0.077277 0.00933861 0.000247198
 0.163321 0.427699 0.378323 0.0303852 0.000271297
 0.753843 0.0900009 0.118128 0.0371064 0.000921714
 0.721811 0.176058 0.0630433 0.0369309 0.00215725
 0.143369 0.312575 0.442814 0.0836902 0.0175525
 0.692698 0.0596174 0.167031 0.0765114 0.00414204
 0.394062 0.376323 0.152708 0.0712218 0.00568511
 0.125707 0.32114 0.495352 0.0537591 0.00404204
 0.23352 0.215282 0.420074 0.123614 0.00750983
 0 0 0 0 0
pf_pred 
 0.515712 0.175622 0.281261 0.0274043 9.6721e-07
 0.513638 0.311333 0.0648824 0.100383 0.00976298
 0.660536 0.222065 0.0762921 0.0152591 0.0258469
 0.714738 0.221804 0.0421122 0.0138827 0.00746281
 0.708977 0.242472 0.0381782 0.00688968 0.00348246
 0.871378 0.103332 0.0211986 0.00321883 0.000872747
 0.41596 0.53765 0.0375442 0.00741726 0.00142869
 0.443733 0.325696 0.213108 0.0141407 0.0033225
 0.620512 0.213993 0.098209 0.0621982 0.00508783
 0.810828 0.144459 0.0257602 0.0112592 0.00769372
 0.896648 0.0940585 0.00720723 0.00120399 0.000882649
 0.81256 0.17512 0.011247 0.000832682 0.000240624
 0.754239 0.220082 0.0240698 0.00146961 0.000139859
 0.72818 0.232919 0.0350117 0.00364562 0.000243124
 0.819221 0.156568 0.0209427 0.00294285 0.000325671
 0.96356 0.0331143 0.00290253 0.000365847 5.69139e-05
 0.359939 0.627812 0.01118 0.000933238 0.000135569
 0.949207 0.0257075 0.0246258 0.000419719 4.00301e-05
 0.612369 0.376332 0.00583232 0.00536664 9.99746e-05
 0.686279 0.233998 0.0775019 0.00114779 0.00107319
 0.770587 0.18429 0.0340375 0.0107772 0.000308077
 0.800838 0.170795 0.0229747 0.00406993 0.00132252
 0.291543 0.624456 0.0724919 0.00932562 0.00218352
 0.801936 0.0821495 0.102636 0.0114626 0.00181604
 0.645607 0.309909 0.0188551 0.0226982 0.0029307
 0.435607 0.426056 0.121545 0.00712548 0.00966595
 0.777441 0.125372 0.0740071 0.0203709 0.00280867
 0.719103 0.240679 0.0230285 0.0130964 0.00409363
 0.3142 0.554277 0.11326 0.0104659 0.00779769
 0.421112 0.249468 0.268021 0.0528867 0.00851187
 0.885367 0.0652237 0.0218031 0.0224706 0.00513601
pobs_RECLAS
 0 0 0 0 0
 0 0 0 0 0
 0 0 0 0 0
 0 0 0 0 0
 0 0 0 0 0
 0 0 0 0 0
 0 0 0 0 0
 0 0 0 0 0
 0 0 0 0 0
 0 0 0 0 0
 0.991045 0.00858322 0.000360255 1.14367e-05 0
 0.934742 0.0480273 0.0164251 0.00080598 0
 0.827803 0.169806 0.00239088 0 0
 0.941827 0.0461693 0.0120037 0 0
 0.791401 0.0380133 0.147996 0.0225897 0
 0.846168 0.0940531 0.0597789 0 0
 0.134021 0.677848 0.182769 0.00536245 0
 0.80878 0.0450904 0.141981 0.00414843 0
 0.846168 0.0940531 0.0597789 0 0
 0.905697 0.0802665 0.012482 0.00150086 5.37128e-05
 0.989698 0.0102097 9.19794e-05 0 0
 0.975433 0.0193895 0.00387452 0.00125025 5.28907e-05
 0.303575 0.632131 0.0575291 0.00676475 0
 0.966965 0.00978017 0.0227588 0.000495775 0
 0.843318 0.132988 0.00938335 0.0141283 0.000182051
 0.564624 0.303363 0.111486 0.0197234 0.00080311
 0.826376 0.0876187 0.0782897 0.00655872 0.00115652
 0.89761 0.0855135 0.0140674 0.00269457 0.000114338
 0.34875 0.467042 0.161289 0.0227151 0.000203297
 0.318654 0.224769 0.449479 0.00709798 0
 0.937255 0.0296025 0.0250945 0.00804832 0
ppred_RECLAS
 0.61206 0.142153 0.223941 0.0218449 7.71362e-07
 0.613243 0.249118 0.0509864 0.0789695 0.0076839
 0.744948 0.167858 0.056636 0.01134 0.0192173
 0.794911 0.160195 0.0297817 0.00982684 0.00528496
 0.782528 0.181691 0.0281289 0.00508198 0.00256995
 0.909423 0.0730087 0.0147231 0.00223811 0.000607121
 0.523824 0.439078 0.0300185 0.00593588 0.00114388
 0.539547 0.271376 0.17474 0.0116086 0.00272884
 0.715718 0.16169 0.0727199 0.0460997 0.00377271
 0.875294 0.09581 0.0166419 0.00727841 0.00497572
 0.927158 0.0663872 0.00500421 0.000836951 0.000613859
 0.869677 0.121922 0.00766858 0.000568276 0.000164293
 0.824543 0.157453 0.0168739 0.00103125 9.81862e-05
 0.815003 0.159124 0.0232843 0.00242595 0.000161856
 0.878327 0.105712 0.0138055 0.00194141 0.000214943
 0.9759 0.0219404 0.00188438 0.000237743 3.7002e-05
 0.458398 0.531427 0.00928678 0.000776012 0.000112781
 0.965576 0.0175756 0.0165388 0.000282194 2.69264e-05
 0.704922 0.286633 0.00435734 0.0040135 7.48017e-05
 0.76846 0.173537 0.0563845 0.000835894 0.000781929
 0.834362 0.133527 0.0242164 0.00767583 0.000219523
 0.858789 0.121421 0.0160242 0.00284157 0.000923794
 0.379372 0.548156 0.0625321 0.00805332 0.00188651
 0.857885 0.0595297 0.0731151 0.0081749 0.00129577
 0.729356 0.237157 0.0141842 0.0170947 0.00220824
 0.532704 0.354187 0.0993626 0.00583175 0.00791468
 0.83864 0.0915655 0.0531327 0.0146417 0.00201969
 0.7902 0.180171 0.0169557 0.00965399 0.00301904
 0.402803 0.484173 0.0973106 0.00900259 0.00671058
 0.523483 0.207463 0.218861 0.0432326 0.00696132
 0.919585 0.0460702 0.0151449 0.0156266 0.00357338
pobs_PELACES
 0 0 0 0 0
 0 0 0 0 0
 0 0 0 0 0
 0 0 0 0 0
 0 0 0 0 0
 0 0 0 0 0
 0 0 0 0 0
 0 0 0 0 0
 0 0 0 0 0
 0 0 0 0 0
 0 0 0 0 0
 0 0 0 0 0
 0 0 0 0 0
 0 0 0 0 0
 0 0 0 0 0
 0 0 0 0 0
 0.505614 0.472636 0.0217494 0 0
 0 0 0 0 0
 0.443492 0.261883 0.143347 0.151278 0
 0.227955 0.32914 0.350689 0.0885471 0.00366901
 0.970185 0.0296113 0.000203453 0 0
 0.997202 0.00247181 0.000326279 0 0
 0.445219 0.490057 0.0546422 0.010081 0
 0.90214 0.0892962 0.00764917 0.000914606 0
 0 0 0 0 0
 0.581667 0.319106 0.0959925 0.00289975 0.000334073
 0.762889 0.0836404 0.116647 0.0363945 0.000428098
 0.88444 0.0763242 0.0277011 0.0115352 0
 0.521256 0.241999 0.230069 0.00667565 0
 0.616807 0.101726 0.260614 0.0208532 0
 0 0 0 0 0
ppred_PELACES
 0.510072 0.167592 0.293077 0.0292571 1.03796e-06
 0.527556 0.29156 0.0660242 0.104632 0.0102287
 0.673664 0.206539 0.0771049 0.0157964 0.0268952
 0.7459 0.193788 0.0396817 0.0133938 0.00723706
 0.716298 0.232626 0.0399405 0.00738422 0.00375176
 0.876093 0.0977363 0.0218463 0.00339827 0.000926171
 0.458892 0.494855 0.0372576 0.00753625 0.00145908
 0.438589 0.316164 0.226233 0.0153816 0.00363282
 0.647511 0.191154 0.0948007 0.0614798 0.00505499
 0.851147 0.111618 0.0212236 0.00949203 0.00651932
 0.898844 0.0912489 0.00763673 0.0013071 0.000963206
 0.836832 0.151633 0.0105072 0.000796496 0.000231353
 0.780886 0.194552 0.0229879 0.0014372 0.00013748
 0.785228 0.182276 0.0291789 0.00310869 0.000208376
 0.852243 0.126695 0.0181592 0.00261171 0.000290508
 0.968518 0.0283925 0.00268848 0.00034699 5.42584e-05
 0.386749 0.600519 0.0115959 0.000991361 0.000144756
 0.951167 0.0236873 0.024674 0.000430774 4.12969e-05
 0.64184 0.346751 0.00582071 0.00548513 0.000102709
 0.708424 0.212924 0.0764044 0.00115884 0.00108911
 0.784228 0.170229 0.0341499 0.0110753 0.000318233
 0.817937 0.154179 0.0224747 0.00407748 0.00133181
 0.304415 0.606474 0.0766346 0.010099 0.00237684
 0.802914 0.0775289 0.105557 0.012077 0.00192329
 0.656067 0.296832 0.0196801 0.0242708 0.00314997
 0.441603 0.411986 0.128211 0.00770046 0.0105001
 0.780819 0.118496 0.076215 0.0214915 0.00297851
 0.724144 0.232905 0.024325 0.0141733 0.00445321
 0.318729 0.540694 0.120607 0.0114185 0.00855149
 0.432637 0.232443 0.271233 0.0548193 0.0088685
 0.885468 0.0623052 0.0227225 0.0239924 0.00551224
pobs_pel_tallas
 0 0 0 0 0 0 0 0 0 0 0 0 0 0 0 0 0 0 0 0 0 0 0 0 0 0
 0 0 0 0 0 0 0 0 0 0 0 0 0 0 0 0 0 0 0 0 0 0 0 0 0 0
 0 0 0 0 0 0 0 0 0 0 0 0 0 0 0 0 0 0 0 0 0 0 0 0 0 0
 0 0 0 0 0 0 0 0 0 0 0 0 0 0 0 0 0 0 0 0 0 0 0 0 0 0
 0 0 0 0 0 0 0 0 0 0 0 0 0 0 0 0 0 0 0 0 0 0 0 0 0 0
 0 0 0 0 0 0 0 0 0 0 0 0 0 0 0 0 0 0 0 0 0 0 0 0 0 0
 0 0 0 0 0 0 0 0 0 0 0 0 0 0 0 0 0 0 0 0 0 0 0 0 0 0
 0 0 0 0 0 0 0 0 0 0 0 0 0 0 0 0 0 0 0 0 0 0 0 0 0 0
 0 0 0 0 0 0 0 0 0 0 0 0 0 0 0 0 0 0 0 0 0 0 0 0 0 0
 0 0 0 0 0 0 0 0 0 0 0 0 0 0 0 0 0 0 0 0 0 0 0 0 0 0
 0 0 0 0 0 0 0 0 0 0 0 0 0 0 0 0 0 0 0 0 0 0 0 0 0 0
 0 0 0 0 0 0 0 0 0 0 0 0 0 0 0 0 0 0 0 0 0 0 0 0 0 0
 0.00862536 0 0 0.000197151 0.00414017 0.0128641 0.00837892 0.0270097 0.101434 0.158115 0.152841 0.127902 0.109271 0.109419 0.0830992 0.0579132 0.0238553 0.00714673 0.00463305 0.00128148 0.00103504 0.000492878 0.000147863 0.000147863 4.92878e-05 0
 0 0 0 0 0 0 0 0 0 0 0 0 0 0 0 0 0 0 0 0 0 0 0 0 0 0
 0 0 0 0 0 0 0 0.0054083 0.00873648 0.0413646 0.0450493 0.0745869 0.0622846 0.0627006 0.0613931 0.0827291 0.12552 0.122667 0.0946155 0.0697135 0.0546179 0.0294188 0.0215738 0.0213955 0.0102223 0.00600262
 0 0 0 0 0.00359764 0.0251062 0.0480494 0.140153 0.205849 0.193036 0.1447 0.116669 0.0760912 0.0342217 0.00950174 0.001854 0.000860785 0 0 0 0.000165536 0 0.000143464 0 0 0
 0 0 0 0 0 0 0 0.000145254 0.000435761 0.0275982 0.070085 0.0708112 0.156366 0.174668 0.174014 0.160142 0.0824315 0.0480064 0.0283245 0.00493863 0.00203355 0 0 0 0 0
 0 0 0 0 0 0 0 0 0 0 0 0 0 0 0 0 0 0 0 0 0 0 0 0 0 0
 0 0 1.00437e-05 0.000401748 0.00122533 0.00171747 0.00176769 0.0269171 0.070346 0.194647 0.189555 0.159765 0.064822 0.0314167 0.0384472 0.0292271 0.0345202 0.0313363 0.0194345 0.0106764 0.0143323 0.0359363 0.0279516 0.0138201 0.00172751 0
 0 0.0021121 0.0136068 0.0755702 0.200478 0.177729 0.0527432 0.0373336 0.0318909 0.0142505 0.0149659 0.0166563 0.0217959 0.0798694 0.0677717 0.0528807 0.04013 0.0224614 0.0357745 0.0225083 0.00881397 0.00855152 0.00135912 0.000746735 0 0
 0 0 0 0 5.4009e-05 0.00500934 0.000945158 0.0243581 0.138947 0.33067 0.221406 0.137944 0.0707744 0.0437923 0.0131692 0.00525238 0.0047753 0.00276346 9.45158e-05 9.00151e-06 2.25038e-05 9.00151e-06 4.50075e-06 0 0 0
 0.000866109 0.00284123 0.00948549 0.0512746 0.133035 0.25785 0.225252 0.132002 0.0553304 0.0519788 0.0540692 0.017754 0.00435017 0.00159236 0.00146478 0.000404838 0.000125132 0.000115318 0.000107957 0.000100596 0 0 0 0 0 0
 0 0 0 0 0.00144013 0.00171154 0.00461396 0.0210425 0.0478622 0.0707936 0.0888783 0.103762 0.0637923 0.0337046 0.0602308 0.124433 0.169614 0.0934646 0.0462172 0.0250306 0.0313229 0.00938855 0.002487 0.000210481 0 0
 0 0.00764035 0.051015 0.0998891 0.058973 0.0496711 0.0374665 0.0718981 0.12319 0.153886 0.159021 0.0857701 0.0377988 0.023471 0.0147837 0.00900784 0.00315554 0.000888139 0.00291439 0.00214683 0.00393193 0.00274676 0.000635225 9.99891e-05 0 0
 0 0 0 0 0 0 0 0 0 0 0 0 0 0 0 0 0 0 0 0 0 0 0 0 0 0
 0 0 0 0 0 0 0 0 0 0 0 0 0 0 0 0 0 0 0 0 0 0 0 0 0 0
 0 0 0 0 0 0 0 0 0 0 0 0 0 0 0 0 0 0 0 0 0 0 0 0 0 0
 0 0 0 0 0 0 0 0 0 0 0 0 0 0 0 0 0 0 0 0 0 0 0 0 0 0
 0 0 0 0 0 0 0 0 0 0 0 0 0 0 0 0 0 0 0 0 0 0 0 0 0 0
 0 0 0 0 0 0 0 0 0 0 0 0 0 0 0 0 0 0 0 0 0 0 0 0 0 0
 0 0 0 0 0 0 0 0 0 0 0 0 0 0 0 0 0 0 0 0 0 0 0 0 0 0
ppred_pel_tallas
 1.11435e-16 4.2014e-05 0.000408391 0.0027139 0.012337 0.0383851 0.0817842 0.11937 0.119387 0.0818654 0.038659 0.0131334 0.0047334 0.00488433 0.00873976 0.0148955 0.0226475 0.0309634 0.0387294 0.0452943 0.0505971 0.0547001 0.0572109 0.0572325 0.0539506 0.0473363
 1.14204e-16 4.34541e-05 0.00042239 0.00280693 0.0127599 0.039701 0.0845881 0.123465 0.123493 0.0847259 0.0401636 0.0140971 0.00616768 0.00777304 0.0140469 0.0232723 0.0338148 0.0431822 0.0489045 0.049953 0.0473786 0.0435448 0.0405606 0.0391326 0.0385409 0.0374621
 1.08414e-16 5.54889e-05 0.000539372 0.00358431 0.0162938 0.0506961 0.108014 0.157654 0.157674 0.108112 0.0510245 0.0172432 0.0059715 0.00576426 0.0100189 0.0165825 0.0241363 0.0308937 0.0350724 0.0358672 0.0339043 0.0307379 0.0278097 0.0257041 0.024144 0.0225022
 1.03763e-16 6.14388e-05 0.000597207 0.00396865 0.0180409 0.0561321 0.119596 0.174558 0.174577 0.119688 0.0564391 0.0189277 0.00619571 0.00546271 0.00931329 0.0153298 0.0221494 0.0280087 0.0311538 0.0307829 0.0275133 0.0229341 0.0186183 0.0153681 0.0131368 0.0114476
 1.02588e-16 5.90005e-05 0.000573506 0.00381115 0.017325 0.0539045 0.11485 0.167632 0.167654 0.11496 0.0542726 0.0183883 0.00648073 0.00640298 0.0111354 0.018329 0.0264289 0.0332992 0.0367999 0.0359382 0.0314467 0.0252621 0.0193458 0.0147689 0.011593 0.00933989
 1.01154e-16 7.21626e-05 0.000701447 0.00466136 0.0211899 0.0659296 0.14047 0.205023 0.205032 0.140516 0.0660844 0.0216372 0.00578476 0.00315581 0.00473916 0.00773543 0.0111705 0.0141181 0.015683 0.0154476 0.0137065 0.0112469 0.00885855 0.00696234 0.00557273 0.00450139
 1.02205e-16 3.77985e-05 0.000367414 0.0024416 0.0110992 0.034534 0.07358 0.107402 0.10745 0.0738128 0.0353154 0.0133554 0.00810237 0.0127161 0.023464 0.0386621 0.0555287 0.0694865 0.0758919 0.0725983 0.0612461 0.0461828 0.0319166 0.0210704 0.0140042 0.00973453
 1.08767e-16 3.6126e-05 0.000351158 0.00233357 0.0106081 0.0330059 0.0703236 0.102646 0.102677 0.070474 0.0335117 0.0120727 0.00602349 0.00845085 0.0155492 0.0259873 0.0382177 0.0496888 0.0577545 0.0610865 0.0602811 0.0571034 0.0530703 0.0486079 0.0433162 0.0368235
 1.09806e-16 5.33346e-05 0.000518432 0.00344516 0.0156612 0.0487279 0.103821 0.151533 0.151552 0.103911 0.0490328 0.0165435 0.00566615 0.00538799 0.00936433 0.0155636 0.0228123 0.0295389 0.0341816 0.0360513 0.0356999 0.0344143 0.0332555 0.03243 0.0313945 0.0294399
 1.02697e-16 7.01078e-05 0.000681473 0.00452863 0.0205865 0.0640523 0.136471 0.199185 0.199196 0.136523 0.064229 0.0210972 0.00581109 0.00348316 0.00539726 0.00882867 0.0127523 0.0161265 0.0179438 0.0177514 0.0159173 0.0133695 0.0110202 0.00932395 0.00822951 0.00742551
 1.00538e-16 7.40366e-05 0.000719662 0.00478241 0.0217401 0.0676417 0.144118 0.210346 0.210355 0.144161 0.0677858 0.0221563 0.00582653 0.00299757 0.00439602 0.00713933 0.0102514 0.0128367 0.0140369 0.0134576 0.0114009 0.00866605 0.00607934 0.00411827 0.00284338 0.00206912
 1.00462e-16 6.89287e-05 0.000670012 0.00445247 0.0202403 0.0629751 0.134176 0.195836 0.195851 0.134247 0.0632145 0.0209315 0.00618656 0.00445249 0.00724345 0.0118418 0.0169952 0.0212514 0.0231796 0.0221179 0.0185682 0.0138667 0.00940473 0.00600025 0.00377883 0.00245052
 1.00881e-16 6.43206e-05 0.000625219 0.0041548 0.0188871 0.058765 0.125206 0.182745 0.182764 0.125297 0.0590724 0.019775 0.00638313 0.00548808 0.00929496 0.0152517 0.0219329 0.0275121 0.0301695 0.0290573 0.0247972 0.0190556 0.0135537 0.0092837 0.00637961 0.00448457
 1.01236e-16 6.46783e-05 0.000628696 0.00417791 0.0189922 0.0590918 0.125902 0.183761 0.183779 0.125988 0.0593801 0.019825 0.00626852 0.00519303 0.00873456 0.0143409 0.0206589 0.0259901 0.0286438 0.02783 0.0241166 0.0190265 0.0141175 0.0102644 0.00755888 0.00566646
 1.00868e-16 7.01982e-05 0.000682351 0.00453446 0.020613 0.0641348 0.136646 0.199442 0.199454 0.136706 0.0643352 0.0211917 0.00598689 0.0038529 0.00609123 0.00995769 0.0143341 0.0180168 0.0198268 0.0192162 0.0165859 0.0130052 0.00956988 0.00689747 0.00505289 0.00379529
 1.00129e-16 7.97755e-05 0.000775447 0.00515312 0.0234253 0.0728849 0.155289 0.226649 0.226652 0.155302 0.0729297 0.0235548 0.00547809 0.00148449 0.00142524 0.00222692 0.00319303 0.00399977 0.00437661 0.00419996 0.00356241 0.00271057 0.00189969 0.00127759 0.000864322 0.00060532
 1.00613e-16 3.18562e-05 0.000309653 0.00205776 0.0093543 0.029105 0.0620134 0.0905225 0.0905803 0.0622956 0.0300521 0.0120882 0.00891441 0.0152581 0.0283638 0.0466884 0.0668956 0.0833689 0.0904067 0.0853806 0.0703429 0.0507351 0.0322706 0.0183789 0.00965749 0.00492765
 1.00769e-16 7.83463e-05 0.000761554 0.0050608 0.0230056 0.0715791 0.152507 0.222589 0.222591 0.152518 0.0716173 0.0231162 0.00533992 0.00137603 0.00126037 0.00199861 0.00296162 0.00391055 0.00465217 0.00508525 0.00523456 0.00519299 0.00502508 0.00472227 0.0042412 0.00357508
 1.00825e-16 5.28676e-05 0.000513892 0.00341499 0.0155241 0.0483014 0.102912 0.150211 0.150244 0.103075 0.0488483 0.0171028 0.00737431 0.00914593 0.0164139 0.0269659 0.0386392 0.0481681 0.0522664 0.0494264 0.0408434 0.0296643 0.0191812 0.0113524 0.00648809 0.00386961
 1.0256e-16 5.83519e-05 0.000567202 0.00376926 0.0171345 0.0533119 0.113587 0.165788 0.165809 0.113688 0.0536501 0.018112 0.00622629 0.00594165 0.0102966 0.0170105 0.0246836 0.0314198 0.035304 0.0354134 0.0323096 0.0275603 0.0227122 0.0185508 0.015085 0.0120099
 1.02194e-16 6.45959e-05 0.000627895 0.00417258 0.018968 0.0590165 0.125741 0.183527 0.183543 0.125822 0.059286 0.0197467 0.00612825 0.00489995 0.00818631 0.0134532 0.0194248 0.0245349 0.0272298 0.0267899 0.023743 0.0194773 0.0153813 0.0121863 0.0098972 0.00815259
 1.01323e-16 6.73724e-05 0.000654884 0.00435194 0.0197833 0.0615532 0.131146 0.191415 0.19143 0.131219 0.061797 0.0204875 0.0061197 0.00451401 0.00739671 0.0121219 0.017456 0.0219511 0.0241779 0.0234737 0.0203291 0.0160459 0.0119522 0.00878964 0.00662304 0.00514469
 1.03782e-16 2.50744e-05 0.000243732 0.00161969 0.00736291 0.0229091 0.0488123 0.0712553 0.0713137 0.0490979 0.0238677 0.0101316 0.00856844 0.0154097 0.0288183 0.0475766 0.0684698 0.0859632 0.0944149 0.0911997 0.078258 0.0607633 0.0440341 0.0310971 0.0223018 0.0164862
 1.04603e-16 6.6135e-05 0.000642856 0.004272 0.0194199 0.0604226 0.128737 0.187897 0.187905 0.128774 0.0605483 0.0197849 0.0051955 0.0026827 0.00400999 0.00670665 0.0100785 0.0135565 0.0165792 0.0188441 0.020396 0.0214182 0.0219309 0.0216969 0.020417 0.0180184
 1.03611e-16 5.40394e-05 0.000525282 0.00349069 0.0158682 0.0493719 0.105193 0.153539 0.153567 0.105333 0.0498407 0.0172218 0.00688724 0.00793573 0.0141157 0.02322 0.0333757 0.0418359 0.04585 0.0441769 0.0378449 0.0294809 0.0217559 0.0161431 0.0127019 0.0106717
 1.06355e-16 3.63743e-05 0.000353571 0.00234961 0.010681 0.0332328 0.0708074 0.103354 0.103394 0.071002 0.0338865 0.0125705 0.00709768 0.0107355 0.0198027 0.032808 0.0475533 0.0604112 0.0676763 0.0675927 0.0613232 0.0520154 0.0427771 0.0351872 0.0292191 0.0241334
 1.0489e-16 6.4315e-05 0.000625165 0.00415444 0.0188855 0.0587599 0.125195 0.182727 0.182739 0.125251 0.0589493 0.0194339 0.00553589 0.00365686 0.00586909 0.00972438 0.0142916 0.0185808 0.0216166 0.0229373 0.0228165 0.0219627 0.0209609 0.0199292 0.0186113 0.0167224
 1.02937e-16 5.96468e-05 0.000579788 0.0038529 0.0175147 0.054495 0.116108 0.169468 0.16949 0.116218 0.054863 0.0185778 0.00652076 0.00640229 0.0111135 0.0182683 0.0262881 0.0330157 0.0362989 0.0351588 0.0303785 0.0239774 0.0180054 0.0135869 0.0107692 0.00898957
 1.06211e-16 2.62534e-05 0.000255192 0.00169584 0.00770909 0.0239861 0.0511069 0.074603 0.0746551 0.0513619 0.0248425 0.0101835 0.00791011 0.0138314 0.02584 0.0427553 0.0617679 0.0780446 0.0866475 0.0852595 0.0755076 0.0617533 0.0483865 0.0377671 0.0300091 0.0240946
 1.14886e-16 3.56358e-05 0.000346392 0.0023019 0.0104641 0.0325579 0.0693688 0.101251 0.101273 0.0694804 0.0329335 0.011554 0.00505647 0.00642178 0.0117564 0.0198566 0.029717 0.0397079 0.0481285 0.0541163 0.0579498 0.0604132 0.061818 0.0616054 0.0588368 0.0530493
 1.04011e-16 7.29348e-05 0.000708952 0.00471124 0.0214166 0.066635 0.141973 0.207215 0.207221 0.142003 0.0667342 0.0217034 0.00543282 0.00228958 0.00309116 0.00503896 0.00735884 0.00948865 0.0109179 0.0114383 0.0112651 0.0108662 0.0106312 0.0106415 0.0106867 0.0104579
pSPR Fmed_Fpbrs
0.356872   0.254725 0.254725
Fs Fmed_Fpbrs
0.708549   1.005 1.005
SSBpbr Bo_Bmed_Bpbrs
1.17925e+06  361880  241422 241422
Ro
99266.2
SPR SPRFo_SPRFmed_SPRFpbrs
706840 252252 180050
Fref
1.005
log_Ro
11.3256
likeval ReclasPelacesDesembMPH_pf_preclas_ppelaces_ptallas_desvR_qrecl_qpela
 12.2364 15.9075 0.0204502 0.000833481 235.06 119.045 86.1867 0 27.4118 4.37359e-05 0.000122017 0.0104693 0 0 0
q_reclas_q_pelaces
2.55265 4.81401
M
1
N
 129646 29970 46804.8 4554.25 0.160727
 88423.3 37933.6 7734.94 11953.3 1162.47
 87610.9 20843.8 7006.51 1399.74 2370.83
 89504.5 20666.9 3854.15 1269.35 682.319
 66642.5 15668.2 2408.18 434.025 219.367
 223062 18313.2 3669.44 556.475 150.872
 61367.6 59124 4055.83 800.516 154.185
 21635.7 10619.8 6767.72 448.436 105.357
 26826.6 6802.88 3063.86 1938.48 158.56
 36112.9 5061.27 890.125 388.771 265.647
 59336.9 4214.84 314.873 52.5296 38.5067
 109830 17573.3 1108.4 81.9826 23.6897
 90762.7 19501.7 2093.3 127.682 12.1505
 67120.9 16974.8 2517.41 261.941 17.468
 51038.8 7509.68 989.162 138.883 15.3688
 278528 7052.1 606.692 76.3942 11.8838
 41418.6 51924.3 905.812 75.5292 10.9713
 469846 8954.8 8389.2 142.815 13.6199
 256715 114261 1735.74 1595.45 29.7199
 215340 53090.1 17233.5 254.952 238.369
 264836 44963.6 8127.41 2570.42 73.4733
 398772 61395.9 8093.19 1432.16 465.351
 56211 84047.7 9536.04 1225.26 286.866
 201502 14269.7 17411.1 1942.05 307.661
 162155 53813.7 3197.45 3844.31 496.33
 64613.6 43293.6 12052.9 705.67 957.2
 161880 18068.8 10417.4 2863.85 394.83
 188480 42962 4009.59 2277.24 711.765
 45200 54273.5 10816.9 998.225 743.681
 31018.4 13051.6 13723.6 2704.89 435.312
 142237 7170.73 2339.02 2407.48 550.23
pred_Ctot
 17086.8 5818.77 9318.85 907.97 0.032046
 20814.2 12616.2 2629.24 4067.85 395.626
 20595.9 6924.14 2378.83 475.788 805.922
 31466.3 9764.91 1853.99 611.185 328.55
 10914.6 3732.83 587.749 106.066 53.612
 40473.3 4799.52 984.62 149.506 40.5369
 21817.9 28200.8 1969.27 389.05 74.9376
 2012.76 1477.35 966.653 64.1416 15.0708
 8714.8 3005.42 1379.3 873.543 71.4562
 17048.2 3037.34 541.624 236.733 161.765
 7442.56 780.726 59.8231 9.99366 7.32636
 38068.2 8204.33 526.92 39.0109 11.2732
 29775.3 8688.25 950.209 58.0162 5.52125
 32395.2 10362.1 1557.6 162.186 10.8161
 21762.9 4159.28 556.35 78.1778 8.65155
 91699.2 3151.39 276.225 34.8166 5.41632
 11267 19652 349.959 29.2126 4.24362
 104095 2819.23 2700.61 46.0288 4.38993
 74419.3 45734.5 708.784 652.191 12.1496
 61604.3 21005 6957 103.032 96.3353
 64265.8 15369.5 2838.68 898.806 25.6932
 112590 24012.1 3230.02 572.193 185.933
 11348.9 24308.2 2821.9 363.019 84.9981
 35825.9 3669.97 4585.2 512.084 81.1302
 28852.5 13850 842.644 1014.39 130.975
 10017.2 9797.59 2795.07 163.858 222.279
 29272.9 4720.62 2786.58 767.024 105.754
 26406.6 8838.09 845.642 480.919 150.324
 6267.99 11057.3 2259.42 208.785 155.556
 7564.68 4481.34 4814.62 950.035 152.904
 21669.4 1596.36 533.632 549.97 125.704
F
 0.228968 0.35445 0.364978 0.365549 0.365579
 0.445079 0.688998 0.709461 0.710572 0.710631
 0.444374 0.687907 0.708338 0.709447 0.709506
 0.742657 1.14966 1.1838 1.18566 1.18575
 0.29172 0.451593 0.465006 0.465734 0.465772
 0.327813 0.507466 0.522538 0.523356 0.523399
 0.754164 1.16747 1.20215 1.20403 1.20413
 0.157 0.243042 0.25026 0.250652 0.250673
 0.667776 1.03374 1.06444 1.06611 1.0662
 1.14804 1.7772 1.82999 1.83285 1.833
 0.216851 0.335693 0.345663 0.346204 0.346233
 0.728433 1.12764 1.16113 1.16295 1.16305
 0.676517 1.04727 1.07838 1.08007 1.08015
 1.1903 1.84263 1.89736 1.90033 1.90048
 0.979259 1.51593 1.56095 1.56339 1.56352
 0.679733 1.05225 1.0835 1.0852 1.08529
 0.53154 0.822842 0.84728 0.848607 0.848677
 0.413917 0.640758 0.659788 0.660821 0.660876
 0.575975 0.89163 0.918111 0.919549 0.919625
 0.566363 0.876749 0.902789 0.904202 0.904277
 0.461767 0.714831 0.736062 0.737214 0.737275
 0.557006 0.862265 0.887874 0.889264 0.889338
 0.370972 0.574277 0.591334 0.592259 0.592308
 0.320269 0.495787 0.510512 0.511311 0.511353
 0.32055 0.496223 0.510961 0.511761 0.511803
 0.274238 0.42453 0.437139 0.437824 0.43786
 0.326541 0.505496 0.52051 0.521325 0.521368
 0.244958 0.379203 0.390466 0.391077 0.391109
 0.24219 0.374918 0.386053 0.386658 0.38669
 0.464575 0.719178 0.740538 0.741697 0.741758
 0.268919 0.416295 0.42866 0.429331 0.429366
nmprior
 8 9 7.5 0
nm_flota  nm_reclas  nm_pelaces    nm_pelaL
inf 19.6949 10.126 16.0889
cv_recla  cv_pelaces  cv_mph
0.316411 0.469316 0.89095
 ------------------------------------------------
Talla a la edad & desviación 
 8 13.2811 15.8009 17.003 17.5766
 0.8 1.32811 1.58009 1.7003 1.75766
