years
 1991 1992 1993 1994 1995 1996 1997 1998 1999 2000 2001 2002 2003 2004 2005 2006 2007 2008 2009 2010 2011 2012 2013 2014 2015 2016 2017 2018 2019 2020 2021
reclasobs
 0 0 0 0 0 0 0 0 0 252601 567819 844713 477998 351125 339783 2.1784e+06 2.13404e+06 4.81314e+06 1.55562e+06 2.62356e+06 3.21686e+06 3.843e+06 1.13348e+06 3.07943e+06 1.97215e+06 2.03268e+06 2.025e+06 2.42433e+06 2.27542e+06 1.05018e+06 2.36338e+06
reclaspred
 2.6891e+06 1.46655e+06 728950 566467 474669 1.01295e+06 516707 410347 317091 249889 407554 575028 561653 411666 401876 1.3236e+06 1.18056e+06 2.90197e+06 2.38053e+06 1.74154e+06 3.10638e+06 2.52482e+06 1.87701e+06 2.95845e+06 2.16547e+06 1.84284e+06 2.30182e+06 2.59511e+06 2.04992e+06 1.15027e+06 1.43166e+06
pelacesobs
 0 0 0 0 0 0 0 0 0 0 0 0 0 0 0 552880 188675 0 991730 2.46772e+06 1.41603e+06 1.21717e+06 2.29649e+06 1.80582e+06 0 1.4828e+06 1.56532e+06 1.57751e+06 1.42118e+06 867257 0
pelacespred
 1.2028e+06 717542 349956 215953 198507 440873 180969 204579 138108 103488 186769 223162 241991 182129 183978 520389 467133 1.34494e+06 1.12055e+06 757746 1.33295e+06 1.15413e+06 861339 1.5007e+06 1.0519e+06 894082 1.27874e+06 1.41693e+06 923564 593446 686559
mphobs
 0 0 0 0 0 0 0 0 0 0 0 498337 0 5186 125008 0 168611 109162 213762 579715 649985 157893 87575 83554 0 0 0 0 0 0 0
mphpred
 2.32383e+06 1.51775e+06 728804 386474 296271 302524 524973 243903 211144 143216 108259 276990 310659 251467 153322 194530 867025 740181 1.6452e+06 1.21656e+06 1.28088e+06 1.60891e+06 1.52594e+06 1.17086e+06 1.6802e+06 1.34515e+06 1.06219e+06 1.20871e+06 1.80287e+06 1.14575e+06 546710
desembarqueobs
 494567 514787 250237 358949 120608 361735 552515 73892 212993 205616 52469 317467 293654 387597 252695 516296 358380 742168 942051 627588 828172 859565 418607 520667 417249 300574 407403 355545 319650 289779 219260
desembarquepred
 494559 514304 250211 358979 120609 361689 552341 73893.6 212996 205613 52470.3 317478 293650 387506 252643 516180 358381 741994 941652 627327 828154 859436 418579 520659 417215 300550 407370 355505 319618 289761 219260
Reclutas
 161682 96984.7 93321.5 95485.2 77477.6 215866 69057.3 26172 34578.8 53325.4 98461.3 135216 108698 75396.8 70971.7 456190 70570.4 694568 383978 294980 442292 584939 97116.5 350965 278272 118066 301295 349943 75871.9 52972.7 228412
log_desv_Rt
 0.136425 -0.374651 -0.413154 -0.390234 -0.599215 0.425453 -0.714269 -1.68451 -1.40596 -0.972793 -0.359541 -0.0423331 -0.260631 -0.62644 -0.686924 1.1737 -0.692593 1.59409 1.00138 0.737703 1.14277 1.4223 -0.373293 0.911481 0.679395 -0.177963 0.758885 0.908567 -0.620158 -0.979428 0.481948
SSB
 2.32383e+06 1.51775e+06 728804 386474 296271 302524 524973 243903 211144 143216 108259 276990 310659 251467 153322 194530 867025 740181 1.6452e+06 1.21656e+06 1.28088e+06 1.60891e+06 1.52594e+06 1.17086e+06 1.6802e+06 1.34515e+06 1.06219e+06 1.20871e+06 1.80287e+06 1.14575e+06 546710
BT
 3.19706e+06 2.16325e+06 1.05284e+06 799979 556914 1.32996e+06 903117 538671 527363 433652 474974 777462 823274 821672 677942 1.61572e+06 1.3579e+06 3.76129e+06 3.48632e+06 2.31587e+06 3.74417e+06 3.46757e+06 2.35172e+06 3.94744e+06 2.81648e+06 2.33071e+06 3.36751e+06 3.62542e+06 2.39574e+06 1.65939e+06 1.78008e+06
Ftot
 0.185984 0.346477 0.34518 0.664796 0.276929 0.43292 1.02452 0.196543 0.735376 0.900732 0.163785 0.620877 0.578908 1.02148 0.748406 0.505593 0.313282 0.317974 0.430876 0.394326 0.303362 0.382174 0.228704 0.209263 0.207986 0.17299 0.209392 0.165038 0.155704 0.252991 0.18639
BD_Bspro_t
 0.970813 0.797524 0.602557 0.490896 0.406387 0.470502 0.51365 0.289456 0.329305 0.290114 0.289191 0.589946 0.483244 0.387878 0.271753 0.325406 0.567178 0.516136 0.642442 0.540682 0.508511 0.562362 0.579344 0.555448 0.670289 0.673621 0.673536 0.72486 0.783686 0.70001 0.614096
BD_Bspro
 2.31351 1.51101 0.725569 0.384758 0.294955 0.301181 0.522643 0.24282 0.210206 0.14258 0.107778 0.27576 0.30928 0.25035 0.152641 0.193667 0.863176 0.736894 1.6379 1.21116 1.2752 1.60177 1.51916 1.16566 1.67274 1.33917 1.05748 1.20335 1.79486 1.14066 0.544282
BD_Bo
 1.37965 0.901086 0.432689 0.229448 0.175895 0.179608 0.311675 0.144805 0.125355 0.0850269 0.0642732 0.164448 0.184438 0.149295 0.0910269 0.115492 0.514751 0.439443 0.976751 0.722269 0.760456 0.955207 0.905945 0.695136 0.997529 0.79861 0.630621 0.717611 1.07036 0.680229 0.32458
BD_Brms
 7.21218 4.71046 2.2619 1.19945 0.919498 0.938907 1.62929 0.756971 0.6553 0.444481 0.33599 0.859659 0.964154 0.780446 0.475846 0.603739 2.69088 2.29721 5.106 3.77568 3.97531 4.99338 4.73586 3.63385 5.21462 4.17476 3.2966 3.75133 5.59533 3.55592 1.69675
Sel_flota
 0.677948 0.975608 0.998686 0.999931 0.999996
 0.677948 0.975608 0.998686 0.999931 0.999996
 0.677948 0.975608 0.998686 0.999931 0.999996
 0.677948 0.975608 0.998686 0.999931 0.999996
 0.677948 0.975608 0.998686 0.999931 0.999996
 0.677948 0.975608 0.998686 0.999931 0.999996
 0.677948 0.975608 0.998686 0.999931 0.999996
 0.677948 0.975608 0.998686 0.999931 0.999996
 0.677948 0.975608 0.998686 0.999931 0.999996
 0.677948 0.975608 0.998686 0.999931 0.999996
 0.677948 0.975608 0.998686 0.999931 0.999996
 0.677948 0.975608 0.998686 0.999931 0.999996
 0.677948 0.975608 0.998686 0.999931 0.999996
 0.677948 0.975608 0.998686 0.999931 0.999996
 0.677948 0.975608 0.998686 0.999931 0.999996
 0.677948 0.975608 0.998686 0.999931 0.999996
 0.677948 0.975608 0.998686 0.999931 0.999996
 0.677948 0.975608 0.998686 0.999931 0.999996
 0.677948 0.975608 0.998686 0.999931 0.999996
 0.677948 0.975608 0.998686 0.999931 0.999996
 0.677948 0.975608 0.998686 0.999931 0.999996
 0.677948 0.975608 0.998686 0.999931 0.999996
 0.677948 0.975608 0.998686 0.999931 0.999996
 0.677948 0.975608 0.998686 0.999931 0.999996
 0.677948 0.975608 0.998686 0.999931 0.999996
 0.677948 0.975608 0.998686 0.999931 0.999996
 0.677948 0.975608 0.998686 0.999931 0.999996
 0.677948 0.975608 0.998686 0.999931 0.999996
 0.677948 0.975608 0.998686 0.999931 0.999996
 0.677948 0.975608 0.998686 0.999931 0.999996
 0.677948 0.975608 0.998686 0.999931 0.999996
Sel_reclas
 1 1 1 1 1
 1 1 1 1 1
 1 1 1 1 1
 1 1 1 1 1
 1 1 1 1 1
 1 1 1 1 1
 1 1 1 1 1
 1 1 1 1 1
 1 1 1 1 1
 1 1 1 1 1
 1 1 1 1 1
 1 1 1 1 1
 1 1 1 1 1
 1 1 1 1 1
 1 1 1 1 1
 1 1 1 1 1
 1 1 1 1 1
 1 1 1 1 1
 1 1 1 1 1
 1 1 1 1 1
 1 1 1 1 1
 1 1 1 1 1
 1 1 1 1 1
 1 1 1 1 1
 1 1 1 1 1
 1 1 1 1 1
 1 1 1 1 1
 1 1 1 1 1
 1 1 1 1 1
 1 1 1 1 1
 1 1 1 1 1
Sel_pelaces
 1 1 1 1 1
 1 1 1 1 1
 1 1 1 1 1
 1 1 1 1 1
 1 1 1 1 1
 1 1 1 1 1
 1 1 1 1 1
 1 1 1 1 1
 1 1 1 1 1
 1 1 1 1 1
 1 1 1 1 1
 1 1 1 1 1
 1 1 1 1 1
 1 1 1 1 1
 1 1 1 1 1
 1 1 1 1 1
 1 1 1 1 1
 1 1 1 1 1
 1 1 1 1 1
 1 1 1 1 1
 1 1 1 1 1
 1 1 1 1 1
 1 1 1 1 1
 1 1 1 1 1
 1 1 1 1 1
 1 1 1 1 1
 1 1 1 1 1
 1 1 1 1 1
 1 1 1 1 1
 1 1 1 1 1
 1 1 1 1 1
pf_obs 
 0.8446 0.082 0.0669 0.0065 0
 0.8095 0.147 0.0364 0.0071 0
 0.9664 0.0169 0.016 0.0007 0
 0.9276 0.0648 0.0075 0.0001 0
 0.7033 0.2144 0.0806 0.0017 0
 0.9318 0.0425 0.0243 0.0014 0
 0.5671 0.3108 0.0964 0.0239 0.0018
 0.0768 0.2599 0.5324 0.112 0.0189
 0.490249 0.384438 0.106611 0.0170017 0.00170017
 0.7925 0.1577 0.0466 0.003 0.0002
 0.840416 0.127587 0.0312969 0.00059994 9.999e-05
 0.8084 0.0986 0.0794 0.0134 0.0002
 0.7335 0.1905 0.0724 0.0035 0.0001
 0.4001 0.4547 0.1325 0.0127 0
 0.49795 0.308269 0.164784 0.0264974 0.00249975
 0.9179 0.0499 0.0305 0.0017 0
 0.2467 0.6533 0.0926 0.0074 0
 0.9418 0.0223 0.034 0.0019 0
 0.707729 0.231977 0.0356964 0.0245975 0
 0.517169 0.277429 0.184464 0.0207286 0.00020938
 0.811772 0.124168 0.05621 0.00726502 0.000585176
 0.764997 0.148141 0.077277 0.00933861 0.000247198
 0.163321 0.427699 0.378323 0.0303852 0.000271297
 0.753843 0.0900009 0.118128 0.0371064 0.000921714
 0.721811 0.176058 0.0630433 0.0369309 0.00215725
 0.143369 0.312575 0.442814 0.0836902 0.0175525
 0.692698 0.0596174 0.167031 0.0765114 0.00414204
 0.394062 0.376323 0.152708 0.0712218 0.00568511
 0.125707 0.32114 0.495352 0.0537591 0.00404204
 0.23352 0.215282 0.420074 0.123614 0.00750983
 0 0 0 0 0
pf_pred 
 0.426377 0.164091 0.379192 0.0303395 8.73781e-07
 0.412498 0.308094 0.0813595 0.183394 0.0146545
 0.55286 0.230914 0.114912 0.0295317 0.0717825
 0.632216 0.24031 0.0667215 0.0323094 0.0284432
 0.646272 0.259957 0.0619634 0.0166627 0.0151455
 0.83011 0.12432 0.0337252 0.00783088 0.00401413
 0.443594 0.491323 0.0479953 0.0126515 0.00443654
 0.459333 0.312851 0.202056 0.0190064 0.00675308
 0.632739 0.204576 0.0951383 0.059918 0.00762832
 0.796271 0.150699 0.0299843 0.013487 0.00955831
 0.850501 0.129808 0.0147033 0.00282289 0.00216537
 0.735066 0.236455 0.0248081 0.00274154 0.000928844
 0.668189 0.2705 0.0549046 0.00558225 0.000824494
 0.621986 0.287865 0.0739097 0.0145449 0.0016944
 0.740888 0.191951 0.051607 0.0127566 0.00279713
 0.946273 0.0442776 0.00706135 0.00183613 0.000552389
 0.291873 0.683173 0.0206719 0.00320082 0.00108096
 0.90092 0.03774 0.0592338 0.00174516 0.000360954
 0.559475 0.410783 0.0115179 0.0175997 0.000624871
 0.573225 0.281674 0.135569 0.00369462 0.00583705
 0.720611 0.187864 0.0609788 0.0285428 0.00200371
 0.718373 0.223862 0.0391846 0.0123856 0.00619557
 0.249222 0.596686 0.123186 0.0209747 0.00993116
 0.728735 0.0891469 0.145496 0.0292844 0.00733695
 0.585987 0.331114 0.0277102 0.0441034 0.0110858
 0.388839 0.412635 0.159594 0.0130251 0.0259065
 0.728302 0.131023 0.0957435 0.0361302 0.00880165
 0.673253 0.260986 0.0321318 0.0228978 0.0107312
 0.259326 0.555578 0.148586 0.0178512 0.0186581
 0.337898 0.223676 0.330876 0.0863586 0.0211909
 0.81081 0.0819913 0.0368429 0.0531154 0.0172409
pobs_RECLAS
 0 0 0 0 0
 0 0 0 0 0
 0 0 0 0 0
 0 0 0 0 0
 0 0 0 0 0
 0 0 0 0 0
 0 0 0 0 0
 0 0 0 0 0
 0 0 0 0 0
 0 0 0 0 0
 0.991045 0.00858322 0.000360255 1.14367e-05 0
 0.934742 0.0480273 0.0164251 0.00080598 0
 0.827803 0.169806 0.00239088 0 0
 0.941827 0.0461693 0.0120037 0 0
 0.791401 0.0380133 0.147996 0.0225897 0
 0.846168 0.0940531 0.0597789 0 0
 0.134021 0.677848 0.182769 0.00536245 0
 0.80878 0.0450904 0.141981 0.00414843 0
 0.846168 0.0940531 0.0597789 0 0
 0.905697 0.0802665 0.012482 0.00150086 5.37128e-05
 0.989698 0.0102097 9.19794e-05 0 0
 0.975433 0.0193895 0.00387452 0.00125025 5.28907e-05
 0.303575 0.632131 0.0575291 0.00676475 0
 0.966965 0.00978017 0.0227588 0.000495775 0
 0.843318 0.132988 0.00938335 0.0141283 0.000182051
 0.564624 0.303363 0.111486 0.0197234 0.00080311
 0.826376 0.0876187 0.0782897 0.00655872 0.00115652
 0.89761 0.0855135 0.0140674 0.00269457 0.000114338
 0.34875 0.467042 0.161289 0.0227151 0.000203297
 0.318654 0.224769 0.449479 0.00709798 0
 0.937255 0.0296025 0.0250945 0.00804832 0
ppred_RECLAS
 0.522371 0.138973 0.313596 0.0250593 7.21663e-07
 0.508248 0.260966 0.0672633 0.151423 0.012099
 0.645402 0.185325 0.0900156 0.0231037 0.0561541
 0.718952 0.185289 0.0501546 0.0242541 0.0213503
 0.727376 0.201646 0.0469226 0.0126019 0.0114537
 0.877736 0.0900623 0.0238399 0.00552832 0.00283363
 0.546127 0.402058 0.0382254 0.0100616 0.00352806
 0.553923 0.26072 0.164423 0.0154468 0.00548797
 0.720646 0.157418 0.0713494 0.0448741 0.00571264
 0.854613 0.108297 0.0209847 0.00942561 0.00667949
 0.891888 0.0941664 0.010416 0.00199724 0.00153193
 0.803708 0.175666 0.0179711 0.00198332 0.000671908
 0.748212 0.206211 0.0408198 0.00414467 0.000612122
 0.713552 0.219548 0.054863 0.010781 0.00125583
 0.810012 0.14169 0.037125 0.00916425 0.00200929
 0.962823 0.0307723 0.00478739 0.0012432 0.000373983
 0.374741 0.603738 0.0178325 0.00275761 0.000931215
 0.93061 0.0268281 0.0411021 0.0012094 0.000250125
 0.649941 0.326977 0.00894595 0.0136518 0.000484671
 0.663711 0.223794 0.105115 0.00286094 0.00451962
 0.790614 0.14192 0.0449682 0.0210215 0.00147562
 0.788775 0.168747 0.0288266 0.00909977 0.00455161
 0.325794 0.538468 0.108541 0.0184576 0.00873877
 0.798071 0.0674394 0.107473 0.0216039 0.0054123
 0.673091 0.262734 0.0214694 0.0341273 0.00857761
 0.481092 0.35307 0.13335 0.0108695 0.0216176
 0.797131 0.0990603 0.0706809 0.0266386 0.00648897
 0.749575 0.201 0.024166 0.0171994 0.00806009
 0.337316 0.500038 0.130598 0.0156703 0.0163775
 0.429165 0.195958 0.283007 0.0737703 0.0181007
 0.862756 0.0603102 0.0264632 0.038103 0.0123671
pobs_PELACES
 0 0 0 0 0
 0 0 0 0 0
 0 0 0 0 0
 0 0 0 0 0
 0 0 0 0 0
 0 0 0 0 0
 0 0 0 0 0
 0 0 0 0 0
 0 0 0 0 0
 0 0 0 0 0
 0 0 0 0 0
 0 0 0 0 0
 0 0 0 0 0
 0 0 0 0 0
 0 0 0 0 0
 0 0 0 0 0
 0.505614 0.472636 0.0217494 0 0
 0 0 0 0 0
 0.443492 0.261883 0.143347 0.151278 0
 0.227955 0.32914 0.350689 0.0885471 0.00366901
 0.970185 0.0296113 0.000203453 0 0
 0.997202 0.00247181 0.000326279 0 0
 0.445219 0.490057 0.0546422 0.010081 0
 0.90214 0.0892962 0.00764917 0.000914606 0
 0 0 0 0 0
 0.581667 0.319106 0.0959925 0.00289975 0.000334073
 0.762889 0.0836404 0.116647 0.0363945 0.000428098
 0.88444 0.0763242 0.0277011 0.0115352 0
 0.521256 0.241999 0.230069 0.00667565 0
 0.616807 0.101726 0.260614 0.0208532 0
 0 0 0 0 0
ppred_PELACES
 0.527178 0.137713 0.310313 0.0247951 7.14051e-07
 0.517072 0.256613 0.065967 0.148484 0.011864
 0.653414 0.18137 0.0878636 0.0225482 0.0548035
 0.732302 0.1768 0.0476149 0.0230197 0.0202633
 0.732846 0.19771 0.0459099 0.0123285 0.0112051
 0.882318 0.0867633 0.022891 0.00530734 0.00272034
 0.571156 0.380228 0.035869 0.00943736 0.0033091
 0.558842 0.258006 0.162468 0.0152619 0.00542226
 0.735439 0.149454 0.0673615 0.0423532 0.00539163
 0.865474 0.100386 0.0193189 0.00867419 0.00614687
 0.893445 0.0928254 0.0102549 0.00196621 0.00150813
 0.813227 0.16723 0.0170274 0.00187869 0.000636454
 0.758919 0.1976 0.0389431 0.00395319 0.000583834
 0.733971 0.204271 0.0506499 0.00994894 0.00115888
 0.821283 0.133479 0.0347749 0.00858149 0.00188149
 0.964583 0.0293349 0.00454623 0.00118033 0.000355067
 0.381998 0.59678 0.017585 0.00271899 0.000918165
 0.932694 0.0260613 0.0398308 0.00117184 0.000242356
 0.659558 0.318064 0.0086736 0.0132339 0.000469829
 0.672522 0.218149 0.102157 0.00277997 0.00439167
 0.795628 0.138627 0.0438234 0.0204838 0.00143786
 0.795058 0.163825 0.0279043 0.00880726 0.00440526
 0.330826 0.534639 0.107582 0.0182927 0.00866066
 0.801534 0.066354 0.105575 0.0212205 0.00531623
 0.677641 0.259161 0.0211439 0.033607 0.00844681
 0.485442 0.35026 0.132115 0.010768 0.0214156
 0.80057 0.0974622 0.0694298 0.0261648 0.00637353
 0.752653 0.19858 0.023845 0.0169698 0.00795248
 0.340809 0.497549 0.129794 0.0155728 0.0162756
 0.435578 0.194005 0.279647 0.0728868 0.0178839
 0.865006 0.0593705 0.0260139 0.0374532 0.0121562
pobs_pel_tallas
 0 0 0 0 0 0 0 0 0 0 0 0 0 0 0 0 0 0 0 0 0 0 0 0 0 0
 0 0 0 0 0 0 0 0 0 0 0 0 0 0 0 0 0 0 0 0 0 0 0 0 0 0
 0 0 0 0 0 0 0 0 0 0 0 0 0 0 0 0 0 0 0 0 0 0 0 0 0 0
 0 0 0 0 0 0 0 0 0 0 0 0 0 0 0 0 0 0 0 0 0 0 0 0 0 0
 0 0 0 0 0 0 0 0 0 0 0 0 0 0 0 0 0 0 0 0 0 0 0 0 0 0
 0 0 0 0 0 0 0 0 0 0 0 0 0 0 0 0 0 0 0 0 0 0 0 0 0 0
 0 0 0 0 0 0 0 0 0 0 0 0 0 0 0 0 0 0 0 0 0 0 0 0 0 0
 0 0 0 0 0 0 0 0 0 0 0 0 0 0 0 0 0 0 0 0 0 0 0 0 0 0
 0 0 0 0 0 0 0 0 0 0 0 0 0 0 0 0 0 0 0 0 0 0 0 0 0 0
 0 0 0 0 0 0 0 0 0 0 0 0 0 0 0 0 0 0 0 0 0 0 0 0 0 0
 0 0 0 0 0 0 0 0 0 0 0 0 0 0 0 0 0 0 0 0 0 0 0 0 0 0
 0 0 0 0 0 0 0 0 0 0 0 0 0 0 0 0 0 0 0 0 0 0 0 0 0 0
 0.00862536 0 0 0.000197151 0.00414017 0.0128641 0.00837892 0.0270097 0.101434 0.158115 0.152841 0.127902 0.109271 0.109419 0.0830992 0.0579132 0.0238553 0.00714673 0.00463305 0.00128148 0.00103504 0.000492878 0.000147863 0.000147863 4.92878e-05 0
 0 0 0 0 0 0 0 0 0 0 0 0 0 0 0 0 0 0 0 0 0 0 0 0 0 0
 0 0 0 0 0 0 0 0.0054083 0.00873648 0.0413646 0.0450493 0.0745869 0.0622846 0.0627006 0.0613931 0.0827291 0.12552 0.122667 0.0946155 0.0697135 0.0546179 0.0294188 0.0215738 0.0213955 0.0102223 0.00600262
 0 0 0 0 0.00359764 0.0251062 0.0480494 0.140153 0.205849 0.193036 0.1447 0.116669 0.0760912 0.0342217 0.00950174 0.001854 0.000860785 0 0 0 0.000165536 0 0.000143464 0 0 0
 0 0 0 0 0 0 0 0.000145254 0.000435761 0.0275982 0.070085 0.0708112 0.156366 0.174668 0.174014 0.160142 0.0824315 0.0480064 0.0283245 0.00493863 0.00203355 0 0 0 0 0
 0 0 0 0 0 0 0 0 0 0 0 0 0 0 0 0 0 0 0 0 0 0 0 0 0 0
 0 0 1.00437e-05 0.000401748 0.00122533 0.00171747 0.00176769 0.0269171 0.070346 0.194647 0.189555 0.159765 0.064822 0.0314167 0.0384472 0.0292271 0.0345202 0.0313363 0.0194345 0.0106764 0.0143323 0.0359363 0.0279516 0.0138201 0.00172751 0
 0 0.0021121 0.0136068 0.0755702 0.200478 0.177729 0.0527432 0.0373336 0.0318909 0.0142505 0.0149659 0.0166563 0.0217959 0.0798694 0.0677717 0.0528807 0.04013 0.0224614 0.0357745 0.0225083 0.00881397 0.00855152 0.00135912 0.000746735 0 0
 0 0 0 0 5.4009e-05 0.00500934 0.000945158 0.0243581 0.138947 0.33067 0.221406 0.137944 0.0707744 0.0437923 0.0131692 0.00525238 0.0047753 0.00276346 9.45158e-05 9.00151e-06 2.25038e-05 9.00151e-06 4.50075e-06 0 0 0
 0.000866109 0.00284123 0.00948549 0.0512746 0.133035 0.25785 0.225252 0.132002 0.0553304 0.0519788 0.0540692 0.017754 0.00435017 0.00159236 0.00146478 0.000404838 0.000125132 0.000115318 0.000107957 0.000100596 0 0 0 0 0 0
 0 0 0 0 0.00144013 0.00171154 0.00461396 0.0210425 0.0478622 0.0707936 0.0888783 0.103762 0.0637923 0.0337046 0.0602308 0.124433 0.169614 0.0934646 0.0462172 0.0250306 0.0313229 0.00938855 0.002487 0.000210481 0 0
 0 0.00764035 0.051015 0.0998891 0.058973 0.0496711 0.0374665 0.0718981 0.12319 0.153886 0.159021 0.0857701 0.0377988 0.023471 0.0147837 0.00900784 0.00315554 0.000888139 0.00291439 0.00214683 0.00393193 0.00274676 0.000635225 9.99891e-05 0 0
 0 0 0 0 0 0 0 0 0 0 0 0 0 0 0 0 0 0 0 0 0 0 0 0 0 0
 0 0 0 0 0 0 0 0 0 0 0 0 0 0 0 0 0 0 0 0 0 0 0 0 0 0
 0 0 0 0 0 0 0 0 0 0 0 0 0 0 0 0 0 0 0 0 0 0 0 0 0 0
 0 0 0 0 0 0 0 0 0 0 0 0 0 0 0 0 0 0 0 0 0 0 0 0 0 0
 0 0 0 0 0 0 0 0 0 0 0 0 0 0 0 0 0 0 0 0 0 0 0 0 0 0
 0 0 0 0 0 0 0 0 0 0 0 0 0 0 0 0 0 0 0 0 0 0 0 0 0 0
 0 0 0 0 0 0 0 0 0 0 0 0 0 0 0 0 0 0 0 0 0 0 0 0 0 0
ppred_pel_tallas
 1.11477e-16 4.3423e-05 0.000422087 0.00280492 0.0127508 0.0396724 0.0845268 0.123372 0.123386 0.0845941 0.0398997 0.013413 0.00448919 0.00417118 0.00737516 0.0126745 0.0195336 0.0272234 0.0349317 0.04213 0.048606 0.0540615 0.0577134 0.0584144 0.0553067 0.048484
 1.18868e-16 4.25906e-05 0.000413995 0.00275115 0.0125063 0.038912 0.082907 0.12101 0.121035 0.0830283 0.0393198 0.0136858 0.00571728 0.00690813 0.0124347 0.0206514 0.0301477 0.0388186 0.044611 0.0467459 0.0462293 0.0451112 0.0450516 0.0463067 0.0477787 0.0478753
 1.14118e-16 5.38209e-05 0.000523158 0.00347657 0.015804 0.0491722 0.104767 0.152915 0.152932 0.104853 0.0494614 0.0166407 0.00558254 0.00513968 0.00887867 0.0147458 0.0216031 0.0279585 0.0323444 0.0341447 0.0339536 0.0330925 0.032671 0.0329405 0.0333378 0.0330079
 1.07158e-16 6.03188e-05 0.00058632 0.00389631 0.0177121 0.0551089 0.117416 0.171375 0.171393 0.117499 0.0553894 0.0185229 0.00593395 0.00504234 0.00854664 0.0140971 0.0204546 0.026056 0.0293608 0.0296922 0.0276383 0.0246173 0.0219608 0.0202325 0.0191899 0.0182179
 1.04509e-16 6.03636e-05 0.000586756 0.0038992 0.0177252 0.0551498 0.117503 0.171503 0.171522 0.117596 0.0554631 0.0186306 0.00617335 0.00555656 0.00951467 0.0156759 0.0226753 0.0287276 0.0320553 0.0318469 0.0287266 0.0242954 0.0201254 0.0169992 0.0148401 0.0131474
 1.01676e-16 7.26754e-05 0.000706431 0.00469448 0.0213404 0.066398 0.141468 0.206479 0.206487 0.141509 0.0665356 0.021738 0.00569332 0.00288978 0.00422772 0.0068965 0.00997986 0.0126599 0.0141541 0.0141011 0.0127626 0.0108235 0.00895592 0.00749455 0.00641349 0.00551807
 1.02639e-16 4.70455e-05 0.000457299 0.00303891 0.0138145 0.0429822 0.0915794 0.13367 0.133707 0.0917583 0.0435828 0.015549 0.00739147 0.00995434 0.01807 0.0297632 0.0427868 0.0536296 0.0587437 0.0564927 0.0481317 0.0369688 0.0264108 0.0184039 0.013164 0.009902
 1.07203e-16 4.60311e-05 0.000447439 0.00297339 0.0135166 0.0420553 0.0896043 0.130785 0.13081 0.0897269 0.0424675 0.0147094 0.00597704 0.00703577 0.0126501 0.021079 0.0309153 0.0400297 0.0462386 0.0484676 0.047266 0.0441903 0.0406176 0.0370024 0.0330405 0.0283476
 1.07143e-16 6.05772e-05 0.000588832 0.003913 0.0177879 0.0553449 0.117919 0.172109 0.172123 0.11799 0.055583 0.0184768 0.00564663 0.00438784 0.00731865 0.0121179 0.0177234 0.0228731 0.0263268 0.0275362 0.0269428 0.0255893 0.0243643 0.0234957 0.0226105 0.0211715
 1.02494e-16 7.12879e-05 0.000692944 0.00460486 0.020933 0.0651304 0.138768 0.202537 0.202547 0.138815 0.0652894 0.0213923 0.00575837 0.00321302 0.00486324 0.00794292 0.0114737 0.0145131 0.0161555 0.0159947 0.0143621 0.0120916 0.0100016 0.00849815 0.00753158 0.00681876
 1.00773e-16 7.35919e-05 0.00071534 0.00475369 0.0216096 0.0672354 0.143253 0.209083 0.209092 0.143296 0.0673821 0.0220332 0.00581682 0.00303541 0.00447759 0.00728002 0.0104662 0.0131323 0.0144113 0.0139043 0.0119154 0.00924607 0.00671886 0.00479986 0.00353586 0.00273317
 1.00831e-16 6.69845e-05 0.000651113 0.00432688 0.0196694 0.0611988 0.130391 0.190313 0.190329 0.13047 0.061463 0.0204323 0.00624139 0.00482855 0.00799488 0.0130957 0.0188214 0.0235893 0.0258324 0.0248242 0.021108 0.0161308 0.0113885 0.00774492 0.00531405 0.00377506
 1.0167e-16 6.25112e-05 0.000607631 0.00403793 0.0183558 0.0571119 0.121684 0.177605 0.177624 0.121777 0.0574247 0.0192595 0.00630699 0.0055634 0.00948132 0.0155932 0.0224966 0.0283704 0.0313948 0.0307161 0.0269344 0.0216646 0.0165457 0.0124791 0.00953823 0.00736588
 1.02708e-16 6.04563e-05 0.000587657 0.00390519 0.0177524 0.0552345 0.117684 0.171767 0.171787 0.11778 0.0555582 0.0186879 0.00625512 0.00572309 0.00982969 0.0161967 0.0234237 0.0296587 0.0330475 0.0327222 0.0292898 0.0243688 0.0195698 0.0157301 0.0128502 0.0105312
 1.02217e-16 6.7648e-05 0.000657563 0.00436974 0.0198642 0.061805 0.131682 0.192197 0.19221 0.131745 0.0620166 0.0204758 0.00590614 0.00401577 0.00645793 0.0106018 0.015342 0.0194529 0.0217295 0.0216117 0.0194981 0.0164404 0.0134744 0.0111226 0.00935788 0.00789734
 1.00318e-16 7.94515e-05 0.000772297 0.00513218 0.0233302 0.0725888 0.154658 0.225729 0.225732 0.154672 0.0726352 0.0234642 0.00546867 0.00150696 0.00147506 0.00231371 0.00332734 0.0041884 0.00462218 0.00450353 0.00392607 0.00313629 0.00238413 0.00180653 0.00141142 0.00113685
 1.01089e-16 3.14648e-05 0.000305849 0.00203248 0.00923938 0.0287475 0.0612516 0.0894105 0.089468 0.0615321 0.0296889 0.011957 0.00884881 0.0151681 0.0282048 0.04644 0.0665702 0.0830282 0.0901613 0.0853633 0.0706642 0.0514428 0.0333324 0.0196938 0.0110866 0.00633075
 1.01315e-16 7.68248e-05 0.000746764 0.00496251 0.0225588 0.070189 0.149545 0.218266 0.218269 0.149558 0.0702313 0.022682 0.0052742 0.00143601 0.00141157 0.00227889 0.00343038 0.00463475 0.00570024 0.00651837 0.00708818 0.00744849 0.0075848 0.00740909 0.00683374 0.00586685
 1.01739e-16 5.4327e-05 0.000528078 0.00350926 0.0159526 0.0496347 0.105753 0.154356 0.154387 0.105903 0.0501365 0.0174013 0.007143 0.00845179 0.0150773 0.0247734 0.0355276 0.0443569 0.0482674 0.0458946 0.0383414 0.0284789 0.0192838 0.0124866 0.0082987 0.00600303
 1.04026e-16 5.53948e-05 0.000538457 0.00357824 0.0162662 0.0506102 0.107831 0.157387 0.157408 0.107935 0.0509574 0.0172705 0.0061044 0.00607018 0.010611 0.0175837 0.0256237 0.0328402 0.0373151 0.0381154 0.0357714 0.031775 0.0275491 0.0237403 0.0202613 0.0168015
 1.03598e-16 6.55348e-05 0.000637022 0.00423324 0.0192437 0.0598743 0.127569 0.186194 0.186207 0.127635 0.0600944 0.01988 0.00583268 0.00413581 0.00673166 0.0110813 0.0160901 0.0205174 0.023144 0.023412 0.0217352 0.0191667 0.0167021 0.0147764 0.0132576 0.0117846
 1.02476e-16 6.54879e-05 0.000636566 0.00423021 0.0192299 0.0598315 0.127478 0.186061 0.186077 0.127555 0.0600907 0.0199788 0.00611058 0.00474301 0.00786906 0.012918 0.0186325 0.0234955 0.0260077 0.0254817 0.0224441 0.0182634 0.0143131 0.0113236 0.00930018 0.00786355
 1.06542e-16 2.72498e-05 0.000264878 0.00176021 0.00800169 0.0248965 0.0530465 0.0774337 0.0774853 0.0532986 0.025743 0.0104473 0.00790139 0.0136791 0.0255267 0.0422185 0.0609561 0.0769477 0.0853068 0.0837567 0.0739457 0.0602459 0.0470573 0.0367423 0.0293904 0.0239207
 1.06092e-16 6.60213e-05 0.000641751 0.00426466 0.0193865 0.0603187 0.128516 0.187574 0.18758 0.128548 0.0604269 0.019701 0.00506169 0.00240685 0.00349223 0.00586251 0.00889187 0.0121316 0.0151492 0.0177185 0.0198688 0.021688 0.0230647 0.0236357 0.0229989 0.0210064
 1.05477e-16 5.58165e-05 0.000542556 0.00360548 0.01639 0.0509955 0.108652 0.158586 0.158611 0.108774 0.051405 0.0175727 0.00657384 0.00702108 0.0123561 0.0203312 0.0292707 0.0367987 0.0405518 0.0394858 0.0345239 0.0279508 0.0220407 0.0179703 0.0156509 0.0142834
 1.08607e-16 3.99853e-05 0.000388671 0.00258286 0.0117413 0.0365318 0.0778361 0.113611 0.113645 0.0780017 0.0370884 0.0133507 0.00662885 0.00924204 0.0169155 0.0280619 0.0407948 0.0520837 0.0588406 0.0596114 0.0553686 0.0486951 0.0420692 0.0366365 0.0322009 0.0280332
 1.05732e-16 6.59419e-05 0.000640979 0.00425953 0.0193632 0.0602462 0.128361 0.187349 0.187358 0.128408 0.0604023 0.0198153 0.00539917 0.00314449 0.00486688 0.00806362 0.0118976 0.0155718 0.0183154 0.0197761 0.0201865 0.0201034 0.0199416 0.0197 0.0190605 0.0177036
 1.03787e-16 6.19951e-05 0.000602614 0.00400458 0.0182043 0.0566403 0.120679 0.176138 0.176158 0.120772 0.0569543 0.0191112 0.00628105 0.00557228 0.00950094 0.0156115 0.0224919 0.0283103 0.0312517 0.0305015 0.0267382 0.0216763 0.0170302 0.0137008 0.0116565 0.0103503
 1.08189e-16 2.80721e-05 0.000272871 0.00181333 0.00824315 0.0256477 0.054647 0.079769 0.079817 0.0548818 0.0264365 0.0105225 0.00753935 0.0127878 0.02384 0.0394822 0.0571394 0.0724104 0.0808021 0.0802136 0.0721272 0.0604774 0.0491663 0.0402019 0.033547 0.0281865
 1.18456e-16 3.5878e-05 0.000348747 0.00231755 0.0105353 0.0327792 0.0698402 0.101938 0.101957 0.0699338 0.0330947 0.0114519 0.00463868 0.00548334 0.00998625 0.0169742 0.0256728 0.0348601 0.0432626 0.0502453 0.0559863 0.0608931 0.0648044 0.0667605 0.0655656 0.0606348
 1.0658e-16 7.12494e-05 0.00069257 0.00460237 0.0209217 0.0650952 0.138692 0.202427 0.202433 0.138721 0.06519 0.021196 0.00529325 0.00220852 0.00297386 0.00486775 0.00716255 0.00935562 0.0110056 0.0119608 0.0124572 0.0129326 0.0136916 0.0146848 0.0155455 0.0158184
pSPR Fmed_Fpbrs
0.563668   0.241295 0.241295
Fs Fmed_Fpbrs
0.344784   1.005 1.005
SSBpbr Bo_Bmed_Bpbrs
1.68436e+06  865202  322209 322209
Ro
141063
SPR SPRFo_SPRFmed_SPRFpbrs
1.00446e+06 566182 242371
Fref
1.005
log_Ro
11.677
likeval ReclasPelacesDesembMPH_pf_preclas_ppelaces_ptallas_desvR_qrecl_qpela
 12.6926 21.5277 0.00822471 0.00237483 229.031 119.771 83.2716 0 30.6546 0 0 0.0253146 0 0 0
q_reclas_q_pelaces
1 1
M
1
N
 161682 44221.5 100001 7991.99 0.230156
 96984.7 52433.3 13568.7 30552.4 2441.22
 93321.5 28209.5 13756.6 3531.57 8583.65
 95485.2 27167.9 7410.52 3585.11 3155.95
 77477.6 22382.4 5225.01 1403.51 1275.64
 215866 23623.6 6284.59 1457.75 747.203
 69057.3 59214.2 5696.69 1500.43 526.137
 26172 12684.3 8017.51 753.301 267.636
 34578.8 8427.03 3852.08 2423.82 308.568
 53325.4 7726.8 1512.87 679.909 481.834
 98461.3 10652.2 1180.49 226.379 173.64
 135216 32415.1 3340.01 368.75 124.928
 108698 32653.4 6507.09 660.942 97.6156
 75396.8 27007.2 6828.89 1342.79 156.42
 70971.7 13877.3 3667.63 905.769 198.597
 456190 15719.5 2459.87 638.983 192.224
 70570.4 119121 3531.21 546.172 184.438
 694568 20993.7 32281.8 950.059 196.49
 383978 205968 5663.28 8644.7 306.911
 294980 105475 49767.1 1354.85 2140.39
 442292 83061 26410.6 12348.6 866.83
 584939 132464 22728.4 7176.44 3589.62
 97116.5 166071 33564.1 5708.42 2702.68
 350965 30595.8 48876.1 9826.2 2461.72
 278272 112036 9177.03 14589.5 3666.97
 118066 88907.5 33646.3 2742.83 5455.06
 301295 38627.5 27627.9 10413.9 2536.77
 349943 96171.5 11584.6 8245.84 3864.24
 75871.9 115110 30117.9 3614.15 3777.3
 52972.7 25115.6 36378.5 9484.14 2327.11
 228412 16416.1 7218.65 10395 3373.92
pred_Ctot
 12232.5 4707.69 10878.8 870.425 0.0250683
 13082 9770.91 2580.24 5816.15 464.752
 12545.1 5239.74 2607.49 670.114 1628.84
 22711.3 8632.72 2396.86 1160.66 1021.77
 8512.57 3424.1 816.17 219.478 199.494
 35544.6 5323.27 1444.08 335.312 171.882
 23106.2 25592.3 2500.01 659 231.094
 2086.44 1421.07 917.807 86.3333 30.6747
 8933.31 2888.31 1343.21 845.95 107.7
 16178.8 3061.93 609.227 274.031 194.208
 6600.69 1007.43 114.112 21.9083 16.8053
 30382.2 9773.33 1025.38 113.315 38.3916
 23024.7 9320.98 1891.92 192.355 28.4107
 25171.4 11649.7 2991.08 588.621 68.5711
 18597.7 4818.35 1295.44 320.216 70.2134
 86043 4026.08 642.076 166.956 50.2278
 8684.97 20328.5 615.114 95.2437 32.1649
 86648.7 3629.76 5696.99 167.847 34.7159
 62962 46228.6 1296.19 1980.63 70.3216
 44702.4 21966.1 10572.2 288.121 455.197
 52851 13778.3 4472.31 2093.38 146.956
 86194 26860 4701.57 1486.09 743.376
 8929.49 21378.9 4413.7 751.512 355.828
 29685.3 3631.43 5926.84 1192.91 298.873
 23401.5 13223.1 1106.61 1761.28 442.712
 8338.48 8848.79 3422.44 279.319 555.555
 25499 4587.32 3352.13 1264.97 308.16
 23630.9 9160.47 1127.81 803.701 376.661
 4846.23 10382.5 2776.76 333.6 348.68
 5352.04 3542.86 5240.83 1367.85 335.647
 17317 1751.14 786.876 1134.42 368.224
F
 0.126088 0.181448 0.18574 0.185971 0.185984
 0.234893 0.338026 0.346022 0.346453 0.346476
 0.234014 0.33676 0.344726 0.345156 0.345178
 0.450697 0.64858 0.663922 0.66475 0.664793
 0.187744 0.270174 0.276565 0.27691 0.276928
 0.293497 0.42236 0.432351 0.43289 0.432918
 0.694573 0.999533 1.02318 1.02445 1.02452
 0.133246 0.191749 0.196285 0.19653 0.196543
 0.498547 0.717439 0.73441 0.735325 0.735373
 0.61065 0.878761 0.899548 0.90067 0.900729
 0.111038 0.15979 0.16357 0.163774 0.163784
 0.420923 0.605733 0.620062 0.620834 0.620875
 0.392469 0.564787 0.578147 0.578868 0.578906
 0.692507 0.99656 1.02013 1.0214 1.02147
 0.50738 0.730151 0.747422 0.748354 0.748403
 0.342766 0.493261 0.504929 0.505558 0.505591
 0.212389 0.305641 0.312871 0.313261 0.313281
 0.21557 0.310218 0.317557 0.317952 0.317973
 0.292112 0.420366 0.43031 0.430846 0.430875
 0.267332 0.384707 0.393807 0.394298 0.394324
 0.205664 0.295962 0.302963 0.303341 0.303361
 0.259094 0.372852 0.381672 0.382148 0.382173
 0.155049 0.223125 0.228403 0.228688 0.228703
 0.141869 0.204158 0.208988 0.209248 0.209262
 0.141004 0.202913 0.207713 0.207972 0.207985
 0.117279 0.168771 0.172763 0.172978 0.17299
 0.141957 0.204285 0.209117 0.209378 0.209392
 0.111887 0.161012 0.164821 0.165026 0.165037
 0.105559 0.151906 0.155499 0.155693 0.155703
 0.171515 0.24682 0.252658 0.252973 0.25299
 0.126363 0.181843 0.186145 0.186377 0.186389
nmprior
 8 9 7.5 0
nm_flota  nm_reclas  nm_pelaces    nm_pelaL
inf 14.62 12.5489 20.8127
cv_recla  cv_pelaces  cv_mph
0.322256 0.545963 1.50391
 ------------------------------------------------
Talla a la edad & desviación 
 8 13.2811 15.8009 17.003 17.5766
 0.8 1.32811 1.58009 1.7003 1.75766
