    unsorted:	 2.283876648e-06 5.389434271e-05 9.806541626e-05 0.001099990555 10.54972536 10.55185568 13.83249429 13.74586386 60.96035854 85.75142946 162.0610009 175.3402707 208.0600675 215.8578081 392.7763742 442.4635366 514.8837121 610.7776555 691.5026267 763.4262038 802.7810325 868.3347186 895.4972179 918.4226706 978.8739186 1040.635305 1139.497561 1176.562486 1287.267996 1522.310496 1584.104653 2043.078038 2032.617170 2011.617973 1862.606249 2124.268536 2261.929882 2413.805134 2612.493133 3023.357219 3133.905447 3335.637954 3847.818998 11000.65216 41251.33466 158225.6383 208552.7674 355104.7865 339472.1296 328101.8142 368104.9887 380734.1232 392518.6944 291603.7356 410154.2397 443006.9754 490727.5643 512785.7558 662684.4657 719725.2281 744511.3775 769031.7130 834317.1437 1095549.552 1227123.913 1329043.490 1408253.670 1545820.467 1609830.225 1860532.963 1991405.174 2106607.017 2646850.450 2616098.706 2853788.392 3104458.172 3415521.119
      sorted:	 2.283876648e-06 5.389434271e-05 9.806541626e-05 0.001099990555 10.54972536 10.55185568 13.74586386 13.83249429 60.96035854 85.75142946 162.0610009 175.3402707 208.0600675 215.8578081 392.7763742 442.4635366 514.8837121 610.7776555 691.5026267 763.4262038 802.7810325 868.3347186 895.4972179 918.4226706 978.8739186 1040.635305 1139.497561 1176.562486 1287.267996 1522.310496 1584.104653 1862.606249 2011.617973 2032.617170 2043.078038 2124.268536 2261.929882 2413.805134 2612.493133 3023.357219 3133.905447 3335.637954 3847.818998 11000.65216 41251.33466 158225.6383 208552.7674 291603.7356 328101.8142 339472.1296 355104.7865 368104.9887 380734.1232 392518.6944 410154.2397 443006.9754 490727.5643 512785.7558 662684.4657 719725.2281 744511.3775 769031.7130 834317.1437 1095549.552 1227123.913 1329043.490 1408253.670 1545820.467 1609830.225 1860532.963 1991405.174 2106607.017 2616098.706 2646850.450 2853788.392 3104458.172 3415521.119
