years
 1991 1992 1993 1994 1995 1996 1997 1998 1999 2000 2001 2002 2003 2004 2005 2006 2007 2008 2009 2010 2011 2012 2013 2014 2015 2016 2017 2018 2019 2020 2021
reclasobs
 0 0 0 0 0 0 0 0 0 252601 567819 844713 477998 351125 339783 2.1784e+06 2.13404e+06 4.81314e+06 1.55562e+06 2.62356e+06 3.21686e+06 3.843e+06 1.13348e+06 3.07943e+06 1.97215e+06 2.03268e+06 2.025e+06 2.42433e+06 2.27542e+06 1.05018e+06 2.36338e+06
reclaspred
 3.57498e+06 2.00211e+06 1.01346e+06 1.01761e+06 1.01438e+06 1.58725e+06 981321 860493 617911 437962 512060 663282 650945 504098 514274 1.42026e+06 1.36237e+06 3.05051e+06 2.53463e+06 1.94266e+06 3.42839e+06 2.75889e+06 2.1747e+06 3.32217e+06 2.48492e+06 2.20808e+06 2.64494e+06 2.82446e+06 2.29778e+06 1.43081e+06 2.08007e+06
pelacesobs
 0 0 0 0 0 0 0 0 0 0 0 0 0 0 0 552880 188675 0 991730 2.46772e+06 1.41603e+06 1.21717e+06 2.29649e+06 1.80582e+06 0 1.4828e+06 1.56532e+06 1.57751e+06 1.42118e+06 867257 0
pelacespred
 1.63946e+06 1.02033e+06 516053 423895 441417 712581 406097 443761 305217 203594 248088 266264 287462 232791 245458 567784 546636 1.41167e+06 1.20852e+06 854967 1.4736e+06 1.28558e+06 1.01257e+06 1.69302e+06 1.2193e+06 1.0812e+06 1.47684e+06 1.55745e+06 1.04198e+06 736432 1.00471e+06
mphobs
 0 0 0 0 0 0 0 0 0 0 0 498337 0 5186 125008 0 168611 109162 213762 579715 649985 157893 87575 83554 0 0 0 0 0 0 0
mphpred
 3.1057e+06 2.07875e+06 1.03478e+06 565247 621081 704672 911021 553358 489232 327700 210240 345955 369099 309597 206385 267447 937514 882844 1.72876e+06 1.31804e+06 1.4597e+06 1.79402e+06 1.68493e+06 1.38104e+06 1.90663e+06 1.56789e+06 1.29838e+06 1.40097e+06 1.96547e+06 1.31935e+06 717471
desembarqueobs
 494567 514787 250237 358949 120608 361735 552515 73892 212993 205616 52469 317467 293654 387597 252695 516296 358380 742168 942051 627588 828172 859565 418607 520667 417249 300574 407403 355545 319650 289779 219260
desembarquepred
 494574 513519 250874 358979 120613 361751 552573 73896.6 213049 205668 52471.8 317539 293707 387630 252687 516251 358404 742071 941843 627455 828237 859574 418614 520690 417248 300573 407401 355529 319641 289787 219263
Reclutas
 197335 111168 110437 185680 147834 248208 102633 46216.4 42902.6 56413 104710 142325 118875 84031.1 82995.5 463983 95849.9 690363 415611 333128 466666 620412 129711 378421 320522 146475 327152 365729 103363 78005.2 336390
log_desv_Rt
 0.135029 -0.438828 -0.44543 0.0741489 -0.153788 0.364392 -0.518713 -1.31654 -1.39094 -1.11717 -0.498679 -0.191758 -0.371802 -0.718688 -0.731088 0.989974 -0.587092 1.38734 0.879875 0.658652 0.995739 1.28051 -0.284568 0.786132 0.620077 -0.16302 0.64055 0.752017 -0.511625 -0.7931 0.668396
SSB
 3.1057e+06 2.07875e+06 1.03478e+06 565247 621081 704672 911021 553358 489232 327700 210240 345955 369099 309597 206385 267447 937514 882844 1.72876e+06 1.31804e+06 1.4597e+06 1.79402e+06 1.68493e+06 1.38104e+06 1.90663e+06 1.56789e+06 1.29838e+06 1.40097e+06 1.96547e+06 1.31935e+06 717471
BT
 4.19833e+06 2.86037e+06 1.43883e+06 1.27856e+06 1.1128e+06 1.95148e+06 1.43222e+06 1.08836e+06 915818 668302 617669 880284 929853 940295 819399 1.72678e+06 1.54014e+06 3.91153e+06 3.69265e+06 2.53022e+06 4.07014e+06 3.76758e+06 2.70016e+06 4.38957e+06 3.19691e+06 2.75976e+06 3.8217e+06 3.94773e+06 2.66715e+06 1.98077e+06 2.50608e+06
Ftot
 0.135956 0.247523 0.241303 0.362661 0.122031 0.240406 0.538949 0.0877182 0.34725 0.467731 0.112088 0.489766 0.460224 0.769229 0.522869 0.40442 0.261286 0.265847 0.377062 0.330682 0.252078 0.321835 0.190991 0.168463 0.170836 0.137668 0.164714 0.135975 0.135513 0.199739 0.116274
BD_Bspro_t
 0.978482 0.843883 0.68282 0.593121 0.585336 0.66016 0.647182 0.479517 0.5356 0.48586 0.446208 0.65499 0.535056 0.443234 0.335016 0.396793 0.587871 0.559842 0.655201 0.561294 0.539929 0.587376 0.600662 0.592375 0.695578 0.703554 0.712189 0.75121 0.797153 0.72825 0.671691
BD_Bspro
 2.52975 1.69324 0.842882 0.460422 0.505902 0.57399 0.742072 0.450738 0.398504 0.266928 0.171251 0.281797 0.30065 0.252182 0.168111 0.217849 0.763652 0.71912 1.40817 1.07361 1.189 1.46132 1.37246 1.12492 1.55304 1.27712 1.05759 1.14116 1.60098 1.07468 0.584416
BD_Bo
 1.6854 1.1281 0.561556 0.306749 0.337049 0.382412 0.494393 0.300297 0.265497 0.177837 0.114093 0.187743 0.200303 0.168012 0.112001 0.145138 0.508771 0.479102 0.938167 0.715276 0.792152 0.973578 0.914378 0.749462 1.03469 0.850862 0.704606 0.760277 1.06662 0.715985 0.389358
BD_Brms
 10.4891 7.02072 3.49485 1.90905 2.09763 2.37994 3.07686 1.8689 1.65232 1.10677 0.710061 1.16842 1.24659 1.04563 0.697041 0.903269 3.16634 2.9817 5.8387 4.45153 4.92997 6.05908 5.69064 4.66428 6.43941 5.29535 4.38512 4.73159 6.63815 4.45594 2.42317
Sel_flota
 0.803902 1 1 1 1
 0.803902 1 1 1 1
 0.803902 1 1 1 1
 0.803902 1 1 1 1
 0.803902 1 1 1 1
 0.803902 1 1 1 1
 0.803902 1 1 1 1
 0.803902 1 1 1 1
 0.803902 1 1 1 1
 0.803902 1 1 1 1
 0.803902 1 1 1 1
 0.803902 1 1 1 1
 0.803902 1 1 1 1
 0.803902 1 1 1 1
 0.803902 1 1 1 1
 0.803902 1 1 1 1
 0.803902 1 1 1 1
 0.803902 1 1 1 1
 0.803902 1 1 1 1
 0.803902 1 1 1 1
 0.803902 1 1 1 1
 0.803902 1 1 1 1
 0.803902 1 1 1 1
 0.803902 1 1 1 1
 0.803902 1 1 1 1
 0.803902 1 1 1 1
 0.803902 1 1 1 1
 0.803902 1 1 1 1
 0.803902 1 1 1 1
 0.803902 1 1 1 1
 0.803902 1 1 1 1
Sel_reclas
 1 1 1 1 1
 1 1 1 1 1
 1 1 1 1 1
 1 1 1 1 1
 1 1 1 1 1
 1 1 1 1 1
 1 1 1 1 1
 1 1 1 1 1
 1 1 1 1 1
 1 1 1 1 1
 1 1 1 1 1
 1 1 1 1 1
 1 1 1 1 1
 1 1 1 1 1
 1 1 1 1 1
 1 1 1 1 1
 1 1 1 1 1
 1 1 1 1 1
 1 1 1 1 1
 1 1 1 1 1
 1 1 1 1 1
 1 1 1 1 1
 1 1 1 1 1
 1 1 1 1 1
 1 1 1 1 1
 1 1 1 1 1
 1 1 1 1 1
 1 1 1 1 1
 1 1 1 1 1
 1 1 1 1 1
 1 1 1 1 1
Sel_pelaces
 1 1 1 1 1
 1 1 1 1 1
 1 1 1 1 1
 1 1 1 1 1
 1 1 1 1 1
 1 1 1 1 1
 1 1 1 1 1
 1 1 1 1 1
 1 1 1 1 1
 1 1 1 1 1
 1 1 1 1 1
 1 1 1 1 1
 1 1 1 1 1
 1 1 1 1 1
 1 1 1 1 1
 1 1 1 1 1
 1 1 1 1 1
 1 1 1 1 1
 1 1 1 1 1
 1 1 1 1 1
 1 1 1 1 1
 1 1 1 1 1
 1 1 1 1 1
 1 1 1 1 1
 1 1 1 1 1
 1 1 1 1 1
 1 1 1 1 1
 1 1 1 1 1
 1 1 1 1 1
 1 1 1 1 1
 1 1 1 1 1
pf_obs 
 0.8446 0.082 0.0669 0.0065 0
 0.8095 0.147 0.0364 0.0071 0
 0.9664 0.0169 0.016 0.0007 0
 0.9276 0.0648 0.0075 0.0001 0
 0.7033 0.2144 0.0806 0.0017 0
 0.9318 0.0425 0.0243 0.0014 0
 0.5671 0.3108 0.0964 0.0239 0.0018
 0.0768 0.2599 0.5324 0.112 0.0189
 0.490249 0.384438 0.106611 0.0170017 0.00170017
 0.7925 0.1577 0.0466 0.003 0.0002
 0.840416 0.127587 0.0312969 0.00059994 9.999e-05
 0.8084 0.0986 0.0794 0.0134 0.0002
 0.7335 0.1905 0.0724 0.0035 0.0001
 0.4001 0.4547 0.1325 0.0127 0
 0.49795 0.308269 0.164784 0.0264974 0.00249975
 0.9179 0.0499 0.0305 0.0017 0
 0.2467 0.6533 0.0926 0.0074 0
 0.9418 0.0223 0.034 0.0019 0
 0.707729 0.231977 0.0356964 0.0245975 0
 0.517169 0.277429 0.184464 0.0207286 0.00020938
 0.811772 0.124168 0.05621 0.00726502 0.000585176
 0.764997 0.148141 0.077277 0.00933861 0.000247198
 0.163321 0.427699 0.378323 0.0303852 0.000271297
 0.753843 0.0900009 0.118128 0.0371064 0.000921714
 0.721811 0.176058 0.0630433 0.0369309 0.00215725
 0.143369 0.312575 0.442814 0.0836902 0.0175525
 0.692698 0.0596174 0.167031 0.0765114 0.00414204
 0.394062 0.376323 0.152708 0.0712218 0.00568511
 0.125707 0.32114 0.495352 0.0537591 0.00404204
 0.23352 0.215282 0.420074 0.123614 0.00750983
 0 0 0 0 0
pf_pred 
 0.451846 0.122853 0.401307 0.0239937 7.87273e-07
 0.416699 0.297604 0.0640307 0.20916 0.0125058
 0.563274 0.208657 0.116363 0.0250359 0.0866708
 0.740685 0.161479 0.0467434 0.0260677 0.0250246
 0.649414 0.276151 0.0463521 0.0134176 0.0146659
 0.742825 0.180107 0.0607044 0.0101893 0.00617341
 0.473183 0.414631 0.078568 0.026481 0.00713786
 0.45398 0.297024 0.195971 0.0371344 0.0158896
 0.533238 0.238491 0.124175 0.0819286 0.0221674
 0.701415 0.178237 0.0614918 0.032017 0.0268398
 0.818318 0.137279 0.0265059 0.00914455 0.00875271
 0.741416 0.219851 0.0292671 0.00565093 0.0038156
 0.689061 0.245945 0.0552592 0.00735625 0.0023794
 0.637571 0.269824 0.0732474 0.0164573 0.00289948
 0.746404 0.179188 0.0553958 0.0150379 0.00397402
 0.938533 0.0489254 0.00886206 0.00273969 0.000940267
 0.377846 0.592436 0.0236542 0.00428458 0.00177917
 0.896717 0.0452283 0.0552814 0.00220722 0.00056582
 0.606108 0.361456 0.014204 0.0173612 0.000870877
 0.61872 0.25428 0.116542 0.0045797 0.00587845
 0.733972 0.180196 0.0572426 0.0262354 0.0023543
 0.739813 0.202818 0.0388595 0.0123445 0.00616543
 0.320781 0.533918 0.113263 0.021701 0.0103368
 0.738717 0.0980562 0.128309 0.027219 0.0076992
 0.626858 0.291788 0.0305314 0.039951 0.0108723
 0.440861 0.3806 0.139613 0.0146085 0.0243177
 0.733847 0.132849 0.0907382 0.0332849 0.00928032
 0.686743 0.243586 0.034776 0.0237526 0.0111423
 0.338509 0.486048 0.136423 0.0194767 0.0195433
 0.423191 0.226517 0.257386 0.0722427 0.020663
 0.843615 0.0755328 0.0317513 0.0360783 0.0130228
pobs_RECLAS
 0 0 0 0 0
 0 0 0 0 0
 0 0 0 0 0
 0 0 0 0 0
 0 0 0 0 0
 0 0 0 0 0
 0 0 0 0 0
 0 0 0 0 0
 0 0 0 0 0
 0 0 0 0 0
 0.991045 0.00858322 0.000360255 1.14367e-05 0
 0.934742 0.0480273 0.0164251 0.00080598 0
 0.827803 0.169806 0.00239088 0 0
 0.941827 0.0461693 0.0120037 0 0
 0.791401 0.0380133 0.147996 0.0225897 0
 0.846168 0.0940531 0.0597789 0 0
 0.134021 0.677848 0.182769 0.00536245 0
 0.80878 0.0450904 0.141981 0.00414843 0
 0.846168 0.0940531 0.0597789 0 0
 0.905697 0.0802665 0.012482 0.00150086 5.37128e-05
 0.989698 0.0102097 9.19794e-05 0 0
 0.975433 0.0193895 0.00387452 0.00125025 5.28907e-05
 0.303575 0.632131 0.0575291 0.00676475 0
 0.966965 0.00978017 0.0227588 0.000495775 0
 0.843318 0.132988 0.00938335 0.0141283 0.000182051
 0.564624 0.303363 0.111486 0.0197234 0.00080311
 0.826376 0.0876187 0.0782897 0.00655872 0.00115652
 0.89761 0.0855135 0.0140674 0.00269457 0.000114338
 0.34875 0.467042 0.161289 0.0227151 0.000203297
 0.318654 0.224769 0.449479 0.00709798 0
 0.937255 0.0296025 0.0250945 0.00804832 0
ppred_RECLAS
 0.506876 0.11052 0.361019 0.0215849 7.08237e-07
 0.471723 0.269531 0.0579906 0.189429 0.0113262
 0.61714 0.182921 0.102011 0.0219479 0.0759808
 0.781675 0.135954 0.0393547 0.0219472 0.021069
 0.697814 0.238026 0.0399529 0.0115652 0.0126412
 0.783071 0.151923 0.0512048 0.00859476 0.00520733
 0.530845 0.369248 0.0699684 0.0235825 0.0063566
 0.508798 0.267205 0.176297 0.0334063 0.0142944
 0.588719 0.210143 0.109415 0.0721902 0.0195325
 0.747031 0.151007 0.0520973 0.0271256 0.0227394
 0.848804 0.114244 0.0220583 0.00761012 0.00728403
 0.782922 0.184562 0.0245693 0.00474388 0.00320315
 0.735812 0.208966 0.0469507 0.0062502 0.00202165
 0.690713 0.230261 0.0625074 0.0140443 0.00247434
 0.787504 0.150147 0.0464179 0.0126007 0.00332995
 0.950398 0.0394814 0.00715143 0.00221085 0.000758769
 0.431612 0.541238 0.02161 0.00391431 0.00162541
 0.915661 0.0369327 0.0451419 0.00180238 0.00046204
 0.658649 0.313241 0.0123094 0.0150454 0.000754711
 0.67023 0.219928 0.100797 0.003961 0.00508429
 0.77523 0.152249 0.048365 0.0221666 0.00198918
 0.780722 0.170929 0.0327496 0.0104036 0.00519604
 0.370907 0.494515 0.104905 0.0200995 0.00957397
 0.779145 0.082884 0.108456 0.0230074 0.0065079
 0.677037 0.252548 0.0264255 0.0345784 0.00941022
 0.495772 0.343223 0.125902 0.0131738 0.0219295
 0.774786 0.112415 0.0767812 0.0281652 0.00785286
 0.73217 0.208262 0.029733 0.0203082 0.00952655
 0.389543 0.448549 0.125898 0.0179741 0.0180356
 0.478103 0.204952 0.232883 0.0653652 0.0186959
 0.870536 0.0625298 0.0262853 0.0298674 0.0107809
pobs_PELACES
 0 0 0 0 0
 0 0 0 0 0
 0 0 0 0 0
 0 0 0 0 0
 0 0 0 0 0
 0 0 0 0 0
 0 0 0 0 0
 0 0 0 0 0
 0 0 0 0 0
 0 0 0 0 0
 0 0 0 0 0
 0 0 0 0 0
 0 0 0 0 0
 0 0 0 0 0
 0 0 0 0 0
 0 0 0 0 0
 0.505614 0.472636 0.0217494 0 0
 0 0 0 0 0
 0.443492 0.261883 0.143347 0.151278 0
 0.227955 0.32914 0.350689 0.0885471 0.00366901
 0.970185 0.0296113 0.000203453 0 0
 0.997202 0.00247181 0.000326279 0 0
 0.445219 0.490057 0.0546422 0.010081 0
 0.90214 0.0892962 0.00764917 0.000914606 0
 0 0 0 0 0
 0.581667 0.319106 0.0959925 0.00289975 0.000334073
 0.762889 0.0836404 0.116647 0.0363945 0.000428098
 0.88444 0.0763242 0.0277011 0.0115352 0
 0.521256 0.241999 0.230069 0.00667565 0
 0.616807 0.101726 0.260614 0.0208532 0
 0 0 0 0 0
ppred_PELACES
 0.509075 0.110027 0.359409 0.0214887 7.05079e-07
 0.475716 0.267494 0.0575522 0.187998 0.0112405
 0.620823 0.181161 0.101029 0.0217368 0.07525
 0.785654 0.133477 0.0386375 0.0215472 0.020685
 0.699477 0.236717 0.0397331 0.0115015 0.0125716
 0.785702 0.15008 0.0505837 0.00849052 0.00514417
 0.539521 0.362419 0.0686745 0.0231464 0.00623905
 0.510216 0.266433 0.175788 0.0333098 0.0142531
 0.594149 0.207368 0.107971 0.0712371 0.0192747
 0.752708 0.147618 0.0509282 0.0265169 0.0222291
 0.849732 0.113542 0.0219229 0.00756339 0.0072393
 0.78826 0.180023 0.0239651 0.00462722 0.00312438
 0.74156 0.204419 0.0459291 0.0061142 0.00197766
 0.701245 0.22242 0.0603788 0.013566 0.00239008
 0.793111 0.146185 0.045193 0.0122682 0.00324208
 0.951617 0.0385109 0.00697563 0.00215651 0.000740117
 0.435765 0.537284 0.0214521 0.00388571 0.00161354
 0.91698 0.0363551 0.0444359 0.00177419 0.000454813
 0.664114 0.308227 0.0121123 0.0148046 0.000742629
 0.674942 0.216785 0.0993569 0.0039044 0.00501164
 0.77806 0.150333 0.0477561 0.0218876 0.00196413
 0.784266 0.168166 0.0322203 0.0102354 0.00511205
 0.373796 0.492244 0.104423 0.0200072 0.00953001
 0.781015 0.0821821 0.107537 0.0228125 0.00645279
 0.67945 0.250662 0.0262281 0.0343201 0.00933992
 0.497999 0.341707 0.125346 0.0131157 0.0218327
 0.77664 0.111489 0.076149 0.0279333 0.0077882
 0.733892 0.206923 0.0295418 0.0201776 0.0094653
 0.39163 0.447016 0.125468 0.0179126 0.0179739
 0.481329 0.203686 0.231443 0.0649612 0.0185803
 0.871382 0.0621214 0.0261136 0.0296723 0.0107105
pobs_pel_tallas
 0 0 0 0 0 0 0 0 0 0 0 0 0 0 0 0 0 0 0 0 0 0 0 0 0 0
 0 0 0 0 0 0 0 0 0 0 0 0 0 0 0 0 0 0 0 0 0 0 0 0 0 0
 0 0 0 0 0 0 0 0 0 0 0 0 0 0 0 0 0 0 0 0 0 0 0 0 0 0
 0 0 0 0 0 0 0 0 0 0 0 0 0 0 0 0 0 0 0 0 0 0 0 0 0 0
 0 0 0 0 0 0 0 0 0 0 0 0 0 0 0 0 0 0 0 0 0 0 0 0 0 0
 0 0 0 0 0 0 0 0 0 0 0 0 0 0 0 0 0 0 0 0 0 0 0 0 0 0
 0 0 0 0 0 0 0 0 0 0 0 0 0 0 0 0 0 0 0 0 0 0 0 0 0 0
 0 0 0 0 0 0 0 0 0 0 0 0 0 0 0 0 0 0 0 0 0 0 0 0 0 0
 0 0 0 0 0 0 0 0 0 0 0 0 0 0 0 0 0 0 0 0 0 0 0 0 0 0
 0 0 0 0 0 0 0 0 0 0 0 0 0 0 0 0 0 0 0 0 0 0 0 0 0 0
 0 0 0 0 0 0 0 0 0 0 0 0 0 0 0 0 0 0 0 0 0 0 0 0 0 0
 0 0 0 0 0 0 0 0 0 0 0 0 0 0 0 0 0 0 0 0 0 0 0 0 0 0
 0.00862536 0 0 0.000197151 0.00414017 0.0128641 0.00837892 0.0270097 0.101434 0.158115 0.152841 0.127902 0.109271 0.109419 0.0830992 0.0579132 0.0238553 0.00714673 0.00463305 0.00128148 0.00103504 0.000492878 0.000147863 0.000147863 4.92878e-05 0
 0 0 0 0 0 0 0 0 0 0 0 0 0 0 0 0 0 0 0 0 0 0 0 0 0 0
 0 0 0 0 0 0 0 0.0054083 0.00873648 0.0413646 0.0450493 0.0745869 0.0622846 0.0627006 0.0613931 0.0827291 0.12552 0.122667 0.0946155 0.0697135 0.0546179 0.0294188 0.0215738 0.0213955 0.0102223 0.00600262
 0 0 0 0 0.00359764 0.0251062 0.0480494 0.140153 0.205849 0.193036 0.1447 0.116669 0.0760912 0.0342217 0.00950174 0.001854 0.000860785 0 0 0 0.000165536 0 0.000143464 0 0 0
 0 0 0 0 0 0 0 0.000145254 0.000435761 0.0275982 0.070085 0.0708112 0.156366 0.174668 0.174014 0.160142 0.0824315 0.0480064 0.0283245 0.00493863 0.00203355 0 0 0 0 0
 0 0 0 0 0 0 0 0 0 0 0 0 0 0 0 0 0 0 0 0 0 0 0 0 0 0
 0 0 1.00437e-05 0.000401748 0.00122533 0.00171747 0.00176769 0.0269171 0.070346 0.194647 0.189555 0.159765 0.064822 0.0314167 0.0384472 0.0292271 0.0345202 0.0313363 0.0194345 0.0106764 0.0143323 0.0359363 0.0279516 0.0138201 0.00172751 0
 0 0.0021121 0.0136068 0.0755702 0.200478 0.177729 0.0527432 0.0373336 0.0318909 0.0142505 0.0149659 0.0166563 0.0217959 0.0798694 0.0677717 0.0528807 0.04013 0.0224614 0.0357745 0.0225083 0.00881397 0.00855152 0.00135912 0.000746735 0 0
 0 0 0 0 5.4009e-05 0.00500934 0.000945158 0.0243581 0.138947 0.33067 0.221406 0.137944 0.0707744 0.0437923 0.0131692 0.00525238 0.0047753 0.00276346 9.45158e-05 9.00151e-06 2.25038e-05 9.00151e-06 4.50075e-06 0 0 0
 0.000866109 0.00284123 0.00948549 0.0512746 0.133035 0.25785 0.225252 0.132002 0.0553304 0.0519788 0.0540692 0.017754 0.00435017 0.00159236 0.00146478 0.000404838 0.000125132 0.000115318 0.000107957 0.000100596 0 0 0 0 0 0
 0 0 0 0 0.00144013 0.00171154 0.00461396 0.0210425 0.0478622 0.0707936 0.0888783 0.103762 0.0637923 0.0337046 0.0602308 0.124433 0.169614 0.0934646 0.0462172 0.0250306 0.0313229 0.00938855 0.002487 0.000210481 0 0
 0 0.00764035 0.051015 0.0998891 0.058973 0.0496711 0.0374665 0.0718981 0.12319 0.153886 0.159021 0.0857701 0.0377988 0.023471 0.0147837 0.00900784 0.00315554 0.000888139 0.00291439 0.00214683 0.00393193 0.00274676 0.000635225 9.99891e-05 0 0
 0 0 0 0 0 0 0 0 0 0 0 0 0 0 0 0 0 0 0 0 0 0 0 0 0 0
 0 0 0 0 0 0 0 0 0 0 0 0 0 0 0 0 0 0 0 0 0 0 0 0 0 0
 0 0 0 0 0 0 0 0 0 0 0 0 0 0 0 0 0 0 0 0 0 0 0 0 0 0
 0 0 0 0 0 0 0 0 0 0 0 0 0 0 0 0 0 0 0 0 0 0 0 0 0 0
 0 0 0 0 0 0 0 0 0 0 0 0 0 0 0 0 0 0 0 0 0 0 0 0 0 0
 0 0 0 0 0 0 0 0 0 0 0 0 0 0 0 0 0 0 0 0 0 0 0 0 0 0
 0 0 0 0 0 0 0 0 0 0 0 0 0 0 0 0 0 0 0 0 0 0 0 0 0 0
ppred_pel_tallas
 1.12556e-16 4.19318e-05 0.000407593 0.0027086 0.0123129 0.03831 0.081624 0.119135 0.119146 0.0816787 0.0384952 0.0128546 0.00409413 0.00351725 0.00619635 0.0108243 0.0170909 0.0246116 0.0329038 0.041557 0.0501421 0.0578603 0.0633458 0.0650211 0.0618946 0.0542264
 1.22485e-16 3.91842e-05 0.000380884 0.00253111 0.0115061 0.0357998 0.0762762 0.111333 0.111359 0.0764027 0.0362248 0.0127352 0.00562204 0.00714817 0.0129529 0.0215235 0.0314346 0.0405187 0.0466792 0.0491714 0.0491215 0.0487233 0.0496963 0.0521933 0.0548565 0.0557712
 1.17877e-16 5.11364e-05 0.000497064 0.00330316 0.0150157 0.0467196 0.0995416 0.145288 0.145305 0.0996277 0.0470089 0.0158533 0.00541248 0.00512507 0.00891036 0.0148363 0.0218154 0.0284041 0.0331891 0.0356008 0.0362517 0.0364322 0.0371643 0.0385629 0.0399037 0.0401808
 1.06811e-16 6.47133e-05 0.000629036 0.00418017 0.0190024 0.0591237 0.12597 0.183859 0.183872 0.126033 0.0593356 0.0196151 0.00572014 0.00399799 0.00648462 0.0106764 0.0155154 0.0198223 0.0224537 0.0229199 0.0216786 0.0197973 0.0182527 0.017415 0.0170278 0.0165532
 1.04489e-16 5.76151e-05 0.000560039 0.00372166 0.0169181 0.0526387 0.112153 0.163696 0.163718 0.112265 0.0530133 0.0180003 0.0064387 0.00649371 0.0113338 0.018665 0.0269287 0.0339664 0.0376211 0.0369112 0.0326123 0.0267164 0.0212145 0.0171533 0.0145109 0.0126926
 1.03221e-16 6.47172e-05 0.000629075 0.00418042 0.0190036 0.0591273 0.125978 0.183871 0.183886 0.126049 0.0593657 0.0196925 0.00591205 0.00441684 0.00728073 0.0119926 0.0174061 0.0221749 0.0249643 0.0251499 0.0231588 0.0201209 0.0171281 0.0146976 0.012758 0.0109932
 1.05452e-16 4.44397e-05 0.00043197 0.00287059 0.0130493 0.0406014 0.086507 0.126267 0.126302 0.0866778 0.0411752 0.0147069 0.00703306 0.00952394 0.0173274 0.0286168 0.0413177 0.0521679 0.0578679 0.0568974 0.0504024 0.0413694 0.0327817 0.0262051 0.0216282 0.0182281
 1.10894e-16 4.20259e-05 0.000408507 0.00271467 0.0123405 0.0383961 0.0818079 0.119406 0.119432 0.0819345 0.0388221 0.0135738 0.00582139 0.00722667 0.0130973 0.0218642 0.0321436 0.0417879 0.0486012 0.0515317 0.0511779 0.0491241 0.0466941 0.0441874 0.0410801 0.0367837
 1.13575e-16 4.89393e-05 0.000475708 0.00316125 0.0143706 0.0447123 0.095265 0.139046 0.139066 0.0953635 0.0450433 0.0153286 0.00557363 0.00576719 0.0101737 0.0169422 0.0248811 0.0323221 0.037611 0.0400414 0.0402416 0.0396079 0.039245 0.0392795 0.0389852 0.0374463
 1.07929e-16 6.19996e-05 0.000602658 0.00400488 0.0182056 0.0566444 0.120687 0.17615 0.176164 0.120757 0.0568791 0.0188841 0.00571114 0.00433757 0.00718561 0.0118625 0.0172787 0.022155 0.0252436 0.0260076 0.0249368 0.0231697 0.0217253 0.0209523 0.0205297 0.0198628
 1.02646e-16 6.99914e-05 0.000680341 0.00452111 0.0205523 0.0639459 0.136244 0.198854 0.198865 0.136297 0.0641257 0.0210718 0.00582562 0.00353016 0.00548846 0.00897931 0.0129683 0.0163953 0.0182334 0.0180187 0.016123 0.0134896 0.0110495 0.00927276 0.00811828 0.00727996
 1.01731e-16 6.4928e-05 0.000631123 0.00419404 0.0190655 0.0593199 0.126388 0.184471 0.184488 0.126473 0.0596045 0.0198875 0.00625739 0.00513503 0.00861748 0.0141405 0.0203562 0.0255825 0.0281502 0.0272888 0.0235802 0.0185585 0.0137901 0.0101499 0.00771058 0.00609584
 1.02326e-16 6.10814e-05 0.000593733 0.00394556 0.017936 0.0558056 0.1189 0.173543 0.173563 0.118997 0.0561294 0.0188715 0.00629519 0.00572707 0.00982212 0.0161721 0.0233617 0.0295244 0.0327919 0.0322891 0.0286302 0.0234602 0.018432 0.0144299 0.0114907 0.00922793
 1.03565e-16 5.77607e-05 0.000561454 0.00373106 0.0169609 0.0527717 0.112436 0.164109 0.16413 0.112541 0.0531244 0.0179802 0.00629196 0.00615947 0.0107116 0.0176749 0.0255909 0.032464 0.0362903 0.0361336 0.0326496 0.0275769 0.0226275 0.0186639 0.0156451 0.0131159
 1.03121e-16 6.53275e-05 0.000635007 0.00421985 0.0191828 0.0596849 0.127166 0.185605 0.185619 0.127235 0.059917 0.0198535 0.00590536 0.00432116 0.00708561 0.011662 0.0169142 0.0215246 0.0241919 0.0243117 0.0223119 0.0193107 0.0163883 0.0140558 0.0122356 0.0105988
 1.00553e-16 7.83834e-05 0.000761915 0.00506319 0.0230165 0.071613 0.152579 0.222695 0.222698 0.152597 0.071674 0.0231926 0.00550536 0.00172763 0.00191382 0.00304349 0.00438521 0.00553257 0.0061296 0.00601404 0.00530812 0.00433091 0.00340231 0.00269203 0.00220148 0.00184422
 1.0142e-16 3.58935e-05 0.000348897 0.00231855 0.0105398 0.0327936 0.069872 0.101991 0.102043 0.0701246 0.0336413 0.0129872 0.0084575 0.0137357 0.0254169 0.0418497 0.0600174 0.0749148 0.0814645 0.0773253 0.0643161 0.0472525 0.0311655 0.0190376 0.011342 0.00700855
 1.01547e-16 7.55304e-05 0.000734183 0.0048789 0.0221788 0.0690065 0.147026 0.214589 0.214593 0.147043 0.0690652 0.0223493 0.00530976 0.00168437 0.00190817 0.00310797 0.00463891 0.00618386 0.00746135 0.00831986 0.00878477 0.00896642 0.00891765 0.00857963 0.00785757 0.00674102
 1.02039e-16 5.47022e-05 0.000531725 0.0035335 0.0160628 0.0499775 0.106483 0.155422 0.155452 0.106628 0.0504639 0.0174672 0.00705636 0.00821475 0.0146246 0.0240348 0.0344883 0.0431024 0.046985 0.0448191 0.0376689 0.0282984 0.0195629 0.0131058 0.00910544 0.00685637
 1.04163e-16 5.55941e-05 0.000540395 0.00359111 0.0163247 0.0507923 0.108219 0.157953 0.157974 0.108322 0.0511373 0.0173225 0.00610085 0.00603575 0.0105407 0.0174635 0.0254424 0.0325964 0.0370191 0.0377874 0.0354366 0.0314616 0.0272876 0.0235614 0.0201894 0.0168448
 1.03945e-16 6.40878e-05 0.000622956 0.00413976 0.0188188 0.0585522 0.124752 0.182083 0.182097 0.124823 0.0587909 0.0195089 0.00587434 0.00441739 0.00729364 0.0120179 0.0174515 0.0222553 0.0251079 0.0254045 0.0235939 0.0208176 0.0181545 0.0160756 0.0144369 0.0128461
 1.02865e-16 6.4599e-05 0.000627926 0.00417279 0.0189689 0.0590193 0.125748 0.183536 0.183552 0.125827 0.0592856 0.0197381 0.00610441 0.00484728 0.00808567 0.0132856 0.0191812 0.0242261 0.0268898 0.0264707 0.0235046 0.0193794 0.0154782 0.0125214 0.0104924 0.00899403
 1.06759e-16 3.07891e-05 0.000299281 0.00198883 0.00904098 0.0281301 0.0599359 0.0874881 0.0875356 0.060168 0.0289097 0.0112934 0.00764534 0.0126565 0.0235258 0.0389131 0.056214 0.0710275 0.0788707 0.077658 0.0689035 0.0566086 0.0447808 0.0355416 0.0289252 0.0239089
 1.06505e-16 6.43312e-05 0.000625322 0.00415549 0.0188902 0.0587746 0.125226 0.182772 0.18278 0.125265 0.0589078 0.0192771 0.00513404 0.00278675 0.00424349 0.00710791 0.0106882 0.0143958 0.0176555 0.0201776 0.0220473 0.0234895 0.0245287 0.0248701 0.0241038 0.0220323
 1.05844e-16 5.59654e-05 0.000544004 0.0036151 0.0164337 0.0511316 0.108942 0.159009 0.159033 0.10906 0.0515279 0.0175784 0.00648841 0.00681667 0.0119702 0.0197058 0.0283998 0.0357667 0.0395344 0.0386998 0.034148 0.0280622 0.022599 0.0188494 0.0166909 0.0153372
 1.08715e-16 4.10196e-05 0.000398725 0.00264967 0.012045 0.0374767 0.0798494 0.116549 0.116582 0.080011 0.0380197 0.0136148 0.00659589 0.00903318 0.0164976 0.0273613 0.0397673 0.0507556 0.0573146 0.0580334 0.0538752 0.04738 0.0409821 0.0358025 0.0316335 0.0277298
 1.06346e-16 6.39709e-05 0.00062182 0.00413221 0.0187844 0.0584454 0.124525 0.181749 0.18176 0.124578 0.0586239 0.0193012 0.00543454 0.00348182 0.00554584 0.00919952 0.0135585 0.0177121 0.0207716 0.0223307 0.0226611 0.0224172 0.0221 0.0217367 0.0209842 0.0194814
 1.04531e-16 6.04497e-05 0.000587593 0.00390476 0.0177505 0.0552285 0.117671 0.171748 0.171768 0.117768 0.0555559 0.0186961 0.00627885 0.00577177 0.00991098 0.016303 0.0235149 0.0296541 0.0328434 0.0322419 0.0285529 0.0235415 0.0189567 0.0156926 0.0136773 0.0123205
 1.08574e-16 3.22581e-05 0.000313561 0.00208372 0.00947233 0.0294722 0.0627952 0.0916604 0.0917036 0.0630062 0.0301811 0.0115213 0.00723189 0.0115681 0.021454 0.0355403 0.051483 0.0653472 0.0731216 0.0729352 0.0661136 0.0561537 0.0464927 0.0388508 0.0331202 0.0283458
 1.16391e-16 3.96465e-05 0.000385378 0.00256097 0.0116418 0.0362222 0.0771759 0.112645 0.112665 0.0772736 0.0365513 0.0125968 0.0049747 0.00570941 0.0103126 0.0174105 0.0260743 0.0348915 0.042412 0.0479397 0.051788 0.0546966 0.0569357 0.0579255 0.0566627 0.0525099
 1.05558e-16 7.17746e-05 0.000697675 0.00463629 0.0210759 0.0655751 0.139715 0.203919 0.203925 0.139744 0.0656741 0.0213625 0.0053578 0.00227969 0.00309738 0.00506411 0.00742734 0.00964669 0.0112378 0.0120172 0.0122137 0.0122867 0.0125867 0.0131269 0.0136115 0.0136499
pSPR Fmed_Fpbrs
0.635802   0.210681 0.210681
Fs Fmed_Fpbrs
0.244005   1.005 1.005
SSBpbr Bo_Bmed_Bpbrs
1.8427e+06  1.07946e+06  296088 296088
Ro
172410
SPR SPRFo_SPRFmed_SPRFpbrs
1.22767e+06 780557 258647
Fref
1.005
log_Ro
11.8776
likeval ReclasPelacesDesembMPH_pf_preclas_ppelaces_ptallas_desvR_qrecl_qpela
 13.9005 17.7813 0.0646338 0.00263185 229.113 120.941 82.3422 0 24.6431 0 0 0.328898 0 0 0
q_reclas_q_pelaces
1 1
M
1
N
 197335 43604.5 142437 8516.14 0.279429
 111168 65079.4 14002.1 45738.5 2734.75
 110437 33517.3 18691.8 4021.61 13922.3
 185680 33463.7 9686.75 5402.07 5185.91
 147834 51033.4 8565.99 2479.6 2710.3
 248208 49303 16617.4 2789.24 1689.92
 102633 75264.1 14261.7 4806.85 1295.67
 46216.4 24481.1 16152.2 3060.66 1309.64
 42902.6 15844.4 8249.74 5443.03 1472.72
 56413 11938.6 4118.83 2144.56 1797.78
 104710 14249.1 2751.23 949.175 908.502
 142325 35201.5 4686.11 904.801 610.937
 118875 35318 7935.31 1056.37 341.686
 84031.1 30207.7 8200.29 1842.45 324.606
 82995.5 16656.5 5149.35 1397.86 369.407
 463983 20054.5 3632.54 1123 385.414
 95849.9 123314 4923.56 891.824 370.329
 690363 28580.8 34933.6 1394.79 357.555
 415611 205101 8059.8 9851.29 494.163
 333128 112914 51750.8 2033.64 2610.35
 466666 93943.2 29842.9 13677.6 1227.39
 620412 140186 26859.3 8532.38 4261.48
 129711 176207 37379.9 7161.91 3411.43
 378421 40926.1 53552.8 11360.5 3213.45
 320522 121581 12721.7 16646.6 4530.23
 146475 102783 37703.1 3945.08 6567.09
 327152 48239.7 32948.6 12086.3 3369.84
 365729 105426 15051.4 10280.4 4822.51
 103363 120612 33853.3 4833.13 4849.66
 78005.2 34100.5 38747.6 10875.6 3110.67
 336390 24439.6 10273.5 11673.6 4213.69
pred_Ctot
 13030.7 3542.95 11573.2 691.951 0.0227041
 12887 9203.85 1980.24 6468.57 386.761
 12505.7 4632.55 2583.46 555.841 1924.25
 30394.1 6626.32 1918.12 1069.69 1026.89
 8802.42 3743.06 628.275 181.867 198.788
 28010.3 6791.45 2289.03 384.215 232.785
 23624.7 20701.4 3922.68 1322.12 356.374
 2000.65 1308.96 863.629 163.648 70.0243
 6757.39 3022.24 1573.59 1038.23 280.914
 11521.8 2927.8 1010.09 525.926 440.884
 5745.55 963.856 186.103 64.2055 61.4543
 30229.4 8963.86 1193.29 230.402 155.572
 23945.4 8546.78 1920.31 255.636 82.6863
 25743.8 10894.9 2957.57 664.513 117.075
 18626.8 4471.72 1382.43 375.278 99.1733
 83582.4 4357.13 789.224 243.988 83.7369
 11677 18308.8 731.013 132.411 54.9837
 85446.3 4309.71 5267.66 210.321 53.9159
 70410.7 41989.8 1650.06 2016.83 101.169
 50230.8 20643.7 9461.43 371.803 477.241
 55012 13505.8 4290.39 1966.37 176.457
 91303.9 25030.8 4795.85 1523.49 760.906
 11817.4 19669.2 4172.55 799.453 380.803
 30634.5 4066.38 5320.95 1128.77 319.284
 26292.5 12238.6 1280.59 1675.68 456.021
 9788.53 8450.55 3099.86 324.356 539.931
 25926.5 4693.5 3205.75 1175.94 327.87
 24153.6 8567.2 1223.11 835.407 391.889
 6804.18 9769.79 2742.17 391.491 392.83
 7411.04 3966.82 4507.41 1265.13 361.856
 19121 1711.99 719.66 817.734 295.168
F
 0.109295 0.135956 0.135956 0.135956 0.135956
 0.198984 0.247523 0.247523 0.247523 0.247523
 0.193984 0.241303 0.241303 0.241303 0.241303
 0.291544 0.362661 0.362661 0.362661 0.362661
 0.0981011 0.122031 0.122031 0.122031 0.122031
 0.193263 0.240406 0.240406 0.240406 0.240406
 0.433262 0.538949 0.538949 0.538949 0.538949
 0.0705168 0.0877182 0.0877182 0.0877182 0.0877182
 0.279154 0.34725 0.34725 0.34725 0.34725
 0.376009 0.467731 0.467731 0.467731 0.467731
 0.0901078 0.112088 0.112088 0.112088 0.112088
 0.393724 0.489766 0.489766 0.489766 0.489766
 0.369975 0.460224 0.460224 0.460224 0.460224
 0.618384 0.769229 0.769229 0.769229 0.769229
 0.420335 0.522869 0.522869 0.522869 0.522869
 0.325114 0.40442 0.40442 0.40442 0.40442
 0.210048 0.261286 0.261286 0.261286 0.261286
 0.213714 0.265847 0.265847 0.265847 0.265847
 0.303121 0.377062 0.377062 0.377062 0.377062
 0.265836 0.330682 0.330682 0.330682 0.330682
 0.202646 0.252078 0.252078 0.252078 0.252078
 0.258724 0.321835 0.321835 0.321835 0.321835
 0.153538 0.190991 0.190991 0.190991 0.190991
 0.135428 0.168463 0.168463 0.168463 0.168463
 0.137335 0.170836 0.170836 0.170836 0.170836
 0.110672 0.137668 0.137668 0.137668 0.137668
 0.132414 0.164714 0.164714 0.164714 0.164714
 0.10931 0.135975 0.135975 0.135975 0.135975
 0.108939 0.135513 0.135513 0.135513 0.135513
 0.16057 0.199739 0.199739 0.199739 0.199739
 0.0934731 0.116274 0.116274 0.116274 0.116274
nmprior
 8 9 7.5 0
nm_flota  nm_reclas  nm_pelaces    nm_pelaL
inf 13.1346 16.3879 28.67
cv_recla  cv_pelaces  cv_mph
0.337241 0.496188 1.5832
 ------------------------------------------------
Talla a la edad & desviación 
 8 13.2811 15.8009 17.003 17.5766
 0.8 1.32811 1.58009 1.7003 1.75766
