years
 1991 1992 1993 1994 1995 1996 1997 1998 1999 2000 2001 2002 2003 2004 2005 2006 2007 2008 2009 2010 2011 2012 2013 2014 2015 2016 2017 2018 2019 2020 2021
reclasobs
 0 0 0 0 0 0 0 0 0 252601 567819 844713 477998 351125 339783 2.1784e+06 2.13404e+06 4.81314e+06 1.55562e+06 2.62356e+06 3.21686e+06 3.843e+06 1.13348e+06 3.07943e+06 1.97215e+06 2.03268e+06 2.025e+06 2.42433e+06 2.27542e+06 1.05018e+06 2.36338e+06
reclaspred
 3.36885e+06 1.96619e+06 826698 491244 95690.9 2.12791e+06 828518 258706 730246 213661 255643 752156 525456 405826 289365 1.92349e+06 1.15526e+06 6.91466e+06 4.48508e+06 1.58106e+06 3.66902e+06 3.66471e+06 2.00151e+06 4.35226e+06 2.67496e+06 1.35053e+06 2.46616e+06 5.22671e+06 3.96338e+06 1.55717e+06 325456
pelacesobs
 0 0 0 0 0 0 0 0 0 0 0 0 0 0 0 552880 188675 0 991730 2.46772e+06 1.41603e+06 1.21717e+06 2.29649e+06 1.80582e+06 0 1.4828e+06 1.56532e+06 1.57751e+06 1.42118e+06 867257 0
pelacespred
 517783 414622 189533 86634.4 12901.2 492580 148740 60463.1 159557 34094.8 56347.5 140074 98376.7 76196 52772.2 370849 219543 1.7087e+06 1.06935e+06 373823 825792 800261 440656 1.13248e+06 664575 326070 691408 1.43335e+06 913503 446130 71607.5
mphobs
 0 0 0 0 0 0 0 0 0 0 0 498337 0 5186 125008 0 168611 109162 213762 579715 649985 157893 87575 83554 0 0 0 0 0 0 0
mphpred
 60510.7 393627 185116 57246.7 28868.5 4714.94 212339 57631.4 21673.2 60726 9738.46 27513.5 66389.1 32255.6 18151.3 17474.6 215361 112809 778071 388011 165895 342311 387268 212974 445746 268896 119648 231662 693259 383144 99275.8
desembarqueobs
 494567 514787 250237 358949 120608 361735 552515 73892 212993 205616 52469 317467 293654 387597 252695 516296 358380 742168 942051 627588 828172 859565 418607 520667 417249 300574 407403 355545 319650 289779 219260
desembarquepred
 494241 519908 247161 358266 120450 361458 551624 73849.5 212771 205296 52438 317051 293148 386720 252254 515736 358088 741618 940359 625955 827306 858427 418189 520298 416780 300153 407035 355320 319375 289308 218796
Reclutas
 530070 1451.9 5489.69 95619.1 1647.61 327221 1786.19 501.707 66994.3 2163.42 40357.2 155691 59580.6 70917.3 44290.9 399364 3979.16 1.03034e+06 168709 31154.3 420092 555258 4581.87 330946 138953 15828.8 234155 462357 9740.12 3681.26 3316.94
log_desv_Rt
 2.67373 -3.2264 -1.8964 0.961097 -3.09995 2.19136 -3.01919 -4.28901 0.605332 -2.82758 0.0984951 1.4486 0.488055 0.66224 0.191505 2.3906 -2.2182 3.33837 1.5289 -0.160321 2.4412 2.72016 -2.07717 2.20268 1.33486 -0.837446 1.85671 2.53706 -1.32302 -2.29602 -2.40023
SSB
 169871 1.10503e+06 519675 160708 81042.4 13236.2 596098 161788 60843.2 170476 27338.8 77238.7 186374 90551.1 50956.1 49056.3 604581 316687 2.18428e+06 1.08926e+06 465718 960968 1.08718e+06 597880 1.25134e+06 754872 335889 650344 1.94618e+06 1.0756e+06 278697
BT
 1.48045e+06 1.40172e+06 672108 524728 130825 1.45611e+06 836193 210438 560067 262475 175336 584736 486673 581650 371453 1.26036e+06 790263 4.60823e+06 3.34697e+06 1.51009e+06 2.64229e+06 2.59533e+06 1.37779e+06 3.10994e+06 1.92577e+06 1.03901e+06 2.02963e+06 3.64563e+06 2.36762e+06 1.3495e+06 405698
Ftot
 0.274151 0.467627 0.525377 1.19442 1.79308 0.317081 1.08053 0.503004 0.529159 1.46103 0.378592 0.743674 0.942466 1.49002 1.39105 0.490617 0.543559 0.201935 0.377235 0.683475 0.412795 0.425678 0.373684 0.22322 0.283909 0.397579 0.306169 0.128331 0.147479 0.333751 1.09124
BD_Bspro_t
 0.957084 0.711813 0.442373 0.239349 0.142501 0.0386352 0.526556 0.209912 0.133128 0.314039 0.10002 0.340731 0.361949 0.187951 0.110686 0.111947 0.470098 0.31914 0.692248 0.49513 0.282571 0.441987 0.486658 0.378903 0.585277 0.522532 0.404035 0.593071 0.789078 0.674887 0.432692
BD_Bspro
 0.652312 4.24334 1.99557 0.617125 0.311205 0.0508276 2.28903 0.621273 0.23364 0.654633 0.104982 0.296599 0.715682 0.347719 0.195673 0.188378 2.32161 1.21609 8.38769 4.1828 1.78837 3.69015 4.17479 2.29588 4.80519 2.89873 1.28982 2.49734 7.4734 4.13033 1.0702
BD_Bo
 0.103941 0.676142 0.317978 0.0983339 0.0495881 0.00809897 0.364739 0.0989948 0.0372286 0.10431 0.016728 0.0472607 0.114038 0.0554062 0.0311789 0.0300165 0.36993 0.193774 1.33651 0.666495 0.284962 0.587995 0.665219 0.36583 0.765668 0.46189 0.205523 0.397931 1.19083 0.658135 0.170528
BD_Brms
 0.803696 5.22811 2.45869 0.760344 0.383428 0.0626234 2.82026 0.765454 0.287862 0.806556 0.129345 0.365432 0.881773 0.428415 0.241083 0.232095 2.8604 1.49831 10.3343 5.15352 2.2034 4.54654 5.14365 2.82869 5.92035 3.57145 1.58916 3.07691 9.20779 5.08888 1.31857
Sel_flota
 0.964227 1 1 1 1
 0.964227 1 1 1 1
 0.964227 1 1 1 1
 0.964227 1 1 1 1
 0.964227 1 1 1 1
 0.964227 1 1 1 1
 0.964227 1 1 1 1
 0.964227 1 1 1 1
 0.964227 1 1 1 1
 0.964227 1 1 1 1
 0.964227 1 1 1 1
 0.964227 1 1 1 1
 0.964227 1 1 1 1
 0.964227 1 1 1 1
 0.964227 1 1 1 1
 0.964227 1 1 1 1
 0.964227 1 1 1 1
 0.964227 1 1 1 1
 0.964227 1 1 1 1
 0.964227 1 1 1 1
 0.964227 1 1 1 1
 0.964227 1 1 1 1
 0.964227 1 1 1 1
 0.964227 1 1 1 1
 0.964227 1 1 1 1
 0.964227 1 1 1 1
 0.964227 1 1 1 1
 0.964227 1 1 1 1
 0.964227 1 1 1 1
 0.964227 1 1 1 1
 0.964227 1 1 1 1
Sel_reclas
 1 1 1 1 1
 1 1 1 1 1
 1 1 1 1 1
 1 1 1 1 1
 1 1 1 1 1
 1 1 1 1 1
 1 1 1 1 1
 1 1 1 1 1
 1 1 1 1 1
 1 1 1 1 1
 1 1 1 1 1
 1 1 1 1 1
 1 1 1 1 1
 1 1 1 1 1
 1 1 1 1 1
 1 1 1 1 1
 1 1 1 1 1
 1 1 1 1 1
 1 1 1 1 1
 1 1 1 1 1
 1 1 1 1 1
 1 1 1 1 1
 1 1 1 1 1
 1 1 1 1 1
 1 1 1 1 1
 1 1 1 1 1
 1 1 1 1 1
 1 1 1 1 1
 1 1 1 1 1
 1 1 1 1 1
 1 1 1 1 1
Sel_pelaces
 1 1 1 1 1
 1 1 1 1 1
 1 1 1 1 1
 1 1 1 1 1
 1 1 1 1 1
 1 1 1 1 1
 1 1 1 1 1
 1 1 1 1 1
 1 1 1 1 1
 1 1 1 1 1
 1 1 1 1 1
 1 1 1 1 1
 1 1 1 1 1
 1 1 1 1 1
 1 1 1 1 1
 1 1 1 1 1
 1 1 1 1 1
 1 1 1 1 1
 1 1 1 1 1
 1 1 1 1 1
 1 1 1 1 1
 1 1 1 1 1
 1 1 1 1 1
 1 1 1 1 1
 1 1 1 1 1
 1 1 1 1 1
 1 1 1 1 1
 1 1 1 1 1
 1 1 1 1 1
 1 1 1 1 1
 1 1 1 1 1
pf_obs 
 0.8446 0.082 0.0669 0.0065 0
 0.8095 0.147 0.0364 0.0071 0
 0.9664 0.0169 0.016 0.0007 0
 0.9276 0.0648 0.0075 0.0001 0
 0.7033 0.2144 0.0806 0.0017 0
 0.9318 0.0425 0.0243 0.0014 0
 0.5671 0.3108 0.0964 0.0239 0.0018
 0.0768 0.2599 0.5324 0.112 0.0189
 0.490249 0.384438 0.106611 0.0170017 0.00170017
 0.7925 0.1577 0.0466 0.003 0.0002
 0.840416 0.127587 0.0312969 0.00059994 9.999e-05
 0.8084 0.0986 0.0794 0.0134 0.0002
 0.7335 0.1905 0.0724 0.0035 0.0001
 0.4001 0.4547 0.1325 0.0127 0
 0.49795 0.308269 0.164784 0.0264974 0.00249975
 0.9179 0.0499 0.0305 0.0017 0
 0.2467 0.6533 0.0926 0.0074 0
 0.9418 0.0223 0.034 0.0019 0
 0.707729 0.231977 0.0356964 0.0245975 0
 0.517169 0.277429 0.184464 0.0207286 0.00020938
 0.811772 0.124168 0.05621 0.00726502 0.000585176
 0.764997 0.148141 0.077277 0.00933861 0.000247198
 0.163321 0.427699 0.378323 0.0303852 0.000271297
 0.753843 0.0900009 0.118128 0.0371064 0.000921714
 0.721811 0.176058 0.0630433 0.0369309 0.00215725
 0.143369 0.312575 0.442814 0.0836902 0.0175525
 0.692698 0.0596174 0.167031 0.0765114 0.00414204
 0.394062 0.376323 0.152708 0.0712218 0.00568511
 0.125707 0.32114 0.495352 0.0537591 0.00404204
 0.23352 0.215282 0.420074 0.123614 0.00750983
 0 0 0 0 0
pf_pred 
 0.969418 0.0223129 0.00745873 0.000809949 1.0962e-07
 0.0090526 0.961862 0.0212212 0.00709378 0.000770423
 0.129341 0.00825543 0.837092 0.0184684 0.00684407
 0.911998 0.0118676 0.000721891 0.0731989 0.00221343
 0.117799 0.809045 0.00986551 0.000600108 0.0626903
 0.997325 0.000338507 0.00214255 2.61263e-05 0.000167609
 0.0192522 0.978235 0.000317956 0.00201248 0.000181973
 0.0412124 0.0196147 0.936767 0.000304478 0.00210143
 0.961084 0.00167863 0.000761803 0.0363825 9.34414e-05
 0.121262 0.84609 0.00140824 0.000639092 0.0306004
 0.962927 0.00478886 0.0310847 5.17376e-05 0.00114772
 0.934147 0.0635142 0.000302062 0.0019607 7.56568e-05
 0.660867 0.317888 0.0204901 9.74474e-05 0.000656942
 0.841363 0.106894 0.0485016 0.00312627 0.000115101
 0.856182 0.12237 0.0144517 0.00655727 0.000438223
 0.987447 0.0108535 0.00144592 0.000170761 8.26582e-05
 0.0400448 0.948455 0.00994335 0.00132467 0.000232168
 0.979687 0.000852201 0.0192278 0.00020158 3.15614e-05
 0.339472 0.647635 0.000540867 0.0122033 0.000147968
 0.197179 0.280634 0.511995 0.000427588 0.00976446
 0.933865 0.0135923 0.0183666 0.0335085 0.000667038
 0.829339 0.159844 0.00222306 0.00300391 0.00558951
 0.0266603 0.813441 0.149764 0.00208287 0.00805149
 0.883473 0.00324437 0.094673 0.0174304 0.0011795
 0.548802 0.400506 0.00141139 0.0411854 0.00809582
 0.180864 0.458157 0.320423 0.00112918 0.0394272
 0.914684 0.0160094 0.0387645 0.0271109 0.00343147
 0.864765 0.124144 0.00208127 0.00503951 0.0039706
 0.0516262 0.8244 0.113806 0.00190795 0.0082598
 0.0579332 0.0504927 0.775025 0.10699 0.00955879
 0.166175 0.0503328 0.0419934 0.644568 0.0969304
pobs_RECLAS
 0 0 0 0 0
 0 0 0 0 0
 0 0 0 0 0
 0 0 0 0 0
 0 0 0 0 0
 0 0 0 0 0
 0 0 0 0 0
 0 0 0 0 0
 0 0 0 0 0
 0 0 0 0 0
 0.991045 0.00858322 0.000360255 1.14367e-05 0
 0.934742 0.0480273 0.0164251 0.00080598 0
 0.827803 0.169806 0.00239088 0 0
 0.941827 0.0461693 0.0120037 0 0
 0.791401 0.0380133 0.147996 0.0225897 0
 0.846168 0.0940531 0.0597789 0 0
 0.134021 0.677848 0.182769 0.00536245 0
 0.80878 0.0450904 0.141981 0.00414843 0
 0.846168 0.0940531 0.0597789 0 0
 0.905697 0.0802665 0.012482 0.00150086 5.37128e-05
 0.989698 0.0102097 9.19794e-05 0 0
 0.975433 0.0193895 0.00387452 0.00125025 5.28907e-05
 0.303575 0.632131 0.0575291 0.00676475 0
 0.966965 0.00978017 0.0227588 0.000495775 0
 0.843318 0.132988 0.00938335 0.0141283 0.000182051
 0.564624 0.303363 0.111486 0.0197234 0.00080311
 0.826376 0.0876187 0.0782897 0.00655872 0.00115652
 0.89761 0.0855135 0.0140674 0.00269457 0.000114338
 0.34875 0.467042 0.161289 0.0227151 0.000203297
 0.318654 0.224769 0.449479 0.00709798 0
 0.937255 0.0296025 0.0250945 0.00804832 0
ppred_RECLAS
 0.970509 0.0215172 0.00719273 0.000781064 1.05711e-07
 0.00940358 0.961521 0.0212136 0.00709126 0.00077015
 0.133763 0.0082135 0.832839 0.0183746 0.00680931
 0.915437 0.0114039 0.000693686 0.070339 0.00212695
 0.123051 0.804228 0.00980677 0.000596535 0.062317
 0.997424 0.000326037 0.00206363 2.51639e-05 0.000161434
 0.0200741 0.977416 0.00031769 0.00201079 0.000181821
 0.0427645 0.0195829 0.935251 0.000303985 0.00209803
 0.962507 0.00161724 0.000733942 0.0350519 9.00241e-05
 0.126263 0.841275 0.00140023 0.000635456 0.0304263
 0.964258 0.00461699 0.0299691 4.98808e-05 0.00110653
 0.936571 0.0611769 0.000290946 0.00188854 7.28726e-05
 0.670112 0.309223 0.0199316 9.47909e-05 0.000639034
 0.847459 0.102787 0.046638 0.00300614 0.000110678
 0.861687 0.117687 0.0138986 0.00630631 0.000421452
 0.987916 0.0104483 0.00139194 0.000164386 7.95725e-05
 0.0415641 0.946954 0.00992761 0.00132257 0.0002318
 0.980413 0.000821746 0.0185407 0.000194376 3.04335e-05
 0.348027 0.639248 0.000533862 0.0120453 0.000146051
 0.203537 0.278411 0.507941 0.000424202 0.00968713
 0.93618 0.0131166 0.0177238 0.0323357 0.000643692
 0.834674 0.154848 0.00215357 0.00291001 0.00541478
 0.0276618 0.812604 0.14961 0.00208073 0.00804321
 0.88725 0.0031392 0.0916041 0.0168654 0.00114126
 0.558065 0.392283 0.00138241 0.0403399 0.00792961
 0.186566 0.454968 0.318192 0.00112132 0.0391528
 0.917571 0.0154675 0.0374525 0.0261933 0.00331533
 0.869017 0.120241 0.00201583 0.00488106 0.00384577
 0.0534641 0.822803 0.113585 0.00190426 0.0082438
 0.0600261 0.0503805 0.773304 0.106752 0.00953756
 0.172181 0.0499703 0.041691 0.639926 0.0962323
pobs_PELACES
 0 0 0 0 0
 0 0 0 0 0
 0 0 0 0 0
 0 0 0 0 0
 0 0 0 0 0
 0 0 0 0 0
 0 0 0 0 0
 0 0 0 0 0
 0 0 0 0 0
 0 0 0 0 0
 0 0 0 0 0
 0 0 0 0 0
 0 0 0 0 0
 0 0 0 0 0
 0 0 0 0 0
 0 0 0 0 0
 0.505614 0.472636 0.0217494 0 0
 0 0 0 0 0
 0.443492 0.261883 0.143347 0.151278 0
 0.227955 0.32914 0.350689 0.0885471 0.00366901
 0.970185 0.0296113 0.000203453 0 0
 0.997202 0.00247181 0.000326279 0 0
 0.445219 0.490057 0.0546422 0.010081 0
 0.90214 0.0892962 0.00764917 0.000914606 0
 0 0 0 0 0
 0.581667 0.319106 0.0959925 0.00289975 0.000334073
 0.762889 0.0836404 0.116647 0.0363945 0.000428098
 0.88444 0.0763242 0.0277011 0.0115352 0
 0.521256 0.241999 0.230069 0.00667565 0
 0.616807 0.101726 0.260614 0.0208532 0
 0 0 0 0 0
ppred_PELACES
 0.970601 0.0214497 0.00717017 0.000778615 1.05379e-07
 0.00945515 0.961471 0.0212125 0.0070909 0.00077011
 0.134484 0.00820667 0.832147 0.0183593 0.00680365
 0.916522 0.0112576 0.000684784 0.0694364 0.00209966
 0.125354 0.802117 0.00978102 0.000594969 0.0621534
 0.997433 0.000324822 0.00205594 2.50701e-05 0.000160833
 0.0203265 0.977164 0.000317608 0.00201027 0.000181774
 0.0430082 0.019578 0.935012 0.000303908 0.00209749
 0.962732 0.00160754 0.000729541 0.0348418 8.94843e-05
 0.128178 0.839432 0.00139716 0.000634063 0.0303596
 0.964411 0.00459714 0.0298402 4.96663e-05 0.00110177
 0.93709 0.0606758 0.000288563 0.00187308 7.22757e-05
 0.672567 0.306922 0.0197832 9.40856e-05 0.000634279
 0.849719 0.101264 0.045947 0.0029616 0.000109038
 0.863632 0.116032 0.0137031 0.00621761 0.000415523
 0.987985 0.0103887 0.001384 0.000163448 7.91185e-05
 0.0418205 0.946701 0.00992496 0.00132222 0.000231738
 0.980458 0.000819827 0.0184974 0.000193922 3.03624e-05
 0.349038 0.638256 0.000533034 0.0120266 0.000145825
 0.204848 0.277953 0.507104 0.000423504 0.00967119
 0.936471 0.0130569 0.0176431 0.0321885 0.000640761
 0.835366 0.154199 0.00214456 0.00289783 0.00539211
 0.0277807 0.812505 0.149591 0.00208047 0.00804222
 0.887513 0.00313187 0.0913901 0.016826 0.00113859
 0.558891 0.39155 0.00137983 0.0402644 0.00791478
 0.187279 0.454569 0.317913 0.00112033 0.0391185
 0.917844 0.0154163 0.0373285 0.0261066 0.00330435
 0.869189 0.120082 0.00201318 0.00487464 0.00384071
 0.0535523 0.822726 0.113575 0.00190408 0.00824303
 0.0602488 0.0503686 0.773121 0.106727 0.0095353
 0.174025 0.049859 0.0415981 0.6385 0.0960179
pobs_pel_tallas
 0 0 0 0 0 0 0 0 0 0 0 0 0 0 0 0 0 0 0 0 0 0 0 0 0 0
 0 0 0 0 0 0 0 0 0 0 0 0 0 0 0 0 0 0 0 0 0 0 0 0 0 0
 0 0 0 0 0 0 0 0 0 0 0 0 0 0 0 0 0 0 0 0 0 0 0 0 0 0
 0 0 0 0 0 0 0 0 0 0 0 0 0 0 0 0 0 0 0 0 0 0 0 0 0 0
 0 0 0 0 0 0 0 0 0 0 0 0 0 0 0 0 0 0 0 0 0 0 0 0 0 0
 0 0 0 0 0 0 0 0 0 0 0 0 0 0 0 0 0 0 0 0 0 0 0 0 0 0
 0 0 0 0 0 0 0 0 0 0 0 0 0 0 0 0 0 0 0 0 0 0 0 0 0 0
 0 0 0 0 0 0 0 0 0 0 0 0 0 0 0 0 0 0 0 0 0 0 0 0 0 0
 0 0 0 0 0 0 0 0 0 0 0 0 0 0 0 0 0 0 0 0 0 0 0 0 0 0
 0 0 0 0 0 0 0 0 0 0 0 0 0 0 0 0 0 0 0 0 0 0 0 0 0 0
 0 0 0 0 0 0 0 0 0 0 0 0 0 0 0 0 0 0 0 0 0 0 0 0 0 0
 0 0 0 0 0 0 0 0 0 0 0 0 0 0 0 0 0 0 0 0 0 0 0 0 0 0
 0.00862536 0 0 0.000197151 0.00414017 0.0128641 0.00837892 0.0270097 0.101434 0.158115 0.152841 0.127902 0.109271 0.109419 0.0830992 0.0579132 0.0238553 0.00714673 0.00463305 0.00128148 0.00103504 0.000492878 0.000147863 0.000147863 4.92878e-05 0
 0 0 0 0 0 0 0 0 0 0 0 0 0 0 0 0 0 0 0 0 0 0 0 0 0 0
 0 0 0 0 0 0 0 0.0054083 0.00873648 0.0413646 0.0450493 0.0745869 0.0622846 0.0627006 0.0613931 0.0827291 0.12552 0.122667 0.0946155 0.0697135 0.0546179 0.0294188 0.0215738 0.0213955 0.0102223 0.00600262
 0 0 0 0 0.00359764 0.0251062 0.0480494 0.140153 0.205849 0.193036 0.1447 0.116669 0.0760912 0.0342217 0.00950174 0.001854 0.000860785 0 0 0 0.000165536 0 0.000143464 0 0 0
 0 0 0 0 0 0 0 0.000145254 0.000435761 0.0275982 0.070085 0.0708112 0.156366 0.174668 0.174014 0.160142 0.0824315 0.0480064 0.0283245 0.00493863 0.00203355 0 0 0 0 0
 0 0 0 0 0 0 0 0 0 0 0 0 0 0 0 0 0 0 0 0 0 0 0 0 0 0
 0 0 1.00437e-05 0.000401748 0.00122533 0.00171747 0.00176769 0.0269171 0.070346 0.194647 0.189555 0.159765 0.064822 0.0314167 0.0384472 0.0292271 0.0345202 0.0313363 0.0194345 0.0106764 0.0143323 0.0359363 0.0279516 0.0138201 0.00172751 0
 0 0.0021121 0.0136068 0.0755702 0.200478 0.177729 0.0527432 0.0373336 0.0318909 0.0142505 0.0149659 0.0166563 0.0217959 0.0798694 0.0677717 0.0528807 0.04013 0.0224614 0.0357745 0.0225083 0.00881397 0.00855152 0.00135912 0.000746735 0 0
 0 0 0 0 5.4009e-05 0.00500934 0.000945158 0.0243581 0.138947 0.33067 0.221406 0.137944 0.0707744 0.0437923 0.0131692 0.00525238 0.0047753 0.00276346 9.45158e-05 9.00151e-06 2.25038e-05 9.00151e-06 4.50075e-06 0 0 0
 0.000866109 0.00284123 0.00948549 0.0512746 0.133035 0.25785 0.225252 0.132002 0.0553304 0.0519788 0.0540692 0.017754 0.00435017 0.00159236 0.00146478 0.000404838 0.000125132 0.000115318 0.000107957 0.000100596 0 0 0 0 0 0
 0 0 0 0 0.00144013 0.00171154 0.00461396 0.0210425 0.0478622 0.0707936 0.0888783 0.103762 0.0637923 0.0337046 0.0602308 0.124433 0.169614 0.0934646 0.0462172 0.0250306 0.0313229 0.00938855 0.002487 0.000210481 0 0
 0 0.00764035 0.051015 0.0998891 0.058973 0.0496711 0.0374665 0.0718981 0.12319 0.153886 0.159021 0.0857701 0.0377988 0.023471 0.0147837 0.00900784 0.00315554 0.000888139 0.00291439 0.00214683 0.00393193 0.00274676 0.000635225 9.99891e-05 0 0
 0 0 0 0 0 0 0 0 0 0 0 0 0 0 0 0 0 0 0 0 0 0 0 0 0 0
 0 0 0 0 0 0 0 0 0 0 0 0 0 0 0 0 0 0 0 0 0 0 0 0 0 0
 0 0 0 0 0 0 0 0 0 0 0 0 0 0 0 0 0 0 0 0 0 0 0 0 0 0
 0 0 0 0 0 0 0 0 0 0 0 0 0 0 0 0 0 0 0 0 0 0 0 0 0 0
 0 0 0 0 0 0 0 0 0 0 0 0 0 0 0 0 0 0 0 0 0 0 0 0 0 0
 0 0 0 0 0 0 0 0 0 0 0 0 0 0 0 0 0 0 0 0 0 0 0 0 0 0
 0 0 0 0 0 0 0 0 0 0 0 0 0 0 0 0 0 0 0 0 0 0 0 0 0 0
ppred_pel_tallas
 1.00291e-16 7.99472e-05 0.000777115 0.0051642 0.0234757 0.0730417 0.155623 0.227137 0.227139 0.155633 0.0730757 0.0235741 0.00541159 0.00131816 0.00111041 0.00171675 0.00248273 0.00315792 0.0035452 0.0035525 0.00323844 0.00276345 0.0022851 0.00188233 0.0015531 0.00126187
 1.017e-16 7.79008e-07 7.57233e-06 5.03253e-05 0.000228828 0.000712466 0.0015214 0.00223992 0.0023324 0.00197321 0.00222895 0.00460652 0.0110298 0.0239454 0.0453737 0.0747762 0.107168 0.133608 0.144988 0.137111 0.113268 0.082159 0.0529 0.0309343 0.0171667 0.00966934
 1.27009e-16 1.10772e-05 0.000107675 0.000715537 0.00325273 0.0101205 0.0215628 0.0314719 0.031474 0.0215735 0.0101603 0.00338435 0.0011077 0.0011677 0.00262025 0.00586381 0.0120418 0.022603 0.0387356 0.060519 0.0860727 0.111299 0.130738 0.139452 0.135075 0.11887
 1.07342e-16 7.54927e-05 0.000733816 0.00487646 0.0221677 0.0689719 0.146952 0.214481 0.214482 0.146957 0.0689902 0.022221 0.00501174 0.0010346 0.00066417 0.00102839 0.00160304 0.00231766 0.00319428 0.00433506 0.00589639 0.00798651 0.010532 0.0132052 0.0154793 0.0168023
 1.11066e-16 1.03254e-05 0.000100367 0.000666976 0.00303202 0.00943416 0.0201033 0.0293576 0.0294347 0.0204802 0.0106993 0.0066841 0.00982673 0.0200716 0.037868 0.0624032 0.0894708 0.111649 0.121418 0.115407 0.0965224 0.072176 0.0500357 0.0345292 0.0260746 0.0225447
 1.0009e-16 8.21573e-05 0.000798598 0.00530696 0.0241247 0.0750608 0.159925 0.233415 0.233415 0.159925 0.0750614 0.0241264 0.00531141 0.00080881 0.00010301 4.40439e-05 6.42328e-05 9.88004e-05 0.000143018 0.00019578 0.000253812 0.000310043 0.000353965 0.000374823 0.00036632 0.000329847
 1.00492e-16 1.67447e-06 1.62766e-05 0.000108168 0.000491774 0.0015306 0.00326457 0.00478443 0.00487839 0.00372356 0.0030711 0.00493837 0.0112587 0.0243216 0.0460545 0.0758531 0.108608 0.135188 0.146292 0.137641 0.112621 0.0801771 0.0497293 0.0269639 0.0128995 0.00558267
 1.27373e-16 3.54254e-06 3.44347e-05 0.000228831 0.00104023 0.00323657 0.00689598 0.0100656 0.0100689 0.0069129 0.00329754 0.0012346 0.000785456 0.00147638 0.00340442 0.00734308 0.0145653 0.0265766 0.0445668 0.0685241 0.0963243 0.123447 0.143908 0.152349 0.146313 0.127397
 1.03531e-16 7.92989e-05 0.000770814 0.00512233 0.0232854 0.0724494 0.154361 0.225295 0.225295 0.154362 0.0724522 0.0232937 0.00514418 0.000821457 0.000184786 0.000206407 0.000357442 0.000606892 0.00100074 0.00160566 0.00248284 0.00364587 0.00501642 0.00640723 0.00755484 0.00819953
 1.05457e-16 1.0558e-05 0.000102628 0.000682 0.00310032 0.00964669 0.0205563 0.0300194 0.0301001 0.0209506 0.0109702 0.00692075 0.0102628 0.020988 0.039589 0.0652061 0.0934057 0.116368 0.126153 0.119152 0.0983425 0.0714612 0.0465928 0.0285291 0.017955 0.0129356
 1.01054e-16 7.94373e-05 0.000772159 0.00513127 0.023326 0.0725758 0.15463 0.225688 0.225688 0.154633 0.072584 0.0233503 0.00519442 0.000917165 0.000375713 0.000549678 0.000910045 0.00140548 0.00203315 0.00277746 0.00358699 0.00435575 0.00493096 0.00516137 0.00496576 0.00437781
 1.00225e-16 7.71869e-05 0.000750284 0.0049859 0.0226652 0.0705198 0.15025 0.219296 0.219302 0.150279 0.0706155 0.0229414 0.00567855 0.00226027 0.00293892 0.00472076 0.00675638 0.00841999 0.00913314 0.00863384 0.00713458 0.00518982 0.00337814 0.00204126 0.00122814 0.000804533
 1.00767e-16 5.53985e-05 0.000538493 0.00357848 0.0162673 0.0506136 0.107839 0.1574 0.15743 0.107983 0.0510981 0.0176661 0.0070878 0.0081927 0.0145723 0.0239511 0.0343734 0.0429625 0.0468227 0.0446117 0.0373466 0.0277399 0.0186212 0.0116629 0.00713339 0.0044528
 1.01668e-16 6.99902e-05 0.00068033 0.00452103 0.020552 0.0639448 0.136242 0.198851 0.19886 0.13629 0.064106 0.021018 0.00569319 0.00324677 0.00496632 0.00815713 0.011877 0.0152103 0.0172618 0.0175972 0.0164641 0.0145591 0.0125481 0.0107367 0.00908804 0.00746009
 1.0112e-16 7.11363e-05 0.00069147 0.00459506 0.0208885 0.0649919 0.138472 0.202107 0.202118 0.138527 0.0651753 0.0214182 0.00592456 0.00359328 0.00558076 0.00910986 0.0131079 0.0164668 0.0181097 0.017543 0.0151472 0.011917 0.00886537 0.00655354 0.00501885 0.00400595
 1.00073e-16 8.1379e-05 0.000791033 0.00525669 0.0238962 0.0743498 0.15841 0.231204 0.231205 0.158415 0.0743662 0.0239436 0.00537575 0.0010509 0.000574798 0.000821136 0.00117416 0.00147453 0.00162085 0.00156798 0.00134906 0.00105243 0.000768741 0.000549356 0.000399901 0.000300326
 1.00701e-16 3.44489e-06 3.34857e-05 0.000222528 0.00101164 0.00314807 0.00671066 0.00981349 0.00990454 0.00715542 0.00464086 0.00532068 0.0110289 0.0235907 0.0446456 0.0735472 0.105347 0.131213 0.142147 0.134004 0.110039 0.0788722 0.0495665 0.0275786 0.013874 0.00658172
 1.00559e-16 8.07591e-05 0.000785007 0.00521665 0.0237141 0.0737834 0.157203 0.229443 0.229443 0.157204 0.0737853 0.0237199 0.00523261 0.000824342 0.000168566 0.000184882 0.000337358 0.000587488 0.000950143 0.00142332 0.00196676 0.00249499 0.00289333 0.00305729 0.00293736 0.00256301
 1.0141e-16 2.87499e-05 0.00027946 0.00185711 0.0084422 0.0262671 0.0559672 0.0816986 0.08176 0.056267 0.0272734 0.0113469 0.00914147 0.0161584 0.0301186 0.0495711 0.0709963 0.0884221 0.0957921 0.0903348 0.0742774 0.0534632 0.0340147 0.0195852 0.010758 0.00617879
 1.16385e-16 1.68731e-05 0.000164013 0.00108992 0.00495465 0.0154159 0.0328462 0.0479457 0.0479732 0.032981 0.0158704 0.00627669 0.00444282 0.00759683 0.0144643 0.0247455 0.0376374 0.0514548 0.0643112 0.0750486 0.0834613 0.0895617 0.0926823 0.0914483 0.0847536 0.0728568
 1.0385e-16 7.71359e-05 0.000749788 0.0049826 0.0226502 0.0704732 0.150151 0.219149 0.219151 0.150157 0.0704946 0.0227125 0.00514091 0.00110181 0.000765153 0.0011955 0.00184271 0.00259811 0.0034196 0.00432056 0.00535908 0.00656931 0.00787852 0.00908028 0.00989518 0.0100855
 1.01305e-16 6.88081e-05 0.000668839 0.00444467 0.0202048 0.0628648 0.133941 0.195493 0.195508 0.134013 0.063108 0.0209069 0.00620554 0.00450807 0.00734629 0.0119999 0.0171962 0.0214522 0.0233128 0.0221207 0.0184224 0.0136294 0.00920741 0.00601071 0.00414042 0.00322556
 1.06095e-16 2.28843e-06 2.22444e-05 0.000147826 0.000672043 0.0020914 0.00445883 0.00652422 0.00660258 0.00484173 0.00337716 0.0043863 0.00947312 0.0203858 0.0386947 0.064012 0.0923116 0.116278 0.128411 0.125184 0.109078 0.0867984 0.0651882 0.0480767 0.0358638 0.0271171
 1.04519e-16 7.31033e-05 0.00071059 0.00472212 0.0214661 0.0667889 0.142301 0.207692 0.207693 0.142303 0.066797 0.0214911 0.00479204 0.000886761 0.000476761 0.000853035 0.00164352 0.00294897 0.00490255 0.00753518 0.0106733 0.0138891 0.0165665 0.0180934 0.0180982 0.0166024
 1.05518e-16 4.60352e-05 0.000447479 0.00297366 0.0135178 0.0420592 0.0896129 0.130801 0.130838 0.089797 0.0426769 0.015301 0.00744624 0.0102004 0.018538 0.0304964 0.043752 0.0546721 0.0596153 0.0569689 0.0481702 0.036815 0.026568 0.0194589 0.0155444 0.0136834
 1.16023e-16 1.5426e-05 0.000149947 0.00099645 0.00452974 0.0140939 0.0300303 0.0438393 0.0438835 0.0302465 0.014821 0.00663466 0.00629895 0.0117877 0.0222998 0.0373162 0.0548567 0.0712769 0.0827814 0.0874927 0.0863355 0.0819453 0.076604 0.0709785 0.0644523 0.0563333
 1.04259e-16 7.56016e-05 0.000734875 0.0048835 0.0221997 0.0690715 0.147164 0.214791 0.214792 0.147172 0.0690972 0.0222748 0.00507532 0.0011644 0.000923416 0.00149205 0.00234463 0.003382 0.00456171 0.00588146 0.00735787 0.00895217 0.0104999 0.0117186 0.0123082 0.0120825
 1.01228e-16 7.1594e-05 0.000695919 0.00462463 0.0210229 0.0654101 0.139363 0.203407 0.203419 0.13942 0.0655995 0.0215697 0.00599625 0.00368675 0.00574175 0.00935324 0.0134077 0.0167395 0.0182193 0.0173398 0.0145293 0.0108847 0.00753849 0.00514064 0.00375156 0.00306682
 1.05074e-16 4.4112e-06 4.28785e-05 0.000284947 0.00129538 0.00403082 0.00859101 0.0125555 0.0126347 0.00897841 0.00533154 0.00505209 0.00971403 0.0206239 0.039083 0.0645812 0.0929704 0.116773 0.128338 0.124091 0.106635 0.0829485 0.0602126 0.0425268 0.0303965 0.0223048
 1.34641e-16 4.96262e-06 4.82385e-05 0.000320562 0.00145723 0.00453402 0.00966043 0.0141009 0.014107 0.00969069 0.00463917 0.00177658 0.00118117 0.00212225 0.00451643 0.00895319 0.0163819 0.0278751 0.0443023 0.065747 0.0907648 0.115953 0.13642 0.147325 0.145819 0.132299
 1.81495e-16 1.43342e-05 0.000139334 0.000925921 0.0042091 0.0130961 0.0279028 0.0407261 0.0407312 0.0279279 0.0131814 0.00446006 0.00157429 0.00161964 0.00302973 0.00556304 0.00948665 0.0153424 0.0240654 0.0370094 0.0555349 0.0801093 0.109304 0.13935 0.164757 0.17994
pSPR Fmed_Fpbrs
0.38791   0.179328 0.179328
Fs Fmed_Fpbrs
0.501547   1.005 1.005
SSBpbr Bo_Bmed_Bpbrs
1.63431e+06  552250  211363 211363
Ro
36571.7
SPR SPRFo_SPRFmed_SPRFpbrs
260415 101017 46699.7
Fref
1.005
log_Ro
10.327
likeval ReclasPelacesDesembMPH_pf_preclas_ppelaces_ptallas_desvR_qrecl_qpela
 46.5593 59.8201 1.53046 0.00114474 362.03 167.886 118.14 0 204.172 2.15741e-05 0 7.0585 0 0 0
q_reclas_q_pelaces
1.93129 1
M
1
N
 530070 11810 3947.82 428.697 0.0580206
 1451.9 149705 3302.87 1104.08 119.909
 5489.69 340.267 34502.7 761.219 282.095
 95619.1 1216.88 74.0214 7505.69 226.961
 1647.61 11119.2 135.588 8.24768 861.594
 327221 107.57 680.855 8.30236 53.2623
 1786.19 88667.7 28.8197 182.412 16.4942
 501.707 231.821 11071.4 3.59854 24.8362
 66994.3 113.637 51.571 2462.95 6.32562
 2163.42 14796.3 24.6271 11.1764 535.136
 40357.2 194.549 1262.82 2.10185 46.6263
 155691 10305.9 49.0132 318.147 12.2762
 59580.6 27960.8 1802.27 8.57127 57.7833
 70917.3 8833.74 4008.18 258.355 9.51193
 44290.9 6201.54 732.391 332.312 22.2085
 399364 4260.96 567.651 67.0385 32.4506
 3979.16 91542.8 959.711 127.854 22.4083
 1.03034e+06 866.716 19555.3 205.013 32.099
 168709 311978 260.545 5878.57 71.2787
 31154.3 43139.2 78704.2 65.7291 1501
 420092 5929.43 8012.14 14617.5 290.984
 555258 103798 1443.59 1950.65 3629.66
 4581.87 135501 24947.4 346.96 1341.2
 330946 1175.61 34305.2 6315.98 427.396
 138953 98172 345.961 10095.4 1984.45
 15828.8 38876.2 27189 95.8146 3345.54
 234155 3968.83 9609.98 6720.97 850.684
 462357 64120.6 1074.98 2602.92 2050.83
 9740.12 150294 20747.7 347.835 1505.83
 3681.26 3108.22 47708.9 6586.06 588.418
 3316.94 981.614 818.975 12570.7 1890.38
pred_Ctot
 79525.3 1830.42 611.87 66.4434 0.00899258
 345.465 36706.6 809.841 270.712 29.4009
 1436.72 91.7016 9298.44 205.148 76.0242
 45228.5 588.546 35.8006 3630.14 109.77
 975.703 6701.16 81.714 4.97057 519.251
 55857.1 18.9587 119.998 1.46326 9.38725
 793.127 40300 13.0987 82.9073 7.49668
 126.745 60.3233 2880.95 0.936396 6.46276
 17635 30.8014 13.9784 667.587 1.71457
 1151.49 8034.36 13.3725 6.06874 290.578
 8036.47 39.9673 259.429 0.431796 9.5787
 53341.9 3626.8 17.2484 111.96 4.32017
 24160.4 11621.6 749.093 3.56255 24.017
 38157.2 4847.82 2199.63 141.781 5.22
 22932.5 3277.65 387.085 175.634 11.7376
 98854.9 1086.56 144.753 17.0951 8.27504
 1070.31 25350.1 265.764 35.4055 6.20534
 117077 101.841 2297.8 24.0896 3.77171
 33492.2 63895.4 53.3616 1203.98 14.5984
 10020.3 14261.3 26018.6 21.7292 496.211
 90051.2 1310.69 1771.06 3231.17 64.3215
 122152 23543.2 327.431 442.441 823.269
 902.238 27528.4 5068.3 70.4884 272.478
 41227.6 151.4 4417.96 813.396 55.0417
 21508.3 15696.4 55.3145 1614.12 317.287
 3286.63 8325.56 5822.68 20.5193 716.466
 38755.6 678.325 1642.47 1148.7 145.393
 34362.7 4933.03 82.7022 200.252 157.778
 825.667 13184.8 1820.12 30.5142 132.1
 657.262 572.848 8792.79 1213.82 108.446
 1482.2 448.944 374.56 5749.23 864.571
F
 0.264344 0.274151 0.274151 0.274151 0.274151
 0.450898 0.467627 0.467627 0.467627 0.467627
 0.506583 0.525377 0.525377 0.525377 0.525377
 1.1517 1.19442 1.19442 1.19442 1.19442
 1.72894 1.79308 1.79308 1.79308 1.79308
 0.305738 0.317081 0.317081 0.317081 0.317081
 1.04188 1.08053 1.08053 1.08053 1.08053
 0.48501 0.503004 0.503004 0.503004 0.503004
 0.51023 0.529159 0.529159 0.529159 0.529159
 1.40876 1.46103 1.46103 1.46103 1.46103
 0.365049 0.378592 0.378592 0.378592 0.378592
 0.717071 0.743674 0.743674 0.743674 0.743674
 0.908752 0.942466 0.942466 0.942466 0.942466
 1.43672 1.49002 1.49002 1.49002 1.49002
 1.34129 1.39105 1.39105 1.39105 1.39105
 0.473066 0.490617 0.490617 0.490617 0.490617
 0.524114 0.543559 0.543559 0.543559 0.543559
 0.194711 0.201935 0.201935 0.201935 0.201935
 0.36374 0.377235 0.377235 0.377235 0.377235
 0.659025 0.683475 0.683475 0.683475 0.683475
 0.398028 0.412795 0.412795 0.412795 0.412795
 0.410451 0.425678 0.425678 0.425678 0.425678
 0.360316 0.373684 0.373684 0.373684 0.373684
 0.215235 0.22322 0.22322 0.22322 0.22322
 0.273753 0.283909 0.283909 0.283909 0.283909
 0.383357 0.397579 0.397579 0.397579 0.397579
 0.295216 0.306169 0.306169 0.306169 0.306169
 0.12374 0.128331 0.128331 0.128331 0.128331
 0.142204 0.147479 0.147479 0.147479 0.147479
 0.321812 0.333751 0.333751 0.333751 0.333751
 1.0522 1.09124 1.09124 1.09124 1.09124
nmprior
 8 9 7.5 0
nm_flota  nm_reclas  nm_pelaces    nm_pelaL
inf 5.25514 3.93986 5.18294
cv_recla  cv_pelaces  cv_mph
0.617203 0.910098 1.04414
 ------------------------------------------------
Talla a la edad & desviación 
 8 13.2811 15.8009 17.003 17.5766
 0.8 1.32811 1.58009 1.7003 1.75766
