years
 1991 1992 1993 1994 1995 1996 1997 1998 1999 2000 2001 2002 2003 2004 2005 2006 2007 2008 2009 2010 2011 2012 2013 2014 2015 2016 2017 2018 2019 2020 2021
reclasobs
 0 0 0 0 0 0 0 0 0 252601 567819 844713 477998 351125 339783 2.1784e+06 2.13404e+06 4.81314e+06 1.55562e+06 2.62356e+06 3.21686e+06 3.843e+06 1.13348e+06 3.07943e+06 1.97215e+06 2.03268e+06 2.025e+06 2.42433e+06 2.27542e+06 1.05018e+06 2.36338e+06
reclaspred
 5.21949e+06 3.04863e+06 1.56911e+06 1.97131e+06 2.37962e+06 3.35693e+06 2.45795e+06 2.09624e+06 1.41413e+06 951536 752556 826159 796042 657420 692123 1.45795e+06 1.6442e+06 3.05105e+06 2.7014e+06 2.12856e+06 3.72943e+06 2.96738e+06 2.56997e+06 3.62487e+06 2.8797e+06 2.66042e+06 2.95872e+06 2.97695e+06 2.72024e+06 1.86215e+06 2.97544e+06
pelacesobs
 0 0 0 0 0 0 0 0 0 0 0 0 0 0 0 552880 188675 0 991730 2.46772e+06 1.41603e+06 1.21717e+06 2.29649e+06 1.80582e+06 0 1.4828e+06 1.56532e+06 1.57751e+06 1.42118e+06 867257 0
pelacespred
 2.47501e+06 1.61801e+06 849942 891672 1.05196e+06 1.57073e+06 1.1625e+06 1.10397e+06 768376 495832 407182 358633 370273 327817 357401 623475 675030 1.4448e+06 1.32657e+06 977586 1.6208e+06 1.44643e+06 1.21528e+06 1.89519e+06 1.44827e+06 1.32058e+06 1.69131e+06 1.69991e+06 1.23342e+06 965343 1.4924e+06
mphobs
 0 0 0 0 0 0 0 0 0 0 0 498337 0 5186 125008 0 168611 109162 213762 579715 649985 157893 87575 83554 0 0 0 0 0 0 0
mphpred
 4.71608e+06 3.21223e+06 1.68101e+06 935613 1.51822e+06 1.87868e+06 2.30246e+06 1.62048e+06 1.3155e+06 859522 522705 543597 518784 446250 334828 446266 1.13076e+06 1.17179e+06 1.96647e+06 1.56915e+06 1.78163e+06 2.17548e+06 2.0074e+06 1.75016e+06 2.35736e+06 1.96678e+06 1.69276e+06 1.76034e+06 2.32516e+06 1.65576e+06 1.03232e+06
desembarqueobs
 494567 514787 250237 358949 120608 361735 552515 73892 212993 205616 52469 317467 293654 387597 252695 516296 358380 742168 942051 627588 828172 859565 418607 520667 417249 300574 407403 355545 319650 289779 219260
desembarquepred
 494574 512571 251614 358958 120609 361752 552609 73894.6 213048 205678 52471.9 317585 293748 387719 252716 516319 358420 742138 942024 627564 828297 859694 418640 520709 417273 300588 407421 355549 319661 289800 219259
Reclutas
 259622 154372 143913 452320 347150 445853 185528 88460.6 66153.9 79123.2 122532 157420 140926 104890 111924 493214 137110 712213 481364 380961 528243 684327 177571 441018 385179 190474 382921 408133 145857 123306 565842
log_desv_Rt
 0.099191 -0.420668 -0.490823 0.654355 0.389723 0.639956 -0.236829 -0.977477 -1.26805 -1.08903 -0.651663 -0.40112 -0.511798 -0.807121 -0.742217 0.740909 -0.539251 1.10834 0.716589 0.482664 0.809521 1.0684 -0.280666 0.629051 0.493674 -0.21052 0.487794 0.551558 -0.477405 -0.645368 0.878281
SSB
 4.71608e+06 3.21223e+06 1.68101e+06 935613 1.51822e+06 1.87868e+06 2.30246e+06 1.62048e+06 1.3155e+06 859522 522705 543597 518784 446250 334828 446266 1.13076e+06 1.17179e+06 1.96647e+06 1.56915e+06 1.78163e+06 2.17548e+06 2.0074e+06 1.75016e+06 2.35736e+06 1.96678e+06 1.69276e+06 1.76034e+06 2.32516e+06 1.65576e+06 1.03232e+06
BT
 6.23651e+06 4.31305e+06 2.25061e+06 2.52872e+06 2.6628e+06 4.20097e+06 3.27536e+06 2.73432e+06 2.05465e+06 1.39712e+06 1.04846e+06 1.16149e+06 1.19096e+06 1.22863e+06 1.16307e+06 2.02917e+06 1.93182e+06 4.34253e+06 4.20563e+06 2.94893e+06 4.74635e+06 4.37098e+06 3.31833e+06 5.27135e+06 3.90392e+06 3.48942e+06 4.66791e+06 4.63149e+06 3.21451e+06 2.59226e+06 3.9966e+06
Ftot
 0.0886371 0.156831 0.149202 0.160563 0.0464299 0.097223 0.207082 0.0327302 0.138493 0.197636 0.0627974 0.339197 0.325573 0.505832 0.314183 0.300939 0.198022 0.211614 0.308868 0.262285 0.197731 0.257104 0.149477 0.127108 0.131979 0.103505 0.122382 0.105843 0.109736 0.143119 0.0643184
BD_Bspro_t
 0.985918 0.8935 0.777963 0.714127 0.771647 0.829692 0.81906 0.727941 0.759229 0.717317 0.672974 0.757339 0.627846 0.541718 0.452819 0.521477 0.63536 0.629307 0.686461 0.604785 0.588674 0.632142 0.64017 0.646209 0.737394 0.746658 0.760739 0.789822 0.822516 0.77035 0.742005
BD_Bspro
 2.81707 1.91877 1.00412 0.558873 0.906882 1.1222 1.37534 0.967965 0.785794 0.513421 0.312229 0.324709 0.309887 0.26656 0.200004 0.26657 0.675439 0.699947 1.17464 0.937306 1.06423 1.29949 1.19909 1.04543 1.40813 1.17482 1.01114 1.05151 1.3889 0.989044 0.616641
BD_Bo
 2.02563 1.3797 0.722021 0.40186 0.652097 0.806922 0.988943 0.69602 0.565029 0.369178 0.22451 0.233483 0.222826 0.191671 0.143814 0.191678 0.485677 0.5033 0.844628 0.673975 0.765237 0.934403 0.862208 0.751719 1.01252 0.844763 0.727066 0.756094 0.998694 0.711177 0.443398
BD_Brms
 15.0446 10.2472 5.36252 2.98466 4.8432 5.9931 7.34499 5.16942 4.19653 2.74193 1.66746 1.73411 1.65495 1.42356 1.06812 1.42362 3.60718 3.73806 6.27315 5.00568 5.6835 6.93991 6.40371 5.5831 7.5201 6.27415 5.4 5.61559 7.41741 5.28199 3.29317
Sel_flota
 0.935172 1 1 1 1
 0.935172 1 1 1 1
 0.935172 1 1 1 1
 0.935172 1 1 1 1
 0.935172 1 1 1 1
 0.935172 1 1 1 1
 0.935172 1 1 1 1
 0.935172 1 1 1 1
 0.935172 1 1 1 1
 0.935172 1 1 1 1
 0.935172 1 1 1 1
 0.935172 1 1 1 1
 0.935172 1 1 1 1
 0.935172 1 1 1 1
 0.935172 1 1 1 1
 0.935172 1 1 1 1
 0.935172 1 1 1 1
 0.935172 1 1 1 1
 0.935172 1 1 1 1
 0.935172 1 1 1 1
 0.935172 1 1 1 1
 0.935172 1 1 1 1
 0.935172 1 1 1 1
 0.935172 1 1 1 1
 0.935172 1 1 1 1
 0.935172 1 1 1 1
 0.935172 1 1 1 1
 0.935172 1 1 1 1
 0.935172 1 1 1 1
 0.935172 1 1 1 1
 0.935172 1 1 1 1
Sel_reclas
 0.823617 1 1 1 1
 0.823617 1 1 1 1
 0.823617 1 1 1 1
 0.823617 1 1 1 1
 0.823617 1 1 1 1
 0.823617 1 1 1 1
 0.823617 1 1 1 1
 0.823617 1 1 1 1
 0.823617 1 1 1 1
 0.823617 1 1 1 1
 0.823617 1 1 1 1
 0.823617 1 1 1 1
 0.823617 1 1 1 1
 0.823617 1 1 1 1
 0.823617 1 1 1 1
 0.823617 1 1 1 1
 0.823617 1 1 1 1
 0.823617 1 1 1 1
 0.823617 1 1 1 1
 0.823617 1 1 1 1
 0.823617 1 1 1 1
 0.823617 1 1 1 1
 0.823617 1 1 1 1
 0.823617 1 1 1 1
 0.823617 1 1 1 1
 0.823617 1 1 1 1
 0.823617 1 1 1 1
 0.823617 1 1 1 1
 0.823617 1 1 1 1
 0.823617 1 1 1 1
 0.823617 1 1 1 1
Sel_pelaces
 0.863025 0.969427 0.993773 0.998756 0.999753
 0.863025 0.969427 0.993773 0.998756 0.999753
 0.863025 0.969427 0.993773 0.998756 0.999753
 0.863025 0.969427 0.993773 0.998756 0.999753
 0.863025 0.969427 0.993773 0.998756 0.999753
 0.863025 0.969427 0.993773 0.998756 0.999753
 0.863025 0.969427 0.993773 0.998756 0.999753
 0.863025 0.969427 0.993773 0.998756 0.999753
 0.863025 0.969427 0.993773 0.998756 0.999753
 0.863025 0.969427 0.993773 0.998756 0.999753
 0.863025 0.969427 0.993773 0.998756 0.999753
 0.863025 0.969427 0.993773 0.998756 0.999753
 0.863025 0.969427 0.993773 0.998756 0.999753
 0.863025 0.969427 0.993773 0.998756 0.999753
 0.863025 0.969427 0.993773 0.998756 0.999753
 0.863025 0.969427 0.993773 0.998756 0.999753
 0.863025 0.969427 0.993773 0.998756 0.999753
 0.863025 0.969427 0.993773 0.998756 0.999753
 0.863025 0.969427 0.993773 0.998756 0.999753
 0.863025 0.969427 0.993773 0.998756 0.999753
 0.863025 0.969427 0.993773 0.998756 0.999753
 0.863025 0.969427 0.993773 0.998756 0.999753
 0.863025 0.969427 0.993773 0.998756 0.999753
 0.863025 0.969427 0.993773 0.998756 0.999753
 0.863025 0.969427 0.993773 0.998756 0.999753
 0.863025 0.969427 0.993773 0.998756 0.999753
 0.863025 0.969427 0.993773 0.998756 0.999753
 0.863025 0.969427 0.993773 0.998756 0.999753
 0.863025 0.969427 0.993773 0.998756 0.999753
 0.863025 0.969427 0.993773 0.998756 0.999753
 0.863025 0.969427 0.993773 0.998756 0.999753
pf_obs 
 0.8446 0.082 0.0669 0.0065 0
 0.8095 0.147 0.0364 0.0071 0
 0.9664 0.0169 0.016 0.0007 0
 0.9276 0.0648 0.0075 0.0001 0
 0.7033 0.2144 0.0806 0.0017 0
 0.9318 0.0425 0.0243 0.0014 0
 0.5671 0.3108 0.0964 0.0239 0.0018
 0.0768 0.2599 0.5324 0.112 0.0189
 0.490249 0.384438 0.106611 0.0170017 0.00170017
 0.7925 0.1577 0.0466 0.003 0.0002
 0.840416 0.127587 0.0312969 0.00059994 9.999e-05
 0.8084 0.0986 0.0794 0.0134 0.0002
 0.7335 0.1905 0.0724 0.0035 0.0001
 0.4001 0.4547 0.1325 0.0127 0
 0.49795 0.308269 0.164784 0.0264974 0.00249975
 0.9179 0.0499 0.0305 0.0017 0
 0.2467 0.6533 0.0926 0.0074 0
 0.9418 0.0223 0.034 0.0019 0
 0.707729 0.231977 0.0356964 0.0245975 0
 0.517169 0.277429 0.184464 0.0207286 0.00020938
 0.811772 0.124168 0.05621 0.00726502 0.000585176
 0.764997 0.148141 0.077277 0.00933861 0.000247198
 0.163321 0.427699 0.378323 0.0303852 0.000271297
 0.753843 0.0900009 0.118128 0.0371064 0.000921714
 0.721811 0.176058 0.0630433 0.0369309 0.00215725
 0.143369 0.312575 0.442814 0.0836902 0.0175525
 0.692698 0.0596174 0.167031 0.0765114 0.00414204
 0.394062 0.376323 0.152708 0.0712218 0.00568511
 0.125707 0.32114 0.495352 0.0537591 0.00404204
 0.23352 0.215282 0.420074 0.123614 0.00750983
 0 0 0 0 0
pf_pred 
 0.460248 0.0939122 0.425657 0.0201819 7.18795e-07
 0.440664 0.26724 0.0508222 0.230352 0.0109222
 0.558272 0.20264 0.114232 0.021724 0.103133
 0.841641 0.0912357 0.0307923 0.0173582 0.0189727
 0.658943 0.290293 0.0292469 0.00987092 0.0116464
 0.697417 0.20401 0.0839009 0.00845298 0.00621896
 0.453391 0.389259 0.10609 0.0436305 0.00762976
 0.410037 0.27849 0.22181 0.060453 0.0292095
 0.456329 0.231956 0.147144 0.117197 0.0473745
 0.622651 0.178987 0.0846308 0.0536868 0.0600451
 0.752242 0.158572 0.0423032 0.0200023 0.0268803
 0.727689 0.208304 0.0409659 0.0109287 0.0121118
 0.700816 0.222391 0.0587433 0.0115527 0.00649757
 0.650741 0.250517 0.0733974 0.0193875 0.00595727
 0.746296 0.170064 0.0599936 0.0175772 0.00606956
 0.920161 0.0607594 0.0127893 0.0045117 0.00177831
 0.465625 0.494705 0.0301901 0.00635474 0.00312537
 0.885554 0.0554203 0.054644 0.00333472 0.00104715
 0.653352 0.309543 0.0179681 0.0177164 0.00142067
 0.644685 0.238435 0.104369 0.00605833 0.00645248
 0.749896 0.165613 0.0566976 0.0248179 0.00297495
 0.752828 0.18875 0.0386856 0.013244 0.00649214
 0.392424 0.465941 0.108158 0.0221678 0.0113093
 0.749137 0.10283 0.113525 0.0263524 0.00815655
 0.656713 0.261724 0.0334331 0.0369102 0.0112199
 0.489655 0.343348 0.127319 0.016264 0.0234135
 0.741325 0.131251 0.0857275 0.0317892 0.00990673
 0.696936 0.228764 0.0376996 0.0246238 0.0119764
 0.417233 0.414775 0.126807 0.0208973 0.0202879
 0.509546 0.213174 0.19735 0.0603344 0.0195959
 0.875759 0.0655559 0.0255073 0.0236139 0.00956405
pobs_RECLAS
 0 0 0 0 0
 0 0 0 0 0
 0 0 0 0 0
 0 0 0 0 0
 0 0 0 0 0
 0 0 0 0 0
 0 0 0 0 0
 0 0 0 0 0
 0 0 0 0 0
 0 0 0 0 0
 0.991045 0.00858322 0.000360255 1.14367e-05 0
 0.934742 0.0480273 0.0164251 0.00080598 0
 0.827803 0.169806 0.00239088 0 0
 0.941827 0.0461693 0.0120037 0 0
 0.791401 0.0380133 0.147996 0.0225897 0
 0.846168 0.0940531 0.0597789 0 0
 0.134021 0.677848 0.182769 0.00536245 0
 0.80878 0.0450904 0.141981 0.00414843 0
 0.846168 0.0940531 0.0597789 0 0
 0.905697 0.0802665 0.012482 0.00150086 5.37128e-05
 0.989698 0.0102097 9.19794e-05 0 0
 0.975433 0.0193895 0.00387452 0.00125025 5.28907e-05
 0.303575 0.632131 0.0575291 0.00676475 0
 0.966965 0.00978017 0.0227588 0.000495775 0
 0.843318 0.132988 0.00938335 0.0141283 0.000182051
 0.564624 0.303363 0.111486 0.0197234 0.00080311
 0.826376 0.0876187 0.0782897 0.00655872 0.00115652
 0.89761 0.0855135 0.0140674 0.00269457 0.000114338
 0.34875 0.467042 0.161289 0.0227151 0.000203297
 0.318654 0.224769 0.449479 0.00709798 0
 0.937255 0.0296025 0.0250945 0.00804832 0
ppred_RECLAS
 0.429018 0.099346 0.450285 0.0213496 7.60385e-07
 0.409862 0.281957 0.053621 0.243037 0.0115236
 0.526981 0.216994 0.122324 0.0232628 0.110438
 0.82411 0.101336 0.0342012 0.0192799 0.0210731
 0.629907 0.315007 0.0317368 0.0107113 0.0126379
 0.670085 0.222438 0.0914797 0.00921655 0.00678072
 0.422458 0.411287 0.112094 0.0460996 0.00806154
 0.379739 0.292792 0.233202 0.0635577 0.0307096
 0.425234 0.245222 0.15556 0.1239 0.0500841
 0.592675 0.193205 0.0913538 0.0579516 0.064815
 0.727888 0.174159 0.0464614 0.0219685 0.0295226
 0.702299 0.227726 0.0447855 0.0119477 0.013241
 0.674017 0.242311 0.0640051 0.0125875 0.00707957
 0.622272 0.270937 0.0793804 0.0209679 0.00644287
 0.721936 0.186393 0.0657541 0.0192649 0.00665236
 0.910484 0.0681241 0.0143395 0.00505857 0.00199386
 0.434504 0.523516 0.0319482 0.00672482 0.00330739
 0.872186 0.0618935 0.0610265 0.00372422 0.00116946
 0.624546 0.335265 0.0194612 0.0191886 0.00153873
 0.615494 0.258024 0.112943 0.00655606 0.00698259
 0.725573 0.181719 0.0622116 0.0272315 0.00326427
 0.728775 0.207118 0.0424501 0.0145328 0.0071239
 0.362795 0.488663 0.113433 0.0232488 0.0118608
 0.724669 0.112859 0.124597 0.0289225 0.00895207
 0.627719 0.283829 0.0362568 0.0400276 0.0121675
 0.458146 0.364546 0.13518 0.0172681 0.0248591
 0.716378 0.143909 0.0939952 0.034855 0.0108621
 0.669592 0.249404 0.041101 0.0268454 0.013057
 0.386861 0.436392 0.133415 0.0219864 0.0213452
 0.478021 0.226876 0.210035 0.0642126 0.0208554
 0.861309 0.0731804 0.028474 0.0263603 0.0106764
pobs_PELACES
 0 0 0 0 0
 0 0 0 0 0
 0 0 0 0 0
 0 0 0 0 0
 0 0 0 0 0
 0 0 0 0 0
 0 0 0 0 0
 0 0 0 0 0
 0 0 0 0 0
 0 0 0 0 0
 0 0 0 0 0
 0 0 0 0 0
 0 0 0 0 0
 0 0 0 0 0
 0 0 0 0 0
 0 0 0 0 0
 0.505614 0.472636 0.0217494 0 0
 0 0 0 0 0
 0.443492 0.261883 0.143347 0.151278 0
 0.227955 0.32914 0.350689 0.0885471 0.00366901
 0.970185 0.0296113 0.000203453 0 0
 0.997202 0.00247181 0.000326279 0 0
 0.445219 0.490057 0.0546422 0.010081 0
 0.90214 0.0892962 0.00764917 0.000914606 0
 0 0 0 0 0
 0.581667 0.319106 0.0959925 0.00289975 0.000334073
 0.762889 0.0836404 0.116647 0.0363945 0.000428098
 0.88444 0.0763242 0.0277011 0.0115352 0
 0.521256 0.241999 0.230069 0.00667565 0
 0.616807 0.101726 0.260614 0.0208532 0
 0 0 0 0 0
ppred_PELACES
 0.443519 0.0948375 0.440646 0.0209973 7.48584e-07
 0.425893 0.27015 0.0526659 0.239905 0.0113865
 0.543351 0.206331 0.119233 0.0227889 0.108296
 0.833937 0.0945446 0.0327104 0.018532 0.0202758
 0.647145 0.29911 0.030892 0.0104784 0.0123755
 0.685684 0.210144 0.0885941 0.00897059 0.00660635
 0.440738 0.395216 0.110419 0.0456385 0.00798887
 0.395044 0.2816 0.22992 0.0629775 0.0304596
 0.441151 0.234666 0.152602 0.122153 0.0494274
 0.608794 0.182832 0.0886203 0.0564995 0.063254
 0.741349 0.163885 0.0448184 0.0212979 0.0286499
 0.718484 0.21398 0.0431389 0.0115661 0.012831
 0.690916 0.228202 0.0617922 0.0122132 0.00687593
 0.641148 0.255484 0.0767327 0.0203702 0.00626544
 0.736886 0.174836 0.0632259 0.0186171 0.00643506
 0.916627 0.0630437 0.0136034 0.00482296 0.00190289
 0.45427 0.504228 0.031544 0.00667302 0.00328518
 0.879708 0.0574944 0.0581126 0.00356419 0.00112032
 0.643437 0.317451 0.01889 0.0187188 0.00150255
 0.633077 0.244159 0.109558 0.00639147 0.00681408
 0.739866 0.170707 0.0599093 0.0263553 0.00316239
 0.743712 0.194472 0.0408592 0.0140583 0.00689818
 0.380269 0.472354 0.112401 0.0231528 0.0118236
 0.73746 0.105967 0.119926 0.0279779 0.00866833
 0.644822 0.268982 0.0352231 0.0390814 0.0118917
 0.475911 0.349566 0.13288 0.0170595 0.0245832
 0.729842 0.135287 0.0905824 0.0337579 0.0105308
 0.685594 0.235719 0.0398212 0.0261399 0.0127265
 0.404199 0.420837 0.131891 0.0218442 0.0212283
 0.494478 0.21646 0.205424 0.0631179 0.0205203
 0.869 0.0682142 0.0272082 0.0253148 0.0102632
pobs_pel_tallas
 0 0 0 0 0 0 0 0 0 0 0 0 0 0 0 0 0 0 0 0 0 0 0 0 0 0
 0 0 0 0 0 0 0 0 0 0 0 0 0 0 0 0 0 0 0 0 0 0 0 0 0 0
 0 0 0 0 0 0 0 0 0 0 0 0 0 0 0 0 0 0 0 0 0 0 0 0 0 0
 0 0 0 0 0 0 0 0 0 0 0 0 0 0 0 0 0 0 0 0 0 0 0 0 0 0
 0 0 0 0 0 0 0 0 0 0 0 0 0 0 0 0 0 0 0 0 0 0 0 0 0 0
 0 0 0 0 0 0 0 0 0 0 0 0 0 0 0 0 0 0 0 0 0 0 0 0 0 0
 0 0 0 0 0 0 0 0 0 0 0 0 0 0 0 0 0 0 0 0 0 0 0 0 0 0
 0 0 0 0 0 0 0 0 0 0 0 0 0 0 0 0 0 0 0 0 0 0 0 0 0 0
 0 0 0 0 0 0 0 0 0 0 0 0 0 0 0 0 0 0 0 0 0 0 0 0 0 0
 0 0 0 0 0 0 0 0 0 0 0 0 0 0 0 0 0 0 0 0 0 0 0 0 0 0
 0 0 0 0 0 0 0 0 0 0 0 0 0 0 0 0 0 0 0 0 0 0 0 0 0 0
 0 0 0 0 0 0 0 0 0 0 0 0 0 0 0 0 0 0 0 0 0 0 0 0 0 0
 0.00862536 0 0 0.000197151 0.00414017 0.0128641 0.00837892 0.0270097 0.101434 0.158115 0.152841 0.127902 0.109271 0.109419 0.0830992 0.0579132 0.0238553 0.00714673 0.00463305 0.00128148 0.00103504 0.000492878 0.000147863 0.000147863 4.92878e-05 0
 0 0 0 0 0 0 0 0 0 0 0 0 0 0 0 0 0 0 0 0 0 0 0 0 0 0
 0 0 0 0 0 0 0 0.0054083 0.00873648 0.0413646 0.0450493 0.0745869 0.0622846 0.0627006 0.0613931 0.0827291 0.12552 0.122667 0.0946155 0.0697135 0.0546179 0.0294188 0.0215738 0.0213955 0.0102223 0.00600262
 0 0 0 0 0.00359764 0.0251062 0.0480494 0.140153 0.205849 0.193036 0.1447 0.116669 0.0760912 0.0342217 0.00950174 0.001854 0.000860785 0 0 0 0.000165536 0 0.000143464 0 0 0
 0 0 0 0 0 0 0 0.000145254 0.000435761 0.0275982 0.070085 0.0708112 0.156366 0.174668 0.174014 0.160142 0.0824315 0.0480064 0.0283245 0.00493863 0.00203355 0 0 0 0 0
 0 0 0 0 0 0 0 0 0 0 0 0 0 0 0 0 0 0 0 0 0 0 0 0 0 0
 0 0 1.00437e-05 0.000401748 0.00122533 0.00171747 0.00176769 0.0269171 0.070346 0.194647 0.189555 0.159765 0.064822 0.0314167 0.0384472 0.0292271 0.0345202 0.0313363 0.0194345 0.0106764 0.0143323 0.0359363 0.0279516 0.0138201 0.00172751 0
 0 0.0021121 0.0136068 0.0755702 0.200478 0.177729 0.0527432 0.0373336 0.0318909 0.0142505 0.0149659 0.0166563 0.0217959 0.0798694 0.0677717 0.0528807 0.04013 0.0224614 0.0357745 0.0225083 0.00881397 0.00855152 0.00135912 0.000746735 0 0
 0 0 0 0 5.4009e-05 0.00500934 0.000945158 0.0243581 0.138947 0.33067 0.221406 0.137944 0.0707744 0.0437923 0.0131692 0.00525238 0.0047753 0.00276346 9.45158e-05 9.00151e-06 2.25038e-05 9.00151e-06 4.50075e-06 0 0 0
 0.000866109 0.00284123 0.00948549 0.0512746 0.133035 0.25785 0.225252 0.132002 0.0553304 0.0519788 0.0540692 0.017754 0.00435017 0.00159236 0.00146478 0.000404838 0.000125132 0.000115318 0.000107957 0.000100596 0 0 0 0 0 0
 0 0 0 0 0.00144013 0.00171154 0.00461396 0.0210425 0.0478622 0.0707936 0.0888783 0.103762 0.0637923 0.0337046 0.0602308 0.124433 0.169614 0.0934646 0.0462172 0.0250306 0.0313229 0.00938855 0.002487 0.000210481 0 0
 0 0.00764035 0.051015 0.0998891 0.058973 0.0496711 0.0374665 0.0718981 0.12319 0.153886 0.159021 0.0857701 0.0377988 0.023471 0.0147837 0.00900784 0.00315554 0.000888139 0.00291439 0.00214683 0.00393193 0.00274676 0.000635225 9.99891e-05 0 0
 0 0 0 0 0 0 0 0 0 0 0 0 0 0 0 0 0 0 0 0 0 0 0 0 0 0
 0 0 0 0 0 0 0 0 0 0 0 0 0 0 0 0 0 0 0 0 0 0 0 0 0 0
 0 0 0 0 0 0 0 0 0 0 0 0 0 0 0 0 0 0 0 0 0 0 0 0 0 0
 0 0 0 0 0 0 0 0 0 0 0 0 0 0 0 0 0 0 0 0 0 0 0 0 0 0
 0 0 0 0 0 0 0 0 0 0 0 0 0 0 0 0 0 0 0 0 0 0 0 0 0 0
 0 0 0 0 0 0 0 0 0 0 0 0 0 0 0 0 0 0 0 0 0 0 0 0 0 0
 0 0 0 0 0 0 0 0 0 0 0 0 0 0 0 0 0 0 0 0 0 0 0 0 0 0
ppred_pel_tallas
 1.14847e-16 3.65321e-05 0.000355105 0.0023598 0.0107273 0.0333767 0.0711129 0.103793 0.103803 0.0711611 0.0335405 0.011209 0.0036009 0.00316976 0.00568994 0.0101495 0.0164762 0.0245777 0.0342347 0.0451082 0.056525 0.0671382 0.0749006 0.0776742 0.0742409 0.0650386
 1.27575e-16 3.50803e-05 0.000340993 0.00226602 0.010301 0.0320504 0.0682877 0.0996734 0.0996995 0.0684155 0.0324799 0.0115431 0.00539036 0.00718413 0.0131025 0.0218055 0.0319168 0.0413067 0.0479437 0.051181 0.0522511 0.0534003 0.0562735 0.060781 0.0651883 0.0671825
 1.24106e-16 4.47552e-05 0.000435036 0.00289097 0.0131419 0.0408895 0.0871202 0.127159 0.127179 0.0872183 0.0412193 0.0140966 0.00529586 0.00571355 0.0101553 0.0169478 0.0249637 0.0325986 0.0382838 0.0414184 0.0427428 0.0437476 0.045573 0.048267 0.0508625 0.0520358
 1.06258e-16 6.86903e-05 0.000667694 0.00443706 0.0201703 0.0627572 0.133711 0.195157 0.195166 0.133756 0.0629075 0.020605 0.00553038 0.00306135 0.00463557 0.0076112 0.0110945 0.0142517 0.0162948 0.0168971 0.0163896 0.0155122 0.0149126 0.0147867 0.0148777 0.0147402
 1.04114e-16 5.33045e-05 0.000518139 0.00344322 0.0156524 0.0487005 0.103763 0.151451 0.151479 0.103903 0.0491732 0.0170174 0.00686896 0.00799432 0.0142455 0.0234502 0.0337399 0.0423587 0.0465406 0.0450273 0.0388289 0.0305527 0.0228527 0.0171973 0.0136632 0.0115254
 1.04629e-16 5.6479e-05 0.000548996 0.00364827 0.0165845 0.0516007 0.109942 0.160467 0.160487 0.110041 0.0519349 0.0175511 0.00607895 0.0058699 0.0102049 0.0168936 0.0245915 0.0314679 0.0356761 0.0363354 0.0339958 0.0301488 0.0262136 0.0228284 0.0198722 0.0169609
 1.09217e-16 3.63031e-05 0.000352879 0.002345 0.0106601 0.0331676 0.0706686 0.103151 0.103189 0.0708552 0.0337946 0.0124723 0.00689877 0.0103099 0.0189942 0.0314701 0.0456296 0.0580175 0.0651284 0.065353 0.0598939 0.0518327 0.0441358 0.0381873 0.0337194 0.029737
 1.18178e-16 3.25393e-05 0.000316293 0.00210188 0.00955487 0.0297289 0.0633416 0.0924546 0.0924821 0.0634759 0.0301808 0.0108644 0.00540459 0.00757814 0.0139775 0.0234595 0.034741 0.0456941 0.0541412 0.0590673 0.0610854 0.0616781 0.0618818 0.0615544 0.0597174 0.0554858
 1.25079e-16 3.63371e-05 0.00035321 0.0023472 0.0106701 0.0331986 0.070734 0.103243 0.103266 0.0708458 0.0335746 0.0117593 0.00509335 0.0063888 0.011621 0.0194815 0.028848 0.0379871 0.0451962 0.0498287 0.0526614 0.0551745 0.0583104 0.0617204 0.064011 0.0636492
 1.18975e-16 5.01456e-05 0.000487433 0.00323916 0.0147248 0.0458143 0.097613 0.142473 0.14249 0.0976998 0.0461061 0.0155693 0.0053657 0.00515217 0.00897708 0.0149443 0.0219668 0.0285968 0.0334316 0.0359397 0.0367955 0.0373476 0.0386276 0.0406781 0.0426245 0.0432853
 1.0832e-16 6.1064e-05 0.000593564 0.00394444 0.0179309 0.0557896 0.118866 0.173492 0.173508 0.118944 0.0560497 0.0186827 0.00583401 0.00472644 0.00793407 0.0130847 0.0190007 0.0242407 0.0273937 0.027855 0.0261925 0.0237355 0.0217135 0.020615 0.0201498 0.0196621
 1.04631e-16 5.91806e-05 0.000575257 0.00382278 0.0173778 0.054069 0.1152 0.168143 0.168163 0.115301 0.0544079 0.0183569 0.00628162 0.00594696 0.0102731 0.016922 0.0244482 0.030911 0.0343754 0.0339603 0.0303555 0.025328 0.020627 0.0171454 0.0148262 0.0131228
 1.04231e-16 5.69099e-05 0.000553185 0.00367611 0.0167111 0.0519944 0.11078 0.161692 0.161714 0.110888 0.0523563 0.0177569 0.00630361 0.00629684 0.0109881 0.0181354 0.0262599 0.0333179 0.0372576 0.037125 0.0336014 0.0284793 0.0235205 0.0196067 0.0166803 0.0142477
 1.05383e-16 5.28105e-05 0.000513337 0.00341131 0.0155073 0.0482492 0.102801 0.150046 0.150071 0.102922 0.0486546 0.0166792 0.00635617 0.00695302 0.0123154 0.0203617 0.0295272 0.0375536 0.042166 0.0423074 0.0387305 0.0334017 0.0282268 0.0241159 0.0209437 0.0181341
 1.04826e-16 6.06964e-05 0.000589991 0.0039207 0.0178229 0.0554538 0.118151 0.172448 0.172465 0.118234 0.0557317 0.0186262 0.00594032 0.00500949 0.00848555 0.0140149 0.0203778 0.0260369 0.029462 0.0299452 0.0279894 0.0248908 0.0218707 0.0194569 0.0174863 0.0155301
 1.01215e-16 7.55014e-05 0.0007339 0.00487702 0.0221703 0.0689799 0.146969 0.214507 0.214513 0.146999 0.0690798 0.0224588 0.00560181 0.00231753 0.00308734 0.00499574 0.00721594 0.00913125 0.0101689 0.0100678 0.00902692 0.00755884 0.00616954 0.00511482 0.00437701 0.00380283
 1.02265e-16 3.74177e-05 0.000363714 0.00241701 0.0109874 0.0341861 0.0728389 0.106321 0.106369 0.073076 0.0349821 0.0132856 0.00818271 0.0129397 0.0238904 0.0393547 0.0564963 0.0706413 0.0770499 0.0735361 0.0617895 0.0462755 0.0316325 0.0205705 0.0134694 0.00930711
 1.02239e-16 7.24604e-05 0.000704341 0.0046806 0.0212773 0.0662016 0.14105 0.205867 0.205873 0.141077 0.0662942 0.0215456 0.00535775 0.00219489 0.0029393 0.00483823 0.00718003 0.0094802 0.0112806 0.0123436 0.0127399 0.0127061 0.012404 0.0118064 0.0107869 0.0092984
 1.02758e-16 5.29992e-05 0.000515171 0.00342349 0.0155627 0.0484216 0.103168 0.150584 0.150614 0.103318 0.0489228 0.0170099 0.00705443 0.0084358 0.015079 0.0248019 0.0356246 0.0445977 0.04876 0.0467646 0.0396999 0.030382 0.0217004 0.0152887 0.0112829 0.0089356
 1.05019e-16 5.21457e-05 0.000506875 0.00336837 0.0153121 0.0476418 0.101507 0.148157 0.148181 0.101622 0.0480303 0.0164358 0.00619442 0.00669452 0.0118572 0.019659 0.0286374 0.0366819 0.0416485 0.0425039 0.0398629 0.0354232 0.0308003 0.0267218 0.0230658 0.0194351
 1.04951e-16 6.09418e-05 0.000592376 0.00393655 0.017895 0.055678 0.118628 0.173145 0.173162 0.118709 0.0559493 0.0186793 0.00590843 0.00490746 0.00828703 0.0136855 0.0199021 0.0254389 0.0288088 0.0293309 0.027506 0.0246036 0.0218076 0.0196085 0.0178104 0.0159586
 1.03807e-16 6.12586e-05 0.000595456 0.00395701 0.017988 0.0559675 0.119245 0.174046 0.174065 0.119337 0.0562756 0.0188781 0.00619234 0.00547931 0.00934884 0.0153911 0.0222432 0.0281379 0.0313174 0.0309775 0.0277353 0.0231798 0.018881 0.0156358 0.0133921 0.0116721
 1.07688e-16 3.13223e-05 0.000304464 0.00202327 0.00919754 0.0286172 0.0609737 0.0890024 0.089048 0.0611965 0.0293657 0.0113604 0.00745607 0.0121764 0.0226137 0.0374284 0.0541317 0.0685293 0.0763491 0.0756049 0.0677344 0.056521 0.0457195 0.0372643 0.0311092 0.0262415
 1.07761e-16 6.07437e-05 0.00059045 0.00392375 0.0178368 0.055497 0.118243 0.172581 0.172591 0.118293 0.0556681 0.0183334 0.00517872 0.00335796 0.00539883 0.00904441 0.0135275 0.0180718 0.0219071 0.0246565 0.0264722 0.0277392 0.0286163 0.0288396 0.0279389 0.0256334
 1.07018e-16 5.31132e-05 0.000516279 0.00343086 0.0155962 0.0485257 0.10339 0.150906 0.150932 0.103517 0.0489512 0.0168254 0.006517 0.00725557 0.0128595 0.0211966 0.0305859 0.0385984 0.0428137 0.0421652 0.0375945 0.0314122 0.0258799 0.0221088 0.0199198 0.0184485
 1.09796e-16 3.92002e-05 0.00038104 0.00253215 0.0115108 0.0358145 0.0763079 0.111381 0.111414 0.0764732 0.0363701 0.0131173 0.00657125 0.00922026 0.0168906 0.0280298 0.0407684 0.0520961 0.0589495 0.0598986 0.0559294 0.0496211 0.0434239 0.0384307 0.0343745 0.0304545
 1.07817e-16 6.01162e-05 0.000584351 0.00388322 0.0176525 0.0549237 0.117021 0.170799 0.170812 0.117086 0.0551402 0.0182795 0.00546293 0.00405311 0.0067077 0.0111517 0.0164312 0.0214527 0.0251377 0.0269953 0.027362 0.0270429 0.0266583 0.0262494 0.0253986 0.0236559
 1.05985e-16 5.64715e-05 0.000548923 0.00364779 0.0165823 0.0515939 0.109927 0.160447 0.160469 0.110038 0.051967 0.0176604 0.00635485 0.00646205 0.0112976 0.0186182 0.0268903 0.0339852 0.0377832 0.0373383 0.033447 0.0280928 0.0232192 0.0197853 0.0176568 0.0161314
 1.09697e-16 3.32934e-05 0.000323624 0.0021506 0.00977633 0.030418 0.0648103 0.0946011 0.0946417 0.0650091 0.031086 0.0117071 0.00700288 0.0109353 0.020243 0.0335606 0.0486882 0.0619548 0.0696206 0.0699455 0.0641642 0.0555075 0.0471076 0.0404628 0.03537 0.0308796
 1.15786e-16 4.07296e-05 0.000395906 0.00263094 0.0119599 0.0372117 0.0792842 0.115722 0.115743 0.0793877 0.0375601 0.0129701 0.00518109 0.00601091 0.0108462 0.0182389 0.0271466 0.0359893 0.0431568 0.0478955 0.050626 0.0523394 0.0536055 0.0540752 0.0528287 0.0491535
 1.05079e-16 7.15784e-05 0.000695767 0.00462362 0.0210183 0.0653958 0.139333 0.203362 0.203368 0.139365 0.0655044 0.0213326 0.00541461 0.00242913 0.00338353 0.00553432 0.00809643 0.0104684 0.0121007 0.0127729 0.0127242 0.012463 0.0124026 0.0126107 0.0128308 0.0126984
pSPR Fmed_Fpbrs
0.731621   0.184642 0.184642
Fs Fmed_Fpbrs
0.153098   1.005 1.005
SSBpbr Bo_Bmed_Bpbrs
2.3282e+06  1.58695e+06  313474 313474
Ro
235106
SPR SPRFo_SPRFmed_SPRFpbrs
1.67411e+06 1.22481e+06 309110
Fref
1.005
log_Ro
12.1878
likeval ReclasPelacesDesembMPH_pf_preclas_ppelaces_ptallas_desvR_qrecl_qpela
 29.9108 17.1852 0.246846 0.00314782 231.65 126.939 82.2423 0 20.2841 0 0 1.24476 0 0 0
q_reclas_q_pelaces
1 1
M
1
N
 259622 49657.9 225074 10671.6 0.380077
 154372 87911.9 16718.6 75777 3592.98
 143913 49043.2 27646.6 5257.68 24960.3
 452320 46047.9 15541.3 8760.92 9575.77
 347150 143199 14427.2 4869.23 5745.06
 445853 122283 50290 5066.69 3727.63
 185528 149765 40817.7 16786.6 2935.52
 88460.6 56235.5 44790.1 12207.3 5898.27
 66153.9 31561.8 20021.7 15946.8 6446.18
 79123.2 21380.3 10109.3 6412.99 7172.5
 122532 24195.9 6454.86 3052.07 4101.55
 157420 42506 8359.38 2230.08 2471.49
 140926 42169.9 11139 2190.63 1232.07
 104890 38235.7 11202.5 2959.07 909.243
 111924 24043.7 8481.94 2485.08 858.119
 493214 30692 6460.4 2279.04 898.296
 137110 136936 8356.71 1759.01 865.114
 712213 41913.1 41326 2521.98 791.937
 481364 214966 12478.2 12303.4 986.606
 380961 132659 58067.9 3370.69 3589.98
 528243 109663 37543.3 16433.6 1969.91
 684327 161522 33105 11333.5 5555.62
 177571 197947 45949.3 9417.61 4804.56
 441018 56802.6 62710.2 14556.9 4505.62
 385179 144058 18402.3 20316.1 6175.64
 190474 125247 46443.6 5932.79 8540.8
 382921 63606.8 41545.2 15405.6 4800.98
 408133 125635 20704.2 13523.1 6577.33
 145857 135994 41576.6 6851.69 6651.87
 123306 48424.6 44829.9 13705.6 4451.39
 565842 39679.1 15438.9 14292.8 5788.85
pred_Ctot
 13143.7 2681.93 12155.8 576.351 0.0205272
 13472.1 8170.14 1553.75 7042.38 333.915
 11983.2 4349.6 2451.95 466.299 2213.71
 40356.1 4374.69 1476.47 832.315 909.728
 9357.42 4122.35 415.326 140.174 165.387
 24676.8 7218.5 2968.67 299.093 220.046
 20976.3 18009.2 4908.29 2018.58 352.993
 1689.85 1147.72 914.128 249.14 120.379
 5133.91 2609.61 1655.44 1318.52 532.985
 8568.25 2463.02 1164.6 738.78 826.276
 4438.95 935.729 249.629 118.033 158.62
 27754.2 7944.77 1562.45 416.822 461.945
 23968.3 7605.89 2009.05 395.107 222.22
 25962.4 9994.75 2928.31 773.496 237.675
 18447.1 4203.66 1482.93 434.476 150.028
 78246.3 5166.7 1087.54 383.655 151.219
 14874.5 15803.5 964.427 203.003 99.8407
 82146.5 5140.94 5068.93 309.338 97.1367
 78148.9 37025.1 2149.2 2119.1 169.93
 53437.3 19763.6 8651.03 502.169 534.839
 57228.9 12638.9 4326.92 1894 227.036
 94276 23637 4844.57 1658.54 813.006
 14811.3 17586.1 4082.25 836.684 426.849
 31548.9 4330.56 4780.94 1109.8 343.503
 28557 11381 1453.83 1605.03 487.893
 11196.3 7850.91 2911.25 371.888 535.368
 26421.9 4677.99 3055.46 1133.01 353.091
 24510.7 8045.46 1325.87 865.998 421.202
 9068.15 9014.74 2756.02 454.183 440.937
 9871.45 4129.83 3823.26 1168.86 379.631
 20982.9 1570.7 611.146 565.779 229.151
F
 0.082891 0.0886371 0.0886371 0.0886371 0.0886371
 0.146664 0.156831 0.156831 0.156831 0.156831
 0.13953 0.149202 0.149202 0.149202 0.149202
 0.150154 0.160563 0.160563 0.160563 0.160563
 0.0434199 0.0464299 0.0464299 0.0464299 0.0464299
 0.0909202 0.097223 0.097223 0.097223 0.097223
 0.193658 0.207082 0.207082 0.207082 0.207082
 0.0306084 0.0327302 0.0327302 0.0327302 0.0327302
 0.129514 0.138493 0.138493 0.138493 0.138493
 0.184824 0.197636 0.197636 0.197636 0.197636
 0.0587264 0.0627974 0.0627974 0.0627974 0.0627974
 0.317207 0.339197 0.339197 0.339197 0.339197
 0.304466 0.325573 0.325573 0.325573 0.325573
 0.47304 0.505832 0.505832 0.505832 0.505832
 0.293815 0.314183 0.314183 0.314183 0.314183
 0.281429 0.300939 0.300939 0.300939 0.300939
 0.185185 0.198022 0.198022 0.198022 0.198022
 0.197896 0.211614 0.211614 0.211614 0.211614
 0.288845 0.308868 0.308868 0.308868 0.308868
 0.245282 0.262285 0.262285 0.262285 0.262285
 0.184913 0.197731 0.197731 0.197731 0.197731
 0.240436 0.257104 0.257104 0.257104 0.257104
 0.139787 0.149477 0.149477 0.149477 0.149477
 0.118868 0.127108 0.127108 0.127108 0.127108
 0.123423 0.131979 0.131979 0.131979 0.131979
 0.0967948 0.103505 0.103505 0.103505 0.103505
 0.114448 0.122382 0.122382 0.122382 0.122382
 0.0989818 0.105843 0.105843 0.105843 0.105843
 0.102622 0.109736 0.109736 0.109736 0.109736
 0.133841 0.143119 0.143119 0.143119 0.143119
 0.0601488 0.0643184 0.0643184 0.0643184 0.0643184
nmprior
 8 9 7.5 0
nm_flota  nm_reclas  nm_pelaces    nm_pelaL
inf 10.4801 15.8025 27.4455
cv_recla  cv_pelaces  cv_mph
0.494697 0.4878 1.73145
 ------------------------------------------------
Talla a la edad & desviación 
 8 13.2811 15.8009 17.003 17.5766
 0.8 1.32811 1.58009 1.7003 1.75766
