years
 1991 1992 1993 1994 1995 1996 1997 1998 1999 2000 2001 2002 2003 2004 2005 2006 2007 2008 2009 2010 2011 2012 2013 2014 2015 2016 2017 2018 2019 2020 2021
reclasobs
 0 0 0 0 0 0 0 0 0 252601 567819 844713 477998 351125 339783 2.1784e+06 2.13404e+06 4.81314e+06 1.55562e+06 2.62356e+06 3.21686e+06 3.843e+06 1.13348e+06 3.07943e+06 1.97215e+06 2.03268e+06 2.025e+06 2.42433e+06 2.27542e+06 1.05018e+06 2.36338e+06
reclaspred
 4.101e+06 2.33496e+06 1.18781e+06 1.29427e+06 1.38324e+06 2.05522e+06 1.38385e+06 1.21473e+06 851601 592535 580599 707583 693333 552886 573113 1.40354e+06 1.43042e+06 2.9959e+06 2.54629e+06 1.98039e+06 3.47274e+06 2.77736e+06 2.28029e+06 3.37527e+06 2.58632e+06 2.34064e+06 2.71361e+06 2.82393e+06 2.40578e+06 1.56352e+06 2.38038e+06
pelacesobs
 0 0 0 0 0 0 0 0 0 0 0 0 0 0 0 552880 188675 0 991730 2.46772e+06 1.41603e+06 1.21717e+06 2.29649e+06 1.80582e+06 0 1.4828e+06 1.56532e+06 1.57751e+06 1.42118e+06 867257 0
pelacespred
 1.93724e+06 1.22961e+06 631432 581140 630420 983251 627783 653290 453039 299957 307178 305651 326301 276179 297877 610041 600598 1.47579e+06 1.27968e+06 917745 1.56692e+06 1.36976e+06 1.10224e+06 1.81854e+06 1.32455e+06 1.19082e+06 1.59941e+06 1.65412e+06 1.12017e+06 824982 1.22573e+06
mphobs
 0 0 0 0 0 0 0 0 0 0 0 498337 0 5186 125008 0 168611 109162 213762 579715 649985 157893 87575 83554 0 0 0 0 0 0 0
mphpred
 3.64744e+06 2.45749e+06 1.24723e+06 686860 873101 1.02713e+06 1.29515e+06 854193 732608 489344 307594 410729 420347 357532 251287 329747 999704 973753 1.81015e+06 1.39934e+06 1.57028e+06 1.91541e+06 1.78779e+06 1.50503e+06 2.05432e+06 1.70638e+06 1.43556e+06 1.5201e+06 2.0812e+06 1.43039e+06 821361
desembarqueobs
 494567 514787 250237 358949 120608 361735 552515 73892 212993 205616 52469 317467 293654 387597 252695 516296 358380 742168 942051 627588 828172 859565 418607 520667 417249 300574 407403 355545 319650 289779 219260
desembarquepred
 494576 513149 251165 358972 120612 361757 552607 73896.2 213053 205676 52472 317560 293727 387673 252702 516281 358411 742100 941925 627503 828265 859627 418626 520700 417260 300581 407411 355538 319650 289794 219262
Reclutas
 217426 124262 121501 257342 202825 302951 127924 59939 50464.6 63729 110946 147656 126753 91312.5 93168.3 471921 108748 699920 435440 351205 484371 641568 146912 398366 344879 161498 344635 379017 118149 92798 414952
log_desv_Rt
 0.117574 -0.441891 -0.464366 0.28612 0.0480571 0.449285 -0.412849 -1.17096 -1.34301 -1.10964 -0.555237 -0.269403 -0.422044 -0.749997 -0.729878 0.892528 -0.575254 1.28668 0.812072 0.597086 0.918566 1.19963 -0.274448 0.723087 0.578908 -0.179793 0.578202 0.673296 -0.492337 -0.73386 0.763879
SSB
 3.64744e+06 2.45749e+06 1.24723e+06 686860 873101 1.02713e+06 1.29515e+06 854193 732608 489344 307594 410729 420347 357532 251287 329747 999704 973753 1.81015e+06 1.39934e+06 1.57028e+06 1.91541e+06 1.78779e+06 1.50503e+06 2.05432e+06 1.70638e+06 1.43556e+06 1.5201e+06 2.0812e+06 1.43039e+06 821361
BT
 4.88189e+06 3.34179e+06 1.70581e+06 1.63919e+06 1.54561e+06 2.57186e+06 1.94577e+06 1.56934e+06 1.25663e+06 892043 754477 973686 1.02043e+06 1.04098e+06 939921 1.82579e+06 1.66446e+06 4.05785e+06 3.85817e+06 2.67211e+06 4.28553e+06 3.96111e+06 2.9068e+06 4.67788e+06 3.43705e+06 3.01144e+06 4.10286e+06 4.16954e+06 2.84645e+06 2.18151e+06 3.01145e+06
Ftot
 0.115386 0.207896 0.200728 0.268574 0.0845202 0.171483 0.372373 0.0589478 0.23937 0.32872 0.0893726 0.425525 0.402469 0.652102 0.426092 0.361891 0.237485 0.243881 0.351272 0.303484 0.230979 0.297113 0.17495 0.15196 0.155248 0.123633 0.147514 0.124136 0.125907 0.177007 0.0920782
BD_Bspro_t
 0.981708 0.864888 0.722136 0.642722 0.663573 0.734732 0.72159 0.586337 0.634819 0.587406 0.543628 0.696948 0.571428 0.481943 0.381189 0.446898 0.60451 0.584674 0.666545 0.576417 0.557814 0.60275 0.61412 0.612071 0.710614 0.719961 0.730989 0.765411 0.806035 0.743772 0.699021
BD_Bspro
 2.64983 1.78534 0.906103 0.498997 0.6343 0.746202 0.940911 0.620563 0.532233 0.355504 0.223464 0.298391 0.305378 0.259744 0.182558 0.239558 0.726275 0.707422 1.31506 1.01661 1.14079 1.39153 1.29881 1.09339 1.49244 1.23967 1.04292 1.10434 1.51197 1.03917 0.596711
BD_Bo
 1.83886 1.23894 0.628793 0.346281 0.440175 0.517829 0.652948 0.430642 0.369345 0.246703 0.155074 0.207069 0.211918 0.18025 0.126687 0.166242 0.504001 0.490918 0.912588 0.705481 0.791656 0.965657 0.901316 0.758763 1.03568 0.860271 0.723737 0.766359 1.04924 0.721134 0.41409
BD_Brms
 12.2348 8.24327 4.18366 2.30397 2.92869 3.44536 4.34437 2.86526 2.45742 1.64143 1.03178 1.37773 1.40999 1.19929 0.842905 1.10609 3.35336 3.26631 6.07187 4.69389 5.26726 6.42496 5.99688 5.04841 6.89089 5.72378 4.81536 5.09894 6.98106 4.79804 2.75513
Sel_flota
 0.854191 1 1 1 1
 0.854191 1 1 1 1
 0.854191 1 1 1 1
 0.854191 1 1 1 1
 0.854191 1 1 1 1
 0.854191 1 1 1 1
 0.854191 1 1 1 1
 0.854191 1 1 1 1
 0.854191 1 1 1 1
 0.854191 1 1 1 1
 0.854191 1 1 1 1
 0.854191 1 1 1 1
 0.854191 1 1 1 1
 0.854191 1 1 1 1
 0.854191 1 1 1 1
 0.854191 1 1 1 1
 0.854191 1 1 1 1
 0.854191 1 1 1 1
 0.854191 1 1 1 1
 0.854191 1 1 1 1
 0.854191 1 1 1 1
 0.854191 1 1 1 1
 0.854191 1 1 1 1
 0.854191 1 1 1 1
 0.854191 1 1 1 1
 0.854191 1 1 1 1
 0.854191 1 1 1 1
 0.854191 1 1 1 1
 0.854191 1 1 1 1
 0.854191 1 1 1 1
 0.854191 1 1 1 1
Sel_reclas
 0.918632 0.982704 0.996515 0.999306 0.999862
 0.918632 0.982704 0.996515 0.999306 0.999862
 0.918632 0.982704 0.996515 0.999306 0.999862
 0.918632 0.982704 0.996515 0.999306 0.999862
 0.918632 0.982704 0.996515 0.999306 0.999862
 0.918632 0.982704 0.996515 0.999306 0.999862
 0.918632 0.982704 0.996515 0.999306 0.999862
 0.918632 0.982704 0.996515 0.999306 0.999862
 0.918632 0.982704 0.996515 0.999306 0.999862
 0.918632 0.982704 0.996515 0.999306 0.999862
 0.918632 0.982704 0.996515 0.999306 0.999862
 0.918632 0.982704 0.996515 0.999306 0.999862
 0.918632 0.982704 0.996515 0.999306 0.999862
 0.918632 0.982704 0.996515 0.999306 0.999862
 0.918632 0.982704 0.996515 0.999306 0.999862
 0.918632 0.982704 0.996515 0.999306 0.999862
 0.918632 0.982704 0.996515 0.999306 0.999862
 0.918632 0.982704 0.996515 0.999306 0.999862
 0.918632 0.982704 0.996515 0.999306 0.999862
 0.918632 0.982704 0.996515 0.999306 0.999862
 0.918632 0.982704 0.996515 0.999306 0.999862
 0.918632 0.982704 0.996515 0.999306 0.999862
 0.918632 0.982704 0.996515 0.999306 0.999862
 0.918632 0.982704 0.996515 0.999306 0.999862
 0.918632 0.982704 0.996515 0.999306 0.999862
 0.918632 0.982704 0.996515 0.999306 0.999862
 0.918632 0.982704 0.996515 0.999306 0.999862
 0.918632 0.982704 0.996515 0.999306 0.999862
 0.918632 0.982704 0.996515 0.999306 0.999862
 0.918632 0.982704 0.996515 0.999306 0.999862
 0.918632 0.982704 0.996515 0.999306 0.999862
Sel_pelaces
 1 1 1 1 1
 1 1 1 1 1
 1 1 1 1 1
 1 1 1 1 1
 1 1 1 1 1
 1 1 1 1 1
 1 1 1 1 1
 1 1 1 1 1
 1 1 1 1 1
 1 1 1 1 1
 1 1 1 1 1
 1 1 1 1 1
 1 1 1 1 1
 1 1 1 1 1
 1 1 1 1 1
 1 1 1 1 1
 1 1 1 1 1
 1 1 1 1 1
 1 1 1 1 1
 1 1 1 1 1
 1 1 1 1 1
 1 1 1 1 1
 1 1 1 1 1
 1 1 1 1 1
 1 1 1 1 1
 1 1 1 1 1
 1 1 1 1 1
 1 1 1 1 1
 1 1 1 1 1
 1 1 1 1 1
 1 1 1 1 1
pf_obs 
 0.8446 0.082 0.0669 0.0065 0
 0.8095 0.147 0.0364 0.0071 0
 0.9664 0.0169 0.016 0.0007 0
 0.9276 0.0648 0.0075 0.0001 0
 0.7033 0.2144 0.0806 0.0017 0
 0.9318 0.0425 0.0243 0.0014 0
 0.5671 0.3108 0.0964 0.0239 0.0018
 0.0768 0.2599 0.5324 0.112 0.0189
 0.490249 0.384438 0.106611 0.0170017 0.00170017
 0.7925 0.1577 0.0466 0.003 0.0002
 0.840416 0.127587 0.0312969 0.00059994 9.999e-05
 0.8084 0.0986 0.0794 0.0134 0.0002
 0.7335 0.1905 0.0724 0.0035 0.0001
 0.4001 0.4547 0.1325 0.0127 0
 0.49795 0.308269 0.164784 0.0264974 0.00249975
 0.9179 0.0499 0.0305 0.0017 0
 0.2467 0.6533 0.0926 0.0074 0
 0.9418 0.0223 0.034 0.0019 0
 0.707729 0.231977 0.0356964 0.0245975 0
 0.517169 0.277429 0.184464 0.0207286 0.00020938
 0.811772 0.124168 0.05621 0.00726502 0.000585176
 0.764997 0.148141 0.077277 0.00933861 0.000247198
 0.163321 0.427699 0.378323 0.0303852 0.000271297
 0.753843 0.0900009 0.118128 0.0371064 0.000921714
 0.721811 0.176058 0.0630433 0.0369309 0.00215725
 0.143369 0.312575 0.442814 0.0836902 0.0175525
 0.692698 0.0596174 0.167031 0.0765114 0.00414204
 0.394062 0.376323 0.152708 0.0712218 0.00568511
 0.125707 0.32114 0.495352 0.0537591 0.00404204
 0.23352 0.215282 0.420074 0.123614 0.00750983
 0 0 0 0 0
pf_pred 
 0.453952 0.109927 0.413815 0.0223052 7.59439e-07
 0.423587 0.285731 0.0585184 0.22029 0.0118743
 0.561634 0.204698 0.11583 0.0237223 0.0941154
 0.781776 0.131844 0.0403359 0.0228244 0.02322
 0.652368 0.281965 0.0396733 0.0121375 0.0138553
 0.721737 0.191655 0.0702475 0.00988401 0.00647572
 0.466791 0.402583 0.0899696 0.0329766 0.00767982
 0.435653 0.290302 0.206909 0.0462403 0.0208956
 0.498071 0.238905 0.135301 0.0964339 0.0312899
 0.665465 0.181518 0.072832 0.0412475 0.0389377
 0.791556 0.14709 0.0332906 0.0133575 0.0147061
 0.736358 0.215531 0.0339496 0.00768377 0.00647732
 0.693812 0.236544 0.0569352 0.00896819 0.00374082
 0.641845 0.262637 0.073792 0.0177614 0.00396469
 0.745115 0.175903 0.0579175 0.0162728 0.00479111
 0.930964 0.0538807 0.0104594 0.00344385 0.00125249
 0.410496 0.555432 0.026592 0.0051621 0.00231781
 0.894002 0.0481481 0.0545061 0.00260954 0.000734023
 0.622857 0.343125 0.0154521 0.0174925 0.00107304
 0.631489 0.245449 0.111962 0.00504202 0.00605795
 0.739041 0.175691 0.0567928 0.0259061 0.00256835
 0.746299 0.195818 0.0389701 0.0125972 0.00631592
 0.350541 0.506248 0.110536 0.021998 0.0106762
 0.742475 0.100645 0.122287 0.0267007 0.00789263
 0.641234 0.277596 0.0317227 0.0385443 0.0109036
 0.459433 0.367348 0.134028 0.0153163 0.0238744
 0.735833 0.132455 0.089506 0.0326566 0.00954898
 0.691343 0.236923 0.0359678 0.0243051 0.0114608
 0.370559 0.45701 0.132357 0.0200935 0.0199807
 0.457308 0.222845 0.232227 0.0672567 0.0203635
 0.858707 0.0707088 0.0289837 0.030204 0.0113961
pobs_RECLAS
 0 0 0 0 0
 0 0 0 0 0
 0 0 0 0 0
 0 0 0 0 0
 0 0 0 0 0
 0 0 0 0 0
 0 0 0 0 0
 0 0 0 0 0
 0 0 0 0 0
 0 0 0 0 0
 0.991045 0.00858322 0.000360255 1.14367e-05 0
 0.934742 0.0480273 0.0164251 0.00080598 0
 0.827803 0.169806 0.00239088 0 0
 0.941827 0.0461693 0.0120037 0 0
 0.791401 0.0380133 0.147996 0.0225897 0
 0.846168 0.0940531 0.0597789 0 0
 0.134021 0.677848 0.182769 0.00536245 0
 0.80878 0.0450904 0.141981 0.00414843 0
 0.846168 0.0940531 0.0597789 0 0
 0.905697 0.0802665 0.012482 0.00150086 5.37128e-05
 0.989698 0.0102097 9.19794e-05 0 0
 0.975433 0.0193895 0.00387452 0.00125025 5.28907e-05
 0.303575 0.632131 0.0575291 0.00676475 0
 0.966965 0.00978017 0.0227588 0.000495775 0
 0.843318 0.132988 0.00938335 0.0141283 0.000182051
 0.564624 0.303363 0.111486 0.0197234 0.00080311
 0.826376 0.0876187 0.0782897 0.00655872 0.00115652
 0.89761 0.0855135 0.0140674 0.00269457 0.000114338
 0.34875 0.467042 0.161289 0.0227151 0.000203297
 0.318654 0.224769 0.449479 0.00709798 0
 0.937255 0.0296025 0.0250945 0.00804832 0
ppred_RECLAS
 0.47395 0.104714 0.399729 0.0216063 7.36052e-07
 0.444442 0.273141 0.0567262 0.214141 0.0115493
 0.582358 0.193401 0.110976 0.0227918 0.0904737
 0.796408 0.122243 0.0379242 0.0215198 0.021905
 0.672132 0.265169 0.0378343 0.0116073 0.0132574
 0.739061 0.178909 0.0664971 0.00938252 0.00615059
 0.489851 0.383765 0.0869695 0.0319662 0.00744867
 0.456346 0.277663 0.200682 0.0449743 0.0203348
 0.51945 0.226886 0.1303 0.0931296 0.0302346
 0.684783 0.169817 0.0690949 0.0392406 0.0370638
 0.805513 0.136618 0.0313551 0.0126161 0.0138976
 0.754278 0.200334 0.0319993 0.00726263 0.00612571
 0.713282 0.220769 0.0538851 0.00851153 0.00355231
 0.664149 0.245318 0.0698946 0.0168705 0.00376791
 0.762297 0.163294 0.0545216 0.0153616 0.00452534
 0.936683 0.0492551 0.00969589 0.00320139 0.00116496
 0.433116 0.533666 0.025909 0.00504359 0.00226586
 0.901879 0.0442268 0.0507706 0.00243751 0.000686014
 0.644732 0.322769 0.0147396 0.0167327 0.00102701
 0.652175 0.230567 0.106652 0.00481633 0.00579001
 0.755765 0.163629 0.053637 0.0245351 0.00243378
 0.763182 0.182162 0.0367617 0.0119166 0.00597803
 0.371144 0.4886 0.108182 0.0215898 0.0104839
 0.758082 0.0937057 0.115456 0.0252797 0.00747676
 0.661376 0.261074 0.0302539 0.0368627 0.0104337
 0.481127 0.350945 0.129843 0.0148796 0.0232065
 0.751969 0.123441 0.084587 0.0309483 0.0090545
 0.709843 0.22192 0.0341637 0.0231506 0.0109225
 0.391262 0.440196 0.129279 0.0196812 0.0195816
 0.478193 0.212408 0.224461 0.0651895 0.0197486
 0.868538 0.0652734 0.0271318 0.0283532 0.0107037
pobs_PELACES
 0 0 0 0 0
 0 0 0 0 0
 0 0 0 0 0
 0 0 0 0 0
 0 0 0 0 0
 0 0 0 0 0
 0 0 0 0 0
 0 0 0 0 0
 0 0 0 0 0
 0 0 0 0 0
 0 0 0 0 0
 0 0 0 0 0
 0 0 0 0 0
 0 0 0 0 0
 0 0 0 0 0
 0 0 0 0 0
 0.505614 0.472636 0.0217494 0 0
 0 0 0 0 0
 0.443492 0.261883 0.143347 0.151278 0
 0.227955 0.32914 0.350689 0.0885471 0.00366901
 0.970185 0.0296113 0.000203453 0 0
 0.997202 0.00247181 0.000326279 0 0
 0.445219 0.490057 0.0546422 0.010081 0
 0.90214 0.0892962 0.00764917 0.000914606 0
 0 0 0 0 0
 0.581667 0.319106 0.0959925 0.00289975 0.000334073
 0.762889 0.0836404 0.116647 0.0363945 0.000428098
 0.88444 0.0763242 0.0277011 0.0115352 0
 0.521256 0.241999 0.230069 0.00667565 0
 0.616807 0.101726 0.260614 0.0208532 0
 0 0 0 0 0
ppred_PELACES
 0.494989 0.101666 0.382715 0.0206289 7.02364e-07
 0.465675 0.264868 0.0542456 0.204205 0.0110073
 0.602976 0.185393 0.104906 0.0214851 0.0852393
 0.810082 0.114742 0.0351038 0.0198638 0.0202081
 0.688308 0.252815 0.0355717 0.0108827 0.0124229
 0.754232 0.169275 0.0620443 0.0087298 0.00571952
 0.512097 0.368376 0.0823251 0.0301746 0.00702728
 0.475608 0.269749 0.19226 0.0429666 0.0194162
 0.541124 0.218412 0.123695 0.0881622 0.028606
 0.703961 0.16063 0.064451 0.036501 0.034457
 0.817184 0.129005 0.0291975 0.0117152 0.012898
 0.770686 0.187468 0.0295292 0.0066833 0.00563393
 0.73135 0.207544 0.0499551 0.00786872 0.00328221
 0.686661 0.229773 0.0645583 0.0155389 0.00346858
 0.778652 0.152759 0.0502969 0.0141317 0.00416072
 0.941712 0.0454919 0.00883098 0.00290767 0.00105749
 0.452778 0.515594 0.0246847 0.00479184 0.00215156
 0.909304 0.0411973 0.0466374 0.00223282 0.000628057
 0.664117 0.305587 0.0137616 0.0155788 0.000955652
 0.671596 0.218735 0.0997764 0.00449327 0.00539863
 0.770835 0.154286 0.0498735 0.0227499 0.00225544
 0.778225 0.171176 0.0340661 0.011012 0.00552113
 0.389783 0.47566 0.103857 0.0206688 0.0100311
 0.77309 0.0886796 0.107749 0.0235264 0.00695431
 0.678722 0.248589 0.0284079 0.0345167 0.00976427
 0.500641 0.339345 0.123811 0.0141487 0.0220544
 0.766941 0.116858 0.0789661 0.028811 0.00842452
 0.725444 0.210748 0.0319941 0.0216199 0.0101946
 0.409874 0.428465 0.12409 0.0188384 0.0187327
 0.499345 0.205583 0.214238 0.0620469 0.0187861
 0.877376 0.061366 0.0251541 0.0262131 0.00989031
pobs_pel_tallas
 0 0 0 0 0 0 0 0 0 0 0 0 0 0 0 0 0 0 0 0 0 0 0 0 0 0
 0 0 0 0 0 0 0 0 0 0 0 0 0 0 0 0 0 0 0 0 0 0 0 0 0 0
 0 0 0 0 0 0 0 0 0 0 0 0 0 0 0 0 0 0 0 0 0 0 0 0 0 0
 0 0 0 0 0 0 0 0 0 0 0 0 0 0 0 0 0 0 0 0 0 0 0 0 0 0
 0 0 0 0 0 0 0 0 0 0 0 0 0 0 0 0 0 0 0 0 0 0 0 0 0 0
 0 0 0 0 0 0 0 0 0 0 0 0 0 0 0 0 0 0 0 0 0 0 0 0 0 0
 0 0 0 0 0 0 0 0 0 0 0 0 0 0 0 0 0 0 0 0 0 0 0 0 0 0
 0 0 0 0 0 0 0 0 0 0 0 0 0 0 0 0 0 0 0 0 0 0 0 0 0 0
 0 0 0 0 0 0 0 0 0 0 0 0 0 0 0 0 0 0 0 0 0 0 0 0 0 0
 0 0 0 0 0 0 0 0 0 0 0 0 0 0 0 0 0 0 0 0 0 0 0 0 0 0
 0 0 0 0 0 0 0 0 0 0 0 0 0 0 0 0 0 0 0 0 0 0 0 0 0 0
 0 0 0 0 0 0 0 0 0 0 0 0 0 0 0 0 0 0 0 0 0 0 0 0 0 0
 0.00862536 0 0 0.000197151 0.00414017 0.0128641 0.00837892 0.0270097 0.101434 0.158115 0.152841 0.127902 0.109271 0.109419 0.0830992 0.0579132 0.0238553 0.00714673 0.00463305 0.00128148 0.00103504 0.000492878 0.000147863 0.000147863 4.92878e-05 0
 0 0 0 0 0 0 0 0 0 0 0 0 0 0 0 0 0 0 0 0 0 0 0 0 0 0
 0 0 0 0 0 0 0 0.0054083 0.00873648 0.0413646 0.0450493 0.0745869 0.0622846 0.0627006 0.0613931 0.0827291 0.12552 0.122667 0.0946155 0.0697135 0.0546179 0.0294188 0.0215738 0.0213955 0.0102223 0.00600262
 0 0 0 0 0.00359764 0.0251062 0.0480494 0.140153 0.205849 0.193036 0.1447 0.116669 0.0760912 0.0342217 0.00950174 0.001854 0.000860785 0 0 0 0.000165536 0 0.000143464 0 0 0
 0 0 0 0 0 0 0 0.000145254 0.000435761 0.0275982 0.070085 0.0708112 0.156366 0.174668 0.174014 0.160142 0.0824315 0.0480064 0.0283245 0.00493863 0.00203355 0 0 0 0 0
 0 0 0 0 0 0 0 0 0 0 0 0 0 0 0 0 0 0 0 0 0 0 0 0 0 0
 0 0 1.00437e-05 0.000401748 0.00122533 0.00171747 0.00176769 0.0269171 0.070346 0.194647 0.189555 0.159765 0.064822 0.0314167 0.0384472 0.0292271 0.0345202 0.0313363 0.0194345 0.0106764 0.0143323 0.0359363 0.0279516 0.0138201 0.00172751 0
 0 0.0021121 0.0136068 0.0755702 0.200478 0.177729 0.0527432 0.0373336 0.0318909 0.0142505 0.0149659 0.0166563 0.0217959 0.0798694 0.0677717 0.0528807 0.04013 0.0224614 0.0357745 0.0225083 0.00881397 0.00855152 0.00135912 0.000746735 0 0
 0 0 0 0 5.4009e-05 0.00500934 0.000945158 0.0243581 0.138947 0.33067 0.221406 0.137944 0.0707744 0.0437923 0.0131692 0.00525238 0.0047753 0.00276346 9.45158e-05 9.00151e-06 2.25038e-05 9.00151e-06 4.50075e-06 0 0 0
 0.000866109 0.00284123 0.00948549 0.0512746 0.133035 0.25785 0.225252 0.132002 0.0553304 0.0519788 0.0540692 0.017754 0.00435017 0.00159236 0.00146478 0.000404838 0.000125132 0.000115318 0.000107957 0.000100596 0 0 0 0 0 0
 0 0 0 0 0.00144013 0.00171154 0.00461396 0.0210425 0.0478622 0.0707936 0.0888783 0.103762 0.0637923 0.0337046 0.0602308 0.124433 0.169614 0.0934646 0.0462172 0.0250306 0.0313229 0.00938855 0.002487 0.000210481 0 0
 0 0.00764035 0.051015 0.0998891 0.058973 0.0496711 0.0374665 0.0718981 0.12319 0.153886 0.159021 0.0857701 0.0377988 0.023471 0.0147837 0.00900784 0.00315554 0.000888139 0.00291439 0.00214683 0.00393193 0.00274676 0.000635225 9.99891e-05 0 0
 0 0 0 0 0 0 0 0 0 0 0 0 0 0 0 0 0 0 0 0 0 0 0 0 0 0
 0 0 0 0 0 0 0 0 0 0 0 0 0 0 0 0 0 0 0 0 0 0 0 0 0 0
 0 0 0 0 0 0 0 0 0 0 0 0 0 0 0 0 0 0 0 0 0 0 0 0 0 0
 0 0 0 0 0 0 0 0 0 0 0 0 0 0 0 0 0 0 0 0 0 0 0 0 0 0
 0 0 0 0 0 0 0 0 0 0 0 0 0 0 0 0 0 0 0 0 0 0 0 0 0 0
 0 0 0 0 0 0 0 0 0 0 0 0 0 0 0 0 0 0 0 0 0 0 0 0 0 0
 0 0 0 0 0 0 0 0 0 0 0 0 0 0 0 0 0 0 0 0 0 0 0 0 0 0
ppred_pel_tallas
 1.1314e-16 4.07717e-05 0.000396315 0.00263365 0.0119722 0.03725 0.0793655 0.115838 0.115849 0.0794165 0.0374228 0.0124785 0.003932 0.00332155 0.00586221 0.0103185 0.0164661 0.0240406 0.0326715 0.0419849 0.0514668 0.0601242 0.0663592 0.068414 0.0652333 0.0571413
 1.23975e-16 3.83571e-05 0.000372844 0.00247768 0.0112632 0.0350441 0.0746662 0.108983 0.109008 0.0747914 0.0354651 0.0124804 0.00553896 0.007076 0.0128324 0.0213319 0.0311767 0.0402393 0.0464735 0.0491793 0.0495078 0.0496458 0.0512681 0.0544429 0.0576976 0.0589992
 1.19655e-16 4.96664e-05 0.000482775 0.00320821 0.0145841 0.0453766 0.0966802 0.141111 0.141129 0.0967683 0.0456727 0.0154415 0.00536771 0.00522161 0.00912326 0.0152012 0.0223675 0.0291575 0.0341396 0.0367482 0.0376256 0.0381001 0.0392088 0.0410396 0.0427996 0.0433949
 1.06455e-16 6.67254e-05 0.000648595 0.00431014 0.0195933 0.060962 0.129886 0.189575 0.189587 0.129941 0.0611443 0.0201202 0.0056349 0.00354741 0.00559281 0.00919631 0.013377 0.0171198 0.0194506 0.0199568 0.0190358 0.0176003 0.0164736 0.0159485 0.0157735 0.0154582
 1.04285e-16 5.66951e-05 0.000551096 0.00366223 0.016648 0.0517982 0.110362 0.161082 0.161107 0.110481 0.052198 0.0178029 0.00656142 0.00688072 0.0120799 0.0198871 0.0286592 0.0360793 0.0398299 0.0388568 0.0339997 0.0274186 0.0212889 0.0167793 0.0139017 0.0120278
 1.03678e-16 6.21251e-05 0.000603878 0.00401298 0.0182425 0.0567591 0.120932 0.176507 0.176523 0.121012 0.0570281 0.01902 0.00596778 0.00488093 0.00821355 0.0135548 0.019694 0.0251288 0.0283603 0.0286826 0.026564 0.0232537 0.0199525 0.0172194 0.0149677 0.0128567
 1.06686e-16 4.21808e-05 0.000410013 0.00272468 0.012386 0.0385377 0.08211 0.119849 0.119885 0.0822838 0.0391214 0.0140725 0.00696068 0.00966621 0.017648 0.0291794 0.0421969 0.0534193 0.0595249 0.0589851 0.0529477 0.0443872 0.036236 0.029974 0.0255018 0.0219503
 1.13212e-16 3.91753e-05 0.000380798 0.00253054 0.0115035 0.0357917 0.076259 0.111308 0.111334 0.0763873 0.0362235 0.0127541 0.00568214 0.00730187 0.0133045 0.0222504 0.0327933 0.0428051 0.0501091 0.0536725 0.0540952 0.0529191 0.0513665 0.0495906 0.0469217 0.0426769
 1.17308e-16 4.45718e-05 0.000433253 0.00287912 0.0130881 0.040722 0.0867633 0.126638 0.126659 0.0868671 0.0410711 0.0140988 0.00542521 0.00602187 0.0107495 0.0179438 0.0264282 0.0344954 0.0404564 0.0436145 0.0446505 0.0450008 0.0457294 0.0468132 0.0473085 0.0460981
 1.11393e-16 5.79844e-05 0.000563629 0.00374551 0.0170266 0.052976 0.112872 0.164743 0.164758 0.112948 0.0532318 0.0177663 0.00560667 0.0046409 0.00784456 0.0129927 0.018991 0.0244924 0.0281843 0.0295227 0.0290576 0.0280017 0.0273841 0.0274579 0.0277258 0.0274096
 1.04234e-16 6.73104e-05 0.000654281 0.00434793 0.0197651 0.0614965 0.131025 0.191238 0.19125 0.131086 0.061701 0.0203559 0.00583218 0.00389827 0.00623984 0.0102405 0.0148211 0.0188039 0.0210426 0.0210279 0.0191888 0.0165843 0.0142357 0.0126204 0.0116267 0.0108501
 1.02524e-16 6.34804e-05 0.000617052 0.00410053 0.0186404 0.0579974 0.12357 0.180358 0.180376 0.123658 0.0582939 0.0194971 0.00625114 0.00531283 0.00898449 0.0147604 0.0212751 0.0267938 0.0295924 0.0288784 0.025256 0.0203042 0.0156191 0.0120674 0.00968345 0.00804862
 1.0284e-16 6.02403e-05 0.000585558 0.00389124 0.017689 0.0550372 0.117263 0.171153 0.171173 0.117361 0.0553661 0.0186393 0.0062782 0.00580147 0.00998129 0.016445 0.023775 0.0300872 0.033495 0.0331165 0.0295733 0.0245214 0.0196128 0.0157126 0.0128289 0.0105516
 1.04068e-16 5.65594e-05 0.000549778 0.00365347 0.0166082 0.0516742 0.110098 0.160696 0.160718 0.110207 0.0520387 0.0176615 0.0063 0.00633568 0.01107 0.0182769 0.0264763 0.033616 0.0376339 0.0375684 0.0340968 0.0290061 0.0240466 0.020085 0.0170552 0.0144709
 1.03612e-16 6.41366e-05 0.00062343 0.00414291 0.0188331 0.0585968 0.124847 0.182221 0.182236 0.124919 0.0588394 0.0195343 0.00590548 0.00447897 0.00740964 0.0122089 0.0177242 0.0225901 0.0254552 0.025693 0.0237471 0.0207722 0.0178735 0.0155573 0.0137198 0.0120061
 1.00738e-16 7.75676e-05 0.000753984 0.00501049 0.022777 0.0708676 0.150991 0.220377 0.220381 0.151013 0.0709397 0.0229851 0.00553307 0.0018955 0.00224767 0.00359879 0.00519022 0.00655564 0.00727728 0.00716474 0.00636207 0.00524357 0.0041823 0.00337273 0.00281107 0.00239196
 1.01689e-16 3.72949e-05 0.000362519 0.00240907 0.0109513 0.0340739 0.0725998 0.105972 0.106022 0.0728422 0.0348875 0.0133004 0.00830179 0.0132135 0.0244057 0.0401888 0.0576558 0.0720105 0.0783893 0.0745495 0.0622302 0.046033 0.0307563 0.0192302 0.0118862 0.00769151
 1.01687e-16 7.48982e-05 0.000728037 0.00483806 0.0219931 0.0684288 0.145795 0.212793 0.212797 0.145815 0.0684953 0.0221859 0.00532502 0.00180107 0.00214202 0.00349865 0.00520896 0.00691583 0.0082961 0.00917856 0.00960133 0.00970839 0.00958357 0.00918036 0.00839872 0.0072176
 1.022e-16 5.47025e-05 0.000531728 0.00353352 0.0160629 0.0499777 0.106484 0.155423 0.155452 0.106628 0.0504601 0.0174554 0.00702693 0.00815104 0.0145053 0.0238421 0.0342213 0.042789 0.0466827 0.0445991 0.0375911 0.0283908 0.0198152 0.0134776 0.00954202 0.00730363
 1.043e-16 5.53186e-05 0.000537716 0.00357331 0.0162438 0.0505405 0.107683 0.157171 0.157192 0.107786 0.0508886 0.0172506 0.00610552 0.00608224 0.0106341 0.0176192 0.0256688 0.0328858 0.0373477 0.038125 0.0357606 0.031766 0.0275808 0.0238565 0.0204933 0.0171536
 1.04142e-16 6.34927e-05 0.000617172 0.00410132 0.018644 0.0580086 0.123594 0.180392 0.180407 0.123667 0.0582536 0.0193524 0.00588186 0.00451239 0.00748579 0.01234 0.017924 0.0228672 0.025816 0.026151 0.0243315 0.0215254 0.0188334 0.0167318 0.0150665 0.0134324
 1.03066e-16 6.41014e-05 0.000623088 0.00414064 0.0188228 0.0585647 0.124779 0.182122 0.182138 0.12486 0.0588357 0.0196059 0.00610737 0.00491949 0.00823275 0.0135328 0.0195453 0.0247007 0.0274447 0.0270655 0.024107 0.0199763 0.0160713 0.0131137 0.0110766 0.00955098
 1.0689e-16 3.2106e-05 0.000312082 0.0020739 0.00942766 0.0293332 0.0624991 0.0912289 0.0912748 0.0627235 0.0300866 0.0116045 0.00754104 0.0122565 0.0227448 0.0376244 0.0543682 0.0687297 0.076385 0.0753236 0.067006 0.0552856 0.0440118 0.0352074 0.0288826 0.024037
 1.06669e-16 6.36785e-05 0.000618977 0.00411332 0.0186986 0.0581782 0.123955 0.180918 0.180927 0.123998 0.0583217 0.019115 0.00516618 0.00294252 0.00455042 0.00761562 0.0114181 0.015311 0.0186597 0.0211487 0.0228876 0.0241607 0.025052 0.0252977 0.0244859 0.0223966
 1.05998e-16 5.59055e-05 0.000543421 0.00361123 0.0164161 0.0510768 0.108825 0.158839 0.158863 0.108943 0.0514699 0.0175516 0.0064617 0.00676688 0.0118785 0.0195594 0.0282005 0.0355407 0.0393316 0.0385809 0.0341628 0.0282313 0.022908 0.0192568 0.017143 0.0157831
 1.08811e-16 4.12372e-05 0.00040084 0.00266373 0.0121089 0.0376756 0.080273 0.117168 0.1172 0.0804335 0.0382147 0.0136678 0.00658256 0.00897531 0.0163834 0.0271708 0.0394902 0.0504022 0.0569177 0.0576388 0.0535264 0.047107 0.0407995 0.0357141 0.031635 0.0278095
 1.06624e-16 6.31719e-05 0.000614054 0.0040806 0.0185498 0.0577155 0.122969 0.17948 0.179491 0.123025 0.0579025 0.0190914 0.00544532 0.00361081 0.00580651 0.00963632 0.0141987 0.0185403 0.0217282 0.023336 0.0236506 0.0233624 0.0230033 0.0226088 0.0218231 0.0202674
 1.04871e-16 5.97539e-05 0.000580829 0.00385981 0.0175462 0.0545928 0.116316 0.169771 0.169792 0.116416 0.0549262 0.0185095 0.00627859 0.00586316 0.0100985 0.0166189 0.0239817 0.030266 0.0335658 0.0330284 0.0293688 0.024376 0.0198162 0.0165812 0.0145811 0.0132053
 1.0875e-16 3.37608e-05 0.000328167 0.00218079 0.00991358 0.030845 0.0657201 0.0959292 0.0959706 0.0659225 0.0315247 0.0118781 0.00711691 0.0111203 0.0205787 0.0340948 0.0494101 0.0627614 0.0703149 0.0702845 0.0639384 0.0546119 0.0455698 0.038425 0.0330415 0.0284852
 1.15637e-16 4.11305e-05 0.000399803 0.00265683 0.0120776 0.0375779 0.0800645 0.116861 0.116881 0.080163 0.0379095 0.0130392 0.00508582 0.00575268 0.0103557 0.0174451 0.0260439 0.034686 0.0418729 0.046893 0.0501026 0.0523455 0.0540312 0.0547069 0.0534373 0.0495704
 1.05045e-16 7.22683e-05 0.000702474 0.00466819 0.0212209 0.0660261 0.140676 0.205322 0.205328 0.140705 0.0661239 0.0215039 0.00538036 0.0022636 0.00305658 0.00499138 0.00731134 0.00947556 0.0109976 0.0116881 0.0117678 0.0116922 0.0118198 0.0121865 0.0125296 0.0124912
pSPR Fmed_Fpbrs
0.674473   0.200298 0.200298
Fs Fmed_Fpbrs
0.204132   1.005 1.005
SSBpbr Bo_Bmed_Bpbrs
1.98353e+06  1.23866e+06  298120 298120
Ro
193308
SPR SPRFo_SPRFmed_SPRFpbrs
1.37648e+06 928398 275706
Fref
1.005
log_Ro
11.992
likeval ReclasPelacesDesembMPH_pf_preclas_ppelaces_ptallas_desvR_qrecl_qpela
 18.0486 17.0376 0.121688 0.00281027 229.813 122.806 82.0879 0 22.4183 0 0 0.616587 0 0 0
q_reclas_q_pelaces
1 1
M
1
N
 217426 45284.9 170473 9188.75 0.312855
 124262 72479 14843.9 55879.2 3012.07
 121501 38275.5 21658.6 4435.73 17598.2
 257342 37654.7 11520 6518.68 6631.66
 202825 75263.2 10589.7 3239.79 3698.3
 302951 69417.9 25443.8 3580.01 2345.52
 127924 96263.6 21513.1 7885.21 1836.36
 59939 34238.8 24403.3 5453.67 2464.46
 50464.6 20967.5 11874.7 8463.55 2746.17
 63729 15131.9 6071.5 3438.52 3245.96
 110946 17705.1 4007.16 1607.83 1770.16
 147656 37815 5956.47 1348.12 1136.45
 126753 37765.7 9090.06 1431.83 597.246
 91312.5 33064.3 9289.95 2236.05 499.13
 93168.3 19245.3 6336.67 1780.39 524.189
 471921 23818 4623.61 1522.36 553.665
 108748 127445 6101.6 1184.46 531.827
 699920 32660.7 36973.6 1770.16 497.916
 435440 209065 9414.89 10658.1 653.802
 351205 118665 54129.1 2437.62 2928.78
 484371 99697.2 32227.5 14700.6 1457.43
 641568 146284 29112.2 9410.64 4718.25
 146912 183117 39982.3 7956.94 3861.7
 398366 46543.9 56552.7 12347.9 3650
 344879 128711 14708.7 17871.6 5055.61
 161498 111117 40541.3 4632.92 7221.6
 344635 53457.4 36123.6 13179.8 3853.86
 379017 111774 16968.7 11466.5 5406.92
 118149 125405 36319.2 5513.7 5482.75
 92798 39032.7 40676 11780.4 3566.79
 414952 29348.1 12029.9 12536.3 4730.01
pred_Ctot
 13004.5 3149.12 11854.7 638.987 0.0217559
 12967 8746.92 1791.39 6743.62 363.503
 12272.1 4472.78 2530.96 518.348 2056.48
 33976.5 5730.01 1753.02 991.964 1009.16
 8982.95 3882.59 546.291 167.131 190.784
 26407.2 7012.36 2570.24 361.64 236.936
 22608.1 19498.2 4357.49 1597.15 371.956
 1868.25 1244.93 887.307 198.296 89.6083
 5998 2877 1629.35 1161.3 376.808
 10089.9 2752.21 1104.29 625.403 590.381
 5186.97 963.86 218.149 87.5299 96.367
 29294.7 8574.52 1350.62 305.685 257.688
 23968.7 8171.74 1966.91 309.819 129.232
 25781.9 10549.7 2964.1 713.448 159.255
 18505.6 4368.72 1438.43 404.151 118.992
 81341.2 4707.73 913.875 300.9 109.434
 12831.8 17362.4 831.245 161.363 72.4528
 84625.9 4557.69 5159.53 247.019 69.4824
 73111.9 40276.6 1813.79 2053.3 125.956
 51776.9 20124.8 9179.95 413.404 496.702
 55712.5 13244.4 4281.32 1952.93 193.615
 92799.4 24349.2 4845.78 1566.42 785.361
 13049.1 18845.4 4114.76 818.886 397.426
 30980.7 4199.53 5102.6 1114.12 329.33
 27369.9 11848.7 1354.03 1645.2 465.402
 10319.9 8251.48 3010.58 344.039 536.273
 26058.2 4690.64 3169.69 1156.47 338.159
 24313.8 8332.34 1264.95 854.787 403.065
 7682.61 9474.95 2744.1 416.588 414.249
 8333.47 4060.88 4231.85 1225.61 371.081
 19968.1 1644.24 673.979 702.355 265.001
F
 0.0985621 0.115386 0.115386 0.115386 0.115386
 0.177583 0.207896 0.207896 0.207896 0.207896
 0.17146 0.200728 0.200728 0.200728 0.200728
 0.229413 0.268574 0.268574 0.268574 0.268574
 0.0721964 0.0845202 0.0845202 0.0845202 0.0845202
 0.146479 0.171483 0.171483 0.171483 0.171483
 0.318078 0.372373 0.372373 0.372373 0.372373
 0.0503527 0.0589478 0.0589478 0.0589478 0.0589478
 0.204468 0.23937 0.23937 0.23937 0.23937
 0.28079 0.32872 0.32872 0.32872 0.32872
 0.0763413 0.0893726 0.0893726 0.0893726 0.0893726
 0.36348 0.425525 0.425525 0.425525 0.425525
 0.343785 0.402469 0.402469 0.402469 0.402469
 0.55702 0.652102 0.652102 0.652102 0.652102
 0.363964 0.426092 0.426092 0.426092 0.426092
 0.309124 0.361891 0.361891 0.361891 0.361891
 0.202857 0.237485 0.237485 0.237485 0.237485
 0.208321 0.243881 0.243881 0.243881 0.243881
 0.300053 0.351272 0.351272 0.351272 0.351272
 0.259233 0.303484 0.303484 0.303484 0.303484
 0.1973 0.230979 0.230979 0.230979 0.230979
 0.253792 0.297113 0.297113 0.297113 0.297113
 0.149441 0.17495 0.17495 0.17495 0.17495
 0.129803 0.15196 0.15196 0.15196 0.15196
 0.132612 0.155248 0.155248 0.155248 0.155248
 0.105607 0.123633 0.123633 0.123633 0.123633
 0.126005 0.147514 0.147514 0.147514 0.147514
 0.106036 0.124136 0.124136 0.124136 0.124136
 0.107549 0.125907 0.125907 0.125907 0.125907
 0.151198 0.177007 0.177007 0.177007 0.177007
 0.0786524 0.0920782 0.0920782 0.0920782 0.0920782
nmprior
 8 9 7.5 0
nm_flota  nm_reclas  nm_pelaces    nm_pelaL
inf 11.8479 18.1143 32.3316
cv_recla  cv_pelaces  cv_mph
0.384279 0.485701 1.63598
 ------------------------------------------------
Talla a la edad & desviación 
 8 13.2811 15.8009 17.003 17.5766
 0.8 1.32811 1.58009 1.7003 1.75766
