years
 1991 1992 1993 1994 1995 1996 1997 1998 1999 2000 2001 2002 2003 2004 2005 2006 2007 2008 2009 2010 2011 2012 2013 2014 2015 2016 2017 2018 2019 2020 2021
reclasobs
 0 0 0 0 0 0 0 0 0 252601 567819 844713 477998 351125 339783 2.1784e+06 2.13404e+06 4.81314e+06 1.55562e+06 2.62356e+06 3.21686e+06 3.843e+06 1.13348e+06 3.07943e+06 1.97215e+06 2.03268e+06 2.025e+06 2.42433e+06 2.27542e+06 1.05018e+06 2.36338e+06
reclaspred
 3.49165e+06 2.00156e+06 1.02055e+06 1.08215e+06 1.1224e+06 1.69566e+06 1.17432e+06 1.05903e+06 766056 559068 547601 660638 655659 539646 548665 1.21951e+06 1.25349e+06 2.55569e+06 2.14856e+06 1.64758e+06 2.92372e+06 2.36954e+06 1.93652e+06 2.96708e+06 2.23587e+06 1.98769e+06 2.31279e+06 2.39552e+06 2.00066e+06 1.32683e+06 2.14198e+06
pelacesobs
 0 0 0 0 0 0 0 0 0 0 0 0 0 0 0 552880 188675 0 991730 2.46772e+06 1.41603e+06 1.21717e+06 2.29649e+06 1.80582e+06 0 1.4828e+06 1.56532e+06 1.57751e+06 1.42118e+06 867257 0
pelacespred
 2.4788e+06 1.60114e+06 829475 647901 695476 1.03769e+06 768692 773612 572152 397816 375595 380624 411590 360025 360425 632553 722528 1.51971e+06 1.43438e+06 1.0548e+06 1.67892e+06 1.56195e+06 1.30739e+06 1.9906e+06 1.57988e+06 1.39109e+06 1.71585e+06 1.7532e+06 1.33754e+06 1.00977e+06 1.32975e+06
mphobs
 0 0 0 0 0 0 0 0 0 0 0 498337 0 5186 125008 0 168611 109162 213762 579715 649985 157893 87575 83554 0 0 0 0 0 0 0
mphpred
 527193 354862 182323 99407.7 119641 136706 178018 124654 107137 75650.5 49911.7 63817.6 67757.8 59280 43918.2 53970.6 141843 144433 253122 199576 218600 268540 254752 215193 297240 244351 203080 212697 287554 201091 117830
desembarqueobs
 494567 514787 250237 358949 120608 361735 552515 73892 212993 205616 52469 317467 293654 387597 252695 516296 358380 742168 942051 627588 828172 859565 418607 520667 417249 300574 407403 355545 319650 289779 219260
desembarquepred
 494573 513066 251171 358966 120611 361748 552571 73894.8 213032 205654 52471 317535 293712 387666 252705 516298 358410 742117 941974 627532 828254 859633 418626 520692 417258 300582 407412 355543 319654 289793 219261
Reclutas
 248227 144929 142235 294007 235438 369299 156825 75885.8 66019.3 82959.8 146335 183863 155517 110663 114284 550061 141786 822493 509552 391411 580800 773435 173200 506732 417317 194642 420608 461732 143744 115065 543910
log_desv_Rt
 0.0543105 -0.483788 -0.502556 0.223569 0.00141222 0.451572 -0.404902 -1.13081 -1.27009 -1.04168 -0.474136 -0.245841 -0.41328 -0.753543 -0.72135 0.849994 -0.505715 1.25231 0.773498 0.509723 0.904371 1.19081 -0.305589 0.767948 0.573811 -0.188874 0.581668 0.67495 -0.492004 -0.714541 0.83875
SSB
 4.85341e+06 3.26691e+06 1.67849e+06 915161 1.10143e+06 1.25854e+06 1.63886e+06 1.14758e+06 986316 696449 459494 587513 623788 545740 404317 496861 1.30583e+06 1.32967e+06 2.33028e+06 1.83733e+06 2.01247e+06 2.47222e+06 2.34528e+06 1.98109e+06 2.73644e+06 2.24953e+06 1.86958e+06 1.95812e+06 2.64726e+06 1.85127e+06 1.08476e+06
BT
 6.37171e+06 4.35164e+06 2.24565e+06 2.02235e+06 1.89533e+06 3.13463e+06 2.42174e+06 2.06198e+06 1.66556e+06 1.22115e+06 1.05681e+06 1.29366e+06 1.37233e+06 1.38518e+06 1.26324e+06 2.2598e+06 2.15817e+06 4.9807e+06 4.74314e+06 3.29735e+06 5.27699e+06 4.9437e+06 3.69549e+06 6.01624e+06 4.44083e+06 3.84823e+06 5.13666e+06 5.19651e+06 3.58724e+06 2.78406e+06 3.95207e+06
Ftot
 0.0876447 0.157095 0.151562 0.21158 0.0682747 0.137317 0.28827 0.044111 0.174466 0.229292 0.062498 0.302881 0.282012 0.4478 0.296688 0.278296 0.178703 0.189762 0.275383 0.240031 0.181065 0.230396 0.134699 0.114362 0.117803 0.0952467 0.114289 0.0968936 0.0986521 0.135902 0.0680261
BD_Bspro_t
 0.986075 0.895021 0.779178 0.70967 0.71759 0.776692 0.768818 0.655476 0.700355 0.669043 0.639352 0.766989 0.664081 0.586865 0.497551 0.548515 0.668115 0.659779 0.721564 0.641663 0.619521 0.663555 0.677212 0.676339 0.766391 0.772741 0.78063 0.8083 0.841342 0.790219 0.754445
BD_Bspro
 2.89911 1.95144 1.00262 0.546657 0.657922 0.751767 0.978944 0.68549 0.58916 0.416012 0.274471 0.350941 0.372609 0.325989 0.241512 0.296792 0.780013 0.794255 1.39195 1.0975 1.20211 1.47674 1.40091 1.18337 1.63457 1.34372 1.11676 1.16965 1.5813 1.10583 0.647961
BD_Bo
 2.03635 1.3707 0.704247 0.383976 0.462129 0.528047 0.687618 0.481493 0.41383 0.29221 0.192791 0.246504 0.261724 0.228977 0.16964 0.208469 0.547887 0.55789 0.977719 0.770891 0.844374 1.03727 0.984012 0.83121 1.14813 0.943838 0.784423 0.82157 1.11071 0.776742 0.455133
BD_Brms
 14.1037 9.49345 4.87759 2.6594 3.20069 3.65723 4.76241 3.3348 2.86617 2.02384 1.33526 1.70728 1.81269 1.58589 1.17492 1.44385 3.79465 3.86393 6.77165 5.33916 5.8481 7.18411 6.81523 5.75693 7.95191 6.53699 5.43289 5.69016 7.69277 5.37969 3.15223
Sel_flota
 0.884009 1 1 1 1
 0.884009 1 1 1 1
 0.884009 1 1 1 1
 0.884009 1 1 1 1
 0.884009 1 1 1 1
 0.884009 1 1 1 1
 0.884009 1 1 1 1
 0.884009 1 1 1 1
 0.884009 1 1 1 1
 0.884009 1 1 1 1
 0.884009 1 1 1 1
 0.884009 1 1 1 1
 0.884009 1 1 1 1
 0.884009 1 1 1 1
 0.884009 1 1 1 1
 0.884009 1 1 1 1
 0.884009 1 1 1 1
 0.884009 1 1 1 1
 0.884009 1 1 1 1
 0.884009 1 1 1 1
 0.884009 1 1 1 1
 0.884009 1 1 1 1
 0.884009 1 1 1 1
 0.884009 1 1 1 1
 0.884009 1 1 1 1
 0.884009 1 1 1 1
 0.884009 1 1 1 1
 0.884009 1 1 1 1
 0.884009 1 1 1 1
 0.884009 1 1 1 1
 0.884009 1 1 1 1
Sel_reclas
 1 1 1 1 1
 1 1 1 1 1
 1 1 1 1 1
 1 1 1 1 1
 1 1 1 1 1
 1 1 1 1 1
 1 1 1 1 1
 1 1 1 1 1
 1 1 1 1 1
 1 1 1 1 1
 1 1 1 1 1
 1 1 1 1 1
 1 1 1 1 1
 1 1 1 1 1
 1 1 1 1 1
 1 1 1 1 1
 1 1 1 1 1
 1 1 1 1 1
 1 1 1 1 1
 1 1 1 1 1
 1 1 1 1 1
 1 1 1 1 1
 1 1 1 1 1
 1 1 1 1 1
 1 1 1 1 1
 1 1 1 1 1
 1 1 1 1 1
 1 1 1 1 1
 1 1 1 1 1
 1 1 1 1 1
 1 1 1 1 1
Sel_pelaces
 0.734795 0.933082 0.98595 0.997176 0.999438
 0.734795 0.933082 0.98595 0.997176 0.999438
 0.734795 0.933082 0.98595 0.997176 0.999438
 0.734795 0.933082 0.98595 0.997176 0.999438
 0.734795 0.933082 0.98595 0.997176 0.999438
 0.734795 0.933082 0.98595 0.997176 0.999438
 0.734795 0.933082 0.98595 0.997176 0.999438
 0.734795 0.933082 0.98595 0.997176 0.999438
 0.734795 0.933082 0.98595 0.997176 0.999438
 0.734795 0.933082 0.98595 0.997176 0.999438
 0.734795 0.933082 0.98595 0.997176 0.999438
 0.734795 0.933082 0.98595 0.997176 0.999438
 0.734795 0.933082 0.98595 0.997176 0.999438
 0.734795 0.933082 0.98595 0.997176 0.999438
 0.734795 0.933082 0.98595 0.997176 0.999438
 0.734795 0.933082 0.98595 0.997176 0.999438
 0.734795 0.933082 0.98595 0.997176 0.999438
 0.734795 0.933082 0.98595 0.997176 0.999438
 0.734795 0.933082 0.98595 0.997176 0.999438
 0.734795 0.933082 0.98595 0.997176 0.999438
 0.734795 0.933082 0.98595 0.997176 0.999438
 0.734795 0.933082 0.98595 0.997176 0.999438
 0.734795 0.933082 0.98595 0.997176 0.999438
 0.734795 0.933082 0.98595 0.997176 0.999438
 0.734795 0.933082 0.98595 0.997176 0.999438
 0.734795 0.933082 0.98595 0.997176 0.999438
 0.734795 0.933082 0.98595 0.997176 0.999438
 0.734795 0.933082 0.98595 0.997176 0.999438
 0.734795 0.933082 0.98595 0.997176 0.999438
 0.734795 0.933082 0.98595 0.997176 0.999438
 0.734795 0.933082 0.98595 0.997176 0.999438
pf_obs 
 0.8446 0.082 0.0669 0.0065 0
 0.8095 0.147 0.0364 0.0071 0
 0.9664 0.0169 0.016 0.0007 0
 0.9276 0.0648 0.0075 0.0001 0
 0.7033 0.2144 0.0806 0.0017 0
 0.9318 0.0425 0.0243 0.0014 0
 0.5671 0.3108 0.0964 0.0239 0.0018
 0.0768 0.2599 0.5324 0.112 0.0189
 0.490249 0.384438 0.106611 0.0170017 0.00170017
 0.7925 0.1577 0.0466 0.003 0.0002
 0.840416 0.127587 0.0312969 0.00059994 9.999e-05
 0.8084 0.0986 0.0794 0.0134 0.0002
 0.7335 0.1905 0.0724 0.0035 0.0001
 0.4001 0.4547 0.1325 0.0127 0
 0.49795 0.308269 0.164784 0.0264974 0.00249975
 0.9179 0.0499 0.0305 0.0017 0
 0.2467 0.6533 0.0926 0.0074 0
 0.9418 0.0223 0.034 0.0019 0
 0.707729 0.231977 0.0356964 0.0245975 0
 0.517169 0.277429 0.184464 0.0207286 0.00020938
 0.811772 0.124168 0.05621 0.00726502 0.000585176
 0.764997 0.148141 0.077277 0.00933861 0.000247198
 0.163321 0.427699 0.378323 0.0303852 0.000271297
 0.753843 0.0900009 0.118128 0.0371064 0.000921714
 0.721811 0.176058 0.0630433 0.0369309 0.00215725
 0.143369 0.312575 0.442814 0.0836902 0.0175525
 0.692698 0.0596174 0.167031 0.0765114 0.00414204
 0.394062 0.376323 0.152708 0.0712218 0.00568511
 0.125707 0.32114 0.495352 0.0537591 0.00404204
 0.23352 0.215282 0.420074 0.123614 0.00750983
 0 0 0 0 0
pf_pred 
 0.427228 0.107043 0.442533 0.0231955 7.39668e-07
 0.412182 0.269877 0.0594185 0.245647 0.012876
 0.548426 0.200956 0.115063 0.0253333 0.110222
 0.769266 0.134121 0.0429939 0.0246175 0.0290017
 0.648563 0.278633 0.0423195 0.0135659 0.0169186
 0.731814 0.1816 0.0686488 0.0104265 0.00751068
 0.469181 0.401856 0.0873263 0.0330113 0.00862552
 0.431577 0.287057 0.213008 0.0462882 0.02207
 0.503532 0.229758 0.13469 0.0999456 0.0320744
 0.656742 0.184431 0.0735028 0.0430894 0.0422351
 0.781618 0.150117 0.0366782 0.0146177 0.0169687
 0.721972 0.223147 0.0377257 0.00921752 0.00793792
 0.668715 0.248474 0.0664644 0.0112366 0.00510976
 0.610286 0.272643 0.087807 0.0234875 0.00577655
 0.707284 0.189243 0.0723891 0.0233135 0.00776985
 0.918107 0.0602891 0.0139668 0.00534257 0.00229406
 0.425783 0.532999 0.0303447 0.00702978 0.00384367
 0.883231 0.0536235 0.0586127 0.00333694 0.00119573
 0.615193 0.345011 0.0182756 0.019976 0.0015448
 0.60687 0.254879 0.123953 0.00656596 0.00773187
 0.739876 0.166407 0.0607598 0.0295488 0.00340841
 0.743882 0.195969 0.0384791 0.0140498 0.00762085
 0.33813 0.509315 0.116728 0.0229199 0.012908
 0.745767 0.0936586 0.123564 0.028319 0.00869211
 0.628938 0.28565 0.0314655 0.0415124 0.0124342
 0.451586 0.361427 0.143946 0.0158562 0.0271849
 0.733212 0.129096 0.0907448 0.036141 0.0108065
 0.689687 0.235237 0.0363283 0.0255361 0.0132113
 0.369848 0.451683 0.135291 0.0208933 0.0222846
 0.458372 0.216993 0.232693 0.0696977 0.022244
 0.863299 0.067179 0.0278526 0.0298678 0.0118014
pobs_RECLAS
 0 0 0 0 0
 0 0 0 0 0
 0 0 0 0 0
 0 0 0 0 0
 0 0 0 0 0
 0 0 0 0 0
 0 0 0 0 0
 0 0 0 0 0
 0 0 0 0 0
 0 0 0 0 0
 0.991045 0.00858322 0.000360255 1.14367e-05 0
 0.934742 0.0480273 0.0164251 0.00080598 0
 0.827803 0.169806 0.00239088 0 0
 0.941827 0.0461693 0.0120037 0 0
 0.791401 0.0380133 0.147996 0.0225897 0
 0.846168 0.0940531 0.0597789 0 0
 0.134021 0.677848 0.182769 0.00536245 0
 0.80878 0.0450904 0.141981 0.00414843 0
 0.846168 0.0940531 0.0597789 0 0
 0.905697 0.0802665 0.012482 0.00150086 5.37128e-05
 0.989698 0.0102097 9.19794e-05 0 0
 0.975433 0.0193895 0.00387452 0.00125025 5.28907e-05
 0.303575 0.632131 0.0575291 0.00676475 0
 0.966965 0.00978017 0.0227588 0.000495775 0
 0.843318 0.132988 0.00938335 0.0141283 0.000182051
 0.564624 0.303363 0.111486 0.0197234 0.00080311
 0.826376 0.0876187 0.0782897 0.00655872 0.00115652
 0.89761 0.0855135 0.0140674 0.00269457 0.000114338
 0.34875 0.467042 0.161289 0.0227151 0.000203297
 0.318654 0.224769 0.449479 0.00709798 0
 0.937255 0.0296025 0.0250945 0.00804832 0
ppred_RECLAS
 0.457855 0.101319 0.41887 0.0219552 7.00118e-07
 0.442762 0.255837 0.0563273 0.232867 0.0122062
 0.579139 0.187288 0.107237 0.0236103 0.102726
 0.790817 0.121594 0.0389782 0.0223182 0.0262929
 0.676275 0.256662 0.0389824 0.0124962 0.0155845
 0.755581 0.165506 0.0625651 0.00950254 0.00684508
 0.500826 0.377899 0.0821202 0.0310433 0.0081113
 0.462148 0.271618 0.201552 0.0437987 0.020883
 0.534778 0.215297 0.126213 0.0936554 0.0300558
 0.684543 0.169493 0.0675498 0.0395996 0.0388145
 0.802031 0.136086 0.0332498 0.0132514 0.0153826
 0.746724 0.203281 0.0343671 0.00839692 0.00723123
 0.696149 0.227898 0.0609603 0.0103061 0.00468661
 0.640551 0.251469 0.0809879 0.0216634 0.00532794
 0.732842 0.17272 0.0660686 0.0212779 0.00709144
 0.927136 0.0536425 0.0124271 0.00475358 0.00204115
 0.456655 0.504343 0.0287132 0.00665183 0.00363702
 0.895556 0.0479637 0.0524263 0.00298473 0.00106952
 0.644683 0.31857 0.0168751 0.0184452 0.00142641
 0.636507 0.235664 0.114609 0.00607096 0.00714898
 0.763256 0.15145 0.0552986 0.0268929 0.00310206
 0.76713 0.17818 0.0349863 0.0127745 0.00692909
 0.36658 0.487422 0.11171 0.0219346 0.0123531
 0.76864 0.0852321 0.112447 0.0257711 0.00791008
 0.657504 0.26366 0.0290431 0.0383166 0.011477
 0.482509 0.341047 0.135829 0.0149621 0.0256521
 0.756847 0.117659 0.0827058 0.0329393 0.00984915
 0.715642 0.215561 0.0332897 0.0234003 0.0121063
 0.399258 0.430602 0.128977 0.0199182 0.0212446
 0.489462 0.204538 0.219337 0.065697 0.0209672
 0.877282 0.0603074 0.0250036 0.0268127 0.0105942
pobs_PELACES
 0 0 0 0 0
 0 0 0 0 0
 0 0 0 0 0
 0 0 0 0 0
 0 0 0 0 0
 0 0 0 0 0
 0 0 0 0 0
 0 0 0 0 0
 0 0 0 0 0
 0 0 0 0 0
 0 0 0 0 0
 0 0 0 0 0
 0 0 0 0 0
 0 0 0 0 0
 0 0 0 0 0
 0 0 0 0 0
 0.505614 0.472636 0.0217494 0 0
 0 0 0 0 0
 0.443492 0.261883 0.143347 0.151278 0
 0.227955 0.32914 0.350689 0.0885471 0.00366901
 0.970185 0.0296113 0.000203453 0 0
 0.997202 0.00247181 0.000326279 0 0
 0.445219 0.490057 0.0546422 0.010081 0
 0.90214 0.0892962 0.00764917 0.000914606 0
 0 0 0 0 0
 0.581667 0.319106 0.0959925 0.00289975 0.000334073
 0.762889 0.0836404 0.116647 0.0363945 0.000428098
 0.88444 0.0763242 0.0277011 0.0115352 0
 0.521256 0.241999 0.230069 0.00667565 0
 0.616807 0.101726 0.260614 0.0208532 0
 0 0 0 0 0
ppred_PELACES
 0.389352 0.109044 0.47635 0.0252523 8.07084e-07
 0.377962 0.275667 0.0641319 0.268152 0.0140876
 0.512775 0.209357 0.126666 0.0282054 0.122996
 0.745087 0.144305 0.0488793 0.028306 0.0334228
 0.619542 0.297801 0.0477935 0.0154952 0.0193684
 0.705987 0.195344 0.0780286 0.0119861 0.00865369
 0.440483 0.417425 0.0958491 0.0366457 0.00959687
 0.396979 0.295778 0.231915 0.0509706 0.0243577
 0.468511 0.237924 0.14738 0.110607 0.0355765
 0.626101 0.195137 0.0821759 0.0487223 0.0478647
 0.758244 0.162984 0.0420782 0.0169607 0.0197332
 0.698883 0.238814 0.0426619 0.0105423 0.00909936
 0.642501 0.264227 0.0746825 0.0127698 0.00582011
 0.583752 0.286068 0.0973507 0.0263368 0.00649202
 0.68144 0.201642 0.0815021 0.0265473 0.00886767
 0.908814 0.0660645 0.0161719 0.0062565 0.00269259
 0.398869 0.555586 0.0334227 0.00783102 0.00429147
 0.868356 0.0586295 0.0677155 0.00389907 0.00140033
 0.58925 0.365877 0.020479 0.0226393 0.00175473
 0.576963 0.268783 0.138121 0.00739975 0.00873348
 0.714413 0.178769 0.0689718 0.0339244 0.003922
 0.720672 0.210694 0.0437145 0.0161431 0.00877616
 0.311241 0.522813 0.12661 0.0251434 0.0141924
 0.716912 0.100508 0.140112 0.0324774 0.00999107
 0.599416 0.303857 0.0353675 0.0471916 0.0141674
 0.419354 0.375025 0.157824 0.0175829 0.0302137
 0.704739 0.138516 0.102883 0.041442 0.0124196
 0.662075 0.252305 0.0411718 0.0292703 0.0151775
 0.340628 0.464747 0.147091 0.0229743 0.0245598
 0.422791 0.22319 0.252899 0.0766125 0.0245063
 0.845335 0.0736009 0.032244 0.0349707 0.0138489
pobs_pel_tallas
 0 0 0 0 0 0 0 0 0 0 0 0 0 0 0 0 0 0 0 0 0 0 0 0 0 0
 0 0 0 0 0 0 0 0 0 0 0 0 0 0 0 0 0 0 0 0 0 0 0 0 0 0
 0 0 0 0 0 0 0 0 0 0 0 0 0 0 0 0 0 0 0 0 0 0 0 0 0 0
 0 0 0 0 0 0 0 0 0 0 0 0 0 0 0 0 0 0 0 0 0 0 0 0 0 0
 0 0 0 0 0 0 0 0 0 0 0 0 0 0 0 0 0 0 0 0 0 0 0 0 0 0
 0 0 0 0 0 0 0 0 0 0 0 0 0 0 0 0 0 0 0 0 0 0 0 0 0 0
 0 0 0 0 0 0 0 0 0 0 0 0 0 0 0 0 0 0 0 0 0 0 0 0 0 0
 0 0 0 0 0 0 0 0 0 0 0 0 0 0 0 0 0 0 0 0 0 0 0 0 0 0
 0 0 0 0 0 0 0 0 0 0 0 0 0 0 0 0 0 0 0 0 0 0 0 0 0 0
 0 0 0 0 0 0 0 0 0 0 0 0 0 0 0 0 0 0 0 0 0 0 0 0 0 0
 0 0 0 0 0 0 0 0 0 0 0 0 0 0 0 0 0 0 0 0 0 0 0 0 0 0
 0 0 0 0 0 0 0 0 0 0 0 0 0 0 0 0 0 0 0 0 0 0 0 0 0 0
 0.00862536 0 0 0.000197151 0.00414017 0.0128641 0.00837892 0.0270097 0.101434 0.158115 0.152841 0.127902 0.109271 0.109419 0.0830992 0.0579132 0.0238553 0.00714673 0.00463305 0.00128148 0.00103504 0.000492878 0.000147863 0.000147863 4.92878e-05 0
 0 0 0 0 0 0 0 0 0 0 0 0 0 0 0 0 0 0 0 0 0 0 0 0 0 0
 0 0 0 0 0 0 0 0.0054083 0.00873648 0.0413646 0.0450493 0.0745869 0.0622846 0.0627006 0.0613931 0.0827291 0.12552 0.122667 0.0946155 0.0697135 0.0546179 0.0294188 0.0215738 0.0213955 0.0102223 0.00600262
 0 0 0 0 0.00359764 0.0251062 0.0480494 0.140153 0.205849 0.193036 0.1447 0.116669 0.0760912 0.0342217 0.00950174 0.001854 0.000860785 0 0 0 0.000165536 0 0.000143464 0 0 0
 0 0 0 0 0 0 0 0.000145254 0.000435761 0.0275982 0.070085 0.0708112 0.156366 0.174668 0.174014 0.160142 0.0824315 0.0480064 0.0283245 0.00493863 0.00203355 0 0 0 0 0
 0 0 0 0 0 0 0 0 0 0 0 0 0 0 0 0 0 0 0 0 0 0 0 0 0 0
 0 0 1.00437e-05 0.000401748 0.00122533 0.00171747 0.00176769 0.0269171 0.070346 0.194647 0.189555 0.159765 0.064822 0.0314167 0.0384472 0.0292271 0.0345202 0.0313363 0.0194345 0.0106764 0.0143323 0.0359363 0.0279516 0.0138201 0.00172751 0
 0 0.0021121 0.0136068 0.0755702 0.200478 0.177729 0.0527432 0.0373336 0.0318909 0.0142505 0.0149659 0.0166563 0.0217959 0.0798694 0.0677717 0.0528807 0.04013 0.0224614 0.0357745 0.0225083 0.00881397 0.00855152 0.00135912 0.000746735 0 0
 0 0 0 0 5.4009e-05 0.00500934 0.000945158 0.0243581 0.138947 0.33067 0.221406 0.137944 0.0707744 0.0437923 0.0131692 0.00525238 0.0047753 0.00276346 9.45158e-05 9.00151e-06 2.25038e-05 9.00151e-06 4.50075e-06 0 0 0
 0.000866109 0.00284123 0.00948549 0.0512746 0.133035 0.25785 0.225252 0.132002 0.0553304 0.0519788 0.0540692 0.017754 0.00435017 0.00159236 0.00146478 0.000404838 0.000125132 0.000115318 0.000107957 0.000100596 0 0 0 0 0 0
 0 0 0 0 0.00144013 0.00171154 0.00461396 0.0210425 0.0478622 0.0707936 0.0888783 0.103762 0.0637923 0.0337046 0.0602308 0.124433 0.169614 0.0934646 0.0462172 0.0250306 0.0313229 0.00938855 0.002487 0.000210481 0 0
 0 0.00764035 0.051015 0.0998891 0.058973 0.0496711 0.0374665 0.0718981 0.12319 0.153886 0.159021 0.0857701 0.0377988 0.023471 0.0147837 0.00900784 0.00315554 0.000888139 0.00291439 0.00214683 0.00393193 0.00274676 0.000635225 9.99891e-05 0 0
 0 0 0 0 0 0 0 0 0 0 0 0 0 0 0 0 0 0 0 0 0 0 0 0 0 0
 0 0 0 0 0 0 0 0 0 0 0 0 0 0 0 0 0 0 0 0 0 0 0 0 0 0
 0 0 0 0 0 0 0 0 0 0 0 0 0 0 0 0 0 0 0 0 0 0 0 0 0 0
 0 0 0 0 0 0 0 0 0 0 0 0 0 0 0 0 0 0 0 0 0 0 0 0 0 0
 0 0 0 0 0 0 0 0 0 0 0 0 0 0 0 0 0 0 0 0 0 0 0 0 0 0
 0 0 0 0 0 0 0 0 0 0 0 0 0 0 0 0 0 0 0 0 0 0 0 0 0 0
 0 0 0 0 0 0 0 0 0 0 0 0 0 0 0 0 0 0 0 0 0 0 0 0 0 0
ppred_pel_tallas
 1.16307e-16 3.20705e-05 0.000311736 0.0020716 0.00941719 0.0293004 0.0624281 0.091118 0.0911292 0.0624833 0.0294879 0.00996771 0.00348792 0.0035174 0.00645297 0.0114829 0.0185484 0.0274981 0.038038 0.0497784 0.0620183 0.0733618 0.081652 0.0846016 0.0808815 0.0709334
 1.31198e-16 3.11323e-05 0.000302617 0.002011 0.00914173 0.0284434 0.0606028 0.0884571 0.0884838 0.0607333 0.0288822 0.0104111 0.00520514 0.00730315 0.0134127 0.0223662 0.0328269 0.0426778 0.0499088 0.0539158 0.0559765 0.0583369 0.0625472 0.0683187 0.0736622 0.0760419
 1.27352e-16 4.22366e-05 0.000410555 0.00272828 0.0124024 0.0385886 0.0822178 0.120004 0.120024 0.0823174 0.0389235 0.0133721 0.00517167 0.00577598 0.0103266 0.017259 0.0254715 0.0333694 0.0394011 0.0429979 0.0449386 0.0467316 0.0494828 0.0531391 0.0565814 0.0583232
 1.09943e-16 6.13719e-05 0.000596557 0.00396433 0.0180213 0.0560709 0.119466 0.174366 0.17438 0.119534 0.0563004 0.0186847 0.00563283 0.00424937 0.00703031 0.0116108 0.0169276 0.0217438 0.024862 0.0257891 0.0250391 0.0237509 0.0229202 0.0228441 0.0231175 0.0230365
 1.06288e-16 5.10309e-05 0.000496038 0.00329635 0.0149847 0.0466233 0.0993369 0.144991 0.14502 0.0994772 0.0470945 0.016346 0.00671404 0.00795955 0.0142338 0.0234731 0.0338648 0.0427118 0.0473064 0.0464238 0.0410556 0.0337252 0.0269493 0.0220408 0.0189473 0.0168777
 1.04969e-16 5.81513e-05 0.000565251 0.00375629 0.0170756 0.0531286 0.113197 0.165218 0.165237 0.113289 0.0534392 0.0179737 0.00601472 0.00550846 0.00948453 0.015688 0.0228279 0.0291976 0.0330848 0.0336838 0.0315284 0.0280317 0.0245319 0.0216198 0.0191507 0.0167105
 1.08172e-16 3.62821e-05 0.000352675 0.00234365 0.0106539 0.0331485 0.0706279 0.103092 0.103132 0.0708248 0.03381 0.0125653 0.0071449 0.0108449 0.0199959 0.0330869 0.0478664 0.060635 0.0676404 0.0671596 0.0604955 0.0510087 0.0419989 0.0351095 0.0301922 0.0262339
 1.16002e-16 3.26987e-05 0.000317843 0.00211218 0.00960169 0.0298746 0.063652 0.092908 0.0929368 0.063793 0.0303488 0.0109755 0.00557594 0.00792992 0.0146385 0.0245399 0.0362655 0.0475363 0.0560097 0.0605698 0.0618388 0.0614071 0.0604658 0.0590287 0.056257 0.0513838
 1.21427e-16 3.85907e-05 0.000375115 0.00249277 0.0113318 0.0352576 0.0751208 0.109646 0.109669 0.0752341 0.0356384 0.0124347 0.00527242 0.00648079 0.011747 0.0196604 0.029041 0.0380839 0.0450027 0.0490806 0.0510641 0.0524636 0.0543173 0.0564323 0.0576089 0.0565061
 1.15408e-16 5.15711e-05 0.00050129 0.00333125 0.0151434 0.0471168 0.100388 0.146523 0.146542 0.10048 0.0474276 0.0160427 0.00559433 0.00546066 0.00952756 0.0158234 0.0231622 0.029942 0.034593 0.0364777 0.0362774 0.0354568 0.0352294 0.0358373 0.0365941 0.036476
 1.06297e-16 6.24556e-05 0.000607091 0.00403433 0.0183395 0.057061 0.121575 0.177446 0.177462 0.121652 0.0573196 0.0190867 0.00591176 0.00471201 0.00787793 0.0129773 0.0188149 0.0239365 0.0269127 0.0271128 0.0250788 0.022129 0.0195137 0.0177834 0.0167446 0.0158492
 1.0389e-16 5.75661e-05 0.000559563 0.00371849 0.0169038 0.052594 0.112058 0.163557 0.16358 0.11217 0.0529719 0.0179957 0.00646023 0.00654752 0.0114379 0.0188395 0.0271848 0.0342961 0.0379931 0.0372752 0.0329083 0.0268823 0.0211918 0.0168945 0.0139928 0.0119306
 1.04489e-16 5.2922e-05 0.000514421 0.00341851 0.0155401 0.048351 0.103018 0.150363 0.150388 0.103143 0.0487701 0.0167512 0.00646167 0.00716723 0.0127159 0.0210114 0.0304334 0.0386277 0.043218 0.0430919 0.0390235 0.0330683 0.0272493 0.022583 0.0190189 0.0160198
 1.06623e-16 4.8083e-05 0.000467384 0.00310593 0.0141191 0.04393 0.0935985 0.136616 0.136643 0.0937337 0.0443843 0.0154326 0.00640769 0.00769055 0.0138115 0.0228761 0.0332286 0.042374 0.047788 0.0482944 0.0447134 0.0391889 0.03377 0.0293914 0.0258594 0.0225276
 1.06567e-16 5.61294e-05 0.000545598 0.00362569 0.0164819 0.0512813 0.109261 0.159474 0.159493 0.109356 0.0516021 0.0174095 0.00595859 0.00565318 0.00980021 0.0162285 0.023645 0.0303116 0.0344886 0.0353745 0.033541 0.0304427 0.0274185 0.0249947 0.022913 0.0206436
 1.01567e-16 7.48579e-05 0.000727645 0.00483546 0.0219813 0.068392 0.145717 0.212679 0.212685 0.145748 0.0684967 0.022284 0.0055958 0.00238957 0.00323738 0.00525011 0.0075951 0.0096353 0.010777 0.0107509 0.00976454 0.00834701 0.00701268 0.00600963 0.00530074 0.00471371
 1.02619e-16 3.28544e-05 0.000319357 0.00212224 0.00964743 0.030017 0.0639564 0.0933575 0.0934109 0.0642177 0.030894 0.0121796 0.00847481 0.0141752 0.0263125 0.0433561 0.0622375 0.0778122 0.0848584 0.08097 0.068014 0.0509188 0.0348027 0.0226549 0.0148895 0.0103684
 1.02598e-16 7.15253e-05 0.000695251 0.00462019 0.0210027 0.0653473 0.13923 0.203211 0.203216 0.139258 0.0654419 0.0212773 0.00531376 0.00222398 0.00301771 0.0049871 0.00743585 0.00988768 0.011889 0.0131989 0.0138711 0.0141046 0.014008 0.0135017 0.0124312 0.010759
 1.03252e-16 4.85358e-05 0.000471786 0.00313518 0.0142521 0.0443438 0.0944804 0.137904 0.13794 0.0946525 0.0449214 0.01592 0.00731964 0.00959965 0.0173642 0.0285786 0.041047 0.0513792 0.0561631 0.0538487 0.0456951 0.0349547 0.0249636 0.0176062 0.0130344 0.0103765
 1.06275e-16 4.75237e-05 0.000461947 0.0030698 0.0139549 0.043419 0.0925097 0.135026 0.135052 0.0926372 0.0438473 0.0151939 0.00618721 0.00729181 0.0130904 0.0217523 0.0317631 0.0408408 0.046654 0.0480705 0.0457293 0.0414136 0.0367851 0.0325368 0.0284778 0.0241878
 1.06102e-16 5.88453e-05 0.000571997 0.00380112 0.0172794 0.0537626 0.114548 0.167189 0.167206 0.114632 0.0540469 0.0181016 0.00586897 0.00509912 0.00869525 0.0143839 0.020957 0.0268699 0.0305876 0.0314122 0.0298655 0.0272472 0.0247396 0.0227833 0.021105 0.0191876
 1.0442e-16 5.93609e-05 0.000577009 0.00383443 0.0174308 0.0542337 0.115551 0.168655 0.168675 0.115651 0.0545674 0.018395 0.00625618 0.00586817 0.0101216 0.0166746 0.0240999 0.0304899 0.0339437 0.033595 0.0301183 0.0252405 0.0206637 0.0172456 0.0149158 0.0131374
 1.08711e-16 2.56366e-05 0.000249197 0.001656 0.00752798 0.0234226 0.0499062 0.0728502 0.0729006 0.0501529 0.0242511 0.00992218 0.00766996 0.0133916 0.0250264 0.0414402 0.0599446 0.075909 0.0846096 0.0838498 0.0752175 0.0628913 0.0510137 0.0417123 0.0349265 0.029533
 1.09017e-16 5.90511e-05 0.000573998 0.00381442 0.0173398 0.0539506 0.114948 0.167772 0.167782 0.114996 0.0541138 0.017814 0.00501477 0.00322782 0.00519754 0.0087571 0.0132141 0.0178882 0.0221018 0.0255158 0.0282268 0.0304709 0.0322094 0.0329999 0.0322706 0.0297424
 1.08229e-16 4.93732e-05 0.000479925 0.00318927 0.014498 0.0451088 0.0961101 0.140282 0.140311 0.0962532 0.0455894 0.0158862 0.0066743 0.0080895 0.0145073 0.0239239 0.0345101 0.0435273 0.0482425 0.0474586 0.0422562 0.0352695 0.0290748 0.0249341 0.022629 0.0211463
 1.11527e-16 3.45417e-05 0.000335758 0.00223123 0.0101429 0.0315584 0.0672399 0.0981463 0.0981826 0.0674175 0.032155 0.0118681 0.00657009 0.00983477 0.018155 0.0301692 0.0439484 0.0562997 0.0639647 0.0654173 0.0616881 0.0554743 0.0493054 0.0442567 0.0399824 0.0356216
 1.09263e-16 5.80484e-05 0.000564252 0.00374965 0.0170454 0.0530346 0.112996 0.164924 0.164938 0.113062 0.0532566 0.0176886 0.00537142 0.00412839 0.00689745 0.011497 0.0169961 0.0223073 0.0263568 0.0286611 0.0295563 0.029819 0.0299999 0.030039 0.0294195 0.0276334
 1.06757e-16 5.45343e-05 0.000530093 0.00352266 0.0160135 0.0498241 0.106156 0.154943 0.154968 0.106275 0.0502234 0.0171673 0.00641988 0.00685844 0.0120846 0.0199235 0.0287744 0.0363642 0.0404275 0.0399577 0.0358169 0.0301382 0.0250084 0.0214504 0.0193045 0.0177932
 1.10824e-16 2.80572e-05 0.000272726 0.00181236 0.00823875 0.0256341 0.0546177 0.0797256 0.0797705 0.0548373 0.0263717 0.0103711 0.00717139 0.0119929 0.0223499 0.0370698 0.0537853 0.0684518 0.0769416 0.0773333 0.0709877 0.0614678 0.0522259 0.044911 0.0392965 0.034335
 1.19186e-16 3.48248e-05 0.00033851 0.00224952 0.010226 0.031817 0.0677902 0.0989464 0.0989683 0.0678973 0.0321777 0.0112726 0.00489486 0.0061739 0.011296 0.0190892 0.0286012 0.0383014 0.0466174 0.0528073 0.0572353 0.0607236 0.063559 0.0650675 0.0640837 0.0598314
 1.06801e-16 6.96292e-05 0.00067682 0.00449771 0.0204459 0.0636149 0.135539 0.197824 0.197831 0.135574 0.0637323 0.0207857 0.00535305 0.00255265 0.00365822 0.00600807 0.00881987 0.011469 0.013386 0.014356 0.0146496 0.0148066 0.015234 0.0159373 0.0165566 0.0166225
pSPR Fmed_Fpbrs
0.735823   0.194384 0.194384
Fs Fmed_Fpbrs
0.15421   1.005 1.005
SSBpbr Bo_Bmed_Bpbrs
2.38338e+06  1.63458e+06  344123 344123
Ro
235106
SPR SPRFo_SPRFmed_SPRFpbrs
1.67411e+06 1.23185e+06 325420
Fref
1.005
log_Ro
12.1878
likeval ReclasPelacesDesembMPH_pf_preclas_ppelaces_ptallas_desvR_qrecl_qpela
 17.7466 17.4899 0.12679 0.000801623 229.719 123.213 83.2516 0 21.3433 1.00259e-05 0 0.643641 0 0 0
q_reclas_q_pelaces
0.638465 1
M
1
N
 248227 55210.3 228249 11963.8 0.381505
 144929 84509.7 18606.4 76922.1 4032.02
 142235 46403.4 26569.7 5849.81 25451.8
 294007 45764 14670.1 8399.82 9895.79
 235438 89708.5 13625.1 4367.68 5447.09
 369299 81539.8 30823.9 4681.61 3372.36
 156825 120328 26148.1 9884.56 2582.73
 75885.8 44714.5 33180 7210.25 3437.82
 66019.3 26849.2 15739.7 11679.5 3748.17
 82959.8 20815.9 8295.96 4863.32 4766.91
 146335 24919.7 6088.65 2426.56 2816.84
 183863 50940.1 8612.05 2104.18 1812.07
 155517 51751 13842.9 2340.31 1064.23
 110663 44587.5 14359.8 3841.1 944.687
 114284 27402.4 10481.9 3375.8 1125.07
 550061 32343.4 7492.81 2866.14 1230.7
 141786 158224 9008 2086.83 1141.02
 822493 44538.1 48682 2771.56 993.138
 509552 255849 13552.7 14813.6 1145.57
 391411 146950 71464.8 3785.58 4457.79
 580800 116462 42523.7 20680.2 2385.43
 773435 182061 35748.3 13052.7 7080.02
 173200 232100 53194.1 10444.8 5882.32
 506732 56563.9 74624.7 17102.9 5249.49
 417317 168492 18560 24486.2 7334.37
 194642 138339 55096.3 6069.07 10405.2
 420608 65822.5 46268.4 18427.4 5509.95
 461732 139864 21599.6 15182.9 7854.99
 143744 155918 46701.5 7212.24 7692.51
 115065 48464 51970.6 15566.5 4968.05
 543910 37538.1 15563.4 16689.4 6594.32
pred_Ctot
 11772.5 2949.62 12194.2 639.165 0.020382
 12014.2 7866.33 1731.92 7160.06 375.309
 11398.2 4176.55 2391.41 526.513 2290.8
 32190.8 5612.44 1799.13 1030.14 1213.61
 8759.88 3763.38 571.592 183.23 228.512
 26950.9 6687.86 2528.16 383.984 276.6
 22767.6 19500.6 4237.63 1601.92 418.565
 1840.4 1224.11 908.341 197.389 94.1144
 6040.13 2756.06 1615.68 1198.9 384.749
 9781.78 2746.99 1094.78 641.791 629.068
 4994.52 959.247 234.373 93.4069 108.43
 27902.2 8623.99 1457.99 356.232 306.778
 22136.3 8225.18 2200.15 371.962 169.147
 23612.4 10548.7 3397.31 908.746 223.499
 17025.5 4555.41 1742.53 561.197 187.034
 77365.1 5080.31 1176.93 450.197 193.311
 13266.9 16607.6 945.504 219.04 119.764
 81400.5 4942.06 5401.88 307.539 110.201
 70990.4 39812.7 2108.93 2305.14 178.262
 48128.8 20213.6 9830.31 520.724 613.188
 55017.2 12374 4518.1 2197.25 253.449
 91598.7 24130.8 4738.16 1730.04 938.402
 12410.6 18693.7 4284.34 841.244 473.771
 31055.4 3900.16 5145.47 1179.27 361.959
 26312.4 11950.5 1316.4 1736.72 520.202
 10004.1 8006.78 3188.87 351.266 602.235
 25761.7 4535.82 3188.35 1269.83 379.69
 24127.8 8229.46 1270.9 893.348 462.18
 7642.75 9333.82 2795.72 431.751 460.502
 8315 3936.32 4221.13 1264.34 403.512
 20165.3 1569.19 650.591 697.664 275.661
F
 0.0774787 0.0876447 0.0876447 0.0876447 0.0876447
 0.138873 0.157095 0.157095 0.157095 0.157095
 0.133982 0.151562 0.151562 0.151562 0.151562
 0.187038 0.21158 0.21158 0.21158 0.21158
 0.0603555 0.0682747 0.0682747 0.0682747 0.0682747
 0.121389 0.137317 0.137317 0.137317 0.137317
 0.254834 0.28827 0.28827 0.28827 0.28827
 0.0389946 0.044111 0.044111 0.044111 0.044111
 0.154229 0.174466 0.174466 0.174466 0.174466
 0.202696 0.229292 0.229292 0.229292 0.229292
 0.0552488 0.062498 0.062498 0.062498 0.062498
 0.267749 0.302881 0.302881 0.302881 0.302881
 0.249301 0.282012 0.282012 0.282012 0.282012
 0.395859 0.4478 0.4478 0.4478 0.4478
 0.262275 0.296688 0.296688 0.296688 0.296688
 0.246016 0.278296 0.278296 0.278296 0.278296
 0.157975 0.178703 0.178703 0.178703 0.178703
 0.167752 0.189762 0.189762 0.189762 0.189762
 0.243441 0.275383 0.275383 0.275383 0.275383
 0.212189 0.240031 0.240031 0.240031 0.240031
 0.160063 0.181065 0.181065 0.181065 0.181065
 0.203672 0.230396 0.230396 0.230396 0.230396
 0.119075 0.134699 0.134699 0.134699 0.134699
 0.101097 0.114362 0.114362 0.114362 0.114362
 0.104139 0.117803 0.117803 0.117803 0.117803
 0.0841989 0.0952467 0.0952467 0.0952467 0.0952467
 0.101033 0.114289 0.114289 0.114289 0.114289
 0.0856549 0.0968936 0.0968936 0.0968936 0.0968936
 0.0872094 0.0986521 0.0986521 0.0986521 0.0986521
 0.120139 0.135902 0.135902 0.135902 0.135902
 0.0601357 0.0680261 0.0680261 0.0680261 0.0680261
nmprior
 8 9 7.5 0
nm_flota  nm_reclas  nm_pelaces    nm_pelaL
inf 11.9115 10.6058 17.008
cv_recla  cv_pelaces  cv_mph
0.38105 0.492105 0.873757
 ------------------------------------------------
Talla a la edad & desviación 
 8 13.2811 15.8009 17.003 17.5766
 0.8 1.32811 1.58009 1.7003 1.75766
