years
 1991 1992 1993 1994 1995 1996 1997 1998 1999 2000 2001 2002 2003 2004 2005 2006 2007 2008 2009 2010 2011 2012 2013 2014 2015 2016 2017 2018 2019 2020 2021
reclasobs
 0 0 0 0 0 0 0 0 0 252601 567819 844713 477998 351125 339783 2.1784e+06 2.13404e+06 4.81314e+06 1.55562e+06 2.62356e+06 3.21686e+06 3.843e+06 1.13348e+06 3.07943e+06 1.97215e+06 2.03268e+06 2.025e+06 2.42433e+06 2.27542e+06 1.05018e+06 2.36338e+06
reclaspred
 2.66189e+06 996277 543262 271587 39873 940292 302691 68449.5 390650 144186 230998 489713 409194 284541 214982 1.15279e+06 762731 3.69561e+06 2.55299e+06 1.05597e+06 2.30699e+06 2.20161e+06 1.28549e+06 2.57997e+06 1.66032e+06 958063 1.59351e+06 2.87023e+06 2.19243e+06 911275 259523
pelacesobs
 0 0 0 0 0 0 0 0 0 0 0 0 0 0 0 552880 188675 0 991730 2.46772e+06 1.41603e+06 1.21717e+06 2.29649e+06 1.80582e+06 0 1.4828e+06 1.56532e+06 1.57751e+06 1.42118e+06 867257 0
pelacespred
 1.31044e+06 516619 242676 76596.2 10221.9 413510 92825 26838.6 163309 48258.8 102632 184481 164012 114125 85309.7 439766 290741 1.7668e+06 1.19255e+06 491369 1.01436e+06 955236 562461 1.30623e+06 806227 457464 877287 1.53302e+06 982724 503526 119761
mphobs
 0 0 0 0 0 0 0 0 0 0 0 498337 0 5186 125008 0 168611 109162 213762 579715 649985 157893 87575 83554 0 0 0 0 0 0 0
mphpred
 2.86968e+06 1.37815e+06 380854 295130 76358.1 8512.33 468200 89720.5 24750.5 189212 42704.9 147632 256786 161165 83935.5 83738.1 731242 426457 2.25346e+06 1.25174e+06 656783 1.19559e+06 1.30344e+06 765353 1.45377e+06 948691 490765 829096 2.06075e+06 1.1684e+06 343305
desembarqueobs
 494567 514787 250237 358949 120608 361735 552515 73892 212993 205616 52469 317467 293654 387597 252695 516296 358380 742168 942051 627588 828172 859565 418607 520667 417249 300574 407403 355545 319650 289779 219260
desembarquepred
 494531 514801 249581 358640 120493 361514 551652 73852 212834 205392 52457.7 317202 293359 386943 252399 515936 358250 741824 940945 626540 827657 858831 418378 520473 416991 300355 407193 355417 319496 289496 219011
Reclutas
 5486.29 3398.92 199051 8010.49 2968.6 287316 4216.6 1108.05 74196.4 5470.97 65556.4 159335 77261.8 68761.8 49285.6 438365 8390.17 1.02981e+06 224932 60685.6 456986 588583 10416.5 357642 171033 28245.8 268406 465091 18345 8005.36 11490.1
log_desv_Rt
 -2.14834 -2.62714 1.44297 -1.76984 -2.7625 1.80999 -2.41157 -3.74799 0.456121 -2.15114 0.332317 1.22042 0.496605 0.380054 0.0470373 2.23246 -1.72353 3.08654 1.5652 0.255112 2.27406 2.52712 -1.5072 2.02894 1.29126 -0.509649 1.7419 2.29164 -0.941239 -1.77048 -1.40911
SSB
 2.86968e+06 1.37815e+06 380854 295130 76358.1 8512.33 468200 89720.5 24750.5 189212 42704.9 147632 256786 161165 83935.5 83738.1 731242 426457 2.25346e+06 1.25174e+06 656783 1.19559e+06 1.30344e+06 765353 1.45377e+06 948691 490765 829096 2.06075e+06 1.1684e+06 343305
BT
 3.4768e+06 1.75444e+06 801083 439022 133285 1.27492e+06 703346 132728 566295 293605 281702 687428 638972 666503 449373 1.42178e+06 954461 4.74169e+06 3.63351e+06 1.7691e+06 3.05969e+06 2.9696e+06 1.65937e+06 3.50599e+06 2.25463e+06 1.33769e+06 2.45479e+06 3.87861e+06 2.52769e+06 1.47746e+06 511923
Ftot
 0.175741 0.473591 0.479847 1.11817 2.12355 0.450195 1.44528 0.942411 0.621423 1.1987 0.261319 0.690585 0.71106 1.31194 1.19009 0.513701 0.435601 0.233022 0.360006 0.554665 0.390667 0.409879 0.305562 0.224261 0.250347 0.300956 0.285076 0.140295 0.138874 0.298627 0.769033
BD_Bspro_t
 0.972273 0.777865 0.485574 0.449015 0.147916 0.028083 0.476364 0.132896 0.0607403 0.340323 0.145153 0.477363 0.438545 0.287856 0.168924 0.1758 0.519142 0.386344 0.701132 0.533424 0.354041 0.494642 0.537066 0.444969 0.62764 0.585686 0.49841 0.649964 0.800959 0.696144 0.489912
BD_Bspro
 8.57079 4.11607 1.13749 0.881458 0.228057 0.0254236 1.39836 0.267966 0.0739217 0.565114 0.127546 0.44093 0.766937 0.481347 0.250688 0.250098 2.18398 1.27369 6.73036 3.73854 1.9616 3.57085 3.89296 2.28586 4.34193 2.83343 1.46576 2.47624 6.1548 3.48963 1.02534
BD_Bo
 1.54822 0.743523 0.205474 0.159226 0.0411959 0.00459248 0.252598 0.048405 0.0133531 0.102082 0.0230397 0.079649 0.138539 0.08695 0.045284 0.0451775 0.394512 0.230077 1.21576 0.675325 0.354341 0.645034 0.703219 0.412915 0.784322 0.511828 0.264772 0.447305 1.1118 0.630363 0.185216
BD_Brms
 9.46525 4.54563 1.2562 0.973448 0.251857 0.0280768 1.54429 0.295931 0.0816362 0.62409 0.140857 0.486946 0.846975 0.531581 0.27685 0.276199 2.41191 1.40661 7.43275 4.12869 2.16631 3.94351 4.29923 2.52442 4.79506 3.12913 1.61872 2.73466 6.79713 3.85381 1.13234
Sel_flota
 0.790356 1 1 1 1
 0.790356 1 1 1 1
 0.790356 1 1 1 1
 0.790356 1 1 1 1
 0.790356 1 1 1 1
 0.790356 1 1 1 1
 0.790356 1 1 1 1
 0.790356 1 1 1 1
 0.790356 1 1 1 1
 0.790356 1 1 1 1
 0.790356 1 1 1 1
 0.790356 1 1 1 1
 0.790356 1 1 1 1
 0.790356 1 1 1 1
 0.790356 1 1 1 1
 0.790356 1 1 1 1
 0.790356 1 1 1 1
 0.790356 1 1 1 1
 0.790356 1 1 1 1
 0.790356 1 1 1 1
 0.790356 1 1 1 1
 0.790356 1 1 1 1
 0.790356 1 1 1 1
 0.790356 1 1 1 1
 0.790356 1 1 1 1
 0.790356 1 1 1 1
 0.790356 1 1 1 1
 0.790356 1 1 1 1
 0.790356 1 1 1 1
 0.790356 1 1 1 1
 0.790356 1 1 1 1
Sel_reclas
 1 1 1 1 1
 1 1 1 1 1
 1 1 1 1 1
 1 1 1 1 1
 1 1 1 1 1
 1 1 1 1 1
 1 1 1 1 1
 1 1 1 1 1
 1 1 1 1 1
 1 1 1 1 1
 1 1 1 1 1
 1 1 1 1 1
 1 1 1 1 1
 1 1 1 1 1
 1 1 1 1 1
 1 1 1 1 1
 1 1 1 1 1
 1 1 1 1 1
 1 1 1 1 1
 1 1 1 1 1
 1 1 1 1 1
 1 1 1 1 1
 1 1 1 1 1
 1 1 1 1 1
 1 1 1 1 1
 1 1 1 1 1
 1 1 1 1 1
 1 1 1 1 1
 1 1 1 1 1
 1 1 1 1 1
 1 1 1 1 1
Sel_pelaces
 1 1 1 1 1
 1 1 1 1 1
 1 1 1 1 1
 1 1 1 1 1
 1 1 1 1 1
 1 1 1 1 1
 1 1 1 1 1
 1 1 1 1 1
 1 1 1 1 1
 1 1 1 1 1
 1 1 1 1 1
 1 1 1 1 1
 1 1 1 1 1
 1 1 1 1 1
 1 1 1 1 1
 1 1 1 1 1
 1 1 1 1 1
 1 1 1 1 1
 1 1 1 1 1
 1 1 1 1 1
 1 1 1 1 1
 1 1 1 1 1
 1 1 1 1 1
 1 1 1 1 1
 1 1 1 1 1
 1 1 1 1 1
 1 1 1 1 1
 1 1 1 1 1
 1 1 1 1 1
 1 1 1 1 1
 1 1 1 1 1
pf_obs 
 0.8446 0.082 0.0669 0.0065 0
 0.8095 0.147 0.0364 0.0071 0
 0.9664 0.0169 0.016 0.0007 0
 0.9276 0.0648 0.0075 0.0001 0
 0.7033 0.2144 0.0806 0.0017 0
 0.9318 0.0425 0.0243 0.0014 0
 0.5671 0.3108 0.0964 0.0239 0.0018
 0.0768 0.2599 0.5324 0.112 0.0189
 0.490249 0.384438 0.106611 0.0170017 0.00170017
 0.7925 0.1577 0.0466 0.003 0.0002
 0.840416 0.127587 0.0312969 0.00059994 9.999e-05
 0.8084 0.0986 0.0794 0.0134 0.0002
 0.7335 0.1905 0.0724 0.0035 0.0001
 0.4001 0.4547 0.1325 0.0127 0
 0.49795 0.308269 0.164784 0.0264974 0.00249975
 0.9179 0.0499 0.0305 0.0017 0
 0.2467 0.6533 0.0926 0.0074 0
 0.9418 0.0223 0.034 0.0019 0
 0.707729 0.231977 0.0356964 0.0245975 0
 0.517169 0.277429 0.184464 0.0207286 0.00020938
 0.811772 0.124168 0.05621 0.00726502 0.000585176
 0.764997 0.148141 0.077277 0.00933861 0.000247198
 0.163321 0.427699 0.378323 0.0303852 0.000271297
 0.753843 0.0900009 0.118128 0.0371064 0.000921714
 0.721811 0.176058 0.0630433 0.0369309 0.00215725
 0.143369 0.312575 0.442814 0.0836902 0.0175525
 0.692698 0.0596174 0.167031 0.0765114 0.00414204
 0.394062 0.376323 0.152708 0.0712218 0.00568511
 0.125707 0.32114 0.495352 0.0537591 0.00404204
 0.23352 0.215282 0.420074 0.123614 0.00750983
 0 0 0 0 0
pf_pred 
 0.0245032 0.209463 0.682593 0.0834401 4.6813e-07
 0.0476129 0.029965 0.198067 0.645454 0.0789007
 0.922957 0.0048537 0.0022713 0.0150132 0.054905
 0.114205 0.83407 0.00325865 0.00152489 0.0469412
 0.259214 0.118418 0.586026 0.00228956 0.0340527
 0.997716 0.000863632 0.000226982 0.00112328 6.96603e-05
 0.0472183 0.951158 0.00061413 0.000161407 0.000848305
 0.119415 0.062928 0.816264 0.000527034 0.000866514
 0.981097 0.0030836 0.00113051 0.0146643 2.50353e-05
 0.217506 0.771661 0.00176705 0.000647838 0.0084177
 0.952183 0.0140311 0.0333179 7.62957e-05 0.000391421
 0.867076 0.128008 0.00144261 0.00342558 4.80884e-05
 0.631085 0.332173 0.0353834 0.000398761 0.000960176
 0.721183 0.196272 0.0743239 0.00791707 0.000304063
 0.790287 0.167201 0.0299258 0.0113323 0.00125349
 0.977429 0.0191632 0.00271724 0.000486332 0.000204534
 0.0591459 0.925057 0.0134119 0.00190174 0.000483523
 0.967148 0.00254887 0.0297943 0.000431972 7.68246e-05
 0.361579 0.622198 0.00125867 0.0147129 0.000251252
 0.256578 0.318656 0.413972 0.000837443 0.0099562
 0.892143 0.0344518 0.0314638 0.0408753 0.00106576
 0.78126 0.200513 0.00582203 0.00531709 0.00708765
 0.0426624 0.791203 0.152291 0.00442188 0.0094215
 0.841231 0.00878973 0.123952 0.0238584 0.00216875
 0.522455 0.417057 0.00334868 0.047223 0.00991576
 0.206865 0.466539 0.285228 0.00229018 0.0390775
 0.871308 0.0328536 0.0563744 0.0344656 0.00499868
 0.809238 0.171454 0.00492899 0.0084578 0.00592079
 0.0749162 0.781918 0.128675 0.00369918 0.010791
 0.0919486 0.0857234 0.695065 0.114382 0.0128807
 0.327194 0.0790035 0.0560572 0.454525 0.0832213
pobs_RECLAS
 0 0 0 0 0
 0 0 0 0 0
 0 0 0 0 0
 0 0 0 0 0
 0 0 0 0 0
 0 0 0 0 0
 0 0 0 0 0
 0 0 0 0 0
 0 0 0 0 0
 0 0 0 0 0
 0.991045 0.00858322 0.000360255 1.14367e-05 0
 0.934742 0.0480273 0.0164251 0.00080598 0
 0.827803 0.169806 0.00239088 0 0
 0.941827 0.0461693 0.0120037 0 0
 0.791401 0.0380133 0.147996 0.0225897 0
 0.846168 0.0940531 0.0597789 0 0
 0.134021 0.677848 0.182769 0.00536245 0
 0.80878 0.0450904 0.141981 0.00414843 0
 0.846168 0.0940531 0.0597789 0 0
 0.905697 0.0802665 0.012482 0.00150086 5.37128e-05
 0.989698 0.0102097 9.19794e-05 0 0
 0.975433 0.0193895 0.00387452 0.00125025 5.28907e-05
 0.303575 0.632131 0.0575291 0.00676475 0
 0.966965 0.00978017 0.0227588 0.000495775 0
 0.843318 0.132988 0.00938335 0.0141283 0.000182051
 0.564624 0.303363 0.111486 0.0197234 0.00080311
 0.826376 0.0876187 0.0782897 0.00655872 0.00115652
 0.89761 0.0855135 0.0140674 0.00269457 0.000114338
 0.34875 0.467042 0.161289 0.0227151 0.000203297
 0.318654 0.224769 0.449479 0.00709798 0
 0.937255 0.0296025 0.0250945 0.00804832 0
ppred_RECLAS
 0.0309065 0.208089 0.678112 0.0828923 4.65058e-07
 0.0601321 0.0295711 0.195463 0.63697 0.0778635
 0.938779 0.00385693 0.00180486 0.01193 0.0436296
 0.144734 0.805324 0.00314634 0.00147234 0.0453234
 0.327435 0.107513 0.532057 0.0020787 0.0309167
 0.998213 0.000675656 0.000177578 0.000878793 5.44982e-05
 0.0620389 0.936363 0.000604577 0.000158897 0.00083511
 0.150083 0.0607365 0.787836 0.000508679 0.000836336
 0.985238 0.00240798 0.000882817 0.0114514 1.95501e-05
 0.268076 0.721791 0.00165285 0.000605971 0.0078737
 0.962026 0.0111428 0.0264594 6.05903e-05 0.000310847
 0.893722 0.102347 0.00115342 0.00273888 3.84484e-05
 0.688179 0.280765 0.0299074 0.000337047 0.000811577
 0.774152 0.158985 0.0602042 0.00641302 0.000246299
 0.83231 0.133697 0.0239291 0.00906146 0.00100231
 0.982297 0.0150297 0.00213113 0.000381431 0.000160417
 0.0743813 0.910077 0.0131948 0.00187094 0.000475694
 0.973977 0.00201902 0.0236007 0.000342175 6.08545e-05
 0.419418 0.565829 0.00114464 0.0133799 0.000228489
 0.306917 0.297079 0.385941 0.000780737 0.00928204
 0.913492 0.0276325 0.025236 0.0327846 0.000854804
 0.820213 0.164806 0.00478525 0.00437023 0.00582549
 0.0537103 0.782072 0.150534 0.00437085 0.00931277
 0.870713 0.00715752 0.100935 0.0194281 0.00176602
 0.581851 0.365185 0.00293218 0.0413495 0.00868246
 0.249337 0.441556 0.269954 0.00216755 0.036985
 0.896036 0.0265408 0.0455421 0.0278431 0.00403818
 0.843307 0.140834 0.00404871 0.0069473 0.00486338
 0.0931665 0.766492 0.126137 0.00362621 0.0105782
 0.114218 0.083621 0.678019 0.111577 0.0125648
 0.386046 0.0720927 0.0511536 0.414766 0.0759416
pobs_PELACES
 0 0 0 0 0
 0 0 0 0 0
 0 0 0 0 0
 0 0 0 0 0
 0 0 0 0 0
 0 0 0 0 0
 0 0 0 0 0
 0 0 0 0 0
 0 0 0 0 0
 0 0 0 0 0
 0 0 0 0 0
 0 0 0 0 0
 0 0 0 0 0
 0 0 0 0 0
 0 0 0 0 0
 0 0 0 0 0
 0.505614 0.472636 0.0217494 0 0
 0 0 0 0 0
 0.443492 0.261883 0.143347 0.151278 0
 0.227955 0.32914 0.350689 0.0885471 0.00366901
 0.970185 0.0296113 0.000203453 0 0
 0.997202 0.00247181 0.000326279 0 0
 0.445219 0.490057 0.0546422 0.010081 0
 0.90214 0.0892962 0.00764917 0.000914606 0
 0 0 0 0 0
 0.581667 0.319106 0.0959925 0.00289975 0.000334073
 0.762889 0.0836404 0.116647 0.0363945 0.000428098
 0.88444 0.0763242 0.0277011 0.0115352 0
 0.521256 0.241999 0.230069 0.00667565 0
 0.616807 0.101726 0.260614 0.0208532 0
 0 0 0 0 0
ppred_PELACES
 0.0312727 0.20801 0.677856 0.082861 4.64882e-07
 0.0620107 0.029512 0.195073 0.635697 0.0777079
 0.940659 0.00373847 0.00174943 0.0115636 0.0422895
 0.154575 0.796058 0.00311013 0.00145539 0.0448019
 0.360569 0.102216 0.505845 0.0019763 0.0293936
 0.998268 0.000654973 0.000172142 0.000851891 5.28299e-05
 0.0681183 0.930293 0.000600659 0.000157867 0.000829697
 0.15859 0.0601285 0.77995 0.000503587 0.000827964
 0.985851 0.00230809 0.000846193 0.0109763 1.8739e-05
 0.284657 0.70544 0.00161541 0.000592243 0.00769533
 0.962681 0.0109506 0.026003 5.95452e-05 0.000305486
 0.898175 0.0980586 0.00110509 0.00262411 3.68374e-05
 0.698636 0.271349 0.0289044 0.000325744 0.000784359
 0.789625 0.148092 0.0560794 0.00597365 0.000229424
 0.843489 0.124784 0.0223339 0.00845737 0.000935489
 0.982905 0.0145139 0.002058 0.000368341 0.000154912
 0.0764829 0.908011 0.0131648 0.0018667 0.000474613
 0.974383 0.00198756 0.023233 0.000336843 5.99063e-05
 0.425495 0.559907 0.00113266 0.0132399 0.000226097
 0.31514 0.293554 0.381362 0.000771475 0.00917192
 0.915604 0.0269579 0.0246199 0.0319842 0.000833934
 0.824357 0.161008 0.00467496 0.00426951 0.00569123
 0.0547949 0.781176 0.150361 0.00436584 0.0093021
 0.87245 0.00706139 0.0995793 0.0191671 0.0017423
 0.586059 0.36151 0.00290268 0.0409334 0.00859509
 0.253254 0.439252 0.268546 0.00215624 0.0367919
 0.897859 0.0260754 0.0447435 0.0273548 0.00396738
 0.844585 0.139685 0.00401568 0.00689062 0.00482371
 0.0939814 0.765804 0.126023 0.00362295 0.0105687
 0.116325 0.0834221 0.676406 0.111312 0.0125349
 0.39873 0.0706033 0.0500968 0.406197 0.0743727
pobs_pel_tallas
 0 0 0 0 0 0 0 0 0 0 0 0 0 0 0 0 0 0 0 0 0 0 0 0 0 0
 0 0 0 0 0 0 0 0 0 0 0 0 0 0 0 0 0 0 0 0 0 0 0 0 0 0
 0 0 0 0 0 0 0 0 0 0 0 0 0 0 0 0 0 0 0 0 0 0 0 0 0 0
 0 0 0 0 0 0 0 0 0 0 0 0 0 0 0 0 0 0 0 0 0 0 0 0 0 0
 0 0 0 0 0 0 0 0 0 0 0 0 0 0 0 0 0 0 0 0 0 0 0 0 0 0
 0 0 0 0 0 0 0 0 0 0 0 0 0 0 0 0 0 0 0 0 0 0 0 0 0 0
 0 0 0 0 0 0 0 0 0 0 0 0 0 0 0 0 0 0 0 0 0 0 0 0 0 0
 0 0 0 0 0 0 0 0 0 0 0 0 0 0 0 0 0 0 0 0 0 0 0 0 0 0
 0 0 0 0 0 0 0 0 0 0 0 0 0 0 0 0 0 0 0 0 0 0 0 0 0 0
 0 0 0 0 0 0 0 0 0 0 0 0 0 0 0 0 0 0 0 0 0 0 0 0 0 0
 0 0 0 0 0 0 0 0 0 0 0 0 0 0 0 0 0 0 0 0 0 0 0 0 0 0
 0 0 0 0 0 0 0 0 0 0 0 0 0 0 0 0 0 0 0 0 0 0 0 0 0 0
 0.00862536 0 0 0.000197151 0.00414017 0.0128641 0.00837892 0.0270097 0.101434 0.158115 0.152841 0.127902 0.109271 0.109419 0.0830992 0.0579132 0.0238553 0.00714673 0.00463305 0.00128148 0.00103504 0.000492878 0.000147863 0.000147863 4.92878e-05 0
 0 0 0 0 0 0 0 0 0 0 0 0 0 0 0 0 0 0 0 0 0 0 0 0 0 0
 0 0 0 0 0 0 0 0.0054083 0.00873648 0.0413646 0.0450493 0.0745869 0.0622846 0.0627006 0.0613931 0.0827291 0.12552 0.122667 0.0946155 0.0697135 0.0546179 0.0294188 0.0215738 0.0213955 0.0102223 0.00600262
 0 0 0 0 0.00359764 0.0251062 0.0480494 0.140153 0.205849 0.193036 0.1447 0.116669 0.0760912 0.0342217 0.00950174 0.001854 0.000860785 0 0 0 0.000165536 0 0.000143464 0 0 0
 0 0 0 0 0 0 0 0.000145254 0.000435761 0.0275982 0.070085 0.0708112 0.156366 0.174668 0.174014 0.160142 0.0824315 0.0480064 0.0283245 0.00493863 0.00203355 0 0 0 0 0
 0 0 0 0 0 0 0 0 0 0 0 0 0 0 0 0 0 0 0 0 0 0 0 0 0 0
 0 0 1.00437e-05 0.000401748 0.00122533 0.00171747 0.00176769 0.0269171 0.070346 0.194647 0.189555 0.159765 0.064822 0.0314167 0.0384472 0.0292271 0.0345202 0.0313363 0.0194345 0.0106764 0.0143323 0.0359363 0.0279516 0.0138201 0.00172751 0
 0 0.0021121 0.0136068 0.0755702 0.200478 0.177729 0.0527432 0.0373336 0.0318909 0.0142505 0.0149659 0.0166563 0.0217959 0.0798694 0.0677717 0.0528807 0.04013 0.0224614 0.0357745 0.0225083 0.00881397 0.00855152 0.00135912 0.000746735 0 0
 0 0 0 0 5.4009e-05 0.00500934 0.000945158 0.0243581 0.138947 0.33067 0.221406 0.137944 0.0707744 0.0437923 0.0131692 0.00525238 0.0047753 0.00276346 9.45158e-05 9.00151e-06 2.25038e-05 9.00151e-06 4.50075e-06 0 0 0
 0.000866109 0.00284123 0.00948549 0.0512746 0.133035 0.25785 0.225252 0.132002 0.0553304 0.0519788 0.0540692 0.017754 0.00435017 0.00159236 0.00146478 0.000404838 0.000125132 0.000115318 0.000107957 0.000100596 0 0 0 0 0 0
 0 0 0 0 0.00144013 0.00171154 0.00461396 0.0210425 0.0478622 0.0707936 0.0888783 0.103762 0.0637923 0.0337046 0.0602308 0.124433 0.169614 0.0934646 0.0462172 0.0250306 0.0313229 0.00938855 0.002487 0.000210481 0 0
 0 0.00764035 0.051015 0.0998891 0.058973 0.0496711 0.0374665 0.0718981 0.12319 0.153886 0.159021 0.0857701 0.0377988 0.023471 0.0147837 0.00900784 0.00315554 0.000888139 0.00291439 0.00214683 0.00393193 0.00274676 0.000635225 9.99891e-05 0 0
 0 0 0 0 0 0 0 0 0 0 0 0 0 0 0 0 0 0 0 0 0 0 0 0 0 0
 0 0 0 0 0 0 0 0 0 0 0 0 0 0 0 0 0 0 0 0 0 0 0 0 0 0
 0 0 0 0 0 0 0 0 0 0 0 0 0 0 0 0 0 0 0 0 0 0 0 0 0 0
 0 0 0 0 0 0 0 0 0 0 0 0 0 0 0 0 0 0 0 0 0 0 0 0 0 0
 0 0 0 0 0 0 0 0 0 0 0 0 0 0 0 0 0 0 0 0 0 0 0 0 0 0
 0 0 0 0 0 0 0 0 0 0 0 0 0 0 0 0 0 0 0 0 0 0 0 0 0 0
 0 0 0 0 0 0 0 0 0 0 0 0 0 0 0 0 0 0 0 0 0 0 0 0 0 0
ppred_pel_tallas
 1.27925e-16 2.57594e-06 2.50391e-05 0.000166394 0.000756418 0.00235361 0.00501539 0.0073245 0.00734558 0.00511885 0.00270399 0.00178156 0.00278915 0.00591431 0.0116671 0.0205348 0.0324936 0.0469307 0.0630143 0.080058 0.0973238 0.113312 0.125344 0.130214 0.125733 0.112078
 1.82539e-16 5.10775e-06 4.96492e-05 0.000329936 0.00149984 0.00466659 0.00994278 0.0145125 0.0145159 0.00995957 0.00472463 0.00167511 0.000799547 0.00117665 0.00245701 0.00490884 0.00918591 0.0162817 0.0275152 0.0442928 0.0674938 0.0965932 0.128961 0.159885 0.183588 0.19498
 1.08368e-16 7.74808e-05 0.000753141 0.00500489 0.0227515 0.0707884 0.150822 0.220129 0.22013 0.150824 0.0707946 0.0227697 0.00505155 0.000858377 0.000288174 0.000385103 0.000629388 0.000987276 0.00151351 0.00231225 0.00351654 0.00523039 0.00744693 0.00998388 0.0124801 0.0144719
 1.08021e-16 1.27323e-05 0.000123763 0.00082245 0.00373878 0.0116332 0.0247885 0.0361956 0.0362721 0.0251625 0.0128884 0.00736229 0.00990982 0.0199348 0.0375594 0.0618707 0.0886581 0.110525 0.119972 0.113616 0.0943178 0.0694342 0.0466178 0.0303483 0.0211606 0.0170751
 1.19797e-16 2.96996e-05 0.000288691 0.00191845 0.00872101 0.0271344 0.057813 0.084382 0.0843926 0.0578652 0.0273119 0.0092436 0.00326681 0.00335302 0.00620277 0.0111268 0.018161 0.0272735 0.0382846 0.0508544 0.0642238 0.0768386 0.0863396 0.090265 0.0871864 0.0775231
 1.001e-16 8.2226e-05 0.000799266 0.00531141 0.0241449 0.0751237 0.160059 0.233611 0.233611 0.160059 0.0751247 0.0241479 0.00531902 0.000815984 0.000114253 5.95036e-05 7.9635e-05 0.000104305 0.000124229 0.000138222 0.000149663 0.000163842 0.000183759 0.000207371 0.000228155 0.000238365
 1.00412e-16 5.61101e-06 5.45411e-05 0.000362449 0.0016477 0.00512707 0.0109271 0.0159671 0.0160566 0.0113641 0.00659369 0.005881 0.0109782 0.0231939 0.0438492 0.0722142 0.103396 0.128698 0.139261 0.131012 0.107171 0.0762535 0.0472307 0.0255219 0.0121049 0.00512783
 1.22714e-16 1.30629e-05 0.000126976 0.0008438 0.0038358 0.0119346 0.0254282 0.0371147 0.0371217 0.0254629 0.0120545 0.00419722 0.00180785 0.00241905 0.0049137 0.00952484 0.0170154 0.028223 0.0437215 0.0633075 0.0853585 0.106503 0.122173 0.128153 0.122445 0.106301
 1.0113e-16 8.12032e-05 0.000789324 0.00524534 0.0238445 0.0741892 0.158068 0.230705 0.230705 0.158069 0.074193 0.0238554 0.005273 0.000850718 0.000200969 0.000212644 0.000321149 0.00045605 0.000612165 0.000802456 0.00105095 0.00137532 0.00176419 0.0021655 0.00249661 0.0026733
 1.01589e-16 2.3447e-05 0.000227913 0.00151457 0.00688504 0.0214223 0.0456449 0.0666343 0.0667022 0.0459763 0.0225345 0.0100954 0.00956528 0.017777 0.0332768 0.0547786 0.0784456 0.0976768 0.105769 0.0996504 0.0817771 0.0586157 0.0369584 0.0208839 0.0110815 0.00608286
 1.00811e-16 7.92948e-05 0.000770774 0.00512206 0.0232841 0.0724456 0.154353 0.225283 0.225284 0.154358 0.0724637 0.0233369 0.0052563 0.00106976 0.000664442 0.00101792 0.00156282 0.00218077 0.00280148 0.00337946 0.00389231 0.00431007 0.00456658 0.00457247 0.00426844 0.00367574
 1.00327e-16 7.39815e-05 0.000719127 0.00477885 0.021724 0.0675914 0.144011 0.21019 0.2102 0.144057 0.067746 0.0221704 0.00589842 0.00315996 0.00470018 0.00762874 0.0109251 0.0136191 0.014779 0.0139805 0.0115646 0.00842419 0.005491 0.00331603 0.00198028 0.0012716
 1.01069e-16 5.75458e-05 0.000559366 0.00371718 0.0168978 0.0525754 0.112019 0.1635 0.163526 0.112146 0.0530042 0.0181358 0.00682388 0.00733819 0.0129225 0.0212475 0.0305425 0.0382784 0.0419121 0.0402588 0.0341918 0.0260523 0.0182659 0.0122425 0.00818586 0.00560001
 1.02295e-16 6.50404e-05 0.000632216 0.0042013 0.0190985 0.0594226 0.126607 0.184789 0.184803 0.126677 0.0596579 0.0197789 0.0059117 0.00437461 0.00719754 0.011861 0.0172302 0.0219784 0.0247851 0.0250184 0.0230693 0.0200125 0.0168914 0.0142082 0.0119257 0.00980371
 1.01683e-16 6.94771e-05 0.000675342 0.00448789 0.0204013 0.0634761 0.135243 0.197393 0.197406 0.135302 0.0636736 0.0209719 0.00592057 0.00380438 0.00601647 0.00984808 0.0142073 0.0179248 0.019858 0.0194816 0.017191 0.0140188 0.0109997 0.00868158 0.00706802 0.00588056
 1.00127e-16 8.09606e-05 0.000786966 0.00522966 0.0237733 0.0739675 0.157596 0.230016 0.230017 0.157603 0.0739905 0.0238396 0.00539606 0.00115019 0.000770773 0.00114602 0.00164276 0.002065 0.00227359 0.00220595 0.00190846 0.00150398 0.00111797 0.000820578 0.000617979 0.00048096
 1.0088e-16 6.29998e-06 6.12382e-05 0.000406953 0.00185 0.00575652 0.0122681 0.017924 0.0180113 0.0126947 0.00718842 0.00598337 0.010773 0.0226597 0.0428342 0.0705659 0.101094 0.125952 0.136516 0.128814 0.105959 0.0762029 0.0482117 0.0271937 0.0140594 0.00701398
 1.00715e-16 8.02586e-05 0.000780142 0.00518432 0.0235672 0.0733262 0.156229 0.228021 0.228021 0.15623 0.0733301 0.0235788 0.00521531 0.000853402 0.00023577 0.000305292 0.000530623 0.000871511 0.00133901 0.0019267 0.00258757 0.00322305 0.00369813 0.00388654 0.0037263 0.00325163
 1.01542e-16 3.50475e-05 0.000340675 0.00226391 0.0102914 0.0320207 0.0682255 0.0995884 0.0996422 0.0684885 0.0329035 0.0128397 0.00865456 0.0142718 0.0264351 0.0434965 0.0623033 0.0776137 0.0841202 0.0793976 0.0654027 0.0472585 0.0303247 0.017787 0.0101347 0.00615999
 1.1271e-16 2.59577e-05 0.000252318 0.00167675 0.00762226 0.0237158 0.0505301 0.0737562 0.0737851 0.0506712 0.0241909 0.00900114 0.00516287 0.00794482 0.0148755 0.0251745 0.0377062 0.0504053 0.0610514 0.0684083 0.0726195 0.0744716 0.0742767 0.0714859 0.0653409 0.0558488
 1.04067e-16 7.54171e-05 0.000733081 0.00487158 0.0221455 0.0689029 0.146805 0.214267 0.214269 0.146818 0.0689464 0.0222719 0.00519099 0.00143795 0.00143695 0.00231762 0.00347955 0.00469806 0.00580893 0.00676517 0.00765669 0.0086102 0.00964151 0.0105851 0.0111581 0.0111074
 1.01568e-16 6.79012e-05 0.000660024 0.00438609 0.0199385 0.0620363 0.132175 0.192917 0.192933 0.132251 0.0622903 0.0206719 0.0062257 0.00467162 0.00767419 0.0125473 0.017994 0.022475 0.0244774 0.0233176 0.0195629 0.014675 0.010165 0.00690372 0.00498049 0.00400257
 1.06551e-16 4.51355e-06 4.38734e-05 0.000291557 0.00132542 0.00412429 0.00879002 0.0128451 0.0129204 0.00915821 0.00536071 0.00489729 0.00925991 0.0196299 0.0372249 0.0615915 0.0888552 0.111998 0.123824 0.120952 0.105761 0.0846661 0.0641987 0.0479841 0.0363612 0.0279332
 1.05093e-16 7.18625e-05 0.000698529 0.00464197 0.0211017 0.0656554 0.139886 0.204167 0.204168 0.13989 0.0656698 0.0211456 0.0047599 0.000981565 0.000684559 0.00121451 0.0022019 0.00373027 0.00591282 0.00877019 0.0121285 0.015556 0.0184145 0.020052 0.0200583 0.0184388
 1.05736e-16 4.8273e-05 0.00046923 0.0031182 0.0141749 0.0441036 0.0939687 0.137157 0.137192 0.0941386 0.044674 0.0158215 0.00724865 0.00947689 0.0171295 0.0281766 0.0404392 0.0505678 0.0552118 0.0528929 0.0449438 0.034679 0.0254615 0.019131 0.015699 0.0140757
 1.14305e-16 2.08603e-05 0.00020277 0.00134748 0.00612547 0.0190588 0.0406084 0.0592781 0.0593208 0.040817 0.0197601 0.00815512 0.00645758 0.011409 0.0214524 0.0358196 0.0524985 0.0678932 0.0782795 0.0818403 0.0795591 0.0741754 0.0681466 0.0623404 0.0562611 0.0491724
 1.04713e-16 7.39554e-05 0.000718873 0.00477717 0.0217163 0.0675675 0.14396 0.210114 0.210117 0.143972 0.0676103 0.0218408 0.00509341 0.00142156 0.00144506 0.00236886 0.00363553 0.00506332 0.00652273 0.00796941 0.00944313 0.0109668 0.0124264 0.0135497 0.0140146 0.0136117
 1.0166e-16 6.95674e-05 0.00067622 0.00449372 0.0204278 0.0635586 0.135419 0.19765 0.197664 0.135484 0.063779 0.0210642 0.00608997 0.00415739 0.0066709 0.0108925 0.0156255 0.0195301 0.0212987 0.0203447 0.0171653 0.0130288 0.00923832 0.0065324 0.00496536 0.00417388
 1.05985e-16 7.74128e-06 7.52481e-05 0.000500053 0.00227322 0.00707321 0.015073 0.0220149 0.0220887 0.0154337 0.00828462 0.0057724 0.00928433 0.0192541 0.0364393 0.0602472 0.0868251 0.109252 0.120444 0.117086 0.101564 0.0802766 0.0597688 0.043719 0.0325115 0.0247309
 1.32826e-16 9.58158e-06 9.31363e-05 0.000618924 0.00281354 0.00875403 0.0186517 0.0272246 0.0272337 0.0186967 0.00890823 0.00327259 0.00182284 0.00289234 0.00582765 0.0109304 0.0188063 0.0300496 0.0450866 0.0638651 0.0852977 0.106776 0.124356 0.133917 0.132848 0.121248
 1.54786e-16 3.28429e-05 0.000319245 0.00212149 0.00964401 0.0300061 0.0639315 0.0933113 0.0933184 0.0639659 0.0301225 0.00998347 0.00298682 0.00225451 0.00385274 0.00672325 0.0107117 0.0158372 0.0223799 0.0310623 0.0428622 0.0583385 0.0768006 0.0958992 0.112034 0.1215
pSPR Fmed_Fpbrs
0.440455   0.213569 0.213569
Fs Fmed_Fpbrs
0.475054   1.005 1.005
SSBpbr Bo_Bmed_Bpbrs
1.85354e+06  723722  303180 303180
Ro
47021
SPR SPRFo_SPRFmed_SPRFpbrs
334821 147473 71507.2
Fref
1.005
log_Ro
10.5784
likeval ReclasPelacesDesembMPH_pf_preclas_ppelaces_ptallas_desvR_qrecl_qpela
 57.5334 40.4592 0.148655 0.00199466 339.377 146.208 104.569 0 150.683 0 0 0.110297 0 0 0
q_reclas_q_pelaces
1 1
M
1
N
 5486.29 37625.1 122611 14988 0.0840883
 3398.92 1756.55 11610.7 37836.6 4625.17
 199051 859.978 402.429 2660.03 9728.06
 8010.49 50114.5 195.793 91.622 2820.43
 2968.6 1217.75 6026.37 23.5445 350.18
 287316 203.871 53.582 265.166 16.4442
 4216.6 74052 47.8129 12.5663 66.0444
 1108.05 494.971 6420.46 4.14547 6.81571
 74196.4 193.546 70.958 920.424 1.57137
 5470.97 16702.7 38.2481 14.0225 182.202
 65556.4 780.405 1853.12 4.24353 21.7707
 159335 19616.6 221.073 524.953 7.3693
 77261.8 33960.7 3617.53 40.7685 98.1664
 68761.8 16203.2 6135.81 653.594 25.1019
 49285.6 8968.79 1605.24 607.869 67.2378
 438365 7078.32 1003.67 179.637 75.549
 8390.17 107452 1557.9 220.901 56.1648
 1.02981e+06 2187.55 25570.7 370.736 65.934
 224932 315122 637.474 7451.56 127.25
 60685.6 62256.7 80879 163.614 1945.17
 456986 14401.4 13152.4 17086.5 445.502
 588583 123456 3584.63 3273.74 4363.88
 10416.5 156611 30144.7 875.27 1864.9
 357642 3009.86 42444.8 8169.82 742.641
 171033 110199 884.822 12477.7 2620.04
 28245.8 51624.3 31561.6 253.418 4324.08
 268406 8191.39 14055.8 8593.31 1246.32
 465091 78821.6 2265.98 3888.26 2721.93
 18345 153140 25201.2 724.49 2113.44
 8005.36 6047.21 49032.2 8068.91 908.647
 11490.1 2325.86 1650.32 13381.2 2450.03
pred_Ctot
 454.873 3888.44 12671.5 1548.96 0.00869028
 691.505 435.196 2876.62 9374.24 1145.91
 40952.8 215.365 100.78 666.153 2436.2
 3186.78 23273.8 90.9291 42.5505 1309.84
 1732.48 791.459 3916.76 15.3025 227.595
 55968 48.4464 12.7328 63.0119 3.90767
 1984.4 39973.5 25.8095 6.78333 35.651
 390.385 205.721 2668.49 1.72295 2.83276
 18937 59.5192 21.821 283.048 0.483227
 2281.93 8095.77 18.5388 6.7967 88.3131
 7864 115.882 275.169 0.63012 3.23271
 44268.5 6535.44 73.6525 174.893 2.45515
 21968.4 11563.1 1231.71 13.881 33.4242
 30438.1 8283.8 3136.9 334.146 12.8332
 20457.6 4328.23 774.668 293.35 32.4481
 95556.5 1873.45 265.645 47.5453 19.9959
 1588.54 24845.1 360.217 51.0767 12.9864
 111153 292.939 3424.23 49.6461 8.82938
 36033.8 62006.3 125.435 1466.24 25.0389
 14106.3 17519.2 22759.6 46.0413 547.376
 78687 3038.65 2775.11 3605.2 93.9996
 105697 27127.5 787.664 719.351 958.89
 1440.78 26720.3 5143.14 149.334 318.18
 37255.1 389.266 5489.41 1056.6 96.046
 19724 15744.9 126.421 1782.78 374.344
 3853.58 8690.9 5313.35 42.6626 727.953
 34860.9 1314.47 2255.53 1378.96 199.997
 31137.6 6597.14 189.656 325.436 227.818
 1216.3 12694.8 2089.11 60.058 175.198
 1084.51 1011.09 8198.15 1349.12 151.925
 3473.51 838.707 595.107 4825.27 883.483
F
 0.138898 0.175741 0.175741 0.175741 0.175741
 0.374306 0.473591 0.473591 0.473591 0.473591
 0.37925 0.479847 0.479847 0.479847 0.479847
 0.88375 1.11817 1.11817 1.11817 1.11817
 1.67836 2.12355 2.12355 2.12355 2.12355
 0.355814 0.450195 0.450195 0.450195 0.450195
 1.14228 1.44528 1.44528 1.44528 1.44528
 0.744841 0.942411 0.942411 0.942411 0.942411
 0.491145 0.621423 0.621423 0.621423 0.621423
 0.947398 1.1987 1.1987 1.1987 1.1987
 0.206535 0.261319 0.261319 0.261319 0.261319
 0.545808 0.690585 0.690585 0.690585 0.690585
 0.561991 0.71106 0.71106 0.71106 0.71106
 1.0369 1.31194 1.31194 1.31194 1.31194
 0.940595 1.19009 1.19009 1.19009 1.19009
 0.406007 0.513701 0.513701 0.513701 0.513701
 0.34428 0.435601 0.435601 0.435601 0.435601
 0.18417 0.233022 0.233022 0.233022 0.233022
 0.284533 0.360006 0.360006 0.360006 0.360006
 0.438383 0.554665 0.554665 0.554665 0.554665
 0.308766 0.390667 0.390667 0.390667 0.390667
 0.32395 0.409879 0.409879 0.409879 0.409879
 0.241503 0.305562 0.305562 0.305562 0.305562
 0.177246 0.224261 0.224261 0.224261 0.224261
 0.197863 0.250347 0.250347 0.250347 0.250347
 0.237863 0.300956 0.300956 0.300956 0.300956
 0.225312 0.285076 0.285076 0.285076 0.285076
 0.110883 0.140295 0.140295 0.140295 0.140295
 0.10976 0.138874 0.138874 0.138874 0.138874
 0.236021 0.298627 0.298627 0.298627 0.298627
 0.60781 0.769033 0.769033 0.769033 0.769033
nmprior
 8 9 7.5 0
nm_flota  nm_reclas  nm_pelaces    nm_pelaL
inf 5.95533 5.13698 7.12605
cv_recla  cv_pelaces  cv_mph
0.686096 0.748468 1.37829
 ------------------------------------------------
Talla a la edad & desviación 
 8 13.2811 15.8009 17.003 17.5766
 0.8 1.32811 1.58009 1.7003 1.75766
