years
 1991 1992 1993 1994 1995 1996 1997 1998 1999 2000 2001 2002 2003 2004 2005 2006 2007 2008 2009 2010 2011 2012 2013 2014 2015 2016 2017 2018 2019 2020 2021
reclasobs
 0 0 0 0 0 0 0 0 0 252601 567819 844713 477998 351125 339783 2.1784e+06 2.13404e+06 4.81314e+06 1.55562e+06 2.62356e+06 3.21686e+06 3.843e+06 1.13348e+06 3.07943e+06 1.97215e+06 2.03268e+06 2.025e+06 2.42433e+06 2.27542e+06 1.05018e+06 2.36338e+06
reclaspred
 6.01653e+06 1.61365e+06 1.07923e+06 813476 132551 3.56143e+06 1.21533e+06 317021 1.07657e+06 233226 351505 921548 734600 591332 400670 2.14867e+06 801817 5.37342e+06 2.35155e+06 2.30606e+06 2.84521e+06 3.60679e+06 1.6215e+06 3.222e+06 2.53401e+06 1.52558e+06 2.17974e+06 4.24305e+06 2.81639e+06 670621 928486
pelacesobs
 0 0 0 0 0 0 0 0 0 0 0 0 0 0 0 552880 188675 0 991730 2.46772e+06 1.41603e+06 1.21717e+06 2.29649e+06 1.80582e+06 0 1.4828e+06 1.56532e+06 1.57751e+06 1.42118e+06 867257 0
pelacespred
 4.29195e+06 1.03912e+06 511335 306278 42006.9 2.15001e+06 565413 193016 590798 82653.7 189658 407006 347801 268115 170129 988640 330032 3.21227e+06 1.17923e+06 1.00729e+06 1.40142e+06 1.77931e+06 829309 2.02346e+06 1.41899e+06 850921 1.46142e+06 2.944e+06 1.70363e+06 377898 477848
mphobs
 0 0 0 0 0 0 0 0 0 0 0 498337 0 5186 125008 0 168611 109162 213762 579715 649985 157893 87575 83554 0 0 0 0 0 0 0
mphpred
 1.62167e+06 642277 103787 131277 54284.6 7097.23 439178 91433.3 28095.2 97096 9700.49 42443.8 82574.5 45353.1 25223.7 23673.5 238739 64922 602063 165825 285243 241891 420526 168397 353468 323361 150149 221493 664472 271779 36497.4
desembarqueobs
 494567 514787 250237 358949 120608 361735 552515 73892 212993 205616 52469 317467 293654 387597 252695 516296 358380 742168 942051 627588 828172 859565 418607 520667 417249 300574 407403 355545 319650 289779 219260
desembarquepred
 494491 514324 250024 358370 120473 361513 551733 73856.6 212804 205342 52444.6 317061 293184 386729 252270 515617 357909 741386 939934 626392 827280 858237 418049 520193 416676 300191 406926 355206 319192 289028 219139
Reclutas
 7858.53 4817.7 171467 55294.9 5251.9 288993 6443.55 1745.85 57209.7 7309.44 32671.3 119676 71142.6 68879.8 40945.8 270231 8130.03 491807 110806 249711 174444 454976 12347.2 159957 166190 23855.6 123859 216417 16230.9 6000.84 71105
log_desv_Rt
 -1.78899 -2.2783 1.2938 0.162087 -2.19201 1.81581 -1.98751 -3.29335 0.196129 -1.86143 -0.364097 0.934197 0.414092 0.381769 -0.138345 1.74868 -1.75503 2.34749 0.857188 1.66971 1.31101 2.26965 -1.33716 1.22431 1.26254 -0.678577 0.968549 1.52661 -1.06368 -2.0587 0.413563
SSB
 1.75546e+06 695264 112349 142108 58763.1 7682.74 475410 98976.4 30413 105106 10500.8 45945.4 89386.8 49094.7 27304.6 25626.5 258434 70278 651732 179505 308775 261846 455218 182289 382629 350038 162536 239766 719290 294201 39508.4
BT
 2.17898e+06 978198 430096 386107 114716 1.28138e+06 715364 148520 453525 213486 128216 439793 412876 520114 322048 846935 413737 2.10859e+06 1.36657e+06 930073 1.29334e+06 1.5027e+06 678673 1.39323e+06 967409 604581 1.07353e+06 1.64217e+06 949978 459385 403810
Ftot
 0.296455 1.04397 1.04145 1.57891 2.4212 0.527026 1.40573 0.812932 0.959956 2.38298 0.737703 1.5231 1.59631 2.51617 2.48817 1.16617 1.4162 0.695443 1.39836 1.21504 1.1931 1.08028 0.887416 0.758894 0.698053 0.727042 0.860959 0.408742 0.409734 1.37174 1.11244
BD_Bspro_t
 0.953675 0.630329 0.226757 0.28003 0.10663 0.0208271 0.458951 0.13985 0.0712701 0.218067 0.0411083 0.22766 0.217619 0.112548 0.062417 0.0615687 0.274194 0.0968693 0.39861 0.153819 0.198945 0.176261 0.275075 0.147786 0.296499 0.32609 0.227651 0.338635 0.576569 0.356683 0.110526
BD_Bspro
 5.24298 2.07653 0.33555 0.424429 0.175506 0.0229458 1.41989 0.29561 0.0908337 0.313918 0.0313624 0.137224 0.266969 0.14663 0.08155 0.076538 0.771859 0.209897 1.94651 0.536123 0.922211 0.78205 1.35959 0.544438 1.14279 1.04545 0.485441 0.716104 2.14828 0.878682 0.117999
BD_Bo
 1.19094 0.471681 0.0762199 0.0964087 0.0398661 0.00521213 0.322528 0.0671476 0.0206328 0.0713062 0.00712394 0.0311703 0.0606418 0.0333069 0.018524 0.0173855 0.175327 0.047678 0.442149 0.12178 0.209479 0.177642 0.30883 0.123669 0.259583 0.237473 0.110267 0.162662 0.487981 0.199592 0.0268033
BD_Brms
 6.22875 2.46695 0.398639 0.504229 0.208504 0.0272601 1.68686 0.35119 0.107912 0.37294 0.037259 0.163024 0.317164 0.174199 0.0968828 0.0909284 0.916981 0.249362 2.31249 0.636923 1.0956 0.929088 1.61521 0.646802 1.35765 1.24201 0.576712 0.850744 2.5522 1.04389 0.140185
Sel_flota
 0.669292 1 1 1 1
 0.669292 1 1 1 1
 0.669292 1 1 1 1
 0.669292 1 1 1 1
 0.669292 1 1 1 1
 0.669292 1 1 1 1
 0.669292 1 1 1 1
 0.669292 1 1 1 1
 0.669292 1 1 1 1
 0.669292 1 1 1 1
 0.669292 1 1 1 1
 0.669292 1 1 1 1
 0.669292 1 1 1 1
 0.669292 1 1 1 1
 0.669292 1 1 1 1
 0.669292 1 1 1 1
 0.669292 1 1 1 1
 0.669292 1 1 1 1
 0.669292 1 1 1 1
 0.669292 1 1 1 1
 0.669292 1 1 1 1
 0.669292 1 1 1 1
 0.669292 1 1 1 1
 0.669292 1 1 1 1
 0.669292 1 1 1 1
 0.669292 1 1 1 1
 0.669292 1 1 1 1
 0.669292 1 1 1 1
 0.669292 1 1 1 1
 0.669292 1 1 1 1
 0.669292 1 1 1 1
Sel_reclas
 0.977443 1 1 1 1
 0.977443 1 1 1 1
 0.977443 1 1 1 1
 0.977443 1 1 1 1
 0.977443 1 1 1 1
 0.977443 1 1 1 1
 0.977443 1 1 1 1
 0.977443 1 1 1 1
 0.977443 1 1 1 1
 0.977443 1 1 1 1
 0.977443 1 1 1 1
 0.977443 1 1 1 1
 0.977443 1 1 1 1
 0.977443 1 1 1 1
 0.977443 1 1 1 1
 0.977443 1 1 1 1
 0.977443 1 1 1 1
 0.977443 1 1 1 1
 0.977443 1 1 1 1
 0.977443 1 1 1 1
 0.977443 1 1 1 1
 0.977443 1 1 1 1
 0.977443 1 1 1 1
 0.977443 1 1 1 1
 0.977443 1 1 1 1
 0.977443 1 1 1 1
 0.977443 1 1 1 1
 0.977443 1 1 1 1
 0.977443 1 1 1 1
 0.977443 1 1 1 1
 0.977443 1 1 1 1
Sel_pelaces
 0.892545 1 1 1 1
 0.892545 1 1 1 1
 0.892545 1 1 1 1
 0.892545 1 1 1 1
 0.892545 1 1 1 1
 0.892545 1 1 1 1
 0.892545 1 1 1 1
 0.892545 1 1 1 1
 0.892545 1 1 1 1
 0.892545 1 1 1 1
 0.892545 1 1 1 1
 0.892545 1 1 1 1
 0.892545 1 1 1 1
 0.892545 1 1 1 1
 0.892545 1 1 1 1
 0.892545 1 1 1 1
 0.892545 1 1 1 1
 0.892545 1 1 1 1
 0.892545 1 1 1 1
 0.892545 1 1 1 1
 0.892545 1 1 1 1
 0.892545 1 1 1 1
 0.892545 1 1 1 1
 0.892545 1 1 1 1
 0.892545 1 1 1 1
 0.892545 1 1 1 1
 0.892545 1 1 1 1
 0.892545 1 1 1 1
 0.892545 1 1 1 1
 0.892545 1 1 1 1
 0.892545 1 1 1 1
pf_obs 
 0.8446 0.082 0.0669 0.0065 0
 0.8095 0.147 0.0364 0.0071 0
 0.9664 0.0169 0.016 0.0007 0
 0.9276 0.0648 0.0075 0.0001 0
 0.7033 0.2144 0.0806 0.0017 0
 0.9318 0.0425 0.0243 0.0014 0
 0.5671 0.3108 0.0964 0.0239 0.0018
 0.0768 0.2599 0.5324 0.112 0.0189
 0.490249 0.384438 0.106611 0.0170017 0.00170017
 0.7925 0.1577 0.0466 0.003 0.0002
 0.840416 0.127587 0.0312969 0.00059994 9.999e-05
 0.8084 0.0986 0.0794 0.0134 0.0002
 0.7335 0.1905 0.0724 0.0035 0.0001
 0.4001 0.4547 0.1325 0.0127 0
 0.49795 0.308269 0.164784 0.0264974 0.00249975
 0.9179 0.0499 0.0305 0.0017 0
 0.2467 0.6533 0.0926 0.0074 0
 0.9418 0.0223 0.034 0.0019 0
 0.707729 0.231977 0.0356964 0.0245975 0
 0.517169 0.277429 0.184464 0.0207286 0.00020938
 0.811772 0.124168 0.05621 0.00726502 0.000585176
 0.764997 0.148141 0.077277 0.00933861 0.000247198
 0.163321 0.427699 0.378323 0.0303852 0.000271297
 0.753843 0.0900009 0.118128 0.0371064 0.000921714
 0.721811 0.176058 0.0630433 0.0369309 0.00215725
 0.143369 0.312575 0.442814 0.0836902 0.0175525
 0.692698 0.0596174 0.167031 0.0765114 0.00414204
 0.394062 0.376323 0.152708 0.0712218 0.00568511
 0.125707 0.32114 0.495352 0.0537591 0.00404204
 0.23352 0.215282 0.420074 0.123614 0.00750983
 0 0 0 0 0
pf_pred 
 0.0491211 0.168162 0.687243 0.0954727 7.56416e-07
 0.104143 0.0677945 0.146442 0.598478 0.083142
 0.963288 0.00655093 0.00228244 0.00493028 0.0229482
 0.577348 0.414198 0.0015085 0.000525583 0.00641962
 0.316439 0.508623 0.171439 0.000624374 0.00287466
 0.996662 0.00184175 0.00111332 0.000375262 7.65902e-06
 0.0629809 0.935136 0.00103883 0.000627964 0.000215985
 0.143789 0.103172 0.751525 0.00083486 0.000678242
 0.963484 0.00837315 0.0033912 0.0247021 4.97346e-05
 0.350938 0.635908 0.00301626 0.00122161 0.00891636
 0.962632 0.0219436 0.0151117 7.16784e-05 0.000240919
 0.926379 0.0720166 0.000942415 0.000649005 1.34251e-05
 0.773864 0.217885 0.00807066 0.000105613 7.42362e-05
 0.850165 0.131817 0.0173607 0.000643055 1.43301e-05
 0.873007 0.119291 0.00677589 0.000892406 3.37921e-05
 0.98568 0.0135897 0.000685583 3.89421e-05 5.32301e-06
 0.121625 0.871789 0.00624976 0.000315292 2.0357e-05
 0.985559 0.00318505 0.0111711 8.00842e-05 4.30099e-06
 0.430161 0.565042 0.00105816 0.00371135 2.80351e-05
 0.879015 0.073277 0.0473066 8.85919e-05 0.000313069
 0.754046 0.229706 0.00984093 0.00635316 5.39421e-05
 0.910933 0.0762222 0.011996 0.000513924 0.000334599
 0.0971128 0.85835 0.038114 0.00599844 0.000424294
 0.883767 0.0188696 0.0925609 0.00411006 0.000692601
 0.761031 0.222267 0.00271147 0.0133005 0.000690118
 0.278243 0.610699 0.103297 0.00126013 0.00650205
 0.872397 0.0511917 0.0646539 0.0109359 0.000821773
 0.846469 0.141939 0.00465034 0.00587328 0.00106809
 0.145392 0.768665 0.0794544 0.00260316 0.00388563
 0.182142 0.176924 0.576478 0.0595888 0.00486643
 0.950133 0.0154803 0.00743884 0.0242383 0.00271004
pobs_RECLAS
 0 0 0 0 0
 0 0 0 0 0
 0 0 0 0 0
 0 0 0 0 0
 0 0 0 0 0
 0 0 0 0 0
 0 0 0 0 0
 0 0 0 0 0
 0 0 0 0 0
 0 0 0 0 0
 0.991045 0.00858322 0.000360255 1.14367e-05 0
 0.934742 0.0480273 0.0164251 0.00080598 0
 0.827803 0.169806 0.00239088 0 0
 0.941827 0.0461693 0.0120037 0 0
 0.791401 0.0380133 0.147996 0.0225897 0
 0.846168 0.0940531 0.0597789 0 0
 0.134021 0.677848 0.182769 0.00536245 0
 0.80878 0.0450904 0.141981 0.00414843 0
 0.846168 0.0940531 0.0597789 0 0
 0.905697 0.0802665 0.012482 0.00150086 5.37128e-05
 0.989698 0.0102097 9.19794e-05 0 0
 0.975433 0.0193895 0.00387452 0.00125025 5.28907e-05
 0.303575 0.632131 0.0575291 0.00676475 0
 0.966965 0.00978017 0.0227588 0.000495775 0
 0.843318 0.132988 0.00938335 0.0141283 0.000182051
 0.564624 0.303363 0.111486 0.0197234 0.00080311
 0.826376 0.0876187 0.0782897 0.00655872 0.00115652
 0.89761 0.0855135 0.0140674 0.00269457 0.000114338
 0.34875 0.467042 0.161289 0.0227151 0.000203297
 0.318654 0.224769 0.449479 0.00709798 0
 0.937255 0.0296025 0.0250945 0.00804832 0
ppred_RECLAS
 0.0708015 0.164328 0.671574 0.0932959 7.39169e-07
 0.151565 0.0642058 0.13869 0.566798 0.0787409
 0.975796 0.00431909 0.00150484 0.00325058 0.0151299
 0.686408 0.307319 0.00111925 0.000389962 0.00476311
 0.446355 0.411956 0.138856 0.000505707 0.00232831
 0.997758 0.00123723 0.000747895 0.000252089 5.14508e-06
 0.0959573 0.902226 0.00100227 0.000605864 0.000208383
 0.202699 0.0960737 0.699818 0.000777419 0.000631577
 0.975797 0.00554982 0.00224773 0.0163729 3.29647e-05
 0.483925 0.505616 0.00239825 0.000971314 0.00708947
 0.97489 0.0147452 0.0101544 4.81648e-05 0.000161887
 0.95253 0.046435 0.000607652 0.000418467 8.6563e-06
 0.845961 0.148419 0.00549757 7.19416e-05 5.05683e-05
 0.908976 0.080078 0.0105465 0.000390652 8.70544e-06
 0.923437 0.0719194 0.00408513 0.000538025 2.0373e-05
 0.990715 0.0088116 0.000444532 2.52501e-05 3.45144e-06
 0.179554 0.814295 0.00583759 0.000294498 1.90145e-05
 0.990349 0.00212868 0.00746602 5.35231e-05 2.8745e-06
 0.543664 0.452494 0.000847394 0.0029721 2.24509e-05
 0.918722 0.0492278 0.0317808 5.95165e-05 0.000210321
 0.826445 0.16209 0.00694415 0.00448304 3.80637e-05
 0.940322 0.051072 0.00803779 0.00034435 0.000224195
 0.140583 0.817024 0.036279 0.00570964 0.000403866
 0.91983 0.013015 0.0638424 0.00283485 0.00047771
 0.827256 0.160671 0.00196005 0.00961461 0.000498868
 0.367352 0.535301 0.0905434 0.00110456 0.00569929
 0.91213 0.0352514 0.0445218 0.00753064 0.000565886
 0.890958 0.100809 0.00330281 0.00417137 0.000758587
 0.201367 0.718319 0.0742504 0.00243266 0.00363113
 0.259657 0.160155 0.521841 0.0539411 0.0044052
 0.967127 0.0102047 0.00490372 0.015978 0.00178647
pobs_PELACES
 0 0 0 0 0
 0 0 0 0 0
 0 0 0 0 0
 0 0 0 0 0
 0 0 0 0 0
 0 0 0 0 0
 0 0 0 0 0
 0 0 0 0 0
 0 0 0 0 0
 0 0 0 0 0
 0 0 0 0 0
 0 0 0 0 0
 0 0 0 0 0
 0 0 0 0 0
 0 0 0 0 0
 0 0 0 0 0
 0.505614 0.472636 0.0217494 0 0
 0 0 0 0 0
 0.443492 0.261883 0.143347 0.151278 0
 0.227955 0.32914 0.350689 0.0885471 0.00366901
 0.970185 0.0296113 0.000203453 0 0
 0.997202 0.00247181 0.000326279 0 0
 0.445219 0.490057 0.0546422 0.010081 0
 0.90214 0.0892962 0.00764917 0.000914606 0
 0 0 0 0 0
 0.581667 0.319106 0.0959925 0.00289975 0.000334073
 0.762889 0.0836404 0.116647 0.0363945 0.000428098
 0.88444 0.0763242 0.0277011 0.0115352 0
 0.521256 0.241999 0.230069 0.00667565 0
 0.616807 0.101726 0.260614 0.0208532 0
 0 0 0 0 0
ppred_PELACES
 0.0670476 0.164992 0.674287 0.0936728 7.42156e-07
 0.154556 0.0639795 0.138201 0.5648 0.0784634
 0.976328 0.00422405 0.00147172 0.00317905 0.014797
 0.703669 0.290404 0.00105764 0.000368498 0.00450094
 0.489492 0.379858 0.128037 0.000466305 0.0021469
 0.997682 0.00127909 0.000773196 0.000260617 5.31914e-06
 0.101522 0.896672 0.000996103 0.000602135 0.000207101
 0.202353 0.0961154 0.700122 0.000777757 0.000631851
 0.976123 0.00547504 0.00221744 0.0161522 3.25205e-05
 0.526196 0.464202 0.00220182 0.000891756 0.00650879
 0.974636 0.0148948 0.0102574 4.86534e-05 0.000163529
 0.955824 0.0432133 0.000565492 0.000389433 8.0557e-06
 0.856512 0.138253 0.00512102 6.7014e-05 4.71046e-05
 0.923079 0.0676712 0.00891251 0.000330127 7.35667e-06
 0.935274 0.0608008 0.00345357 0.000454847 1.72234e-05
 0.991044 0.0084994 0.000428783 2.43555e-05 3.32916e-06
 0.189129 0.804792 0.00576947 0.000291061 1.87926e-05
 0.990205 0.00216047 0.0075775 5.43222e-05 2.91742e-06
 0.558937 0.43735 0.000819033 0.00287263 2.16996e-05
 0.921784 0.0473728 0.0305832 5.72738e-05 0.000202396
 0.832016 0.156887 0.00672125 0.00433914 3.68419e-05
 0.941821 0.0497891 0.00783589 0.0003357 0.000218563
 0.141308 0.816335 0.0362484 0.00570483 0.000403525
 0.919235 0.0131116 0.0643163 0.00285589 0.000481256
 0.825148 0.162631 0.00198397 0.00973195 0.000504956
 0.364679 0.537562 0.090926 0.00110922 0.00572337
 0.912378 0.035152 0.0443962 0.00750939 0.00056429
 0.886382 0.105039 0.0034414 0.00434642 0.00079042
 0.194048 0.724902 0.0749308 0.00245496 0.00366441
 0.271127 0.157674 0.513756 0.0531054 0.00433695
 0.968084 0.00990754 0.00476092 0.0155127 0.00173445
pobs_pel_tallas
 0 0 0 0 0 0 0 0 0 0 0 0 0 0 0 0 0 0 0 0 0 0 0 0 0 0
 0 0 0 0 0 0 0 0 0 0 0 0 0 0 0 0 0 0 0 0 0 0 0 0 0 0
 0 0 0 0 0 0 0 0 0 0 0 0 0 0 0 0 0 0 0 0 0 0 0 0 0 0
 0 0 0 0 0 0 0 0 0 0 0 0 0 0 0 0 0 0 0 0 0 0 0 0 0 0
 0 0 0 0 0 0 0 0 0 0 0 0 0 0 0 0 0 0 0 0 0 0 0 0 0 0
 0 0 0 0 0 0 0 0 0 0 0 0 0 0 0 0 0 0 0 0 0 0 0 0 0 0
 0 0 0 0 0 0 0 0 0 0 0 0 0 0 0 0 0 0 0 0 0 0 0 0 0 0
 0 0 0 0 0 0 0 0 0 0 0 0 0 0 0 0 0 0 0 0 0 0 0 0 0 0
 0 0 0 0 0 0 0 0 0 0 0 0 0 0 0 0 0 0 0 0 0 0 0 0 0 0
 0 0 0 0 0 0 0 0 0 0 0 0 0 0 0 0 0 0 0 0 0 0 0 0 0 0
 0 0 0 0 0 0 0 0 0 0 0 0 0 0 0 0 0 0 0 0 0 0 0 0 0 0
 0 0 0 0 0 0 0 0 0 0 0 0 0 0 0 0 0 0 0 0 0 0 0 0 0 0
 0.00862536 0 0 0.000197151 0.00414017 0.0128641 0.00837892 0.0270097 0.101434 0.158115 0.152841 0.127902 0.109271 0.109419 0.0830992 0.0579132 0.0238553 0.00714673 0.00463305 0.00128148 0.00103504 0.000492878 0.000147863 0.000147863 4.92878e-05 0
 0 0 0 0 0 0 0 0 0 0 0 0 0 0 0 0 0 0 0 0 0 0 0 0 0 0
 0 0 0 0 0 0 0 0.0054083 0.00873648 0.0413646 0.0450493 0.0745869 0.0622846 0.0627006 0.0613931 0.0827291 0.12552 0.122667 0.0946155 0.0697135 0.0546179 0.0294188 0.0215738 0.0213955 0.0102223 0.00600262
 0 0 0 0 0.00359764 0.0251062 0.0480494 0.140153 0.205849 0.193036 0.1447 0.116669 0.0760912 0.0342217 0.00950174 0.001854 0.000860785 0 0 0 0.000165536 0 0.000143464 0 0 0
 0 0 0 0 0 0 0 0.000145254 0.000435761 0.0275982 0.070085 0.0708112 0.156366 0.174668 0.174014 0.160142 0.0824315 0.0480064 0.0283245 0.00493863 0.00203355 0 0 0 0 0
 0 0 0 0 0 0 0 0 0 0 0 0 0 0 0 0 0 0 0 0 0 0 0 0 0 0
 0 0 1.00437e-05 0.000401748 0.00122533 0.00171747 0.00176769 0.0269171 0.070346 0.194647 0.189555 0.159765 0.064822 0.0314167 0.0384472 0.0292271 0.0345202 0.0313363 0.0194345 0.0106764 0.0143323 0.0359363 0.0279516 0.0138201 0.00172751 0
 0 0.0021121 0.0136068 0.0755702 0.200478 0.177729 0.0527432 0.0373336 0.0318909 0.0142505 0.0149659 0.0166563 0.0217959 0.0798694 0.0677717 0.0528807 0.04013 0.0224614 0.0357745 0.0225083 0.00881397 0.00855152 0.00135912 0.000746735 0 0
 0 0 0 0 5.4009e-05 0.00500934 0.000945158 0.0243581 0.138947 0.33067 0.221406 0.137944 0.0707744 0.0437923 0.0131692 0.00525238 0.0047753 0.00276346 9.45158e-05 9.00151e-06 2.25038e-05 9.00151e-06 4.50075e-06 0 0 0
 0.000866109 0.00284123 0.00948549 0.0512746 0.133035 0.25785 0.225252 0.132002 0.0553304 0.0519788 0.0540692 0.017754 0.00435017 0.00159236 0.00146478 0.000404838 0.000125132 0.000115318 0.000107957 0.000100596 0 0 0 0 0 0
 0 0 0 0 0.00144013 0.00171154 0.00461396 0.0210425 0.0478622 0.0707936 0.0888783 0.103762 0.0637923 0.0337046 0.0602308 0.124433 0.169614 0.0934646 0.0462172 0.0250306 0.0313229 0.00938855 0.002487 0.000210481 0 0
 0 0.00764035 0.051015 0.0998891 0.058973 0.0496711 0.0374665 0.0718981 0.12319 0.153886 0.159021 0.0857701 0.0377988 0.023471 0.0147837 0.00900784 0.00315554 0.000888139 0.00291439 0.00214683 0.00393193 0.00274676 0.000635225 9.99891e-05 0 0
 0 0 0 0 0 0 0 0 0 0 0 0 0 0 0 0 0 0 0 0 0 0 0 0 0 0
 0 0 0 0 0 0 0 0 0 0 0 0 0 0 0 0 0 0 0 0 0 0 0 0 0 0
 0 0 0 0 0 0 0 0 0 0 0 0 0 0 0 0 0 0 0 0 0 0 0 0 0 0
 0 0 0 0 0 0 0 0 0 0 0 0 0 0 0 0 0 0 0 0 0 0 0 0 0 0
 0 0 0 0 0 0 0 0 0 0 0 0 0 0 0 0 0 0 0 0 0 0 0 0 0 0
 0 0 0 0 0 0 0 0 0 0 0 0 0 0 0 0 0 0 0 0 0 0 0 0 0 0
 0 0 0 0 0 0 0 0 0 0 0 0 0 0 0 0 0 0 0 0 0 0 0 0 0 0
ppred_pel_tallas
 1.28895e-16 5.52266e-06 5.36822e-05 0.000356738 0.00162169 0.00504577 0.0107512 0.0156952 0.0157121 0.0108344 0.0053283 0.00245098 0.00248835 0.00487242 0.0096419 0.0171959 0.027718 0.0410029 0.0566433 0.0741637 0.0927036 0.110388 0.124119 0.130402 0.126929 0.113877
 1.73925e-16 1.27305e-05 0.000123745 0.000822332 0.00373821 0.011631 0.0247813 0.0361704 0.036177 0.0248137 0.011741 0.00406194 0.00165843 0.00202996 0.00388221 0.00708643 0.0119227 0.0188607 0.0286764 0.0424728 0.0612679 0.0851348 0.112332 0.139071 0.160288 0.171243
 1.02867e-16 8.04189e-05 0.0007817 0.00519467 0.0236142 0.0734726 0.156541 0.228476 0.228477 0.156543 0.0734794 0.0236339 0.0052445 0.00089168 0.000293146 0.000368403 0.000551646 0.000761616 0.000986119 0.00124689 0.00159712 0.00209553 0.00276437 0.00355664 0.00435332 0.00499435
 1.00904e-16 5.79603e-05 0.000563395 0.00374396 0.0170195 0.0529542 0.112826 0.164678 0.164706 0.112962 0.0534121 0.0183412 0.00705837 0.00778838 0.013749 0.0225582 0.0323034 0.0402309 0.0435815 0.0410933 0.0337806 0.0243056 0.0154616 0.00892044 0.00495534 0.00294985
 1.04203e-16 4.03189e-05 0.000391914 0.00260441 0.0118393 0.0368366 0.0784856 0.11456 0.114596 0.0786651 0.0374396 0.0135823 0.00698468 0.0099711 0.0182823 0.0302878 0.043919 0.055827 0.0625844 0.0625416 0.0567182 0.0479525 0.0390623 0.031506 0.0253316 0.0199904
 1.0005e-16 8.21777e-05 0.000798797 0.00530829 0.0241307 0.0750795 0.159965 0.233473 0.233474 0.159966 0.0750816 0.0241366 0.00532318 0.000831475 0.000144715 0.000110411 0.000153941 0.000199421 0.000231329 0.000244429 0.000241761 0.000231176 0.000219242 0.000207449 0.000193118 0.000173112
 1.00354e-16 8.36243e-06 8.12859e-05 0.000540178 0.00245562 0.00764082 0.0162828 0.0237832 0.0238694 0.0167039 0.00905444 0.00653599 0.0107724 0.0223849 0.0422686 0.0696073 0.0996655 0.124058 0.134248 0.126307 0.103337 0.0735461 0.045574 0.0246419 0.0116919 0.00494153
 1.20414e-16 1.66676e-05 0.000162015 0.00107665 0.00489428 0.015228 0.0324452 0.0473568 0.0473672 0.0324961 0.015402 0.00541048 0.00242292 0.00326772 0.00640189 0.0118218 0.0199583 0.0311658 0.0455581 0.0627685 0.0814867 0.099072 0.111829 0.116219 0.110491 0.0956832
 1.01691e-16 8.04019e-05 0.000781535 0.00519358 0.0236093 0.0734571 0.156508 0.228428 0.228429 0.156511 0.073466 0.0236349 0.00525835 0.000924571 0.000357177 0.000477564 0.00071634 0.000983433 0.00125522 0.00154187 0.00188367 0.00232076 0.00285005 0.00340136 0.00385268 0.00407764
 1.01374e-16 4.33422e-05 0.000421301 0.0027997 0.012727 0.0395988 0.0843711 0.123151 0.123196 0.0845892 0.0403307 0.0148397 0.00809785 0.0119707 0.0219292 0.036058 0.0516418 0.0643191 0.0696823 0.065714 0.0540326 0.0388901 0.0247472 0.0142738 0.00790744 0.00466748
 1.00333e-16 8.02794e-05 0.000780345 0.00518567 0.0235733 0.0733452 0.15627 0.228081 0.228082 0.156277 0.0733691 0.0236422 0.00535929 0.00116133 0.000809509 0.00122592 0.00179214 0.00232353 0.00268884 0.00282375 0.00275618 0.00257124 0.00234475 0.00210288 0.00183299 0.00152191
 1.00068e-16 7.87299e-05 0.000765283 0.00508558 0.0231183 0.0719296 0.153254 0.223679 0.223683 0.153274 0.0719977 0.023315 0.00557891 0.00184079 0.00211703 0.00336404 0.00481203 0.00599568 0.00650029 0.00613712 0.00505499 0.00364686 0.00232481 0.00133545 0.000720117 0.000391177
 1.00198e-16 7.05498e-05 0.000685769 0.00455718 0.0207163 0.0644561 0.137331 0.200441 0.200455 0.137396 0.0646742 0.021346 0.00613659 0.00412971 0.00659958 0.0107681 0.0154328 0.0192544 0.0209196 0.0198231 0.0164313 0.0119847 0.00778282 0.00460179 0.00257381 0.00143294
 1.00309e-16 7.60328e-05 0.000739066 0.00491135 0.0223263 0.0694654 0.148004 0.216017 0.216024 0.148036 0.0695724 0.0226352 0.00568674 0.0024314 0.00328901 0.00531409 0.00764031 0.0095909 0.0105305 0.0101638 0.00870443 0.00672732 0.00482558 0.00334001 0.00231633 0.00163368
 1.00164e-16 7.70373e-05 0.00074883 0.00497624 0.0226213 0.0703831 0.149959 0.218871 0.218877 0.149988 0.0704791 0.0228983 0.0056713 0.00226475 0.00295188 0.00474717 0.00680514 0.00850275 0.00926226 0.00881826 0.00737377 0.00546826 0.00366427 0.00229373 0.00140844 0.000890471
 1.00018e-16 8.1631e-05 0.000793482 0.00527297 0.0239702 0.07458 0.158901 0.23192 0.231921 0.158905 0.0745935 0.0240089 0.00537011 0.00100533 0.000483335 0.000668177 0.000950635 0.00118683 0.00129157 0.00122745 0.00102291 0.000753625 0.000498696 0.000305051 0.000180363 0.000108333
 1.00405e-16 1.55785e-05 0.000151428 0.0010063 0.00457453 0.0142335 0.0303288 0.044282 0.0443593 0.0307068 0.0155024 0.00823732 0.0101917 0.0201745 0.0379581 0.0625049 0.0895158 0.111466 0.120701 0.113693 0.093214 0.0666057 0.0415919 0.022832 0.0111613 0.00499226
 1.00226e-16 8.15619e-05 0.00079281 0.0052685 0.0239499 0.0745169 0.158766 0.231724 0.231724 0.158767 0.0745205 0.0239605 0.00529586 0.000854298 0.000203496 0.000220707 0.000340985 0.000492715 0.000661617 0.000838654 0.00101357 0.00116805 0.00127278 0.00129576 0.00121889 0.00105091
 1.00428e-16 4.6039e-05 0.000447515 0.0029739 0.0135189 0.0420627 0.0896205 0.130813 0.130855 0.0898259 0.0427522 0.0155092 0.00796499 0.0113271 0.0206613 0.033961 0.0486284 0.0605439 0.0655463 0.0617251 0.0505963 0.0361611 0.0226255 0.01252 0.00628413 0.0030309
 1.00935e-16 7.59262e-05 0.000738029 0.00490446 0.022295 0.069368 0.147796 0.215714 0.215718 0.147819 0.0694437 0.022514 0.00545594 0.00194758 0.0023896 0.00387312 0.00567078 0.00733463 0.00845426 0.00882468 0.00853849 0.00787603 0.00709225 0.0062838 0.00541863 0.00445479
 1.00676e-16 6.85321e-05 0.000666156 0.00442684 0.0201238 0.0626127 0.133404 0.194709 0.194725 0.133477 0.0628603 0.0208386 0.00621985 0.0045764 0.00748333 0.012233 0.0175454 0.0219172 0.0238682 0.0227205 0.0190081 0.0141344 0.00955729 0.00612861 0.00396401 0.00273198
 1.0031e-16 7.75765e-05 0.000754072 0.00501107 0.0227796 0.0708758 0.151009 0.220402 0.220407 0.151032 0.0709546 0.0230071 0.00558204 0.00200058 0.00244509 0.00391979 0.0056395 0.00709164 0.00780987 0.00757756 0.00654962 0.00514302 0.00378543 0.00271897 0.00197185 0.00145481
 1.01896e-16 1.16395e-05 0.00011314 0.000751861 0.0034179 0.0106348 0.0226614 0.0330915 0.03317 0.0230452 0.0119229 0.00713681 0.0100804 0.020456 0.0385834 0.0636019 0.0912297 0.1139 0.123903 0.117676 0.0979695 0.0720775 0.0476208 0.0291167 0.0172893 0.0105388
 1.02228e-16 7.57162e-05 0.000735988 0.0048909 0.0222333 0.0691761 0.147387 0.215116 0.215117 0.147394 0.0691989 0.0223003 0.00506372 0.00112866 0.000866513 0.00142984 0.0023244 0.00348755 0.00489038 0.00648707 0.00817766 0.00975976 0.010928 0.0113658 0.0108929 0.00957213
 1.01161e-16 6.79664e-05 0.000660657 0.0043903 0.0199577 0.0620958 0.132302 0.193102 0.193118 0.132379 0.0623523 0.0206982 0.0062477 0.00471056 0.00774547 0.012661 0.0181487 0.0226509 0.0246366 0.0234149 0.0195609 0.0145555 0.00992965 0.00656508 0.00455237 0.00349631
 1.03842e-16 3.00383e-05 0.000291983 0.00194033 0.00882049 0.0274441 0.0584745 0.0853561 0.0854079 0.0587277 0.0282945 0.011277 0.00810717 0.0137565 0.025608 0.0423029 0.0609679 0.0767259 0.0846009 0.0822591 0.0713628 0.0563879 0.0419165 0.0305294 0.0225114 0.0168991
 1.02139e-16 7.51514e-05 0.000730498 0.00485442 0.0220675 0.0686601 0.146288 0.213512 0.213516 0.146305 0.068717 0.0222327 0.00527208 0.00165236 0.00185561 0.00302621 0.00453277 0.00607735 0.00740074 0.00836909 0.00901337 0.0094337 0.00965693 0.00958547 0.00907942 0.00808737
 1.00696e-16 7.30102e-05 0.000709685 0.00471611 0.0214387 0.0667039 0.14212 0.207431 0.207441 0.14217 0.0668697 0.0219172 0.00591637 0.00332715 0.00503611 0.00818956 0.0117426 0.0146677 0.0159748 0.0152145 0.0127512 0.00953128 0.00653411 0.00432592 0.00297108 0.00222839
 1.03214e-16 1.59836e-05 0.000155366 0.00103247 0.00469349 0.0146036 0.031117 0.0454309 0.0455007 0.0314582 0.0157488 0.00800066 0.00933133 0.0182632 0.0343803 0.0567436 0.0815754 0.102229 0.111922 0.107495 0.0912945 0.069588 0.0488672 0.032898 0.0222091 0.0154456
 1.20926e-16 2.23324e-05 0.000217079 0.00144257 0.00655772 0.0204036 0.0434726 0.0634528 0.0634688 0.043551 0.0206691 0.00733458 0.00342996 0.00467913 0.00885839 0.0155524 0.0245966 0.0355018 0.0476255 0.0604365 0.0733705 0.0852986 0.0942149 0.0977302 0.0942304 0.0838831
 1.0199e-16 7.97398e-05 0.0007751 0.00515081 0.0234148 0.0728522 0.155219 0.226547 0.226548 0.155224 0.0728681 0.0234609 0.0052671 0.00103109 0.000572464 0.000838295 0.00124493 0.00166694 0.00204394 0.00236936 0.00269605 0.00309502 0.00359072 0.00412225 0.00455941 0.00476121
pSPR Fmed_Fpbrs
0.231323   0.2412 0.2412
Fs Fmed_Fpbrs
1.04224   1.005 1.005
SSBpbr Bo_Bmed_Bpbrs
1.47401e+06  267272  281831 281831
Ro
47021
SPR SPRFo_SPRFmed_SPRFpbrs
334821 77451.7 80758.8
Fref
1.005
log_Ro
10.5784
likeval ReclasPelacesDesembMPH_pf_preclas_ppelaces_ptallas_desvR_qrecl_qpela
 20.1011 22.7963 0.286019 0.00100871 317.451 125.423 103.495 0 102.815 9.03693e-05 0.000152034 0.0033257 0 0 0
q_reclas_q_pelaces
3.84617 5.77893
M
1
N
 7858.53 18723.7 76519.7 10630.2 0.0842216
 4817.7 2370.7 5120.92 20928.1 2907.38
 171467 881.241 307.038 663.229 3087.02
 55294.9 31417.3 114.421 39.8659 486.934
 5251.9 7070.49 2383.21 8.67958 39.9613
 288993 382.166 231.016 77.8672 1.58925
 6443.55 74714.1 82.999 50.1721 17.2564
 1745.85 925.185 6739.22 7.48651 6.08206
 57209.7 372.75 150.967 1099.67 2.21405
 7309.44 11069.9 52.5073 21.2659 155.217
 32671.3 545.668 375.78 1.78241 5.99088
 119676 7335.74 95.9961 66.1088 1.36751
 71142.6 15885.3 588.405 7.69992 5.41232
 68879.8 8991.59 1184.22 43.8646 0.977494
 40945.8 4703.5 267.166 35.1866 1.33239
 270231 2848.9 143.723 8.16368 1.1159
 8130.03 45548.2 326.53 16.473 1.06359
 491807 1159.18 4065.64 29.1461 1.56532
 110806 113594 212.73 746.117 5.6361
 249711 15988.6 10322 19.3302 68.3097
 174444 40735 1745.14 1126.64 9.56585
 454976 28877.8 4544.83 194.707 126.767
 12347.2 81224.7 3606.69 567.626 40.1504
 159957 2508.01 12302.5 546.279 92.0555
 166190 35409.6 431.968 2118.93 109.944
 23855.6 38318.3 6481.36 79.0672 407.972
 123859 5394.68 6813.37 1152.45 86.6002
 216417 25608.1 838.999 1059.64 192.701
 16230.9 60560.3 6259.93 205.094 306.135
 6000.84 4538.92 14789.3 1528.73 124.846
 71105 881.445 423.565 1380.12 154.309
pred_Ctot
 908.591 3110.49 12711.9 1765.95 0.0139914
 1619.15 1054.03 2276.79 9304.77 1292.64
 57523.7 391.195 136.298 294.416 1370.37
 24777.5 17775.8 64.7388 22.556 275.505
 3011.4 4840.33 1631.51 5.94188 27.3568
 55874.7 103.252 62.4149 21.0379 0.429378
 2675.08 39719.4 44.1238 26.6724 9.17383
 483.838 347.165 2528.81 2.80923 2.28222
 18048.4 156.85 63.5256 462.732 0.931653
 4157.22 7533 35.7307 14.4713 105.624
 8374.39 190.898 131.464 0.623564 2.09587
 52394 4073.11 53.301 36.7064 0.759298
 32103.1 9038.78 334.804 4.38127 3.07963
 40266.1 6243.19 822.249 30.4568 0.678711
 23803.3 3252.57 184.751 24.3323 0.921373
 98492.4 1357.93 68.5057 3.89122 0.531893
 3392.11 24314.1 174.305 8.79343 0.567754
 120127 388.218 1361.61 9.76125 0.524236
 45839.3 60212.7 112.761 395.493 2.98751
 93724.1 7813.09 5044.02 9.44603 33.3807
 64630 19688.3 843.475 544.536 4.62343
 156835 13123.2 2065.35 88.4823 57.6079
 3666.32 32405.5 1438.93 226.461 16.0185
 41952 895.731 4393.82 195.102 32.8774
 40718.1 11892.1 145.074 711.63 36.924
 6042.72 13262.8 2243.34 27.3669 141.208
 35918.2 2107.65 2661.92 450.251 33.8339
 33478.7 5613.82 183.925 232.294 42.2439
 2516.28 13303.2 1375.11 45.0526 67.248
 2450.39 2380.19 7755.46 801.657 65.4689
 25044.3 408.042 196.078 638.89 71.4334
F
 0.198415 0.296455 0.296455 0.296455 0.296455
 0.69872 1.04397 1.04397 1.04397 1.04397
 0.697034 1.04145 1.04145 1.04145 1.04145
 1.05675 1.57891 1.57891 1.57891 1.57891
 1.62049 2.4212 2.4212 2.4212 2.4212
 0.352734 0.527026 0.527026 0.527026 0.527026
 0.940841 1.40573 1.40573 1.40573 1.40573
 0.544089 0.812932 0.812932 0.812932 0.812932
 0.642491 0.959956 0.959956 0.959956 0.959956
 1.59491 2.38298 2.38298 2.38298 2.38298
 0.493739 0.737703 0.737703 0.737703 0.737703
 1.0194 1.5231 1.5231 1.5231 1.5231
 1.0684 1.59631 1.59631 1.59631 1.59631
 1.68406 2.51617 2.51617 2.51617 2.51617
 1.66532 2.48817 2.48817 2.48817 2.48817
 0.780506 1.16617 1.16617 1.16617 1.16617
 0.947852 1.4162 1.4162 1.4162 1.4162
 0.465454 0.695443 0.695443 0.695443 0.695443
 0.935909 1.39836 1.39836 1.39836 1.39836
 0.813214 1.21504 1.21504 1.21504 1.21504
 0.798531 1.1931 1.1931 1.1931 1.1931
 0.723025 1.08028 1.08028 1.08028 1.08028
 0.59394 0.887416 0.887416 0.887416 0.887416
 0.507922 0.758894 0.758894 0.758894 0.758894
 0.467201 0.698053 0.698053 0.698053 0.698053
 0.486604 0.727042 0.727042 0.727042 0.727042
 0.576233 0.860959 0.860959 0.860959 0.860959
 0.273567 0.408742 0.408742 0.408742 0.408742
 0.274231 0.409734 0.409734 0.409734 0.409734
 0.918092 1.37174 1.37174 1.37174 1.37174
 0.744547 1.11244 1.11244 1.11244 1.11244
nmprior
 8 9 7.5 0
nm_flota  nm_reclas  nm_pelaces    nm_pelaL
inf 20.105 4.77497 6.52777
cv_recla  cv_pelaces  cv_mph
0.405541 0.56182 0.980141
 ------------------------------------------------
Talla a la edad & desviación 
 8 13.2811 15.8009 17.003 17.5766
 0.8 1.32811 1.58009 1.7003 1.75766
