years
 1991 1992 1993 1994 1995 1996 1997 1998 1999 2000 2001 2002 2003 2004 2005 2006 2007 2008 2009 2010 2011 2012 2013 2014 2015 2016 2017 2018 2019 2020 2021
reclasobs
 0 0 0 0 0 0 0 0 0 252601 567819 844713 477998 351125 339783 2.1784e+06 2.13404e+06 4.81314e+06 1.55562e+06 2.62356e+06 3.21686e+06 3.843e+06 1.13348e+06 3.07943e+06 1.97215e+06 2.03268e+06 2.025e+06 2.42433e+06 2.27542e+06 1.05018e+06 2.36338e+06
reclaspred
 2.03647e+06 1.51959e+06 795142 554405 543656 826580 605379 478397 323310 240988 315267 474518 480544 422311 505642 944710 1.42585e+06 2.08113e+06 1.9707e+06 1.69366e+06 2.9115e+06 2.21661e+06 1.96944e+06 2.39346e+06 2.13893e+06 2.00797e+06 2.13724e+06 2.16645e+06 2.32047e+06 1.4147e+06 1.49751e+06
pelacesobs
 0 0 0 0 0 0 0 0 0 0 0 0 0 0 0 552880 188675 0 991730 2.46772e+06 1.41603e+06 1.21717e+06 2.29649e+06 1.80582e+06 0 1.4828e+06 1.56532e+06 1.57751e+06 1.42118e+06 867257 0
pelacespred
 859687 707470 388183 229732 236558 358258 233861 227107 150886 103562 152414 185387 207427 197463 253388 393828 586903 911001 956255 777953 1.19144e+06 1.08492e+06 919216 1.20326e+06 1.0907e+06 978375 1.18337e+06 1.22942e+06 1.06749e+06 742109 743016
mphobs
 0 0 0 0 0 0 0 0 0 0 0 498337 0 5186 125008 0 168611 109162 213762 579715 649985 157893 87575 83554 0 0 0 0 0 0 0
mphpred
 1.54386e+06 1.6208e+06 869069 458541 423299 440829 672046 376470 305914 208755 151265 344628 352998 314024 277256 446523 1.00926e+06 1.24018e+06 1.56996e+06 1.44877e+06 1.70497e+06 2.01825e+06 1.76385e+06 1.41443e+06 2.00037e+06 1.6558e+06 1.43459e+06 1.63718e+06 2.14605e+06 1.42216e+06 841851
desembarqueobs
 494567 514787 250237 358949 120608 361735 552515 73892 212993 205616 52469 317467 293654 387597 252695 516296 358380 742168 942051 627588 828172 859565 418607 520667 417249 300574 407403 355545 319650 289779 219260
desembarquepred
 494393 511292 251440 358741 120567 361805 552504 73901.8 212907 205666 52476.5 317476 293785 387417 252711 516421 358337 741968 942075 627247 827660 859483 418400 520812 417269 300198 406665 355265 319489 289443 219274
Reclutas
 382477 63614.1 75672.8 135557 96638.2 230400 82550.8 27502.8 37713.2 55383 115860 129858 123600 107344 124079 436099 180429 518461 535064 372286 483183 584516 127133 397384 329109 168576 381695 374557 99081.7 104202 347705
log_desv_Rt
 0.796794 -0.99704 -0.823456 -0.240486 -0.5789 0.289943 -0.736461 -1.83559 -1.51986 -1.1356 -0.397493 -0.283432 -0.332827 -0.47384 -0.32896 0.927994 0.045463 1.10099 1.13251 0.769787 1.03052 1.22091 -0.304641 0.835029 0.646513 -0.0224882 0.794748 0.775868 -0.55393 -0.503546 0.70148
SSB
 1.54386e+06 1.6208e+06 869069 458541 423299 440829 672046 376470 305914 208755 151265 344628 352998 314024 277256 446523 1.00926e+06 1.24018e+06 1.56996e+06 1.44877e+06 1.70497e+06 2.01825e+06 1.76385e+06 1.41443e+06 2.00037e+06 1.6558e+06 1.43459e+06 1.63718e+06 2.14605e+06 1.42216e+06 841851
BT
 2.79727e+06 2.18441e+06 1.19032e+06 1.01161e+06 755257 1.56596e+06 1.11187e+06 708046 666693 526081 587571 848405 935113 1.09658e+06 1.1818e+06 1.87656e+06 1.96985e+06 3.66087e+06 3.9574e+06 2.802e+06 4.4558e+06 3.9707e+06 2.78574e+06 4.5766e+06 3.33928e+06 2.99916e+06 4.36649e+06 4.29195e+06 2.86886e+06 2.23191e+06 2.71393e+06
Ftot
 0.22889 0.313701 0.295501 0.590106 0.209287 0.407806 0.806196 0.146509 0.599866 0.764617 0.158182 0.609419 0.559974 0.822039 0.464612 0.506866 0.236701 0.333668 0.442888 0.345667 0.267216 0.361346 0.200465 0.205845 0.184472 0.141864 0.180308 0.155664 0.130663 0.193214 0.139241
BD_Bspro_t
 0.96404 0.803357 0.619999 0.506676 0.489986 0.564494 0.580811 0.392877 0.425008 0.380953 0.373676 0.648171 0.524027 0.451945 0.405834 0.512393 0.613606 0.643478 0.646604 0.595892 0.586908 0.622108 0.623682 0.614453 0.717584 0.726429 0.74114 0.782355 0.816083 0.749462 0.710985
BD_Bspro
 1.25755 1.32022 0.7079 0.373505 0.344798 0.359077 0.547415 0.306653 0.249183 0.170042 0.123213 0.280716 0.287534 0.255788 0.225839 0.363715 0.822091 1.01019 1.27881 1.1801 1.38878 1.64397 1.43674 1.15213 1.6294 1.34873 1.16855 1.33356 1.74807 1.15842 0.68573
BD_Bo
 0.867221 0.910435 0.488174 0.257572 0.237776 0.247623 0.377502 0.211471 0.171839 0.117262 0.0849687 0.193584 0.198286 0.176394 0.155741 0.250821 0.566921 0.696636 0.881882 0.813807 0.957717 1.1337 0.99079 0.794516 1.12365 0.930096 0.805842 0.919637 1.20548 0.798856 0.472885
BD_Brms
 3.67567 3.85883 2.0691 1.09171 1.0078 1.04954 1.60002 0.896308 0.728328 0.49701 0.360135 0.820497 0.840425 0.747635 0.660098 1.06309 2.40287 2.95265 3.73781 3.44928 4.05923 4.80511 4.19941 3.36752 4.76254 3.94216 3.41552 3.89783 5.10937 3.38591 2.0043
Sel_flota
 0.5 1 1 1 1
 0.5 1 1 1 1
 0.5 1 1 1 1
 0.5 1 1 1 1
 0.5 1 1 1 1
 0.5 1 1 1 1
 0.5 1 1 1 1
 0.5 1 1 1 1
 0.5 1 1 1 1
 0.5 1 1 1 1
 0.5 1 1 1 1
 0.5 1 1 1 1
 0.5 1 1 1 1
 0.5 1 1 1 1
 0.5 1 1 1 1
 0.5 1 1 1 1
 0.5 1 1 1 1
 0.5 1 1 1 1
 0.5 1 1 1 1
 0.5 1 1 1 1
 0.5 1 1 1 1
 0.5 1 1 1 1
 0.5 1 1 1 1
 0.5 1 1 1 1
 0.5 1 1 1 1
 0.5 1 1 1 1
 0.5 1 1 1 1
 0.5 1 1 1 1
 0.5 1 1 1 1
 0.5 1 1 1 1
 0.5 1 1 1 1
Sel_reclas
 0.5 1 1 1 1
 0.5 1 1 1 1
 0.5 1 1 1 1
 0.5 1 1 1 1
 0.5 1 1 1 1
 0.5 1 1 1 1
 0.5 1 1 1 1
 0.5 1 1 1 1
 0.5 1 1 1 1
 0.5 1 1 1 1
 0.5 1 1 1 1
 0.5 1 1 1 1
 0.5 1 1 1 1
 0.5 1 1 1 1
 0.5 1 1 1 1
 0.5 1 1 1 1
 0.5 1 1 1 1
 0.5 1 1 1 1
 0.5 1 1 1 1
 0.5 1 1 1 1
 0.5 1 1 1 1
 0.5 1 1 1 1
 0.5 1 1 1 1
 0.5 1 1 1 1
 0.5 1 1 1 1
 0.5 1 1 1 1
 0.5 1 1 1 1
 0.5 1 1 1 1
 0.5 1 1 1 1
 0.5 1 1 1 1
 0.5 1 1 1 1
Sel_pelaces
 0.5 1 1 1 1
 0.5 1 1 1 1
 0.5 1 1 1 1
 0.5 1 1 1 1
 0.5 1 1 1 1
 0.5 1 1 1 1
 0.5 1 1 1 1
 0.5 1 1 1 1
 0.5 1 1 1 1
 0.5 1 1 1 1
 0.5 1 1 1 1
 0.5 1 1 1 1
 0.5 1 1 1 1
 0.5 1 1 1 1
 0.5 1 1 1 1
 0.5 1 1 1 1
 0.5 1 1 1 1
 0.5 1 1 1 1
 0.5 1 1 1 1
 0.5 1 1 1 1
 0.5 1 1 1 1
 0.5 1 1 1 1
 0.5 1 1 1 1
 0.5 1 1 1 1
 0.5 1 1 1 1
 0.5 1 1 1 1
 0.5 1 1 1 1
 0.5 1 1 1 1
 0.5 1 1 1 1
 0.5 1 1 1 1
 0.5 1 1 1 1
pf_obs 
 0.8446 0.082 0.0669 0.0065 0
 0.8095 0.147 0.0364 0.0071 0
 0.9664 0.0169 0.016 0.0007 0
 0.9276 0.0648 0.0075 0.0001 0
 0.7033 0.2144 0.0806 0.0017 0
 0.9318 0.0425 0.0243 0.0014 0
 0.5671 0.3108 0.0964 0.0239 0.0018
 0.0768 0.2599 0.5324 0.112 0.0189
 0.490249 0.384438 0.106611 0.0170017 0.00170017
 0.7925 0.1577 0.0466 0.003 0.0002
 0.840416 0.127587 0.0312969 0.00059994 9.999e-05
 0.8084 0.0986 0.0794 0.0134 0.0002
 0.7335 0.1905 0.0724 0.0035 0.0001
 0.4001 0.4547 0.1325 0.0127 0
 0.49795 0.308269 0.164784 0.0264974 0.00249975
 0.9179 0.0499 0.0305 0.0017 0
 0.2467 0.6533 0.0926 0.0074 0
 0.9418 0.0223 0.034 0.0019 0
 0.707729 0.231977 0.0356964 0.0245975 0
 0.517169 0.277429 0.184464 0.0207286 0.00020938
 0.811772 0.124168 0.05621 0.00726502 0.000585176
 0.764997 0.148141 0.077277 0.00933861 0.000247198
 0.163321 0.427699 0.378323 0.0303852 0.000271297
 0.753843 0.0900009 0.118128 0.0371064 0.000921714
 0.721811 0.176058 0.0630433 0.0369309 0.00215725
 0.143369 0.312575 0.442814 0.0836902 0.0175525
 0.692698 0.0596174 0.167031 0.0765114 0.00414204
 0.394062 0.376323 0.152708 0.0712218 0.00568511
 0.125707 0.32114 0.495352 0.0537591 0.00404204
 0.23352 0.215282 0.420074 0.123614 0.00750983
 0 0 0 0 0
pf_pred 
 0.625104 0.23698 0.0871799 0.0320717 0.018665
 0.174105 0.645174 0.114238 0.0420256 0.0244579
 0.38849 0.193598 0.326465 0.0578055 0.0336414
 0.647552 0.204872 0.0467213 0.0787863 0.022069
 0.525342 0.386877 0.0510258 0.0116365 0.0251192
 0.732408 0.187847 0.0649972 0.0085726 0.00617515
 0.373914 0.539055 0.0610949 0.0211396 0.00479653
 0.297359 0.425867 0.2383 0.0270082 0.0114656
 0.513491 0.228254 0.156527 0.087587 0.014141
 0.690418 0.222126 0.0410313 0.0281376 0.0182868
 0.78534 0.182459 0.0231043 0.00426786 0.00482882
 0.621055 0.335224 0.0371622 0.00470576 0.00185276
 0.609389 0.311798 0.0697204 0.00772905 0.00136405
 0.588891 0.32375 0.0697327 0.0155928 0.00203364
 0.671488 0.258768 0.0549233 0.01183 0.00299028
 0.845799 0.127193 0.0212743 0.00451546 0.00121843
 0.41348 0.544046 0.0350347 0.00585991 0.00157937
 0.738814 0.157251 0.0964081 0.00620836 0.00131828
 0.609148 0.336976 0.032437 0.0198866 0.00155256
 0.496783 0.393011 0.0950152 0.00914608 0.00604508
 0.603052 0.272553 0.0971524 0.0234878 0.00375526
 0.607597 0.300956 0.0627895 0.0223815 0.00627613
 0.222419 0.602975 0.133915 0.0279392 0.0127517
 0.649104 0.132564 0.169306 0.0376013 0.0114254
 0.508066 0.392211 0.0376742 0.0481162 0.0139332
 0.350198 0.44557 0.162831 0.0156409 0.0257605
 0.644585 0.188079 0.114743 0.041932 0.0106616
 0.544324 0.36126 0.0499627 0.0304812 0.0139714
 0.221905 0.555883 0.17617 0.0243645 0.0216775
 0.37132 0.233975 0.281983 0.0893661 0.0233558
 0.740693 0.144109 0.0428732 0.0516703 0.020655
pobs_RECLAS
 0 0 0 0 0
 0 0 0 0 0
 0 0 0 0 0
 0 0 0 0 0
 0 0 0 0 0
 0 0 0 0 0
 0 0 0 0 0
 0 0 0 0 0
 0 0 0 0 0
 0 0 0 0 0
 0.991045 0.00858322 0.000360255 1.14367e-05 0
 0.934742 0.0480273 0.0164251 0.00080598 0
 0.827803 0.169806 0.00239088 0 0
 0.941827 0.0461693 0.0120037 0 0
 0.791401 0.0380133 0.147996 0.0225897 0
 0.846168 0.0940531 0.0597789 0 0
 0.134021 0.677848 0.182769 0.00536245 0
 0.80878 0.0450904 0.141981 0.00414843 0
 0.846168 0.0940531 0.0597789 0 0
 0.905697 0.0802665 0.012482 0.00150086 5.37128e-05
 0.989698 0.0102097 9.19794e-05 0 0
 0.975433 0.0193895 0.00387452 0.00125025 5.28907e-05
 0.303575 0.632131 0.0575291 0.00676475 0
 0.966965 0.00978017 0.0227588 0.000495775 0
 0.843318 0.132988 0.00938335 0.0141283 0.000182051
 0.564624 0.303363 0.111486 0.0197234 0.00080311
 0.826376 0.0876187 0.0782897 0.00655872 0.00115652
 0.89761 0.0855135 0.0140674 0.00269457 0.000114338
 0.34875 0.467042 0.161289 0.0227151 0.000203297
 0.318654 0.224769 0.449479 0.00709798 0
 0.937255 0.0296025 0.0250945 0.00804832 0
ppred_RECLAS
 0.627661 0.235363 0.0865853 0.031853 0.0185377
 0.176381 0.643395 0.113923 0.0419098 0.0243905
 0.391983 0.192492 0.3246 0.0574753 0.0334493
 0.655337 0.200347 0.0456893 0.077046 0.0215815
 0.527802 0.384871 0.0507613 0.0115762 0.024989
 0.736616 0.184893 0.0639751 0.00843779 0.00607804
 0.386092 0.52857 0.0599065 0.0207284 0.00470323
 0.298748 0.425025 0.237829 0.0269548 0.0114429
 0.522235 0.224151 0.153714 0.0860129 0.0138869
 0.700614 0.21481 0.03968 0.0272109 0.0176846
 0.786555 0.181426 0.0229736 0.0042437 0.00480149
 0.629429 0.327816 0.036341 0.00460177 0.00181182
 0.616993 0.305728 0.0683632 0.00757859 0.0013375
 0.601675 0.313682 0.0675643 0.0151079 0.00197041
 0.677054 0.254384 0.0539928 0.0116296 0.00293962
 0.849448 0.124183 0.0207709 0.0044086 0.0011896
 0.416236 0.541489 0.0348701 0.00583237 0.00157195
 0.742071 0.15529 0.0952062 0.00613096 0.00130185
 0.614819 0.332087 0.0319664 0.0195981 0.00153004
 0.501201 0.38956 0.094181 0.00906578 0.00599201
 0.606172 0.27041 0.0963886 0.0233031 0.00372573
 0.612032 0.297555 0.0620799 0.0221286 0.0062052
 0.22405 0.60171 0.133634 0.0278806 0.0127249
 0.651307 0.131731 0.168243 0.0373652 0.0113536
 0.510207 0.390504 0.0375102 0.0479068 0.0138726
 0.351658 0.444569 0.162465 0.0156057 0.0257026
 0.646496 0.187067 0.114126 0.0417066 0.0106043
 0.546084 0.359865 0.0497697 0.0303635 0.0139174
 0.222919 0.555159 0.175941 0.0243328 0.0216493
 0.373428 0.23319 0.281038 0.0890664 0.0232775
 0.741897 0.14344 0.0426741 0.0514302 0.0205591
pobs_PELACES
 0 0 0 0 0
 0 0 0 0 0
 0 0 0 0 0
 0 0 0 0 0
 0 0 0 0 0
 0 0 0 0 0
 0 0 0 0 0
 0 0 0 0 0
 0 0 0 0 0
 0 0 0 0 0
 0 0 0 0 0
 0 0 0 0 0
 0 0 0 0 0
 0 0 0 0 0
 0 0 0 0 0
 0 0 0 0 0
 0.505614 0.472636 0.0217494 0 0
 0 0 0 0 0
 0.443492 0.261883 0.143347 0.151278 0
 0.227955 0.32914 0.350689 0.0885471 0.00366901
 0.970185 0.0296113 0.000203453 0 0
 0.997202 0.00247181 0.000326279 0 0
 0.445219 0.490057 0.0546422 0.010081 0
 0.90214 0.0892962 0.00764917 0.000914606 0
 0 0 0 0 0
 0.581667 0.319106 0.0959925 0.00289975 0.000334073
 0.762889 0.0836404 0.116647 0.0363945 0.000428098
 0.88444 0.0763242 0.0277011 0.0115352 0
 0.521256 0.241999 0.230069 0.00667565 0
 0.616807 0.101726 0.260614 0.0208532 0
 0 0 0 0 0
ppred_PELACES
 0.636444 0.229811 0.0845429 0.0311016 0.0181004
 0.184027 0.637423 0.112865 0.0415208 0.0241641
 0.403663 0.188795 0.318365 0.0563712 0.0328067
 0.676984 0.187763 0.0428196 0.0722068 0.020226
 0.5364 0.377864 0.0498371 0.0113654 0.0245341
 0.749462 0.175875 0.060855 0.00802627 0.00578162
 0.418059 0.501047 0.0567871 0.019649 0.00445833
 0.303837 0.421941 0.236103 0.0267592 0.0113599
 0.546856 0.2126 0.145793 0.0815803 0.0131712
 0.726391 0.196316 0.0362636 0.0248681 0.016162
 0.790904 0.177729 0.0225055 0.00415723 0.00470365
 0.652563 0.307352 0.0340723 0.0043145 0.00169871
 0.638578 0.288498 0.0645104 0.00715147 0.00126212
 0.633692 0.288469 0.0621336 0.0138936 0.00181203
 0.693584 0.241364 0.0512293 0.0110343 0.00278916
 0.859834 0.115616 0.019338 0.00410447 0.00110753
 0.425756 0.532659 0.0343014 0.00573726 0.00154632
 0.752467 0.149031 0.0913686 0.00588383 0.00124937
 0.631973 0.317297 0.0305427 0.0187253 0.00146189
 0.515455 0.378428 0.0914896 0.00880671 0.00582078
 0.616647 0.263218 0.0938249 0.0226833 0.00362664
 0.626091 0.286772 0.0598303 0.0213267 0.00598033
 0.229853 0.59721 0.132635 0.0276721 0.0126298
 0.65898 0.128833 0.164541 0.0365429 0.0111038
 0.51781 0.384442 0.0369279 0.0471631 0.0136572
 0.357013 0.440897 0.161123 0.0154768 0.0254903
 0.653265 0.183485 0.11194 0.0409079 0.0104013
 0.552443 0.354824 0.0490725 0.0299381 0.0137225
 0.226675 0.552475 0.17509 0.0242152 0.0215446
 0.380917 0.230403 0.277679 0.0880019 0.0229993
 0.746272 0.141008 0.0419507 0.0505585 0.0202106
pobs_pel_tallas
 0 0 0 0 0 0 0 0 0 0 0 0 0 0 0 0 0 0 0 0 0 0 0 0 0 0
 0 0 0 0 0 0 0 0 0 0 0 0 0 0 0 0 0 0 0 0 0 0 0 0 0 0
 0 0 0 0 0 0 0 0 0 0 0 0 0 0 0 0 0 0 0 0 0 0 0 0 0 0
 0 0 0 0 0 0 0 0 0 0 0 0 0 0 0 0 0 0 0 0 0 0 0 0 0 0
 0 0 0 0 0 0 0 0 0 0 0 0 0 0 0 0 0 0 0 0 0 0 0 0 0 0
 0 0 0 0 0 0 0 0 0 0 0 0 0 0 0 0 0 0 0 0 0 0 0 0 0 0
 0 0 0 0 0 0 0 0 0 0 0 0 0 0 0 0 0 0 0 0 0 0 0 0 0 0
 0 0 0 0 0 0 0 0 0 0 0 0 0 0 0 0 0 0 0 0 0 0 0 0 0 0
 0 0 0 0 0 0 0 0 0 0 0 0 0 0 0 0 0 0 0 0 0 0 0 0 0 0
 0 0 0 0 0 0 0 0 0 0 0 0 0 0 0 0 0 0 0 0 0 0 0 0 0 0
 0 0 0 0 0 0 0 0 0 0 0 0 0 0 0 0 0 0 0 0 0 0 0 0 0 0
 0 0 0 0 0 0 0 0 0 0 0 0 0 0 0 0 0 0 0 0 0 0 0 0 0 0
 0.00862536 0 0 0.000197151 0.00414017 0.0128641 0.00837892 0.0270097 0.101434 0.158115 0.152841 0.127902 0.109271 0.109419 0.0830992 0.0579132 0.0238553 0.00714673 0.00463305 0.00128148 0.00103504 0.000492878 0.000147863 0.000147863 4.92878e-05 0
 0 0 0 0 0 0 0 0 0 0 0 0 0 0 0 0 0 0 0 0 0 0 0 0 0 0
 0 0 0 0 0 0 0 0.0054083 0.00873648 0.0413646 0.0450493 0.0745869 0.0622846 0.0627006 0.0613931 0.0827291 0.12552 0.122667 0.0946155 0.0697135 0.0546179 0.0294188 0.0215738 0.0213955 0.0102223 0.00600262
 0 0 0 0 0.00359764 0.0251062 0.0480494 0.140153 0.205849 0.193036 0.1447 0.116669 0.0760912 0.0342217 0.00950174 0.001854 0.000860785 0 0 0 0.000165536 0 0.000143464 0 0 0
 0 0 0 0 0 0 0 0.000145254 0.000435761 0.0275982 0.070085 0.0708112 0.156366 0.174668 0.174014 0.160142 0.0824315 0.0480064 0.0283245 0.00493863 0.00203355 0 0 0 0 0
 0 0 0 0 0 0 0 0 0 0 0 0 0 0 0 0 0 0 0 0 0 0 0 0 0 0
 0 0 1.00437e-05 0.000401748 0.00122533 0.00171747 0.00176769 0.0269171 0.070346 0.194647 0.189555 0.159765 0.064822 0.0314167 0.0384472 0.0292271 0.0345202 0.0313363 0.0194345 0.0106764 0.0143323 0.0359363 0.0279516 0.0138201 0.00172751 0
 0 0.0021121 0.0136068 0.0755702 0.200478 0.177729 0.0527432 0.0373336 0.0318909 0.0142505 0.0149659 0.0166563 0.0217959 0.0798694 0.0677717 0.0528807 0.04013 0.0224614 0.0357745 0.0225083 0.00881397 0.00855152 0.00135912 0.000746735 0 0
 0 0 0 0 5.4009e-05 0.00500934 0.000945158 0.0243581 0.138947 0.33067 0.221406 0.137944 0.0707744 0.0437923 0.0131692 0.00525238 0.0047753 0.00276346 9.45158e-05 9.00151e-06 2.25038e-05 9.00151e-06 4.50075e-06 0 0 0
 0.000866109 0.00284123 0.00948549 0.0512746 0.133035 0.25785 0.225252 0.132002 0.0553304 0.0519788 0.0540692 0.017754 0.00435017 0.00159236 0.00146478 0.000404838 0.000125132 0.000115318 0.000107957 0.000100596 0 0 0 0 0 0
 0 0 0 0 0.00144013 0.00171154 0.00461396 0.0210425 0.0478622 0.0707936 0.0888783 0.103762 0.0637923 0.0337046 0.0602308 0.124433 0.169614 0.0934646 0.0462172 0.0250306 0.0313229 0.00938855 0.002487 0.000210481 0 0
 0 0.00764035 0.051015 0.0998891 0.058973 0.0496711 0.0374665 0.0718981 0.12319 0.153886 0.159021 0.0857701 0.0377988 0.023471 0.0147837 0.00900784 0.00315554 0.000888139 0.00291439 0.00214683 0.00393193 0.00274676 0.000635225 9.99891e-05 0 0
 0 0 0 0 0 0 0 0 0 0 0 0 0 0 0 0 0 0 0 0 0 0 0 0 0 0
 0 0 0 0 0 0 0 0 0 0 0 0 0 0 0 0 0 0 0 0 0 0 0 0 0 0
 0 0 0 0 0 0 0 0 0 0 0 0 0 0 0 0 0 0 0 0 0 0 0 0 0 0
 0 0 0 0 0 0 0 0 0 0 0 0 0 0 0 0 0 0 0 0 0 0 0 0 0 0
 0 0 0 0 0 0 0 0 0 0 0 0 0 0 0 0 0 0 0 0 0 0 0 0 0 0
 0 0 0 0 0 0 0 0 0 0 0 0 0 0 0 0 0 0 0 0 0 0 0 0 0 0
 0 0 0 0 0 0 0 0 0 0 0 0 0 0 0 0 0 0 0 0 0 0 0 0 0 0
ppred_pel_tallas
 1.08681e-16 5.24231e-05 0.000509571 0.00338628 0.0153935 0.0478952 0.102047 0.148945 0.148967 0.102155 0.0482605 0.01645 0.00604262 0.00632375 0.0111402 0.0184549 0.0268671 0.0343996 0.039073 0.0399933 0.0378529 0.0343664 0.0311125 0.0287102 0.0268291 0.024774
 1.11674e-16 1.51582e-05 0.000147343 0.00097915 0.00445111 0.0138494 0.0295099 0.0430834 0.0431449 0.0298103 0.0148583 0.0073659 0.00829807 0.0161327 0.0303985 0.0502963 0.0726103 0.0916543 0.101641 0.099927 0.0885817 0.0729215 0.058243 0.0473015 0.0400062 0.0347734
 1.20441e-16 3.32492e-05 0.000323194 0.00214774 0.00976332 0.0303774 0.064723 0.094469 0.0944876 0.0648144 0.0306859 0.0106603 0.00442249 0.00536557 0.0098348 0.0167961 0.0255741 0.0350614 0.0440853 0.0520358 0.0589916 0.0651445 0.0700686 0.0725928 0.0714419 0.0660998
 1.11948e-16 5.57624e-05 0.00054203 0.00360198 0.0163741 0.050946 0.108546 0.158431 0.158449 0.108635 0.051244 0.0172357 0.00576759 0.00527981 0.00908521 0.0150187 0.0218474 0.0279655 0.031813 0.0327687 0.0315502 0.0297038 0.0285727 0.0285414 0.0290213 0.0290044
 1.06827e-16 4.41826e-05 0.000429471 0.00285399 0.0129738 0.0403666 0.0860066 0.125537 0.125573 0.0861846 0.0409641 0.0146996 0.00718588 0.00988611 0.0180046 0.0296979 0.0427858 0.0538318 0.0593702 0.0578286 0.0504769 0.0405705 0.0313953 0.0247262 0.0205881 0.0180193
 1.03585e-16 6.17322e-05 0.000600059 0.0039876 0.0181271 0.0564002 0.120167 0.175391 0.175408 0.12025 0.0566795 0.0189346 0.00601723 0.00503989 0.00852055 0.0140584 0.0204086 0.0260045 0.0292815 0.0295031 0.0271625 0.0235753 0.0200154 0.0170913 0.0147311 0.0125836
 1.04492e-16 3.44351e-05 0.000334721 0.00222434 0.0101116 0.0314611 0.067033 0.0978467 0.097895 0.0672688 0.032253 0.0123985 0.00796401 0.0128613 0.0238153 0.0392928 0.0565435 0.0709896 0.077985 0.0753896 0.0648468 0.0506689 0.0372638 0.0271003 0.0203831 0.0160349
 1.11528e-16 2.50268e-05 0.000243269 0.00161661 0.0073489 0.0228654 0.0487186 0.0711148 0.0711558 0.0489188 0.0235384 0.00929641 0.00651853 0.0109885 0.0205619 0.0342916 0.0501832 0.0647462 0.0743765 0.0773246 0.0745676 0.0688045 0.0624781 0.0564872 0.0503823 0.0434472
 1.14672e-16 4.50438e-05 0.000437842 0.00290962 0.0132267 0.0411533 0.0876822 0.127979 0.128 0.0877835 0.0414938 0.014213 0.0053958 0.00589996 0.0105218 0.0175967 0.025994 0.034075 0.0402006 0.0436522 0.0449891 0.0454546 0.0459282 0.0463076 0.0457341 0.0433263
 1.06326e-16 5.98319e-05 0.000581587 0.00386485 0.0175691 0.054664 0.116468 0.169993 0.170012 0.116561 0.0549749 0.0184674 0.00612109 0.00551125 0.00943527 0.0155397 0.022469 0.0284557 0.0317533 0.0315933 0.0286506 0.0245721 0.0209479 0.0185243 0.017122 0.0160897
 1.01908e-16 6.51458e-05 0.00063324 0.0042081 0.0191294 0.0595189 0.126812 0.185089 0.185106 0.126896 0.0597999 0.0199409 0.00624481 0.00507875 0.00850613 0.0139545 0.0200847 0.0252344 0.0277559 0.0268912 0.0232208 0.0182681 0.0135881 0.0100486 0.00771692 0.00620838
 1.01783e-16 5.37508e-05 0.000522477 0.00347204 0.0157834 0.0491082 0.104631 0.152719 0.152748 0.104776 0.0495939 0.017186 0.00699182 0.00820334 0.0146327 0.0240833 0.0346342 0.0434384 0.0476267 0.0458675 0.0391554 0.030137 0.0215411 0.0149323 0.0105034 0.00765827
 1.02867e-16 5.25989e-05 0.00051128 0.00339764 0.0154452 0.0480558 0.102389 0.149446 0.149474 0.102525 0.0485128 0.0167654 0.00671336 0.00775501 0.0138257 0.0228145 0.0329543 0.0416336 0.046212 0.0454478 0.0402022 0.0327957 0.0255669 0.0197784 0.015504 0.0122222
 1.03567e-16 5.21964e-05 0.000507368 0.00337164 0.015327 0.0476881 0.101606 0.148302 0.14833 0.101742 0.048145 0.0166471 0.00668684 0.00774997 0.0138233 0.022812 0.032954 0.0416437 0.0462508 0.0455491 0.040418 0.0331908 0.0262044 0.0206962 0.016692 0.0136113
 1.03119e-16 5.71296e-05 0.00055532 0.0036903 0.0167756 0.0521952 0.111208 0.162316 0.16234 0.111322 0.0525774 0.01788 0.00646389 0.00661452 0.0115776 0.0190836 0.027564 0.0348271 0.0386714 0.0380723 0.0337696 0.0277217 0.0218905 0.017315 0.014015 0.0114966
 1.01187e-16 7.08234e-05 0.000688429 0.00457485 0.0207966 0.064706 0.137863 0.201218 0.201229 0.137918 0.064889 0.021325 0.00590146 0.00358517 0.00557445 0.00910923 0.0131283 0.0165359 0.0182646 0.0178201 0.0155664 0.0124674 0.00950019 0.00720004 0.00560052 0.00446657
 1.01964e-16 3.50691e-05 0.000340884 0.0022653 0.0102977 0.0320404 0.0682673 0.0996489 0.0997001 0.0685178 0.0328813 0.0127256 0.00835622 0.0136263 0.0252336 0.0415743 0.0596823 0.0746217 0.0813816 0.0776456 0.0651894 0.0487215 0.0331388 0.0213116 0.0136611 0.00913571
 1.03477e-16 6.19797e-05 0.000602465 0.00400359 0.0181998 0.0566263 0.120649 0.176094 0.176108 0.12072 0.0568642 0.0188884 0.00573733 0.00440438 0.00733263 0.0121544 0.0178046 0.0230148 0.026509 0.0276561 0.0267696 0.0247574 0.0224388 0.020113 0.0176448 0.0148462
 1.03088e-16 5.20548e-05 0.000505992 0.00336249 0.0152854 0.0475588 0.10133 0.147901 0.147931 0.10148 0.0480602 0.0167332 0.00699582 0.00843467 0.0151017 0.0248624 0.0357616 0.0448733 0.0492549 0.0475607 0.0408513 0.0318825 0.0234656 0.0171652 0.0130866 0.0105037
 1.04606e-16 4.24574e-05 0.000412701 0.00274255 0.0124672 0.0387904 0.0826484 0.120635 0.120672 0.0828269 0.03939 0.0141999 0.00709446 0.009922 0.0181287 0.0299713 0.0433282 0.0548108 0.0609734 0.060196 0.0536018 0.0442074 0.0350365 0.0276953 0.0222401 0.0179662
 1.05664e-16 5.07925e-05 0.000493721 0.00328095 0.0149147 0.0464054 0.0988726 0.144313 0.144338 0.0989971 0.0468236 0.0161237 0.00632022 0.00714342 0.0127237 0.0210695 0.0306157 0.0390646 0.0440924 0.0446086 0.0413495 0.0362619 0.0312074 0.0270368 0.0235876 0.0203048
 1.04951e-16 5.15703e-05 0.000501282 0.0033312 0.0151431 0.0471161 0.100387 0.146523 0.146551 0.100522 0.0475703 0.0164555 0.00662713 0.00770214 0.0137445 0.0226865 0.0327841 0.0414581 0.0461119 0.0455518 0.0406791 0.0338315 0.0273256 0.0223486 0.0188473 0.0161491
 1.08893e-16 1.89328e-05 0.000184034 0.00122297 0.00555948 0.0172979 0.0368572 0.0538062 0.0538639 0.0371389 0.0182439 0.00829294 0.00808816 0.0151835 0.0285429 0.047255 0.0682995 0.0863683 0.0960404 0.0947956 0.0844652 0.069876 0.0558422 0.0448808 0.0369853 0.0308908
 1.10326e-16 5.42794e-05 0.000527615 0.00350619 0.0159386 0.049591 0.105659 0.154216 0.154228 0.105721 0.0497998 0.0165446 0.00503889 0.00391223 0.00659612 0.0111171 0.0167085 0.0224798 0.0275289 0.0314058 0.034257 0.0364575 0.0380701 0.038649 0.0375502 0.0344421
 1.08205e-16 4.26514e-05 0.000414587 0.00275508 0.0125242 0.0389676 0.083026 0.121187 0.121224 0.083207 0.0395753 0.0142793 0.00716017 0.01003 0.0183021 0.0301873 0.0434845 0.0547093 0.0603632 0.0588948 0.0516586 0.0420178 0.033316 0.0272779 0.0237698 0.0216263
 1.10629e-16 2.94068e-05 0.000285844 0.00189954 0.00863506 0.0268671 0.0572448 0.0835593 0.083602 0.0574532 0.0275676 0.0106603 0.00699077 0.0114252 0.0212589 0.0352918 0.0512873 0.0654389 0.0738544 0.0747039 0.069223 0.0606868 0.0522439 0.0453609 0.0397992 0.0346308
 1.09141e-16 5.38086e-05 0.000523039 0.00347578 0.0158004 0.049161 0.104743 0.15288 0.152898 0.104831 0.0494542 0.0166492 0.00561375 0.00521442 0.00903503 0.0150398 0.0221045 0.0287381 0.033448 0.0355482 0.0355035 0.0344529 0.0333226 0.032271 0.0308222 0.0284171
 1.06832e-16 4.55041e-05 0.000442316 0.00293934 0.0133619 0.0415739 0.0885788 0.129291 0.129325 0.0887459 0.0421351 0.014983 0.0070092 0.00932857 0.0169277 0.027929 0.0402707 0.0507424 0.0561131 0.0549259 0.0483763 0.039494 0.0313008 0.0253723 0.021641 0.0191482
 1.11269e-16 1.86711e-05 0.00018149 0.00120606 0.00548263 0.0170588 0.0363475 0.0530614 0.0531148 0.0366085 0.0179357 0.00801735 0.00757607 0.0141121 0.0265485 0.0440514 0.0639018 0.0812915 0.0912964 0.0916083 0.0838206 0.0721531 0.0607164 0.0515103 0.0443374 0.0380434
 1.2079e-16 3.13757e-05 0.000304983 0.00202672 0.00921319 0.0286658 0.0610763 0.0891473 0.08917 0.061187 0.0290387 0.0102957 0.00476417 0.00634804 0.0117064 0.0198245 0.0297812 0.0400397 0.049014 0.0559532 0.0612033 0.0655255 0.0690838 0.0710433 0.0701048 0.0654511
 1.09738e-16 6.14695e-05 0.000597505 0.00397063 0.0180499 0.0561601 0.119655 0.174644 0.174657 0.119722 0.0563842 0.018698 0.0056004 0.00416534 0.00686797 0.0113402 0.0165351 0.0212493 0.0243259 0.0253028 0.0247023 0.0236454 0.0230853 0.0232584 0.023692 0.0236291
pSPR Fmed_Fpbrs
0.631906   0.285935 0.285935
Fs Fmed_Fpbrs
0.301918   1.005 1.005
SSBpbr Bo_Bmed_Bpbrs
1.78024e+06  1.03593e+06  420023 420023
Ro
172410
SPR SPRFo_SPRFmed_SPRFpbrs
1.22767e+06 775773 351035
Fref
1.005
log_Ro
11.8776
likeval ReclasPelacesDesembMPH_pf_preclas_ppelaces_ptallas_desvR_qrecl_qpela
 20.4739 23.3474 0.394704 0.0027987 235.56 137.45 88.9171 0 29.132 0 0 1.9273 0 0 0
q_reclas_q_pelaces
1 1
M
1
N
 382477 75934.8 27934.8 10276.7 5980.77
 63614.1 125490 22219.8 8174.21 4757.2
 75672.8 20005 33734.6 5973.2 3476.27
 135557 24014.7 5476.6 9235.2 2586.89
 96638.2 37126.7 4896.7 1116.7 2410.57
 230400 32019 11079 1461.23 1052.57
 82550.8 69124.9 7834.41 2710.8 615.075
 27502.8 20293.8 11355.7 1287.02 546.368
 37713.2 9403.06 6448.24 3608.21 582.548
 55383 10278.7 1898.7 1302.05 846.212
 115860 13901.1 1760.26 325.157 367.895
 129858 39381.3 4365.72 552.821 217.657
 123600 35224.2 7876.41 873.16 154.099
 107344 34365.7 7402.07 1655.16 215.87
 124079 26180.5 5556.79 1196.88 302.537
 436099 36183.7 6052.08 1284.55 346.617
 180429 124516 8018.42 1341.16 361.472
 518461 58967.6 36152.1 2328.07 494.344
 535064 161423 15538.5 9526.39 743.732
 372286 157739 38135.4 3670.88 2426.26
 483183 115218 41069.9 9929.15 1587.49
 584516 155522 32447.1 11565.9 3243.25
 127133 179488 39862.7 8316.7 3795.81
 397384 42309.1 54035.7 12000.8 3646.52
 329109 131892 12669 16180.4 4685.43
 168576 110405 40346.7 3875.54 6383.01
 381695 57769.1 35243.7 12879.6 3274.77
 374557 128312 17745.8 10826.3 4962.36
 99081.7 127474 40399 5587.22 4971.04
 104202 34144.9 41151 13041.6 3408.41
 347705 34803.6 10354.3 12478.8 4988.37
pred_Ctot
 26390.7 10004.8 3680.57 1354.01 788
 5912.69 21910.4 3879.56 1427.21 830.602
 6649.96 3313.91 5588.25 989.482 575.856
 22425.4 7094.92 1618.01 2728.45 764.272
 6121.4 4507.97 594.565 135.591 292.695
 27314.9 7005.68 2424.05 319.712 230.3
 17885.9 25785.3 2922.43 1011.19 229.438
 1235.39 1769.28 990.025 112.206 47.6341
 6329.95 2813.74 1929.55 1079.71 174.32
 11472.8 3691.1 681.823 467.567 303.875
 5605.45 1302.32 164.91 30.4623 34.4662
 22101.4 11929.6 1322.48 167.463 65.9338
 19519.2 9987.14 2233.2 247.568 43.6917
 23642.2 12997.6 2799.56 626.003 81.6447
 16569.4 6385.25 1355.26 291.911 73.7868
 62999.3 9473.98 1584.62 336.334 90.7548
 12853.8 16912.6 1089.12 182.166 49.0975
 51049.3 10865.5 6661.44 428.974 91.0885
 68407.9 37842.7 3642.71 2233.29 174.354
 37882.5 29969.3 7245.45 697.441 460.972
 38618.4 17453.8 6221.48 1504.12 240.481
 61979.5 30699.8 6405.01 2283.09 640.213
 7727.56 20949.2 4652.63 970.696 443.034
 24775.3 5059.75 6462.14 1435.18 436.088
 18468.9 14257.4 1369.51 1749.09 506.492
 7339.19 9337.93 3412.49 327.79 539.87
 20954.4 6114.12 3730.09 1363.14 346.592
 17842.2 11841.6 1637.71 999.132 457.964
 3982.26 9975.77 3161.52 437.241 389.02
 6113.72 3852.36 4642.81 1471.4 384.55
 14866 2892.32 860.48 1037.04 414.553
F
 0.114445 0.22889 0.22889 0.22889 0.22889
 0.15685 0.313701 0.313701 0.313701 0.313701
 0.14775 0.295501 0.295501 0.295501 0.295501
 0.295053 0.590106 0.590106 0.590106 0.590106
 0.104643 0.209287 0.209287 0.209287 0.209287
 0.203903 0.407806 0.407806 0.407806 0.407806
 0.403098 0.806196 0.806196 0.806196 0.806196
 0.0732543 0.146509 0.146509 0.146509 0.146509
 0.299933 0.599866 0.599866 0.599866 0.599866
 0.382308 0.764617 0.764617 0.764617 0.764617
 0.0790912 0.158182 0.158182 0.158182 0.158182
 0.304709 0.609419 0.609419 0.609419 0.609419
 0.279987 0.559974 0.559974 0.559974 0.559974
 0.41102 0.822039 0.822039 0.822039 0.822039
 0.232306 0.464612 0.464612 0.464612 0.464612
 0.253433 0.506866 0.506866 0.506866 0.506866
 0.11835 0.236701 0.236701 0.236701 0.236701
 0.166834 0.333668 0.333668 0.333668 0.333668
 0.221444 0.442888 0.442888 0.442888 0.442888
 0.172834 0.345667 0.345667 0.345667 0.345667
 0.133608 0.267216 0.267216 0.267216 0.267216
 0.180673 0.361346 0.361346 0.361346 0.361346
 0.100232 0.200465 0.200465 0.200465 0.200465
 0.102923 0.205845 0.205845 0.205845 0.205845
 0.0922362 0.184472 0.184472 0.184472 0.184472
 0.0709322 0.141864 0.141864 0.141864 0.141864
 0.0901541 0.180308 0.180308 0.180308 0.180308
 0.0778318 0.155664 0.155664 0.155664 0.155664
 0.0653317 0.130663 0.130663 0.130663 0.130663
 0.0966072 0.193214 0.193214 0.193214 0.193214
 0.0696206 0.139241 0.139241 0.139241 0.139241
nmprior
 8 9 7.5 0
nm_flota  nm_reclas  nm_pelaces    nm_pelaL
inf 7.13076 6.80964 9.99422
cv_recla  cv_pelaces  cv_mph
0.409285 0.56857 1.63262
 ------------------------------------------------
Talla a la edad & desviación 
 8 13.2811 15.8009 17.003 17.5766
 0.8 1.32811 1.58009 1.7003 1.75766
