    unsorted:	 2.354632868e-06 2.282435858e-06 6.038049072e-05 5.393828216e-05 1.885443583e-05 8.297643401e-05 0.001099993624 13.20517361 62.11074339 162.7892236 140.4261317 232.6892022 273.9661019 361.1804556 485.8755499 616.6943652 680.6527943 803.1720946 885.1194164 904.4523039 936.7743332 1101.536437 1211.140028 1287.225514 1457.416341 1537.407027 1897.128094 1973.415548 2039.075054 2179.248136 2423.365280 2329.516418 2479.267431 2544.672789 2594.823815 2741.119787 3022.013225 3139.319402 3315.806619 3635.361403 3809.294638 4168.246387 5238.839264 8636.424112 38083.73048 158319.6758 412597.3780 408511.3296 402355.0694 397520.0984 380007.0177 363321.8876 465708.9589 463230.3180 470967.2506 449971.8395 330791.2590 537403.6190 573081.1174 591377.4788 628657.0656 673803.8669 831871.3875 903307.8607 1031072.716 1080516.338 1365391.304 1474620.896 1571153.154 1667617.854 2123992.045 2269385.619 2358807.074 2688892.030 2924163.507 3056033.775 3296632.590
      sorted:	 2.282435858e-06 2.354632868e-06 1.885443583e-05 5.393828216e-05 6.038049072e-05 8.297643401e-05 0.001099993624 13.20517361 62.11074339 140.4261317 162.7892236 232.6892022 273.9661019 361.1804556 485.8755499 616.6943652 680.6527943 803.1720946 885.1194164 904.4523039 936.7743332 1101.536437 1211.140028 1287.225514 1457.416341 1537.407027 1897.128094 1973.415548 2039.075054 2179.248136 2329.516418 2423.365280 2479.267431 2544.672789 2594.823815 2741.119787 3022.013225 3139.319402 3315.806619 3635.361403 3809.294638 4168.246387 5238.839264 8636.424112 38083.73048 158319.6758 330791.2590 363321.8876 380007.0177 397520.0984 402355.0694 408511.3296 412597.3780 449971.8395 463230.3180 465708.9589 470967.2506 537403.6190 573081.1174 591377.4788 628657.0656 673803.8669 831871.3875 903307.8607 1031072.716 1080516.338 1365391.304 1474620.896 1571153.154 1667617.854 2123992.045 2269385.619 2358807.074 2688892.030 2924163.507 3056033.775 3296632.590
