    unsorted:	 3.094493367e-05 0.001099979701 1.431252363 10.57514416 4.134715137 7.830657568 15.03800133 15.54862197 62.96326537 56.32758042 91.16335257 108.5349332 152.4788303 215.5692204 299.4215690 374.2212765 412.8902143 436.9062628 457.6491377 491.3588521 775.9853927 760.7343151 798.7254309 682.2948260 625.6797958 868.9404382 1005.817497 1007.158799 1000.227012 984.4688574 954.5542141 1119.000154 1137.371193 1162.271606 1250.288601 1423.042465 1429.075396 1506.127140 1719.926298 1894.352242 1931.457931 2132.911556 2652.264779 21631.20870 32305.12487 157326.7662 290427.2441 287709.2376 296363.6439 259787.1054 248273.2334 314926.8168 323450.5017 341510.7032 473135.9215 518850.1725 662965.3868 806866.1519 801914.2443 771075.2527 873467.8421 1049231.434 1342893.346 1518929.548 1609620.881 1713919.830 1809735.127 2011188.377 2127746.475 2320837.942 2539781.863 2684983.583 2918956.707 3054270.465 3647458.428 3863694.027 5368631.761
      sorted:	 3.094493367e-05 0.001099979701 1.431252363 4.134715137 7.830657568 10.57514416 15.03800133 15.54862197 56.32758042 62.96326537 91.16335257 108.5349332 152.4788303 215.5692204 299.4215690 374.2212765 412.8902143 436.9062628 457.6491377 491.3588521 625.6797958 682.2948260 760.7343151 775.9853927 798.7254309 868.9404382 954.5542141 984.4688574 1000.227012 1005.817497 1007.158799 1119.000154 1137.371193 1162.271606 1250.288601 1423.042465 1429.075396 1506.127140 1719.926298 1894.352242 1931.457931 2132.911556 2652.264779 21631.20870 32305.12487 157326.7662 248273.2334 259787.1054 287709.2376 290427.2441 296363.6439 314926.8168 323450.5017 341510.7032 473135.9215 518850.1725 662965.3868 771075.2527 801914.2443 806866.1519 873467.8421 1049231.434 1342893.346 1518929.548 1609620.881 1713919.830 1809735.127 2011188.377 2127746.475 2320837.942 2539781.863 2684983.583 2918956.707 3054270.465 3647458.428 3863694.027 5368631.761
