years
 1991 1992 1993 1994 1995 1996 1997 1998 1999 2000 2001 2002 2003 2004 2005 2006 2007 2008 2009 2010 2011 2012 2013 2014 2015 2016 2017 2018 2019 2020 2021
reclasobs
 0 0 0 0 0 0 0 0 0 252601 567819 844713 477998 351125 339783 2.1784e+06 2.13404e+06 4.81314e+06 1.55562e+06 2.62356e+06 3.21686e+06 3.843e+06 1.13348e+06 3.07943e+06 1.97215e+06 2.03268e+06 2.025e+06 2.42433e+06 2.27542e+06 1.05018e+06 2.36338e+06
reclaspred
 3.29256e+06 1.81964e+06 921676 937761 943697 1.54758e+06 913587 796906 571016 399168 503379 668440 654697 494509 494319 1.32692e+06 1.20712e+06 2.94555e+06 2.37597e+06 1.79443e+06 3.11679e+06 2.52325e+06 1.94919e+06 3.04052e+06 2.27212e+06 2.01003e+06 2.40763e+06 2.59735e+06 2.07639e+06 1.26249e+06 2.00563e+06
pelacesobs
 0 0 0 0 0 0 0 0 0 0 0 0 0 0 0 552880 188675 0 991730 2.46772e+06 1.41603e+06 1.21717e+06 2.29649e+06 1.80582e+06 0 1.4828e+06 1.56532e+06 1.57751e+06 1.42118e+06 867257 0
pelacespred
 1.84988e+06 1.1262e+06 562684 471245 504731 857942 452541 510613 342659 223314 299158 328372 355208 276996 287212 647184 590845 1.68659e+06 1.37779e+06 953066 1.6528e+06 1.4185e+06 1.10979e+06 1.91719e+06 1.36483e+06 1.21115e+06 1.6622e+06 1.76969e+06 1.16118e+06 794704 1.1955e+06
mphobs
 0 0 0 0 0 0 0 0 0 0 0 498337 0 5186 125008 0 168611 109162 213762 579715 649985 157893 87575 83554 0 0 0 0 0 0 0
mphpred
 506626 338463 165388 91194.1 100271 117005 155221 88866.4 79760.8 52168.6 33083.6 60731.9 65023.7 53683 34189.1 43760.9 150937 135484 293932 212571 233622 284266 269206 217361 307906 254480 208724 224810 320435 209797 111336
desembarqueobs
 494567 514787 250237 358949 120608 361735 552515 73892 212993 205616 52469 317467 293654 387597 252695 516296 358380 742168 942051 627588 828172 859565 418607 520667 417249 300574 407403 355545 319650 289779 219260
desembarquepred
 494573 513690 250772 358983 120614 361748 552560 73897.1 213052 205671 52471.9 317536 293701 387608 252680 516241 358408 742046 941816 627420 828253 859562 418612 520693 417243 300574 407400 355524 319636 289787 219263
Reclutas
 180158 100505 101124 161114 129547 226222 91666 40248.1 38449.8 51273.2 96061 134140 111718 78572.2 74822 398112 79140.1 627309 356783 295677 396111 542766 109425 319961 275160 121548 271510 306610 86583.7 64837.8 300661
log_desv_Rt
 0.173169 -0.410454 -0.404314 0.0614499 -0.156618 0.400853 -0.502513 -1.3256 -1.37131 -1.0835 -0.455681 -0.121781 -0.304685 -0.656647 -0.705553 0.966068 -0.649445 1.42077 0.856464 0.668603 0.96103 1.27601 -0.325427 0.747534 0.596688 -0.220356 0.583336 0.704913 -0.559553 -0.848777 0.685319
SSB
 2.47385e+06 1.65272e+06 807591 445300 489624 571335 757941 433935 389472 254739 161547 296554 317510 262134 166945 213684 737026 661570 1.43527e+06 1.03798e+06 1.14078e+06 1.38807e+06 1.31453e+06 1.06137e+06 1.5035e+06 1.24262e+06 1.0192e+06 1.09775e+06 1.56468e+06 1.02444e+06 543653
BT
 3.41569e+06 2.33029e+06 1.15701e+06 1.06208e+06 912725 1.69792e+06 1.22713e+06 892633 767081 559646 529988 797109 841724 851297 718552 1.46675e+06 1.23763e+06 3.39063e+06 3.13493e+06 2.10099e+06 3.35128e+06 3.09715e+06 2.16257e+06 3.59366e+06 2.5973e+06 2.22904e+06 3.11115e+06 3.22584e+06 2.14706e+06 1.57113e+06 2.12623e+06
Ftot
 0.170857 0.313659 0.306921 0.464492 0.155114 0.29476 0.669556 0.111473 0.441143 0.602674 0.138192 0.578466 0.543102 0.927975 0.653437 0.524759 0.344831 0.334004 0.473503 0.423551 0.328945 0.41797 0.248656 0.220191 0.220175 0.177085 0.215662 0.177363 0.173856 0.261952 0.146225
BD_Bspro_t
 0.973113 0.81091 0.625628 0.530117 0.523631 0.60932 0.601765 0.419374 0.477786 0.422825 0.382159 0.61745 0.496242 0.401666 0.289519 0.344372 0.528956 0.489702 0.610898 0.501862 0.478025 0.524062 0.539623 0.526416 0.642046 0.652136 0.659337 0.702777 0.757809 0.675493 0.609087
BD_Bspro
 2.29302 1.5319 0.748556 0.412749 0.453833 0.529571 0.702536 0.402214 0.361001 0.236118 0.149738 0.274876 0.2943 0.242972 0.154742 0.198064 0.68315 0.61321 1.33035 0.962106 1.05738 1.2866 1.21844 0.983787 1.3936 1.15179 0.944695 1.0175 1.45031 0.94955 0.503912
BD_Bo
 1.54201 1.03018 0.50339 0.277566 0.305194 0.356127 0.472442 0.270481 0.242767 0.158785 0.100696 0.184849 0.197912 0.163394 0.104061 0.133194 0.459406 0.412372 0.894637 0.646999 0.711072 0.865217 0.819379 0.661579 0.937168 0.774556 0.63529 0.684251 0.975304 0.638555 0.338872
BD_Brms
 2.80366 1.87305 0.915255 0.504666 0.554898 0.647503 0.858986 0.491784 0.441394 0.2887 0.183084 0.336089 0.359839 0.29708 0.189201 0.242171 0.835283 0.749767 1.62661 1.17636 1.29286 1.57312 1.48978 1.20287 1.70394 1.40828 1.15507 1.24409 1.77328 1.16101 0.61613
Sel_flota
 0.740632 0.981902 0.999031 0.999949 0.999997
 0.740632 0.981902 0.999031 0.999949 0.999997
 0.740632 0.981902 0.999031 0.999949 0.999997
 0.740632 0.981902 0.999031 0.999949 0.999997
 0.740632 0.981902 0.999031 0.999949 0.999997
 0.740632 0.981902 0.999031 0.999949 0.999997
 0.740632 0.981902 0.999031 0.999949 0.999997
 0.740632 0.981902 0.999031 0.999949 0.999997
 0.740632 0.981902 0.999031 0.999949 0.999997
 0.740632 0.981902 0.999031 0.999949 0.999997
 0.740632 0.981902 0.999031 0.999949 0.999997
 0.740632 0.981902 0.999031 0.999949 0.999997
 0.740632 0.981902 0.999031 0.999949 0.999997
 0.740632 0.981902 0.999031 0.999949 0.999997
 0.740632 0.981902 0.999031 0.999949 0.999997
 0.740632 0.981902 0.999031 0.999949 0.999997
 0.740632 0.981902 0.999031 0.999949 0.999997
 0.740632 0.981902 0.999031 0.999949 0.999997
 0.740632 0.981902 0.999031 0.999949 0.999997
 0.740632 0.981902 0.999031 0.999949 0.999997
 0.740632 0.981902 0.999031 0.999949 0.999997
 0.740632 0.981902 0.999031 0.999949 0.999997
 0.740632 0.981902 0.999031 0.999949 0.999997
 0.740632 0.981902 0.999031 0.999949 0.999997
 0.740632 0.981902 0.999031 0.999949 0.999997
 0.740632 0.981902 0.999031 0.999949 0.999997
 0.740632 0.981902 0.999031 0.999949 0.999997
 0.740632 0.981902 0.999031 0.999949 0.999997
 0.740632 0.981902 0.999031 0.999949 0.999997
 0.740632 0.981902 0.999031 0.999949 0.999997
 0.740632 0.981902 0.999031 0.999949 0.999997
Sel_reclas
 1 1 1 1 1
 1 1 1 1 1
 1 1 1 1 1
 1 1 1 1 1
 1 1 1 1 1
 1 1 1 1 1
 1 1 1 1 1
 1 1 1 1 1
 1 1 1 1 1
 1 1 1 1 1
 1 1 1 1 1
 1 1 1 1 1
 1 1 1 1 1
 1 1 1 1 1
 1 1 1 1 1
 1 1 1 1 1
 1 1 1 1 1
 1 1 1 1 1
 1 1 1 1 1
 1 1 1 1 1
 1 1 1 1 1
 1 1 1 1 1
 1 1 1 1 1
 1 1 1 1 1
 1 1 1 1 1
 1 1 1 1 1
 1 1 1 1 1
 1 1 1 1 1
 1 1 1 1 1
 1 1 1 1 1
 1 1 1 1 1
Sel_pelaces
 1 1 1 1 1
 1 1 1 1 1
 1 1 1 1 1
 1 1 1 1 1
 1 1 1 1 1
 1 1 1 1 1
 1 1 1 1 1
 1 1 1 1 1
 1 1 1 1 1
 1 1 1 1 1
 1 1 1 1 1
 1 1 1 1 1
 1 1 1 1 1
 1 1 1 1 1
 1 1 1 1 1
 1 1 1 1 1
 1 1 1 1 1
 1 1 1 1 1
 1 1 1 1 1
 1 1 1 1 1
 1 1 1 1 1
 1 1 1 1 1
 1 1 1 1 1
 1 1 1 1 1
 1 1 1 1 1
 1 1 1 1 1
 1 1 1 1 1
 1 1 1 1 1
 1 1 1 1 1
 1 1 1 1 1
 1 1 1 1 1
pf_obs 
 0.8446 0.082 0.0669 0.0065 0
 0.8095 0.147 0.0364 0.0071 0
 0.9664 0.0169 0.016 0.0007 0
 0.9276 0.0648 0.0075 0.0001 0
 0.7033 0.2144 0.0806 0.0017 0
 0.9318 0.0425 0.0243 0.0014 0
 0.5671 0.3108 0.0964 0.0239 0.0018
 0.0768 0.2599 0.5324 0.112 0.0189
 0.490249 0.384438 0.106611 0.0170017 0.00170017
 0.7925 0.1577 0.0466 0.003 0.0002
 0.840416 0.127587 0.0312969 0.00059994 9.999e-05
 0.8084 0.0986 0.0794 0.0134 0.0002
 0.7335 0.1905 0.0724 0.0035 0.0001
 0.4001 0.4547 0.1325 0.0127 0
 0.49795 0.308269 0.164784 0.0264974 0.00249975
 0.9179 0.0499 0.0305 0.0017 0
 0.2467 0.6533 0.0926 0.0074 0
 0.9418 0.0223 0.034 0.0019 0
 0.707729 0.231977 0.0356964 0.0245975 0
 0.517169 0.277429 0.184464 0.0207286 0.00020938
 0.811772 0.124168 0.05621 0.00726502 0.000585176
 0.764997 0.148141 0.077277 0.00933861 0.000247198
 0.163321 0.427699 0.378323 0.0303852 0.000271297
 0.753843 0.0900009 0.118128 0.0371064 0.000921714
 0.721811 0.176058 0.0630433 0.0369309 0.00215725
 0.143369 0.312575 0.442814 0.0836902 0.0175525
 0.692698 0.0596174 0.167031 0.0765114 0.00414204
 0.394062 0.376323 0.152708 0.0712218 0.00568511
 0.125707 0.32114 0.495352 0.0537591 0.00404204
 0.23352 0.215282 0.420074 0.123614 0.00750983
 0 0 0 0 0
pf_pred 
 0.463417 0.131366 0.381017 0.0241994 8.36673e-07
 0.419194 0.313364 0.0663836 0.189062 0.0119966
 0.572142 0.213472 0.116761 0.0242513 0.0733735
 0.735279 0.171707 0.0468778 0.0251397 0.0209965
 0.652831 0.276471 0.046209 0.0123491 0.0121396
 0.747332 0.180879 0.0573833 0.0094193 0.00498687
 0.468358 0.426622 0.0756039 0.0235183 0.00589802
 0.456002 0.3051 0.19261 0.0333348 0.0129535
 0.539622 0.243388 0.122651 0.0760744 0.018265
 0.713907 0.178258 0.0575928 0.0284132 0.0218295
 0.826402 0.135812 0.0237517 0.00750006 0.00653472
 0.742984 0.222168 0.0273716 0.00470163 0.00277546
 0.689326 0.250169 0.0524631 0.00631809 0.00172378
 0.639661 0.273851 0.0699492 0.0143431 0.00219594
 0.750323 0.182185 0.0516258 0.0128361 0.00303064
 0.937951 0.0504816 0.00849493 0.00235101 0.000721645
 0.372479 0.59955 0.0228506 0.00376123 0.00135883
 0.906826 0.041865 0.0490659 0.00183285 0.000410235
 0.592372 0.379524 0.0127677 0.0146672 0.000669799
 0.627553 0.249926 0.114246 0.0037615 0.00451325
 0.73146 0.188574 0.0540305 0.0241864 0.00174978
 0.746479 0.200219 0.0376547 0.0105758 0.00507129
 0.316954 0.54925 0.106133 0.0195481 0.00811389
 0.740006 0.100495 0.128737 0.0244077 0.00635493
 0.62768 0.296003 0.0298415 0.0375192 0.00895644
 0.429868 0.39627 0.138768 0.0137308 0.021363
 0.728704 0.136649 0.0941114 0.0323602 0.0081755
 0.684488 0.247641 0.0345072 0.0233262 0.010037
 0.333362 0.49635 0.134193 0.0183607 0.0177345
 0.418645 0.233731 0.260041 0.0690332 0.0185501
 0.853305 0.0728645 0.0300282 0.0327752 0.0110275
pobs_RECLAS
 0 0 0 0 0
 0 0 0 0 0
 0 0 0 0 0
 0 0 0 0 0
 0 0 0 0 0
 0 0 0 0 0
 0 0 0 0 0
 0 0 0 0 0
 0 0 0 0 0
 0 0 0 0 0
 0.991045 0.00858322 0.000360255 1.14367e-05 0
 0.934742 0.0480273 0.0164251 0.00080598 0
 0.827803 0.169806 0.00239088 0 0
 0.941827 0.0461693 0.0120037 0 0
 0.791401 0.0380133 0.147996 0.0225897 0
 0.846168 0.0940531 0.0597789 0 0
 0.134021 0.677848 0.182769 0.00536245 0
 0.80878 0.0450904 0.141981 0.00414843 0
 0.846168 0.0940531 0.0597789 0 0
 0.905697 0.0802665 0.012482 0.00150086 5.37128e-05
 0.989698 0.0102097 9.19794e-05 0 0
 0.975433 0.0193895 0.00387452 0.00125025 5.28907e-05
 0.303575 0.632131 0.0575291 0.00676475 0
 0.966965 0.00978017 0.0227588 0.000495775 0
 0.843318 0.132988 0.00938335 0.0141283 0.000182051
 0.564624 0.303363 0.111486 0.0197234 0.00080311
 0.826376 0.0876187 0.0782897 0.00655872 0.00115652
 0.89761 0.0855135 0.0140674 0.00269457 0.000114338
 0.34875 0.467042 0.161289 0.0227151 0.000203297
 0.318654 0.224769 0.449479 0.00709798 0
 0.937255 0.0296025 0.0250945 0.00804832 0
ppred_RECLAS
 0.53806 0.114604 0.32661 0.0207246 7.16499e-07
 0.493055 0.275852 0.0574022 0.163328 0.0103632
 0.643207 0.179647 0.0965221 0.0200286 0.0605946
 0.789641 0.137341 0.0368181 0.0197257 0.016474
 0.715158 0.227658 0.0373886 0.00998259 0.00981274
 0.79879 0.144776 0.0451183 0.00739903 0.00391708
 0.544727 0.366709 0.0637752 0.0198189 0.00497
 0.528883 0.266271 0.165186 0.0285621 0.0110984
 0.613345 0.206203 0.102042 0.0632302 0.0151804
 0.772293 0.142897 0.0453167 0.0223347 0.0171586
 0.864037 0.10678 0.0183502 0.00578905 0.00504369
 0.796222 0.176593 0.0213569 0.00366488 0.00216333
 0.74989 0.202124 0.0416131 0.00500652 0.00136587
 0.709406 0.221895 0.055573 0.0113833 0.0017427
 0.803318 0.144249 0.040116 0.00996442 0.0023525
 0.953292 0.0381315 0.00629974 0.00174178 0.000534613
 0.442738 0.532849 0.0199474 0.00328024 0.001185
 0.929283 0.0320889 0.0369406 0.0013786 0.000308548
 0.66151 0.315557 0.0104238 0.0119629 0.000546277
 0.694437 0.206268 0.0925956 0.00304573 0.00365424
 0.785444 0.151479 0.0426321 0.0190658 0.00137926
 0.798483 0.159761 0.0295066 0.00827937 0.00396989
 0.383102 0.497792 0.0944999 0.017389 0.00721736
 0.793154 0.0808286 0.101731 0.0192694 0.00501685
 0.692775 0.24516 0.0242829 0.0305019 0.00728092
 0.502251 0.347829 0.119682 0.0118312 0.0184066
 0.783119 0.110214 0.0745764 0.025619 0.00647209
 0.743519 0.202086 0.0276686 0.0186859 0.00803994
 0.400691 0.448238 0.119073 0.0162768 0.0157209
 0.492668 0.206169 0.22534 0.0597648 0.0160588
 0.886457 0.0569109 0.023046 0.0251309 0.00845512
pobs_PELACES
 0 0 0 0 0
 0 0 0 0 0
 0 0 0 0 0
 0 0 0 0 0
 0 0 0 0 0
 0 0 0 0 0
 0 0 0 0 0
 0 0 0 0 0
 0 0 0 0 0
 0 0 0 0 0
 0 0 0 0 0
 0 0 0 0 0
 0 0 0 0 0
 0 0 0 0 0
 0 0 0 0 0
 0 0 0 0 0
 0.505614 0.472636 0.0217494 0 0
 0 0 0 0 0
 0.443492 0.261883 0.143347 0.151278 0
 0.227955 0.32914 0.350689 0.0885471 0.00366901
 0.970185 0.0296113 0.000203453 0 0
 0.997202 0.00247181 0.000326279 0 0
 0.445219 0.490057 0.0546422 0.010081 0
 0.90214 0.0892962 0.00764917 0.000914606 0
 0 0 0 0 0
 0.581667 0.319106 0.0959925 0.00289975 0.000334073
 0.762889 0.0836404 0.116647 0.0363945 0.000428098
 0.88444 0.0763242 0.0277011 0.0115352 0
 0.521256 0.241999 0.230069 0.00667565 0
 0.616807 0.101726 0.260614 0.0208532 0
 0 0 0 0 0
ppred_PELACES
 0.54162 0.113804 0.324016 0.0205589 7.10769e-07
 0.499508 0.27257 0.0566187 0.161083 0.0102207
 0.648997 0.176888 0.0948751 0.019685 0.0595548
 0.795871 0.133399 0.0356675 0.0191066 0.0159568
 0.717704 0.225664 0.0370287 0.00988602 0.00971779
 0.80261 0.142094 0.0442088 0.00724923 0.00383776
 0.558097 0.356206 0.0617145 0.0191746 0.00480838
 0.531163 0.265055 0.164328 0.0284129 0.0110404
 0.621921 0.20187 0.0996484 0.061739 0.0148223
 0.780844 0.13771 0.0435232 0.0214468 0.0164764
 0.865344 0.105771 0.0181627 0.00572965 0.00499192
 0.803663 0.17022 0.0205189 0.00352047 0.00207807
 0.758021 0.195669 0.0401607 0.00483098 0.00131797
 0.724648 0.21052 0.0524482 0.0107403 0.00164422
 0.811561 0.138341 0.0383312 0.00951921 0.00224736
 0.955142 0.0366421 0.00603575 0.00166852 0.000512124
 0.449543 0.526388 0.0196671 0.00323381 0.00116823
 0.931077 0.0313071 0.0359727 0.00134234 0.000300431
 0.66994 0.307755 0.0101389 0.0116343 0.000531266
 0.701708 0.201516 0.0902463 0.00296807 0.00356104
 0.789917 0.148403 0.0416889 0.0186421 0.00134861
 0.803863 0.155573 0.0286653 0.0080423 0.00385619
 0.387856 0.494091 0.0936655 0.0172342 0.00715306
 0.79614 0.0797229 0.100214 0.0189809 0.00494172
 0.696548 0.242211 0.0239611 0.0300956 0.00718391
 0.505852 0.345418 0.118734 0.0117368 0.0182597
 0.786123 0.108753 0.0734984 0.0252471 0.0063781
 0.746244 0.199983 0.0273531 0.0184719 0.00794784
 0.40408 0.445815 0.118313 0.0161721 0.0156197
 0.498104 0.204141 0.222794 0.0590848 0.015876
 0.887666 0.0563289 0.0227915 0.0248523 0.00836135
pobs_pel_tallas
 0 0 0 0 0 0 0 0 0 0 0 0 0 0 0 0 0 0 0 0 0 0 0 0 0 0
 0 0 0 0 0 0 0 0 0 0 0 0 0 0 0 0 0 0 0 0 0 0 0 0 0 0
 0 0 0 0 0 0 0 0 0 0 0 0 0 0 0 0 0 0 0 0 0 0 0 0 0 0
 0 0 0 0 0 0 0 0 0 0 0 0 0 0 0 0 0 0 0 0 0 0 0 0 0 0
 0 0 0 0 0 0 0 0 0 0 0 0 0 0 0 0 0 0 0 0 0 0 0 0 0 0
 0 0 0 0 0 0 0 0 0 0 0 0 0 0 0 0 0 0 0 0 0 0 0 0 0 0
 0 0 0 0 0 0 0 0 0 0 0 0 0 0 0 0 0 0 0 0 0 0 0 0 0 0
 0 0 0 0 0 0 0 0 0 0 0 0 0 0 0 0 0 0 0 0 0 0 0 0 0 0
 0 0 0 0 0 0 0 0 0 0 0 0 0 0 0 0 0 0 0 0 0 0 0 0 0 0
 0 0 0 0 0 0 0 0 0 0 0 0 0 0 0 0 0 0 0 0 0 0 0 0 0 0
 0 0 0 0 0 0 0 0 0 0 0 0 0 0 0 0 0 0 0 0 0 0 0 0 0 0
 0 0 0 0 0 0 0 0 0 0 0 0 0 0 0 0 0 0 0 0 0 0 0 0 0 0
 0.00862536 0 0 0.000197151 0.00414017 0.0128641 0.00837892 0.0270097 0.101434 0.158115 0.152841 0.127902 0.109271 0.109419 0.0830992 0.0579132 0.0238553 0.00714673 0.00463305 0.00128148 0.00103504 0.000492878 0.000147863 0.000147863 4.92878e-05 0
 0 0 0 0 0 0 0 0 0 0 0 0 0 0 0 0 0 0 0 0 0 0 0 0 0 0
 0 0 0 0 0 0 0 0.0054083 0.00873648 0.0413646 0.0450493 0.0745869 0.0622846 0.0627006 0.0613931 0.0827291 0.12552 0.122667 0.0946155 0.0697135 0.0546179 0.0294188 0.0215738 0.0213955 0.0102223 0.00600262
 0 0 0 0 0.00359764 0.0251062 0.0480494 0.140153 0.205849 0.193036 0.1447 0.116669 0.0760912 0.0342217 0.00950174 0.001854 0.000860785 0 0 0 0.000165536 0 0.000143464 0 0 0
 0 0 0 0 0 0 0 0.000145254 0.000435761 0.0275982 0.070085 0.0708112 0.156366 0.174668 0.174014 0.160142 0.0824315 0.0480064 0.0283245 0.00493863 0.00203355 0 0 0 0 0
 0 0 0 0 0 0 0 0 0 0 0 0 0 0 0 0 0 0 0 0 0 0 0 0 0 0
 0 0 1.00437e-05 0.000401748 0.00122533 0.00171747 0.00176769 0.0269171 0.070346 0.194647 0.189555 0.159765 0.064822 0.0314167 0.0384472 0.0292271 0.0345202 0.0313363 0.0194345 0.0106764 0.0143323 0.0359363 0.0279516 0.0138201 0.00172751 0
 0 0.0021121 0.0136068 0.0755702 0.200478 0.177729 0.0527432 0.0373336 0.0318909 0.0142505 0.0149659 0.0166563 0.0217959 0.0798694 0.0677717 0.0528807 0.04013 0.0224614 0.0357745 0.0225083 0.00881397 0.00855152 0.00135912 0.000746735 0 0
 0 0 0 0 5.4009e-05 0.00500934 0.000945158 0.0243581 0.138947 0.33067 0.221406 0.137944 0.0707744 0.0437923 0.0131692 0.00525238 0.0047753 0.00276346 9.45158e-05 9.00151e-06 2.25038e-05 9.00151e-06 4.50075e-06 0 0 0
 0.000866109 0.00284123 0.00948549 0.0512746 0.133035 0.25785 0.225252 0.132002 0.0553304 0.0519788 0.0540692 0.017754 0.00435017 0.00159236 0.00146478 0.000404838 0.000125132 0.000115318 0.000107957 0.000100596 0 0 0 0 0 0
 0 0 0 0 0.00144013 0.00171154 0.00461396 0.0210425 0.0478622 0.0707936 0.0888783 0.103762 0.0637923 0.0337046 0.0602308 0.124433 0.169614 0.0934646 0.0462172 0.0250306 0.0313229 0.00938855 0.002487 0.000210481 0 0
 0 0.00764035 0.051015 0.0998891 0.058973 0.0496711 0.0374665 0.0718981 0.12319 0.153886 0.159021 0.0857701 0.0377988 0.023471 0.0147837 0.00900784 0.00315554 0.000888139 0.00291439 0.00214683 0.00393193 0.00274676 0.000635225 9.99891e-05 0 0
 0 0 0 0 0 0 0 0 0 0 0 0 0 0 0 0 0 0 0 0 0 0 0 0 0 0
 0 0 0 0 0 0 0 0 0 0 0 0 0 0 0 0 0 0 0 0 0 0 0 0 0 0
 0 0 0 0 0 0 0 0 0 0 0 0 0 0 0 0 0 0 0 0 0 0 0 0 0 0
 0 0 0 0 0 0 0 0 0 0 0 0 0 0 0 0 0 0 0 0 0 0 0 0 0 0
 0 0 0 0 0 0 0 0 0 0 0 0 0 0 0 0 0 0 0 0 0 0 0 0 0 0
 0 0 0 0 0 0 0 0 0 0 0 0 0 0 0 0 0 0 0 0 0 0 0 0 0 0
 0 0 0 0 0 0 0 0 0 0 0 0 0 0 0 0 0 0 0 0 0 0 0 0 0 0
ppred_pel_tallas
 1.11442e-16 4.46125e-05 0.00043365 0.00288176 0.0131001 0.0407592 0.0868422 0.126751 0.126763 0.0868984 0.0409492 0.013655 0.00429769 0.00360085 0.00628253 0.0108954 0.0170375 0.0242215 0.0318751 0.0395664 0.0469615 0.0534739 0.0580101 0.0592269 0.0562367 0.0492364
 1.19588e-16 4.11439e-05 0.000399933 0.0026577 0.0120815 0.0375902 0.080091 0.116901 0.116927 0.0802198 0.0380231 0.0133329 0.00580366 0.00728469 0.0131697 0.0218553 0.0318529 0.0409074 0.0468209 0.0487668 0.0478446 0.0462954 0.0459627 0.0471861 0.0488249 0.0491602
 1.14836e-16 5.3457e-05 0.000519621 0.00345307 0.0156972 0.0488398 0.104059 0.151881 0.151898 0.104143 0.0491221 0.0165143 0.00551038 0.00503182 0.00868571 0.0144419 0.0211992 0.0275216 0.0319973 0.034035 0.0342041 0.0337582 0.0337244 0.0342884 0.0348544 0.0345679
 1.0568e-16 6.55548e-05 0.000637216 0.00423453 0.0192496 0.0598926 0.127608 0.18625 0.186263 0.127671 0.0601042 0.0198614 0.00577207 0.0039997 0.00646966 0.0106408 0.0154406 0.0196762 0.022188 0.0224706 0.0209726 0.018767 0.0168556 0.0156535 0.0149612 0.0142953
 1.03763e-16 5.91164e-05 0.000574632 0.00381863 0.017359 0.0540103 0.115075 0.167961 0.167982 0.115182 0.0543674 0.0183904 0.00640829 0.00622968 0.0108046 0.0177833 0.0256477 0.0323311 0.0357702 0.0350214 0.030819 0.0250618 0.0196563 0.0156183 0.012952 0.0111167
 1.02689e-16 6.611e-05 0.000642612 0.00427039 0.0194126 0.0603998 0.128689 0.187828 0.187841 0.128756 0.0606253 0.0200644 0.00590843 0.00422467 0.00688726 0.0113289 0.0164241 0.0208853 0.0234401 0.023493 0.021453 0.0184067 0.0154142 0.0129941 0.0111012 0.00944476
 1.04609e-16 4.59698e-05 0.000446843 0.00296943 0.0134986 0.0419994 0.0894854 0.130614 0.130648 0.0896532 0.0425631 0.0151271 0.00705807 0.00937579 0.0170138 0.0280813 0.0405112 0.051079 0.056524 0.0553413 0.0486614 0.0394462 0.0306751 0.0239446 0.0192943 0.0159433
 1.09528e-16 4.37512e-05 0.000425278 0.00282612 0.0128471 0.0399724 0.0851664 0.124308 0.124334 0.0852923 0.0403958 0.0140727 0.00591241 0.00719554 0.0129982 0.0216719 0.0318048 0.0412306 0.0477349 0.0502534 0.0493909 0.0467703 0.0437906 0.0408469 0.0375018 0.0332139
 1.11628e-16 5.12268e-05 0.000497943 0.00330901 0.0150423 0.0468022 0.0997178 0.145545 0.145565 0.0998136 0.0471242 0.015974 0.00565456 0.00564071 0.00988503 0.0164386 0.0240997 0.0312177 0.036153 0.0381926 0.0379386 0.0367701 0.035818 0.0352916 0.0345812 0.0328765
 1.06231e-16 6.43171e-05 0.000625185 0.00415458 0.0188861 0.0587618 0.125199 0.182734 0.182747 0.125264 0.0589805 0.0195185 0.00574436 0.00410368 0.00669452 0.0110297 0.0160367 0.0205011 0.0232393 0.0237334 0.0224339 0.0204146 0.0186611 0.0175534 0.0168548 0.0160652
 1.01971e-16 7.12773e-05 0.000692841 0.00460417 0.0209299 0.0651207 0.138747 0.202507 0.202518 0.138797 0.0652881 0.0214135 0.00581839 0.00334464 0.00511102 0.00834616 0.0120389 0.0151892 0.0168312 0.016526 0.0146186 0.0119959 0.00954336 0.00772492 0.00652941 0.00569287
 1.01341e-16 6.61967e-05 0.000643455 0.00427599 0.019438 0.060479 0.128858 0.188075 0.188091 0.128938 0.0607481 0.020215 0.00622609 0.00489952 0.00814622 0.0133546 0.0192124 0.0241194 0.026491 0.0255944 0.0219815 0.0171118 0.0124828 0.00894165 0.00657485 0.00503688
 1.01917e-16 6.24372e-05 0.000606912 0.00403314 0.0183341 0.0570443 0.12154 0.177395 0.177413 0.121632 0.0573541 0.0192292 0.00628073 0.00551627 0.00939453 0.0154537 0.0223047 0.0281489 0.0311893 0.0305845 0.0269281 0.0218129 0.0168487 0.0129116 0.0100582 0.00792444
 1.02923e-16 5.96883e-05 0.000580192 0.00385558 0.0175269 0.0545329 0.116189 0.169585 0.169605 0.116288 0.0548665 0.0184911 0.00627756 0.00587319 0.010129 0.0166952 0.0241473 0.0305806 0.0340864 0.0337723 0.0302649 0.0252322 0.0203311 0.0164187 0.0134887 0.0111226
 1.02477e-16 6.68472e-05 0.000649779 0.00431801 0.0196291 0.0610733 0.130124 0.189922 0.189936 0.130189 0.0612927 0.0202632 0.00591126 0.00413287 0.00669661 0.0110036 0.0159351 0.0202286 0.0226404 0.0225922 0.0204935 0.0174234 0.0144387 0.0120632 0.0102561 0.00872103
 1.00438e-16 7.86737e-05 0.000764737 0.00508195 0.0231018 0.0718783 0.153144 0.223519 0.223523 0.153162 0.0719362 0.0232693 0.0055024 0.00168284 0.00182305 0.00289131 0.00416199 0.00524335 0.00579452 0.00565981 0.00495581 0.00398878 0.00306804 0.00236128 0.00187556 0.00153209
 1.01225e-16 3.70284e-05 0.000359929 0.00239186 0.0108731 0.0338304 0.0720812 0.105215 0.105266 0.0723286 0.0346609 0.0132707 0.00840576 0.0134736 0.0248991 0.0409909 0.0587783 0.0733521 0.0797342 0.0756285 0.0628184 0.0460277 0.0301958 0.018257 0.0106855 0.00643829
 1.01232e-16 7.66916e-05 0.00074547 0.00495391 0.0225198 0.0700673 0.149286 0.217888 0.217891 0.149301 0.0701179 0.0226663 0.00532411 0.00156131 0.0016486 0.00266247 0.00396327 0.00526413 0.00631806 0.00699381 0.00731807 0.00739723 0.00729239 0.00696761 0.00634929 0.00542653
 1.01628e-16 5.51822e-05 0.00053639 0.0035645 0.0162037 0.050416 0.107418 0.156785 0.156815 0.107562 0.0509016 0.0176056 0.00708097 0.00820474 0.014595 0.0239792 0.0343938 0.042952 0.0467573 0.0444874 0.0372035 0.0276748 0.0187732 0.012169 0.00807046 0.00579485
 1.03557e-16 5.77988e-05 0.000561825 0.00373353 0.0169721 0.0528066 0.112511 0.164217 0.164236 0.112606 0.0531272 0.0178994 0.00606562 0.00566759 0.00979772 0.016218 0.0236158 0.0302318 0.0342875 0.0349206 0.0326299 0.0288135 0.0248121 0.0212461 0.0180463 0.0149196
 1.03339e-16 6.50645e-05 0.00063245 0.00420285 0.0191056 0.0594446 0.126653 0.184857 0.184872 0.126724 0.05968 0.0197861 0.00591292 0.00437168 0.00718473 0.0118229 0.0171391 0.0217952 0.0244723 0.0245654 0.0225239 0.0195008 0.0166048 0.014351 0.0126376 0.0110949
 1.02327e-16 6.62131e-05 0.000643615 0.00427705 0.0194429 0.060494 0.12889 0.188121 0.188136 0.128963 0.0607403 0.0201543 0.00606344 0.0045453 0.00748207 0.01228 0.0177201 0.0223616 0.0247826 0.0243288 0.021494 0.0175663 0.0138365 0.0109883 0.00902559 0.00759727
 1.05769e-16 3.19473e-05 0.000310539 0.00206364 0.00938106 0.0291882 0.0621903 0.0907786 0.0908263 0.0624232 0.0299703 0.0116405 0.007737 0.0127015 0.0235821 0.0389808 0.0562558 0.0709623 0.0785749 0.0769878 0.0677363 0.0548883 0.0425472 0.0329308 0.02614 0.0211706
 1.05653e-16 6.5577e-05 0.000637432 0.00423596 0.0192561 0.0599128 0.127651 0.186312 0.18632 0.127689 0.0600419 0.0196307 0.0051834 0.00272887 0.00410565 0.00686172 0.0102946 0.0138178 0.0168591 0.0191275 0.0207067 0.0218332 0.0225656 0.0226635 0.0217724 0.0197282
 1.04988e-16 5.73738e-05 0.000557694 0.00370607 0.0168473 0.0524183 0.111684 0.16301 0.163034 0.111798 0.0528011 0.0179531 0.00648164 0.0066163 0.0115629 0.0190244 0.0274033 0.0344803 0.0380484 0.037128 0.0325678 0.0264807 0.0209677 0.0171137 0.014839 0.0134201
 1.07782e-16 4.16664e-05 0.000405012 0.00269145 0.012235 0.0380677 0.0811085 0.118387 0.118421 0.0812717 0.0386162 0.0138207 0.00667735 0.00912404 0.0166528 0.0276008 0.0400742 0.0510602 0.0574935 0.0579354 0.0533665 0.0463872 0.0395149 0.0339497 0.0295386 0.0255591
 1.05761e-16 6.4752e-05 0.000629412 0.00418266 0.0190138 0.059159 0.126045 0.183969 0.183979 0.126097 0.0593331 0.0195177 0.00545251 0.00341765 0.00540784 0.00896338 0.0132019 0.0172277 0.0201671 0.0216164 0.0218364 0.0214667 0.0210066 0.0205019 0.0196429 0.0181015
 1.04039e-16 6.14672e-05 0.000597483 0.00397049 0.0180493 0.0561581 0.119651 0.174639 0.174658 0.119746 0.0564744 0.018963 0.00626435 0.00560605 0.00957701 0.0157453 0.0227015 0.0286095 0.031649 0.0310024 0.0273476 0.0223942 0.017843 0.0145746 0.0125382 0.0111793
 1.07794e-16 3.32836e-05 0.000323529 0.00214996 0.00977345 0.0304091 0.0647913 0.0945739 0.0946169 0.0650018 0.0311159 0.0118161 0.00728159 0.01154 0.0213769 0.035396 0.0512389 0.0649635 0.072552 0.0721292 0.0650247 0.0547559 0.0448001 0.0369293 0.0310816 0.0263252
 1.15094e-16 4.10282e-05 0.000398809 0.00265023 0.0120476 0.0374845 0.0798655 0.11657 0.11659 0.0799633 0.037814 0.0130035 0.00506538 0.00572322 0.0103065 0.0173766 0.0259733 0.0346528 0.0419323 0.0470943 0.050458 0.0528052 0.0544829 0.0550051 0.0534536 0.049242
 1.0458e-16 7.31159e-05 0.000710712 0.00472293 0.0214698 0.0668005 0.142326 0.20773 0.207735 0.142352 0.0668902 0.0217295 0.00537658 0.00214349 0.00281196 0.00458099 0.00670883 0.00869331 0.0100873 0.0107171 0.0107855 0.0107107 0.0108219 0.0111516 0.0114582 0.011413
pSPR Fmed_Fpbrs
0.582184   0.6 0.325
Fs Fmed_Fpbrs
0.309683   0.290768 0.715164
SSBpbr Bo_Bmed_Bpbrs
1.6043e+06  853785  882367 441184
Ro
151512
SPR SPRFo_SPRFmed_SPRFpbrs
1.07887e+06 628098 350631
Fref
0.290768
log_Ro
11.7484
likeval ReclasPelacesDesembMPH_pf_preclas_ppelaces_ptallas_desvR_qrecl_qpela
 13.1486 16.817 0.0477767 0.000815403 229.044 120.034 82.6363 0 24.1321 8.26929e-07 6.1721e-06 0.243019 6.84222e-16 0 0
q_reclas_q_pelaces
1.13753 1.42397
M
1
N
 180158 39172 111799 7094.63 0.245279
 100505 58398.6 12184.9 34674.9 2200.15
 101124 29309.3 15788.9 3276.72 9913.44
 161114 29637.3 7976.81 4274.58 3569.96
 129547 42018 6909.86 1845.03 1813.65
 226222 42485.5 13273.8 2177.08 1152.57
 91666 66900.6 11701.7 3637.57 912.212
 40248.1 20537.6 12753 2205.23 856.887
 38449.8 13633.1 6772.03 4197.14 1007.67
 51273.2 10202.5 3252.24 1603.33 1231.78
 96061 12071 2076.87 655.245 570.881
 134140 31900.9 3877.21 665.513 392.849
 111718 32151.3 6650.13 800.284 218.335
 78572.2 27487.8 6939.16 1422 217.701
 74822 14537.5 4065.59 1010.16 238.491
 398112 16965.1 2815.44 778.611 238.986
 79140.1 99293.4 3728.08 613.158 221.509
 627309 22552.1 26036.2 971.802 217.504
 356783 180200 5976.7 6860.7 313.292
 295677 92428.7 41642.9 1370.02 1643.75
 396111 79485.3 22433.4 10034.1 725.896
 542766 114213 21169.9 5941.29 2848.83
 109425 146513 27873.1 5129.54 2129.04
 319961 33484.2 42222.8 7998.45 2082.43
 275160 99994.8 9923.13 12465.7 2975.64
 121548 85994.5 29634.1 2929.72 4558
 271510 39218.7 26586.5 9134.1 2307.54
 306610 85138 11674.4 7884.91 3392.63
 86583.7 98910.7 26314.5 3597.37 3474.52
 64837.8 28004 30676.8 8137.1 2186.45
 300661 19646.1 7965.63 8686.84 2922.64
pred_Ctot
 13676.9 3877.04 11245 714.204 0.024693
 13421.4 10033 2125.41 6053.22 384.098
 13240.4 4940.11 2702.06 561.217 1697.99
 30484.2 7118.86 1943.52 1042.27 870.501
 8971.25 3799.29 635.008 169.702 166.823
 28548.8 6909.76 2192.1 359.827 190.504
 23579.3 21478.2 3806.26 1184.02 296.934
 2029.78 1358.07 857.352 148.381 57.6593
 6956.3 3137.53 1581.11 980.68 235.455
 12098.1 3020.83 975.99 481.5 369.931
 5957.07 978.99 171.212 54.0637 47.1051
 30589.6 9146.92 1126.92 193.572 114.269
 24161.9 8768.8 1838.91 221.458 60.421
 26083.4 11166.8 2852.32 584.87 89.544
 18868.6 4581.46 1298.25 322.794 76.2125
 83632.6 4501.21 757.452 209.628 64.3456
 11512.1 18530 706.233 116.247 41.9969
 88668.8 4093.53 4797.62 179.214 40.1125
 68636.6 43974.4 1479.36 1699.45 77.6079
 51624.1 20559.6 9398.21 309.431 371.272
 55223.9 14237 4079.21 1826.03 132.106
 93668.5 25123.6 4724.93 1327.06 636.348
 11810.4 20466.2 3954.75 728.403 302.341
 30842.4 4188.48 5365.59 1017.28 264.865
 26522.1 12507.3 1260.93 1585.34 378.447
 9545.87 8799.75 3081.56 304.912 474.397
 25668.6 4813.48 3315.08 1139.89 287.982
 24115.7 8724.83 1215.75 821.822 353.62
 6682.45 9949.65 2689.97 368.052 355.499
 7343.03 4099.63 4561.11 1210.84 325.368
 19680.8 1680.56 692.575 755.933 254.341
F
 0.126542 0.167764 0.170691 0.170848 0.170856
 0.232306 0.307983 0.313355 0.313643 0.313658
 0.227316 0.301366 0.306624 0.306905 0.30692
 0.344017 0.456085 0.464041 0.464468 0.46449
 0.114883 0.152307 0.154964 0.155106 0.155114
 0.218309 0.289426 0.294474 0.294745 0.294759
 0.495895 0.657439 0.668907 0.669522 0.669554
 0.0825608 0.109456 0.111365 0.111468 0.111473
 0.326725 0.433159 0.440715 0.44112 0.441142
 0.44636 0.591767 0.60209 0.602643 0.602672
 0.10235 0.135691 0.138058 0.138185 0.138192
 0.42843 0.567997 0.577905 0.578436 0.578464
 0.402239 0.533273 0.542575 0.543074 0.5431
 0.687288 0.911181 0.927076 0.927928 0.927973
 0.483956 0.641611 0.652803 0.653403 0.653435
 0.388653 0.515262 0.52425 0.524732 0.524758
 0.255393 0.33859 0.344496 0.344813 0.34483
 0.247374 0.327959 0.33368 0.333987 0.334003
 0.350691 0.464933 0.473044 0.473479 0.473502
 0.313696 0.415886 0.423141 0.42353 0.42355
 0.243627 0.322992 0.328626 0.328928 0.328944
 0.309562 0.410405 0.417565 0.417948 0.417969
 0.184163 0.244156 0.248415 0.248644 0.248656
 0.163081 0.216206 0.219978 0.22018 0.220191
 0.163069 0.216191 0.219962 0.220164 0.220175
 0.131155 0.17388 0.176913 0.177076 0.177084
 0.159726 0.211759 0.215453 0.215651 0.215662
 0.13136 0.174153 0.177191 0.177354 0.177362
 0.128763 0.170709 0.173687 0.173847 0.173855
 0.19401 0.257212 0.261698 0.261939 0.261952
 0.108299 0.143579 0.146084 0.146218 0.146225
nmprior
 8 9 7.5 0
nm_flota  nm_reclas  nm_pelaces    nm_pelaL
inf 13.6731 18.066 32.2281
cv_recla  cv_pelaces  cv_mph
0.327993 0.482546 0.881234
 ------------------------------------------------
Talla a la edad & desviación 
 8 13.2811 15.8009 17.003 17.5766
 0.8 1.32811 1.58009 1.7003 1.75766
