    unsorted:	 1.524843208e-05 0.0001324178645 0.001099982068 7.343961356 11.24601753 4.375514667 16.04283750 49.04530992 72.61213928 98.57745972 110.7657952 151.8033662 353.0324586 359.7119522 340.3814342 379.3829564 219.3495848 267.7472192 406.6743613 422.6503561 696.7948819 685.4628620 710.2419344 730.7477113 656.5141156 743.8555506 551.2815231 804.8716742 814.6581058 851.8766083 869.1273757 939.4979466 994.1916962 1027.054651 1092.759671 1125.066363 1153.757932 1175.236537 1210.665305 1227.903266 1415.726125 1755.893751 2662.936106 17439.75197 32178.82576 251678.9202 255582.1024 241469.1452 235952.5389 229418.9384 268749.0806 280049.0330 278389.7329 153653.9061 310311.9919 474926.1899 580939.2004 605656.2091 768220.5791 954671.3731 1119894.060 1435386.594 1697321.888 1955059.299 2045227.578 2138464.214 2365252.682 2678805.478 2811014.228 3101412.779 3454415.433 3514097.906 4110404.875 4281648.941 4781271.419 6596666.838 18512103.38
      sorted:	 1.524843208e-05 0.0001324178645 0.001099982068 4.375514667 7.343961356 11.24601753 16.04283750 49.04530992 72.61213928 98.57745972 110.7657952 151.8033662 219.3495848 267.7472192 340.3814342 353.0324586 359.7119522 379.3829564 406.6743613 422.6503561 551.2815231 656.5141156 685.4628620 696.7948819 710.2419344 730.7477113 743.8555506 804.8716742 814.6581058 851.8766083 869.1273757 939.4979466 994.1916962 1027.054651 1092.759671 1125.066363 1153.757932 1175.236537 1210.665305 1227.903266 1415.726125 1755.893751 2662.936106 17439.75197 32178.82576 153653.9061 229418.9384 235952.5389 241469.1452 251678.9202 255582.1024 268749.0806 278389.7329 280049.0330 310311.9919 474926.1899 580939.2004 605656.2091 768220.5791 954671.3731 1119894.060 1435386.594 1697321.888 1955059.299 2045227.578 2138464.214 2365252.682 2678805.478 2811014.228 3101412.779 3454415.433 3514097.906 4110404.875 4281648.941 4781271.419 6596666.838 18512103.38
