years
 1991 1992 1993 1994 1995 1996 1997 1998 1999 2000 2001 2002 2003 2004 2005 2006 2007 2008 2009 2010 2011 2012 2013 2014 2015 2016 2017 2018 2019 2020 2021
reclasobs
 0 0 0 0 0 0 0 0 0 252601 567819 844713 477998 351125 339783 2.1784e+06 2.13404e+06 4.81314e+06 1.55562e+06 2.62356e+06 3.21686e+06 3.843e+06 1.13348e+06 3.07943e+06 1.97215e+06 2.03268e+06 2.025e+06 2.42433e+06 2.27542e+06 1.05018e+06 2.36338e+06
reclaspred
 2.2036e+06 1.66321e+06 868635 619329 651359 957493 708146 617979 377610 280727 370858 531436 523893 426944 524005 929419 1.42803e+06 2.28177e+06 2.1202e+06 1.70238e+06 2.9797e+06 2.33441e+06 2.09188e+06 2.72024e+06 2.42844e+06 2.15118e+06 2.162e+06 2.18526e+06 2.3985e+06 1.50637e+06 1.7351e+06
pelacesobs
 0 0 0 0 0 0 0 0 0 0 0 0 0 0 0 552880 188675 0 991730 2.46772e+06 1.41603e+06 1.21717e+06 2.29649e+06 1.80582e+06 0 1.4828e+06 1.56532e+06 1.57751e+06 1.42118e+06 867257 0
pelacespred
 931750 780618 429891 260746 285489 412596 284223 295734 182450 126922 181282 211147 229517 198788 263518 388335 587539 1.0029e+06 1.03493e+06 791220 1.23593e+06 1.14488e+06 986620 1.37908e+06 1.254e+06 1.06785e+06 1.19741e+06 1.24096e+06 1.10179e+06 788203 860235
mphobs
 0 0 0 0 0 0 0 0 0 0 0 498337 0 5186 125008 0 168611 109162 213762 579715 649985 157893 87575 83554 0 0 0 0 0 0 0
mphpred
 1.64191e+06 1.78817e+06 940770 515625 473869 570837 749281 473699 408308 220899 195670 397670 391519 342139 271770 469928 968803 1.29648e+06 1.77684e+06 1.51015e+06 1.67413e+06 2.14947e+06 1.82762e+06 1.54951e+06 2.33609e+06 1.81339e+06 1.53119e+06 1.61299e+06 2.19484e+06 1.49217e+06 910940
desembarqueobs
 494567 514787 250237 358949 120608 361735 552515 73892 212993 205616 52469 317467 293654 387597 252695 516296 358380 742168 942051 627588 828172 859565 418607 520667 417249 300574 407403 355545 319650 289779 219260
desembarquepred
 494299 511598 251416 358844 120686 361614 552420 73902.8 212988 205525 52478.1 317462 294006 387553 252668 516499 358830 741911 942298 627561 828351 859065 417924 521062 417550 300376 407803 355630 319381 289532 219313
Reclutas
 423028 46168.2 91323.1 140027 137917 219649 104177 36772.1 27330.9 73200.7 124433 130144 127819 99152 132447 412636 203038 586769 507925 347855 539382 573415 158063 465016 319280 176724 359608 391823 112599 113218 423330
log_desv_Rt
 0.838723 -1.37642 -0.694311 -0.266881 -0.28206 0.183317 -0.562627 -1.60398 -1.90069 -0.91551 -0.384948 -0.340073 -0.358099 -0.612061 -0.322529 0.813852 0.104679 1.16592 1.02162 0.643072 1.08171 1.14289 -0.145721 0.933357 0.557353 -0.0341233 0.676301 0.762095 -0.484881 -0.479402 0.839437
SSB
 1.64191e+06 1.78817e+06 940770 515625 473869 570837 749281 473699 408308 220899 195670 397670 391519 342139 271770 469928 968803 1.29648e+06 1.77684e+06 1.51015e+06 1.67413e+06 2.14947e+06 1.82762e+06 1.54951e+06 2.33609e+06 1.81339e+06 1.53119e+06 1.61299e+06 2.19484e+06 1.49217e+06 910940
BT
 3.00849e+06 2.3311e+06 1.29907e+06 1.09286e+06 916713 1.67525e+06 1.25419e+06 908079 717210 617715 670136 912803 997489 1.0819e+06 1.23008e+06 1.8367e+06 2.01325e+06 4.0033e+06 4.10673e+06 2.81166e+06 4.69153e+06 4.09844e+06 3.01661e+06 5.22008e+06 3.70777e+06 3.23401e+06 4.33029e+06 4.36954e+06 2.96609e+06 2.3575e+06 3.1641e+06
Ftot
 0.211808 0.287481 0.271162 0.531252 0.175423 0.352914 0.698978 0.113733 0.516428 0.664604 0.134637 0.547026 0.516013 0.812507 0.449021 0.514603 0.236752 0.305102 0.412518 0.343991 0.261542 0.343392 0.188755 0.181554 0.16285 0.132598 0.178719 0.154512 0.126422 0.181703 0.120368
BD_Bspro_t
 0.966679 0.817772 0.638074 0.536765 0.519897 0.625062 0.609537 0.449136 0.49474 0.398804 0.43532 0.677081 0.549762 0.472478 0.404011 0.526011 0.606528 0.655858 0.672116 0.605065 0.584739 0.637305 0.633382 0.63805 0.747834 0.74457 0.754185 0.781408 0.820402 0.7591 0.727268
BD_Bspro
 1.261 1.37332 0.722515 0.396002 0.363933 0.438405 0.575451 0.363803 0.313582 0.169651 0.150276 0.305413 0.300688 0.262764 0.208721 0.360907 0.744045 0.995702 1.36462 1.1598 1.28574 1.65081 1.40362 1.19003 1.79412 1.3927 1.17596 1.23879 1.68565 1.14599 0.699606
BD_Bo
 0.890353 0.969662 0.510147 0.279606 0.256963 0.309545 0.40631 0.256871 0.221411 0.119786 0.106105 0.215643 0.212307 0.18553 0.147372 0.254826 0.525349 0.703037 0.96352 0.818905 0.907822 1.16559 0.991054 0.840247 1.26678 0.983342 0.830314 0.874671 1.19019 0.809153 0.493972
BD_Brms
 3.77372 4.10986 2.16223 1.1851 1.08912 1.31199 1.72212 1.08873 0.93844 0.507707 0.449721 0.913992 0.899854 0.786361 0.624628 1.08007 2.22666 2.97978 4.08383 3.47088 3.84775 4.94028 4.20053 3.56134 5.36918 4.16784 3.51924 3.70725 5.04454 3.42955 2.09367
Sel_flota
 0.5 1 1 1 1
 0.5 1 1 1 1
 0.5 1 1 1 1
 0.5 1 1 1 1
 0.5 1 1 1 1
 0.5 1 1 1 1
 0.5 1 1 1 1
 0.5 1 1 1 1
 0.5 1 1 1 1
 0.5 1 1 1 1
 0.5 1 1 1 1
 0.5 1 1 1 1
 0.5 1 1 1 1
 0.5 1 1 1 1
 0.5 1 1 1 1
 0.5 1 1 1 1
 0.5 1 1 1 1
 0.5 1 1 1 1
 0.5 1 1 1 1
 0.5 1 1 1 1
 0.5 1 1 1 1
 0.5 1 1 1 1
 0.5 1 1 1 1
 0.5 1 1 1 1
 0.5 1 1 1 1
 0.5 1 1 1 1
 0.5 1 1 1 1
 0.5 1 1 1 1
 0.5 1 1 1 1
 0.5 1 1 1 1
 0.5 1 1 1 1
Sel_reclas
 0.5 1 1 1 1
 0.5 1 1 1 1
 0.5 1 1 1 1
 0.5 1 1 1 1
 0.5 1 1 1 1
 0.5 1 1 1 1
 0.5 1 1 1 1
 0.5 1 1 1 1
 0.5 1 1 1 1
 0.5 1 1 1 1
 0.5 1 1 1 1
 0.5 1 1 1 1
 0.5 1 1 1 1
 0.5 1 1 1 1
 0.5 1 1 1 1
 0.5 1 1 1 1
 0.5 1 1 1 1
 0.5 1 1 1 1
 0.5 1 1 1 1
 0.5 1 1 1 1
 0.5 1 1 1 1
 0.5 1 1 1 1
 0.5 1 1 1 1
 0.5 1 1 1 1
 0.5 1 1 1 1
 0.5 1 1 1 1
 0.5 1 1 1 1
 0.5 1 1 1 1
 0.5 1 1 1 1
 0.5 1 1 1 1
 0.5 1 1 1 1
Sel_pelaces
 0.5 1 1 1 1
 0.5 1 1 1 1
 0.5 1 1 1 1
 0.5 1 1 1 1
 0.5 1 1 1 1
 0.5 1 1 1 1
 0.5 1 1 1 1
 0.5 1 1 1 1
 0.5 1 1 1 1
 0.5 1 1 1 1
 0.5 1 1 1 1
 0.5 1 1 1 1
 0.5 1 1 1 1
 0.5 1 1 1 1
 0.5 1 1 1 1
 0.5 1 1 1 1
 0.5 1 1 1 1
 0.5 1 1 1 1
 0.5 1 1 1 1
 0.5 1 1 1 1
 0.5 1 1 1 1
 0.5 1 1 1 1
 0.5 1 1 1 1
 0.5 1 1 1 1
 0.5 1 1 1 1
 0.5 1 1 1 1
 0.5 1 1 1 1
 0.5 1 1 1 1
 0.5 1 1 1 1
 0.5 1 1 1 1
 0.5 1 1 1 1
pf_obs 
 0.8446 0.082 0.0669 0.0065 0
 0.8095 0.147 0.0364 0.0071 0
 0.9664 0.0169 0.016 0.0007 0
 0.9276 0.0648 0.0075 0.0001 0
 0.7033 0.2144 0.0806 0.0017 0
 0.9318 0.0425 0.0243 0.0014 0
 0.5671 0.3108 0.0964 0.0239 0.0018
 0.0768 0.2599 0.5324 0.112 0.0189
 0.490249 0.384438 0.106611 0.0170017 0.00170017
 0.7925 0.1577 0.0466 0.003 0.0002
 0.840416 0.127587 0.0312969 0.00059994 9.999e-05
 0.8084 0.0986 0.0794 0.0134 0.0002
 0.7335 0.1905 0.0724 0.0035 0.0001
 0.4001 0.4547 0.1325 0.0127 0
 0.49795 0.308269 0.164784 0.0264974 0.00249975
 0.9179 0.0499 0.0305 0.0017 0
 0.2467 0.6533 0.0926 0.0074 0
 0.9418 0.0223 0.034 0.0019 0
 0.707729 0.231977 0.0356964 0.0245975 0
 0.517169 0.277429 0.184464 0.0207286 0.00020938
 0.811772 0.124168 0.05621 0.00726502 0.000585176
 0.764997 0.148141 0.077277 0.00933861 0.000247198
 0.163321 0.427699 0.378323 0.0303852 0.000271297
 0.753843 0.0900009 0.118128 0.0371064 0.000921714
 0.721811 0.176058 0.0630433 0.0369309 0.00215725
 0.143369 0.312575 0.442814 0.0836902 0.0175525
 0.692698 0.0596174 0.167031 0.0765114 0.00414204
 0.394062 0.376323 0.152708 0.0712218 0.00568511
 0.125707 0.32114 0.495352 0.0537591 0.00404204
 0.23352 0.215282 0.420074 0.123614 0.00750983
 0 0 0 0 0
pf_pred 
 0.6341 0.231293 0.0850879 0.0313021 0.0182171
 0.120843 0.691751 0.118463 0.0435801 0.0253626
 0.430431 0.131311 0.344837 0.0590535 0.0343678
 0.621612 0.235008 0.0330555 0.0868072 0.0235173
 0.589773 0.32593 0.0523549 0.00736405 0.0245779
 0.655825 0.258744 0.067876 0.0109031 0.00665203
 0.415213 0.473156 0.0839214 0.0220149 0.00569384
 0.307784 0.441871 0.202556 0.0359264 0.011862
 0.361517 0.305861 0.212327 0.0973316 0.0229631
 0.75297 0.14084 0.0508696 0.0353133 0.0200069
 0.744983 0.224986 0.0171216 0.00618407 0.00672512
 0.592039 0.350334 0.0508411 0.00386903 0.00291714
 0.60032 0.309519 0.0774252 0.0112361 0.00149977
 0.552703 0.34829 0.0766724 0.0191794 0.00315486
 0.6938 0.233126 0.0568993 0.0125258 0.00364869
 0.830833 0.141859 0.0207914 0.00507456 0.00144252
 0.454976 0.501414 0.0365704 0.00535989 0.00168006
 0.751008 0.159799 0.0820567 0.00598477 0.00115209
 0.563525 0.379123 0.0368073 0.0189006 0.00164387
 0.477268 0.389586 0.115651 0.011228 0.00626703
 0.638497 0.24201 0.0890565 0.0264369 0.00399923
 0.582871 0.330578 0.0579418 0.0213218 0.00728698
 0.258971 0.560249 0.14327 0.0251115 0.0123988
 0.659634 0.144662 0.14796 0.0378372 0.00990637
 0.459131 0.434613 0.0451606 0.0461902 0.0149045
 0.349433 0.416679 0.187939 0.0195287 0.0264191
 0.617906 0.201613 0.115596 0.0521385 0.0127469
 0.563762 0.337322 0.0521933 0.0299254 0.0167975
 0.240223 0.554732 0.158551 0.0245324 0.0219611
 0.374461 0.24788 0.275738 0.0788102 0.0231103
 0.761013 0.133403 0.0418393 0.0465415 0.017203
pobs_RECLAS
 0 0 0 0 0
 0 0 0 0 0
 0 0 0 0 0
 0 0 0 0 0
 0 0 0 0 0
 0 0 0 0 0
 0 0 0 0 0
 0 0 0 0 0
 0 0 0 0 0
 0 0 0 0 0
 0.991045 0.00858322 0.000360255 1.14367e-05 0
 0.934742 0.0480273 0.0164251 0.00080598 0
 0.827803 0.169806 0.00239088 0 0
 0.941827 0.0461693 0.0120037 0 0
 0.791401 0.0380133 0.147996 0.0225897 0
 0.846168 0.0940531 0.0597789 0 0
 0.134021 0.677848 0.182769 0.00536245 0
 0.80878 0.0450904 0.141981 0.00414843 0
 0.846168 0.0940531 0.0597789 0 0
 0.905697 0.0802665 0.012482 0.00150086 5.37128e-05
 0.989698 0.0102097 9.19794e-05 0 0
 0.975433 0.0193895 0.00387452 0.00125025 5.28907e-05
 0.303575 0.632131 0.0575291 0.00676475 0
 0.966965 0.00978017 0.0227588 0.000495775 0
 0.843318 0.132988 0.00938335 0.0141283 0.000182051
 0.564624 0.303363 0.111486 0.0197234 0.00080311
 0.826376 0.0876187 0.0782897 0.00655872 0.00115652
 0.89761 0.0855135 0.0140674 0.00269457 0.000114338
 0.34875 0.467042 0.161289 0.0227151 0.000203297
 0.318654 0.224769 0.449479 0.00709798 0
 0.937255 0.0296025 0.0250945 0.00804832 0
ppred_RECLAS
 0.636418 0.229827 0.0845488 0.0311038 0.0181017
 0.122361 0.690557 0.118258 0.0435048 0.0253188
 0.433689 0.13056 0.342864 0.0587157 0.0341712
 0.628638 0.230645 0.0324417 0.0851953 0.0230807
 0.591732 0.324374 0.052105 0.0073289 0.0244606
 0.659902 0.255679 0.0670718 0.0107739 0.00657321
 0.425628 0.46473 0.0824268 0.0216229 0.00559243
 0.30886 0.441185 0.202241 0.0358705 0.0118436
 0.368221 0.30265 0.210097 0.0963096 0.022722
 0.760335 0.136641 0.0493528 0.0342604 0.0194104
 0.746131 0.223973 0.0170445 0.00615622 0.00669483
 0.599533 0.343899 0.0499072 0.00379796 0.00286356
 0.607234 0.304165 0.0760859 0.0110417 0.00147383
 0.565579 0.338264 0.0744653 0.0186273 0.00306404
 0.698936 0.229216 0.0559449 0.0123157 0.00358749
 0.834842 0.138497 0.0202986 0.00495429 0.00140833
 0.457793 0.498822 0.0363813 0.00533218 0.00167138
 0.753847 0.157977 0.0811211 0.00591653 0.00113896
 0.5689 0.374454 0.036354 0.0186678 0.00162363
 0.481653 0.386318 0.11468 0.0111338 0.00621446
 0.641431 0.240046 0.0883338 0.0262223 0.00396677
 0.587128 0.327205 0.0573505 0.0211042 0.00721261
 0.260661 0.558971 0.142943 0.0250542 0.0123705
 0.66152 0.143861 0.14714 0.0376274 0.00985146
 0.460984 0.433125 0.0450059 0.0460319 0.0148535
 0.350789 0.415811 0.187548 0.0194881 0.0263641
 0.619856 0.200584 0.115006 0.0518723 0.0126819
 0.565493 0.335984 0.0519863 0.0298067 0.0167308
 0.241257 0.553978 0.158335 0.024499 0.0219312
 0.376437 0.247097 0.274868 0.0785614 0.0230373
 0.761987 0.13286 0.0416688 0.0463518 0.0171329
pobs_PELACES
 0 0 0 0 0
 0 0 0 0 0
 0 0 0 0 0
 0 0 0 0 0
 0 0 0 0 0
 0 0 0 0 0
 0 0 0 0 0
 0 0 0 0 0
 0 0 0 0 0
 0 0 0 0 0
 0 0 0 0 0
 0 0 0 0 0
 0 0 0 0 0
 0 0 0 0 0
 0 0 0 0 0
 0 0 0 0 0
 0.505614 0.472636 0.0217494 0 0
 0 0 0 0 0
 0.443492 0.261883 0.143347 0.151278 0
 0.227955 0.32914 0.350689 0.0885471 0.00366901
 0.970185 0.0296113 0.000203453 0 0
 0.997202 0.00247181 0.000326279 0 0
 0.445219 0.490057 0.0546422 0.010081 0
 0.90214 0.0892962 0.00764917 0.000914606 0
 0 0 0 0 0
 0.581667 0.319106 0.0959925 0.00289975 0.000334073
 0.762889 0.0836404 0.116647 0.0363945 0.000428098
 0.88444 0.0763242 0.0277011 0.0115352 0
 0.521256 0.241999 0.230069 0.00667565 0
 0.616807 0.101726 0.260614 0.0208532 0
 0 0 0 0 0
ppred_PELACES
 0.644466 0.22474 0.0826774 0.0304153 0.017701
 0.127547 0.686476 0.11756 0.0432478 0.0251692
 0.444709 0.128019 0.336192 0.0575732 0.0335063
 0.64886 0.218085 0.030675 0.0805559 0.0218238
 0.598705 0.318833 0.051215 0.00720371 0.0240428
 0.672847 0.245947 0.0645189 0.0103638 0.00632303
 0.454035 0.441745 0.0783501 0.0205535 0.00531584
 0.31288 0.438618 0.201065 0.0356619 0.0117747
 0.388257 0.293052 0.203434 0.0932553 0.0220014
 0.779745 0.125575 0.045356 0.0314858 0.0178384
 0.750316 0.220281 0.0167635 0.00605474 0.00658447
 0.620996 0.325467 0.0472324 0.00359441 0.00271008
 0.627344 0.288591 0.0721901 0.0104764 0.00139836
 0.598183 0.312877 0.0688766 0.0172293 0.00283408
 0.714292 0.217524 0.0530913 0.0116875 0.0034045
 0.846219 0.128956 0.0189003 0.00461301 0.00131132
 0.467505 0.489888 0.0357297 0.00523668 0.00164144
 0.763069 0.152058 0.078082 0.00569488 0.00109629
 0.585509 0.360028 0.0349534 0.0179486 0.00156107
 0.495835 0.375749 0.111543 0.0108292 0.00604444
 0.651295 0.233443 0.0859038 0.025501 0.00385765
 0.600792 0.316376 0.0554525 0.0204058 0.00697392
 0.266708 0.5544 0.141774 0.0248493 0.0122694
 0.668195 0.141024 0.144239 0.0368854 0.00965719
 0.467667 0.427754 0.0444479 0.0454612 0.0146693
 0.355787 0.41261 0.186104 0.019338 0.0261611
 0.62678 0.19693 0.112911 0.0509276 0.0124509
 0.571746 0.331148 0.0512381 0.0293777 0.01649
 0.245096 0.551175 0.157534 0.024375 0.0218202
 0.3835 0.244298 0.271754 0.0776715 0.0227764
 0.76557 0.130859 0.0410415 0.045654 0.016875
pobs_pel_tallas
 0 0 0 0 0 0 0 0 0 0 0 0 0 0 0 0 0 0 0 0 0 0 0 0 0 0
 0 0 0 0 0 0 0 0 0 0 0 0 0 0 0 0 0 0 0 0 0 0 0 0 0 0
 0 0 0 0 0 0 0 0 0 0 0 0 0 0 0 0 0 0 0 0 0 0 0 0 0 0
 0 0 0 0 0 0 0 0 0 0 0 0 0 0 0 0 0 0 0 0 0 0 0 0 0 0
 0 0 0 0 0 0 0 0 0 0 0 0 0 0 0 0 0 0 0 0 0 0 0 0 0 0
 0 0 0 0 0 0 0 0 0 0 0 0 0 0 0 0 0 0 0 0 0 0 0 0 0 0
 0 0 0 0 0 0 0 0 0 0 0 0 0 0 0 0 0 0 0 0 0 0 0 0 0 0
 0 0 0 0 0 0 0 0 0 0 0 0 0 0 0 0 0 0 0 0 0 0 0 0 0 0
 0 0 0 0 0 0 0 0 0 0 0 0 0 0 0 0 0 0 0 0 0 0 0 0 0 0
 0 0 0 0 0 0 0 0 0 0 0 0 0 0 0 0 0 0 0 0 0 0 0 0 0 0
 0 0 0 0 0 0 0 0 0 0 0 0 0 0 0 0 0 0 0 0 0 0 0 0 0 0
 0 0 0 0 0 0 0 0 0 0 0 0 0 0 0 0 0 0 0 0 0 0 0 0 0 0
 0.00862536 0 0 0.000197151 0.00414017 0.0128641 0.00837892 0.0270097 0.101434 0.158115 0.152841 0.127902 0.109271 0.109419 0.0830992 0.0579132 0.0238553 0.00714673 0.00463305 0.00128148 0.00103504 0.000492878 0.000147863 0.000147863 4.92878e-05 0
 0 0 0 0 0 0 0 0 0 0 0 0 0 0 0 0 0 0 0 0 0 0 0 0 0 0
 0 0 0 0 0 0 0 0.0054083 0.00873648 0.0413646 0.0450493 0.0745869 0.0622846 0.0627006 0.0613931 0.0827291 0.12552 0.122667 0.0946155 0.0697135 0.0546179 0.0294188 0.0215738 0.0213955 0.0102223 0.00600262
 0 0 0 0 0.00359764 0.0251062 0.0480494 0.140153 0.205849 0.193036 0.1447 0.116669 0.0760912 0.0342217 0.00950174 0.001854 0.000860785 0 0 0 0.000165536 0 0.000143464 0 0 0
 0 0 0 0 0 0 0 0.000145254 0.000435761 0.0275982 0.070085 0.0708112 0.156366 0.174668 0.174014 0.160142 0.0824315 0.0480064 0.0283245 0.00493863 0.00203355 0 0 0 0 0
 0 0 0 0 0 0 0 0 0 0 0 0 0 0 0 0 0 0 0 0 0 0 0 0 0 0
 0 0 1.00437e-05 0.000401748 0.00122533 0.00171747 0.00176769 0.0269171 0.070346 0.194647 0.189555 0.159765 0.064822 0.0314167 0.0384472 0.0292271 0.0345202 0.0313363 0.0194345 0.0106764 0.0143323 0.0359363 0.0279516 0.0138201 0.00172751 0
 0 0.0021121 0.0136068 0.0755702 0.200478 0.177729 0.0527432 0.0373336 0.0318909 0.0142505 0.0149659 0.0166563 0.0217959 0.0798694 0.0677717 0.0528807 0.04013 0.0224614 0.0357745 0.0225083 0.00881397 0.00855152 0.00135912 0.000746735 0 0
 0 0 0 0 5.4009e-05 0.00500934 0.000945158 0.0243581 0.138947 0.33067 0.221406 0.137944 0.0707744 0.0437923 0.0131692 0.00525238 0.0047753 0.00276346 9.45158e-05 9.00151e-06 2.25038e-05 9.00151e-06 4.50075e-06 0 0 0
 0.000866109 0.00284123 0.00948549 0.0512746 0.133035 0.25785 0.225252 0.132002 0.0553304 0.0519788 0.0540692 0.017754 0.00435017 0.00159236 0.00146478 0.000404838 0.000125132 0.000115318 0.000107957 0.000100596 0 0 0 0 0 0
 0 0 0 0 0.00144013 0.00171154 0.00461396 0.0210425 0.0478622 0.0707936 0.0888783 0.103762 0.0637923 0.0337046 0.0602308 0.124433 0.169614 0.0934646 0.0462172 0.0250306 0.0313229 0.00938855 0.002487 0.000210481 0 0
 0 0.00764035 0.051015 0.0998891 0.058973 0.0496711 0.0374665 0.0718981 0.12319 0.153886 0.159021 0.0857701 0.0377988 0.023471 0.0147837 0.00900784 0.00315554 0.000888139 0.00291439 0.00214683 0.00393193 0.00274676 0.000635225 9.99891e-05 0 0
 0 0 0 0 0 0 0 0 0 0 0 0 0 0 0 0 0 0 0 0 0 0 0 0 0 0
 0 0 0 0 0 0 0 0 0 0 0 0 0 0 0 0 0 0 0 0 0 0 0 0 0 0
 0 0 0 0 0 0 0 0 0 0 0 0 0 0 0 0 0 0 0 0 0 0 0 0 0 0
 0 0 0 0 0 0 0 0 0 0 0 0 0 0 0 0 0 0 0 0 0 0 0 0 0 0
 0 0 0 0 0 0 0 0 0 0 0 0 0 0 0 0 0 0 0 0 0 0 0 0 0 0
 0 0 0 0 0 0 0 0 0 0 0 0 0 0 0 0 0 0 0 0 0 0 0 0 0 0
 0 0 0 0 0 0 0 0 0 0 0 0 0 0 0 0 0 0 0 0 0 0 0 0 0 0
ppred_pel_tallas
 1.0849e-16 5.30838e-05 0.000515994 0.00342896 0.0155876 0.0484988 0.103333 0.150822 0.150843 0.103439 0.0488561 0.0166207 0.00602669 0.00620187 0.0108962 0.0180478 0.0262743 0.0336405 0.0382108 0.0391108 0.0370176 0.0336081 0.0304259 0.0280767 0.0262371 0.0242273
 1.12165e-16 1.0506e-05 0.000102122 0.000678643 0.00308505 0.0095991 0.0204543 0.0298676 0.0299338 0.0207779 0.0106855 0.00622365 0.00855919 0.017313 0.0327199 0.0541375 0.0781354 0.0985842 0.109241 0.107256 0.0948601 0.0777982 0.0618046 0.0498807 0.0419559 0.0363357
 1.21179e-16 3.66301e-05 0.000356058 0.00236613 0.0107561 0.0334663 0.0713039 0.104073 0.104086 0.0713669 0.0336795 0.0113786 0.00395388 0.00390547 0.00702258 0.0121934 0.0190642 0.0271275 0.035819 0.0448001 0.0539014 0.0626695 0.0699717 0.0741694 0.0738623 0.0686713
 1.12713e-16 5.34458e-05 0.000519512 0.00345234 0.0156939 0.0488296 0.104037 0.15185 0.151871 0.10414 0.0491751 0.0166923 0.00596048 0.00600171 0.0104871 0.0173157 0.0251017 0.0319488 0.0360084 0.0365471 0.0344335 0.0315562 0.0296096 0.0291754 0.0296554 0.0298845
 1.06351e-16 4.93146e-05 0.000479356 0.00318549 0.0144808 0.0450553 0.0959961 0.140116 0.140146 0.0961464 0.0455597 0.015938 0.00684387 0.00846791 0.015228 0.0251158 0.0362222 0.0456549 0.0505034 0.0494443 0.0435317 0.0354726 0.0279849 0.0225156 0.0190579 0.0168047
 1.04035e-16 5.54216e-05 0.000538717 0.00357997 0.016274 0.0506347 0.107883 0.157464 0.157488 0.107999 0.0510246 0.0174008 0.00641073 0.0067259 0.0118283 0.0195252 0.0282574 0.0358185 0.0399877 0.0397279 0.0357712 0.0300577 0.0245072 0.0201006 0.0168099 0.0141292
 1.05335e-16 3.73984e-05 0.000363526 0.00241576 0.0109817 0.0341684 0.072801 0.106264 0.106307 0.0730092 0.0348675 0.0130013 0.00748656 0.0114375 0.0210818 0.0348272 0.0502459 0.0633529 0.0701016 0.0686171 0.0602906 0.0487846 0.0377902 0.0292966 0.0233765 0.0190943
 1.11484e-16 2.57716e-05 0.000250509 0.00166473 0.00756763 0.0235459 0.0501687 0.0732315 0.073274 0.0503764 0.0242442 0.00958734 0.00674532 0.0113774 0.0212631 0.0353869 0.051617 0.0662555 0.0755052 0.0775608 0.073555 0.0665171 0.0592594 0.0529324 0.0471266 0.0409615
 1.19022e-16 3.19803e-05 0.00031086 0.00206577 0.00939073 0.0292182 0.0622535 0.0908668 0.0908953 0.062393 0.0296875 0.0107501 0.00549208 0.00783767 0.0144664 0.0242346 0.0357825 0.0468591 0.0551808 0.0597255 0.0612367 0.0614213 0.0615242 0.0614841 0.0602306 0.0566606
 1.07518e-16 6.42266e-05 0.000624305 0.00414873 0.0188595 0.058679 0.125022 0.182476 0.182488 0.125082 0.0588788 0.0194372 0.0056017 0.00380593 0.00613609 0.0101215 0.0147653 0.0189845 0.0217346 0.0225755 0.0219312 0.0207584 0.0198878 0.0195583 0.0194311 0.0189473
 1.02262e-16 6.18026e-05 0.000600743 0.00399215 0.0181478 0.0564645 0.120304 0.175592 0.175613 0.120408 0.0568124 0.0191523 0.00651264 0.00609961 0.0104953 0.0172277 0.0247526 0.031007 0.0339361 0.0326035 0.0277583 0.0213458 0.0153646 0.010948 0.00819706 0.00660193
 1.02266e-16 5.11507e-05 0.000497203 0.00330409 0.0150199 0.0467327 0.0995702 0.145332 0.145364 0.0997235 0.0472474 0.0165064 0.00703525 0.00864205 0.0155186 0.025571 0.0368214 0.0462795 0.0509234 0.0493438 0.0425685 0.0333455 0.0244932 0.0176062 0.0128602 0.00964323
 1.03445e-16 5.16736e-05 0.000502286 0.00333787 0.0151735 0.0472104 0.100588 0.146817 0.146845 0.100724 0.0476678 0.0164951 0.0066577 0.00775714 0.0138522 0.0228764 0.0330829 0.0418782 0.046639 0.0461309 0.0412034 0.0341395 0.0272196 0.0216431 0.0174379 0.01407
 1.04276e-16 4.92716e-05 0.000478938 0.00318271 0.0144682 0.045016 0.0959124 0.139993 0.140024 0.09606 0.0455116 0.0159002 0.00677919 0.00833662 0.0149916 0.0247564 0.0357752 0.045234 0.0502883 0.0496148 0.0441694 0.0364771 0.0290573 0.0232288 0.0189937 0.0157015
 1.03337e-16 5.88354e-05 0.000571901 0.00380048 0.0172765 0.0537536 0.114528 0.167162 0.167183 0.114631 0.0540983 0.0182726 0.0063028 0.00604035 0.0104616 0.017247 0.0249445 0.0315885 0.0352095 0.0348903 0.0312865 0.0261299 0.0211385 0.0171958 0.0142826 0.0119453
 1.01264e-16 6.9702e-05 0.000677528 0.00450241 0.0204673 0.0636815 0.135681 0.198032 0.198045 0.135741 0.0638854 0.0210564 0.00598115 0.00390581 0.00620134 0.0101432 0.0146081 0.0183767 0.0202551 0.0196922 0.0171005 0.0135686 0.0102038 0.00761846 0.00585621 0.00464924
 1.0196e-16 3.85078e-05 0.00037431 0.00248742 0.0113075 0.0351821 0.0749608 0.109417 0.109465 0.0751913 0.0359556 0.0135409 0.00809076 0.0125972 0.0232248 0.0382626 0.0549459 0.0687377 0.0750354 0.0717096 0.0603838 0.045368 0.0311382 0.0203095 0.0132569 0.00901929
 1.03049e-16 6.2853e-05 0.000610953 0.00406 0.0184562 0.0574241 0.122349 0.178575 0.178589 0.122421 0.0576664 0.0191571 0.00582352 0.00447452 0.00744074 0.0123062 0.0179637 0.0230915 0.0263647 0.027137 0.0257631 0.0232451 0.0205197 0.0179828 0.01554 0.0129765
 1.03165e-16 4.82277e-05 0.00046879 0.00311528 0.0141616 0.0440623 0.0938806 0.137029 0.137063 0.09405 0.0446311 0.0158044 0.00723771 0.00946458 0.0171227 0.0282048 0.0405653 0.0508888 0.0558311 0.0538584 0.0461675 0.0358836 0.026203 0.0189179 0.0141722 0.0111681
 1.05424e-16 4.08413e-05 0.000396992 0.00263816 0.0119927 0.0373139 0.0795026 0.116044 0.11608 0.07968 0.03791 0.0137155 0.00696684 0.00986073 0.0180556 0.0298925 0.0433064 0.0549745 0.0615101 0.0613113 0.0554487 0.046814 0.0382675 0.0312709 0.025808 0.0211981
 1.05749e-16 5.36463e-05 0.000521462 0.0034653 0.0157527 0.0490128 0.104428 0.15242 0.152443 0.104538 0.0493838 0.0168255 0.00616226 0.00642334 0.0113047 0.0187154 0.0272163 0.0347753 0.0393463 0.039975 0.0373186 0.0330915 0.0289133 0.0254911 0.022629 0.0197942
 1.04908e-16 4.94865e-05 0.000481026 0.00319659 0.0145313 0.0452123 0.0963307 0.140604 0.140634 0.0964798 0.045713 0.0159778 0.00682874 0.00841364 0.0151257 0.0249563 0.0360148 0.0454386 0.0503431 0.0494047 0.0436384 0.0356769 0.0281535 0.0224555 0.0185735 0.0157662
 1.08802e-16 2.19685e-05 0.000213541 0.00141906 0.00645088 0.0200714 0.0427661 0.0624296 0.0624832 0.0430278 0.0209502 0.00899047 0.00779872 0.0141567 0.0265502 0.0439829 0.0636481 0.0806478 0.0899761 0.0892943 0.0802584 0.0672566 0.0546368 0.0446297 0.0371829 0.0311566
 1.09532e-16 5.50384e-05 0.000534993 0.00355521 0.0161615 0.0502845 0.107137 0.156372 0.156386 0.107204 0.0505118 0.0168206 0.00521975 0.00420196 0.00711719 0.0119359 0.0177916 0.0236413 0.0284355 0.0316665 0.0335676 0.0347251 0.0354525 0.0354963 0.0342858 0.0314394
 1.08434e-16 3.85212e-05 0.00037444 0.00248829 0.0113114 0.0351943 0.0749866 0.109454 0.109495 0.075188 0.0358704 0.0132644 0.00739019 0.0110745 0.0203582 0.0335935 0.0483924 0.0608814 0.0671592 0.0654839 0.0573421 0.0464573 0.0365457 0.0295469 0.0253597 0.0227496
 1.11843e-16 2.93058e-05 0.000284863 0.00189302 0.0086054 0.0267748 0.057048 0.0832717 0.0833116 0.0572434 0.0274315 0.0105049 0.00667076 0.0107474 0.0199954 0.0332605 0.0484953 0.0622089 0.0708232 0.072644 0.0687582 0.0620577 0.0552435 0.0494477 0.0443027 0.0389463
 1.10524e-16 5.16271e-05 0.000501833 0.00333486 0.0151598 0.0471679 0.100497 0.146682 0.146701 0.10059 0.0474824 0.0160703 0.00562764 0.00553182 0.00967803 0.0161125 0.0236666 0.0307424 0.0357429 0.0379494 0.0378921 0.0368329 0.0357955 0.0349496 0.0337422 0.0314972
 1.07301e-16 4.7094e-05 0.000457771 0.00304205 0.0138287 0.0430265 0.0916737 0.133807 0.133839 0.0918297 0.0435505 0.0153424 0.00684261 0.00875767 0.0158201 0.0261073 0.0376743 0.0475369 0.0526962 0.0518044 0.0459758 0.0380176 0.0307102 0.025473 0.0221941 0.0199451
 1.10825e-16 2.01883e-05 0.000196238 0.00130407 0.00592816 0.018445 0.039301 0.0573721 0.0574253 0.0395612 0.0193193 0.00845499 0.00765302 0.0140767 0.0264425 0.043842 0.0635265 0.0806675 0.0903282 0.0902059 0.0819315 0.0698017 0.0580303 0.0487101 0.0416858 0.0357709
 1.19549e-16 3.15884e-05 0.000307051 0.00204046 0.00927565 0.0288601 0.0614904 0.0897521 0.089776 0.0616076 0.0292547 0.0104204 0.00493338 0.00668669 0.0123374 0.0208447 0.0311962 0.0417006 0.0506111 0.0570932 0.0615374 0.0648609 0.0674271 0.0685744 0.0671135 0.0622672
 1.08653e-16 6.3059e-05 0.000612956 0.00407331 0.0185167 0.0576123 0.12275 0.179159 0.179172 0.122812 0.0578204 0.0191183 0.00558631 0.00392548 0.00638334 0.0105326 0.0153609 0.019747 0.0226144 0.0235273 0.0229591 0.0219356 0.0213309 0.0213648 0.0216148 0.021408
pSPR Fmed_Fpbrs
0.653432   0.285935 0.285935
Fs Fmed_Fpbrs
0.277482   1.005 1.005
SSBpbr Bo_Bmed_Bpbrs
1.84411e+06  1.1128e+06  435092 435092
Ro
182859
SPR SPRFo_SPRFmed_SPRFpbrs
1.30208e+06 850817 372310
Fref
1.005
log_Ro
11.9365
likeval ReclasPelacesDesembMPH_pf_preclas_ppelaces_ptallas_desvR_qrecl_qpela
 18.3547 21.2808 0.361895 0.00291287 238.37 139.837 87.5926 0 28.9631 0 0 1.78412 0 0 0
q_reclas_q_pelaces
1 1
M
1
N
 423028 80536.8 29627.8 10899.5 6343.24
 46168.2 139985 23972.5 8818.99 5132.45
 91323.1 14710.3 38630.9 6615.57 3850.11
 140027 29336.2 4126.33 10836.2 2935.68
 137917 39496.3 6344.39 892.379 2978.37
 219649 46476.3 12192.1 1958.44 1194.85
 104177 67733.1 12013.5 3151.47 815.081
 36772.1 27020.6 12386.4 2196.91 725.366
 27330.9 12779.9 8871.7 4066.83 959.473
 73200.7 7766.39 2805.11 1947.29 1103.25
 124433 19315.4 1469.91 530.911 577.361
 130144 42796.1 6210.65 472.633 356.353
 127819 36420.4 9110.44 1322.12 176.475
 99152 36328.8 7997.39 2000.52 329.071
 132447 24298.2 5930.47 1305.53 380.293
 412636 38926.5 5705.21 1392.47 395.832
 203038 117362 8559.76 1254.55 393.24
 586769 66354.9 34073.3 2485.12 478.396
 507925 185319 17991.8 9238.79 803.542
 347855 152029 45130.7 4381.53 2445.6
 539382 107748 39649.7 11770.2 1780.53
 573415 174104 30515.9 11229.5 3837.8
 158063 177667 45434 7963.4 3931.93
 465016 52911.3 54117.5 13839.2 3623.32
 319280 156225 16233.3 16603.3 5357.53
 176724 108272 48834.9 5074.42 6864.84
 359608 60842.7 34884.6 15734.4 3846.77
 391823 120984 18719.6 10733 6024.58
 112599 133427 38135.4 5900.64 5282.18
 113218 38885.5 43255.8 12363.2 3625.37
 423330 38033.2 11928.4 13269 4904.58
pred_Ctot
 27104.8 9886.68 3637.11 1338.02 778.695
 3953.49 22631.3 3875.62 1425.76 829.761
 7400.83 2257.76 5929.12 1015.37 590.92
 21099 7976.77 1121.98 2946.45 798.237
 7373.68 4074.96 654.57 92.0695 307.287
 22785.9 8989.8 2358.28 378.816 231.118
 19981.8 22770.2 4038.64 1059.45 274.011
 1290.94 1853.34 849.582 150.686 49.7529
 4015.09 3396.96 2358.14 1080.99 255.033
 13440 2513.91 907.99 630.32 357.111
 5149.05 1555.03 118.338 42.7421 46.4817
 20129.1 11911.2 1728.58 131.545 99.1817
 18763.9 9674.47 2420.04 351.2 46.8775
 21624.6 13626.9 2999.81 750.394 123.434
 17146.8 5761.56 1406.23 309.566 90.1748
 60426.6 10317.4 1512.16 369.074 104.915
 14467.4 15944.1 1162.87 170.435 53.4231
 53135.6 11306.1 5805.71 423.437 81.5134
 60854.8 40941.4 3974.8 2041.06 177.521
 35236.9 28763.3 8538.53 828.966 462.698
 42243.5 16011.6 5892.06 1749.09 264.592
 57991.4 32890.1 5764.78 2121.36 725
 9068.16 19617.8 5016.75 879.307 434.158
 25698.3 5635.82 5764.3 1474.08 385.937
 15887.7 15039.3 1562.73 1598.35 515.754
 7205.13 8591.7 3875.21 402.672 544.747
 19574.3 6386.77 3661.89 1651.66 403.802
 18531 11087.9 1715.61 983.656 552.138
 4382.49 10120.2 2892.51 447.553 400.644
 6261.73 4145.04 4610.89 1317.86 386.45
 15707.1 2753.41 863.552 960.605 355.066
F
 0.105904 0.211808 0.211808 0.211808 0.211808
 0.143741 0.287481 0.287481 0.287481 0.287481
 0.135581 0.271162 0.271162 0.271162 0.271162
 0.265626 0.531252 0.531252 0.531252 0.531252
 0.0877116 0.175423 0.175423 0.175423 0.175423
 0.176457 0.352914 0.352914 0.352914 0.352914
 0.349489 0.698978 0.698978 0.698978 0.698978
 0.0568666 0.113733 0.113733 0.113733 0.113733
 0.258214 0.516428 0.516428 0.516428 0.516428
 0.332302 0.664604 0.664604 0.664604 0.664604
 0.0673187 0.134637 0.134637 0.134637 0.134637
 0.273513 0.547026 0.547026 0.547026 0.547026
 0.258006 0.516013 0.516013 0.516013 0.516013
 0.406253 0.812507 0.812507 0.812507 0.812507
 0.22451 0.449021 0.449021 0.449021 0.449021
 0.257301 0.514603 0.514603 0.514603 0.514603
 0.118376 0.236752 0.236752 0.236752 0.236752
 0.152551 0.305102 0.305102 0.305102 0.305102
 0.206259 0.412518 0.412518 0.412518 0.412518
 0.171996 0.343991 0.343991 0.343991 0.343991
 0.130771 0.261542 0.261542 0.261542 0.261542
 0.171696 0.343392 0.343392 0.343392 0.343392
 0.0943777 0.188755 0.188755 0.188755 0.188755
 0.0907768 0.181554 0.181554 0.181554 0.181554
 0.081425 0.16285 0.16285 0.16285 0.16285
 0.0662988 0.132598 0.132598 0.132598 0.132598
 0.0893596 0.178719 0.178719 0.178719 0.178719
 0.0772561 0.154512 0.154512 0.154512 0.154512
 0.063211 0.126422 0.126422 0.126422 0.126422
 0.0908516 0.181703 0.181703 0.181703 0.181703
 0.060184 0.120368 0.120368 0.120368 0.120368
nmprior
 8 9 7.5 0
nm_flota  nm_reclas  nm_pelaces    nm_pelaL
inf 6.70777 8.38288 12.8254
cv_recla  cv_pelaces  cv_mph
0.387523 0.542824 1.66558
 ------------------------------------------------
Talla a la edad & desviación 
 8 13.2811 15.8009 17.003 17.5766
 0.8 1.32811 1.58009 1.7003 1.75766
