years
 1991 1992 1993 1994 1995 1996 1997 1998 1999 2000 2001 2002 2003 2004 2005 2006 2007 2008 2009 2010 2011 2012 2013 2014 2015 2016 2017 2018 2019 2020 2021
reclasobs
 0 0 0 0 0 0 0 0 0 252601 567819 844713 477998 351125 339783 2.1784e+06 2.13404e+06 4.81314e+06 1.55562e+06 2.62356e+06 3.21686e+06 3.843e+06 1.13348e+06 3.07943e+06 1.97215e+06 2.03268e+06 2.025e+06 2.42433e+06 2.27542e+06 1.05018e+06 2.36338e+06
reclaspred
 4.39791e+06 1.46414e+06 946139 511995 61831.5 1.97908e+06 642192 150937 686708 191346 287884 706499 560975 439770 310064 1.99406e+06 1.20867e+06 5.44351e+06 4.26016e+06 1.82231e+06 3.95475e+06 3.70866e+06 2.06166e+06 4.053e+06 2.61782e+06 1.5574e+06 2.6318e+06 4.09633e+06 2.93292e+06 1.06584e+06 592682
pelacesobs
 0 0 0 0 0 0 0 0 0 0 0 0 0 0 0 552880 188675 0 991730 2.46772e+06 1.41603e+06 1.21717e+06 2.29649e+06 1.80582e+06 0 1.4828e+06 1.56532e+06 1.57751e+06 1.42118e+06 867257 0
pelacespred
 1.01654e+06 339707 178264 64291.8 6313.67 413854 93875.7 28488.5 132676 25930 57037.4 116865 97921.4 76633.9 51687 350258 208681 1.20543e+06 919585 369917 806351 735140 412283 956739 577743 335805 673139 1.02364e+06 610317 258509 116705
mphobs
 0 0 0 0 0 0 0 0 0 0 0 498337 0 5186 125008 0 168611 109162 213762 579715 649985 157893 87575 83554 0 0 0 0 0 0 0
mphpred
 2.29449e+06 1.02527e+06 236123 251639 62250 5330.42 469598 91820.9 25477.2 138184 20554.4 76810 148644 83654.4 47612.1 46382.4 568063 295984 1.4907e+06 956225 515888 930060 1.00367e+06 552434 1.04141e+06 694358 363553 625114 1.34325e+06 692298 169705
desembarqueobs
 494567 514787 250237 358949 120608 361735 552515 73892 212993 205616 52469 317467 293654 387597 252695 516296 358380 742168 942051 627588 828172 859565 418607 520667 417249 300574 407403 355545 319650 289779 219260
desembarquepred
 494508 514335 250069 358375 120452 361501 551692 73852.9 212808 205357 52449.4 317114 293254 386795 252312 515811 358190 741639 940573 626291 827521 858601 418294 520390 416904 300270 407109 355343 319434 289447 219109
Reclutas
 5742.01 3554.66 207314 12704.1 3497.09 288330 4537.16 1236.89 64209.8 5695.84 42981.1 136293 70619.9 70477.2 43780 384446 8263.71 752185 300786 78694.5 390286 508034 10826.5 280319 155354 30396.1 221536 314810 13961.7 6043.14 51635.6
log_desv_Rt
 -2.10279 -2.58234 1.48364 -1.30867 -2.59866 1.81351 -2.33829 -3.63799 0.311561 -2.11086 -0.0898338 1.06422 0.406717 0.404695 -0.0714168 2.10121 -1.73872 2.77239 1.8558 0.514978 2.11629 2.37995 -1.46859 1.78534 1.19511 -0.436282 1.54999 1.90137 -1.21428 -2.05167 0.0936173
SSB
 2.29449e+06 1.02527e+06 236123 251639 62250 5330.42 469598 91820.9 25477.2 138184 20554.4 76810 148644 83654.4 47612.1 46382.4 568063 295984 1.4907e+06 956225 515888 930060 1.00367e+06 552434 1.04141e+06 694358 363553 625114 1.34325e+06 692298 169705
BT
 2.80416e+06 1.34801e+06 639682 400177 120248 1.27547e+06 705706 136243 496646 240672 176607 530675 485755 578771 369132 1.21457e+06 764613 3.45338e+06 3.00523e+06 1.46701e+06 2.57185e+06 2.46345e+06 1.31081e+06 2.70255e+06 1.72764e+06 1.05095e+06 1.98424e+06 2.71304e+06 1.67404e+06 913528 482015
Ftot
 0.222913 0.662486 0.660499 1.25196 2.64323 0.536947 1.4404 0.914921 0.865036 1.764 0.510388 1.13956 1.16975 1.98021 1.90682 0.735851 0.573841 0.385182 0.490981 0.697056 0.534486 0.558008 0.399612 0.337413 0.350754 0.399165 0.411033 0.231141 0.217583 0.52716 0.872904
BD_Bspro_t
 0.964963 0.720321 0.374432 0.406076 0.11868 0.016808 0.471866 0.134577 0.0618766 0.271407 0.0767656 0.326993 0.312804 0.175558 0.10337 0.105795 0.454945 0.302669 0.612083 0.466819 0.296467 0.427244 0.469397 0.366099 0.548138 0.509872 0.422504 0.580817 0.724716 0.575994 0.336425
BD_Bspro
 6.8529 3.06214 0.705221 0.751563 0.18592 0.0159202 1.40254 0.274239 0.076092 0.412711 0.0613893 0.229406 0.443951 0.249848 0.142202 0.138529 1.69662 0.884007 4.45225 2.85593 1.54079 2.77779 2.99765 1.64994 3.11034 2.07382 1.08581 1.86701 4.01184 2.06767 0.506853
BD_Bo
 1.38202 0.617542 0.142222 0.151568 0.0374946 0.00321064 0.28285 0.0553058 0.0153455 0.0832314 0.0123804 0.0462644 0.0895317 0.050387 0.0286779 0.0279372 0.342157 0.178278 0.897885 0.575957 0.310731 0.560197 0.604536 0.332744 0.627264 0.418228 0.218976 0.376521 0.809068 0.416987 0.102217
BD_Brms
 7.15714 3.19809 0.73653 0.784929 0.194174 0.016627 1.4648 0.286414 0.0794702 0.431033 0.0641148 0.239591 0.463661 0.260941 0.148515 0.144679 1.77194 0.923254 4.64991 2.98273 1.60919 2.90111 3.13073 1.72319 3.24843 2.16589 1.13402 1.9499 4.18995 2.15947 0.529355
Sel_flota
 0.661497 1 1 1 1
 0.661497 1 1 1 1
 0.661497 1 1 1 1
 0.661497 1 1 1 1
 0.661497 1 1 1 1
 0.661497 1 1 1 1
 0.661497 1 1 1 1
 0.661497 1 1 1 1
 0.661497 1 1 1 1
 0.661497 1 1 1 1
 0.661497 1 1 1 1
 0.661497 1 1 1 1
 0.661497 1 1 1 1
 0.661497 1 1 1 1
 0.661497 1 1 1 1
 0.661497 1 1 1 1
 0.661497 1 1 1 1
 0.661497 1 1 1 1
 0.661497 1 1 1 1
 0.661497 1 1 1 1
 0.661497 1 1 1 1
 0.661497 1 1 1 1
 0.661497 1 1 1 1
 0.661497 1 1 1 1
 0.661497 1 1 1 1
 0.661497 1 1 1 1
 0.661497 1 1 1 1
 0.661497 1 1 1 1
 0.661497 1 1 1 1
 0.661497 1 1 1 1
 0.661497 1 1 1 1
Sel_reclas
 1 1 1 1 1
 1 1 1 1 1
 1 1 1 1 1
 1 1 1 1 1
 1 1 1 1 1
 1 1 1 1 1
 1 1 1 1 1
 1 1 1 1 1
 1 1 1 1 1
 1 1 1 1 1
 1 1 1 1 1
 1 1 1 1 1
 1 1 1 1 1
 1 1 1 1 1
 1 1 1 1 1
 1 1 1 1 1
 1 1 1 1 1
 1 1 1 1 1
 1 1 1 1 1
 1 1 1 1 1
 1 1 1 1 1
 1 1 1 1 1
 1 1 1 1 1
 1 1 1 1 1
 1 1 1 1 1
 1 1 1 1 1
 1 1 1 1 1
 1 1 1 1 1
 1 1 1 1 1
 1 1 1 1 1
 1 1 1 1 1
Sel_pelaces
 1 1 1 1 1
 1 1 1 1 1
 1 1 1 1 1
 1 1 1 1 1
 1 1 1 1 1
 1 1 1 1 1
 1 1 1 1 1
 1 1 1 1 1
 1 1 1 1 1
 1 1 1 1 1
 1 1 1 1 1
 1 1 1 1 1
 1 1 1 1 1
 1 1 1 1 1
 1 1 1 1 1
 1 1 1 1 1
 1 1 1 1 1
 1 1 1 1 1
 1 1 1 1 1
 1 1 1 1 1
 1 1 1 1 1
 1 1 1 1 1
 1 1 1 1 1
 1 1 1 1 1
 1 1 1 1 1
 1 1 1 1 1
 1 1 1 1 1
 1 1 1 1 1
 1 1 1 1 1
 1 1 1 1 1
 1 1 1 1 1
pf_obs 
 0.8446 0.082 0.0669 0.0065 0
 0.8095 0.147 0.0364 0.0071 0
 0.9664 0.0169 0.016 0.0007 0
 0.9276 0.0648 0.0075 0.0001 0
 0.7033 0.2144 0.0806 0.0017 0
 0.9318 0.0425 0.0243 0.0014 0
 0.5671 0.3108 0.0964 0.0239 0.0018
 0.0768 0.2599 0.5324 0.112 0.0189
 0.490249 0.384438 0.106611 0.0170017 0.00170017
 0.7925 0.1577 0.0466 0.003 0.0002
 0.840416 0.127587 0.0312969 0.00059994 9.999e-05
 0.8084 0.0986 0.0794 0.0134 0.0002
 0.7335 0.1905 0.0724 0.0035 0.0001
 0.4001 0.4547 0.1325 0.0127 0
 0.49795 0.308269 0.164784 0.0264974 0.00249975
 0.9179 0.0499 0.0305 0.0017 0
 0.2467 0.6533 0.0926 0.0074 0
 0.9418 0.0223 0.034 0.0019 0
 0.707729 0.231977 0.0356964 0.0245975 0
 0.517169 0.277429 0.184464 0.0207286 0.00020938
 0.811772 0.124168 0.05621 0.00726502 0.000585176
 0.764997 0.148141 0.077277 0.00933861 0.000247198
 0.163321 0.427699 0.378323 0.0303852 0.000271297
 0.753843 0.0900009 0.118128 0.0371064 0.000921714
 0.721811 0.176058 0.0630433 0.0369309 0.00215725
 0.143369 0.312575 0.442814 0.0836902 0.0175525
 0.692698 0.0596174 0.167031 0.0765114 0.00414204
 0.394062 0.376323 0.152708 0.0712218 0.00568511
 0.125707 0.32114 0.495352 0.0537591 0.00404204
 0.23352 0.215282 0.420074 0.123614 0.00750983
 0 0 0 0 0
pf_pred 
 0.0275429 0.17507 0.714215 0.0831719 6.05966e-07
 0.0567475 0.0404352 0.162533 0.663068 0.0772164
 0.943642 0.00533749 0.00218714 0.00879141 0.0400421
 0.160032 0.812064 0.00264267 0.00108289 0.0241781
 0.284757 0.197265 0.500771 0.00162964 0.0155776
 0.997962 0.00109264 0.000260718 0.000661852 2.27422e-05
 0.0452161 0.953632 0.00061746 0.000147334 0.000386869
 0.113713 0.0800124 0.805302 0.000521419 0.000451112
 0.973238 0.00511765 0.00195399 0.0196663 2.37502e-05
 0.251322 0.737544 0.00212918 0.00081295 0.00819199
 0.952802 0.0204546 0.0263453 7.60551e-05 0.000321659
 0.898743 0.0983593 0.00125603 0.00161775 2.44219e-05
 0.682125 0.300466 0.0169103 0.000215941 0.000282328
 0.793714 0.166643 0.0374713 0.00210889 6.21395e-05
 0.819879 0.162612 0.0141441 0.00318043 0.000184269
 0.98244 0.0160682 0.0013466 0.000117128 2.78633e-05
 0.0628303 0.92779 0.0085826 0.000719268 7.74451e-05
 0.962727 0.00382312 0.033115 0.000306333 2.84365e-05
 0.491449 0.496796 0.00120574 0.0104438 0.00010558
 0.30525 0.429349 0.259267 0.000629248 0.0055055
 0.868325 0.0572824 0.0459742 0.027762 0.000656902
 0.766784 0.214013 0.00835369 0.00670457 0.00414443
 0.0472309 0.808094 0.132763 0.0051822 0.00673016
 0.826811 0.0130307 0.135839 0.0223171 0.00200244
 0.536196 0.410691 0.00399624 0.0416587 0.00745827
 0.233874 0.499904 0.235735 0.00229382 0.0281929
 0.857445 0.0475806 0.0619718 0.0292234 0.00377936
 0.75865 0.2192 0.00739297 0.00962905 0.00512791
 0.073831 0.771269 0.140684 0.00474486 0.00947111
 0.0971862 0.100968 0.667739 0.1218 0.0123077
 0.788408 0.0325254 0.0200262 0.132441 0.0265992
pobs_RECLAS
 0 0 0 0 0
 0 0 0 0 0
 0 0 0 0 0
 0 0 0 0 0
 0 0 0 0 0
 0 0 0 0 0
 0 0 0 0 0
 0 0 0 0 0
 0 0 0 0 0
 0 0 0 0 0
 0.991045 0.00858322 0.000360255 1.14367e-05 0
 0.934742 0.0480273 0.0164251 0.00080598 0
 0.827803 0.169806 0.00239088 0 0
 0.941827 0.0461693 0.0120037 0 0
 0.791401 0.0380133 0.147996 0.0225897 0
 0.846168 0.0940531 0.0597789 0 0
 0.134021 0.677848 0.182769 0.00536245 0
 0.80878 0.0450904 0.141981 0.00414843 0
 0.846168 0.0940531 0.0597789 0 0
 0.905697 0.0802665 0.012482 0.00150086 5.37128e-05
 0.989698 0.0102097 9.19794e-05 0 0
 0.975433 0.0193895 0.00387452 0.00125025 5.28907e-05
 0.303575 0.632131 0.0575291 0.00676475 0
 0.966965 0.00978017 0.0227588 0.000495775 0
 0.843318 0.132988 0.00938335 0.0141283 0.000182051
 0.564624 0.303363 0.111486 0.0197234 0.00080311
 0.826376 0.0876187 0.0782897 0.00655872 0.00115652
 0.89761 0.0855135 0.0140674 0.00269457 0.000114338
 0.34875 0.467042 0.161289 0.0227151 0.000203297
 0.318654 0.224769 0.449479 0.00709798 0
 0.937255 0.0296025 0.0250945 0.00804832 0
ppred_RECLAS
 0.0413462 0.172585 0.704077 0.0819914 5.97365e-07
 0.0855203 0.0392018 0.157575 0.642842 0.074861
 0.962996 0.0035045 0.00143604 0.00577229 0.0262909
 0.235541 0.739063 0.0024051 0.000985539 0.0220046
 0.424938 0.158603 0.402624 0.00131024 0.0125245
 0.998679 0.000708145 0.000168972 0.000428949 1.47393e-05
 0.0721561 0.926725 0.000600038 0.000143177 0.000375954
 0.168417 0.0750738 0.755597 0.000489235 0.000423268
 0.982824 0.00328462 0.00125411 0.0126223 1.52434e-05
 0.362016 0.628496 0.00181438 0.000692753 0.00698078
 0.968876 0.0134886 0.0173732 5.0154e-05 0.000212116
 0.934349 0.0637717 0.000814351 0.00104888 1.58341e-05
 0.775211 0.212478 0.0119583 0.000152705 0.000199651
 0.869155 0.1057 0.0237676 0.00133765 3.94144e-05
 0.886378 0.102577 0.00892223 0.00200625 0.000116239
 0.988679 0.0103589 0.000868131 7.55105e-05 1.7963e-05
 0.0939696 0.896963 0.00829743 0.000695369 7.48718e-05
 0.975366 0.00252671 0.0218858 0.000202456 1.87938e-05
 0.598189 0.392523 0.000952664 0.00825176 8.34196e-05
 0.406284 0.36691 0.221563 0.000537739 0.00470486
 0.910563 0.0389077 0.0312268 0.0188567 0.000446185
 0.835586 0.150876 0.00588925 0.00472664 0.00292177
 0.0706672 0.788217 0.129497 0.00505473 0.00656461
 0.879564 0.00906161 0.0944626 0.0155194 0.0013925
 0.63893 0.319722 0.00311106 0.0324312 0.00580624
 0.318919 0.444412 0.209567 0.0020392 0.0250634
 0.902259 0.0326229 0.04249 0.0200366 0.00259126
 0.827232 0.156912 0.00529218 0.00689285 0.00367076
 0.108231 0.742623 0.135459 0.00456862 0.00911934
 0.142466 0.0959036 0.634249 0.115691 0.0116904
 0.854346 0.0223895 0.0137854 0.0911686 0.0183101
pobs_PELACES
 0 0 0 0 0
 0 0 0 0 0
 0 0 0 0 0
 0 0 0 0 0
 0 0 0 0 0
 0 0 0 0 0
 0 0 0 0 0
 0 0 0 0 0
 0 0 0 0 0
 0 0 0 0 0
 0 0 0 0 0
 0 0 0 0 0
 0 0 0 0 0
 0 0 0 0 0
 0 0 0 0 0
 0 0 0 0 0
 0.505614 0.472636 0.0217494 0 0
 0 0 0 0 0
 0.443492 0.261883 0.143347 0.151278 0
 0.227955 0.32914 0.350689 0.0885471 0.00366901
 0.970185 0.0296113 0.000203453 0 0
 0.997202 0.00247181 0.000326279 0 0
 0.445219 0.490057 0.0546422 0.010081 0
 0.90214 0.0892962 0.00764917 0.000914606 0
 0 0 0 0 0
 0.581667 0.319106 0.0959925 0.00289975 0.000334073
 0.762889 0.0836404 0.116647 0.0363945 0.000428098
 0.88444 0.0763242 0.0277011 0.0115352 0
 0.521256 0.241999 0.230069 0.00667565 0
 0.616807 0.101726 0.260614 0.0208532 0
 0 0 0 0 0
ppred_PELACES
 0.0423446 0.172405 0.703344 0.081906 5.96743e-07
 0.0914882 0.0389459 0.156546 0.638647 0.0743724
 0.965537 0.00326383 0.00133742 0.00537588 0.0244854
 0.261646 0.713826 0.00232297 0.000951885 0.0212532
 0.498183 0.138402 0.351343 0.00114336 0.0109293
 0.998756 0.00066697 0.000159148 0.000404008 1.38823e-05
 0.083698 0.915197 0.000592573 0.000141396 0.000371277
 0.18322 0.0737375 0.742147 0.000480527 0.000415734
 0.984381 0.00298681 0.0011404 0.0114778 1.38613e-05
 0.408643 0.582562 0.00168177 0.000642123 0.00647059
 0.97055 0.0127631 0.0164388 4.74564e-05 0.000200707
 0.941739 0.0565933 0.000722685 0.000930812 1.40517e-05
 0.797161 0.19173 0.0107906 0.000137794 0.000180157
 0.892325 0.0869829 0.0195589 0.00110078 3.2435e-05
 0.90613 0.0847455 0.00737121 0.00165749 9.60322e-05
 0.989563 0.00954999 0.00080034 6.9614e-05 1.65603e-05
 0.0995711 0.891417 0.00824613 0.00069107 7.44089e-05
 0.976379 0.00242281 0.0209858 0.000194131 1.8021e-05
 0.611298 0.379717 0.000921585 0.00798255 8.06981e-05
 0.425195 0.355224 0.214506 0.000520611 0.004555
 0.915307 0.0368437 0.0295703 0.0178563 0.000422515
 0.843971 0.143182 0.00558889 0.00448558 0.00277276
 0.0736555 0.785682 0.129081 0.00503847 0.00654351
 0.8835 0.00876547 0.0913755 0.0150122 0.00134699
 0.647919 0.311762 0.00303361 0.0316238 0.00566169
 0.328681 0.438042 0.206563 0.00200997 0.0247041
 0.906234 0.0312961 0.040762 0.0192217 0.00248588
 0.830891 0.153589 0.0051801 0.00674687 0.00359301
 0.110599 0.74065 0.135099 0.00455649 0.00909512
 0.149813 0.095082 0.628815 0.1147 0.0115903
 0.866066 0.020588 0.0126762 0.083833 0.0168369
pobs_pel_tallas
 0 0 0 0 0 0 0 0 0 0 0 0 0 0 0 0 0 0 0 0 0 0 0 0 0 0
 0 0 0 0 0 0 0 0 0 0 0 0 0 0 0 0 0 0 0 0 0 0 0 0 0 0
 0 0 0 0 0 0 0 0 0 0 0 0 0 0 0 0 0 0 0 0 0 0 0 0 0 0
 0 0 0 0 0 0 0 0 0 0 0 0 0 0 0 0 0 0 0 0 0 0 0 0 0 0
 0 0 0 0 0 0 0 0 0 0 0 0 0 0 0 0 0 0 0 0 0 0 0 0 0 0
 0 0 0 0 0 0 0 0 0 0 0 0 0 0 0 0 0 0 0 0 0 0 0 0 0 0
 0 0 0 0 0 0 0 0 0 0 0 0 0 0 0 0 0 0 0 0 0 0 0 0 0 0
 0 0 0 0 0 0 0 0 0 0 0 0 0 0 0 0 0 0 0 0 0 0 0 0 0 0
 0 0 0 0 0 0 0 0 0 0 0 0 0 0 0 0 0 0 0 0 0 0 0 0 0 0
 0 0 0 0 0 0 0 0 0 0 0 0 0 0 0 0 0 0 0 0 0 0 0 0 0 0
 0 0 0 0 0 0 0 0 0 0 0 0 0 0 0 0 0 0 0 0 0 0 0 0 0 0
 0 0 0 0 0 0 0 0 0 0 0 0 0 0 0 0 0 0 0 0 0 0 0 0 0 0
 0.00862536 0 0 0.000197151 0.00414017 0.0128641 0.00837892 0.0270097 0.101434 0.158115 0.152841 0.127902 0.109271 0.109419 0.0830992 0.0579132 0.0238553 0.00714673 0.00463305 0.00128148 0.00103504 0.000492878 0.000147863 0.000147863 4.92878e-05 0
 0 0 0 0 0 0 0 0 0 0 0 0 0 0 0 0 0 0 0 0 0 0 0 0 0 0
 0 0 0 0 0 0 0 0.0054083 0.00873648 0.0413646 0.0450493 0.0745869 0.0622846 0.0627006 0.0613931 0.0827291 0.12552 0.122667 0.0946155 0.0697135 0.0546179 0.0294188 0.0215738 0.0213955 0.0102223 0.00600262
 0 0 0 0 0.00359764 0.0251062 0.0480494 0.140153 0.205849 0.193036 0.1447 0.116669 0.0760912 0.0342217 0.00950174 0.001854 0.000860785 0 0 0 0.000165536 0 0.000143464 0 0 0
 0 0 0 0 0 0 0 0.000145254 0.000435761 0.0275982 0.070085 0.0708112 0.156366 0.174668 0.174014 0.160142 0.0824315 0.0480064 0.0283245 0.00493863 0.00203355 0 0 0 0 0
 0 0 0 0 0 0 0 0 0 0 0 0 0 0 0 0 0 0 0 0 0 0 0 0 0 0
 0 0 1.00437e-05 0.000401748 0.00122533 0.00171747 0.00176769 0.0269171 0.070346 0.194647 0.189555 0.159765 0.064822 0.0314167 0.0384472 0.0292271 0.0345202 0.0313363 0.0194345 0.0106764 0.0143323 0.0359363 0.0279516 0.0138201 0.00172751 0
 0 0.0021121 0.0136068 0.0755702 0.200478 0.177729 0.0527432 0.0373336 0.0318909 0.0142505 0.0149659 0.0166563 0.0217959 0.0798694 0.0677717 0.0528807 0.04013 0.0224614 0.0357745 0.0225083 0.00881397 0.00855152 0.00135912 0.000746735 0 0
 0 0 0 0 5.4009e-05 0.00500934 0.000945158 0.0243581 0.138947 0.33067 0.221406 0.137944 0.0707744 0.0437923 0.0131692 0.00525238 0.0047753 0.00276346 9.45158e-05 9.00151e-06 2.25038e-05 9.00151e-06 4.50075e-06 0 0 0
 0.000866109 0.00284123 0.00948549 0.0512746 0.133035 0.25785 0.225252 0.132002 0.0553304 0.0519788 0.0540692 0.017754 0.00435017 0.00159236 0.00146478 0.000404838 0.000125132 0.000115318 0.000107957 0.000100596 0 0 0 0 0 0
 0 0 0 0 0.00144013 0.00171154 0.00461396 0.0210425 0.0478622 0.0707936 0.0888783 0.103762 0.0637923 0.0337046 0.0602308 0.124433 0.169614 0.0934646 0.0462172 0.0250306 0.0313229 0.00938855 0.002487 0.000210481 0 0
 0 0.00764035 0.051015 0.0998891 0.058973 0.0496711 0.0374665 0.0718981 0.12319 0.153886 0.159021 0.0857701 0.0377988 0.023471 0.0147837 0.00900784 0.00315554 0.000888139 0.00291439 0.00214683 0.00393193 0.00274676 0.000635225 9.99891e-05 0 0
 0 0 0 0 0 0 0 0 0 0 0 0 0 0 0 0 0 0 0 0 0 0 0 0 0 0
 0 0 0 0 0 0 0 0 0 0 0 0 0 0 0 0 0 0 0 0 0 0 0 0 0 0
 0 0 0 0 0 0 0 0 0 0 0 0 0 0 0 0 0 0 0 0 0 0 0 0 0 0
 0 0 0 0 0 0 0 0 0 0 0 0 0 0 0 0 0 0 0 0 0 0 0 0 0 0
 0 0 0 0 0 0 0 0 0 0 0 0 0 0 0 0 0 0 0 0 0 0 0 0 0 0
 0 0 0 0 0 0 0 0 0 0 0 0 0 0 0 0 0 0 0 0 0 0 0 0 0 0
 0 0 0 0 0 0 0 0 0 0 0 0 0 0 0 0 0 0 0 0 0 0 0 0 0 0
ppred_pel_tallas
 1.28556e-16 3.48791e-06 3.39037e-05 0.000225303 0.0010242 0.00318678 0.00679041 0.00991449 0.00993218 0.00687736 0.00348184 0.00189017 0.00245076 0.00506334 0.0100568 0.0179279 0.0288697 0.0426461 0.0588001 0.0768011 0.0957264 0.113622 0.1273 0.133204 0.129045 0.115126
 1.81161e-16 7.53577e-06 7.32504e-05 0.000486775 0.00221281 0.0068849 0.0146692 0.0214109 0.0214152 0.0146901 0.00695658 0.0024267 0.0010504 0.00139584 0.00280269 0.00540318 0.00972782 0.0166108 0.0272243 0.0429294 0.0647251 0.0923606 0.123544 0.153836 0.177573 0.189583
 1.04723e-16 7.953e-05 0.00077306 0.00513726 0.0233532 0.0726606 0.154811 0.225951 0.225952 0.154813 0.0726659 0.0233688 0.00517681 0.00086129 0.000253134 0.00031005 0.000484608 0.000718125 0.00102775 0.00146611 0.0021111 0.0030313 0.00423454 0.0056271 0.00701009 0.00812325
 1.03942e-16 2.15516e-05 0.000209489 0.00139213 0.00632847 0.0196906 0.0419554 0.0612496 0.0613182 0.0422908 0.0208161 0.00957731 0.00953956 0.0179703 0.0336789 0.0554521 0.0794318 0.0989561 0.107267 0.101286 0.0835331 0.0605717 0.0392691 0.023705 0.0144854 0.0100042
 1.12139e-16 4.10347e-05 0.000398872 0.00265064 0.0120495 0.0374904 0.0798778 0.116587 0.116601 0.0799457 0.0377199 0.012719 0.00435579 0.00420212 0.00750042 0.0129489 0.0200737 0.0281959 0.0365312 0.0445261 0.0518625 0.0580606 0.0621331 0.0627939 0.0591852 0.0515502
 1.00048e-16 8.22662e-05 0.000799657 0.005314 0.0241567 0.0751604 0.160137 0.233725 0.233725 0.160137 0.0751614 0.0241597 0.00532171 0.000816526 0.000114448 5.93884e-05 7.85054e-05 0.000100657 0.000115524 0.000120831 0.0001192 0.00011599 0.000115552 0.000118577 0.000122217 0.000122328
 1.00329e-16 6.89428e-06 6.7015e-05 0.000445342 0.00202452 0.00629949 0.013425 0.0196126 0.0197006 0.0138549 0.0077423 0.00618912 0.0108888 0.0228308 0.0431388 0.0710418 0.101717 0.126606 0.136995 0.128873 0.105408 0.0749775 0.0464058 0.0250262 0.0118037 0.00492022
 1.21555e-16 1.50916e-05 0.000146696 0.000974844 0.0044315 0.0137881 0.0293773 0.0428787 0.042887 0.0294181 0.0139282 0.00485059 0.00208069 0.00273859 0.00545671 0.0103454 0.0180258 0.0291378 0.0440695 0.062554 0.0831038 0.102661 0.117039 0.122324 0.116635 0.101133
 1.01188e-16 8.10822e-05 0.000788148 0.00523752 0.023809 0.0740786 0.157832 0.230361 0.230361 0.157834 0.0740835 0.023823 0.00527307 0.000866864 0.00023401 0.00026817 0.000402882 0.000562656 0.000737208 0.000937597 0.00119032 0.00151781 0.00191201 0.00232036 0.0026564 0.00283144
 1.01357e-16 3.36595e-05 0.000327183 0.00217425 0.00988384 0.0307526 0.0655238 0.0956456 0.0957016 0.0657974 0.0316711 0.0125351 0.00882279 0.0148199 0.0274959 0.0452406 0.0647872 0.0806742 0.0873662 0.0823263 0.0675833 0.0484757 0.0306097 0.0173505 0.00926443 0.00513741
 1.00517e-16 7.99429e-05 0.000777074 0.00516393 0.0234745 0.0730378 0.155615 0.227125 0.227126 0.155621 0.0730584 0.0235344 0.00531544 0.00111135 0.000725109 0.00109896 0.00163721 0.00218662 0.00264538 0.00295907 0.00313378 0.00320405 0.00318439 0.00305227 0.00277628 0.00235813
 1.00132e-16 7.75698e-05 0.000754006 0.00501064 0.0227776 0.0708697 0.150996 0.220384 0.220389 0.151022 0.0709589 0.0230353 0.00565676 0.00216262 0.00274728 0.00440461 0.0063037 0.0078561 0.008521 0.0080522 0.00664536 0.0048152 0.00310047 0.00182191 0.00103048 0.000608269
 1.00405e-16 6.56611e-05 0.00063825 0.00424139 0.0192808 0.0599897 0.127815 0.186554 0.186572 0.127905 0.0602923 0.0201544 0.00643307 0.00541813 0.00913002 0.0149543 0.0214517 0.0267975 0.0291782 0.027755 0.0231664 0.0171144 0.0113767 0.00700751 0.00417935 0.0025286
 1.00703e-16 7.34996e-05 0.000714443 0.00474772 0.0215825 0.0671511 0.143073 0.208821 0.208829 0.143114 0.0672889 0.0219805 0.00574734 0.0028982 0.0042254 0.00688075 0.00993124 0.0125419 0.0139107 0.0136601 0.0120469 0.00976947 0.00753493 0.00573018 0.00438741 0.00336041
 1.00417e-16 7.46367e-05 0.000725496 0.00482117 0.0219164 0.06819 0.145286 0.212051 0.212059 0.145326 0.0683238 0.0223029 0.00579098 0.00284133 0.00408929 0.00663253 0.0095241 0.0119278 0.0130462 0.0125118 0.0106036 0.00806081 0.00564799 0.00380698 0.00259508 0.00184425
 1.00036e-16 8.1509e-05 0.000792297 0.00526509 0.0239343 0.0744686 0.158663 0.231574 0.231575 0.158668 0.0744837 0.0239779 0.00537436 0.00103067 0.00053375 0.000752137 0.00107257 0.00134219 0.00146647 0.00140354 0.00118471 0.000893439 0.000616396 0.000404172 0.000264151 0.000178156
 1.00548e-16 8.20172e-06 7.97238e-05 0.000529797 0.00240843 0.00749398 0.0159699 0.0233265 0.0234122 0.0163887 0.00889956 0.0064657 0.0107046 0.02226 0.04204 0.0692445 0.0991775 0.123516 0.133784 0.126076 0.10346 0.074057 0.0464096 0.0256655 0.0127421 0.00588097
 1.00629e-16 8.04231e-05 0.000781741 0.00519494 0.0236155 0.0734764 0.156549 0.228488 0.228489 0.156551 0.0734809 0.0236288 0.00523008 0.000863485 0.000250359 0.000324754 0.000548413 0.000872596 0.00130056 0.00182344 0.00240063 0.00294881 0.00335233 0.00350154 0.00334217 0.00290501
 1.00938e-16 5.03519e-05 0.000489438 0.00325249 0.0147854 0.046003 0.0980155 0.143064 0.143101 0.0981939 0.0466017 0.0165136 0.00758646 0.00993713 0.0179539 0.0294991 0.0422499 0.052629 0.0570335 0.0538166 0.0443029 0.031966 0.0204421 0.0118965 0.00666873 0.0039478
 1.07105e-16 3.50228e-05 0.000340434 0.00226231 0.0102841 0.031998 0.0681764 0.0995126 0.0995471 0.068345 0.0325649 0.0119248 0.00639242 0.0093956 0.0173463 0.0289168 0.0423342 0.0546431 0.0627821 0.0652215 0.0626983 0.0573949 0.0513204 0.0452764 0.039041 0.0322462
 1.02726e-16 7.53926e-05 0.000732843 0.00487 0.0221383 0.0688806 0.146757 0.214198 0.214201 0.146775 0.0689397 0.0223098 0.00530264 0.00168457 0.00190447 0.00308627 0.00457406 0.00604062 0.00720788 0.00795505 0.00837041 0.00864462 0.00889225 0.00905563 0.00895861 0.00844508
 1.01118e-16 6.95168e-05 0.000675728 0.00449045 0.020413 0.0635123 0.13532 0.197507 0.197521 0.135388 0.0637383 0.0210653 0.00612683 0.00424445 0.00683689 0.0111661 0.0160168 0.0200139 0.021811 0.0207966 0.0174671 0.0131111 0.00906119 0.00608675 0.00427304 0.00328848
 1.05539e-16 6.06707e-06 5.89742e-05 0.000391908 0.0017816 0.00554363 0.0118141 0.0172589 0.0173346 0.0121842 0.00678647 0.00537156 0.00940401 0.0197351 0.0373816 0.0618067 0.0890687 0.112065 0.123524 0.120036 0.104042 0.0820995 0.0609217 0.0442897 0.0326161 0.0244768
 1.04373e-16 7.27727e-05 0.000707377 0.00470077 0.021369 0.0664869 0.141657 0.206753 0.206754 0.141662 0.0665038 0.0214196 0.00483481 0.00102317 0.000740541 0.00128675 0.00226128 0.00371031 0.00571029 0.00826412 0.0112153 0.0141879 0.016625 0.0179567 0.0178298 0.0162663
 1.04297e-16 5.33683e-05 0.000518759 0.00344733 0.0156711 0.0487588 0.103887 0.151632 0.151662 0.104033 0.0492506 0.0170911 0.00700914 0.00828607 0.0147816 0.0242935 0.0348581 0.0435715 0.0475347 0.0454611 0.0384881 0.0294682 0.0213075 0.0156151 0.0124385 0.0108816
 1.10456e-16 2.70731e-05 0.000263161 0.0017488 0.0079498 0.024735 0.0527021 0.0769292 0.0769716 0.0529096 0.0254324 0.00996678 0.00682234 0.0113739 0.0212313 0.0353242 0.051504 0.0660562 0.0751562 0.0769597 0.0725615 0.0649797 0.0570698 0.0500928 0.0437943 0.0374384
 1.03533e-16 7.46453e-05 0.000725579 0.00482173 0.0219189 0.0681978 0.145303 0.212074 0.212077 0.145318 0.0682486 0.0220665 0.00519529 0.00155149 0.00167403 0.00273076 0.00411893 0.00558795 0.00693506 0.00807221 0.00904953 0.00995447 0.0107706 0.0113287 0.0113936 0.0108117
 1.01474e-16 6.84394e-05 0.000665256 0.00442086 0.0200966 0.062528 0.133223 0.194446 0.194461 0.133295 0.0627704 0.0207963 0.00617611 0.00449319 0.0073274 0.011977 0.0171815 0.0214726 0.0234098 0.0223425 0.0188099 0.0141997 0.00994173 0.00685342 0.00500982 0.00403405
 1.06085e-16 9.11003e-06 8.85528e-05 0.000588468 0.00267513 0.00832372 0.0177372 0.0259029 0.0259744 0.0180862 0.00949576 0.00606088 0.00908896 0.018651 0.0352793 0.0583514 0.0841498 0.106004 0.117081 0.114177 0.0995652 0.0793672 0.059823 0.0444103 0.0334654 0.0256451
 1.31635e-16 1.23399e-05 0.000119948 0.000797098 0.0036235 0.0112741 0.024021 0.0350615 0.0350716 0.0240711 0.0114452 0.00413032 0.00211737 0.00316138 0.00625606 0.0115451 0.0194853 0.0304772 0.0447706 0.062264 0.0820252 0.101791 0.118034 0.126965 0.126091 0.115389
 1.11628e-16 7.13367e-05 0.000693418 0.00460801 0.0209473 0.0651749 0.138862 0.202674 0.202676 0.138872 0.0652085 0.0210451 0.00485616 0.00124511 0.00115016 0.00187559 0.00291527 0.00417108 0.00564557 0.00746487 0.00984977 0.0129617 0.0167007 0.0205988 0.0239035 0.0258291
pSPR Fmed_Fpbrs
0.366055   0.243097 0.243097
Fs Fmed_Fpbrs
0.661007   1.005 1.005
SSBpbr Bo_Bmed_Bpbrs
1.66024e+06  524727  320588 320588
Ro
47021
SPR SPRFo_SPRFmed_SPRFpbrs
334821 122563 81394
Fref
1.005
log_Ro
10.5784
likeval ReclasPelacesDesembMPH_pf_preclas_ppelaces_ptallas_desvR_qrecl_qpela
 28.3282 72.4143 0.182502 0.00156839 328.557 133.125 100.689 0 135.313 2.74866e-05 0 0.00558551 0 0 0
q_reclas_q_pelaces
2.10207 1
M
1
N
 5742.01 24889.5 101539 11824.5 0.0861495
 3554.66 1822.76 7326.75 29890.2 3480.81
 207314 843.688 345.718 1389.64 6329.38
 12704.1 49270.2 160.338 65.7016 1466.95
 3497.09 2041.65 5182.89 16.8665 161.225
 288330 223.9 53.4254 135.624 4.66025
 4537.16 74359.9 48.1467 11.4884 30.1663
 1236.89 643.703 6478.69 4.19484 3.62922
 64209.8 248.425 94.8519 954.657 1.1529
 5695.84 13328.9 38.4787 14.6917 148.046
 42981.1 652.37 840.246 2.42567 10.2589
 136293 11281.2 144.059 185.547 2.80105
 70619.9 23594.1 1327.88 16.9567 22.1698
 70477.2 11983.5 2694.59 151.652 4.4685
 43780 6996.32 608.544 136.837 7.92811
 384446 4562.28 382.343 33.2564 7.91128
 8263.71 86924.5 804.102 67.3881 7.25581
 752185 2079.82 18014.9 166.648 15.4698
 300786 214473 520.533 4508.74 45.5802
 78694.5 79967.1 48289 117.199 1025.41
 390286 18255.6 14651.7 8847.61 209.351
 508034 100818 3935.3 3158.42 1952.38
 10826.5 129209 21227.8 828.597 1076.11
 280319 3057.69 31874.8 5236.74 469.876
 155354 82494.6 802.716 8367.89 1498.12
 30396.1 45317.2 21369.8 207.939 2555.74
 221536 8587.15 11184.4 5274.13 682.084
 314810 62096.5 2094.33 2727.78 1452.67
 13961.7 99391.8 18129.7 611.46 1220.52
 6043.14 4447.71 29414.5 5365.38 542.165
 51635.6 1568.64 965.826 6387.4 1282.83
pred_Ctot
 503.65 3201.33 13060.2 1520.89 0.0110807
 826.039 588.59 2365.89 9651.87 1123.99
 48055.9 271.817 111.382 447.711 2039.18
 4830.13 24510 79.7617 32.684 729.752
 2082.29 1442.5 3661.88 11.9167 113.911
 56080.6 61.4011 14.6511 37.1929 1.278
 1899.7 40065.6 25.9418 6.19003 16.2538
 372.684 262.233 2639.3 1.7089 1.47848
 18518.4 97.3767 37.1797 374.203 0.45191
 2715.94 7970.35 23.0092 8.78523 88.5276
 8001.16 171.768 221.235 0.638673 2.70114
 48439.8 5301.3 67.6964 87.1923 1.31627
 25579.2 11267.3 634.124 8.09763 10.5871
 35998.9 7558.1 1699.51 95.6487 2.81833
 21875.2 4338.65 377.378 84.857 4.91648
 97407.8 1593.14 133.514 11.6131 2.76261
 1701.49 25125.2 232.423 19.4783 2.09727
 109187 433.595 3755.7 34.7425 3.2251
 54135.7 54724.6 132.818 1150.44 11.6302
 19073.6 26827.9 16200.3 39.3187 344.012
 75611.3 4987.99 4003.3 2417.44 57.2012
 102133 28505.7 1112.68 893.024 552.022
 1624.27 27790.4 4565.71 178.216 231.451
 36097.2 568.901 5930.5 974.328 87.4233
 20723 15872.5 154.447 1610.03 288.248
 4555.66 9737.67 4591.9 44.6816 549.172
 34083.9 1891.35 2463.41 1161.65 150.232
 28569 8254.56 278.402 362.607 193.105
 1197.06 12505 2280.98 76.9308 153.56
 1156.9 1201.91 7948.71 1449.89 146.51
 14998.2 618.744 380.966 2519.48 506.008
F
 0.147456 0.222913 0.222913 0.222913 0.222913
 0.438232 0.662486 0.662486 0.662486 0.662486
 0.436918 0.660499 0.660499 0.660499 0.660499
 0.828165 1.25196 1.25196 1.25196 1.25196
 1.74849 2.64323 2.64323 2.64323 2.64323
 0.355189 0.536947 0.536947 0.536947 0.536947
 0.952819 1.4404 1.4404 1.4404 1.4404
 0.605217 0.914921 0.914921 0.914921 0.914921
 0.572218 0.865036 0.865036 0.865036 0.865036
 1.16688 1.764 1.764 1.764 1.764
 0.33762 0.510388 0.510388 0.510388 0.510388
 0.753814 1.13956 1.13956 1.13956 1.13956
 0.773785 1.16975 1.16975 1.16975 1.16975
 1.3099 1.98021 1.98021 1.98021 1.98021
 1.26136 1.90682 1.90682 1.90682 1.90682
 0.486763 0.735851 0.735851 0.735851 0.735851
 0.379594 0.573841 0.573841 0.573841 0.573841
 0.254797 0.385182 0.385182 0.385182 0.385182
 0.324783 0.490981 0.490981 0.490981 0.490981
 0.461101 0.697056 0.697056 0.697056 0.697056
 0.35356 0.534486 0.534486 0.534486 0.534486
 0.36912 0.558008 0.558008 0.558008 0.558008
 0.264342 0.399612 0.399612 0.399612 0.399612
 0.223198 0.337413 0.337413 0.337413 0.337413
 0.232023 0.350754 0.350754 0.350754 0.350754
 0.264046 0.399165 0.399165 0.399165 0.399165
 0.271897 0.411033 0.411033 0.411033 0.411033
 0.152899 0.231141 0.231141 0.231141 0.231141
 0.14393 0.217583 0.217583 0.217583 0.217583
 0.348715 0.52716 0.52716 0.52716 0.52716
 0.577423 0.872904 0.872904 0.872904 0.872904
nmprior
 8 9 7.5 0
nm_flota  nm_reclas  nm_pelaces    nm_pelaL
inf 9.25474 5.16154 7.16696
cv_recla  cv_pelaces  cv_mph
0.481431 1.00133 1.22217
 ------------------------------------------------
Talla a la edad & desviación 
 8 13.2811 15.8009 17.003 17.5766
 0.8 1.32811 1.58009 1.7003 1.75766
