years
 1991 1992 1993 1994 1995 1996 1997 1998 1999 2000 2001 2002 2003 2004 2005 2006 2007 2008 2009 2010 2011 2012 2013 2014 2015 2016 2017 2018 2019 2020 2021
reclasobs
 0 0 0 0 0 0 0 0 0 252601 567819 844713 477998 351125 339783 2.1784e+06 2.13404e+06 4.81314e+06 1.55562e+06 2.62356e+06 3.21686e+06 3.843e+06 1.13348e+06 3.07943e+06 1.97215e+06 2.03268e+06 2.025e+06 2.42433e+06 2.27542e+06 1.05018e+06 2.36338e+06
reclaspred
 3.40375e+06 1.9476e+06 988049 977959 971961 1.46516e+06 998342 899892 660776 491954 510089 630834 629441 518179 531567 1.25415e+06 1.26222e+06 2.6244e+06 2.21195e+06 1.71587e+06 3.03836e+06 2.45755e+06 2.00032e+06 3.02018e+06 2.2893e+06 2.03015e+06 2.37516e+06 2.4971e+06 2.08077e+06 1.34236e+06 2.01328e+06
pelacesobs
 0 0 0 0 0 0 0 0 0 0 0 0 0 0 0 552880 188675 0 991730 2.46772e+06 1.41603e+06 1.21717e+06 2.29649e+06 1.80582e+06 0 1.4828e+06 1.56532e+06 1.57751e+06 1.42118e+06 867257 0
pelacespred
 1.93681e+06 1.24756e+06 644467 518525 522708 812634 537042 564801 413851 296038 310277 324110 352610 313660 325914 631349 632693 1.49044e+06 1.3204e+06 955641 1.59794e+06 1.44197e+06 1.15083e+06 1.8796e+06 1.3878e+06 1.22004e+06 1.61975e+06 1.68403e+06 1.15542e+06 852465 1.18612e+06
mphobs
 0 0 0 0 0 0 0 0 0 0 0 498337 0 5186 125008 0 168611 109162 213762 579715 649985 157893 87575 83554 0 0 0 0 0 0 0
mphpred
 508173 341211 174836 94517.1 104641 115242 149857 102942 89298.4 63922.3 43103.4 59100.1 63981.5 56120.4 41622.2 51766.5 145651 143219 259168 204665 226738 276830 262333 220011 299034 247871 205072 216406 297126 206281 116698
desembarqueobs
 494567 514787 250237 358949 120608 361735 552515 73892 212993 205616 52469 317467 293654 387597 252695 516296 358380 742168 942051 627588 828172 859565 418607 520667 417249 300574 407403 355545 319650 289779 219260
desembarquepred
 494573 513208 251047 358968 120612 361747 552561 73894.9 213029 205651 52471 317528 293706 387654 252700 516282 358401 742109 941941 627515 828229 859597 418618 520686 417252 300577 407405 355538 319648 289788 219262
Reclutas
 246796 144599 141043 260457 207848 340941 144459 69319.3 63011.2 81329.9 148092 185085 155477 110638 115591 592438 134307 885362 528609 418763 613586 818449 178238 527944 445615 201670 448494 501729 144930 110820 519333
log_desv_Rt
 0.0485293 -0.48607 -0.510969 0.102402 -0.12323 0.371676 -0.487037 -1.22131 -1.31672 -1.06152 -0.462199 -0.239219 -0.413538 -0.753773 -0.709975 0.924212 -0.559905 1.32596 0.810214 0.577271 0.959286 1.24738 -0.276917 0.808955 0.63942 -0.153403 0.645862 0.758026 -0.483787 -0.752126 0.79251
SSB
 4.93553e+06 3.31394e+06 1.69806e+06 917978 1.01631e+06 1.11926e+06 1.45545e+06 999804 867293 620832 418633 573998 621407 545058 404247 502772 1.41461e+06 1.39098e+06 2.51711e+06 1.98777e+06 2.20215e+06 2.68865e+06 2.54786e+06 2.13681e+06 2.90431e+06 2.4074e+06 1.99172e+06 2.1018e+06 2.88578e+06 2.00347e+06 1.1334e+06
BT
 6.46478e+06 4.40603e+06 2.26686e+06 1.92388e+06 1.72677e+06 2.84602e+06 2.17463e+06 1.82735e+06 1.50357e+06 1.12429e+06 1.01469e+06 1.28097e+06 1.36922e+06 1.38409e+06 1.27167e+06 2.39238e+06 2.25647e+06 5.30933e+06 5.03359e+06 3.54746e+06 5.66086e+06 5.31079e+06 3.95944e+06 6.35233e+06 4.71676e+06 4.07587e+06 5.47218e+06 5.61265e+06 3.87099e+06 2.94305e+06 3.88959e+06
Ftot
 0.0863437 0.155141 0.15027 0.223448 0.0755419 0.152376 0.324581 0.0498597 0.194173 0.250157 0.0645001 0.304377 0.281792 0.447215 0.293642 0.259933 0.16993 0.17744 0.256769 0.221444 0.167137 0.213247 0.125175 0.10765 0.110513 0.0894856 0.106768 0.0891872 0.0910822 0.12878 0.0691792
BD_Bspro_t
 0.98628 0.89635 0.781326 0.709837 0.702753 0.758806 0.748645 0.624268 0.672361 0.642391 0.616288 0.761265 0.661467 0.585473 0.496905 0.551826 0.684514 0.669598 0.736302 0.659169 0.640206 0.682055 0.695385 0.693169 0.777468 0.784717 0.791506 0.819197 0.852384 0.802819 0.763288
BD_Bspro
 2.94816 1.97953 1.01431 0.548339 0.607074 0.668573 0.869391 0.597217 0.518063 0.370844 0.250064 0.342868 0.371187 0.325581 0.24147 0.300323 0.844992 0.830882 1.50356 1.18736 1.31542 1.60602 1.52192 1.27639 1.73484 1.43802 1.18972 1.25547 1.72377 1.19674 0.677019
BD_Bo
 2.01083 1.35017 0.691825 0.374003 0.414064 0.45601 0.592981 0.40734 0.353352 0.252939 0.17056 0.233858 0.253174 0.222067 0.164698 0.204839 0.576339 0.566715 1.02552 0.809858 0.897199 1.09541 1.03805 0.87058 1.18327 0.980822 0.811465 0.856314 1.17572 0.816252 0.461771
BD_Brms
 3.65606 2.45485 1.25786 0.680005 0.752843 0.829109 1.07815 0.740619 0.642459 0.45989 0.310108 0.425197 0.460316 0.403759 0.299452 0.372435 1.04789 1.03039 1.86459 1.47247 1.63127 1.99165 1.88736 1.58287 2.15141 1.78331 1.47539 1.55694 2.13768 1.48409 0.839583
Sel_flota
 0.888311 1 1 1 1
 0.888311 1 1 1 1
 0.888311 1 1 1 1
 0.888311 1 1 1 1
 0.888311 1 1 1 1
 0.888311 1 1 1 1
 0.888311 1 1 1 1
 0.888311 1 1 1 1
 0.888311 1 1 1 1
 0.888311 1 1 1 1
 0.888311 1 1 1 1
 0.888311 1 1 1 1
 0.888311 1 1 1 1
 0.888311 1 1 1 1
 0.888311 1 1 1 1
 0.888311 1 1 1 1
 0.888311 1 1 1 1
 0.888311 1 1 1 1
 0.888311 1 1 1 1
 0.888311 1 1 1 1
 0.888311 1 1 1 1
 0.888311 1 1 1 1
 0.888311 1 1 1 1
 0.888311 1 1 1 1
 0.888311 1 1 1 1
 0.888311 1 1 1 1
 0.888311 1 1 1 1
 0.888311 1 1 1 1
 0.888311 1 1 1 1
 0.888311 1 1 1 1
 0.888311 1 1 1 1
Sel_reclas
 1 1 1 1 1
 1 1 1 1 1
 1 1 1 1 1
 1 1 1 1 1
 1 1 1 1 1
 1 1 1 1 1
 1 1 1 1 1
 1 1 1 1 1
 1 1 1 1 1
 1 1 1 1 1
 1 1 1 1 1
 1 1 1 1 1
 1 1 1 1 1
 1 1 1 1 1
 1 1 1 1 1
 1 1 1 1 1
 1 1 1 1 1
 1 1 1 1 1
 1 1 1 1 1
 1 1 1 1 1
 1 1 1 1 1
 1 1 1 1 1
 1 1 1 1 1
 1 1 1 1 1
 1 1 1 1 1
 1 1 1 1 1
 1 1 1 1 1
 1 1 1 1 1
 1 1 1 1 1
 1 1 1 1 1
 1 1 1 1 1
Sel_pelaces
 1 1 1 1 1
 1 1 1 1 1
 1 1 1 1 1
 1 1 1 1 1
 1 1 1 1 1
 1 1 1 1 1
 1 1 1 1 1
 1 1 1 1 1
 1 1 1 1 1
 1 1 1 1 1
 1 1 1 1 1
 1 1 1 1 1
 1 1 1 1 1
 1 1 1 1 1
 1 1 1 1 1
 1 1 1 1 1
 1 1 1 1 1
 1 1 1 1 1
 1 1 1 1 1
 1 1 1 1 1
 1 1 1 1 1
 1 1 1 1 1
 1 1 1 1 1
 1 1 1 1 1
 1 1 1 1 1
 1 1 1 1 1
 1 1 1 1 1
 1 1 1 1 1
 1 1 1 1 1
 1 1 1 1 1
 1 1 1 1 1
pf_obs 
 0.8446 0.082 0.0669 0.0065 0
 0.8095 0.147 0.0364 0.0071 0
 0.9664 0.0169 0.016 0.0007 0
 0.9276 0.0648 0.0075 0.0001 0
 0.7033 0.2144 0.0806 0.0017 0
 0.9318 0.0425 0.0243 0.0014 0
 0.5671 0.3108 0.0964 0.0239 0.0018
 0.0768 0.2599 0.5324 0.112 0.0189
 0.490249 0.384438 0.106611 0.0170017 0.00170017
 0.7925 0.1577 0.0466 0.003 0.0002
 0.840416 0.127587 0.0312969 0.00059994 9.999e-05
 0.8084 0.0986 0.0794 0.0134 0.0002
 0.7335 0.1905 0.0724 0.0035 0.0001
 0.4001 0.4547 0.1325 0.0127 0
 0.49795 0.308269 0.164784 0.0264974 0.00249975
 0.9179 0.0499 0.0305 0.0017 0
 0.2467 0.6533 0.0926 0.0074 0
 0.9418 0.0223 0.034 0.0019 0
 0.707729 0.231977 0.0356964 0.0245975 0
 0.517169 0.277429 0.184464 0.0207286 0.00020938
 0.811772 0.124168 0.05621 0.00726502 0.000585176
 0.764997 0.148141 0.077277 0.00933861 0.000247198
 0.163321 0.427699 0.378323 0.0303852 0.000271297
 0.753843 0.0900009 0.118128 0.0371064 0.000921714
 0.721811 0.176058 0.0630433 0.0369309 0.00215725
 0.143369 0.312575 0.442814 0.0836902 0.0175525
 0.692698 0.0596174 0.167031 0.0765114 0.00414204
 0.394062 0.376323 0.152708 0.0712218 0.00568511
 0.125707 0.32114 0.495352 0.0537591 0.00404204
 0.23352 0.215282 0.420074 0.123614 0.00750983
 0 0 0 0 0
pf_pred 
 0.422296 0.110854 0.442899 0.0239504 7.32902e-07
 0.410589 0.266902 0.061885 0.247252 0.0133709
 0.546118 0.200642 0.114674 0.0265888 0.111977
 0.748337 0.145389 0.0469795 0.0268505 0.0324445
 0.64564 0.273783 0.0465498 0.0150417 0.0189848
 0.741732 0.173902 0.0651826 0.0110826 0.00810106
 0.476362 0.400887 0.0826529 0.0309804 0.00911773
 0.442112 0.285327 0.208667 0.0430219 0.0208716
 0.522252 0.225642 0.128937 0.0942952 0.0288731
 0.675118 0.180273 0.0682996 0.0390281 0.0372818
 0.794973 0.144348 0.0336698 0.0127564 0.0142525
 0.725079 0.223853 0.0359542 0.00838647 0.00672738
 0.669291 0.248661 0.0668076 0.0107303 0.00451064
 0.611292 0.271694 0.087983 0.0236384 0.00539267
 0.710705 0.18691 0.0715641 0.0231746 0.00764675
 0.923065 0.0567992 0.0130093 0.00498099 0.00214522
 0.393127 0.565713 0.0303873 0.00695988 0.00381248
 0.887902 0.0475819 0.0601409 0.00323046 0.00114521
 0.605819 0.354851 0.0166942 0.0211005 0.00153521
 0.607491 0.250307 0.128014 0.00602249 0.00816592
 0.734904 0.169334 0.0610684 0.031232 0.0034616
 0.741241 0.196492 0.0397745 0.0143442 0.00814908
 0.328642 0.514168 0.119364 0.024162 0.0136641
 0.74155 0.0923125 0.127238 0.0295382 0.00936061
 0.632898 0.280786 0.0308304 0.0424949 0.0129914
 0.444706 0.367377 0.143732 0.0157819 0.0284031
 0.735359 0.125857 0.0918177 0.0359227 0.0110431
 0.693595 0.232576 0.0351117 0.0256154 0.0131026
 0.352919 0.465483 0.137842 0.0208098 0.0229471
 0.43468 0.215853 0.251392 0.0744437 0.0236317
 0.855748 0.0672345 0.029407 0.0342486 0.0133614
pobs_RECLAS
 0 0 0 0 0
 0 0 0 0 0
 0 0 0 0 0
 0 0 0 0 0
 0 0 0 0 0
 0 0 0 0 0
 0 0 0 0 0
 0 0 0 0 0
 0 0 0 0 0
 0 0 0 0 0
 0.991045 0.00858322 0.000360255 1.14367e-05 0
 0.934742 0.0480273 0.0164251 0.00080598 0
 0.827803 0.169806 0.00239088 0 0
 0.941827 0.0461693 0.0120037 0 0
 0.791401 0.0380133 0.147996 0.0225897 0
 0.846168 0.0940531 0.0597789 0 0
 0.134021 0.677848 0.182769 0.00536245 0
 0.80878 0.0450904 0.141981 0.00414843 0
 0.846168 0.0940531 0.0597789 0 0
 0.905697 0.0802665 0.012482 0.00150086 5.37128e-05
 0.989698 0.0102097 9.19794e-05 0 0
 0.975433 0.0193895 0.00387452 0.00125025 5.28907e-05
 0.303575 0.632131 0.0575291 0.00676475 0
 0.966965 0.00978017 0.0227588 0.000495775 0
 0.843318 0.132988 0.00938335 0.0141283 0.000182051
 0.564624 0.303363 0.111486 0.0197234 0.00080311
 0.826376 0.0876187 0.0782897 0.00655872 0.00115652
 0.89761 0.0855135 0.0140674 0.00269457 0.000114338
 0.34875 0.467042 0.161289 0.0227151 0.000203297
 0.318654 0.224769 0.449479 0.00709798 0
 0.937255 0.0296025 0.0250945 0.00804832 0
ppred_RECLAS
 0.451635 0.105224 0.420407 0.0227341 6.95682e-07
 0.439923 0.253619 0.0588052 0.234947 0.0127055
 0.575663 0.187582 0.10721 0.0248581 0.104688
 0.770415 0.132634 0.0428581 0.024495 0.0295982
 0.672409 0.253101 0.0430334 0.0139054 0.0175506
 0.76405 0.158874 0.05955 0.010125 0.00740102
 0.506912 0.377498 0.0778308 0.0291729 0.00858579
 0.47161 0.270241 0.197634 0.0407472 0.019768
 0.552207 0.211494 0.120853 0.0883829 0.0270627
 0.701126 0.165841 0.062832 0.0359037 0.0342972
 0.813699 0.131164 0.0305946 0.0115913 0.0129508
 0.748717 0.204606 0.0328629 0.0076654 0.00614896
 0.695646 0.228844 0.0614836 0.00987521 0.00415118
 0.640355 0.25138 0.0814044 0.0218709 0.00498946
 0.735098 0.17115 0.0655299 0.0212206 0.00700199
 0.931254 0.0507537 0.0116246 0.00445082 0.00191689
 0.422149 0.53866 0.0289341 0.00662704 0.00363016
 0.89933 0.0427309 0.0540095 0.00290112 0.00102845
 0.634391 0.32913 0.0154841 0.0195711 0.00142393
 0.635907 0.232186 0.118746 0.00558648 0.00757474
 0.757651 0.154804 0.0558284 0.0285521 0.00316457
 0.763721 0.179421 0.036319 0.013098 0.00744111
 0.355574 0.493542 0.114575 0.0231927 0.0131159
 0.763787 0.0843699 0.116291 0.0269968 0.00855522
 0.660206 0.259898 0.0285369 0.0393337 0.012025
 0.474331 0.347777 0.136064 0.0149399 0.0268877
 0.757954 0.115112 0.0839786 0.0328558 0.0101002
 0.718351 0.213785 0.0322749 0.0235458 0.0120439
 0.380625 0.445552 0.13194 0.0199188 0.0219646
 0.464303 0.204542 0.238219 0.0705428 0.0223934
 0.869838 0.0606676 0.0265348 0.0309035 0.0120564
pobs_PELACES
 0 0 0 0 0
 0 0 0 0 0
 0 0 0 0 0
 0 0 0 0 0
 0 0 0 0 0
 0 0 0 0 0
 0 0 0 0 0
 0 0 0 0 0
 0 0 0 0 0
 0 0 0 0 0
 0 0 0 0 0
 0 0 0 0 0
 0 0 0 0 0
 0 0 0 0 0
 0 0 0 0 0
 0 0 0 0 0
 0.505614 0.472636 0.0217494 0 0
 0 0 0 0 0
 0.443492 0.261883 0.143347 0.151278 0
 0.227955 0.32914 0.350689 0.0885471 0.00366901
 0.970185 0.0296113 0.000203453 0 0
 0.997202 0.00247181 0.000326279 0 0
 0.445219 0.490057 0.0546422 0.010081 0
 0.90214 0.0892962 0.00764917 0.000914606 0
 0 0 0 0 0
 0.581667 0.319106 0.0959925 0.00289975 0.000334073
 0.762889 0.0836404 0.116647 0.0363945 0.000428098
 0.88444 0.0763242 0.0277011 0.0115352 0
 0.521256 0.241999 0.230069 0.00667565 0
 0.616807 0.101726 0.260614 0.0208532 0
 0 0 0 0 0
ppred_PELACES
 0.452423 0.105073 0.419802 0.0227014 6.94682e-07
 0.441332 0.252981 0.0586572 0.234356 0.0126735
 0.577015 0.186984 0.106868 0.0247789 0.104354
 0.771868 0.131794 0.0425868 0.0243399 0.0294108
 0.673022 0.252628 0.0429528 0.0138794 0.0175178
 0.765061 0.158194 0.0592949 0.0100816 0.00736931
 0.509902 0.375209 0.0773589 0.028996 0.00853373
 0.472068 0.270007 0.197463 0.0407119 0.0197509
 0.553976 0.210659 0.120376 0.0880338 0.0269558
 0.703054 0.164771 0.0624265 0.0356721 0.0340759
 0.814059 0.130911 0.0305355 0.0115689 0.0129257
 0.750821 0.202892 0.0325876 0.0076012 0.00609746
 0.69784 0.227194 0.0610403 0.009804 0.00412125
 0.644143 0.248733 0.0805472 0.0216406 0.00493692
 0.7372 0.169792 0.0650099 0.0210522 0.00694643
 0.931865 0.0503027 0.0115213 0.00441128 0.00189986
 0.423677 0.537235 0.0288575 0.00660951 0.00362056
 0.899921 0.0424803 0.0536927 0.0028841 0.00102242
 0.636583 0.327156 0.0153913 0.0194537 0.0014154
 0.637795 0.230982 0.11813 0.00555752 0.00753547
 0.75878 0.154083 0.0555682 0.028419 0.00314983
 0.765136 0.178346 0.0361014 0.0130196 0.00739654
 0.356632 0.492732 0.114387 0.0231546 0.0130944
 0.764502 0.0841145 0.115939 0.026915 0.00852932
 0.66112 0.2592 0.0284602 0.039228 0.0119926
 0.475154 0.347233 0.135851 0.0149165 0.0268457
 0.758675 0.114769 0.0837284 0.0327579 0.0100701
 0.719015 0.21328 0.0321987 0.0234902 0.0120155
 0.381416 0.444983 0.131771 0.0198934 0.0219365
 0.465484 0.204091 0.237694 0.0703873 0.022344
 0.870126 0.0605332 0.026476 0.0308351 0.0120297
pobs_pel_tallas
 0 0 0 0 0 0 0 0 0 0 0 0 0 0 0 0 0 0 0 0 0 0 0 0 0 0
 0 0 0 0 0 0 0 0 0 0 0 0 0 0 0 0 0 0 0 0 0 0 0 0 0 0
 0 0 0 0 0 0 0 0 0 0 0 0 0 0 0 0 0 0 0 0 0 0 0 0 0 0
 0 0 0 0 0 0 0 0 0 0 0 0 0 0 0 0 0 0 0 0 0 0 0 0 0 0
 0 0 0 0 0 0 0 0 0 0 0 0 0 0 0 0 0 0 0 0 0 0 0 0 0 0
 0 0 0 0 0 0 0 0 0 0 0 0 0 0 0 0 0 0 0 0 0 0 0 0 0 0
 0 0 0 0 0 0 0 0 0 0 0 0 0 0 0 0 0 0 0 0 0 0 0 0 0 0
 0 0 0 0 0 0 0 0 0 0 0 0 0 0 0 0 0 0 0 0 0 0 0 0 0 0
 0 0 0 0 0 0 0 0 0 0 0 0 0 0 0 0 0 0 0 0 0 0 0 0 0 0
 0 0 0 0 0 0 0 0 0 0 0 0 0 0 0 0 0 0 0 0 0 0 0 0 0 0
 0 0 0 0 0 0 0 0 0 0 0 0 0 0 0 0 0 0 0 0 0 0 0 0 0 0
 0 0 0 0 0 0 0 0 0 0 0 0 0 0 0 0 0 0 0 0 0 0 0 0 0 0
 0.00862536 0 0 0.000197151 0.00414017 0.0128641 0.00837892 0.0270097 0.101434 0.158115 0.152841 0.127902 0.109271 0.109419 0.0830992 0.0579132 0.0238553 0.00714673 0.00463305 0.00128148 0.00103504 0.000492878 0.000147863 0.000147863 4.92878e-05 0
 0 0 0 0 0 0 0 0 0 0 0 0 0 0 0 0 0 0 0 0 0 0 0 0 0 0
 0 0 0 0 0 0 0 0.0054083 0.00873648 0.0413646 0.0450493 0.0745869 0.0622846 0.0627006 0.0613931 0.0827291 0.12552 0.122667 0.0946155 0.0697135 0.0546179 0.0294188 0.0215738 0.0213955 0.0102223 0.00600262
 0 0 0 0 0.00359764 0.0251062 0.0480494 0.140153 0.205849 0.193036 0.1447 0.116669 0.0760912 0.0342217 0.00950174 0.001854 0.000860785 0 0 0 0.000165536 0 0.000143464 0 0 0
 0 0 0 0 0 0 0 0.000145254 0.000435761 0.0275982 0.070085 0.0708112 0.156366 0.174668 0.174014 0.160142 0.0824315 0.0480064 0.0283245 0.00493863 0.00203355 0 0 0 0 0
 0 0 0 0 0 0 0 0 0 0 0 0 0 0 0 0 0 0 0 0 0 0 0 0 0 0
 0 0 1.00437e-05 0.000401748 0.00122533 0.00171747 0.00176769 0.0269171 0.070346 0.194647 0.189555 0.159765 0.064822 0.0314167 0.0384472 0.0292271 0.0345202 0.0313363 0.0194345 0.0106764 0.0143323 0.0359363 0.0279516 0.0138201 0.00172751 0
 0 0.0021121 0.0136068 0.0755702 0.200478 0.177729 0.0527432 0.0373336 0.0318909 0.0142505 0.0149659 0.0166563 0.0217959 0.0798694 0.0677717 0.0528807 0.04013 0.0224614 0.0357745 0.0225083 0.00881397 0.00855152 0.00135912 0.000746735 0 0
 0 0 0 0 5.4009e-05 0.00500934 0.000945158 0.0243581 0.138947 0.33067 0.221406 0.137944 0.0707744 0.0437923 0.0131692 0.00525238 0.0047753 0.00276346 9.45158e-05 9.00151e-06 2.25038e-05 9.00151e-06 4.50075e-06 0 0 0
 0.000866109 0.00284123 0.00948549 0.0512746 0.133035 0.25785 0.225252 0.132002 0.0553304 0.0519788 0.0540692 0.017754 0.00435017 0.00159236 0.00146478 0.000404838 0.000125132 0.000115318 0.000107957 0.000100596 0 0 0 0 0 0
 0 0 0 0 0.00144013 0.00171154 0.00461396 0.0210425 0.0478622 0.0707936 0.0888783 0.103762 0.0637923 0.0337046 0.0602308 0.124433 0.169614 0.0934646 0.0462172 0.0250306 0.0313229 0.00938855 0.002487 0.000210481 0 0
 0 0.00764035 0.051015 0.0998891 0.058973 0.0496711 0.0374665 0.0718981 0.12319 0.153886 0.159021 0.0857701 0.0377988 0.023471 0.0147837 0.00900784 0.00315554 0.000888139 0.00291439 0.00214683 0.00393193 0.00274676 0.000635225 9.99891e-05 0 0
 0 0 0 0 0 0 0 0 0 0 0 0 0 0 0 0 0 0 0 0 0 0 0 0 0 0
 0 0 0 0 0 0 0 0 0 0 0 0 0 0 0 0 0 0 0 0 0 0 0 0 0 0
 0 0 0 0 0 0 0 0 0 0 0 0 0 0 0 0 0 0 0 0 0 0 0 0 0 0
 0 0 0 0 0 0 0 0 0 0 0 0 0 0 0 0 0 0 0 0 0 0 0 0 0 0
 0 0 0 0 0 0 0 0 0 0 0 0 0 0 0 0 0 0 0 0 0 0 0 0 0 0
 0 0 0 0 0 0 0 0 0 0 0 0 0 0 0 0 0 0 0 0 0 0 0 0 0 0
 0 0 0 0 0 0 0 0 0 0 0 0 0 0 0 0 0 0 0 0 0 0 0 0 0 0
ppred_pel_tallas
 1.14419e-16 3.72655e-05 0.000362234 0.00240717 0.0109427 0.0340468 0.0725406 0.105877 0.105888 0.0725935 0.0342261 0.0114687 0.0037578 0.00341067 0.00611917 0.0108178 0.0173459 0.0254796 0.0348746 0.0451492 0.0557172 0.0654306 0.0724742 0.0748819 0.0714886 0.0626624
 1.27405e-16 3.6352e-05 0.000353354 0.00234816 0.0106744 0.0332122 0.0707631 0.103286 0.10331 0.0708829 0.0336148 0.011839 0.00527828 0.00677422 0.0123067 0.0205006 0.0300653 0.0390359 0.0455446 0.0490115 0.0505899 0.0523406 0.0557175 0.0605222 0.06502 0.0669721
 1.23277e-16 4.7528e-05 0.000461989 0.00307008 0.0139562 0.0434229 0.0925177 0.135036 0.135054 0.0926066 0.0437217 0.0148214 0.00524978 0.00524659 0.00921327 0.0153683 0.0226471 0.0295997 0.0348207 0.0377882 0.0391982 0.0404192 0.0424815 0.0453936 0.048211 0.0496466
 1.08681e-16 6.35778e-05 0.000617999 0.00410682 0.018669 0.0580863 0.123759 0.180633 0.180646 0.123822 0.0582958 0.0192747 0.00562974 0.00395142 0.00642116 0.0105874 0.015422 0.0197825 0.0225669 0.0233192 0.0225082 0.0211825 0.0202687 0.0200621 0.0202167 0.0201068
 1.05661e-16 5.5436e-05 0.000538858 0.0035809 0.0162783 0.0506479 0.107912 0.157505 0.15753 0.108031 0.0510477 0.0174333 0.00648114 0.00687307 0.0120943 0.0199312 0.0287668 0.0363098 0.0402693 0.0396104 0.0351726 0.0290864 0.023469 0.0194125 0.0168537 0.0151107
 1.0401e-16 6.30171e-05 0.000612548 0.0040706 0.0185044 0.057574 0.122668 0.179041 0.179056 0.122743 0.0578254 0.0192313 0.00589818 0.00461185 0.00768683 0.0126826 0.0184379 0.023552 0.0266327 0.0270289 0.0251835 0.0222612 0.0193703 0.017009 0.0150651 0.0131904
 1.06681e-16 4.2e-05 0.000408255 0.002713 0.0123329 0.0383725 0.0817581 0.119336 0.119372 0.081935 0.0389668 0.0140499 0.00702518 0.00982927 0.0179565 0.0296784 0.0428896 0.0542363 0.0603247 0.0595967 0.0532375 0.0443116 0.0358532 0.0294129 0.0249108 0.0214508
 1.13193e-16 3.88837e-05 0.000377963 0.0025117 0.0114178 0.0355253 0.0756913 0.110479 0.110505 0.0758198 0.0359577 0.0126702 0.00566791 0.00731018 0.0133285 0.0222986 0.0328811 0.0429522 0.0503372 0.0539982 0.0545212 0.0534244 0.0519043 0.0500964 0.0473325 0.0429521
 1.16918e-16 4.56303e-05 0.000443543 0.0029475 0.0133989 0.0416891 0.0888238 0.129645 0.129666 0.0889239 0.0420259 0.0143739 0.00540383 0.00583561 0.0103754 0.017319 0.0255168 0.0333251 0.0391209 0.0422374 0.0433317 0.0437832 0.0446031 0.0457485 0.0462877 0.0451287
 1.11188e-16 5.79097e-05 0.000562903 0.00374069 0.0170046 0.0529078 0.112726 0.164531 0.164547 0.112804 0.05317 0.017763 0.00564828 0.0047408 0.00803344 0.0132994 0.0194192 0.0250022 0.0286909 0.0299208 0.0292584 0.0279637 0.0271214 0.0270264 0.0271997 0.0268607
 1.04263e-16 6.7053e-05 0.000651779 0.0043313 0.0196895 0.0612613 0.130524 0.190507 0.190519 0.130586 0.0614688 0.0202891 0.00583776 0.00394449 0.00633283 0.0103964 0.01505 0.0191003 0.0213847 0.0213854 0.0195346 0.0169023 0.0145194 0.0128675 0.0118344 0.0110149
 1.02787e-16 6.18442e-05 0.000601148 0.00399484 0.01816 0.0565025 0.120385 0.17571 0.17573 0.120481 0.0568235 0.0190872 0.00632266 0.00568402 0.0097188 0.015979 0.0230357 0.0290182 0.0320628 0.0313126 0.0274206 0.0220926 0.0170509 0.0132279 0.0106562 0.00888123
 1.03501e-16 5.74802e-05 0.000558728 0.00371295 0.0168785 0.0525155 0.111891 0.163312 0.163334 0.111998 0.0528757 0.0179196 0.00632831 0.00627539 0.0109359 0.0180441 0.0261175 0.0331142 0.0369818 0.036759 0.0331148 0.0278309 0.0226708 0.0185362 0.0154067 0.0128312
 1.05394e-16 5.30572e-05 0.000515735 0.00342724 0.0155798 0.0484746 0.103281 0.150747 0.150771 0.103399 0.0488695 0.0167213 0.00629647 0.00679152 0.012008 0.0198623 0.0288293 0.0367208 0.0413319 0.0416351 0.0383494 0.0333582 0.0284734 0.0245408 0.0214168 0.0185478
 1.05207e-16 6.07222e-05 0.000590241 0.00392236 0.0178305 0.0554774 0.118201 0.172521 0.172538 0.118281 0.0557473 0.0186111 0.00588533 0.0048869 0.00825479 0.0136402 0.0198543 0.025414 0.028845 0.0294681 0.0277697 0.024992 0.0222895 0.0201353 0.0183346 0.0164492
 1.0111e-16 7.67565e-05 0.0007461 0.0049581 0.0225388 0.0701266 0.149412 0.218073 0.218078 0.149436 0.0702063 0.0227692 0.00553671 0.00201059 0.00248231 0.00399307 0.00577044 0.00731151 0.00816092 0.00811248 0.00732511 0.0062053 0.00515087 0.00435776 0.0038034 0.00335913
 1.02246e-16 3.48979e-05 0.00033922 0.00225424 0.0102475 0.0318839 0.067934 0.0991625 0.0992142 0.0681866 0.0327319 0.0126956 0.00839563 0.0137335 0.0254364 0.0419001 0.0601296 0.0751399 0.0818736 0.0780004 0.0653312 0.0486478 0.0329248 0.0210798 0.013533 0.00918973
 1.02023e-16 7.41253e-05 0.000720524 0.00478814 0.0217662 0.0677227 0.14429 0.210597 0.210601 0.144311 0.0677914 0.0219656 0.00529232 0.00183292 0.00222111 0.00364393 0.00544936 0.00728292 0.00882149 0.00989104 0.0105196 0.0108282 0.0108647 0.0105442 0.00974184 0.00843828
 1.02719e-16 5.24346e-05 0.000509683 0.00338702 0.0153969 0.0479058 0.102069 0.14898 0.149011 0.102223 0.0484222 0.0168879 0.00712752 0.00866832 0.0155271 0.0255348 0.0366601 0.0458579 0.0500707 0.0479102 0.0405076 0.0307852 0.0217476 0.0151015 0.0109975 0.008658
 1.05301e-16 5.25343e-05 0.000510653 0.00339347 0.0154262 0.0479968 0.102263 0.149261 0.149283 0.102373 0.0483648 0.0164909 0.00607218 0.00637918 0.011259 0.0186888 0.0272848 0.0350744 0.0400513 0.0412406 0.0391917 0.0354397 0.0314186 0.0277314 0.0242213 0.0205321
 1.05027e-16 6.24997e-05 0.00060752 0.00403718 0.0183525 0.0571014 0.121661 0.177571 0.177586 0.121734 0.0573463 0.0190607 0.00581801 0.00450527 0.00749528 0.0123724 0.0180071 0.0230503 0.0261706 0.0267641 0.0252875 0.0228802 0.0205889 0.0188212 0.0173596 0.0157595
 1.03645e-16 6.30233e-05 0.000612609 0.004071 0.0185062 0.0575797 0.12268 0.179059 0.179076 0.122764 0.0578622 0.0193223 0.00612056 0.00509031 0.00857747 0.0141085 0.0203847 0.0257788 0.0286783 0.0283483 0.0253609 0.0211822 0.0172605 0.0143308 0.012341 0.0108401
 1.07965e-16 2.93754e-05 0.00028554 0.00189751 0.00862585 0.0268385 0.057184 0.0834717 0.0835192 0.0574164 0.0276192 0.0108817 0.00756361 0.0126665 0.0235779 0.0390239 0.0564266 0.0714077 0.0795061 0.0786495 0.0703444 0.0585534 0.0472145 0.0383657 0.0319686 0.0269625
 1.0751e-16 6.29711e-05 0.000612101 0.00406763 0.0184909 0.0575319 0.122578 0.178908 0.178916 0.122619 0.0576685 0.0188875 0.00507172 0.00283169 0.00435974 0.0073212 0.0110406 0.0149354 0.0184352 0.0212561 0.0234819 0.0253173 0.0267393 0.0273861 0.0267838 0.0246968
 1.06852e-16 5.44556e-05 0.000529328 0.00351757 0.0159904 0.0497521 0.106003 0.15472 0.154745 0.106125 0.050162 0.0171743 0.0064897 0.00701847 0.0123821 0.0203958 0.0294103 0.0370751 0.0410535 0.0403217 0.0358039 0.0297551 0.0243872 0.0207925 0.0187976 0.0175436
 1.10049e-16 3.91379e-05 0.000380434 0.00252812 0.0114925 0.0357576 0.0761865 0.111203 0.111237 0.0763508 0.0363096 0.0130887 0.00654158 0.00916442 0.0167879 0.0278657 0.0405452 0.0518429 0.0587218 0.0597628 0.0559391 0.0497976 0.0437517 0.0388682 0.0348713 0.030966
 1.07435e-16 6.24911e-05 0.000607435 0.00403662 0.0183499 0.0570934 0.121644 0.177545 0.177556 0.121699 0.0572773 0.0188827 0.00537965 0.0035585 0.00572396 0.00951401 0.0140539 0.0184261 0.0217345 0.0235744 0.0242248 0.0243363 0.0243792 0.024322 0.0237538 0.0222647
 1.05373e-16 5.92244e-05 0.000575682 0.00382561 0.0173907 0.054109 0.115286 0.168267 0.168288 0.115386 0.0544465 0.0183657 0.00627363 0.00592205 0.0102202 0.016823 0.0242807 0.0306542 0.0340202 0.0335231 0.0298936 0.0249464 0.020466 0.0173418 0.0154602 0.0141759
 1.09624e-16 3.14169e-05 0.000305383 0.00202938 0.00922529 0.0287035 0.0611575 0.0892702 0.0893132 0.0613677 0.0294095 0.0112659 0.00715699 0.0115171 0.0213775 0.0354308 0.0513628 0.0652761 0.0731986 0.0732819 0.0668429 0.0573354 0.0481304 0.0408761 0.0354054 0.030729
 1.17752e-16 3.83413e-05 0.000372691 0.00247667 0.0112586 0.0350297 0.0746352 0.108936 0.108957 0.0747332 0.0353597 0.0122164 0.00489796 0.00571538 0.0103531 0.0174968 0.0262404 0.035191 0.0429205 0.0487513 0.0530019 0.0563915 0.059139 0.060589 0.0596567 0.0556419
 1.05908e-16 7.16711e-05 0.000696669 0.00462961 0.0210455 0.0654805 0.139513 0.203625 0.203631 0.139542 0.0655771 0.021325 0.0053333 0.00224011 0.00302497 0.00494718 0.00726546 0.00945794 0.0110603 0.0119015 0.0122093 0.012429 0.0128906 0.0135853 0.0141974 0.01432
pSPR Fmed_Fpbrs
0.737677   0.6 0.325
Fs Fmed_Fpbrs
0.152535   0.264849 0.640391
SSBpbr Bo_Bmed_Bpbrs
2.45447e+06  1.68788e+06  1.34996e+06 674979
Ro
235106
SPR SPRFo_SPRFmed_SPRFpbrs
1.67411e+06 1.23495e+06 544085
Fref
0.264849
log_Ro
12.1878
likeval ReclasPelacesDesembMPH_pf_preclas_ppelaces_ptallas_desvR_qrecl_qpela
 16.0549 17.069 0.100474 0.000810424 229.39 122.898 81.9767 0 23.2524 1.1873e-05 4.57777e-06 0.510758 6.30013e-16 0 0
q_reclas_q_pelaces
0.613685 0.737568
M
1
N
 246796 57777.7 230842 12483.1 0.381994
 144599 84088 19497 77897.2 4212.53
 141043 46346.8 26488.8 6141.8 25865.7
 260457 45403.1 14671.1 8385.08 10132
 207848 78566.5 13358.2 4316.45 5447.99
 340941 71500.2 26800 4556.66 3330.77
 144459 109547 22585.9 8465.74 2491.53
 69319.3 39832 29130.1 6005.91 2913.7
 63011.2 24396.3 13940.7 10195.2 3121.74
 81329.9 19508.1 7390.98 4223.39 4034.42
 148092 23957.9 5588.27 2117.22 2365.53
 185085 51446.3 8263.07 1927.4 1546.1
 155477 51957.9 13959.5 2242.12 942.504
 110638 44530.6 14420.4 3874.32 883.857
 115591 27357.6 10474.7 3392.03 1119.24
 592438 32760.2 7503.37 2872.89 1237.3
 134307 173009 9293.18 2128.5 1165.95
 885362 42486.2 53700.1 2884.5 1022.56
 528609 278210 13088.6 16543.2 1203.63
 418763 154804 79170.7 3724.64 5050.25
 613586 126545 45636.8 23339.8 2586.88
 818449 194582 39387.9 14204.8 8069.87
 178238 249131 57835.6 11707.3 6620.7
 527944 58669.7 80867 18773.2 5949.18
 445615 176507 19380.6 26713.1 8166.64
 201670 148604 58139.8 6383.78 11489
 448494 68521 49988.8 19557.6 6012.23
 501729 150063 22654.8 16527.6 8454.04
 144930 170517 50494.6 7623.12 8406.06
 110820 49172.7 57268.6 16958.7 5383.45
 519333 36361.6 15903.8 18522.2 7226.08
pred_Ctot
 11590.7 3042.59 12156.2 657.364 0.0201159
 11900.4 7735.83 1793.66 7166.3 387.539
 11263.2 4138.06 2365.05 548.37 2309.41
 30124.2 5852.6 1891.16 1080.86 1306.05
 8574.18 3635.87 618.187 199.755 252.12
 27586.8 6467.82 2424.3 412.19 301.298
 23415.7 19705.7 4062.82 1522.85 448.184
 1905.29 1229.62 899.254 185.404 89.9465
 6399.8 2765.07 1580.03 1155.52 353.818
 10431.1 2785.35 1055.28 603.014 576.033
 5237.36 950.978 221.82 84.0404 93.8967
 28334.1 8747.56 1404.99 327.721 262.888
 22211.9 8252.35 2217.16 356.11 149.696
 23677.9 10523.9 3407.96 915.615 208.881
 17136.2 4506.69 1725.52 558.777 184.375
 78679.5 4841.41 1108.87 424.566 182.853
 12042.6 17329.4 930.847 213.201 116.787
 82669.9 4430.21 5599.54 300.779 106.627
 69426.1 40665.4 1913.13 2418.09 175.933
 48033.8 19791.6 10121.9 476.193 645.673
 54167.4 12481.1 4501.15 2302.01 255.143
 90670.2 24035.3 4865.3 1754.61 996.813
 11964.9 18719.3 4345.67 879.666 497.469
 30673.6 3818.43 5263.1 1221.82 387.193
 26551 11779.4 1293.38 1782.73 545.009
 9804.75 8099.82 3168.97 347.955 626.223
 25852.4 4424.65 3227.95 1262.9 388.231
 24314.3 8153.05 1230.86 897.96 459.317
 7167.69 9453.83 2799.53 422.642 466.05
 7643.47 3795.59 4420.5 1309.03 415.542
 19665 1545.04 675.771 787.031 307.044
F
 0.0767001 0.0863437 0.0863437 0.0863437 0.0863437
 0.137813 0.155141 0.155141 0.155141 0.155141
 0.133486 0.15027 0.15027 0.15027 0.15027
 0.198491 0.223448 0.223448 0.223448 0.223448
 0.0671047 0.0755419 0.0755419 0.0755419 0.0755419
 0.135357 0.152376 0.152376 0.152376 0.152376
 0.288329 0.324581 0.324581 0.324581 0.324581
 0.0442909 0.0498597 0.0498597 0.0498597 0.0498597
 0.172486 0.194173 0.194173 0.194173 0.194173
 0.222217 0.250157 0.250157 0.250157 0.250157
 0.0572962 0.0645001 0.0645001 0.0645001 0.0645001
 0.270381 0.304377 0.304377 0.304377 0.304377
 0.250319 0.281792 0.281792 0.281792 0.281792
 0.397266 0.447215 0.447215 0.447215 0.447215
 0.260846 0.293642 0.293642 0.293642 0.293642
 0.230901 0.259933 0.259933 0.259933 0.259933
 0.15095 0.16993 0.16993 0.16993 0.16993
 0.157622 0.17744 0.17744 0.17744 0.17744
 0.228091 0.256769 0.256769 0.256769 0.256769
 0.196711 0.221444 0.221444 0.221444 0.221444
 0.14847 0.167137 0.167137 0.167137 0.167137
 0.18943 0.213247 0.213247 0.213247 0.213247
 0.111194 0.125175 0.125175 0.125175 0.125175
 0.095627 0.10765 0.10765 0.10765 0.10765
 0.09817 0.110513 0.110513 0.110513 0.110513
 0.0794911 0.0894856 0.0894856 0.0894856 0.0894856
 0.0948435 0.106768 0.106768 0.106768 0.106768
 0.079226 0.0891872 0.0891872 0.0891872 0.0891872
 0.0809093 0.0910822 0.0910822 0.0910822 0.0910822
 0.114397 0.12878 0.12878 0.12878 0.12878
 0.0614526 0.0691792 0.0691792 0.0691792 0.0691792
nmprior
 8 9 7.5 0
nm_flota  nm_reclas  nm_pelaces    nm_pelaL
inf 12.2771 15.2233 26.2428
cv_recla  cv_pelaces  cv_mph
0.362434 0.486149 0.87854
 ------------------------------------------------
Talla a la edad & desviación 
 8 13.2811 15.8009 17.003 17.5766
 0.8 1.32811 1.58009 1.7003 1.75766
