years
 1991 1992 1993 1994 1995 1996 1997 1998 1999 2000 2001 2002 2003 2004 2005 2006 2007 2008 2009 2010 2011 2012 2013 2014 2015 2016 2017 2018 2019 2020 2021
reclasobs
 0 0 0 0 0 0 0 0 0 252601 567819 844713 477998 351125 339783 2.1784e+06 2.13404e+06 4.81314e+06 1.55562e+06 2.62356e+06 3.21686e+06 3.843e+06 1.13348e+06 3.07943e+06 1.97215e+06 2.03268e+06 2.025e+06 2.42433e+06 2.27542e+06 1.05018e+06 2.36338e+06
reclaspred
 3.53302e+06 2.03614e+06 1.04066e+06 1.12567e+06 1.18319e+06 1.77986e+06 1.25676e+06 1.13588e+06 819206 596991 563672 668899 665172 553657 561030 1.20149e+06 1.26014e+06 2.48969e+06 2.09877e+06 1.6129e+06 2.87107e+06 2.33076e+06 1.92111e+06 2.94425e+06 2.21607e+06 1.97143e+06 2.28362e+06 2.34906e+06 1.97511e+06 1.33327e+06 2.18297e+06
pelacesobs
 0 0 0 0 0 0 0 0 0 0 0 0 0 0 0 552880 188675 0 991730 2.46772e+06 1.41603e+06 1.21717e+06 2.29649e+06 1.80582e+06 0 1.4828e+06 1.56532e+06 1.57751e+06 1.42118e+06 867257 0
pelacespred
 2.72953e+06 1.77906e+06 926931 708079 771476 1.13072e+06 890753 878850 658019 457360 408554 406219 438990 388229 381851 634362 763950 1.50851e+06 1.46628e+06 1.09631e+06 1.70222e+06 1.61474e+06 1.3768e+06 2.02661e+06 1.65973e+06 1.45992e+06 1.74597e+06 1.76859e+06 1.40928e+06 1.08506e+06 1.37462e+06
mphobs
 0 0 0 0 0 0 0 0 0 0 0 498337 0 5186 125008 0 168611 109162 213762 579715 649985 157893 87575 83554 0 0 0 0 0 0 0
mphpred
 532612 359256 185881 101393 125576 144414 188527 135105 115157 81545.2 53719.8 65393.9 69225.6 61029.3 46027.1 55938.5 140175 146016 246353 196050 214684 264360 251259 213701 295110 241703 201332 209940 281486 198884 118958
desembarqueobs
 494567 514787 250237 358949 120608 361735 552515 73892 212993 205616 52469 317467 293654 387597 252695 516296 358380 742168 942051 627588 828172 859565 418607 520667 417249 300574 407403 355545 319650 289779 219260
desembarquepred
 494572 512947 251251 358962 120610 361746 552567 73894.3 213028 205651 52470.8 317532 293710 387669 252707 516305 358410 742126 941997 627547 828257 859644 418628 520692 417260 300583 407414 355546 319657 289794 219260
Reclutas
 266105 156789 153204 336189 269639 416030 176725 86385.8 73862.1 91582.2 158879 197122 167411 119364 123720 579174 159311 854794 540645 410623 618420 821514 187604 547671 444752 210808 450882 491984 157641 128857 607859
log_desv_Rt
 0.0387073 -0.490281 -0.513413 0.272489 0.0518993 0.485574 -0.37059 -1.08636 -1.24299 -1.02795 -0.47704 -0.261363 -0.424736 -0.763006 -0.727163 0.816418 -0.474325 1.20568 0.747578 0.472491 0.881982 1.16596 -0.31085 0.76049 0.552332 -0.194238 0.566021 0.653262 -0.484863 -0.68648 0.864759
SSB
 5.41777e+06 3.65438e+06 1.8908e+06 1.03137e+06 1.27737e+06 1.46899e+06 1.91772e+06 1.3743e+06 1.17139e+06 829485 546443 665193 704169 620795 468191 569012 1.42588e+06 1.48529e+06 2.50592e+06 1.99424e+06 2.18378e+06 2.68909e+06 2.55583e+06 2.17379e+06 3.00188e+06 2.45862e+06 2.04796e+06 2.13553e+06 2.8633e+06 2.02307e+06 1.21006e+06
BT
 7.07691e+06 4.84048e+06 2.51244e+06 2.28864e+06 2.18721e+06 3.58725e+06 2.79986e+06 2.42576e+06 1.9393e+06 1.41629e+06 1.20295e+06 1.42617e+06 1.51313e+06 1.52801e+06 1.40179e+06 2.43286e+06 2.37016e+06 5.29709e+06 5.06348e+06 3.53335e+06 5.66204e+06 5.31801e+06 4.01571e+06 6.53686e+06 4.82912e+06 4.19046e+06 5.55479e+06 5.59225e+06 3.88217e+06 3.05255e+06 4.4122e+06
Ftot
 0.0785796 0.140265 0.134954 0.183817 0.058541 0.117918 0.24485 0.0371809 0.147626 0.194456 0.0545391 0.270169 0.251162 0.394826 0.261097 0.25315 0.161126 0.174794 0.254812 0.221442 0.166292 0.211371 0.123046 0.103682 0.10744 0.0868953 0.104185 0.0888516 0.0907244 0.122667 0.0599053
BD_Bspro_t
 0.987506 0.905158 0.799261 0.735023 0.746896 0.802003 0.795471 0.694706 0.735338 0.706882 0.678751 0.789257 0.691425 0.618372 0.534431 0.581638 0.687964 0.684426 0.736535 0.660651 0.639074 0.682338 0.69577 0.696421 0.782548 0.787991 0.795897 0.821386 0.851606 0.804614 0.773643
BD_Bspro
 2.97206 2.00471 1.03725 0.565787 0.700733 0.805855 1.05201 0.753905 0.642595 0.455035 0.299765 0.364909 0.38629 0.340553 0.256838 0.312146 0.782202 0.814793 1.37469 1.09399 1.19797 1.47517 1.40206 1.19249 1.64676 1.34874 1.12346 1.1715 1.57074 1.10981 0.663807
BD_Bo
 2.10882 1.42243 0.735978 0.401453 0.497204 0.571793 0.746454 0.534932 0.455952 0.322869 0.212698 0.25892 0.274091 0.241639 0.182239 0.221483 0.55501 0.578134 0.975408 0.77624 0.850017 1.0467 0.994832 0.846126 1.16845 0.956996 0.797151 0.831236 1.11451 0.787461 0.471003
BD_Brms
 14.9622 10.0922 5.22179 2.84833 3.52768 4.05689 5.29612 3.79537 3.235 2.29077 1.5091 1.83705 1.94469 1.71444 1.29299 1.57143 3.93782 4.10189 6.92056 5.50746 6.0309 7.42641 7.05838 6.0033 8.29023 6.78993 5.65582 5.89765 7.90753 5.58707 3.34179
Sel_flota
 0.90178 1 1 1 1
 0.90178 1 1 1 1
 0.90178 1 1 1 1
 0.90178 1 1 1 1
 0.90178 1 1 1 1
 0.90178 1 1 1 1
 0.90178 1 1 1 1
 0.90178 1 1 1 1
 0.90178 1 1 1 1
 0.90178 1 1 1 1
 0.90178 1 1 1 1
 0.90178 1 1 1 1
 0.90178 1 1 1 1
 0.90178 1 1 1 1
 0.90178 1 1 1 1
 0.90178 1 1 1 1
 0.90178 1 1 1 1
 0.90178 1 1 1 1
 0.90178 1 1 1 1
 0.90178 1 1 1 1
 0.90178 1 1 1 1
 0.90178 1 1 1 1
 0.90178 1 1 1 1
 0.90178 1 1 1 1
 0.90178 1 1 1 1
 0.90178 1 1 1 1
 0.90178 1 1 1 1
 0.90178 1 1 1 1
 0.90178 1 1 1 1
 0.90178 1 1 1 1
 0.90178 1 1 1 1
Sel_reclas
 1 1 1 1 1
 1 1 1 1 1
 1 1 1 1 1
 1 1 1 1 1
 1 1 1 1 1
 1 1 1 1 1
 1 1 1 1 1
 1 1 1 1 1
 1 1 1 1 1
 1 1 1 1 1
 1 1 1 1 1
 1 1 1 1 1
 1 1 1 1 1
 1 1 1 1 1
 1 1 1 1 1
 1 1 1 1 1
 1 1 1 1 1
 1 1 1 1 1
 1 1 1 1 1
 1 1 1 1 1
 1 1 1 1 1
 1 1 1 1 1
 1 1 1 1 1
 1 1 1 1 1
 1 1 1 1 1
 1 1 1 1 1
 1 1 1 1 1
 1 1 1 1 1
 1 1 1 1 1
 1 1 1 1 1
 1 1 1 1 1
Sel_pelaces
 0.645441 0.901589 0.978771 0.995709 0.999144
 0.645441 0.901589 0.978771 0.995709 0.999144
 0.645441 0.901589 0.978771 0.995709 0.999144
 0.645441 0.901589 0.978771 0.995709 0.999144
 0.645441 0.901589 0.978771 0.995709 0.999144
 0.645441 0.901589 0.978771 0.995709 0.999144
 0.645441 0.901589 0.978771 0.995709 0.999144
 0.645441 0.901589 0.978771 0.995709 0.999144
 0.645441 0.901589 0.978771 0.995709 0.999144
 0.645441 0.901589 0.978771 0.995709 0.999144
 0.645441 0.901589 0.978771 0.995709 0.999144
 0.645441 0.901589 0.978771 0.995709 0.999144
 0.645441 0.901589 0.978771 0.995709 0.999144
 0.645441 0.901589 0.978771 0.995709 0.999144
 0.645441 0.901589 0.978771 0.995709 0.999144
 0.645441 0.901589 0.978771 0.995709 0.999144
 0.645441 0.901589 0.978771 0.995709 0.999144
 0.645441 0.901589 0.978771 0.995709 0.999144
 0.645441 0.901589 0.978771 0.995709 0.999144
 0.645441 0.901589 0.978771 0.995709 0.999144
 0.645441 0.901589 0.978771 0.995709 0.999144
 0.645441 0.901589 0.978771 0.995709 0.999144
 0.645441 0.901589 0.978771 0.995709 0.999144
 0.645441 0.901589 0.978771 0.995709 0.999144
 0.645441 0.901589 0.978771 0.995709 0.999144
 0.645441 0.901589 0.978771 0.995709 0.999144
 0.645441 0.901589 0.978771 0.995709 0.999144
 0.645441 0.901589 0.978771 0.995709 0.999144
 0.645441 0.901589 0.978771 0.995709 0.999144
 0.645441 0.901589 0.978771 0.995709 0.999144
 0.645441 0.901589 0.978771 0.995709 0.999144
pf_obs 
 0.8446 0.082 0.0669 0.0065 0
 0.8095 0.147 0.0364 0.0071 0
 0.9664 0.0169 0.016 0.0007 0
 0.9276 0.0648 0.0075 0.0001 0
 0.7033 0.2144 0.0806 0.0017 0
 0.9318 0.0425 0.0243 0.0014 0
 0.5671 0.3108 0.0964 0.0239 0.0018
 0.0768 0.2599 0.5324 0.112 0.0189
 0.490249 0.384438 0.106611 0.0170017 0.00170017
 0.7925 0.1577 0.0466 0.003 0.0002
 0.840416 0.127587 0.0312969 0.00059994 9.999e-05
 0.8084 0.0986 0.0794 0.0134 0.0002
 0.7335 0.1905 0.0724 0.0035 0.0001
 0.4001 0.4547 0.1325 0.0127 0
 0.49795 0.308269 0.164784 0.0264974 0.00249975
 0.9179 0.0499 0.0305 0.0017 0
 0.2467 0.6533 0.0926 0.0074 0
 0.9418 0.0223 0.034 0.0019 0
 0.707729 0.231977 0.0356964 0.0245975 0
 0.517169 0.277429 0.184464 0.0207286 0.00020938
 0.811772 0.124168 0.05621 0.00726502 0.000585176
 0.764997 0.148141 0.077277 0.00933861 0.000247198
 0.163321 0.427699 0.378323 0.0303852 0.000271297
 0.753843 0.0900009 0.118128 0.0371064 0.000921714
 0.721811 0.176058 0.0630433 0.0369309 0.00215725
 0.143369 0.312575 0.442814 0.0836902 0.0175525
 0.692698 0.0596174 0.167031 0.0765114 0.00414204
 0.394062 0.376323 0.152708 0.0712218 0.00568511
 0.125707 0.32114 0.495352 0.0537591 0.00404204
 0.23352 0.215282 0.420074 0.123614 0.00750983
 0 0 0 0 0
pf_pred 
 0.423288 0.103597 0.450184 0.0229305 7.30503e-07
 0.412222 0.264399 0.0580901 0.252431 0.0128582
 0.54568 0.199668 0.114549 0.0251672 0.114935
 0.77813 0.127151 0.0416278 0.0238818 0.0292093
 0.649656 0.279297 0.040716 0.0133299 0.0170007
 0.729606 0.182124 0.0703697 0.0102585 0.00764187
 0.467491 0.399805 0.089383 0.0345362 0.00878518
 0.426485 0.284979 0.216631 0.0484314 0.0234733
 0.496598 0.227775 0.136959 0.104111 0.0345568
 0.647328 0.185002 0.0758657 0.0456171 0.0461863
 0.773676 0.152331 0.0388145 0.015917 0.0192609
 0.71881 0.222642 0.039407 0.010041 0.00910026
 0.665681 0.248163 0.0682167 0.0120742 0.00586483
 0.606102 0.272362 0.0902156 0.0247991 0.00652143
 0.699763 0.190951 0.0755665 0.0250302 0.00868985
 0.913944 0.0623146 0.0150995 0.00597545 0.00266643
 0.440347 0.516451 0.0312833 0.00758028 0.00433841
 0.877635 0.0573036 0.060039 0.00363677 0.00138558
 0.619831 0.338092 0.0197045 0.0206451 0.001727
 0.604708 0.255878 0.123983 0.00722594 0.00820418
 0.741508 0.16341 0.0615479 0.0298224 0.0037115
 0.744191 0.195077 0.038393 0.0144606 0.00787875
 0.342598 0.50331 0.117508 0.0231267 0.0134565
 0.747093 0.0930462 0.12239 0.0285745 0.00889597
 0.627445 0.285824 0.0319091 0.0419722 0.01285
 0.456061 0.355023 0.144936 0.0161805 0.0277993
 0.733374 0.128795 0.0899606 0.0367258 0.0111442
 0.689829 0.233936 0.0368256 0.0257219 0.0136872
 0.378337 0.442972 0.134772 0.0212155 0.0227039
 0.469015 0.214626 0.225425 0.0685845 0.0223502
 0.865406 0.0668395 0.0273865 0.0287644 0.0116034
pobs_RECLAS
 0 0 0 0 0
 0 0 0 0 0
 0 0 0 0 0
 0 0 0 0 0
 0 0 0 0 0
 0 0 0 0 0
 0 0 0 0 0
 0 0 0 0 0
 0 0 0 0 0
 0 0 0 0 0
 0.991045 0.00858322 0.000360255 1.14367e-05 0
 0.934742 0.0480273 0.0164251 0.00080598 0
 0.827803 0.169806 0.00239088 0 0
 0.941827 0.0461693 0.0120037 0 0
 0.791401 0.0380133 0.147996 0.0225897 0
 0.846168 0.0940531 0.0597789 0 0
 0.134021 0.677848 0.182769 0.00536245 0
 0.80878 0.0450904 0.141981 0.00414843 0
 0.846168 0.0940531 0.0597789 0 0
 0.905697 0.0802665 0.012482 0.00150086 5.37128e-05
 0.989698 0.0102097 9.19794e-05 0 0
 0.975433 0.0193895 0.00387452 0.00125025 5.28907e-05
 0.303575 0.632131 0.0575291 0.00676475 0
 0.966965 0.00978017 0.0227588 0.000495775 0
 0.843318 0.132988 0.00938335 0.0141283 0.000182051
 0.564624 0.303363 0.111486 0.0197234 0.00080311
 0.826376 0.0876187 0.0782897 0.00655872 0.00115652
 0.89761 0.0855135 0.0140674 0.00269457 0.000114338
 0.34875 0.467042 0.161289 0.0227151 0.000203297
 0.318654 0.224769 0.449479 0.00709798 0
 0.937255 0.0296025 0.0250945 0.00804832 0
ppred_RECLAS
 0.448872 0.0990014 0.430212 0.0219132 6.98096e-07
 0.437791 0.252897 0.055563 0.24145 0.0122988
 0.571467 0.188335 0.108048 0.0237388 0.108412
 0.795746 0.117056 0.0383226 0.0219857 0.0268901
 0.672917 0.260753 0.0380127 0.0124449 0.0158719
 0.749709 0.168583 0.0651379 0.00949582 0.00707372
 0.493894 0.379982 0.0849511 0.0328238 0.00834959
 0.45202 0.272291 0.206986 0.046275 0.0224282
 0.522766 0.215935 0.129839 0.0986991 0.0327604
 0.670963 0.172604 0.0707814 0.04256 0.0430911
 0.791342 0.140441 0.0357849 0.0146746 0.0177575
 0.739748 0.206063 0.0364726 0.00929334 0.00842263
 0.688815 0.230991 0.0634964 0.0112387 0.00545901
 0.631499 0.254801 0.0843989 0.0232001 0.00610096
 0.721548 0.177095 0.0700833 0.023214 0.00805931
 0.921916 0.0565423 0.0137008 0.00542193 0.00241943
 0.466331 0.492473 0.0298308 0.00722834 0.00413698
 0.888473 0.0522281 0.0547212 0.00331465 0.00126286
 0.644453 0.316195 0.0184284 0.0193081 0.00161515
 0.629635 0.239743 0.116165 0.00677028 0.00768685
 0.761105 0.151021 0.0568817 0.0275615 0.00343012
 0.763738 0.180171 0.0354594 0.0133557 0.00727673
 0.366503 0.485009 0.113235 0.0222858 0.0129672
 0.766288 0.0859843 0.113101 0.0264058 0.0082208
 0.651493 0.267374 0.0298494 0.039263 0.0120206
 0.481991 0.338099 0.138027 0.0154092 0.0264741
 0.753267 0.119186 0.0832486 0.0339857 0.0103127
 0.711664 0.217468 0.0342333 0.0239112 0.0127236
 0.403131 0.425305 0.129397 0.0203694 0.0217984
 0.495096 0.204084 0.214352 0.0652158 0.0212524
 0.877055 0.0610547 0.0250163 0.0262749 0.0105991
pobs_PELACES
 0 0 0 0 0
 0 0 0 0 0
 0 0 0 0 0
 0 0 0 0 0
 0 0 0 0 0
 0 0 0 0 0
 0 0 0 0 0
 0 0 0 0 0
 0 0 0 0 0
 0 0 0 0 0
 0 0 0 0 0
 0 0 0 0 0
 0 0 0 0 0
 0 0 0 0 0
 0 0 0 0 0
 0 0 0 0 0
 0.505614 0.472636 0.0217494 0 0
 0 0 0 0 0
 0.443492 0.261883 0.143347 0.151278 0
 0.227955 0.32914 0.350689 0.0885471 0.00366901
 0.970185 0.0296113 0.000203453 0 0
 0.997202 0.00247181 0.000326279 0 0
 0.445219 0.490057 0.0546422 0.010081 0
 0.90214 0.0892962 0.00764917 0.000914606 0
 0 0 0 0 0
 0.581667 0.319106 0.0959925 0.00289975 0.000334073
 0.762889 0.0836404 0.116647 0.0363945 0.000428098
 0.88444 0.0763242 0.0277011 0.0115352 0
 0.521256 0.241999 0.230069 0.00667565 0
 0.616807 0.101726 0.260614 0.0208532 0
 0 0 0 0 0
ppred_PELACES
 0.353092 0.108506 0.511878 0.0265241 8.47902e-07
 0.34661 0.278416 0.0664063 0.293563 0.015005
 0.476191 0.21826 0.135935 0.0303826 0.139232
 0.729274 0.148962 0.0529431 0.030899 0.0379222
 0.591481 0.319549 0.0505718 0.0168431 0.0215554
 0.676511 0.211684 0.0887934 0.0131683 0.00984331
 0.407724 0.434711 0.105507 0.0414716 0.0105858
 0.361213 0.303576 0.250523 0.0569776 0.0277107
 0.428175 0.245874 0.160497 0.124115 0.0413388
 0.584085 0.208566 0.0928504 0.0567959 0.0577031
 0.725084 0.179433 0.0496341 0.0207062 0.0251425
 0.668221 0.257742 0.049525 0.0128375 0.0116749
 0.609599 0.283239 0.084524 0.0152194 0.00741809
 0.547268 0.304525 0.109504 0.0306222 0.00808053
 0.64418 0.218991 0.094082 0.0317025 0.0110443
 0.892578 0.0758432 0.0199509 0.00803195 0.00359647
 0.384404 0.564105 0.037095 0.00914408 0.00525147
 0.845716 0.0690519 0.0785416 0.00483987 0.00185032
 0.564203 0.383499 0.0242644 0.0258626 0.00217091
 0.54316 0.286827 0.150877 0.0089455 0.0101916
 0.689225 0.190005 0.0776914 0.038296 0.00478251
 0.695099 0.22749 0.0486052 0.0186238 0.010182
 0.289368 0.532774 0.135035 0.0270362 0.0157856
 0.690219 0.107822 0.153967 0.0365687 0.0114241
 0.567656 0.324291 0.0393029 0.0525924 0.016157
 0.393067 0.384062 0.170213 0.0193312 0.0333272
 0.676687 0.149056 0.113025 0.04694 0.0142928
 0.63386 0.269783 0.0461042 0.03276 0.0174925
 0.320939 0.471575 0.155757 0.0249433 0.0267852
 0.400635 0.22977 0.26199 0.0810888 0.0265163
 0.829863 0.0805393 0.0358248 0.0382784 0.0154945
pobs_pel_tallas
 0 0 0 0 0 0 0 0 0 0 0 0 0 0 0 0 0 0 0 0 0 0 0 0 0 0
 0 0 0 0 0 0 0 0 0 0 0 0 0 0 0 0 0 0 0 0 0 0 0 0 0 0
 0 0 0 0 0 0 0 0 0 0 0 0 0 0 0 0 0 0 0 0 0 0 0 0 0 0
 0 0 0 0 0 0 0 0 0 0 0 0 0 0 0 0 0 0 0 0 0 0 0 0 0 0
 0 0 0 0 0 0 0 0 0 0 0 0 0 0 0 0 0 0 0 0 0 0 0 0 0 0
 0 0 0 0 0 0 0 0 0 0 0 0 0 0 0 0 0 0 0 0 0 0 0 0 0 0
 0 0 0 0 0 0 0 0 0 0 0 0 0 0 0 0 0 0 0 0 0 0 0 0 0 0
 0 0 0 0 0 0 0 0 0 0 0 0 0 0 0 0 0 0 0 0 0 0 0 0 0 0
 0 0 0 0 0 0 0 0 0 0 0 0 0 0 0 0 0 0 0 0 0 0 0 0 0 0
 0 0 0 0 0 0 0 0 0 0 0 0 0 0 0 0 0 0 0 0 0 0 0 0 0 0
 0 0 0 0 0 0 0 0 0 0 0 0 0 0 0 0 0 0 0 0 0 0 0 0 0 0
 0 0 0 0 0 0 0 0 0 0 0 0 0 0 0 0 0 0 0 0 0 0 0 0 0 0
 0.00862536 0 0 0.000197151 0.00414017 0.0128641 0.00837892 0.0270097 0.101434 0.158115 0.152841 0.127902 0.109271 0.109419 0.0830992 0.0579132 0.0238553 0.00714673 0.00463305 0.00128148 0.00103504 0.000492878 0.000147863 0.000147863 4.92878e-05 0
 0 0 0 0 0 0 0 0 0 0 0 0 0 0 0 0 0 0 0 0 0 0 0 0 0 0
 0 0 0 0 0 0 0 0.0054083 0.00873648 0.0413646 0.0450493 0.0745869 0.0622846 0.0627006 0.0613931 0.0827291 0.12552 0.122667 0.0946155 0.0697135 0.0546179 0.0294188 0.0215738 0.0213955 0.0102223 0.00600262
 0 0 0 0 0.00359764 0.0251062 0.0480494 0.140153 0.205849 0.193036 0.1447 0.116669 0.0760912 0.0342217 0.00950174 0.001854 0.000860785 0 0 0 0.000165536 0 0.000143464 0 0 0
 0 0 0 0 0 0 0 0.000145254 0.000435761 0.0275982 0.070085 0.0708112 0.156366 0.174668 0.174014 0.160142 0.0824315 0.0480064 0.0283245 0.00493863 0.00203355 0 0 0 0 0
 0 0 0 0 0 0 0 0 0 0 0 0 0 0 0 0 0 0 0 0 0 0 0 0 0 0
 0 0 1.00437e-05 0.000401748 0.00122533 0.00171747 0.00176769 0.0269171 0.070346 0.194647 0.189555 0.159765 0.064822 0.0314167 0.0384472 0.0292271 0.0345202 0.0313363 0.0194345 0.0106764 0.0143323 0.0359363 0.0279516 0.0138201 0.00172751 0
 0 0.0021121 0.0136068 0.0755702 0.200478 0.177729 0.0527432 0.0373336 0.0318909 0.0142505 0.0149659 0.0166563 0.0217959 0.0798694 0.0677717 0.0528807 0.04013 0.0224614 0.0357745 0.0225083 0.00881397 0.00855152 0.00135912 0.000746735 0 0
 0 0 0 0 5.4009e-05 0.00500934 0.000945158 0.0243581 0.138947 0.33067 0.221406 0.137944 0.0707744 0.0437923 0.0131692 0.00525238 0.0047753 0.00276346 9.45158e-05 9.00151e-06 2.25038e-05 9.00151e-06 4.50075e-06 0 0 0
 0.000866109 0.00284123 0.00948549 0.0512746 0.133035 0.25785 0.225252 0.132002 0.0553304 0.0519788 0.0540692 0.017754 0.00435017 0.00159236 0.00146478 0.000404838 0.000125132 0.000115318 0.000107957 0.000100596 0 0 0 0 0 0
 0 0 0 0 0.00144013 0.00171154 0.00461396 0.0210425 0.0478622 0.0707936 0.0888783 0.103762 0.0637923 0.0337046 0.0602308 0.124433 0.169614 0.0934646 0.0462172 0.0250306 0.0313229 0.00938855 0.002487 0.000210481 0 0
 0 0.00764035 0.051015 0.0998891 0.058973 0.0496711 0.0374665 0.0718981 0.12319 0.153886 0.159021 0.0857701 0.0377988 0.023471 0.0147837 0.00900784 0.00315554 0.000888139 0.00291439 0.00214683 0.00393193 0.00274676 0.000635225 9.99891e-05 0 0
 0 0 0 0 0 0 0 0 0 0 0 0 0 0 0 0 0 0 0 0 0 0 0 0 0 0
 0 0 0 0 0 0 0 0 0 0 0 0 0 0 0 0 0 0 0 0 0 0 0 0 0 0
 0 0 0 0 0 0 0 0 0 0 0 0 0 0 0 0 0 0 0 0 0 0 0 0 0 0
 0 0 0 0 0 0 0 0 0 0 0 0 0 0 0 0 0 0 0 0 0 0 0 0 0 0
 0 0 0 0 0 0 0 0 0 0 0 0 0 0 0 0 0 0 0 0 0 0 0 0 0 0
 0 0 0 0 0 0 0 0 0 0 0 0 0 0 0 0 0 0 0 0 0 0 0 0 0 0
 0 0 0 0 0 0 0 0 0 0 0 0 0 0 0 0 0 0 0 0 0 0 0 0 0 0
ppred_pel_tallas
 1.1746e-16 2.90837e-05 0.000282704 0.00187867 0.00854016 0.0265717 0.0566142 0.0826324 0.0826436 0.0566694 0.0267594 0.00909226 0.00330162 0.00351161 0.00651973 0.0116646 0.0189651 0.0283432 0.0395645 0.0522472 0.065607 0.0780642 0.0872192 0.0905667 0.0866741 0.0760376
 1.33968e-16 2.85498e-05 0.000277515 0.00184418 0.00838341 0.026084 0.0555758 0.0811201 0.0811471 0.0557077 0.0265274 0.00966623 0.00507292 0.00735613 0.0135664 0.0226468 0.0332884 0.0433891 0.050965 0.0554559 0.0581877 0.0614235 0.06666 0.0734684 0.079659 0.0824988
 1.30588e-16 3.92233e-05 0.000381264 0.00253364 0.0115176 0.0358355 0.0763521 0.111443 0.111464 0.0764559 0.0361848 0.0125291 0.00508299 0.00598095 0.0107774 0.018033 0.0266457 0.0349768 0.041435 0.0454546 0.0478677 0.0502473 0.0537179 0.0581623 0.0623248 0.0645582
 1.11083e-16 6.00694e-05 0.000583896 0.00388019 0.0176388 0.0548809 0.11693 0.170666 0.17068 0.117001 0.0551179 0.0183241 0.00560377 0.00435819 0.0072635 0.0120086 0.0175258 0.0225512 0.0258614 0.0269589 0.0263798 0.0252937 0.0247074 0.0248935 0.0253922 0.025439
 1.06879e-16 4.87196e-05 0.000473572 0.00314705 0.0143061 0.0445116 0.0948379 0.138425 0.138456 0.0949884 0.0450172 0.0157667 0.00681413 0.00848158 0.0152658 0.0251838 0.0363319 0.0458205 0.0507455 0.0497945 0.0440357 0.0361817 0.0289371 0.0237113 0.0204434 0.0182747
 1.05603e-16 5.57234e-05 0.000541651 0.00359946 0.0163626 0.0509104 0.108471 0.15832 0.158341 0.108571 0.0512471 0.0173364 0.00604835 0.0059028 0.0102822 0.0170271 0.0247958 0.0317532 0.0360515 0.0368194 0.0346268 0.0309846 0.0273145 0.0242294 0.0215571 0.018851
 1.09107e-16 3.35838e-05 0.000326447 0.00216935 0.0098616 0.0306833 0.0653756 0.0954264 0.0954684 0.0655807 0.0313724 0.0118529 0.0071718 0.01126 0.0208377 0.0344998 0.0499418 0.06333 0.0707724 0.0704834 0.0638134 0.0542348 0.0451382 0.0381813 0.0331662 0.0290183
 1.17711e-16 2.97527e-05 0.000289207 0.00192188 0.00873662 0.027183 0.0579174 0.0845383 0.0845679 0.0580622 0.0276702 0.0101483 0.00548199 0.00811651 0.0150588 0.0252775 0.0374183 0.0491767 0.0581802 0.0633003 0.0651609 0.0653366 0.0649554 0.0639244 0.0612972 0.0562503
 1.24138e-16 3.52683e-05 0.00034282 0.00227816 0.0103562 0.0322221 0.0686536 0.100207 0.100231 0.0687707 0.0326161 0.0114972 0.00515476 0.00666442 0.0121667 0.020394 0.0301818 0.039701 0.0471441 0.0518016 0.0544536 0.0566286 0.0593202 0.0622131 0.0639424 0.0630237
 1.18194e-16 4.81103e-05 0.00046765 0.0031077 0.0141272 0.0439549 0.0936513 0.136691 0.136711 0.0937502 0.0442874 0.0150892 0.00552911 0.0057759 0.0101965 0.0169613 0.0248664 0.0322272 0.0373936 0.0397097 0.0399154 0.0395638 0.0399062 0.0411258 0.0423981 0.0425448
 1.0781e-16 5.97243e-05 0.000580541 0.0038579 0.0175375 0.0545657 0.116259 0.169686 0.169704 0.116343 0.0548504 0.0183605 0.00592636 0.00510429 0.00867604 0.0143157 0.0207783 0.0264826 0.0298698 0.0302579 0.0282476 0.0252801 0.0227046 0.0210863 0.0201658 0.0193004
 1.04759e-16 5.50405e-05 0.000535013 0.00355535 0.0161621 0.0502865 0.107142 0.156382 0.156407 0.107263 0.0506946 0.0173411 0.00651588 0.00700186 0.0123486 0.0203593 0.0293986 0.0371318 0.0412176 0.0405834 0.0360548 0.0297652 0.0238406 0.0193885 0.0163793 0.0141918
 1.05294e-16 5.0212e-05 0.000488078 0.00324345 0.0147443 0.0458751 0.0977427 0.142664 0.142691 0.0978765 0.0463245 0.0160432 0.00650738 0.00762478 0.0136379 0.0225552 0.0326935 0.0415456 0.0465761 0.0465988 0.0424384 0.0362782 0.0302533 0.025415 0.0216785 0.0184539
 1.07677e-16 4.50778e-05 0.000438172 0.00291181 0.0132367 0.0411844 0.0877488 0.128078 0.128108 0.0878928 0.0416683 0.0146357 0.006429 0.00813429 0.0147147 0.024395 0.0354665 0.0452933 0.051204 0.0519551 0.0484132 0.0428331 0.0373509 0.0329093 0.0292595 0.0256946
 1.0782e-16 5.30603e-05 0.000515765 0.00342744 0.0155807 0.0484774 0.103287 0.150755 0.150776 0.103391 0.0488259 0.0165888 0.00596338 0.00606952 0.0106532 0.0176665 0.0257714 0.0331017 0.0377846 0.0389593 0.0372417 0.0341865 0.0312036 0.0288117 0.0266851 0.0242244
 1.0201e-16 7.35204e-05 0.000714645 0.00474907 0.0215886 0.0671701 0.143113 0.20888 0.208887 0.143149 0.0672904 0.0219362 0.00562255 0.0026243 0.00370875 0.00603736 0.00874332 0.0111094 0.0124591 0.0124864 0.0114291 0.00988849 0.00844373 0.00736531 0.0065973 0.00593361
 1.03021e-16 3.1663e-05 0.000307776 0.00204528 0.00929758 0.0289285 0.0616372 0.0899727 0.090027 0.0619025 0.0298191 0.011869 0.00849655 0.0143798 0.0267241 0.0440441 0.0632422 0.0791049 0.0863385 0.0825048 0.0694964 0.0523029 0.0360971 0.0238864 0.0160681 0.0114756
 1.03083e-16 6.96605e-05 0.000677125 0.00449974 0.0204552 0.0636436 0.1356 0.197913 0.19792 0.135633 0.063755 0.0207784 0.00531621 0.00247648 0.00353666 0.00586584 0.00874344 0.0116185 0.0139567 0.0154753 0.0162413 0.0164955 0.0163732 0.0157858 0.0145512 0.0126196
 1.0376e-16 4.64727e-05 0.000451731 0.00300192 0.0136463 0.0424589 0.0904645 0.132043 0.13208 0.0906449 0.0430645 0.0153949 0.00738914 0.0100228 0.0182054 0.029977 0.0430724 0.05395 0.0590422 0.0567297 0.0483302 0.0372392 0.0269297 0.0193478 0.0146269 0.0118398
 1.0705e-16 4.47394e-05 0.000434883 0.00288995 0.0131373 0.0408752 0.08709 0.127116 0.127144 0.087226 0.0413324 0.0144599 0.00621802 0.00772724 0.0139737 0.0232371 0.0339493 0.0436886 0.0499759 0.0516074 0.0492607 0.044823 0.0400419 0.0356279 0.0313545 0.0267642
 1.06941e-16 5.67706e-05 0.00055183 0.00366711 0.0166701 0.0518671 0.110509 0.161295 0.161313 0.110599 0.0521695 0.0175446 0.00586673 0.00536872 0.00924971 0.0153203 0.0223451 0.0286985 0.0327611 0.0337976 0.0323575 0.0298012 0.0273509 0.0254349 0.0237304 0.0216736
 1.05052e-16 5.72544e-05 0.000556533 0.00369836 0.0168122 0.0523092 0.111451 0.162671 0.162693 0.111558 0.0526696 0.0178536 0.00631382 0.0062714 0.0109266 0.0180155 0.0260477 0.032974 0.0367477 0.0364378 0.0327729 0.027612 0.0227804 0.0191872 0.0167393 0.0148442
 1.09416e-16 2.3835e-05 0.000231685 0.00153963 0.00699896 0.0217766 0.0463994 0.067732 0.0677834 0.0466508 0.0226212 0.00943952 0.00767051 0.0136313 0.0255186 0.0422716 0.0611774 0.077533 0.0865385 0.0859619 0.0774128 0.0651217 0.0532668 0.043969 0.0371315 0.0315984
 1.10072e-16 5.68524e-05 0.000552626 0.00367239 0.0166942 0.0519418 0.110668 0.161525 0.161536 0.11072 0.0521171 0.0172033 0.0049616 0.00340392 0.0055807 0.00942115 0.0142347 0.0193065 0.0239196 0.0277159 0.0307949 0.033393 0.03544 0.0364284 0.0357173 0.0329951
 1.09226e-16 4.67572e-05 0.000454496 0.00302029 0.0137298 0.0427187 0.0910179 0.13285 0.132881 0.0911707 0.0432317 0.0152116 0.0067405 0.0085782 0.0154834 0.0255479 0.0368655 0.046525 0.0516181 0.0508742 0.0454495 0.0381494 0.0317074 0.0274458 0.0251041 0.0235779
 1.12589e-16 3.23765e-05 0.000314711 0.00209137 0.00950708 0.0295802 0.0630252 0.0919949 0.0920321 0.0632071 0.0301915 0.011275 0.00653808 0.0100522 0.0186144 0.0309552 0.0451351 0.0579064 0.0659514 0.0677163 0.0642442 0.0582587 0.0522902 0.047375 0.0431108 0.0386005
 1.10426e-16 5.57378e-05 0.000541791 0.0036004 0.0163669 0.0509235 0.108498 0.15836 0.158374 0.10857 0.0511626 0.0170594 0.00534665 0.00438031 0.007424 0.0123918 0.0183343 0.0240949 0.028528 0.0311204 0.0322347 0.0326967 0.0330777 0.0332837 0.032729 0.0308455
 1.07646e-16 5.22103e-05 0.000507503 0.00337253 0.0153311 0.0477008 0.101633 0.148341 0.148367 0.10176 0.0481279 0.0165651 0.00647141 0.00727699 0.0129229 0.0213208 0.0308063 0.0389608 0.0433701 0.0429641 0.0386651 0.0327463 0.0274212 0.0237596 0.021566 0.0199909
 1.1165e-16 2.64354e-05 0.000256961 0.0017076 0.00776254 0.0241524 0.0514609 0.0751182 0.0751638 0.0516837 0.0249011 0.00992706 0.00714794 0.0121568 0.0226957 0.0376605 0.0546755 0.069654 0.0784235 0.0790426 0.0728841 0.0635342 0.0544486 0.0472479 0.0416607 0.0366071
 1.20239e-16 3.29998e-05 0.00032077 0.00213163 0.00969009 0.0301496 0.0642377 0.0937616 0.0937841 0.064348 0.030521 0.0107678 0.00485581 0.0063307 0.0116328 0.0196682 0.0294808 0.0395048 0.04813 0.0546005 0.0592944 0.0630522 0.0661527 0.0678763 0.0669939 0.0626815
 1.07516e-16 6.83547e-05 0.000664432 0.00441539 0.0200717 0.0624506 0.133058 0.194203 0.194211 0.133096 0.0625791 0.0204436 0.00535157 0.00271772 0.00399685 0.00657774 0.00965959 0.0125665 0.0146773 0.0157576 0.0161032 0.0163025 0.0167975 0.0175899 0.0182819 0.0183581
pSPR Fmed_Fpbrs
0.757685   0.190944 0.190944
Fs Fmed_Fpbrs
0.137541   1.005 1.005
SSBpbr Bo_Bmed_Bpbrs
2.5691e+06  1.81812e+06  362098 362098
Ro
256002
SPR SPRFo_SPRFmed_SPRFpbrs
1.8229e+06 1.38119e+06 348071
Fref
1.005
log_Ro
12.2729
likeval ReclasPelacesDesembMPH_pf_preclas_ppelaces_ptallas_desvR_qrecl_qpela
 18.9525 18.0565 0.14701 0.000800033 230.035 123.858 84.1893 0 20.5671 1.47209e-05 0 0.745236 0 0 0
q_reclas_q_pelaces
0.580603 1
M
1
N
 266105 58918 256029 13041.1 0.415453
 156789 91197.8 20036.7 87070 4435.12
 153204 50826.4 29159 6406.43 29257.3
 336189 49902.6 16337.5 9372.79 11463.6
 269639 104785 15275.6 5001.04 6378.2
 416030 94093.9 36356.4 5300.04 3948.16
 176725 137610 30764.9 11887.1 3023.79
 86385.8 52132.8 39629.4 8859.8 4294.09
 73862.1 30731.7 18478.6 14046.8 4662.43
 91582.2 23785.4 9753.92 5864.91 5938.1
 158879 28272.2 7203.86 2954.16 3574.76
 197122 55643.3 9848.72 2509.49 2274.37
 167411 56837.1 15623.8 2765.37 1343.23
 119364 49104.8 16265.2 4471.09 1175.77
 123720 30757.5 12171.9 4031.75 1399.72
 579174 35965.8 8714.92 3448.82 1538.97
 159311 169579 10272 2489.01 1424.53
 854794 50681.4 53100.7 3216.5 1225.46
 540645 268603 15654.6 16401.9 1372.04
 410623 158061 76586.7 4463.59 5067.87
 618420 123715 46597 22578.1 2809.92
 821514 195823 38539.8 14515.9 7908.88
 187604 249770 58313.7 11476.7 6677.85
 547671 61767.3 81246.9 18968.7 5905.45
 444752 183493 20485 26945.3 8249.46
 210808 148507 60626.8 6768.31 11628.5
 450882 71706.9 50085.6 20447.1 6204.54
 491984 150996 23769.5 16602.4 8834.51
 157641 167055 50825.7 8000.87 8562.15
 128857 53437.3 56125.9 17076.1 5564.73
 607859 42439.8 17389.1 18264 7367.57
pred_Ctot
 11574.1 2832.68 12309.5 626.993 0.0199743
 11898.1 7631.45 1676.68 7286.04 371.132
 11207.7 4100.97 2352.72 516.909 2360.65
 32903.8 5376.69 1760.26 1009.86 1235.14
 8802.52 3784.34 551.682 180.614 230.351
 26760.5 6679.94 2581.02 376.262 280.289
 22534.5 19271.8 4308.53 1664.75 423.472
 1805.49 1206.44 917.089 205.03 99.3723
 5883.28 2698.49 1622.57 1233.42 409.4
 9445.48 2699.46 1106.99 665.621 673.927
 4839.36 952.835 242.786 99.5614 120.477
 27482.3 8512.28 1506.65 383.9 347.931
 21847.2 8144.54 2238.83 396.266 192.48
 23264.7 10454.4 3462.85 951.893 250.32
 16724.2 4563.68 1806.02 598.216 207.685
 76126.1 5190.44 1257.7 497.72 222.098
 13781.5 16163.3 979.069 237.239 135.779
 79817.4 5211.53 5460.3 330.75 126.013
 71485.5 38992.3 2272.54 2381.02 199.176
 47756.6 20207.9 9791.53 570.666 647.922
 55108 12144.5 4574.17 2216.37 275.834
 91533 23993.8 4722.21 1778.61 969.06
 12568.3 18464.1 4310.82 848.413 493.657
 31138.7 3878.15 5101.2 1190.98 370.782
 26167.1 11920.1 1330.74 1750.42 535.901
 10108 7868.58 3212.29 358.617 616.132
 25755 4523.1 3159.28 1289.76 391.368
 24103.5 8174.03 1286.74 898.756 478.248
 7880.54 9226.85 2807.23 441.908 472.909
 8607.23 3938.76 4136.93 1258.64 410.165
 20296.1 1567.56 642.285 674.601 272.129
F
 0.0708615 0.0785796 0.0785796 0.0785796 0.0785796
 0.126488 0.140265 0.140265 0.140265 0.140265
 0.121699 0.134954 0.134954 0.134954 0.134954
 0.165762 0.183817 0.183817 0.183817 0.183817
 0.0527911 0.058541 0.058541 0.058541 0.058541
 0.106336 0.117918 0.117918 0.117918 0.117918
 0.220801 0.24485 0.24485 0.24485 0.24485
 0.033529 0.0371809 0.0371809 0.0371809 0.0371809
 0.133126 0.147626 0.147626 0.147626 0.147626
 0.175356 0.194456 0.194456 0.194456 0.194456
 0.0491822 0.0545391 0.0545391 0.0545391 0.0545391
 0.243633 0.270169 0.270169 0.270169 0.270169
 0.226493 0.251162 0.251162 0.251162 0.251162
 0.356046 0.394826 0.394826 0.394826 0.394826
 0.235452 0.261097 0.261097 0.261097 0.261097
 0.228286 0.25315 0.25315 0.25315 0.25315
 0.1453 0.161126 0.161126 0.161126 0.161126
 0.157626 0.174794 0.174794 0.174794 0.174794
 0.229784 0.254812 0.254812 0.254812 0.254812
 0.199692 0.221442 0.221442 0.221442 0.221442
 0.149958 0.166292 0.166292 0.166292 0.166292
 0.19061 0.211371 0.211371 0.211371 0.211371
 0.110961 0.123046 0.123046 0.123046 0.123046
 0.0934985 0.103682 0.103682 0.103682 0.103682
 0.0968872 0.10744 0.10744 0.10744 0.10744
 0.0783605 0.0868953 0.0868953 0.0868953 0.0868953
 0.0939516 0.104185 0.104185 0.104185 0.104185
 0.0801246 0.0888516 0.0888516 0.0888516 0.0888516
 0.0818134 0.0907244 0.0907244 0.0907244 0.0907244
 0.110618 0.122667 0.122667 0.122667 0.122667
 0.0540214 0.0599053 0.0599053 0.0599053 0.0599053
nmprior
 8 9 7.5 0
nm_flota  nm_reclas  nm_pelaces    nm_pelaL
inf 11.6798 9.09838 14.15
cv_recla  cv_pelaces  cv_mph
0.393784 0.500013 0.872889
 ------------------------------------------------
Talla a la edad & desviación 
 8 13.2811 15.8009 17.003 17.5766
 0.8 1.32811 1.58009 1.7003 1.75766
