    unsorted:	 2.366680085e-06 2.290916371e-06 -3.384627337e-06 5.980464054e-05 5.460847525e-05 8.216232249e-05 0.001099993824 13.19461980 62.44307865 162.8908030 140.2373106 233.0562819 276.9263596 367.1778617 486.3232392 689.7561330 617.1606039 804.3060304 883.3098746 918.1118857 938.6751544 1108.468266 1225.048948 1308.127091 1468.894719 1554.218591 1899.520656 1978.064284 2067.008236 2197.585649 2343.182632 2432.905215 2478.565992 2552.724200 2594.149236 2745.523901 3018.605956 3140.852423 3338.028327 3631.457356 3813.469901 4158.244529 5073.310063 8439.726910 37763.09960 158322.2459 409994.7282 413862.4642 403189.8835 399416.6620 381139.3481 364684.3300 450483.1685 468321.3240 463474.5803 472877.3023 334308.0074 533387.5098 568655.0003 590040.1142 624860.1462 672473.8709 821482.6303 896972.9128 1021832.376 1071435.701 1353682.955 1469227.844 1557518.630 1652402.720 1960940.971 2257365.661 2351880.552 2687455.941 2924165.435 3067571.621 3260721.853
      sorted:	 -3.384627337e-06 2.290916371e-06 2.366680085e-06 5.460847525e-05 5.980464054e-05 8.216232249e-05 0.001099993824 13.19461980 62.44307865 140.2373106 162.8908030 233.0562819 276.9263596 367.1778617 486.3232392 617.1606039 689.7561330 804.3060304 883.3098746 918.1118857 938.6751544 1108.468266 1225.048948 1308.127091 1468.894719 1554.218591 1899.520656 1978.064284 2067.008236 2197.585649 2343.182632 2432.905215 2478.565992 2552.724200 2594.149236 2745.523901 3018.605956 3140.852423 3338.028327 3631.457356 3813.469901 4158.244529 5073.310063 8439.726910 37763.09960 158322.2459 334308.0074 364684.3300 381139.3481 399416.6620 403189.8835 409994.7282 413862.4642 450483.1685 463474.5803 468321.3240 472877.3023 533387.5098 568655.0003 590040.1142 624860.1462 672473.8709 821482.6303 896972.9128 1021832.376 1071435.701 1353682.955 1469227.844 1557518.630 1652402.720 1960940.971 2257365.661 2351880.552 2687455.941 2924165.435 3067571.621 3260721.853
