years
 1991 1992 1993 1994 1995 1996 1997 1998 1999 2000 2001 2002 2003 2004 2005 2006 2007 2008 2009 2010 2011 2012 2013 2014 2015 2016 2017 2018 2019 2020 2021
reclasobs
 0 0 0 0 0 0 0 0 0 252601 567819 844713 477998 351125 339783 2.1784e+06 2.13404e+06 4.81314e+06 1.55562e+06 2.62356e+06 3.21686e+06 3.843e+06 1.13348e+06 3.07943e+06 1.97215e+06 2.03268e+06 2.025e+06 2.42433e+06 2.27542e+06 1.05018e+06 2.36338e+06
reclaspred
 3.51317e+06 2.01953e+06 1.03098e+06 1.10446e+06 1.15344e+06 1.73835e+06 1.21646e+06 1.09842e+06 793349 578606 555794 664751 660440 546840 555122 1.20999e+06 1.2568e+06 2.52129e+06 2.12298e+06 1.6296e+06 2.8965e+06 2.34939e+06 1.92852e+06 2.95536e+06 2.22579e+06 1.97944e+06 2.29777e+06 2.37122e+06 1.98723e+06 1.32999e+06 2.16312e+06
pelacesobs
 0 0 0 0 0 0 0 0 0 0 0 0 0 0 0 552880 188675 0 991730 2.46772e+06 1.41603e+06 1.21717e+06 2.29649e+06 1.80582e+06 0 1.4828e+06 1.56532e+06 1.57751e+06 1.42118e+06 867257 0
pelacespred
 2.60494e+06 1.69045e+06 878343 678358 733804 1.08436e+06 829773 826212 615030 427585 391980 393414 425309 374215 371269 633172 743721 1.51319e+06 1.45078e+06 1.07585e+06 1.6906e+06 1.58873e+06 1.3427e+06 2.00879e+06 1.62054e+06 1.4261e+06 1.73099e+06 1.76075e+06 1.37411e+06 1.0478e+06 1.35279e+06
mphobs
 0 0 0 0 0 0 0 0 0 0 0 498337 0 5186 125008 0 168611 109162 213762 579715 649985 157893 87575 83554 0 0 0 0 0 0 0
mphpred
 5.13614e+06 3.4609e+06 1.7847e+06 973286 1.18887e+06 1.36288e+06 1.77694e+06 1.25986e+06 1.07811e+06 762518 502723 626197 663822 583129 436148 532956 1.36594e+06 1.40741e+06 2.41871e+06 1.91655e+06 2.09867e+06 2.5813e+06 2.45101e+06 2.07777e+06 2.86976e+06 2.35472e+06 1.95929e+06 2.04731e+06 2.75564e+06 1.93734e+06 1.14729e+06
desembarqueobs
 494567 514787 250237 358949 120608 361735 552515 73892 212993 205616 52469 317467 293654 387597 252695 516296 358380 742168 942051 627588 828172 859565 418607 520667 417249 300574 407403 355545 319650 289779 219260
desembarquepred
 494572 513004 251213 358964 120611 361747 552569 73894.6 213030 205653 52470.9 317533 293711 387668 252706 516302 358410 742122 941986 627540 828256 859639 418627 520692 417259 300583 407413 355544 319656 289793 219261
Reclutas
 257137 150840 147708 314901 252370 392411 166702 81111.7 69921.6 87252 152584 190457 161441 115004 119028 564630 150514 838891 525289 400984 599721 797547 180414 527313 431163 202755 435825 476882 150679 121914 575889
log_desv_Rt
 0.0460954 -0.487293 -0.508278 0.248742 0.0273821 0.468794 -0.387306 -1.10769 -1.25614 -1.03471 -0.475802 -0.254091 -0.419376 -0.758544 -0.724155 0.832656 -0.489456 1.22857 0.760433 0.490408 0.892949 1.17803 -0.308263 0.76428 0.56297 -0.191518 0.573726 0.663755 -0.488361 -0.700198 0.852399
SSB
 5.13614e+06 3.4609e+06 1.7847e+06 973286 1.18887e+06 1.36288e+06 1.77694e+06 1.25986e+06 1.07811e+06 762518 502723 626197 663822 583129 436148 532956 1.36594e+06 1.40741e+06 2.41871e+06 1.91655e+06 2.09867e+06 2.5813e+06 2.45101e+06 2.07777e+06 2.86976e+06 2.35472e+06 1.95929e+06 2.04731e+06 2.75564e+06 1.93734e+06 1.14729e+06
BT
 6.72488e+06 4.59629e+06 2.3791e+06 2.15489e+06 2.04023e+06 3.35879e+06 2.609e+06 2.24238e+06 1.80143e+06 1.31811e+06 1.12952e+06 1.35963e+06 1.44246e+06 1.45637e+06 1.33257e+06 2.34642e+06 2.26411e+06 5.13984e+06 4.9047e+06 3.41617e+06 5.47069e+06 5.13178e+06 3.85618e+06 6.27774e+06 4.63604e+06 4.02029e+06 5.34688e+06 5.3951e+06 3.73508e+06 2.91826e+06 4.18201e+06
Ftot
 0.0828573 0.148196 0.142773 0.196805 0.0630746 0.126977 0.264999 0.0403798 0.160026 0.210542 0.0582636 0.285641 0.26574 0.419714 0.277737 0.265083 0.169469 0.181911 0.264594 0.23029 0.173313 0.220419 0.128588 0.108735 0.112351 0.090855 0.108972 0.0926788 0.0945133 0.128953 0.0637147
BD_Bspro_t
 0.98683 0.900353 0.789704 0.722924 0.732963 0.790017 0.782844 0.676097 0.718793 0.688979 0.660071 0.778637 0.678277 0.603182 0.516626 0.565714 0.678356 0.672556 0.729305 0.651497 0.629606 0.673265 0.686805 0.686737 0.774797 0.780676 0.78858 0.815108 0.846662 0.797686 0.764425
BD_Bspro
 2.93745 1.97935 1.0207 0.55664 0.679936 0.779456 1.01626 0.720536 0.616593 0.436098 0.287516 0.358133 0.379652 0.333502 0.249441 0.304807 0.781205 0.804921 1.38331 1.09611 1.20027 1.47629 1.40178 1.18832 1.64127 1.34671 1.12055 1.17089 1.576 1.108 0.656158
BD_Bo
 2.07433 1.39775 0.720787 0.39308 0.480147 0.550425 0.71765 0.508817 0.435417 0.307957 0.203034 0.252901 0.268097 0.235508 0.176147 0.215244 0.551661 0.568407 0.976843 0.774036 0.847586 1.04251 0.989886 0.839148 1.15901 0.951 0.791297 0.826845 1.11292 0.782431 0.463357
BD_Brms
 14.549 9.80356 5.05547 2.75699 3.36767 3.86059 5.03347 3.56876 3.05394 2.15996 1.42405 1.7738 1.88038 1.65181 1.23546 1.50969 3.86925 3.98671 6.85141 5.42895 5.94482 7.31194 6.94289 5.88563 8.12907 6.67014 5.55002 5.79934 7.80579 5.48783 3.2499
Sel_flota
 0.893311 1 1 1 1
 0.893311 1 1 1 1
 0.893311 1 1 1 1
 0.893311 1 1 1 1
 0.893311 1 1 1 1
 0.893311 1 1 1 1
 0.893311 1 1 1 1
 0.893311 1 1 1 1
 0.893311 1 1 1 1
 0.893311 1 1 1 1
 0.893311 1 1 1 1
 0.893311 1 1 1 1
 0.893311 1 1 1 1
 0.893311 1 1 1 1
 0.893311 1 1 1 1
 0.893311 1 1 1 1
 0.893311 1 1 1 1
 0.893311 1 1 1 1
 0.893311 1 1 1 1
 0.893311 1 1 1 1
 0.893311 1 1 1 1
 0.893311 1 1 1 1
 0.893311 1 1 1 1
 0.893311 1 1 1 1
 0.893311 1 1 1 1
 0.893311 1 1 1 1
 0.893311 1 1 1 1
 0.893311 1 1 1 1
 0.893311 1 1 1 1
 0.893311 1 1 1 1
 0.893311 1 1 1 1
Sel_reclas
 1 1 1 1 1
 1 1 1 1 1
 1 1 1 1 1
 1 1 1 1 1
 1 1 1 1 1
 1 1 1 1 1
 1 1 1 1 1
 1 1 1 1 1
 1 1 1 1 1
 1 1 1 1 1
 1 1 1 1 1
 1 1 1 1 1
 1 1 1 1 1
 1 1 1 1 1
 1 1 1 1 1
 1 1 1 1 1
 1 1 1 1 1
 1 1 1 1 1
 1 1 1 1 1
 1 1 1 1 1
 1 1 1 1 1
 1 1 1 1 1
 1 1 1 1 1
 1 1 1 1 1
 1 1 1 1 1
 1 1 1 1 1
 1 1 1 1 1
 1 1 1 1 1
 1 1 1 1 1
 1 1 1 1 1
 1 1 1 1 1
Sel_pelaces
 0.687902 0.917304 0.982402 0.996453 0.999293
 0.687902 0.917304 0.982402 0.996453 0.999293
 0.687902 0.917304 0.982402 0.996453 0.999293
 0.687902 0.917304 0.982402 0.996453 0.999293
 0.687902 0.917304 0.982402 0.996453 0.999293
 0.687902 0.917304 0.982402 0.996453 0.999293
 0.687902 0.917304 0.982402 0.996453 0.999293
 0.687902 0.917304 0.982402 0.996453 0.999293
 0.687902 0.917304 0.982402 0.996453 0.999293
 0.687902 0.917304 0.982402 0.996453 0.999293
 0.687902 0.917304 0.982402 0.996453 0.999293
 0.687902 0.917304 0.982402 0.996453 0.999293
 0.687902 0.917304 0.982402 0.996453 0.999293
 0.687902 0.917304 0.982402 0.996453 0.999293
 0.687902 0.917304 0.982402 0.996453 0.999293
 0.687902 0.917304 0.982402 0.996453 0.999293
 0.687902 0.917304 0.982402 0.996453 0.999293
 0.687902 0.917304 0.982402 0.996453 0.999293
 0.687902 0.917304 0.982402 0.996453 0.999293
 0.687902 0.917304 0.982402 0.996453 0.999293
 0.687902 0.917304 0.982402 0.996453 0.999293
 0.687902 0.917304 0.982402 0.996453 0.999293
 0.687902 0.917304 0.982402 0.996453 0.999293
 0.687902 0.917304 0.982402 0.996453 0.999293
 0.687902 0.917304 0.982402 0.996453 0.999293
 0.687902 0.917304 0.982402 0.996453 0.999293
 0.687902 0.917304 0.982402 0.996453 0.999293
 0.687902 0.917304 0.982402 0.996453 0.999293
 0.687902 0.917304 0.982402 0.996453 0.999293
 0.687902 0.917304 0.982402 0.996453 0.999293
 0.687902 0.917304 0.982402 0.996453 0.999293
pf_obs 
 0.8446 0.082 0.0669 0.0065 0
 0.8095 0.147 0.0364 0.0071 0
 0.9664 0.0169 0.016 0.0007 0
 0.9276 0.0648 0.0075 0.0001 0
 0.7033 0.2144 0.0806 0.0017 0
 0.9318 0.0425 0.0243 0.0014 0
 0.5671 0.3108 0.0964 0.0239 0.0018
 0.0768 0.2599 0.5324 0.112 0.0189
 0.490249 0.384438 0.106611 0.0170017 0.00170017
 0.7925 0.1577 0.0466 0.003 0.0002
 0.840416 0.127587 0.0312969 0.00059994 9.999e-05
 0.8084 0.0986 0.0794 0.0134 0.0002
 0.7335 0.1905 0.0724 0.0035 0.0001
 0.4001 0.4547 0.1325 0.0127 0
 0.49795 0.308269 0.164784 0.0264974 0.00249975
 0.9179 0.0499 0.0305 0.0017 0
 0.2467 0.6533 0.0926 0.0074 0
 0.9418 0.0223 0.034 0.0019 0
 0.707729 0.231977 0.0356964 0.0245975 0
 0.517169 0.277429 0.184464 0.0207286 0.00020938
 0.811772 0.124168 0.05621 0.00726502 0.000585176
 0.764997 0.148141 0.077277 0.00933861 0.000247198
 0.163321 0.427699 0.378323 0.0303852 0.000271297
 0.753843 0.0900009 0.118128 0.0371064 0.000921714
 0.721811 0.176058 0.0630433 0.0369309 0.00215725
 0.143369 0.312575 0.442814 0.0836902 0.0175525
 0.692698 0.0596174 0.167031 0.0765114 0.00414204
 0.394062 0.376323 0.152708 0.0712218 0.00568511
 0.125707 0.32114 0.495352 0.0537591 0.00404204
 0.23352 0.215282 0.420074 0.123614 0.00750983
 0 0 0 0 0
pf_pred 
 0.425137 0.105226 0.44658 0.023057 7.34839e-07
 0.412178 0.266991 0.0587264 0.249236 0.0128685
 0.546985 0.200264 0.114801 0.0252512 0.1127
 0.773861 0.130475 0.04229 0.0242426 0.0291313
 0.649092 0.278987 0.0414964 0.0134499 0.0169751
 0.730612 0.181892 0.0695631 0.0103468 0.00758622
 0.468303 0.400752 0.0884147 0.0338135 0.00871696
 0.428885 0.285967 0.214922 0.0474165 0.022809
 0.49985 0.228738 0.135901 0.102138 0.0333734
 0.651754 0.184762 0.0747672 0.0444216 0.0442943
 0.777444 0.151301 0.0378045 0.0152982 0.0181523
 0.720322 0.222887 0.0386079 0.00964671 0.00853568
 0.667143 0.248303 0.0673846 0.0116722 0.00549701
 0.608109 0.272494 0.0890667 0.0241709 0.00615861
 0.703397 0.190117 0.0740427 0.0242014 0.00824121
 0.915949 0.0613502 0.0145508 0.00566691 0.00248301
 0.433322 0.524415 0.0308484 0.00731648 0.00409798
 0.880409 0.0554758 0.0593337 0.00349027 0.00129146
 0.617633 0.341415 0.018997 0.0203181 0.00163744
 0.605676 0.255437 0.124012 0.00690025 0.00797488
 0.740754 0.164801 0.0611804 0.0297024 0.00356278
 0.744044 0.195503 0.0384295 0.0142665 0.00775703
 0.340452 0.506172 0.117151 0.023028 0.0131971
 0.746488 0.0933198 0.12294 0.0284539 0.00879844
 0.62821 0.285705 0.0316883 0.0417465 0.0126496
 0.453901 0.358109 0.144463 0.0160228 0.0275047
 0.733305 0.128923 0.0903456 0.036446 0.0109813
 0.689754 0.234561 0.0365867 0.025639 0.0134593
 0.374234 0.447145 0.135046 0.0210645 0.0225105
 0.463854 0.215763 0.228931 0.0691417 0.0223097
 0.864435 0.0669734 0.0276036 0.0292882 0.0116998
pobs_RECLAS
 0 0 0 0 0
 0 0 0 0 0
 0 0 0 0 0
 0 0 0 0 0
 0 0 0 0 0
 0 0 0 0 0
 0 0 0 0 0
 0 0 0 0 0
 0 0 0 0 0
 0 0 0 0 0
 0.991045 0.00858322 0.000360255 1.14367e-05 0
 0.934742 0.0480273 0.0164251 0.00080598 0
 0.827803 0.169806 0.00239088 0 0
 0.941827 0.0461693 0.0120037 0 0
 0.791401 0.0380133 0.147996 0.0225897 0
 0.846168 0.0940531 0.0597789 0 0
 0.134021 0.677848 0.182769 0.00536245 0
 0.80878 0.0450904 0.141981 0.00414843 0
 0.846168 0.0940531 0.0597789 0 0
 0.905697 0.0802665 0.012482 0.00150086 5.37128e-05
 0.989698 0.0102097 9.19794e-05 0 0
 0.975433 0.0193895 0.00387452 0.00125025 5.28907e-05
 0.303575 0.632131 0.0575291 0.00676475 0
 0.966965 0.00978017 0.0227588 0.000495775 0
 0.843318 0.132988 0.00938335 0.0141283 0.000182051
 0.564624 0.303363 0.111486 0.0197234 0.00080311
 0.826376 0.0876187 0.0782897 0.00655872 0.00115652
 0.89761 0.0855135 0.0140674 0.00269457 0.000114338
 0.34875 0.467042 0.161289 0.0227151 0.000203297
 0.318654 0.224769 0.449479 0.00709798 0
 0.937255 0.0296025 0.0250945 0.00804832 0
ppred_RECLAS
 0.453108 0.100106 0.424851 0.0219351 6.99084e-07
 0.44012 0.254299 0.0559349 0.237389 0.0122568
 0.575109 0.187831 0.107673 0.0236835 0.105703
 0.793326 0.119244 0.0386498 0.0221559 0.0266238
 0.674466 0.258814 0.0384958 0.0124774 0.0157476
 0.752463 0.167138 0.0639207 0.00950754 0.00697089
 0.497184 0.378984 0.0836122 0.0319768 0.00824347
 0.456804 0.271988 0.204415 0.0450986 0.0216939
 0.528425 0.215669 0.128136 0.0963023 0.0314666
 0.677384 0.171165 0.0692647 0.0411524 0.0410345
 0.79644 0.138387 0.0345778 0.0139925 0.0166029
 0.743077 0.204753 0.0354668 0.00886184 0.00784121
 0.692321 0.229521 0.0622874 0.0107893 0.0050812
 0.635815 0.25323 0.08277 0.0224621 0.00572322
 0.726987 0.174997 0.068154 0.0222766 0.00758577
 0.924438 0.055154 0.0130812 0.00509456 0.00223224
 0.461631 0.498217 0.0293074 0.00695098 0.00389327
 0.891966 0.0501146 0.0535997 0.00315297 0.00116666
 0.644558 0.317374 0.0176593 0.0188873 0.00152214
 0.632842 0.237839 0.115468 0.00642488 0.00742547
 0.762143 0.151204 0.0561327 0.0272518 0.00326883
 0.765348 0.179231 0.0352308 0.0130791 0.00711138
 0.366513 0.486171 0.112522 0.022118 0.0126756
 0.767426 0.0856123 0.112786 0.0261038 0.00807175
 0.654403 0.265577 0.0294559 0.0388054 0.0117585
 0.482197 0.339553 0.136978 0.0151926 0.0260795
 0.754975 0.118447 0.0830046 0.0334846 0.0100891
 0.713546 0.216573 0.0337809 0.0236728 0.0124271
 0.401222 0.42786 0.129222 0.020156 0.0215397
 0.492312 0.204311 0.21678 0.0654718 0.0211256
 0.877185 0.0606746 0.0250075 0.0265337 0.0105995
pobs_PELACES
 0 0 0 0 0
 0 0 0 0 0
 0 0 0 0 0
 0 0 0 0 0
 0 0 0 0 0
 0 0 0 0 0
 0 0 0 0 0
 0 0 0 0 0
 0 0 0 0 0
 0 0 0 0 0
 0 0 0 0 0
 0 0 0 0 0
 0 0 0 0 0
 0 0 0 0 0
 0 0 0 0 0
 0 0 0 0 0
 0.505614 0.472636 0.0217494 0 0
 0 0 0 0 0
 0.443492 0.261883 0.143347 0.151278 0
 0.227955 0.32914 0.350689 0.0885471 0.00366901
 0.970185 0.0296113 0.000203453 0 0
 0.997202 0.00247181 0.000326279 0 0
 0.445219 0.490057 0.0546422 0.010081 0
 0.90214 0.0892962 0.00764917 0.000914606 0
 0 0 0 0 0
 0.581667 0.319106 0.0959925 0.00289975 0.000334073
 0.762889 0.0836404 0.116647 0.0363945 0.000428098
 0.88444 0.0763242 0.0277011 0.0115352 0
 0.521256 0.241999 0.230069 0.00667565 0
 0.616807 0.101726 0.260614 0.0208532 0
 0 0 0 0 0
ppred_PELACES
 0.370532 0.108844 0.494716 0.0259076 8.28043e-07
 0.361728 0.277254 0.0653117 0.281149 0.0145576
 0.493979 0.214057 0.131416 0.0293192 0.131229
 0.737063 0.146713 0.0509277 0.0296117 0.0356845
 0.605153 0.308969 0.0492173 0.0161806 0.0204796
 0.690957 0.203745 0.0834505 0.0125899 0.00925719
 0.423528 0.426502 0.100773 0.0390912 0.0101062
 0.378401 0.300013 0.24148 0.0540378 0.0260681
 0.447616 0.242243 0.154138 0.117501 0.0385028
 0.604553 0.2022 0.0876305 0.0528088 0.0528075
 0.741444 0.171441 0.0458769 0.0188304 0.0224071
 0.683284 0.248552 0.0461088 0.0116857 0.0103693
 0.625712 0.274039 0.0796465 0.0139935 0.00660901
 0.565037 0.295686 0.103506 0.0284912 0.00728007
 0.66251 0.210589 0.0878361 0.0291205 0.00994455
 0.900719 0.0709941 0.018033 0.00712354 0.00313015
 0.391452 0.560013 0.0352803 0.00848729 0.00476731
 0.857127 0.0638068 0.0730871 0.0043608 0.00161817
 0.576462 0.374991 0.022346 0.0242418 0.00195923
 0.559573 0.278171 0.144633 0.00816274 0.00946087
 0.701676 0.184501 0.0733548 0.0361223 0.0043452
 0.707689 0.219287 0.0461635 0.0173828 0.00947837
 0.29991 0.528094 0.130898 0.0260983 0.0149993
 0.703443 0.104244 0.147079 0.0345274 0.0107069
 0.583221 0.314375 0.0373426 0.0498991 0.0151631
 0.40581 0.379842 0.164105 0.0184616 0.0317815
 0.690533 0.143912 0.108007 0.0441938 0.0133538
 0.647701 0.261292 0.0436485 0.0310253 0.0163333
 0.330472 0.468375 0.151497 0.0239685 0.0256869
 0.411404 0.226639 0.257536 0.0788934 0.0255288
 0.837602 0.0770844 0.0340256 0.0366185 0.0146698
pobs_pel_tallas
 0 0 0 0 0 0 0 0 0 0 0 0 0 0 0 0 0 0 0 0 0 0 0 0 0 0
 0 0 0 0 0 0 0 0 0 0 0 0 0 0 0 0 0 0 0 0 0 0 0 0 0 0
 0 0 0 0 0 0 0 0 0 0 0 0 0 0 0 0 0 0 0 0 0 0 0 0 0 0
 0 0 0 0 0 0 0 0 0 0 0 0 0 0 0 0 0 0 0 0 0 0 0 0 0 0
 0 0 0 0 0 0 0 0 0 0 0 0 0 0 0 0 0 0 0 0 0 0 0 0 0 0
 0 0 0 0 0 0 0 0 0 0 0 0 0 0 0 0 0 0 0 0 0 0 0 0 0 0
 0 0 0 0 0 0 0 0 0 0 0 0 0 0 0 0 0 0 0 0 0 0 0 0 0 0
 0 0 0 0 0 0 0 0 0 0 0 0 0 0 0 0 0 0 0 0 0 0 0 0 0 0
 0 0 0 0 0 0 0 0 0 0 0 0 0 0 0 0 0 0 0 0 0 0 0 0 0 0
 0 0 0 0 0 0 0 0 0 0 0 0 0 0 0 0 0 0 0 0 0 0 0 0 0 0
 0 0 0 0 0 0 0 0 0 0 0 0 0 0 0 0 0 0 0 0 0 0 0 0 0 0
 0 0 0 0 0 0 0 0 0 0 0 0 0 0 0 0 0 0 0 0 0 0 0 0 0 0
 0.00862536 0 0 0.000197151 0.00414017 0.0128641 0.00837892 0.0270097 0.101434 0.158115 0.152841 0.127902 0.109271 0.109419 0.0830992 0.0579132 0.0238553 0.00714673 0.00463305 0.00128148 0.00103504 0.000492878 0.000147863 0.000147863 4.92878e-05 0
 0 0 0 0 0 0 0 0 0 0 0 0 0 0 0 0 0 0 0 0 0 0 0 0 0 0
 0 0 0 0 0 0 0 0.0054083 0.00873648 0.0413646 0.0450493 0.0745869 0.0622846 0.0627006 0.0613931 0.0827291 0.12552 0.122667 0.0946155 0.0697135 0.0546179 0.0294188 0.0215738 0.0213955 0.0102223 0.00600262
 0 0 0 0 0.00359764 0.0251062 0.0480494 0.140153 0.205849 0.193036 0.1447 0.116669 0.0760912 0.0342217 0.00950174 0.001854 0.000860785 0 0 0 0.000165536 0 0.000143464 0 0 0
 0 0 0 0 0 0 0 0.000145254 0.000435761 0.0275982 0.070085 0.0708112 0.156366 0.174668 0.174014 0.160142 0.0824315 0.0480064 0.0283245 0.00493863 0.00203355 0 0 0 0 0
 0 0 0 0 0 0 0 0 0 0 0 0 0 0 0 0 0 0 0 0 0 0 0 0 0 0
 0 0 1.00437e-05 0.000401748 0.00122533 0.00171747 0.00176769 0.0269171 0.070346 0.194647 0.189555 0.159765 0.064822 0.0314167 0.0384472 0.0292271 0.0345202 0.0313363 0.0194345 0.0106764 0.0143323 0.0359363 0.0279516 0.0138201 0.00172751 0
 0 0.0021121 0.0136068 0.0755702 0.200478 0.177729 0.0527432 0.0373336 0.0318909 0.0142505 0.0149659 0.0166563 0.0217959 0.0798694 0.0677717 0.0528807 0.04013 0.0224614 0.0357745 0.0225083 0.00881397 0.00855152 0.00135912 0.000746735 0 0
 0 0 0 0 5.4009e-05 0.00500934 0.000945158 0.0243581 0.138947 0.33067 0.221406 0.137944 0.0707744 0.0437923 0.0131692 0.00525238 0.0047753 0.00276346 9.45158e-05 9.00151e-06 2.25038e-05 9.00151e-06 4.50075e-06 0 0 0
 0.000866109 0.00284123 0.00948549 0.0512746 0.133035 0.25785 0.225252 0.132002 0.0553304 0.0519788 0.0540692 0.017754 0.00435017 0.00159236 0.00146478 0.000404838 0.000125132 0.000115318 0.000107957 0.000100596 0 0 0 0 0 0
 0 0 0 0 0.00144013 0.00171154 0.00461396 0.0210425 0.0478622 0.0707936 0.0888783 0.103762 0.0637923 0.0337046 0.0602308 0.124433 0.169614 0.0934646 0.0462172 0.0250306 0.0313229 0.00938855 0.002487 0.000210481 0 0
 0 0.00764035 0.051015 0.0998891 0.058973 0.0496711 0.0374665 0.0718981 0.12319 0.153886 0.159021 0.0857701 0.0377988 0.023471 0.0147837 0.00900784 0.00315554 0.000888139 0.00291439 0.00214683 0.00393193 0.00274676 0.000635225 9.99891e-05 0 0
 0 0 0 0 0 0 0 0 0 0 0 0 0 0 0 0 0 0 0 0 0 0 0 0 0 0
 0 0 0 0 0 0 0 0 0 0 0 0 0 0 0 0 0 0 0 0 0 0 0 0 0 0
 0 0 0 0 0 0 0 0 0 0 0 0 0 0 0 0 0 0 0 0 0 0 0 0 0 0
 0 0 0 0 0 0 0 0 0 0 0 0 0 0 0 0 0 0 0 0 0 0 0 0 0 0
 0 0 0 0 0 0 0 0 0 0 0 0 0 0 0 0 0 0 0 0 0 0 0 0 0 0
 0 0 0 0 0 0 0 0 0 0 0 0 0 0 0 0 0 0 0 0 0 0 0 0 0 0
 0 0 0 0 0 0 0 0 0 0 0 0 0 0 0 0 0 0 0 0 0 0 0 0 0 0
ppred_pel_tallas
 1.16903e-16 3.05202e-05 0.000296668 0.00197146 0.00896198 0.0278841 0.0594105 0.0867136 0.0867249 0.0594657 0.0280718 0.00951367 0.0033921 0.00351628 0.00649114 0.0115829 0.0187725 0.0279457 0.0388387 0.0510655 0.0638823 0.0757988 0.0845336 0.087687 0.0838765 0.0735719
 1.32615e-16 2.97951e-05 0.000289619 0.00192462 0.00874907 0.0272217 0.0579998 0.084658 0.0846849 0.0581311 0.0276632 0.0100261 0.00513853 0.00733462 0.0134999 0.0225239 0.0330833 0.0430671 0.0504769 0.0547302 0.05713 0.0599326 0.0646626 0.0709603 0.0767344 0.0793477
 1.28996e-16 4.06885e-05 0.000395506 0.00262828 0.0119478 0.0371741 0.0792042 0.115605 0.115626 0.079306 0.0375166 0.0129396 0.00512754 0.00588439 0.0105641 0.0176662 0.0260883 0.0342115 0.0404626 0.0442736 0.0464508 0.0485369 0.0516486 0.0557011 0.0595058 0.0614948
 1.10516e-16 6.07109e-05 0.000590132 0.00392164 0.0178272 0.0554671 0.118179 0.172489 0.172503 0.118248 0.0557004 0.0185019 0.00561859 0.0043057 0.00715072 0.011816 0.0172359 0.0221591 0.0253748 0.0263871 0.0257215 0.0245329 0.0238232 0.0238774 0.0242632 0.0242458
 1.06588e-16 4.98457e-05 0.000484518 0.0032198 0.0146367 0.0455405 0.09703 0.141624 0.141654 0.0971755 0.0460294 0.016049 0.00676555 0.00822764 0.0147638 0.0243515 0.0351316 0.044308 0.049072 0.048154 0.0425846 0.0349846 0.0279672 0.0228948 0.019711 0.0175899
 1.0529e-16 5.69133e-05 0.000553217 0.00367632 0.016712 0.0519975 0.110787 0.161701 0.161721 0.110883 0.0523215 0.0176491 0.00603263 0.00571119 0.00989433 0.0163758 0.0238382 0.0305086 0.0346048 0.0352876 0.0331094 0.0295341 0.0259437 0.0229411 0.0203677 0.0177926
 1.08648e-16 3.48855e-05 0.0003391 0.00225344 0.0102438 0.0318726 0.0679094 0.0991244 0.0991655 0.0681106 0.0325485 0.0121972 0.00716027 0.0110629 0.0204374 0.0338276 0.0489537 0.0620453 0.0692764 0.0688909 0.0622167 0.052674 0.0436114 0.0366811 0.0317099 0.0276529
 1.16876e-16 3.11684e-05 0.000302968 0.00201333 0.00915234 0.0284765 0.0606732 0.0885605 0.0885897 0.0608163 0.0289577 0.0105466 0.00552921 0.00803132 0.0148652 0.0249366 0.0368832 0.0484106 0.0571588 0.0620042 0.0635706 0.0634425 0.0627806 0.0615454 0.0588433 0.0538782
 1.2281e-16 3.68696e-05 0.000358385 0.0023816 0.0108264 0.0336851 0.0717706 0.104756 0.10478 0.0718859 0.034073 0.01195 0.00521372 0.00658081 0.0119736 0.0200554 0.0296531 0.0389468 0.0461373 0.0505101 0.0528296 0.0546176 0.0568915 0.0593973 0.060851 0.0598383
 1.16814e-16 4.97963e-05 0.000484037 0.0032166 0.0146222 0.0454952 0.0969331 0.141481 0.1415 0.0970289 0.0458174 0.0155545 0.00556288 0.00562667 0.0098788 0.0164203 0.024055 0.0311366 0.0360522 0.0381537 0.0381528 0.037561 0.0376132 0.0385231 0.0395348 0.0395461
 1.07049e-16 6.10718e-05 0.00059364 0.00394495 0.0179332 0.0557968 0.118882 0.173515 0.173531 0.118963 0.0560688 0.0187193 0.00592055 0.00491379 0.00828799 0.0136647 0.0198227 0.0252421 0.0284265 0.0287186 0.0266903 0.0237234 0.0211198 0.0194385 0.0184537 0.0175697
 1.04321e-16 5.62813e-05 0.000547074 0.0036355 0.0165265 0.0514201 0.109557 0.159907 0.15993 0.109674 0.0518136 0.0176632 0.00648976 0.0067813 0.0119062 0.0196207 0.0283223 0.0357521 0.0396467 0.0389683 0.0345134 0.0283462 0.0225296 0.0181475 0.0151869 0.0130589
 1.04891e-16 5.15391e-05 0.000500979 0.00332918 0.015134 0.0470876 0.100326 0.146434 0.146461 0.100455 0.0475223 0.0163904 0.00648623 0.00740339 0.0131914 0.0218073 0.031598 0.04013 0.0449446 0.0448911 0.0407699 0.0347029 0.0287719 0.0240123 0.0203567 0.0172413
 1.07152e-16 4.65414e-05 0.000452399 0.00300635 0.0136665 0.0425216 0.0905978 0.132236 0.132265 0.0907376 0.0429913 0.0150245 0.0064203 0.00792181 0.0142816 0.0236663 0.0343919 0.0438896 0.0495579 0.0501853 0.0466164 0.0410537 0.0355929 0.0311745 0.0275776 0.0241247
 1.07192e-16 5.45701e-05 0.000530441 0.00352497 0.016024 0.0498567 0.106226 0.155044 0.155064 0.106325 0.0501918 0.0169931 0.00596251 0.00586793 0.0102396 0.0169689 0.024739 0.0317454 0.0361791 0.0372079 0.0354263 0.0323412 0.0293294 0.0269149 0.0248058 0.0224373
 1.01783e-16 7.41911e-05 0.000721164 0.00479239 0.0217855 0.0677828 0.144419 0.210785 0.210792 0.144452 0.0678954 0.0221108 0.00560975 0.00250792 0.00347487 0.00564662 0.00817316 0.0103769 0.0116221 0.0116211 0.0105966 0.0091141 0.00772121 0.0066777 0.00593741 0.0053113
 1.0282e-16 3.22435e-05 0.000313418 0.00208278 0.00946804 0.0294589 0.0627672 0.0916219 0.0916758 0.0630306 0.0303429 0.0120206 0.00848662 0.0142815 0.0265262 0.0437132 0.0627587 0.0784823 0.0856245 0.0817624 0.0687764 0.051627 0.0354611 0.0232779 0.0154832 0.0109246
 1.02837e-16 7.06004e-05 0.000686261 0.00456045 0.0207311 0.0645023 0.137429 0.200583 0.20059 0.13746 0.0646053 0.0210299 0.00531507 0.00234942 0.00327547 0.00542355 0.00808527 0.0107472 0.0129156 0.0143289 0.0150472 0.0152904 0.0151805 0.0146333 0.0134808 0.0116795
 1.03504e-16 4.74825e-05 0.000461547 0.00306714 0.0139428 0.0433814 0.09243 0.134912 0.134948 0.0926064 0.0439735 0.0156524 0.00735643 0.0098185 0.017799 0.0293012 0.042093 0.0527057 0.0576466 0.0553296 0.0470442 0.0361172 0.0259563 0.0184788 0.0138277 0.0111031
 1.06665e-16 4.60914e-05 0.000448024 0.00297728 0.0135343 0.0421104 0.0897216 0.130957 0.130984 0.0898535 0.0425537 0.0148168 0.00620424 0.00751837 0.0135496 0.0225239 0.0328986 0.0423185 0.0483754 0.0498994 0.0475498 0.0431645 0.0384508 0.0341119 0.0299391 0.0254933
 1.06522e-16 5.77962e-05 0.0005618 0.00373336 0.0169713 0.0528041 0.112505 0.164209 0.164227 0.112593 0.0530976 0.0178202 0.0058684 0.00523667 0.00897792 0.0148612 0.0216641 0.0278007 0.0316926 0.0326229 0.0311274 0.0285372 0.0260554 0.0241169 0.0224237 0.0204352
 1.04736e-16 5.82914e-05 0.000566613 0.00376535 0.0171167 0.0532566 0.11347 0.165617 0.165638 0.113573 0.053604 0.0181204 0.00628617 0.00607447 0.0105333 0.0173602 0.0250955 0.031759 0.035375 0.035044 0.0314683 0.0264425 0.0217323 0.018222 0.0158303 0.013992
 1.09069e-16 2.47033e-05 0.000240125 0.00159572 0.00725393 0.0225699 0.0480895 0.0701988 0.0702497 0.0483387 0.0234069 0.00967268 0.00767159 0.0135187 0.0252868 0.0418797 0.0605954 0.0767646 0.0856227 0.084954 0.0763583 0.0640426 0.0521694 0.0428644 0.0360487 0.0305822
 1.09546e-16 5.79417e-05 0.000563214 0.00374275 0.017014 0.052937 0.112788 0.16462 0.16463 0.112838 0.0531064 0.0175061 0.00498846 0.0033178 0.00539298 0.00909557 0.0137338 0.0186095 0.0230244 0.02663 0.0295242 0.0319439 0.0338352 0.0347233 0.0340018 0.0313753
 1.08729e-16 4.80392e-05 0.000466958 0.0031031 0.0141063 0.04389 0.0935134 0.136492 0.136522 0.0936615 0.0443873 0.0155426 0.00670915 0.00834107 0.0150095 0.0247592 0.0357213 0.045068 0.0499757 0.0492095 0.0438887 0.0367357 0.0304085 0.0262007 0.0238732 0.0223665
 1.12063e-16 3.34261e-05 0.000324914 0.00215917 0.00981528 0.0305392 0.0650683 0.0949768 0.0950136 0.0652481 0.0311436 0.0115632 0.00655539 0.00995067 0.018399 0.0305859 0.0445762 0.0571467 0.0650069 0.0666154 0.0630101 0.0569036 0.0508281 0.0458408 0.0415674 0.0371284
 1.09846e-16 5.68784e-05 0.000552878 0.00367407 0.0167018 0.0519655 0.110719 0.1616 0.161614 0.110787 0.0521963 0.0173703 0.00535954 0.0042574 0.0071668 0.0119545 0.0176799 0.0232199 0.0274637 0.0299123 0.0309154 0.0312751 0.0315533 0.0316734 0.0310841 0.0292473
 1.07202e-16 5.33503e-05 0.000518584 0.00344617 0.0156658 0.0487423 0.103852 0.15158 0.151605 0.103975 0.049156 0.0168609 0.00644706 0.00707369 0.0125155 0.0206415 0.0298181 0.0376972 0.0419366 0.0414969 0.0372712 0.0314648 0.0262301 0.0226149 0.0204418 0.0188966
 1.11243e-16 2.72206e-05 0.000264594 0.00175832 0.00799312 0.0248698 0.0529894 0.0773491 0.0773943 0.0532107 0.0256134 0.0101426 0.00716048 0.01208 0.0225331 0.0373823 0.0542553 0.0690846 0.0777183 0.078224 0.0719693 0.0625302 0.0533624 0.0461014 0.0404981 0.0354882
 1.19722e-16 3.38868e-05 0.000329392 0.00218893 0.00995055 0.03096 0.0659643 0.0962815 0.0963037 0.0660731 0.0313263 0.0110135 0.00487553 0.0062561 0.0114721 0.0193917 0.0290601 0.0389279 0.0474026 0.0537347 0.0582959 0.0619184 0.0648859 0.0665016 0.065568 0.0612842
 1.07157e-16 6.89922e-05 0.000670628 0.00445656 0.0202589 0.063033 0.134299 0.196014 0.196022 0.134335 0.0631559 0.0206147 0.00535249 0.00263553 0.00382818 0.00629395 0.00924117 0.0120195 0.0140333 0.0150579 0.0153767 0.0155538 0.016014 0.0167611 0.0174163 0.0174872
pSPR Fmed_Fpbrs
0.747233   0.192576 0.192576
Fs Fmed_Fpbrs
0.145393   1.005 1.005
SSBpbr Bo_Bmed_Bpbrs
2.47605e+06  1.72638e+06  353025 353025
Ro
245553
SPR SPRFo_SPRFmed_SPRFpbrs
1.7485e+06 1.30654e+06 336719
Fref
1.005
log_Ro
12.2313
likeval ReclasPelacesDesembMPH_pf_preclas_ppelaces_ptallas_desvR_qrecl_qpela
 18.362 17.756 0.1371 0.00363763 229.876 123.544 83.6978 0 20.9395 1.23227e-05 0 0.695467 0 0 0
q_reclas_q_pelaces
0.608089 1
M
1
N
 257137 57061.3 242169 12503.3 0.398485
 150840 87846.7 19322.5 82005 4234.07
 147708 48610.3 27865.7 6129.25 27355.8
 314901 47832.1 15503.5 8887.3 10679.5
 252370 97168.7 14452.8 4684.49 5912.26
 392411 87755.2 33561.3 4991.9 3660.04
 166702 128880 28433.7 10874.3 2803.33
 81111.7 48399.2 36375 8025.12 3860.35
 69921.6 28782.2 17100.4 12852 4199.38
 87252 22296.3 9022.58 5360.61 5345.24
 152584 26594.9 6645.1 2689.05 3190.72
 190457 53285.5 9229.98 2306.23 2040.62
 161441 54285.5 14732 2551.84 1201.79
 115004 46840.6 15310.2 4154.88 1058.64
 119028 29079.6 11325.3 3701.74 1260.54
 564630 34166.8 8103.52 3155.98 1382.83
 150514 163918 9642.41 2286.94 1280.92
 838891 47592.3 50901.9 2994.28 1107.94
 525289 262323 14596.2 15611.2 1258.12
 400984 152564 74068 4121.29 4763.12
 599721 120085 44580.3 21643.3 2596.09
 797547 188980 37147.2 13790.5 7498.21
 180414 240962 55769.2 10962.4 6282.44
 527313 59168.1 77948.6 18040.8 5578.53
 431163 176031 19524.1 25721.2 7793.8
 202755 143469 57876.4 6419.22 11019.2
 435825 68774.6 48195.5 19442.4 5858.08
 476882 145459 22688.6 15899.6 8346.56
 150679 161496 48774.9 7607.88 8130.15
 121914 50943.9 54053 16325.1 5267.56
 575889 39969.7 16473.8 17479.2 6982.44
pred_Ctot
 11666.9 2887.67 12255.3 632.746 0.0201659
 11951.5 7741.68 1702.84 7226.87 373.137
 11297.3 4136.22 2371.07 521.534 2327.68
 32555.5 5488.95 1779.09 1019.86 1225.52
 8780.52 3773.97 561.339 181.943 229.628
 26847 6683.77 2556.15 380.202 278.762
 22644.8 19378.4 4275.3 1635.05 421.509
 1821.9 1214.78 912.985 201.425 96.892
 5956.65 2725.84 1619.51 1217.16 397.706
 9602.35 2722.12 1101.55 654.468 652.592
 4912.53 956.042 238.88 96.6667 114.701
 27682.6 8565.74 1483.74 370.731 328.034
 21985.6 8182.81 2220.65 384.656 181.153
 23431.1 10499.5 3431.83 931.332 237.298
 16869.2 4559.49 1775.73 580.41 197.645
 76721.4 5138.79 1218.79 474.669 207.981
 13532.5 16377.3 963.387 228.492 127.979
 80596.6 5078.5 5431.67 319.515 118.226
 71256.5 39389.2 2191.69 2344.1 188.912
 47927.1 20212.7 9813.05 546.016 631.051
 55066.3 12251 4548.04 2208.02 264.851
 91564 24059.1 4729.23 1755.67 954.601
 12492.3 18573.2 4298.66 844.974 484.246
 31100.7 3887.95 5122.02 1185.46 366.567
 26240.5 11934 1323.63 1743.76 528.38
 10057.8 7935.15 3201.09 355.041 609.463
 25758.5 4528.61 3173.53 1280.22 385.738
 24114.7 8200.55 1279.12 896.372 470.554
 7765.04 9277.88 2802.1 437.07 467.075
 8464.53 3937.3 4177.59 1261.72 407.113
 20235 1567.74 646.154 685.589 273.873
F
 0.0740173 0.0828573 0.0828573 0.0828573 0.0828573
 0.132385 0.148196 0.148196 0.148196 0.148196
 0.12754 0.142773 0.142773 0.142773 0.142773
 0.175808 0.196805 0.196805 0.196805 0.196805
 0.0563452 0.0630746 0.0630746 0.0630746 0.0630746
 0.11343 0.126977 0.126977 0.126977 0.126977
 0.236726 0.264999 0.264999 0.264999 0.264999
 0.0360717 0.0403798 0.0403798 0.0403798 0.0403798
 0.142953 0.160026 0.160026 0.160026 0.160026
 0.18808 0.210542 0.210542 0.210542 0.210542
 0.0520475 0.0582636 0.0582636 0.0582636 0.0582636
 0.255166 0.285641 0.285641 0.285641 0.285641
 0.237388 0.26574 0.26574 0.26574 0.26574
 0.374935 0.419714 0.419714 0.419714 0.419714
 0.248106 0.277737 0.277737 0.277737 0.277737
 0.236801 0.265083 0.265083 0.265083 0.265083
 0.151388 0.169469 0.169469 0.169469 0.169469
 0.162503 0.181911 0.181911 0.181911 0.181911
 0.236365 0.264594 0.264594 0.264594 0.264594
 0.20572 0.23029 0.23029 0.23029 0.23029
 0.154822 0.173313 0.173313 0.173313 0.173313
 0.196903 0.220419 0.220419 0.220419 0.220419
 0.114869 0.128588 0.128588 0.128588 0.128588
 0.0971345 0.108735 0.108735 0.108735 0.108735
 0.100364 0.112351 0.112351 0.112351 0.112351
 0.0811618 0.090855 0.090855 0.090855 0.090855
 0.0973462 0.108972 0.108972 0.108972 0.108972
 0.0827909 0.0926788 0.0926788 0.0926788 0.0926788
 0.0844297 0.0945133 0.0945133 0.0945133 0.0945133
 0.115195 0.128953 0.128953 0.128953 0.128953
 0.0569171 0.0637147 0.0637147 0.0637147 0.0637147
nmprior
 8 9 7.5 0
nm_flota  nm_reclas  nm_pelaces    nm_pelaL
inf 11.7886 9.7793 15.4301
cv_recla  cv_pelaces  cv_mph
0.387602 0.495835 1.86129
 ------------------------------------------------
Talla a la edad & desviación 
 8 13.2811 15.8009 17.003 17.5766
 0.8 1.32811 1.58009 1.7003 1.75766
