years
 1991 1992 1993 1994 1995 1996 1997 1998 1999 2000 2001 2002 2003 2004 2005 2006 2007 2008 2009 2010 2011 2012 2013 2014 2015 2016 2017 2018 2019 2020 2021
reclasobs
 0 0 0 0 0 0 0 0 0 252601 567819 844713 477998 351125 339783 2.1784e+06 2.13404e+06 4.81314e+06 1.55562e+06 2.62356e+06 3.21686e+06 3.843e+06 1.13348e+06 3.07943e+06 1.97215e+06 2.03268e+06 2.025e+06 2.42433e+06 2.27542e+06 1.05018e+06 2.36338e+06
reclaspred
 1.58731e+06 1.19343e+06 577211 311237 267212 471618 282579 191104 165742 181031 304182 533168 494990 271978 349339 830633 1.32327e+06 1.98929e+06 2.00066e+06 1.36205e+06 2.27358e+06 2.19792e+06 1.9215e+06 1.94101e+06 1.53273e+06 1.24627e+06 1.60915e+06 1.99667e+06 2.15658e+06 1.11424e+06 765639
pelacesobs
 0 0 0 0 0 0 0 0 0 0 0 0 0 0 0 552880 188675 0 991730 2.46772e+06 1.41603e+06 1.21717e+06 2.29649e+06 1.80582e+06 0 1.4828e+06 1.56532e+06 1.57751e+06 1.42118e+06 867257 0
pelacespred
 646473 534049 270296 118047 107371 195006 85208.1 81212.3 66725.9 73567.4 143489 211391 209330 114346 168372 338318 536572 871120 968393 638240 960256 1.0328e+06 880163 956353 774004 592037 893861 1.11063e+06 984899 597639 379025
mphobs
 0 0 0 0 0 0 0 0 0 0 0 498337 0 5186 125008 0 168611 109162 213762 579715 649985 157893 87575 83554 0 0 0 0 0 0 0
mphpred
 1.15779e+06 1.27469e+06 668346 275117 218934 192307 356241 150969 104083 119582 126958 349016 428174 267870 140208 313414 936720 1.13845e+06 1.53838e+06 1.48106e+06 1.09906e+06 1.79277e+06 1.84913e+06 1.27038e+06 1.49952e+06 1.12304e+06 805303 1.37998e+06 2.05025e+06 1.23198e+06 591445
desembarqueobs
 494567 514787 250237 358949 120608 361735 552515 73892 212993 205616 52469 317467 293654 387597 252695 516296 358380 742168 942051 627588 828172 859565 418607 520667 417249 300574 407403 355545 319650 289779 219260
desembarquepred
 494492 516678 251897 361140 120812 362461 552565 73863.7 213020 204652 52340.8 317990 293909 388791 252232 515834 359207 740789 941832 627691 830571 863370 419890 521515 417740 302075 408728 353880 318390 289682 218933
Reclutas
 343904 65631.3 31227.9 105101 49610.5 186269 70666.5 11734.8 42386.4 65037.3 119583 162732 84002.1 64776.1 110351 444690 164900 529720 565851 138426 553452 672860 54757 288471 232581 83062.9 398759 380530 48090.1 64643.7 132157
log_desv_Rt
 0.968119 -0.688193 -1.43093 -0.21732 -0.968042 0.354947 -0.614274 -2.40969 -1.12542 -0.697284 -0.0882345 0.219858 -0.441403 -0.701308 -0.168578 1.22513 0.233096 1.4001 1.46609 0.0580935 1.44393 1.63929 -0.869339 0.79235 0.576995 -0.452647 1.11611 1.06932 -0.999168 -0.703355 0.0117436
SSB
 1.15779e+06 1.27469e+06 668346 275117 218934 192307 356241 150969 104083 119582 126958 349016 428174 267870 140208 313414 936720 1.13845e+06 1.53838e+06 1.48106e+06 1.09906e+06 1.79277e+06 1.84913e+06 1.27038e+06 1.49952e+06 1.12304e+06 805303 1.37998e+06 2.05025e+06 1.23198e+06 591445
BT
 2.2491e+06 1.78508e+06 886508 705493 398737 1.07209e+06 720070 296787 451451 457265 571476 951537 875658 790010 922325 1.73727e+06 1.82116e+06 3.58439e+06 4.02957e+06 2.23419e+06 4.07421e+06 3.91294e+06 2.52193e+06 3.62941e+06 2.48453e+06 1.86528e+06 3.73347e+06 4.02287e+06 2.60475e+06 1.82013e+06 1.37215e+06
Ftot
 0.292301 0.400076 0.402956 1.01332 0.418434 0.70206 1.55722 0.359499 1.1266 0.996885 0.163517 0.547458 0.542726 1.21695 0.663783 0.574385 0.255244 0.348252 0.436562 0.425349 0.342002 0.366233 0.205942 0.253103 0.256091 0.228185 0.240047 0.16814 0.139965 0.244284 0.268918
BD_Bspro_t
 0.954309 0.761273 0.549864 0.374998 0.331046 0.364013 0.416004 0.20296 0.196183 0.252038 0.319446 0.636599 0.555794 0.399496 0.264539 0.438482 0.597136 0.619655 0.639497 0.593086 0.480298 0.594266 0.629351 0.580477 0.650087 0.64199 0.624981 0.752579 0.806227 0.717252 0.631892
BD_Bspro
 1.24486 1.37055 0.718608 0.295807 0.235399 0.206769 0.383032 0.162323 0.111911 0.128575 0.136505 0.375263 0.460374 0.288014 0.150753 0.336984 1.00717 1.22407 1.65408 1.59244 1.18171 1.92759 1.9882 1.36592 1.61229 1.20749 0.865865 1.48376 2.20444 1.32463 0.635924
BD_Bo
 0.699295 0.769901 0.403675 0.166168 0.132234 0.116152 0.215167 0.0911841 0.0628654 0.0722264 0.0766814 0.210803 0.258613 0.161791 0.0846846 0.189299 0.565771 0.687616 0.92917 0.894547 0.663821 1.08282 1.11686 0.767301 0.905696 0.678304 0.486396 0.833498 1.23833 0.744107 0.357228
BD_Brms
 2.96392 3.26318 1.71096 0.704295 0.560468 0.492303 0.911972 0.386479 0.266452 0.306128 0.32501 0.893476 1.09612 0.685742 0.358931 0.802334 2.39799 2.91442 3.93824 3.79149 2.81357 4.58945 4.73375 3.25217 3.83875 2.87496 2.06156 3.53273 5.24861 3.15386 1.51409
Sel_flota
 0.5 1 1 1 1
 0.5 1 1 1 1
 0.5 1 1 1 1
 0.5 1 1 1 1
 0.5 1 1 1 1
 0.5 1 1 1 1
 0.5 1 1 1 1
 0.5 1 1 1 1
 0.5 1 1 1 1
 0.5 1 1 1 1
 0.5 1 1 1 1
 0.5 1 1 1 1
 0.5 1 1 1 1
 0.5 1 1 1 1
 0.5 1 1 1 1
 0.5 1 1 1 1
 0.5 1 1 1 1
 0.5 1 1 1 1
 0.5 1 1 1 1
 0.5 1 1 1 1
 0.5 1 1 1 1
 0.5 1 1 1 1
 0.5 1 1 1 1
 0.5 1 1 1 1
 0.5 1 1 1 1
 0.5 1 1 1 1
 0.5 1 1 1 1
 0.5 1 1 1 1
 0.5 1 1 1 1
 0.5 1 1 1 1
 0.5 1 1 1 1
Sel_reclas
 0.5 1 1 1 1
 0.5 1 1 1 1
 0.5 1 1 1 1
 0.5 1 1 1 1
 0.5 1 1 1 1
 0.5 1 1 1 1
 0.5 1 1 1 1
 0.5 1 1 1 1
 0.5 1 1 1 1
 0.5 1 1 1 1
 0.5 1 1 1 1
 0.5 1 1 1 1
 0.5 1 1 1 1
 0.5 1 1 1 1
 0.5 1 1 1 1
 0.5 1 1 1 1
 0.5 1 1 1 1
 0.5 1 1 1 1
 0.5 1 1 1 1
 0.5 1 1 1 1
 0.5 1 1 1 1
 0.5 1 1 1 1
 0.5 1 1 1 1
 0.5 1 1 1 1
 0.5 1 1 1 1
 0.5 1 1 1 1
 0.5 1 1 1 1
 0.5 1 1 1 1
 0.5 1 1 1 1
 0.5 1 1 1 1
 0.5 1 1 1 1
Sel_pelaces
 0.5 1 1 1 1
 0.5 1 1 1 1
 0.5 1 1 1 1
 0.5 1 1 1 1
 0.5 1 1 1 1
 0.5 1 1 1 1
 0.5 1 1 1 1
 0.5 1 1 1 1
 0.5 1 1 1 1
 0.5 1 1 1 1
 0.5 1 1 1 1
 0.5 1 1 1 1
 0.5 1 1 1 1
 0.5 1 1 1 1
 0.5 1 1 1 1
 0.5 1 1 1 1
 0.5 1 1 1 1
 0.5 1 1 1 1
 0.5 1 1 1 1
 0.5 1 1 1 1
 0.5 1 1 1 1
 0.5 1 1 1 1
 0.5 1 1 1 1
 0.5 1 1 1 1
 0.5 1 1 1 1
 0.5 1 1 1 1
 0.5 1 1 1 1
 0.5 1 1 1 1
 0.5 1 1 1 1
 0.5 1 1 1 1
 0.5 1 1 1 1
pf_obs 
 0.8446 0.082 0.0669 0.0065 0
 0.8095 0.147 0.0364 0.0071 0
 0.9664 0.0169 0.016 0.0007 0
 0.9276 0.0648 0.0075 0.0001 0
 0.7033 0.2144 0.0806 0.0017 0
 0.9318 0.0425 0.0243 0.0014 0
 0.5671 0.3108 0.0964 0.0239 0.0018
 0.0768 0.2599 0.5324 0.112 0.0189
 0.490249 0.384438 0.106611 0.0170017 0.00170017
 0.7925 0.1577 0.0466 0.003 0.0002
 0.840416 0.127587 0.0312969 0.00059994 9.999e-05
 0.8084 0.0986 0.0794 0.0134 0.0002
 0.7335 0.1905 0.0724 0.0035 0.0001
 0.4001 0.4547 0.1325 0.0127 0
 0.49795 0.308269 0.164784 0.0264974 0.00249975
 0.9179 0.0499 0.0305 0.0017 0
 0.2467 0.6533 0.0926 0.0074 0
 0.9418 0.0223 0.034 0.0019 0
 0.707729 0.231977 0.0356964 0.0245975 0
 0.517169 0.277429 0.184464 0.0207286 0.00020938
 0.811772 0.124168 0.05621 0.00726502 0.000585176
 0.764997 0.148141 0.077277 0.00933861 0.000247198
 0.163321 0.427699 0.378323 0.0303852 0.000271297
 0.753843 0.0900009 0.118128 0.0371064 0.000921714
 0.721811 0.176058 0.0630433 0.0369309 0.00215725
 0.143369 0.312575 0.442814 0.0836902 0.0175525
 0.692698 0.0596174 0.167031 0.0765114 0.00414204
 0.394062 0.376323 0.152708 0.0712218 0.00568511
 0.125707 0.32114 0.495352 0.0537591 0.00404204
 0.23352 0.215282 0.420074 0.123614 0.00750983
 0 0 0 0 0
pf_pred 
 0.667051 0.210464 0.0774252 0.0284832 0.0165765
 0.209113 0.643708 0.093035 0.0342257 0.0199185
 0.242235 0.283238 0.386221 0.0558204 0.0324862
 0.738005 0.109876 0.056859 0.0775326 0.0177273
 0.506087 0.437719 0.0235665 0.0121953 0.0204316
 0.83397 0.116119 0.0442325 0.00238145 0.00329702
 0.467671 0.492896 0.0275792 0.0105056 0.00134868
 0.282905 0.535775 0.167888 0.0093939 0.00403774
 0.770488 0.10739 0.091243 0.0285915 0.00228742
 0.798975 0.182165 0.00882502 0.00749808 0.00253753
 0.795788 0.187092 0.0155138 0.000751568 0.000854667
 0.665318 0.298224 0.0334013 0.00276965 0.000286759
 0.457952 0.447005 0.0846894 0.00948527 0.000867956
 0.531197 0.312316 0.129048 0.0244494 0.00298892
 0.788173 0.163311 0.0323212 0.013355 0.00283956
 0.884845 0.103801 0.0087529 0.00173231 0.000867974
 0.401395 0.567651 0.0279024 0.00235282 0.000698969
 0.758674 0.142716 0.0935111 0.00459645 0.000502732
 0.622178 0.330493 0.0279895 0.0183394 0.00100005
 0.262107 0.582889 0.135586 0.0114828 0.0079341
 0.762819 0.106018 0.103611 0.024101 0.00345144
 0.648985 0.307839 0.0192992 0.0188611 0.00501558
 0.100317 0.724299 0.153811 0.0096428 0.0119299
 0.615478 0.0736903 0.250239 0.0531402 0.00745318
 0.503818 0.384741 0.0213566 0.072523 0.0175609
 0.284062 0.491655 0.17391 0.00965354 0.0407195
 0.779033 0.101481 0.082054 0.0290244 0.00840693
 0.57209 0.378003 0.0229204 0.0185326 0.00845417
 0.124193 0.645954 0.203045 0.0123117 0.014496
 0.319547 0.155237 0.387374 0.121765 0.0160764
 0.624825 0.188538 0.042579 0.10625 0.0378075
pobs_RECLAS
 0 0 0 0 0
 0 0 0 0 0
 0 0 0 0 0
 0 0 0 0 0
 0 0 0 0 0
 0 0 0 0 0
 0 0 0 0 0
 0 0 0 0 0
 0 0 0 0 0
 0 0 0 0 0
 0.991045 0.00858322 0.000360255 1.14367e-05 0
 0.934742 0.0480273 0.0164251 0.00080598 0
 0.827803 0.169806 0.00239088 0 0
 0.941827 0.0461693 0.0120037 0 0
 0.791401 0.0380133 0.147996 0.0225897 0
 0.846168 0.0940531 0.0597789 0 0
 0.134021 0.677848 0.182769 0.00536245 0
 0.80878 0.0450904 0.141981 0.00414843 0
 0.846168 0.0940531 0.0597789 0 0
 0.905697 0.0802665 0.012482 0.00150086 5.37128e-05
 0.989698 0.0102097 9.19794e-05 0 0
 0.975433 0.0193895 0.00387452 0.00125025 5.28907e-05
 0.303575 0.632131 0.0575291 0.00676475 0
 0.966965 0.00978017 0.0227588 0.000495775 0
 0.843318 0.132988 0.00938335 0.0141283 0.000182051
 0.564624 0.303363 0.111486 0.0197234 0.00080311
 0.826376 0.0876187 0.0782897 0.00655872 0.00115652
 0.89761 0.0855135 0.0140674 0.00269457 0.000114338
 0.34875 0.467042 0.161289 0.0227151 0.000203297
 0.318654 0.224769 0.449479 0.00709798 0
 0.937255 0.0296025 0.0250945 0.00804832 0
ppred_RECLAS
 0.670262 0.208434 0.0766786 0.0282085 0.0164167
 0.212621 0.640853 0.0926223 0.0340739 0.0198302
 0.24616 0.28177 0.38422 0.0555313 0.0323179
 0.751439 0.104242 0.0539437 0.0735572 0.0168183
 0.511653 0.432787 0.0233009 0.0120579 0.0202014
 0.839838 0.112015 0.0426693 0.00229728 0.0031805
 0.500251 0.462729 0.0258913 0.00986261 0.00126614
 0.286678 0.532956 0.167005 0.00934448 0.0040165
 0.784661 0.100759 0.0856084 0.0268258 0.00214616
 0.809842 0.172317 0.00834793 0.00709272 0.00240035
 0.797003 0.185979 0.0154215 0.000747097 0.000849582
 0.672218 0.292076 0.0327127 0.00271255 0.000280847
 0.465609 0.440691 0.0834931 0.00935128 0.000855696
 0.553885 0.297201 0.122803 0.0232661 0.00284427
 0.794765 0.158229 0.0313155 0.0129395 0.0027512
 0.888177 0.100798 0.00849965 0.00168218 0.00084286
 0.404373 0.564827 0.0277636 0.00234112 0.000695491
 0.761923 0.140794 0.0922519 0.00453456 0.000495963
 0.627677 0.325683 0.0275821 0.0180725 0.000985498
 0.266526 0.579399 0.134774 0.0114141 0.00788659
 0.765962 0.104613 0.102238 0.0237817 0.00340571
 0.653288 0.304065 0.0190626 0.0186299 0.0049541
 0.101195 0.723592 0.153661 0.00963339 0.0119183
 0.618375 0.073135 0.248353 0.0527398 0.00739701
 0.506925 0.382332 0.0212229 0.072069 0.017451
 0.286282 0.490131 0.173371 0.00962362 0.0405932
 0.781013 0.100572 0.0813189 0.0287644 0.00833161
 0.57398 0.376333 0.0228191 0.0184507 0.00841682
 0.124882 0.645446 0.202885 0.012302 0.0144846
 0.322112 0.154652 0.385914 0.121306 0.0160158
 0.627903 0.186991 0.0422297 0.105379 0.0374973
pobs_PELACES
 0 0 0 0 0
 0 0 0 0 0
 0 0 0 0 0
 0 0 0 0 0
 0 0 0 0 0
 0 0 0 0 0
 0 0 0 0 0
 0 0 0 0 0
 0 0 0 0 0
 0 0 0 0 0
 0 0 0 0 0
 0 0 0 0 0
 0 0 0 0 0
 0 0 0 0 0
 0 0 0 0 0
 0 0 0 0 0
 0.505614 0.472636 0.0217494 0 0
 0 0 0 0 0
 0.443492 0.261883 0.143347 0.151278 0
 0.227955 0.32914 0.350689 0.0885471 0.00366901
 0.970185 0.0296113 0.000203453 0 0
 0.997202 0.00247181 0.000326279 0 0
 0.445219 0.490057 0.0546422 0.010081 0
 0.90214 0.0892962 0.00764917 0.000914606 0
 0 0 0 0 0
 0.581667 0.319106 0.0959925 0.00289975 0.000334073
 0.762889 0.0836404 0.116647 0.0363945 0.000428098
 0.88444 0.0763242 0.0277011 0.0115352 0
 0.521256 0.241999 0.230069 0.00667565 0
 0.616807 0.101726 0.260614 0.0208532 0
 0 0 0 0 0
ppred_PELACES
 0.680833 0.201752 0.0742205 0.0273042 0.0158904
 0.223882 0.631687 0.0912977 0.0335865 0.0195466
 0.258705 0.277081 0.377826 0.0546072 0.0317801
 0.781341 0.0917016 0.0474542 0.0647082 0.0147951
 0.528883 0.417517 0.0224788 0.0116324 0.0194886
 0.854813 0.101542 0.0386796 0.00208248 0.00288312
 0.564131 0.403581 0.0225818 0.00860193 0.0011043
 0.29896 0.52378 0.164129 0.00918358 0.00394734
 0.81441 0.0868386 0.0737815 0.0231198 0.00184967
 0.833893 0.150523 0.00729211 0.00619566 0.00209676
 0.801333 0.182012 0.0150925 0.000731161 0.000831459
 0.691803 0.274624 0.0307581 0.00255047 0.000264066
 0.487944 0.422272 0.0800034 0.00896044 0.000819931
 0.602808 0.264609 0.109336 0.0207147 0.00253236
 0.812054 0.1449 0.0286774 0.0118494 0.00251943
 0.897249 0.0926204 0.00781007 0.00154571 0.000774479
 0.414556 0.55517 0.0272889 0.00230109 0.000683601
 0.772189 0.134723 0.0882739 0.00433903 0.000474577
 0.64435 0.311098 0.0263469 0.0172632 0.000941365
 0.280468 0.568385 0.132212 0.0111971 0.00773668
 0.775925 0.100159 0.0978855 0.0227692 0.00326071
 0.666846 0.292175 0.0183172 0.0179014 0.00476038
 0.104328 0.72107 0.153125 0.00959982 0.0118767
 0.628181 0.0712559 0.241972 0.0513847 0.00720696
 0.517482 0.374146 0.0207685 0.0705259 0.0170773
 0.294036 0.484806 0.171487 0.00951906 0.0401522
 0.787712 0.0974956 0.0788314 0.0278845 0.00807675
 0.58075 0.370353 0.0224565 0.0181575 0.00828308
 0.127428 0.643569 0.202295 0.0122662 0.0144424
 0.330976 0.15263 0.380868 0.11972 0.0158064
 0.63821 0.181812 0.04106 0.10246 0.0364587
pobs_pel_tallas
 0 0 0 0 0 0 0 0 0 0 0 0 0 0 0 0 0 0 0 0 0 0 0 0 0 0
 0 0 0 0 0 0 0 0 0 0 0 0 0 0 0 0 0 0 0 0 0 0 0 0 0 0
 0 0 0 0 0 0 0 0 0 0 0 0 0 0 0 0 0 0 0 0 0 0 0 0 0 0
 0 0 0 0 0 0 0 0 0 0 0 0 0 0 0 0 0 0 0 0 0 0 0 0 0 0
 0 0 0 0 0 0 0 0 0 0 0 0 0 0 0 0 0 0 0 0 0 0 0 0 0 0
 0 0 0 0 0 0 0 0 0 0 0 0 0 0 0 0 0 0 0 0 0 0 0 0 0 0
 0 0 0 0 0 0 0 0 0 0 0 0 0 0 0 0 0 0 0 0 0 0 0 0 0 0
 0 0 0 0 0 0 0 0 0 0 0 0 0 0 0 0 0 0 0 0 0 0 0 0 0 0
 0 0 0 0 0 0 0 0 0 0 0 0 0 0 0 0 0 0 0 0 0 0 0 0 0 0
 0 0 0 0 0 0 0 0 0 0 0 0 0 0 0 0 0 0 0 0 0 0 0 0 0 0
 0 0 0 0 0 0 0 0 0 0 0 0 0 0 0 0 0 0 0 0 0 0 0 0 0 0
 0 0 0 0 0 0 0 0 0 0 0 0 0 0 0 0 0 0 0 0 0 0 0 0 0 0
 0.00862536 0 0 0.000197151 0.00414017 0.0128641 0.00837892 0.0270097 0.101434 0.158115 0.152841 0.127902 0.109271 0.109419 0.0830992 0.0579132 0.0238553 0.00714673 0.00463305 0.00128148 0.00103504 0.000492878 0.000147863 0.000147863 4.92878e-05 0
 0 0 0 0 0 0 0 0 0 0 0 0 0 0 0 0 0 0 0 0 0 0 0 0 0 0
 0 0 0 0 0 0 0 0.0054083 0.00873648 0.0413646 0.0450493 0.0745869 0.0622846 0.0627006 0.0613931 0.0827291 0.12552 0.122667 0.0946155 0.0697135 0.0546179 0.0294188 0.0215738 0.0213955 0.0102223 0.00600262
 0 0 0 0 0.00359764 0.0251062 0.0480494 0.140153 0.205849 0.193036 0.1447 0.116669 0.0760912 0.0342217 0.00950174 0.001854 0.000860785 0 0 0 0.000165536 0 0.000143464 0 0 0
 0 0 0 0 0 0 0 0.000145254 0.000435761 0.0275982 0.070085 0.0708112 0.156366 0.174668 0.174014 0.160142 0.0824315 0.0480064 0.0283245 0.00493863 0.00203355 0 0 0 0 0
 0 0 0 0 0 0 0 0 0 0 0 0 0 0 0 0 0 0 0 0 0 0 0 0 0 0
 0 0 1.00437e-05 0.000401748 0.00122533 0.00171747 0.00176769 0.0269171 0.070346 0.194647 0.189555 0.159765 0.064822 0.0314167 0.0384472 0.0292271 0.0345202 0.0313363 0.0194345 0.0106764 0.0143323 0.0359363 0.0279516 0.0138201 0.00172751 0
 0 0.0021121 0.0136068 0.0755702 0.200478 0.177729 0.0527432 0.0373336 0.0318909 0.0142505 0.0149659 0.0166563 0.0217959 0.0798694 0.0677717 0.0528807 0.04013 0.0224614 0.0357745 0.0225083 0.00881397 0.00855152 0.00135912 0.000746735 0 0
 0 0 0 0 5.4009e-05 0.00500934 0.000945158 0.0243581 0.138947 0.33067 0.221406 0.137944 0.0707744 0.0437923 0.0131692 0.00525238 0.0047753 0.00276346 9.45158e-05 9.00151e-06 2.25038e-05 9.00151e-06 4.50075e-06 0 0 0
 0.000866109 0.00284123 0.00948549 0.0512746 0.133035 0.25785 0.225252 0.132002 0.0553304 0.0519788 0.0540692 0.017754 0.00435017 0.00159236 0.00146478 0.000404838 0.000125132 0.000115318 0.000107957 0.000100596 0 0 0 0 0 0
 0 0 0 0 0.00144013 0.00171154 0.00461396 0.0210425 0.0478622 0.0707936 0.0888783 0.103762 0.0637923 0.0337046 0.0602308 0.124433 0.169614 0.0934646 0.0462172 0.0250306 0.0313229 0.00938855 0.002487 0.000210481 0 0
 0 0.00764035 0.051015 0.0998891 0.058973 0.0496711 0.0374665 0.0718981 0.12319 0.153886 0.159021 0.0857701 0.0377988 0.023471 0.0147837 0.00900784 0.00315554 0.000888139 0.00291439 0.00214683 0.00393193 0.00274676 0.000635225 9.99891e-05 0 0
 0 0 0 0 0 0 0 0 0 0 0 0 0 0 0 0 0 0 0 0 0 0 0 0 0 0
 0 0 0 0 0 0 0 0 0 0 0 0 0 0 0 0 0 0 0 0 0 0 0 0 0 0
 0 0 0 0 0 0 0 0 0 0 0 0 0 0 0 0 0 0 0 0 0 0 0 0 0 0
 0 0 0 0 0 0 0 0 0 0 0 0 0 0 0 0 0 0 0 0 0 0 0 0 0 0
 0 0 0 0 0 0 0 0 0 0 0 0 0 0 0 0 0 0 0 0 0 0 0 0 0 0
 0 0 0 0 0 0 0 0 0 0 0 0 0 0 0 0 0 0 0 0 0 0 0 0 0 0
 0 0 0 0 0 0 0 0 0 0 0 0 0 0 0 0 0 0 0 0 0 0 0 0 0 0
ppred_pel_tallas
 1.07621e-16 5.60793e-05 0.000545111 0.00362246 0.0164672 0.0512356 0.109164 0.159331 0.159351 0.109259 0.0515563 0.0173946 0.00595446 0.00564939 0.00979008 0.0162023 0.0235867 0.0301995 0.0343023 0.0351102 0.0332312 0.0301704 0.0273137 0.0252048 0.0235534 0.0217491
 1.09473e-16 1.8441e-05 0.000179253 0.0011912 0.00541507 0.0168486 0.0359 0.0524099 0.0524708 0.0361975 0.0178477 0.00830104 0.008436 0.0159969 0.0300658 0.0496948 0.0716342 0.0901944 0.099588 0.0971689 0.0850118 0.0684804 0.0529788 0.0414128 0.0338321 0.0287254
 1.21829e-16 2.13092e-05 0.000207134 0.00137648 0.00625728 0.0194689 0.0414815 0.0605491 0.0605764 0.0416149 0.0199184 0.00756268 0.00467961 0.00750544 0.0141391 0.0240132 0.0361611 0.0487637 0.0598908 0.0685434 0.0749608 0.0798418 0.0832246 0.0841183 0.0812045 0.0739196
 1.10387e-16 6.4358e-05 0.000625583 0.00415722 0.0188981 0.0587991 0.125278 0.182849 0.182858 0.125322 0.0589458 0.0193228 0.00522734 0.00297576 0.00457041 0.00756951 0.0111797 0.0146792 0.0174057 0.0191311 0.0202042 0.0212576 0.0226967 0.0243767 0.0256865 0.0259201
 1.05221e-16 4.35635e-05 0.000423453 0.00281399 0.012792 0.039801 0.0848017 0.123779 0.123819 0.084998 0.0404601 0.0146951 0.00758837 0.0108377 0.019798 0.0325994 0.0468155 0.0585851 0.0640169 0.0613518 0.052049 0.0398555 0.0286198 0.0205219 0.0157315 0.0132026
 1.0184e-16 7.04098e-05 0.000684409 0.00454814 0.0206752 0.0643282 0.137058 0.200043 0.200053 0.137106 0.0644896 0.0211417 0.00572094 0.00325056 0.00496125 0.0081353 0.0118162 0.0150741 0.0170034 0.0171725 0.0158525 0.0137841 0.0116862 0.00990441 0.00841037 0.00703039
 1.01805e-16 4.64668e-05 0.000451674 0.00300153 0.0136446 0.0424535 0.090453 0.132027 0.132066 0.0906428 0.0430905 0.0154838 0.00761564 0.0105154 0.019133 0.0314885 0.045195 0.0564961 0.0615968 0.0587506 0.0493176 0.0368827 0.0251678 0.0163443 0.0107086 0.00742723
 1.0646e-16 2.46251e-05 0.000239365 0.00159066 0.00723096 0.0224985 0.0479372 0.0699764 0.070027 0.0481846 0.0233296 0.00963317 0.00762697 0.0134378 0.0251526 0.0417026 0.060439 0.0767587 0.0859368 0.0857185 0.0775548 0.0654248 0.0532738 0.0431351 0.0350371 0.0281292
 1.04784e-16 6.70819e-05 0.00065206 0.00433317 0.019698 0.0612877 0.13058 0.190588 0.190596 0.130622 0.0614272 0.0201021 0.00535261 0.00289415 0.00437426 0.00725408 0.0107455 0.0141489 0.0167878 0.0183398 0.0189746 0.0191211 0.0190709 0.0187661 0.0179183 0.0162991
 1.01226e-16 6.86867e-05 0.000667659 0.00443683 0.0201692 0.0627539 0.133704 0.195149 0.195163 0.133775 0.0629915 0.0208552 0.00615771 0.00442107 0.00718756 0.0117491 0.0168613 0.0210858 0.0230109 0.021995 0.0185572 0.0140436 0.00984192 0.00674712 0.00483924 0.0037685
 1.00697e-16 6.60048e-05 0.00064159 0.00426359 0.0193817 0.0603037 0.128484 0.18753 0.187547 0.12857 0.0605911 0.0202116 0.00634599 0.00518442 0.00868456 0.0142288 0.0204336 0.0255739 0.0279374 0.0267308 0.0225515 0.0169921 0.0117068 0.00766236 0.00500122 0.00337645
 1.01259e-16 5.6983e-05 0.000553895 0.00368083 0.0167325 0.0520612 0.110923 0.161901 0.161927 0.111052 0.0524952 0.0179857 0.00682573 0.00741661 0.0130827 0.0215171 0.0309401 0.0387983 0.0425232 0.0409196 0.03487 0.0267353 0.0189551 0.0129366 0.00886899 0.00624115
 1.03455e-16 4.01914e-05 0.000390675 0.00259617 0.0118019 0.0367202 0.0782377 0.114199 0.11424 0.0784367 0.0373885 0.0137326 0.00744403 0.0109779 0.0201599 0.0332966 0.0480333 0.0605477 0.0669517 0.0654213 0.057246 0.0458927 0.0348835 0.0261623 0.0198931 0.0153069
 1.05729e-16 4.96525e-05 0.00048264 0.00320732 0.01458 0.045364 0.0966537 0.141074 0.1411 0.0967789 0.0457848 0.015797 0.00626775 0.00718204 0.0128271 0.0212685 0.0309628 0.0396242 0.0449332 0.0457877 0.0428864 0.0381086 0.033232 0.0290391 0.02535 0.0216586
 1.0248e-16 6.68879e-05 0.000650174 0.00432063 0.019641 0.0611105 0.130203 0.190038 0.190052 0.130271 0.0613399 0.0203039 0.00598552 0.00428724 0.00698213 0.0114577 0.0165483 0.0209159 0.023245 0.0229335 0.0204407 0.016955 0.0136543 0.0111432 0.0093941 0.00806088
 1.00536e-16 7.39053e-05 0.000718385 0.00477392 0.0217016 0.0675217 0.143862 0.209973 0.209982 0.143906 0.067668 0.022124 0.00583377 0.00303062 0.00446108 0.0072471 0.0104067 0.0130319 0.014252 0.0136664 0.0115817 0.00880823 0.00618396 0.0041926 0.00289511 0.00210341
 1.01276e-16 3.41466e-05 0.000331917 0.00220571 0.0100269 0.0311976 0.0664717 0.0970286 0.097082 0.0667327 0.0320737 0.0125563 0.00855064 0.0141689 0.0262718 0.0432697 0.0620718 0.0775143 0.0843538 0.0801657 0.0668121 0.0492412 0.0326221 0.0200192 0.0119271 0.0072705
 1.03098e-16 6.36042e-05 0.000618256 0.00410853 0.0186768 0.0581105 0.123811 0.180708 0.180722 0.123875 0.0583257 0.0192999 0.00567771 0.00406057 0.00665017 0.0110205 0.0161637 0.0209351 0.0241863 0.0253436 0.0246739 0.022968 0.0209316 0.0188094 0.0164759 0.0137843
 1.02731e-16 5.30744e-05 0.000515902 0.00342835 0.0155848 0.0484903 0.103315 0.150797 0.150827 0.103461 0.0489817 0.0170039 0.00698928 0.00828561 0.014798 0.0243515 0.0350084 0.0438898 0.0481022 0.0463227 0.0395964 0.0306426 0.022244 0.0159635 0.011925 0.00942287
 1.06393e-16 2.31019e-05 0.000224559 0.00149228 0.0067837 0.0211069 0.0449725 0.0656502 0.0657051 0.0452406 0.0220073 0.00938541 0.0080266 0.0145011 0.027172 0.0449752 0.0649953 0.0821626 0.091291 0.0899405 0.0798043 0.0654376 0.0514214 0.0402129 0.0319322 0.0255354
 1.05686e-16 6.3912e-05 0.000621247 0.00412841 0.0187671 0.0583916 0.12441 0.181582 0.181592 0.124458 0.0585528 0.0192346 0.00530847 0.0032194 0.00506311 0.00843894 0.0125478 0.0166127 0.0198675 0.0219358 0.0229795 0.023431 0.023552 0.023219 0.0220878 0.0199364
 1.03205e-16 5.49272e-05 0.000533912 0.00354804 0.0161289 0.0501831 0.106921 0.156061 0.156089 0.107059 0.0506444 0.017461 0.00689046 0.0078256 0.0138892 0.0228392 0.0328145 0.0411019 0.0449839 0.0432299 0.036849 0.0284347 0.0206384 0.0149441 0.0114475 0.00942764
 1.07576e-16 8.59352e-06 8.35321e-05 0.000555104 0.00252346 0.0078518 0.0167317 0.0244349 0.0245045 0.0170717 0.00899361 0.00582233 0.00883921 0.0181793 0.0344092 0.0569577 0.0822457 0.103828 0.1151 0.112959 0.0995874 0.0808391 0.0626342 0.0481947 0.0377323 0.0299129
 1.13374e-16 5.17424e-05 0.000502955 0.00334231 0.0151937 0.0472732 0.100721 0.147006 0.147014 0.100756 0.0473937 0.0155467 0.00424677 0.00253811 0.00409525 0.00715524 0.0113947 0.0166187 0.0226084 0.0291943 0.0361563 0.0429464 0.0485234 0.051583 0.0511297 0.0470083
 1.10658e-16 4.26244e-05 0.000414324 0.00275333 0.0125163 0.0389429 0.0829734 0.12111 0.121146 0.0831495 0.0395341 0.0142234 0.00703755 0.00976437 0.0177944 0.0293399 0.0422503 0.0531427 0.058642 0.057298 0.0505146 0.0416496 0.0339943 0.0291683 0.0268715 0.0257275
 1.12823e-16 2.42195e-05 0.000235422 0.00156446 0.00711185 0.0221279 0.0471475 0.0688229 0.0688698 0.0473767 0.0228979 0.00933813 0.00716067 0.0124783 0.0233529 0.038771 0.056322 0.0718197 0.0809825 0.0818098 0.0756914 0.0662789 0.0570907 0.0497767 0.0440676 0.0388811
 1.06464e-16 6.48828e-05 0.000630684 0.00419112 0.0190522 0.0592786 0.1263 0.18434 0.184349 0.126346 0.059435 0.0195056 0.00533474 0.00314541 0.0048945 0.0081304 0.0120396 0.0158466 0.0188001 0.020556 0.021332 0.0216412 0.021832 0.0218339 0.0212802 0.0198402
 1.03966e-16 4.78357e-05 0.00046498 0.00308996 0.0140465 0.0437041 0.0931175 0.135915 0.135951 0.0932917 0.0442889 0.0157349 0.00732614 0.00970603 0.0175793 0.0289376 0.0415697 0.0520487 0.0569256 0.054636 0.0464589 0.0356894 0.025705 0.0184092 0.013945 0.0114107
 1.09677e-16 1.04962e-05 0.000102027 0.000678006 0.00308216 0.00959006 0.0204349 0.0298384 0.0299006 0.0207389 0.0106113 0.006034 0.00809566 0.0163216 0.0308924 0.0512571 0.074305 0.0944089 0.105783 0.105681 0.0959106 0.0813742 0.0669128 0.0549861 0.0455579 0.0374923
 1.25712e-16 2.72621e-05 0.000264997 0.001761 0.00800525 0.0249074 0.0530684 0.0774581 0.0774734 0.0531435 0.0251613 0.00874625 0.00365031 0.0044868 0.00833224 0.0144855 0.0226351 0.0321953 0.0425194 0.0532556 0.0642722 0.0750883 0.0843558 0.0900301 0.0902654 0.0844111
 1.17677e-16 5.25685e-05 0.000510985 0.00339567 0.0154363 0.048028 0.102329 0.149356 0.149374 0.102415 0.0483169 0.0162716 0.00549644 0.0051103 0.00882893 0.0146287 0.0213607 0.0275315 0.0317186 0.0334279 0.0334505 0.033319 0.0342527 0.0363951 0.0388228 0.0401697
pSPR Fmed_Fpbrs
0.555232   0.285935 0.285935
Fs Fmed_Fpbrs
0.400096   1.005 1.005
SSBpbr Bo_Bmed_Bpbrs
1.65565e+06  836489  390627 390627
Ro
130614
SPR SPRFo_SPRFmed_SPRFpbrs
930056 516397 265936
Fref
1.005
log_Ro
11.6
likeval ReclasPelacesDesembMPH_pf_preclas_ppelaces_ptallas_desvR_qrecl_qpela
 32.254 34.543 1.35921 0.00259001 243.986 145.187 91.0002 0 41.0013 0 0 0.0507292 0 0 0
q_reclas_q_pelaces
1 1
M
1
N
 343904 57526.4 21162.8 7785.36 4530.9
 65631.3 109313 15799 5812.11 3382.51
 31227.9 19767 26954.1 3895.68 2267.19
 105101 9391.77 4860.1 6627.19 1515.26
 49610.5 23295.6 1254.22 649.038 1087.38
 186269 14805.3 5639.7 303.637 420.374
 70666.5 48238.7 2699.12 1028.16 131.993
 11734.8 11933.6 3739.47 209.236 89.9351
 42386.4 3606.75 3064.43 960.256 76.824
 65037.3 8877.59 430.077 365.41 123.664
 119583 14534.4 1205.2 58.3862 66.3955
 162732 40538.5 4540.34 376.487 38.98
 84002.1 45530.1 8626.11 966.13 88.4064
 64776.1 23558.3 9734.22 1844.24 225.457
 110351 12967.7 2566.47 1060.46 225.475
 444690 29130.2 2456.36 486.143 243.583
 164900 122754 6033.88 508.798 151.152
 529720 53395.1 34985.8 1719.69 188.09
 565851 163731 13866.4 9085.58 495.439
 138426 167344 38925.9 3296.64 2277.83
 553452 41168.1 40233.5 9358.74 1340.24
 672860 171601 10758.1 10513.9 2795.88
 54757 206112 43769.6 2744.03 3394.87
 288471 18173 61712 13105.1 1838.05
 232581 93507.6 5190.51 17626 4268.01
 83062.9 75278.5 26627.7 1478.08 6234.66
 398759 27262.3 22043.3 7797.22 2258.47
 380530 130104 7888.91 6378.68 2909.82
 48090.1 128701 40455.1 2453.01 2888.21
 64643.7 16495.6 41162.6 12938.8 1708.28
 132157 21046.8 4753.16 11860.9 4220.5
pred_Ctot
 29913.7 9438.19 3472.11 1277.32 743.37
 7645.26 23534.2 3401.4 1251.31 728.231
 3661.74 4281.55 5838.29 843.807 491.076
 27509.7 4095.7 2119.46 2890.08 660.796
 6021.94 5208.43 280.418 145.112 243.116
 35863.6 4993.52 1902.15 102.41 141.783
 25711 27097.8 1516.22 577.562 74.1462
 1238.41 2345.33 734.922 41.1214 17.675
 12074.1 1682.89 1429.85 448.05 35.8457
 16799.3 3830.21 185.556 157.655 53.3544
 5974.12 1404.54 116.465 5.64216 6.41614
 25187.1 11289.9 1264.48 104.851 10.8559
 12901.3 12592.9 2385.84 267.216 24.4518
 19598.7 11523 4761.28 902.07 110.278
 20239.3 4193.62 829.968 342.94 72.9162
 71828.9 8426.26 710.532 140.623 70.4593
 12619.9 17847 877.255 73.9732 21.9757
 54277.2 10210.2 6689.99 328.841 35.9666
 71401.1 37927.3 3212.07 2104.63 114.766
 17056.8 37931.9 8823.36 747.252 516.317
 55761.6 7749.82 7573.89 1761.77 252.298
 72240.8 34266.6 2148.26 2099.5 558.302
 3415.41 24659.6 5236.67 328.3 406.168
 21901.2 2622.21 8904.53 1890.95 265.215
 17855.6 13635.4 756.888 2570.25 622.367
 5714.46 9890.6 3498.53 194.2 819.152
 28789.6 3750.29 3032.35 1072.61 310.682
 19529.4 12903.9 782.434 632.648 288.6
 2066.45 10748.1 3378.47 204.855 241.199
 4745.41 2305.34 5752.67 1808.25 238.741
 10626.2 3206.41 724.128 1806.97 642.98
F
 0.14615 0.292301 0.292301 0.292301 0.292301
 0.200038 0.400076 0.400076 0.400076 0.400076
 0.201478 0.402956 0.402956 0.402956 0.402956
 0.506661 1.01332 1.01332 1.01332 1.01332
 0.209217 0.418434 0.418434 0.418434 0.418434
 0.35103 0.70206 0.70206 0.70206 0.70206
 0.778609 1.55722 1.55722 1.55722 1.55722
 0.17975 0.359499 0.359499 0.359499 0.359499
 0.563299 1.1266 1.1266 1.1266 1.1266
 0.498442 0.996885 0.996885 0.996885 0.996885
 0.0817585 0.163517 0.163517 0.163517 0.163517
 0.273729 0.547458 0.547458 0.547458 0.547458
 0.271363 0.542726 0.542726 0.542726 0.542726
 0.608473 1.21695 1.21695 1.21695 1.21695
 0.331892 0.663783 0.663783 0.663783 0.663783
 0.287193 0.574385 0.574385 0.574385 0.574385
 0.127622 0.255244 0.255244 0.255244 0.255244
 0.174126 0.348252 0.348252 0.348252 0.348252
 0.218281 0.436562 0.436562 0.436562 0.436562
 0.212675 0.425349 0.425349 0.425349 0.425349
 0.171001 0.342002 0.342002 0.342002 0.342002
 0.183117 0.366233 0.366233 0.366233 0.366233
 0.102971 0.205942 0.205942 0.205942 0.205942
 0.126551 0.253103 0.253103 0.253103 0.253103
 0.128045 0.256091 0.256091 0.256091 0.256091
 0.114093 0.228185 0.228185 0.228185 0.228185
 0.120024 0.240047 0.240047 0.240047 0.240047
 0.0840702 0.16814 0.16814 0.16814 0.16814
 0.0699827 0.139965 0.139965 0.139965 0.139965
 0.122142 0.244284 0.244284 0.244284 0.244284
 0.134459 0.268918 0.268918 0.268918 0.268918
nmprior
 8 9 7.5 0
nm_flota  nm_reclas  nm_pelaces    nm_pelaL
inf 6.34177 6.46839 9.39626
cv_recla  cv_pelaces  cv_mph
0.513709 0.691584 1.57057
 ------------------------------------------------
Talla a la edad & desviación 
 8 13.2811 15.8009 17.003 17.5766
 0.8 1.32811 1.58009 1.7003 1.75766
