years
 1991 1992 1993 1994 1995 1996 1997 1998 1999 2000 2001 2002 2003 2004 2005 2006 2007 2008 2009 2010 2011 2012 2013 2014 2015 2016 2017 2018 2019 2020 2021
reclasobs
 0 0 0 0 0 0 0 0 0 252601 567819 844713 477998 351125 339783 2.1784e+06 2.13404e+06 4.81314e+06 1.55562e+06 2.62356e+06 3.21686e+06 3.843e+06 1.13348e+06 3.07943e+06 1.97215e+06 2.03268e+06 2.025e+06 2.42433e+06 2.27542e+06 1.05018e+06 2.36338e+06
reclaspred
 3.16961e+06 1.75703e+06 885144 818329 776293 1.28238e+06 747068 647513 478161 350261 464393 623595 612839 467307 471959 1.36483e+06 1.28385e+06 2.95092e+06 2.44245e+06 1.84769e+06 3.26788e+06 2.63549e+06 2.04438e+06 3.1512e+06 2.34364e+06 2.0574e+06 2.49034e+06 2.70022e+06 2.17811e+06 1.31622e+06 1.83402e+06
pelacesobs
 0 0 0 0 0 0 0 0 0 0 0 0 0 0 0 552880 188675 0 991730 2.46772e+06 1.41603e+06 1.21717e+06 2.29649e+06 1.80582e+06 0 1.4828e+06 1.56532e+06 1.57751e+06 1.42118e+06 867257 0
pelacespred
 1.47852e+06 906603 453624 340936 343313 582873 299667 339081 233277 160629 225652 253788 275587 218937 228658 556903 526231 1.40109e+06 1.18989e+06 831334 1.43944e+06 1.2524e+06 972010 1.6444e+06 1.17578e+06 1.03023e+06 1.42367e+06 1.52211e+06 1.01079e+06 695268 906732
mphobs
 0 0 0 0 0 0 0 0 0 0 0 498337 0 5186 125008 0 168611 109162 213762 579715 649985 157893 87575 83554 0 0 0 0 0 0 0
mphpred
 2.8179e+06 1.87213e+06 919240 499335 490373 539417 726627 408574 367443 249360 167245 323794 353848 294332 191753 247255 922649 845596 1.71594e+06 1.2968e+06 1.41607e+06 1.74845e+06 1.64644e+06 1.3249e+06 1.84936e+06 1.51011e+06 1.23369e+06 1.34923e+06 1.92593e+06 1.27246e+06 667056
desembarqueobs
 494567 514787 250237 358949 120608 361735 552515 73892 212993 205616 52469 317467 293654 387597 252695 516296 358380 742168 942051 627588 828172 859565 418607 520667 417249 300574 407403 355545 319650 289779 219260
desembarquepred
 494571 513785 250651 358983 120613 361738 552517 73896.3 213037 205654 52471.4 317521 293692 387598 252676 516231 358397 742049 941791 627420 828215 859537 418605 520683 417240 300568 407393 355523 319636 289781 219263
Reclutas
 184186 104354 104776 148032 119250 225008 89197 38645.8 39708.3 54744.1 104325 140922 116066 81430.5 79698.7 463505 88397 695102 406909 322563 460361 611075 119966 371838 308964 138145 320338 362384 94830.9 70076.4 302617
log_desv_Rt
 0.128594 -0.439569 -0.435531 -0.0899291 -0.306133 0.328779 -0.596508 -1.43292 -1.4058 -1.08468 -0.439843 -0.139149 -0.333194 -0.687605 -0.709101 1.05146 -0.605516 1.4567 0.921235 0.688944 1.04466 1.32786 -0.300148 0.831105 0.645871 -0.159054 0.682023 0.80535 -0.535259 -0.837768 0.625113
SSB
 2.8179e+06 1.87213e+06 919240 499335 490373 539417 726627 408574 367443 249360 167245 323794 353848 294332 191753 247255 922649 845596 1.71594e+06 1.2968e+06 1.41607e+06 1.74845e+06 1.64644e+06 1.3249e+06 1.84936e+06 1.51011e+06 1.23369e+06 1.34923e+06 1.92593e+06 1.27246e+06 667056
BT
 3.82986e+06 2.59927e+06 1.29444e+06 1.0883e+06 888392 1.65442e+06 1.18429e+06 847907 749290 567759 565436 850058 901799 907732 780852 1.70148e+06 1.49356e+06 3.88797e+06 3.649e+06 2.4798e+06 3.9898e+06 3.6936e+06 2.60689e+06 4.27754e+06 3.09879e+06 2.64307e+06 3.69974e+06 3.86705e+06 2.59587e+06 1.88863e+06 2.28262e+06
Ftot
 0.151636 0.278501 0.273484 0.449399 0.160418 0.304985 0.698989 0.117484 0.452998 0.591789 0.128382 0.531026 0.495893 0.842666 0.58541 0.438572 0.277652 0.283469 0.395873 0.35087 0.268417 0.341956 0.202538 0.18122 0.182217 0.147928 0.178436 0.145739 0.141908 0.214777 0.135012
BD_Bspro_t
 0.976098 0.829463 0.657048 0.56108 0.529361 0.603196 0.595083 0.405919 0.46363 0.41743 0.389027 0.635674 0.521481 0.429098 0.318597 0.378647 0.583667 0.549401 0.653237 0.557272 0.533052 0.581976 0.596493 0.584002 0.690212 0.697019 0.703193 0.745015 0.794366 0.721511 0.657296
BD_Bspro
 2.4434 1.62332 0.797074 0.432974 0.425203 0.467729 0.630059 0.354275 0.318611 0.21622 0.145019 0.280762 0.306822 0.255216 0.166269 0.214395 0.80003 0.733218 1.4879 1.12446 1.22788 1.51608 1.42763 1.14883 1.60358 1.30942 1.06974 1.16992 1.66998 1.10335 0.578405
BD_Bo
 1.57996 1.04968 0.515408 0.279972 0.274947 0.302446 0.407412 0.229083 0.206022 0.139813 0.0937726 0.181548 0.198399 0.165029 0.107514 0.138633 0.517319 0.474117 0.962111 0.727104 0.793976 0.980337 0.923139 0.742859 1.03692 0.846702 0.691719 0.756501 1.07985 0.713455 0.374011
BD_Brms
 9.03346 6.00156 2.94685 1.60074 1.57201 1.72923 2.32938 1.30978 1.17793 0.799383 0.536146 1.038 1.13435 0.943554 0.61471 0.792636 2.95778 2.71077 5.50088 4.15723 4.53957 5.60508 5.27805 4.2473 5.92858 4.84103 3.95491 4.3253 6.17405 4.07919 2.13841
Sel_flota
 0.745448 0.982345 0.999055 0.99995 0.999997
 0.745448 0.982345 0.999055 0.99995 0.999997
 0.745448 0.982345 0.999055 0.99995 0.999997
 0.745448 0.982345 0.999055 0.99995 0.999997
 0.745448 0.982345 0.999055 0.99995 0.999997
 0.745448 0.982345 0.999055 0.99995 0.999997
 0.745448 0.982345 0.999055 0.99995 0.999997
 0.745448 0.982345 0.999055 0.99995 0.999997
 0.745448 0.982345 0.999055 0.99995 0.999997
 0.745448 0.982345 0.999055 0.99995 0.999997
 0.745448 0.982345 0.999055 0.99995 0.999997
 0.745448 0.982345 0.999055 0.99995 0.999997
 0.745448 0.982345 0.999055 0.99995 0.999997
 0.745448 0.982345 0.999055 0.99995 0.999997
 0.745448 0.982345 0.999055 0.99995 0.999997
 0.745448 0.982345 0.999055 0.99995 0.999997
 0.745448 0.982345 0.999055 0.99995 0.999997
 0.745448 0.982345 0.999055 0.99995 0.999997
 0.745448 0.982345 0.999055 0.99995 0.999997
 0.745448 0.982345 0.999055 0.99995 0.999997
 0.745448 0.982345 0.999055 0.99995 0.999997
 0.745448 0.982345 0.999055 0.99995 0.999997
 0.745448 0.982345 0.999055 0.99995 0.999997
 0.745448 0.982345 0.999055 0.99995 0.999997
 0.745448 0.982345 0.999055 0.99995 0.999997
 0.745448 0.982345 0.999055 0.99995 0.999997
 0.745448 0.982345 0.999055 0.99995 0.999997
 0.745448 0.982345 0.999055 0.99995 0.999997
 0.745448 0.982345 0.999055 0.99995 0.999997
 0.745448 0.982345 0.999055 0.99995 0.999997
 0.745448 0.982345 0.999055 0.99995 0.999997
Sel_reclas
 1 1 1 1 1
 1 1 1 1 1
 1 1 1 1 1
 1 1 1 1 1
 1 1 1 1 1
 1 1 1 1 1
 1 1 1 1 1
 1 1 1 1 1
 1 1 1 1 1
 1 1 1 1 1
 1 1 1 1 1
 1 1 1 1 1
 1 1 1 1 1
 1 1 1 1 1
 1 1 1 1 1
 1 1 1 1 1
 1 1 1 1 1
 1 1 1 1 1
 1 1 1 1 1
 1 1 1 1 1
 1 1 1 1 1
 1 1 1 1 1
 1 1 1 1 1
 1 1 1 1 1
 1 1 1 1 1
 1 1 1 1 1
 1 1 1 1 1
 1 1 1 1 1
 1 1 1 1 1
 1 1 1 1 1
 1 1 1 1 1
Sel_pelaces
 1 1 1 1 1
 1 1 1 1 1
 1 1 1 1 1
 1 1 1 1 1
 1 1 1 1 1
 1 1 1 1 1
 1 1 1 1 1
 1 1 1 1 1
 1 1 1 1 1
 1 1 1 1 1
 1 1 1 1 1
 1 1 1 1 1
 1 1 1 1 1
 1 1 1 1 1
 1 1 1 1 1
 1 1 1 1 1
 1 1 1 1 1
 1 1 1 1 1
 1 1 1 1 1
 1 1 1 1 1
 1 1 1 1 1
 1 1 1 1 1
 1 1 1 1 1
 1 1 1 1 1
 1 1 1 1 1
 1 1 1 1 1
 1 1 1 1 1
 1 1 1 1 1
 1 1 1 1 1
 1 1 1 1 1
 1 1 1 1 1
pf_obs 
 0.8446 0.082 0.0669 0.0065 0
 0.8095 0.147 0.0364 0.0071 0
 0.9664 0.0169 0.016 0.0007 0
 0.9276 0.0648 0.0075 0.0001 0
 0.7033 0.2144 0.0806 0.0017 0
 0.9318 0.0425 0.0243 0.0014 0
 0.5671 0.3108 0.0964 0.0239 0.0018
 0.0768 0.2599 0.5324 0.112 0.0189
 0.490249 0.384438 0.106611 0.0170017 0.00170017
 0.7925 0.1577 0.0466 0.003 0.0002
 0.840416 0.127587 0.0312969 0.00059994 9.999e-05
 0.8084 0.0986 0.0794 0.0134 0.0002
 0.7335 0.1905 0.0724 0.0035 0.0001
 0.4001 0.4547 0.1325 0.0127 0
 0.49795 0.308269 0.164784 0.0264974 0.00249975
 0.9179 0.0499 0.0305 0.0017 0
 0.2467 0.6533 0.0926 0.0074 0
 0.9418 0.0223 0.034 0.0019 0
 0.707729 0.231977 0.0356964 0.0245975 0
 0.517169 0.277429 0.184464 0.0207286 0.00020938
 0.811772 0.124168 0.05621 0.00726502 0.000585176
 0.764997 0.148141 0.077277 0.00933861 0.000247198
 0.163321 0.427699 0.378323 0.0303852 0.000271297
 0.753843 0.0900009 0.118128 0.0371064 0.000921714
 0.721811 0.176058 0.0630433 0.0369309 0.00215725
 0.143369 0.312575 0.442814 0.0836902 0.0175525
 0.692698 0.0596174 0.167031 0.0765114 0.00414204
 0.394062 0.376323 0.152708 0.0712218 0.00568511
 0.125707 0.32114 0.495352 0.0537591 0.00404204
 0.23352 0.215282 0.420074 0.123614 0.00750983
 0 0 0 0 0
pf_pred 
 0.43929 0.134894 0.39985 0.025965 8.27863e-07
 0.407946 0.303652 0.070316 0.204799 0.013287
 0.55891 0.213666 0.117757 0.0267587 0.0829087
 0.702331 0.188594 0.0533648 0.0288605 0.0268498
 0.644066 0.273004 0.0529494 0.0146762 0.015304
 0.761428 0.16867 0.0538391 0.0102592 0.00580322
 0.470358 0.430879 0.0702235 0.021987 0.00655278
 0.461078 0.302917 0.192842 0.0307012 0.0124616
 0.562198 0.233111 0.115931 0.0725388 0.0162208
 0.729944 0.173651 0.0518427 0.0252508 0.019311
 0.830879 0.13429 0.0225786 0.00659263 0.00565989
 0.736141 0.228802 0.0279376 0.00461612 0.0025026
 0.677956 0.25673 0.0568006 0.00678692 0.00172733
 0.627292 0.278582 0.0753615 0.0163209 0.00244364
 0.740198 0.185609 0.0558114 0.0147216 0.00366061
 0.939416 0.0486127 0.00860709 0.00253115 0.000832668
 0.348616 0.622482 0.0232868 0.00403904 0.00157678
 0.895848 0.0437175 0.0578013 0.0021219 0.000511194
 0.587829 0.379876 0.0137055 0.0177804 0.000809146
 0.600634 0.264635 0.124375 0.00439783 0.00595859
 0.725534 0.184966 0.0596995 0.0275124 0.00228843
 0.729784 0.211328 0.0399323 0.0126486 0.00630759
 0.295439 0.554531 0.117839 0.0218363 0.0103549
 0.731335 0.0966579 0.135903 0.0283629 0.00774058
 0.610671 0.305867 0.0303751 0.0419528 0.0111343
 0.420456 0.392325 0.147663 0.0144048 0.0251514
 0.727539 0.133903 0.0943326 0.0348887 0.00933708
 0.678829 0.251111 0.034749 0.0240482 0.0112637
 0.310293 0.508626 0.142131 0.0193276 0.0196222
 0.392982 0.22722 0.281377 0.0772676 0.0211544
 0.831777 0.0785283 0.0339623 0.0412999 0.014432
pobs_RECLAS
 0 0 0 0 0
 0 0 0 0 0
 0 0 0 0 0
 0 0 0 0 0
 0 0 0 0 0
 0 0 0 0 0
 0 0 0 0 0
 0 0 0 0 0
 0 0 0 0 0
 0 0 0 0 0
 0.991045 0.00858322 0.000360255 1.14367e-05 0
 0.934742 0.0480273 0.0164251 0.00080598 0
 0.827803 0.169806 0.00239088 0 0
 0.941827 0.0461693 0.0120037 0 0
 0.791401 0.0380133 0.147996 0.0225897 0
 0.846168 0.0940531 0.0597789 0 0
 0.134021 0.677848 0.182769 0.00536245 0
 0.80878 0.0450904 0.141981 0.00414843 0
 0.846168 0.0940531 0.0597789 0 0
 0.905697 0.0802665 0.012482 0.00150086 5.37128e-05
 0.989698 0.0102097 9.19794e-05 0 0
 0.975433 0.0193895 0.00387452 0.00125025 5.28907e-05
 0.303575 0.632131 0.0575291 0.00676475 0
 0.966965 0.00978017 0.0227588 0.000495775 0
 0.843318 0.132988 0.00938335 0.0141283 0.000182051
 0.564624 0.303363 0.111486 0.0197234 0.00080311
 0.826376 0.0876187 0.0782897 0.00655872 0.00115652
 0.89761 0.0855135 0.0140674 0.00269457 0.000114338
 0.34875 0.467042 0.161289 0.0227151 0.000203297
 0.318654 0.224769 0.449479 0.00709798 0
 0.937255 0.0296025 0.0250945 0.00804832 0
ppred_RECLAS
 0.512056 0.118925 0.346536 0.0224825 7.16794e-07
 0.479735 0.269178 0.0612608 0.178261 0.0115647
 0.629097 0.181317 0.0982103 0.0222965 0.0690798
 0.760051 0.153038 0.0425422 0.0229858 0.0213833
 0.706114 0.226326 0.0431509 0.0119495 0.01246
 0.809849 0.135129 0.0423885 0.0080698 0.00456454
 0.545362 0.371145 0.059383 0.0185746 0.0055355
 0.532444 0.264783 0.165716 0.0263587 0.0106985
 0.633336 0.19689 0.096195 0.060133 0.013446
 0.784808 0.139288 0.040837 0.0198712 0.015196
 0.866937 0.106035 0.0175264 0.0051128 0.00438922
 0.789037 0.183372 0.021992 0.00363026 0.00196803
 0.738367 0.209327 0.045493 0.00543066 0.00138208
 0.696095 0.228246 0.0605882 0.0131082 0.00196253
 0.7933 0.148442 0.0438347 0.0115513 0.00287216
 0.954012 0.0370316 0.00644147 0.00189251 0.000622544
 0.415379 0.559112 0.0205565 0.00356218 0.00139056
 0.920175 0.033845 0.0439783 0.00161297 0.000388566
 0.655329 0.318113 0.0112768 0.0146159 0.000665104
 0.667908 0.221357 0.10223 0.00361143 0.00489286
 0.779047 0.149756 0.047505 0.0218725 0.00181922
 0.782763 0.17055 0.0316682 0.0100216 0.00499733
 0.357809 0.507305 0.105965 0.0196181 0.00930256
 0.784568 0.0783694 0.108315 0.0225846 0.00616331
 0.67567 0.255767 0.0249676 0.0344528 0.00914336
 0.490959 0.346517 0.12821 0.0124959 0.0218173
 0.780903 0.108632 0.075228 0.0277976 0.00743896
 0.737173 0.206277 0.028061 0.0194021 0.00908711
 0.373975 0.463751 0.127395 0.0173081 0.017571
 0.464302 0.202719 0.24675 0.0676969 0.0185332
 0.868358 0.0620305 0.026373 0.0320419 0.0111963
pobs_PELACES
 0 0 0 0 0
 0 0 0 0 0
 0 0 0 0 0
 0 0 0 0 0
 0 0 0 0 0
 0 0 0 0 0
 0 0 0 0 0
 0 0 0 0 0
 0 0 0 0 0
 0 0 0 0 0
 0 0 0 0 0
 0 0 0 0 0
 0 0 0 0 0
 0 0 0 0 0
 0 0 0 0 0
 0 0 0 0 0
 0.505614 0.472636 0.0217494 0 0
 0 0 0 0 0
 0.443492 0.261883 0.143347 0.151278 0
 0.227955 0.32914 0.350689 0.0885471 0.00366901
 0.970185 0.0296113 0.000203453 0 0
 0.997202 0.00247181 0.000326279 0 0
 0.445219 0.490057 0.0546422 0.010081 0
 0.90214 0.0892962 0.00764917 0.000914606 0
 0 0 0 0 0
 0.581667 0.319106 0.0959925 0.00289975 0.000334073
 0.762889 0.0836404 0.116647 0.0363945 0.000428098
 0.88444 0.0763242 0.0277011 0.0115352 0
 0.521256 0.241999 0.230069 0.00667565 0
 0.616807 0.101726 0.260614 0.0208532 0
 0 0 0 0 0
ppred_PELACES
 0.515176 0.118239 0.344251 0.0223333 7.12034e-07
 0.485364 0.266471 0.0605517 0.176183 0.0114298
 0.634255 0.178937 0.096775 0.0219689 0.0680644
 0.766564 0.149021 0.041323 0.0223241 0.0207676
 0.708752 0.22434 0.0427346 0.0118336 0.0123392
 0.813568 0.132551 0.04151 0.00790184 0.00446951
 0.559051 0.360229 0.0574146 0.0179552 0.00535085
 0.5348 0.263523 0.164821 0.0262154 0.0106403
 0.641792 0.192577 0.0938529 0.0586612 0.0131168
 0.792712 0.13433 0.0392551 0.0190981 0.0146047
 0.868107 0.105118 0.0173625 0.0050648 0.004348
 0.795928 0.177452 0.0212197 0.00350223 0.00189861
 0.745891 0.203419 0.0440884 0.00526221 0.0013392
 0.710089 0.21799 0.0575976 0.0124581 0.00186517
 0.800851 0.143151 0.0421361 0.0111018 0.00276036
 0.955513 0.0358397 0.0062191 0.00182694 0.000600971
 0.420676 0.554084 0.0203404 0.00352446 0.00137582
 0.921853 0.0331636 0.0430255 0.00157789 0.000380115
 0.662324 0.311711 0.0110258 0.0142888 0.000650218
 0.674106 0.217367 0.100193 0.0035391 0.00479484
 0.78272 0.147338 0.0466687 0.0214857 0.00178704
 0.787343 0.167023 0.0309549 0.00979487 0.00488424
 0.361511 0.5045 0.105262 0.0194867 0.00924023
 0.787061 0.0775125 0.107023 0.0223141 0.00608949
 0.678831 0.253329 0.0247048 0.0340883 0.0090466
 0.493916 0.344595 0.127395 0.0124159 0.0216776
 0.783366 0.107465 0.0743467 0.0274705 0.0073514
 0.739409 0.204558 0.0278049 0.0192242 0.00900376
 0.376624 0.461883 0.126783 0.0172242 0.0174858
 0.468666 0.201217 0.244632 0.0671117 0.0183729
 0.869606 0.0614674 0.0261142 0.0317261 0.011086
pobs_pel_tallas
 0 0 0 0 0 0 0 0 0 0 0 0 0 0 0 0 0 0 0 0 0 0 0 0 0 0
 0 0 0 0 0 0 0 0 0 0 0 0 0 0 0 0 0 0 0 0 0 0 0 0 0 0
 0 0 0 0 0 0 0 0 0 0 0 0 0 0 0 0 0 0 0 0 0 0 0 0 0 0
 0 0 0 0 0 0 0 0 0 0 0 0 0 0 0 0 0 0 0 0 0 0 0 0 0 0
 0 0 0 0 0 0 0 0 0 0 0 0 0 0 0 0 0 0 0 0 0 0 0 0 0 0
 0 0 0 0 0 0 0 0 0 0 0 0 0 0 0 0 0 0 0 0 0 0 0 0 0 0
 0 0 0 0 0 0 0 0 0 0 0 0 0 0 0 0 0 0 0 0 0 0 0 0 0 0
 0 0 0 0 0 0 0 0 0 0 0 0 0 0 0 0 0 0 0 0 0 0 0 0 0 0
 0 0 0 0 0 0 0 0 0 0 0 0 0 0 0 0 0 0 0 0 0 0 0 0 0 0
 0 0 0 0 0 0 0 0 0 0 0 0 0 0 0 0 0 0 0 0 0 0 0 0 0 0
 0 0 0 0 0 0 0 0 0 0 0 0 0 0 0 0 0 0 0 0 0 0 0 0 0 0
 0 0 0 0 0 0 0 0 0 0 0 0 0 0 0 0 0 0 0 0 0 0 0 0 0 0
 0.00862536 0 0 0.000197151 0.00414017 0.0128641 0.00837892 0.0270097 0.101434 0.158115 0.152841 0.127902 0.109271 0.109419 0.0830992 0.0579132 0.0238553 0.00714673 0.00463305 0.00128148 0.00103504 0.000492878 0.000147863 0.000147863 4.92878e-05 0
 0 0 0 0 0 0 0 0 0 0 0 0 0 0 0 0 0 0 0 0 0 0 0 0 0 0
 0 0 0 0 0 0 0 0.0054083 0.00873648 0.0413646 0.0450493 0.0745869 0.0622846 0.0627006 0.0613931 0.0827291 0.12552 0.122667 0.0946155 0.0697135 0.0546179 0.0294188 0.0215738 0.0213955 0.0102223 0.00600262
 0 0 0 0 0.00359764 0.0251062 0.0480494 0.140153 0.205849 0.193036 0.1447 0.116669 0.0760912 0.0342217 0.00950174 0.001854 0.000860785 0 0 0 0.000165536 0 0.000143464 0 0 0
 0 0 0 0 0 0 0 0.000145254 0.000435761 0.0275982 0.070085 0.0708112 0.156366 0.174668 0.174014 0.160142 0.0824315 0.0480064 0.0283245 0.00493863 0.00203355 0 0 0 0 0
 0 0 0 0 0 0 0 0 0 0 0 0 0 0 0 0 0 0 0 0 0 0 0 0 0 0
 0 0 1.00437e-05 0.000401748 0.00122533 0.00171747 0.00176769 0.0269171 0.070346 0.194647 0.189555 0.159765 0.064822 0.0314167 0.0384472 0.0292271 0.0345202 0.0313363 0.0194345 0.0106764 0.0143323 0.0359363 0.0279516 0.0138201 0.00172751 0
 0 0.0021121 0.0136068 0.0755702 0.200478 0.177729 0.0527432 0.0373336 0.0318909 0.0142505 0.0149659 0.0166563 0.0217959 0.0798694 0.0677717 0.0528807 0.04013 0.0224614 0.0357745 0.0225083 0.00881397 0.00855152 0.00135912 0.000746735 0 0
 0 0 0 0 5.4009e-05 0.00500934 0.000945158 0.0243581 0.138947 0.33067 0.221406 0.137944 0.0707744 0.0437923 0.0131692 0.00525238 0.0047753 0.00276346 9.45158e-05 9.00151e-06 2.25038e-05 9.00151e-06 4.50075e-06 0 0 0
 0.000866109 0.00284123 0.00948549 0.0512746 0.133035 0.25785 0.225252 0.132002 0.0553304 0.0519788 0.0540692 0.017754 0.00435017 0.00159236 0.00146478 0.000404838 0.000125132 0.000115318 0.000107957 0.000100596 0 0 0 0 0 0
 0 0 0 0 0.00144013 0.00171154 0.00461396 0.0210425 0.0478622 0.0707936 0.0888783 0.103762 0.0637923 0.0337046 0.0602308 0.124433 0.169614 0.0934646 0.0462172 0.0250306 0.0313229 0.00938855 0.002487 0.000210481 0 0
 0 0.00764035 0.051015 0.0998891 0.058973 0.0496711 0.0374665 0.0718981 0.12319 0.153886 0.159021 0.0857701 0.0377988 0.023471 0.0147837 0.00900784 0.00315554 0.000888139 0.00291439 0.00214683 0.00393193 0.00274676 0.000635225 9.99891e-05 0 0
 0 0 0 0 0 0 0 0 0 0 0 0 0 0 0 0 0 0 0 0 0 0 0 0 0 0
 0 0 0 0 0 0 0 0 0 0 0 0 0 0 0 0 0 0 0 0 0 0 0 0 0 0
 0 0 0 0 0 0 0 0 0 0 0 0 0 0 0 0 0 0 0 0 0 0 0 0 0 0
 0 0 0 0 0 0 0 0 0 0 0 0 0 0 0 0 0 0 0 0 0 0 0 0 0 0
 0 0 0 0 0 0 0 0 0 0 0 0 0 0 0 0 0 0 0 0 0 0 0 0 0 0
 0 0 0 0 0 0 0 0 0 0 0 0 0 0 0 0 0 0 0 0 0 0 0 0 0 0
 0 0 0 0 0 0 0 0 0 0 0 0 0 0 0 0 0 0 0 0 0 0 0 0 0 0
ppred_pel_tallas
 1.12205e-16 4.24344e-05 0.000412477 0.00274106 0.0124605 0.0387692 0.0826022 0.120563 0.120575 0.0826607 0.0389668 0.0130379 0.00421498 0.00371116 0.00654438 0.0113691 0.0178069 0.0253697 0.033476 0.04168 0.049618 0.0566428 0.0615656 0.0629408 0.059819 0.052411
 1.21419e-16 3.99789e-05 0.000388609 0.00258244 0.0117394 0.0365259 0.0778232 0.113591 0.113616 0.0779492 0.0369493 0.0129639 0.00566169 0.0071302 0.0129042 0.0214389 0.0313042 0.0403313 0.0464162 0.0487942 0.0485622 0.0478889 0.0484943 0.0505725 0.0528444 0.053488
 1.16561e-16 5.22428e-05 0.000507819 0.00337463 0.0153406 0.0477304 0.101695 0.148431 0.148448 0.10178 0.0480161 0.0161674 0.00545667 0.00507499 0.00879202 0.0146283 0.02149 0.0279385 0.0325638 0.0347898 0.0352136 0.0351138 0.0355186 0.0365755 0.0376139 0.0376864
 1.06984e-16 6.31409e-05 0.000613752 0.0040786 0.0185407 0.0576872 0.122909 0.179393 0.179407 0.12298 0.0579237 0.0192245 0.00579698 0.00437231 0.00722337 0.0119012 0.0172824 0.0220496 0.0249168 0.0253284 0.023791 0.0215011 0.0195656 0.0184253 0.0178267 0.0171993
 1.04566e-16 5.8379e-05 0.000567465 0.00377101 0.0171425 0.0533367 0.11364 0.165866 0.165887 0.113746 0.0536919 0.0181686 0.00634791 0.00619643 0.0107594 0.0177235 0.0255939 0.0323329 0.035906 0.035386 0.0314989 0.0261075 0.0210631 0.0173213 0.0148385 0.013049
 1.02781e-16 6.70125e-05 0.000651386 0.00432869 0.0196776 0.0612244 0.130445 0.190392 0.190404 0.130508 0.0614347 0.0202857 0.00585697 0.00399362 0.00643211 0.0105736 0.015333 0.0195078 0.021915 0.0220032 0.0201577 0.0173922 0.014691 0.0125273 0.0108438 0.0093536
 1.04456e-16 4.60483e-05 0.000447606 0.0029745 0.0135217 0.0420712 0.0896383 0.130837 0.130872 0.089808 0.0426411 0.0151679 0.00710743 0.00947197 0.0171914 0.028365 0.0408972 0.0515168 0.0569175 0.0555747 0.0486425 0.0391422 0.0301233 0.0232362 0.0185416 0.0152471
 1.09254e-16 4.40508e-05 0.00042819 0.00284547 0.0129351 0.0402461 0.0857495 0.125159 0.125185 0.0858747 0.0406671 0.0141537 0.00591423 0.00716015 0.0129257 0.021551 0.0316292 0.0410053 0.0474757 0.0499771 0.0491034 0.0464601 0.0434337 0.0404209 0.0370005 0.0326547
 1.10861e-16 5.28636e-05 0.000513853 0.00341474 0.0155229 0.0482976 0.102904 0.150195 0.150214 0.102995 0.0486047 0.0164116 0.00565181 0.00541841 0.0094301 0.0156728 0.0229699 0.02974 0.0344147 0.036311 0.0360032 0.0348109 0.0338218 0.033247 0.0325163 0.0308657
 1.05555e-16 6.52946e-05 0.000634687 0.00421772 0.0191732 0.0596549 0.127101 0.185511 0.185524 0.127165 0.0598681 0.0197896 0.0057671 0.00402378 0.00652215 0.0107336 0.0155873 0.0198868 0.0224666 0.0228144 0.0213703 0.0191952 0.0172762 0.0160174 0.0152193 0.0144152
 1.01772e-16 7.15048e-05 0.000695052 0.00461887 0.0209967 0.0653286 0.13919 0.203154 0.203164 0.139239 0.0654949 0.0214772 0.00582524 0.00332949 0.00507749 0.00828828 0.0119504 0.0150668 0.0166743 0.0163339 0.0143876 0.011719 0.00921433 0.00734408 0.00610762 0.00525148
 1.01331e-16 6.55595e-05 0.000637262 0.00423483 0.0192509 0.0598969 0.127617 0.186265 0.186282 0.127701 0.0601774 0.0200609 0.0062677 0.00507389 0.00848817 0.01392 0.0200247 0.0251362 0.0276014 0.0266557 0.0228738 0.0177776 0.0129297 0.00921618 0.0067305 0.0051158
 1.02079e-16 6.14381e-05 0.0005972 0.00396861 0.0180407 0.0561315 0.119595 0.174556 0.174576 0.119691 0.0564536 0.0189715 0.00630606 0.00570345 0.0097695 0.0160805 0.0232201 0.0293256 0.0325331 0.0319682 0.0282432 0.0230017 0.0179016 0.0138387 0.0108641 0.00860197
 1.03283e-16 5.84891e-05 0.000568535 0.00377812 0.0171748 0.0534372 0.113854 0.166178 0.166199 0.113957 0.0537829 0.0181736 0.00628735 0.00605313 0.010495 0.0173108 0.0250547 0.0317649 0.0354726 0.0352573 0.0317628 0.0267 0.0217594 0.0178017 0.0148003 0.0123166
 1.02834e-16 6.5965e-05 0.000641204 0.00426102 0.01937 0.0602674 0.128406 0.187416 0.18743 0.128474 0.0604945 0.0200265 0.00591069 0.00424835 0.00693399 0.0114045 0.0165293 0.0210112 0.0235702 0.0236115 0.0215565 0.01851 0.0155462 0.0131841 0.0113631 0.00976759
 1.00474e-16 7.87044e-05 0.000765034 0.00508392 0.0231108 0.0719062 0.153204 0.223606 0.22361 0.153221 0.0719629 0.0232746 0.0054953 0.00166342 0.00178593 0.00283062 0.0040763 0.00513935 0.00568724 0.00556836 0.00489656 0.00397001 0.00308867 0.00241333 0.00194796 0.00161372
 1.01315e-16 3.46506e-05 0.000336816 0.00223827 0.0101749 0.0316581 0.0674528 0.0984605 0.0985138 0.0677132 0.0325322 0.0126986 0.00856848 0.0141402 0.026204 0.0431456 0.0618672 0.0772046 0.083918 0.0795912 0.0661025 0.0484265 0.0317647 0.0192067 0.0112506 0.00679584
 1.01473e-16 7.59318e-05 0.000738084 0.00490483 0.0222966 0.0693731 0.147807 0.215729 0.215732 0.147823 0.0694268 0.0224524 0.00529875 0.00160738 0.00175424 0.002851 0.00426437 0.00570386 0.00691578 0.00776193 0.00825945 0.00849639 0.00850462 0.00821625 0.00753879 0.00646773
 1.01941e-16 5.45549e-05 0.000530293 0.00352398 0.0160195 0.0498429 0.106197 0.155003 0.155033 0.106343 0.0503347 0.0174396 0.00708616 0.0082987 0.0147853 0.0242973 0.0348583 0.0435505 0.0474459 0.0452109 0.0379231 0.0283837 0.0194902 0.0129158 0.00884974 0.00658248
 1.04114e-16 5.55253e-05 0.000539726 0.00358667 0.0163045 0.0507294 0.108085 0.157758 0.157779 0.108188 0.0510754 0.017305 0.00610329 0.00605026 0.0105698 0.0175129 0.0255157 0.0326928 0.0371325 0.0379078 0.0355531 0.0315639 0.0273664 0.0236086 0.0201996 0.0168173
 1.03842e-16 6.44717e-05 0.000626688 0.00416456 0.0189315 0.058903 0.1255 0.183173 0.183188 0.125569 0.0591369 0.0196078 0.00586453 0.00434539 0.00714961 0.0117776 0.0171018 0.0218078 0.0246003 0.0248862 0.0231053 0.0203769 0.0177592 0.0157149 0.0141038 0.0125421
 1.02745e-16 6.48525e-05 0.000630389 0.00418916 0.0190433 0.0592509 0.126241 0.184256 0.184272 0.12632 0.0595153 0.0198072 0.00610723 0.00481985 0.00802823 0.0131878 0.0190346 0.0240294 0.0266498 0.0261976 0.0232061 0.0190589 0.0151375 0.0121662 0.0101351 0.00865259
 1.06685e-16 2.97773e-05 0.000289446 0.00192347 0.00874384 0.0272056 0.0579662 0.0846136 0.0846623 0.0582041 0.0280045 0.0110521 0.00772006 0.0129521 0.024104 0.0398681 0.0575837 0.0727366 0.080727 0.0794138 0.0703502 0.0576448 0.0454193 0.0358654 0.029034 0.023886
 1.06377e-16 6.48292e-05 0.000630163 0.00418765 0.0190365 0.0592295 0.126195 0.184187 0.184195 0.126232 0.0593554 0.0194019 0.00511267 0.00267472 0.00402199 0.0067408 0.0101589 0.013729 0.0169179 0.0194548 0.0214079 0.0229613 0.0240992 0.0245063 0.0237755 0.0217242
 1.05728e-16 5.59145e-05 0.000543509 0.00361181 0.0164188 0.051085 0.108843 0.158865 0.158889 0.108962 0.0514855 0.0175754 0.00651497 0.00688084 0.0120914 0.0199025 0.0286739 0.0360922 0.0398565 0.0389508 0.034272 0.0280348 0.022432 0.0185815 0.0163711 0.0150108
 1.08679e-16 4.06833e-05 0.000395456 0.00262794 0.0119463 0.0371695 0.0791947 0.115594 0.115627 0.0793577 0.037717 0.0135294 0.00660779 0.00910362 0.0166382 0.0275966 0.0401116 0.051199 0.0578212 0.0585528 0.054361 0.0478013 0.0413242 0.03606 0.0318048 0.027818
 1.06173e-16 6.45249e-05 0.000627205 0.004168 0.0189471 0.0589516 0.125603 0.183323 0.183334 0.125654 0.0591236 0.0194454 0.0054237 0.00338507 0.0053514 0.00887448 0.0130838 0.0171015 0.020073 0.0216074 0.021965 0.0217715 0.0215021 0.0211751 0.0204542 0.0189902
 1.04307e-16 6.09042e-05 0.00059201 0.00393412 0.0178839 0.0556437 0.118555 0.173039 0.173059 0.118652 0.0559672 0.0188186 0.00628048 0.00571524 0.00979439 0.0161061 0.023223 0.0292694 0.0323853 0.0317373 0.0280218 0.0229898 0.0183817 0.0150945 0.0130686 0.0117263
 1.08464e-16 3.10221e-05 0.000301546 0.00200388 0.00910938 0.0283429 0.0603892 0.0881491 0.0881937 0.0606072 0.0290753 0.0112262 0.00732208 0.011927 0.0221561 0.0367003 0.0531478 0.0674265 0.0753834 0.0750799 0.0678878 0.0574323 0.0472873 0.0392572 0.033255 0.0283078
 1.16951e-16 3.86035e-05 0.000375239 0.0024936 0.0113355 0.0352692 0.0751455 0.109681 0.109701 0.0752422 0.0355949 0.0122809 0.00488404 0.00565192 0.0102318 0.0173051 0.0259843 0.0349075 0.0426711 0.0485947 0.0529554 0.0564035 0.0590931 0.0603415 0.0590932 0.0547251
 1.05828e-16 7.16283e-05 0.000696253 0.00462685 0.021033 0.0654414 0.13943 0.203504 0.203509 0.139459 0.0655394 0.0213167 0.0053411 0.00226265 0.00306824 0.00501804 0.0073658 0.00958048 0.0111884 0.0120142 0.0122887 0.0124661 0.0128853 0.0135433 0.0141257 0.0142246
pSPR Fmed_Fpbrs
0.614186   0.224901 0.224901
Fs Fmed_Fpbrs
0.275379   1.005 1.005
SSBpbr Bo_Bmed_Bpbrs
1.78352e+06  1.00624e+06  311940 311940
Ro
161961
SPR SPRFo_SPRFmed_SPRFpbrs
1.15327e+06 708321 259372
Fref
1.005
log_Ro
11.8151
likeval ReclasPelacesDesembMPH_pf_preclas_ppelaces_ptallas_desvR_qrecl_qpela
 12.366 18.4779 0.0344009 0.00256901 228.689 120.486 82.5578 0 26.3318 3.04545e-08 0 0.174756 0 0 0
q_reclas_q_pelaces
0.975574 1
M
1
N
 184186 43552.4 127069 8244.52 0.262855
 104354 60516.3 13804.7 40174.7 2606.36
 104776 31192.5 16934.1 3844.98 11912.7
 148032 31436.1 8771.62 4740.31 4409.89
 119250 38955.6 7437.17 2059.67 2147.68
 225008 38925.1 12241.6 2330.83 1318.4
 89197 65942.5 10612.6 3320.58 989.596
 38645.8 19487.8 12208.5 1941.98 788.217
 39708.3 13024.9 6387.72 3993.88 893.057
 54744.1 10421.5 3070.56 1494.52 1142.92
 104325 12955.5 2143.7 625.396 536.89
 140922 34876.4 4201.35 693.691 376.066
 116066 34895.3 7615.3 909.266 231.407
 81430.5 29503.2 7887 1707 255.571
 79698.7 15984 4743.19 1250.25 310.871
 463505 18951.1 3308.55 972.245 319.825
 88397 122963 4531.4 785.334 306.57
 695102 26439.6 34437.1 1263.19 304.307
 406909 207006 7362.5 9544.21 434.319
 322563 111440 51617.6 1823.76 2470.9
 460361 91354.1 29044 13374.2 1112.39
 611075 138646 25817.8 8171.46 4074.78
 119966 174218 36452.2 6749.25 3200.39
 371838 37948.3 52528 10953.5 2989.2
 308964 119506 11683.8 16123.8 4279.09
 138145 99225.2 36758.5 3582.86 6255.54
 320338 45514.3 31565.8 11664.9 3121.67
 362384 103168 14051.7 9716.33 4550.73
 94830.9 119589 32890.9 4468.89 4536.79
 70076.4 31384.4 38269.8 10500.5 2874.71
 302617 21965.7 9349.52 11359.9 3969.48
pred_Ctot
 12559.6 3856.69 11432 742.355 0.0236691
 12577.6 9362.08 2167.95 6314.27 409.659
 12419.7 4747.94 2616.7 594.612 1842.34
 27371.4 7349.93 2079.74 1124.76 1046.4
 8579.53 3636.66 705.332 195.5 203.863
 29464.7 6526.96 2083.39 396.997 224.565
 23879.8 21875.5 3565.22 1116.27 332.682
 2063.16 1355.45 862.902 137.377 55.7613
 7393.17 3065.52 1524.55 953.919 213.311
 12791.9 3043.14 908.514 442.506 338.414
 6065.88 980.394 164.837 48.1299 41.3204
 30068.3 9345.61 1141.13 188.549 102.221
 23362.8 8847.05 1957.38 233.881 59.5248
 25250 11213.6 3033.48 656.953 98.3622
 18455.9 4627.91 1391.58 367.064 91.2726
 83903.6 4341.83 768.739 226.069 74.3694
 10624.6 18971.1 709.703 123.096 48.0549
 85147.5 4155.21 5493.83 201.68 48.5874
 67325.8 43508.4 1569.74 2036.44 92.6739
 47936 21120.3 9926.27 350.987 475.55
 53639.7 13674.8 4413.66 2034.03 169.186
 88738.9 25696.7 4855.61 1538.02 766.979
 10758.8 20193.9 4291.26 795.196 377.087
 30030.7 3969.04 5580.56 1164.66 317.85
 25082.5 12563.1 1247.62 1723.15 457.327
 9200.09 8584.57 3231.05 315.196 550.345
 25495.6 4692.45 3305.75 1222.63 327.205
 23792.6 8801.28 1217.93 842.874 394.785
 6069.63 9949.22 2780.22 378.067 383.829
 6639.73 3839.05 4754.08 1305.5 357.419
 18466.5 1743.43 754.006 916.909 320.41
F
 0.113036 0.148958 0.151492 0.151628 0.151635
 0.207608 0.273584 0.278238 0.278487 0.2785
 0.203868 0.268656 0.273226 0.273471 0.273483
 0.335004 0.441465 0.448974 0.449377 0.449398
 0.119583 0.157585 0.160266 0.16041 0.160417
 0.227351 0.299601 0.304697 0.30497 0.304984
 0.52106 0.686648 0.698328 0.698954 0.698987
 0.0875786 0.11541 0.117373 0.117479 0.117484
 0.337687 0.445 0.45257 0.452975 0.452997
 0.441148 0.581341 0.59123 0.591759 0.591787
 0.0957022 0.126116 0.128261 0.128376 0.128382
 0.395852 0.521651 0.530524 0.531 0.531025
 0.369662 0.487138 0.495424 0.495868 0.495891
 0.628164 0.827788 0.841869 0.842624 0.842663
 0.436393 0.575075 0.584857 0.585381 0.585409
 0.326933 0.430829 0.438158 0.43855 0.438571
 0.206975 0.27275 0.27739 0.277638 0.277651
 0.211311 0.278464 0.283201 0.283454 0.283468
 0.295103 0.388884 0.395499 0.395854 0.395872
 0.261556 0.344675 0.350539 0.350853 0.350869
 0.200091 0.263678 0.268164 0.268404 0.268417
 0.254911 0.335919 0.341633 0.341939 0.341955
 0.150982 0.198962 0.202347 0.202528 0.202538
 0.13509 0.17802 0.181048 0.181211 0.181219
 0.135833 0.179 0.182045 0.182208 0.182216
 0.110273 0.145317 0.147789 0.147921 0.147928
 0.133015 0.175286 0.178268 0.178427 0.178436
 0.108641 0.143166 0.145601 0.145731 0.145738
 0.105785 0.139403 0.141774 0.141901 0.141908
 0.160105 0.210985 0.214574 0.214767 0.214777
 0.100644 0.132628 0.134884 0.135005 0.135011
nmprior
 8 9 7.5 0
nm_flota  nm_reclas  nm_pelaces    nm_pelaL
inf 13.7437 15.1386 26.0677
cv_recla  cv_pelaces  cv_mph
0.318082 0.505814 1.56419
 ------------------------------------------------
Talla a la edad & desviación 
 8 13.2811 15.8009 17.003 17.5766
 0.8 1.32811 1.58009 1.7003 1.75766
