years
 1991 1992 1993 1994 1995 1996 1997 1998 1999 2000 2001 2002 2003 2004 2005 2006 2007 2008 2009 2010 2011 2012 2013 2014 2015 2016 2017 2018 2019 2020 2021
reclasobs
 0 0 0 0 0 0 0 0 0 252601 567819 844713 477998 351125 339783 2.1784e+06 2.13404e+06 4.81314e+06 1.55562e+06 2.62356e+06 3.21686e+06 3.843e+06 1.13348e+06 3.07943e+06 1.97215e+06 2.03268e+06 2.025e+06 2.42433e+06 2.27542e+06 1.05018e+06 2.36338e+06
reclaspred
 2.58842e+06 2.01023e+06 1.0951e+06 871252 995705 1.44568e+06 1.1785e+06 1.00762e+06 691725 507301 480738 636265 654491 595234 694429 1.04209e+06 1.49878e+06 2.50197e+06 2.27033e+06 1.80214e+06 3.20846e+06 2.52374e+06 2.39739e+06 2.99122e+06 2.57526e+06 2.33524e+06 2.34044e+06 2.24662e+06 2.43251e+06 1.67614e+06 2.27494e+06
pelacesobs
 0 0 0 0 0 0 0 0 0 0 0 0 0 0 0 552880 188675 0 991730 2.46772e+06 1.41603e+06 1.21717e+06 2.29649e+06 1.80582e+06 0 1.4828e+06 1.56532e+06 1.57751e+06 1.42118e+06 867257 0
pelacespred
 1.10875e+06 960923 553528 385483 444375 645192 520192 495210 357572 246461 249414 263129 294986 292505 358611 445336 625293 1.11028e+06 1.11386e+06 842587 1.33581e+06 1.24996e+06 1.14085e+06 1.51309e+06 1.33895e+06 1.15978e+06 1.29954e+06 1.28333e+06 1.12102e+06 867272 1.12198e+06
mphobs
 0 0 0 0 0 0 0 0 0 0 0 498337 0 5186 125008 0 168611 109162 213762 579715 649985 157893 87575 83554 0 0 0 0 0 0 0
mphpred
 1.93297e+06 2.11999e+06 1.1805e+06 664310 738959 873322 1.19819e+06 825285 677010 469478 320289 477394 485081 452250 410335 619473 1.02179e+06 1.37222e+06 2.00676e+06 1.55995e+06 1.81497e+06 2.32065e+06 1.99193e+06 1.86311e+06 2.46936e+06 1.9479e+06 1.67716e+06 1.73795e+06 2.20363e+06 1.55608e+06 1.08796e+06
desembarqueobs
 494567 514787 250237 358949 120608 361735 552515 73892 212993 205616 52469 317467 293654 387597 252695 516296 358380 742168 942051 627588 828172 859565 418607 520667 417249 300574 407403 355545 319650 289779 219260
desembarquepred
 494372 509650 252293 358872 120602 361394 552524 73903.1 213059 205902 52468.9 317252 293619 387535 252802 516268 358715 742470 941392 627044 827450 859388 418691 520750 417257 300415 407116 355577 319728 289856 219274
Reclutas
 478894 63011.4 97778.7 212609 181545 303034 129406 46837.6 51738.3 71372.6 132109 149900 149823 127907 151090 392992 216005 663028 466525 390194 565934 608535 220075 449978 347288 194156 378073 377314 135040 154057 582053
log_desv_Rt
 0.804534 -1.22363 -0.784238 -0.00749119 -0.165442 0.3469 -0.503986 -1.52026 -1.42075 -1.09903 -0.483317 -0.356973 -0.357491 -0.515643 -0.349072 0.606843 0.00835861 1.12987 0.778368 0.599699 0.971533 1.04411 0.027024 0.742253 0.48321 -0.0982813 0.568141 0.566134 -0.461375 -0.329621 0.999616
SSB
 1.93297e+06 2.11999e+06 1.1805e+06 664310 738959 873322 1.19819e+06 825285 677010 469478 320289 477394 485081 452250 410335 619473 1.02179e+06 1.37222e+06 2.00676e+06 1.55995e+06 1.81497e+06 2.32065e+06 1.99193e+06 1.86311e+06 2.46936e+06 1.9479e+06 1.67716e+06 1.73795e+06 2.20363e+06 1.55608e+06 1.08796e+06
BT
 3.48427e+06 2.76719e+06 1.5907e+06 1.48798e+06 1.33717e+06 2.3976e+06 1.84329e+06 1.41498e+06 1.20454e+06 906391 844552 1.06775e+06 1.19276e+06 1.38959e+06 1.52086e+06 1.96143e+06 2.1288e+06 4.40227e+06 4.23092e+06 2.98195e+06 4.9874e+06 4.387e+06 3.52261e+06 5.48475e+06 3.94232e+06 3.49597e+06 4.62951e+06 4.42849e+06 3.04327e+06 2.62944e+06 4.14772e+06
Ftot
 0.180786 0.238142 0.216934 0.383409 0.115208 0.235773 0.432479 0.0699908 0.288605 0.377227 0.104007 0.460467 0.416289 0.595476 0.341297 0.459808 0.225724 0.279104 0.385473 0.325332 0.24298 0.318456 0.165387 0.165135 0.153585 0.122268 0.164973 0.150288 0.124817 0.163783 0.0919691
BD_Bspro_t
 0.971489 0.842405 0.689293 0.601244 0.626584 0.715945 0.714456 0.587621 0.625934 0.585978 0.563802 0.728256 0.610808 0.547506 0.504616 0.58967 0.622282 0.675491 0.698815 0.614884 0.606213 0.656359 0.654678 0.678471 0.758589 0.758305 0.770595 0.793798 0.821788 0.767963 0.759371
BD_Bspro
 1.26727 1.38989 0.773947 0.435528 0.484469 0.572559 0.785546 0.541065 0.443854 0.307794 0.209985 0.312984 0.318024 0.2965 0.269019 0.406133 0.669894 0.899643 1.31565 1.02272 1.18991 1.52144 1.30593 1.22147 1.61894 1.27706 1.09956 1.13942 1.44472 1.02018 0.713278
BD_Bo
 0.976559 1.07105 0.596404 0.335618 0.373332 0.441214 0.605341 0.416945 0.342034 0.237186 0.161814 0.241186 0.245069 0.228483 0.207306 0.312966 0.51622 0.693265 1.01384 0.788106 0.916946 1.17242 1.00635 0.941265 1.24755 0.984102 0.847324 0.878035 1.1133 0.78615 0.549652
BD_Brms
 4.13909 4.53958 2.52783 1.4225 1.58235 1.87006 2.56571 1.7672 1.44969 1.0053 0.68584 1.02225 1.03871 0.968411 0.878657 1.32649 2.18797 2.93837 4.29711 3.34035 3.88643 4.96925 4.26535 3.9895 5.28768 4.17106 3.59134 3.72151 4.71868 3.33206 2.32967
Sel_flota
 0.5 1 1 1 1
 0.5 1 1 1 1
 0.5 1 1 1 1
 0.5 1 1 1 1
 0.5 1 1 1 1
 0.5 1 1 1 1
 0.5 1 1 1 1
 0.5 1 1 1 1
 0.5 1 1 1 1
 0.5 1 1 1 1
 0.5 1 1 1 1
 0.5 1 1 1 1
 0.5 1 1 1 1
 0.5 1 1 1 1
 0.5 1 1 1 1
 0.5 1 1 1 1
 0.5 1 1 1 1
 0.5 1 1 1 1
 0.5 1 1 1 1
 0.5 1 1 1 1
 0.5 1 1 1 1
 0.5 1 1 1 1
 0.5 1 1 1 1
 0.5 1 1 1 1
 0.5 1 1 1 1
 0.5 1 1 1 1
 0.5 1 1 1 1
 0.5 1 1 1 1
 0.5 1 1 1 1
 0.5 1 1 1 1
 0.5 1 1 1 1
Sel_reclas
 0.5 1 1 1 1
 0.5 1 1 1 1
 0.5 1 1 1 1
 0.5 1 1 1 1
 0.5 1 1 1 1
 0.5 1 1 1 1
 0.5 1 1 1 1
 0.5 1 1 1 1
 0.5 1 1 1 1
 0.5 1 1 1 1
 0.5 1 1 1 1
 0.5 1 1 1 1
 0.5 1 1 1 1
 0.5 1 1 1 1
 0.5 1 1 1 1
 0.5 1 1 1 1
 0.5 1 1 1 1
 0.5 1 1 1 1
 0.5 1 1 1 1
 0.5 1 1 1 1
 0.5 1 1 1 1
 0.5 1 1 1 1
 0.5 1 1 1 1
 0.5 1 1 1 1
 0.5 1 1 1 1
 0.5 1 1 1 1
 0.5 1 1 1 1
 0.5 1 1 1 1
 0.5 1 1 1 1
 0.5 1 1 1 1
 0.5 1 1 1 1
Sel_pelaces
 0.5 1 1 1 1
 0.5 1 1 1 1
 0.5 1 1 1 1
 0.5 1 1 1 1
 0.5 1 1 1 1
 0.5 1 1 1 1
 0.5 1 1 1 1
 0.5 1 1 1 1
 0.5 1 1 1 1
 0.5 1 1 1 1
 0.5 1 1 1 1
 0.5 1 1 1 1
 0.5 1 1 1 1
 0.5 1 1 1 1
 0.5 1 1 1 1
 0.5 1 1 1 1
 0.5 1 1 1 1
 0.5 1 1 1 1
 0.5 1 1 1 1
 0.5 1 1 1 1
 0.5 1 1 1 1
 0.5 1 1 1 1
 0.5 1 1 1 1
 0.5 1 1 1 1
 0.5 1 1 1 1
 0.5 1 1 1 1
 0.5 1 1 1 1
 0.5 1 1 1 1
 0.5 1 1 1 1
 0.5 1 1 1 1
 0.5 1 1 1 1
pf_obs 
 0.8446 0.082 0.0669 0.0065 0
 0.8095 0.147 0.0364 0.0071 0
 0.9664 0.0169 0.016 0.0007 0
 0.9276 0.0648 0.0075 0.0001 0
 0.7033 0.2144 0.0806 0.0017 0
 0.9318 0.0425 0.0243 0.0014 0
 0.5671 0.3108 0.0964 0.0239 0.0018
 0.0768 0.2599 0.5324 0.112 0.0189
 0.490249 0.384438 0.106611 0.0170017 0.00170017
 0.7925 0.1577 0.0466 0.003 0.0002
 0.840416 0.127587 0.0312969 0.00059994 9.999e-05
 0.8084 0.0986 0.0794 0.0134 0.0002
 0.7335 0.1905 0.0724 0.0035 0.0001
 0.4001 0.4547 0.1325 0.0127 0
 0.49795 0.308269 0.164784 0.0264974 0.00249975
 0.9179 0.0499 0.0305 0.0017 0
 0.2467 0.6533 0.0926 0.0074 0
 0.9418 0.0223 0.034 0.0019 0
 0.707729 0.231977 0.0356964 0.0245975 0
 0.517169 0.277429 0.184464 0.0207286 0.00020938
 0.811772 0.124168 0.05621 0.00726502 0.000585176
 0.764997 0.148141 0.077277 0.00933861 0.000247198
 0.163321 0.427699 0.378323 0.0303852 0.000271297
 0.753843 0.0900009 0.118128 0.0371064 0.000921714
 0.721811 0.176058 0.0630433 0.0369309 0.00215725
 0.143369 0.312575 0.442814 0.0836902 0.0175525
 0.692698 0.0596174 0.167031 0.0765114 0.00414204
 0.394062 0.376323 0.152708 0.0712218 0.00568511
 0.125707 0.32114 0.495352 0.0537591 0.00404204
 0.23352 0.215282 0.420074 0.123614 0.00750983
 0 0 0 0 0
pf_pred 
 0.624697 0.237237 0.0872745 0.0321065 0.0186852
 0.137839 0.671089 0.12078 0.0444327 0.0258588
 0.388154 0.156356 0.354544 0.0638098 0.0371358
 0.671426 0.188954 0.0356795 0.080905 0.0230352
 0.541692 0.376306 0.0471571 0.0089045 0.0259402
 0.641438 0.254493 0.0854486 0.0107081 0.00791226
 0.360601 0.507243 0.0937993 0.0314941 0.00686295
 0.258479 0.417176 0.257307 0.0475811 0.0194572
 0.406505 0.246747 0.195078 0.120321 0.0313482
 0.582974 0.249783 0.0695319 0.0549719 0.0427394
 0.701742 0.226098 0.0432214 0.0120315 0.0169075
 0.595766 0.335155 0.0523662 0.0100104 0.00670252
 0.589063 0.317355 0.0775902 0.0121231 0.00386914
 0.550563 0.34375 0.0816185 0.0199549 0.00411293
 0.633352 0.273676 0.0711091 0.0168838 0.00497874
 0.784366 0.170976 0.0333336 0.00866105 0.00266284
 0.467811 0.47538 0.0450443 0.00878187 0.00298332
 0.763289 0.154526 0.0734116 0.00695607 0.00181687
 0.509444 0.429319 0.0399758 0.0189915 0.00226955
 0.507295 0.344909 0.129347 0.012044 0.0064056
 0.62843 0.257965 0.0795266 0.0298238 0.00425398
 0.579709 0.329647 0.0629306 0.0194005 0.00831327
 0.309597 0.519319 0.134186 0.0256164 0.0112811
 0.602269 0.192909 0.154067 0.0398089 0.0109464
 0.47212 0.401598 0.0612499 0.0489171 0.0161151
 0.354167 0.420945 0.171089 0.0260937 0.0277051
 0.607563 0.208798 0.119693 0.0486483 0.0152974
 0.537405 0.35378 0.0578951 0.0331883 0.0177307
 0.275942 0.512896 0.161491 0.0264276 0.0232432
 0.429732 0.251818 0.225578 0.0710257 0.0218457
 0.776792 0.136759 0.0381744 0.0341964 0.0140788
pobs_RECLAS
 0 0 0 0 0
 0 0 0 0 0
 0 0 0 0 0
 0 0 0 0 0
 0 0 0 0 0
 0 0 0 0 0
 0 0 0 0 0
 0 0 0 0 0
 0 0 0 0 0
 0 0 0 0 0
 0.991045 0.00858322 0.000360255 1.14367e-05 0
 0.934742 0.0480273 0.0164251 0.00080598 0
 0.827803 0.169806 0.00239088 0 0
 0.941827 0.0461693 0.0120037 0 0
 0.791401 0.0380133 0.147996 0.0225897 0
 0.846168 0.0940531 0.0597789 0 0
 0.134021 0.677848 0.182769 0.00536245 0
 0.80878 0.0450904 0.141981 0.00414843 0
 0.846168 0.0940531 0.0597789 0 0
 0.905697 0.0802665 0.012482 0.00150086 5.37128e-05
 0.989698 0.0102097 9.19794e-05 0 0
 0.975433 0.0193895 0.00387452 0.00125025 5.28907e-05
 0.303575 0.632131 0.0575291 0.00676475 0
 0.966965 0.00978017 0.0227588 0.000495775 0
 0.843318 0.132988 0.00938335 0.0141283 0.000182051
 0.564624 0.303363 0.111486 0.0197234 0.00080311
 0.826376 0.0876187 0.0782897 0.00655872 0.00115652
 0.89761 0.0855135 0.0140674 0.00269457 0.000114338
 0.34875 0.467042 0.161289 0.0227151 0.000203297
 0.318654 0.224769 0.449479 0.00709798 0
 0.937255 0.0296025 0.0250945 0.00804832 0
ppred_RECLAS
 0.626659 0.235997 0.0868184 0.0319387 0.0185876
 0.139203 0.670027 0.120589 0.0443623 0.0258179
 0.390598 0.155731 0.353128 0.0635549 0.0369875
 0.675828 0.186423 0.0352015 0.0798212 0.0227266
 0.542961 0.375264 0.0470265 0.00887983 0.0258684
 0.644033 0.252651 0.0848301 0.0106306 0.00785499
 0.365965 0.502987 0.0930124 0.0312299 0.00680538
 0.259057 0.416851 0.257106 0.047544 0.019442
 0.409955 0.245313 0.193945 0.119622 0.031166
 0.587738 0.24693 0.0687375 0.0543438 0.0422511
 0.7027 0.225371 0.0430825 0.0119928 0.0168532
 0.601787 0.330163 0.0515863 0.00986135 0.0066027
 0.594409 0.313226 0.0765807 0.0119653 0.00381881
 0.559131 0.337198 0.0800626 0.0195745 0.00403453
 0.637384 0.270666 0.070327 0.0166981 0.00492398
 0.788567 0.167645 0.0326842 0.00849231 0.00261097
 0.470489 0.472988 0.0448176 0.00873767 0.00296831
 0.765761 0.152912 0.072645 0.00688343 0.00179789
 0.514478 0.424913 0.0395655 0.0187966 0.00224626
 0.511404 0.342033 0.128268 0.0119436 0.00635218
 0.631158 0.256072 0.0789429 0.0296049 0.00422276
 0.583609 0.326588 0.0623465 0.0192204 0.00823612
 0.311222 0.518098 0.13387 0.0255562 0.0112546
 0.604082 0.19203 0.153364 0.0396274 0.0108965
 0.473863 0.400272 0.0610477 0.0487556 0.0160619
 0.355416 0.420131 0.170759 0.0260433 0.0276515
 0.609365 0.207839 0.119144 0.0484248 0.0152271
 0.539102 0.352483 0.0576827 0.0330666 0.0176657
 0.277057 0.512106 0.161242 0.0263868 0.0232074
 0.431573 0.251006 0.22485 0.0707965 0.0217752
 0.777488 0.136332 0.0380553 0.0340898 0.0140349
pobs_PELACES
 0 0 0 0 0
 0 0 0 0 0
 0 0 0 0 0
 0 0 0 0 0
 0 0 0 0 0
 0 0 0 0 0
 0 0 0 0 0
 0 0 0 0 0
 0 0 0 0 0
 0 0 0 0 0
 0 0 0 0 0
 0 0 0 0 0
 0 0 0 0 0
 0 0 0 0 0
 0 0 0 0 0
 0 0 0 0 0
 0.505614 0.472636 0.0217494 0 0
 0 0 0 0 0
 0.443492 0.261883 0.143347 0.151278 0
 0.227955 0.32914 0.350689 0.0885471 0.00366901
 0.970185 0.0296113 0.000203453 0 0
 0.997202 0.00247181 0.000326279 0 0
 0.445219 0.490057 0.0546422 0.010081 0
 0.90214 0.0892962 0.00764917 0.000914606 0
 0 0 0 0 0
 0.581667 0.319106 0.0959925 0.00289975 0.000334073
 0.762889 0.0836404 0.116647 0.0363945 0.000428098
 0.88444 0.0763242 0.0277011 0.0115352 0
 0.521256 0.241999 0.230069 0.00667565 0
 0.616807 0.101726 0.260614 0.0208532 0
 0 0 0 0 0
ppred_PELACES
 0.633611 0.231602 0.0852017 0.031344 0.0182415
 0.143979 0.66631 0.11992 0.0441162 0.0256746
 0.399151 0.153546 0.348172 0.0626629 0.0364684
 0.68953 0.178543 0.0337136 0.0764471 0.021766
 0.547675 0.371394 0.0465415 0.00878826 0.0256016
 0.652901 0.246357 0.0827169 0.0103657 0.00765931
 0.382676 0.489731 0.090561 0.0304068 0.00662602
 0.26128 0.4156 0.256335 0.0474014 0.0193837
 0.421521 0.240505 0.190143 0.117277 0.0305551
 0.602733 0.237948 0.0662374 0.0523673 0.0407144
 0.706273 0.222663 0.0425648 0.0118487 0.0166507
 0.619845 0.31519 0.0492468 0.00941415 0.00630327
 0.610855 0.300525 0.0734754 0.0114802 0.00366396
 0.583192 0.318795 0.0756931 0.0185062 0.00381434
 0.650297 0.261028 0.0678228 0.0161035 0.00474864
 0.80094 0.157835 0.0307716 0.00799536 0.00245818
 0.479777 0.464691 0.0440315 0.00858441 0.00291624
 0.77392 0.147586 0.0701146 0.00664366 0.00173527
 0.530346 0.411026 0.0382724 0.0181823 0.00217285
 0.524805 0.332651 0.12475 0.011616 0.00617795
 0.640441 0.249627 0.076956 0.0288598 0.00411648
 0.59632 0.316619 0.0604434 0.0186337 0.00798471
 0.317101 0.513675 0.132727 0.025338 0.0111585
 0.61058 0.188878 0.150847 0.038977 0.0107177
 0.480185 0.395463 0.0603141 0.0481698 0.0158689
 0.360051 0.41711 0.169531 0.025856 0.0274527
 0.615825 0.204402 0.117173 0.047624 0.0149753
 0.545258 0.347775 0.0569124 0.032625 0.0174298
 0.281201 0.509171 0.160318 0.0262356 0.0230743
 0.438214 0.248073 0.222223 0.0699693 0.0215208
 0.780102 0.13473 0.0376082 0.0336893 0.01387
pobs_pel_tallas
 0 0 0 0 0 0 0 0 0 0 0 0 0 0 0 0 0 0 0 0 0 0 0 0 0 0
 0 0 0 0 0 0 0 0 0 0 0 0 0 0 0 0 0 0 0 0 0 0 0 0 0 0
 0 0 0 0 0 0 0 0 0 0 0 0 0 0 0 0 0 0 0 0 0 0 0 0 0 0
 0 0 0 0 0 0 0 0 0 0 0 0 0 0 0 0 0 0 0 0 0 0 0 0 0 0
 0 0 0 0 0 0 0 0 0 0 0 0 0 0 0 0 0 0 0 0 0 0 0 0 0 0
 0 0 0 0 0 0 0 0 0 0 0 0 0 0 0 0 0 0 0 0 0 0 0 0 0 0
 0 0 0 0 0 0 0 0 0 0 0 0 0 0 0 0 0 0 0 0 0 0 0 0 0 0
 0 0 0 0 0 0 0 0 0 0 0 0 0 0 0 0 0 0 0 0 0 0 0 0 0 0
 0 0 0 0 0 0 0 0 0 0 0 0 0 0 0 0 0 0 0 0 0 0 0 0 0 0
 0 0 0 0 0 0 0 0 0 0 0 0 0 0 0 0 0 0 0 0 0 0 0 0 0 0
 0 0 0 0 0 0 0 0 0 0 0 0 0 0 0 0 0 0 0 0 0 0 0 0 0 0
 0 0 0 0 0 0 0 0 0 0 0 0 0 0 0 0 0 0 0 0 0 0 0 0 0 0
 0.00862536 0 0 0.000197151 0.00414017 0.0128641 0.00837892 0.0270097 0.101434 0.158115 0.152841 0.127902 0.109271 0.109419 0.0830992 0.0579132 0.0238553 0.00714673 0.00463305 0.00128148 0.00103504 0.000492878 0.000147863 0.000147863 4.92878e-05 0
 0 0 0 0 0 0 0 0 0 0 0 0 0 0 0 0 0 0 0 0 0 0 0 0 0 0
 0 0 0 0 0 0 0 0.0054083 0.00873648 0.0413646 0.0450493 0.0745869 0.0622846 0.0627006 0.0613931 0.0827291 0.12552 0.122667 0.0946155 0.0697135 0.0546179 0.0294188 0.0215738 0.0213955 0.0102223 0.00600262
 0 0 0 0 0.00359764 0.0251062 0.0480494 0.140153 0.205849 0.193036 0.1447 0.116669 0.0760912 0.0342217 0.00950174 0.001854 0.000860785 0 0 0 0.000165536 0 0.000143464 0 0 0
 0 0 0 0 0 0 0 0.000145254 0.000435761 0.0275982 0.070085 0.0708112 0.156366 0.174668 0.174014 0.160142 0.0824315 0.0480064 0.0283245 0.00493863 0.00203355 0 0 0 0 0
 0 0 0 0 0 0 0 0 0 0 0 0 0 0 0 0 0 0 0 0 0 0 0 0 0 0
 0 0 1.00437e-05 0.000401748 0.00122533 0.00171747 0.00176769 0.0269171 0.070346 0.194647 0.189555 0.159765 0.064822 0.0314167 0.0384472 0.0292271 0.0345202 0.0313363 0.0194345 0.0106764 0.0143323 0.0359363 0.0279516 0.0138201 0.00172751 0
 0 0.0021121 0.0136068 0.0755702 0.200478 0.177729 0.0527432 0.0373336 0.0318909 0.0142505 0.0149659 0.0166563 0.0217959 0.0798694 0.0677717 0.0528807 0.04013 0.0224614 0.0357745 0.0225083 0.00881397 0.00855152 0.00135912 0.000746735 0 0
 0 0 0 0 5.4009e-05 0.00500934 0.000945158 0.0243581 0.138947 0.33067 0.221406 0.137944 0.0707744 0.0437923 0.0131692 0.00525238 0.0047753 0.00276346 9.45158e-05 9.00151e-06 2.25038e-05 9.00151e-06 4.50075e-06 0 0 0
 0.000866109 0.00284123 0.00948549 0.0512746 0.133035 0.25785 0.225252 0.132002 0.0553304 0.0519788 0.0540692 0.017754 0.00435017 0.00159236 0.00146478 0.000404838 0.000125132 0.000115318 0.000107957 0.000100596 0 0 0 0 0 0
 0 0 0 0 0.00144013 0.00171154 0.00461396 0.0210425 0.0478622 0.0707936 0.0888783 0.103762 0.0637923 0.0337046 0.0602308 0.124433 0.169614 0.0934646 0.0462172 0.0250306 0.0313229 0.00938855 0.002487 0.000210481 0 0
 0 0.00764035 0.051015 0.0998891 0.058973 0.0496711 0.0374665 0.0718981 0.12319 0.153886 0.159021 0.0857701 0.0377988 0.023471 0.0147837 0.00900784 0.00315554 0.000888139 0.00291439 0.00214683 0.00393193 0.00274676 0.000635225 9.99891e-05 0 0
 0 0 0 0 0 0 0 0 0 0 0 0 0 0 0 0 0 0 0 0 0 0 0 0 0 0
 0 0 0 0 0 0 0 0 0 0 0 0 0 0 0 0 0 0 0 0 0 0 0 0 0 0
 0 0 0 0 0 0 0 0 0 0 0 0 0 0 0 0 0 0 0 0 0 0 0 0 0 0
 0 0 0 0 0 0 0 0 0 0 0 0 0 0 0 0 0 0 0 0 0 0 0 0 0 0
 0 0 0 0 0 0 0 0 0 0 0 0 0 0 0 0 0 0 0 0 0 0 0 0 0 0
 0 0 0 0 0 0 0 0 0 0 0 0 0 0 0 0 0 0 0 0 0 0 0 0 0 0
 0 0 0 0 0 0 0 0 0 0 0 0 0 0 0 0 0 0 0 0 0 0 0 0 0 0
ppred_pel_tallas
 1.08749e-16 5.21897e-05 0.000507303 0.00337121 0.015325 0.047682 0.101592 0.148282 0.148304 0.101702 0.0480501 0.0163897 0.00604824 0.00636679 0.0112264 0.0185987 0.0270765 0.0346676 0.0393775 0.040305 0.0381479 0.0346342 0.0313549 0.0289339 0.0270382 0.024967
 1.12401e-16 1.18595e-05 0.000115279 0.000766069 0.00348248 0.0108356 0.0230888 0.0337123 0.0337766 0.0234029 0.0118904 0.00652961 0.00841745 0.0168273 0.0317781 0.0525894 0.0759313 0.0958679 0.106354 0.104631 0.0928579 0.0765836 0.06133 0.0499609 0.0423682 0.0368908
 1.22543e-16 3.28776e-05 0.000319582 0.00212373 0.0096542 0.0300379 0.0639994 0.0934122 0.0934276 0.0640746 0.0302918 0.0103944 0.00400766 0.00451807 0.00825903 0.0142633 0.0220936 0.0310385 0.0403226 0.049514 0.0585191 0.0670639 0.0741697 0.0782394 0.0778109 0.0724121
 1.12369e-16 5.67957e-05 0.000552075 0.00366873 0.0166775 0.0518901 0.110558 0.161366 0.161383 0.110642 0.0521733 0.0174963 0.00572636 0.0050527 0.00863174 0.0142571 0.0207275 0.0265135 0.0301396 0.031037 0.0299236 0.0283101 0.0275 0.0278492 0.0287413 0.0291255
 1.06652e-16 4.51113e-05 0.000438498 0.00291398 0.0132465 0.0412151 0.0878144 0.128175 0.128211 0.0879892 0.0418022 0.0149424 0.00717069 0.00973031 0.0176904 0.0291714 0.0420141 0.0528335 0.0582177 0.0566193 0.0492919 0.0394502 0.0303459 0.0237463 0.0196908 0.0172341
 1.04786e-16 5.37787e-05 0.000522748 0.00347384 0.0157916 0.0491337 0.104685 0.152796 0.15282 0.104802 0.0495248 0.0169224 0.00631583 0.00673892 0.0118948 0.0196718 0.0285481 0.036349 0.0408787 0.0411029 0.0377156 0.0325715 0.0274742 0.0232966 0.0199543 0.0169614
 1.0691e-16 3.15206e-05 0.000306391 0.00203608 0.00925575 0.0287983 0.0613597 0.0895661 0.0896134 0.0615905 0.0295736 0.0114954 0.00765977 0.0125894 0.0233782 0.0386493 0.0557921 0.0704143 0.078051 0.0766419 0.0677348 0.0553733 0.0436056 0.0345711 0.0282785 0.0236342
 1.15538e-16 2.15213e-05 0.000209195 0.00139018 0.00631957 0.0196627 0.041895 0.0611555 0.0611959 0.0420925 0.0203266 0.00824121 0.00622931 0.0108246 0.0203336 0.0339779 0.0498719 0.0646594 0.0748786 0.0788712 0.0775984 0.0736157 0.0691181 0.0647107 0.0596764 0.0531243
 1.22481e-16 3.47202e-05 0.000337492 0.00224276 0.0101953 0.0317214 0.0675866 0.0986495 0.098673 0.0677014 0.0321077 0.0113148 0.00506742 0.00655204 0.0119809 0.0201337 0.0299103 0.0395653 0.047355 0.0525568 0.0558243 0.0584676 0.0612505 0.0637242 0.0645611 0.0624862
 1.14115e-16 4.96463e-05 0.00048258 0.00320692 0.0145782 0.0453583 0.0966415 0.141056 0.141079 0.0967539 0.0457361 0.0156705 0.00595279 0.00649033 0.0115004 0.0190453 0.0277038 0.0354438 0.0402592 0.0413155 0.0394674 0.0366392 0.0345533 0.0337968 0.0337894 0.0334304
 1.05292e-16 5.81748e-05 0.00056548 0.00375781 0.0170825 0.0531501 0.113243 0.165286 0.165307 0.113348 0.0535026 0.0181011 0.00631576 0.00615328 0.0106818 0.0175978 0.025419 0.0321277 0.0357124 0.0352632 0.0315113 0.0263131 0.0215044 0.0180189 0.0157833 0.0141972
 1.03513e-16 5.10559e-05 0.000496282 0.00329797 0.0149921 0.0466462 0.0993857 0.145063 0.145093 0.0995342 0.0471447 0.0164323 0.00691332 0.00838983 0.0150459 0.0248024 0.0357455 0.0449963 0.0496503 0.0483642 0.0421437 0.0336397 0.0255433 0.0193339 0.0151041 0.0121912
 1.03969e-16 5.03154e-05 0.000489084 0.00325013 0.0147747 0.0459696 0.0979442 0.142958 0.142987 0.098086 0.0464458 0.0161508 0.00670682 0.00804275 0.0144186 0.0238157 0.0344382 0.0435885 0.0485371 0.0480047 0.0428863 0.0355721 0.0284463 0.0227581 0.0185223 0.0151561
 1.04768e-16 4.80368e-05 0.000466935 0.00310295 0.0141056 0.0438878 0.0935087 0.136485 0.136516 0.0936592 0.044393 0.0155653 0.00676956 0.0084793 0.0152888 0.025262 0.0365324 0.0462468 0.0515185 0.0510036 0.045667 0.0380556 0.0306975 0.024896 0.0206258 0.0172184
 1.04443e-16 5.35641e-05 0.000520662 0.00345999 0.0157286 0.0489377 0.104268 0.152187 0.152212 0.104391 0.0493515 0.0169246 0.00646446 0.00708768 0.0125497 0.0207259 0.0299998 0.0380376 0.0424875 0.0422555 0.0381235 0.0321504 0.0263652 0.0217907 0.018373 0.0155538
 1.02147e-16 6.59724e-05 0.000641275 0.0042615 0.0193722 0.0602741 0.128421 0.187437 0.187452 0.128495 0.060524 0.0200941 0.00607437 0.0046011 0.00759326 0.0124668 0.0179947 0.0227176 0.0251927 0.0247529 0.021891 0.0179029 0.0140872 0.0111333 0.00905127 0.00750191
 1.02744e-16 3.95187e-05 0.000384136 0.00255272 0.0116043 0.0361056 0.0769284 0.112289 0.112333 0.077147 0.0368396 0.0137241 0.00787188 0.01199 0.0220637 0.0363672 0.0522759 0.0655086 0.071723 0.0689107 0.0585972 0.0448224 0.0317561 0.0217954 0.0152333 0.0111373
 1.03022e-16 6.37468e-05 0.000619642 0.00411774 0.0187187 0.0582407 0.124089 0.181114 0.181128 0.124159 0.0584757 0.0193983 0.00582751 0.00436422 0.00721084 0.0119123 0.0173678 0.0222842 0.0253703 0.0260023 0.0245413 0.0219896 0.0192911 0.0168549 0.0145915 0.0122683
 1.03401e-16 4.3684e-05 0.000424624 0.00282178 0.0128274 0.0399111 0.0850362 0.124121 0.124161 0.0852296 0.0405604 0.0147026 0.00752738 0.0106924 0.0195308 0.0321849 0.0462799 0.0580343 0.0636248 0.0612963 0.0524162 0.0405611 0.0293967 0.0209901 0.015525 0.0121009
 1.05896e-16 4.32276e-05 0.000420187 0.0027923 0.0126934 0.039494 0.0841474 0.122822 0.122854 0.0843047 0.0400226 0.0142216 0.00663398 0.00882572 0.0160627 0.0266315 0.038696 0.0493595 0.0556665 0.056207 0.051873 0.0450954 0.0382296 0.032404 0.0275151 0.0229841
 1.05876e-16 5.27523e-05 0.000512771 0.00340755 0.0154902 0.048196 0.102688 0.149881 0.149905 0.102805 0.0485922 0.0166357 0.00628632 0.00680905 0.0120456 0.019923 0.0289134 0.0368227 0.0414441 0.0417595 0.0385093 0.0336019 0.0288634 0.0251282 0.0222143 0.0195138
 1.05046e-16 4.91181e-05 0.000477446 0.0031728 0.0144231 0.0448757 0.0956136 0.139557 0.139588 0.0957629 0.045377 0.0158713 0.00680938 0.00842086 0.0151491 0.0250039 0.0361025 0.0455882 0.0505797 0.0497513 0.0441069 0.0362577 0.0288111 0.0231334 0.0192089 0.0163089
 1.08391e-16 2.61193e-05 0.000253889 0.00168718 0.00766972 0.0238636 0.0508458 0.0742213 0.074271 0.0510882 0.0246779 0.010023 0.0075989 0.0131748 0.0246111 0.0407654 0.0590014 0.0747813 0.0834727 0.082913 0.0746369 0.062703 0.0511248 0.0419492 0.0351078 0.0295319
 1.10125e-16 5.02927e-05 0.000488863 0.00324867 0.014768 0.0459488 0.0978994 0.142891 0.142909 0.0979894 0.0462517 0.0156457 0.00546187 0.00535361 0.00938736 0.0156968 0.0232107 0.0304586 0.0359505 0.0389767 0.0399265 0.0397931 0.0393029 0.038428 0.0366083 0.0333543
 1.09358e-16 3.95523e-05 0.000384462 0.00255489 0.0116142 0.0361362 0.0769934 0.112382 0.11242 0.0771798 0.036762 0.0134221 0.00709428 0.0102985 0.0188822 0.031193 0.0450308 0.0568567 0.0631072 0.0621914 0.0554543 0.0462466 0.037861 0.0319374 0.0282705 0.0256873
 1.12238e-16 2.9657e-05 0.000288277 0.0019157 0.00870852 0.0270957 0.0577317 0.0842695 0.0843099 0.0579291 0.027759 0.0106268 0.00673957 0.0108479 0.0201697 0.0335217 0.0488116 0.0624862 0.0709146 0.0723982 0.0680926 0.0610168 0.0540081 0.0482818 0.0434612 0.0385862
 1.10744e-16 5.07247e-05 0.000493063 0.00327658 0.0148948 0.0463435 0.0987405 0.144119 0.144139 0.0988376 0.0466699 0.0158397 0.00565596 0.00571273 0.0100391 0.0167155 0.0245454 0.0318681 0.0370197 0.0392478 0.0390994 0.0378878 0.0366888 0.0357014 0.0343778 0.0320367
 1.07953e-16 4.49122e-05 0.000436563 0.00290111 0.0131881 0.0410331 0.0874267 0.127609 0.127642 0.0875906 0.0415836 0.0147782 0.00689378 0.00915689 0.0166196 0.0274409 0.039616 0.0500223 0.0555188 0.0546941 0.0487145 0.040513 0.0329843 0.027591 0.0241933 0.0218076
 1.11293e-16 2.31623e-05 0.000225146 0.00149617 0.00680142 0.021162 0.0450897 0.0658201 0.0658693 0.0453303 0.0219702 0.00913751 0.00736705 0.0130645 0.0244755 0.0406046 0.0589084 0.0749572 0.0842238 0.0845964 0.0775604 0.0670162 0.0567492 0.0485769 0.0422698 0.036705
 1.17136e-16 3.60952e-05 0.000350858 0.00233158 0.010599 0.0329776 0.0702632 0.102556 0.10258 0.0703817 0.0333765 0.0117552 0.00524914 0.00677142 0.0123818 0.0208123 0.0309186 0.0408695 0.0487929 0.053815 0.0564399 0.0578658 0.0588392 0.0590564 0.0575285 0.053451
 1.06846e-16 6.4256e-05 0.000624591 0.00415063 0.0188682 0.0587059 0.12508 0.18256 0.182573 0.125143 0.0589199 0.0194866 0.0057053 0.00402598 0.00654687 0.0107833 0.0156782 0.0200478 0.0227463 0.0232888 0.0221428 0.0203806 0.0189669 0.0182396 0.0178986 0.0173724
pSPR Fmed_Fpbrs
0.70313   0.285935 0.285935
Fs Fmed_Fpbrs
0.225389   1.005 1.005
SSBpbr Bo_Bmed_Bpbrs
1.97936e+06  1.29278e+06  467002 467002
Ro
214207
SPR SPRFo_SPRFmed_SPRFpbrs
1.5253e+06 1.07248e+06 436137
Fref
1.005
log_Ro
12.0947
likeval ReclasPelacesDesembMPH_pf_preclas_ppelaces_ptallas_desvR_qrecl_qpela
 21.9091 18.7187 0.876958 0.00323533 239.371 142.206 87.4241 0 23.5817 0 0 4.49125 0 0 0
q_reclas_q_pelaces
1 1
M
1
N
 478894 94343.7 34707.1 12768 7430.7
 63011.4 160949 28967 10656.4 6201.77
 97778.7 20578.5 46662.6 8398.2 4887.55
 212609 32273.3 6094.04 13818.5 3934.4
 181545 64569.9 8091.63 1527.91 4451.05
 303034 63048.1 21169.1 2652.82 1960.19
 129406 99083 18322.4 6151.94 1340.59
 46837.6 38348.6 23652.7 4373.86 1788.59
 51738.3 16638 13154 8113.17 2113.79
 71372.6 16475.8 4586.36 3625.98 2819.11
 132109 21743.2 4156.48 1157.03 1625.95
 149900 46137.4 7208.73 1378.04 922.67
 149823 43804.5 10709.8 1673.35 534.058
 127907 44759.8 10627.5 2598.33 535.545
 151090 34937.6 9077.81 2155.39 635.587
 392992 46862.8 9136.4 2373.9 729.858
 216005 114880 10885.3 2122.21 720.945
 663028 70983.1 33722.3 3195.34 834.595
 466525 212144 19753.6 9384.47 1121.48
 390194 141539 53079.6 4942.47 2628.64
 565934 121995 37609 14104 2011.76
 608535 184378 35198.3 10851.1 4649.78
 220075 190915 49330 9417.24 4147.22
 449978 74535.5 59527.6 15381.2 4229.43
 347288 152419 23246.2 18565.5 6116.17
 194156 118316 48088.6 7334.25 7787.16
 378073 67190.3 38516.8 15654.8 4922.64
 377314 128073 20958.7 12014.6 6418.74
 135040 128758 40540.9 6634.4 5834.98
 154057 46672.8 41809.2 13164.1 4048.96
 582053 52218.2 14576 13057.1 5375.69
pred_Ctot
 26357.5 10009.6 3682.32 1354.65 788.375
 4514.94 21981.6 3956.18 1455.4 847.006
 6409.91 2582.03 5854.88 1053.74 613.254
 23814.4 6701.9 1265.49 2869.57 817.021
 6454.1 4483.58 561.863 106.094 309.07
 21507.6 8533.22 2865.12 359.044 265.3
 16189.5 22773.1 4211.2 1413.95 308.118
 1021.11 1648.04 1016.48 187.968 76.8651
 4446.77 2699.17 2133.97 1316.19 342.919
 7875.38 3374.32 939.304 742.614 577.365
 4249.82 1369.27 261.753 72.8638 102.394
 19855.5 11169.9 1745.24 333.624 223.379
 18100.7 9751.69 2384.19 372.518 118.891
 21329.8 13317.5 3162.04 773.088 159.342
 15193.4 6565.19 1705.83 405.024 119.434
 51987 11332.1 2209.32 574.045 176.491
 14707.6 14945.6 1416.16 276.095 93.7933
 55216.3 11178.4 5310.59 503.201 131.432
 52515.1 44255.6 4120.83 1957.71 233.952
 37523.1 25511.9 9567.41 890.862 473.804
 41333.7 16967.1 5230.7 1961.6 279.797
 57363.1 32619.1 6227.08 1919.71 822.611
 11115.9 18645.9 4817.87 919.745 405.043
 22694.8 7269.25 5805.57 1500.09 412.485
 16329.3 13890.2 2118.46 1691.91 557.377
 7314.76 8693.95 3533.58 538.925 572.205
 19050.2 6546.91 3753.01 1525.38 479.653
 17372.1 11436.3 1871.51 1072.84 573.162
 5190.9 9648.4 3037.91 497.144 437.241
 7708.47 4517.08 4046.37 1274.05 391.865
 16598.2 2922.22 815.699 730.699 300.832
F
 0.0903929 0.180786 0.180786 0.180786 0.180786
 0.119071 0.238142 0.238142 0.238142 0.238142
 0.108467 0.216934 0.216934 0.216934 0.216934
 0.191705 0.383409 0.383409 0.383409 0.383409
 0.057604 0.115208 0.115208 0.115208 0.115208
 0.117887 0.235773 0.235773 0.235773 0.235773
 0.216239 0.432479 0.432479 0.432479 0.432479
 0.0349954 0.0699908 0.0699908 0.0699908 0.0699908
 0.144302 0.288605 0.288605 0.288605 0.288605
 0.188614 0.377227 0.377227 0.377227 0.377227
 0.0520034 0.104007 0.104007 0.104007 0.104007
 0.230234 0.460467 0.460467 0.460467 0.460467
 0.208144 0.416289 0.416289 0.416289 0.416289
 0.297738 0.595476 0.595476 0.595476 0.595476
 0.170648 0.341297 0.341297 0.341297 0.341297
 0.229904 0.459808 0.459808 0.459808 0.459808
 0.112862 0.225724 0.225724 0.225724 0.225724
 0.139552 0.279104 0.279104 0.279104 0.279104
 0.192736 0.385473 0.385473 0.385473 0.385473
 0.162666 0.325332 0.325332 0.325332 0.325332
 0.12149 0.24298 0.24298 0.24298 0.24298
 0.159228 0.318456 0.318456 0.318456 0.318456
 0.0826933 0.165387 0.165387 0.165387 0.165387
 0.0825674 0.165135 0.165135 0.165135 0.165135
 0.0767924 0.153585 0.153585 0.153585 0.153585
 0.0611341 0.122268 0.122268 0.122268 0.122268
 0.0824866 0.164973 0.164973 0.164973 0.164973
 0.0751441 0.150288 0.150288 0.150288 0.150288
 0.0624085 0.124817 0.124817 0.124817 0.124817
 0.0818914 0.163783 0.163783 0.163783 0.163783
 0.0459845 0.0919691 0.0919691 0.0919691 0.0919691
nmprior
 8 9 7.5 0
nm_flota  nm_reclas  nm_pelaces    nm_pelaL
inf 6.26203 9.19149 14.324
cv_recla  cv_pelaces  cv_mph
0.423386 0.5091 1.75535
 ------------------------------------------------
Talla a la edad & desviación 
 8 13.2811 15.8009 17.003 17.5766
 0.8 1.32811 1.58009 1.7003 1.75766
