years
 1991 1992 1993 1994 1995 1996 1997 1998 1999 2000 2001 2002 2003 2004 2005 2006 2007 2008 2009 2010 2011 2012 2013 2014 2015 2016 2017 2018 2019 2020 2021
reclasobs
 0 0 0 0 0 0 0 0 0 252601 567819 844713 477998 351125 339783 2.1784e+06 2.13404e+06 4.81314e+06 1.55562e+06 2.62356e+06 3.21686e+06 3.843e+06 1.13348e+06 3.07943e+06 1.97215e+06 2.03268e+06 2.025e+06 2.42433e+06 2.27542e+06 1.05018e+06 2.36338e+06
reclaspred
 3.04107e+06 1.65912e+06 829691 695509 619081 1.20953e+06 633163 516857 384190 279956 437127 615292 602187 441742 434205 1.4604e+06 1.31388e+06 3.16439e+06 2.61208e+06 1.94107e+06 3.45772e+06 2.79103e+06 2.09004e+06 3.2589e+06 2.38486e+06 2.05927e+06 2.56988e+06 2.86746e+06 2.26942e+06 1.29563e+06 1.61585e+06
pelacesobs
 0 0 0 0 0 0 0 0 0 0 0 0 0 0 0 552880 188675 0 991730 2.46772e+06 1.41603e+06 1.21717e+06 2.29649e+06 1.80582e+06 0 1.4828e+06 1.56532e+06 1.57751e+06 1.42118e+06 867257 0
pelacespred
 1.18076e+06 704855 345429 232656 226260 458854 197176 225779 148097 100611 174470 205732 223663 167456 171061 497214 450470 1.2704e+06 1.06536e+06 728624 1.28841e+06 1.10628e+06 833581 1.43608e+06 1.00498e+06 867965 1.24059e+06 1.36187e+06 888309 578032 673630
mphobs
 0 0 0 0 0 0 0 0 0 0 0 498337 0 5186 125008 0 168611 109162 213762 579715 649985 157893 87575 83554 0 0 0 0 0 0 0
mphpred
 2.27375e+06 1.49438e+06 717589 385959 327165 351487 551132 266650 234912 152157 103804 255385 283492 229586 138997 179640 827131 716221 1.54612e+06 1.15361e+06 1.23886e+06 1.55238e+06 1.45974e+06 1.13163e+06 1.60456e+06 1.28729e+06 1.0333e+06 1.17163e+06 1.72888e+06 1.10482e+06 538875
desembarqueobs
 494567 514787 250237 358949 120608 361735 552515 73892 212993 205616 52469 317467 293654 387597 252695 516296 358380 742168 942051 627588 828172 859565 418607 520667 417249 300574 407403 355545 319650 289779 219260
desembarquepred
 494562 514159 250351 358980 120611 361706 552401 73894.9 213015 205631 52470.7 317490 293658 387517 252646 516183 358384 741998 941654 627337 828169 859454 418583 520665 417220 300551 407374 355507 319620 289765 219261
Reclutas
 164862 96101.2 94749.1 108581 88328 211407 72960.5 28554.7 33903.3 49260.9 91918.8 130682 106300 74325.6 69129 444324 72680.9 659389 381837 296867 431666 567222 100010 336779 271391 119451 293525 336591 77883.3 55382.6 224172
log_desv_Rt
 0.155902 -0.383803 -0.397972 -0.261712 -0.468148 0.404582 -0.659286 -1.59738 -1.42569 -1.05207 -0.428299 -0.0764369 -0.282937 -0.640749 -0.713231 1.14735 -0.663126 1.54211 0.995788 0.744079 1.11845 1.39155 -0.343933 0.870223 0.654354 -0.166295 0.732757 0.869664 -0.593994 -0.934939 0.463208
SSB
 2.27375e+06 1.49438e+06 717589 385959 327165 351487 551132 266650 234912 152157 103804 255385 283492 229586 138997 179640 827131 716221 1.54612e+06 1.15361e+06 1.23886e+06 1.55238e+06 1.45974e+06 1.13163e+06 1.60456e+06 1.28729e+06 1.0333e+06 1.17163e+06 1.72888e+06 1.10482e+06 538875
BT
 3.14538e+06 2.13298e+06 1.04162e+06 836992 619822 1.37008e+06 942334 587452 551488 427564 446898 737582 781207 787866 647842 1.56173e+06 1.31902e+06 3.58923e+06 3.35983e+06 2.24492e+06 3.64218e+06 3.35649e+06 2.28801e+06 3.79921e+06 2.708e+06 2.27041e+06 3.27968e+06 3.49906e+06 2.31471e+06 1.62232e+06 1.74998e+06
Ftot
 0.188724 0.350756 0.347905 0.628058 0.243815 0.407099 0.96409 0.178537 0.686957 0.902785 0.173058 0.661093 0.616972 1.08312 0.788142 0.51998 0.323209 0.330433 0.449551 0.405534 0.310783 0.393946 0.235917 0.216087 0.215995 0.17766 0.213552 0.16984 0.161423 0.258231 0.187771
BD_Bspro_t
 0.970381 0.794914 0.598187 0.490731 0.427746 0.501626 0.524605 0.308022 0.353583 0.302827 0.281988 0.573629 0.462379 0.367182 0.252771 0.308023 0.555255 0.506707 0.628146 0.527663 0.499569 0.552664 0.567612 0.54606 0.659526 0.663386 0.666599 0.718075 0.776242 0.692111 0.609338
BD_Bspro
 2.26365 1.48775 0.714403 0.384246 0.325712 0.349926 0.548685 0.265466 0.233869 0.151482 0.103343 0.254251 0.282234 0.228567 0.13838 0.178842 0.823459 0.713041 1.53926 1.14849 1.23336 1.54549 1.45326 1.12661 1.59743 1.28157 1.02872 1.16643 1.7212 1.09992 0.536483
BD_Bo
 1.37664 0.904775 0.434465 0.233679 0.198082 0.212808 0.333683 0.161443 0.142228 0.0921238 0.0628481 0.154623 0.171641 0.139003 0.0841558 0.108763 0.500787 0.433636 0.936099 0.698454 0.750067 0.93989 0.883803 0.685146 0.971479 0.779389 0.625613 0.709364 1.04675 0.668915 0.326262
BD_Brms
 7.29231 4.79275 2.30144 1.23784 1.04928 1.12728 1.76758 0.855192 0.753406 0.487996 0.332918 0.819063 0.90921 0.736323 0.445788 0.576136 2.65276 2.29705 4.95868 3.69983 3.97324 4.97877 4.68166 3.62934 5.1461 4.12856 3.31398 3.75763 5.54482 3.54336 1.72827
Sel_flota
 0.687972 0.976686 0.998745 0.999934 0.999997
 0.687972 0.976686 0.998745 0.999934 0.999997
 0.687972 0.976686 0.998745 0.999934 0.999997
 0.687972 0.976686 0.998745 0.999934 0.999997
 0.687972 0.976686 0.998745 0.999934 0.999997
 0.687972 0.976686 0.998745 0.999934 0.999997
 0.687972 0.976686 0.998745 0.999934 0.999997
 0.687972 0.976686 0.998745 0.999934 0.999997
 0.687972 0.976686 0.998745 0.999934 0.999997
 0.687972 0.976686 0.998745 0.999934 0.999997
 0.687972 0.976686 0.998745 0.999934 0.999997
 0.687972 0.976686 0.998745 0.999934 0.999997
 0.687972 0.976686 0.998745 0.999934 0.999997
 0.687972 0.976686 0.998745 0.999934 0.999997
 0.687972 0.976686 0.998745 0.999934 0.999997
 0.687972 0.976686 0.998745 0.999934 0.999997
 0.687972 0.976686 0.998745 0.999934 0.999997
 0.687972 0.976686 0.998745 0.999934 0.999997
 0.687972 0.976686 0.998745 0.999934 0.999997
 0.687972 0.976686 0.998745 0.999934 0.999997
 0.687972 0.976686 0.998745 0.999934 0.999997
 0.687972 0.976686 0.998745 0.999934 0.999997
 0.687972 0.976686 0.998745 0.999934 0.999997
 0.687972 0.976686 0.998745 0.999934 0.999997
 0.687972 0.976686 0.998745 0.999934 0.999997
 0.687972 0.976686 0.998745 0.999934 0.999997
 0.687972 0.976686 0.998745 0.999934 0.999997
 0.687972 0.976686 0.998745 0.999934 0.999997
 0.687972 0.976686 0.998745 0.999934 0.999997
 0.687972 0.976686 0.998745 0.999934 0.999997
 0.687972 0.976686 0.998745 0.999934 0.999997
Sel_reclas
 1 1 1 1 1
 1 1 1 1 1
 1 1 1 1 1
 1 1 1 1 1
 1 1 1 1 1
 1 1 1 1 1
 1 1 1 1 1
 1 1 1 1 1
 1 1 1 1 1
 1 1 1 1 1
 1 1 1 1 1
 1 1 1 1 1
 1 1 1 1 1
 1 1 1 1 1
 1 1 1 1 1
 1 1 1 1 1
 1 1 1 1 1
 1 1 1 1 1
 1 1 1 1 1
 1 1 1 1 1
 1 1 1 1 1
 1 1 1 1 1
 1 1 1 1 1
 1 1 1 1 1
 1 1 1 1 1
 1 1 1 1 1
 1 1 1 1 1
 1 1 1 1 1
 1 1 1 1 1
 1 1 1 1 1
 1 1 1 1 1
Sel_pelaces
 1 1 1 1 1
 1 1 1 1 1
 1 1 1 1 1
 1 1 1 1 1
 1 1 1 1 1
 1 1 1 1 1
 1 1 1 1 1
 1 1 1 1 1
 1 1 1 1 1
 1 1 1 1 1
 1 1 1 1 1
 1 1 1 1 1
 1 1 1 1 1
 1 1 1 1 1
 1 1 1 1 1
 1 1 1 1 1
 1 1 1 1 1
 1 1 1 1 1
 1 1 1 1 1
 1 1 1 1 1
 1 1 1 1 1
 1 1 1 1 1
 1 1 1 1 1
 1 1 1 1 1
 1 1 1 1 1
 1 1 1 1 1
 1 1 1 1 1
 1 1 1 1 1
 1 1 1 1 1
 1 1 1 1 1
 1 1 1 1 1
pf_obs 
 0.8446 0.082 0.0669 0.0065 0
 0.8095 0.147 0.0364 0.0071 0
 0.9664 0.0169 0.016 0.0007 0
 0.9276 0.0648 0.0075 0.0001 0
 0.7033 0.2144 0.0806 0.0017 0
 0.9318 0.0425 0.0243 0.0014 0
 0.5671 0.3108 0.0964 0.0239 0.0018
 0.0768 0.2599 0.5324 0.112 0.0189
 0.490249 0.384438 0.106611 0.0170017 0.00170017
 0.7925 0.1577 0.0466 0.003 0.0002
 0.840416 0.127587 0.0312969 0.00059994 9.999e-05
 0.8084 0.0986 0.0794 0.0134 0.0002
 0.7335 0.1905 0.0724 0.0035 0.0001
 0.4001 0.4547 0.1325 0.0127 0
 0.49795 0.308269 0.164784 0.0264974 0.00249975
 0.9179 0.0499 0.0305 0.0017 0
 0.2467 0.6533 0.0926 0.0074 0
 0.9418 0.0223 0.034 0.0019 0
 0.707729 0.231977 0.0356964 0.0245975 0
 0.517169 0.277429 0.184464 0.0207286 0.00020938
 0.811772 0.124168 0.05621 0.00726502 0.000585176
 0.764997 0.148141 0.077277 0.00933861 0.000247198
 0.163321 0.427699 0.378323 0.0303852 0.000271297
 0.753843 0.0900009 0.118128 0.0371064 0.000921714
 0.721811 0.176058 0.0630433 0.0369309 0.00215725
 0.143369 0.312575 0.442814 0.0836902 0.0175525
 0.692698 0.0596174 0.167031 0.0765114 0.00414204
 0.394062 0.376323 0.152708 0.0712218 0.00568511
 0.125707 0.32114 0.495352 0.0537591 0.00404204
 0.23352 0.215282 0.420074 0.123614 0.00750983
 0 0 0 0 0
pf_pred 
 0.440812 0.155346 0.375404 0.0284369 8.69961e-07
 0.414705 0.313509 0.0768128 0.18126 0.0137134
 0.562905 0.225128 0.114962 0.0274434 0.0695621
 0.663065 0.222112 0.0599071 0.0298038 0.0251122
 0.651063 0.263767 0.0567308 0.0148493 0.0135897
 0.805923 0.142011 0.0395959 0.00830959 0.00415998
 0.454523 0.470588 0.0551987 0.0149799 0.00471055
 0.463663 0.312142 0.194348 0.0220098 0.00783637
 0.606573 0.219098 0.102472 0.0623017 0.00955538
 0.777389 0.158544 0.0361806 0.016403 0.0114832
 0.852648 0.12566 0.0156035 0.00344125 0.00264739
 0.746321 0.226544 0.0232214 0.00281592 0.00109737
 0.683548 0.26034 0.0502736 0.00499773 0.000840822
 0.638219 0.279466 0.0680799 0.0127565 0.00147908
 0.754362 0.184914 0.0473054 0.0111022 0.00231682
 0.949178 0.0423296 0.00644473 0.00159596 0.000451927
 0.309936 0.666794 0.0194741 0.00288186 0.000914336
 0.899762 0.0399299 0.0583248 0.00166031 0.000323206
 0.576737 0.393985 0.0118443 0.0168605 0.0005726
 0.588347 0.277078 0.125508 0.00367101 0.00539525
 0.722613 0.18947 0.0596929 0.0263248 0.0018988
 0.721285 0.221385 0.0394793 0.0121251 0.00572508
 0.26565 0.583841 0.12021 0.0208746 0.0094246
 0.728497 0.0936667 0.142097 0.0285525 0.00718721
 0.594152 0.323621 0.0288222 0.0426834 0.0107216
 0.404311 0.404968 0.152842 0.0132885 0.0245904
 0.729642 0.133858 0.093502 0.0344668 0.00853079
 0.674196 0.259865 0.0330508 0.0225379 0.0103508
 0.275296 0.542445 0.146075 0.0181478 0.0180359
 0.356518 0.227417 0.313268 0.0824099 0.0203873
 0.80988 0.0855845 0.0375437 0.0504567 0.0165351
pobs_RECLAS
 0 0 0 0 0
 0 0 0 0 0
 0 0 0 0 0
 0 0 0 0 0
 0 0 0 0 0
 0 0 0 0 0
 0 0 0 0 0
 0 0 0 0 0
 0 0 0 0 0
 0 0 0 0 0
 0.991045 0.00858322 0.000360255 1.14367e-05 0
 0.934742 0.0480273 0.0164251 0.00080598 0
 0.827803 0.169806 0.00239088 0 0
 0.941827 0.0461693 0.0120037 0 0
 0.791401 0.0380133 0.147996 0.0225897 0
 0.846168 0.0940531 0.0597789 0 0
 0.134021 0.677848 0.182769 0.00536245 0
 0.80878 0.0450904 0.141981 0.00414843 0
 0.846168 0.0940531 0.0597789 0 0
 0.905697 0.0802665 0.012482 0.00150086 5.37128e-05
 0.989698 0.0102097 9.19794e-05 0 0
 0.975433 0.0193895 0.00387452 0.00125025 5.28907e-05
 0.303575 0.632131 0.0575291 0.00676475 0
 0.966965 0.00978017 0.0227588 0.000495775 0
 0.843318 0.132988 0.00938335 0.0141283 0.000182051
 0.564624 0.303363 0.111486 0.0197234 0.00080311
 0.826376 0.0876187 0.0782897 0.00655872 0.00115652
 0.89761 0.0855135 0.0140674 0.00269457 0.000114338
 0.34875 0.467042 0.161289 0.0227151 0.000203297
 0.318654 0.224769 0.449479 0.00709798 0
 0.937255 0.0296025 0.0250945 0.00804832 0
ppred_RECLAS
 0.53348 0.131749 0.311224 0.0235467 7.2031e-07
 0.506895 0.267077 0.0639373 0.15069 0.0113999
 0.65143 0.1816 0.0906105 0.0216036 0.0547561
 0.742296 0.17131 0.0451035 0.0224101 0.0188811
 0.728427 0.206447 0.043398 0.0113456 0.0103826
 0.857317 0.105064 0.0286181 0.00599832 0.0030027
 0.55261 0.38733 0.0442847 0.0120016 0.00377374
 0.554567 0.261712 0.15929 0.0180176 0.00641458
 0.694081 0.172242 0.0786186 0.0477372 0.00732108
 0.838152 0.116123 0.0258379 0.0116982 0.0081889
 0.892253 0.0921946 0.0111911 0.00246515 0.00189634
 0.810891 0.169318 0.0169397 0.00205151 0.000799429
 0.758861 0.199226 0.0375566 0.00372873 0.000627283
 0.725278 0.213482 0.0506614 0.00947942 0.00109903
 0.818856 0.137203 0.0342406 0.00802538 0.00167463
 0.964394 0.029774 0.00442682 0.00109486 0.000310012
 0.391833 0.588115 0.0167841 0.00248072 0.000787015
 0.928822 0.0287496 0.0410343 0.00116667 0.000227096
 0.662819 0.314379 0.00923173 0.013125 0.000445709
 0.674329 0.220877 0.0977423 0.00285532 0.00419616
 0.789917 0.144561 0.0445057 0.0196031 0.00141387
 0.788903 0.168488 0.029354 0.00900415 0.00425119
 0.341849 0.52572 0.105797 0.0183494 0.00828399
 0.79551 0.0716168 0.106196 0.0213128 0.00536452
 0.677499 0.258381 0.022493 0.0332699 0.00835653
 0.493745 0.346687 0.127908 0.0111072 0.0205526
 0.795886 0.102243 0.0698083 0.0257016 0.00636093
 0.747794 0.202105 0.0251279 0.0171145 0.00785953
 0.352636 0.487333 0.128292 0.0159193 0.0158201
 0.445771 0.198824 0.267676 0.0703305 0.0173979
 0.860281 0.0637105 0.0273199 0.036672 0.012017
pobs_PELACES
 0 0 0 0 0
 0 0 0 0 0
 0 0 0 0 0
 0 0 0 0 0
 0 0 0 0 0
 0 0 0 0 0
 0 0 0 0 0
 0 0 0 0 0
 0 0 0 0 0
 0 0 0 0 0
 0 0 0 0 0
 0 0 0 0 0
 0 0 0 0 0
 0 0 0 0 0
 0 0 0 0 0
 0 0 0 0 0
 0.505614 0.472636 0.0217494 0 0
 0 0 0 0 0
 0.443492 0.261883 0.143347 0.151278 0
 0.227955 0.32914 0.350689 0.0885471 0.00366901
 0.970185 0.0296113 0.000203453 0 0
 0.997202 0.00247181 0.000326279 0 0
 0.445219 0.490057 0.0546422 0.010081 0
 0.90214 0.0892962 0.00764917 0.000914606 0
 0 0 0 0 0
 0.581667 0.319106 0.0959925 0.00289975 0.000334073
 0.762889 0.0836404 0.116647 0.0363945 0.000428098
 0.88444 0.0763242 0.0277011 0.0115352 0
 0.521256 0.241999 0.230069 0.00667565 0
 0.616807 0.101726 0.260614 0.0208532 0
 0 0 0 0 0
ppred_PELACES
 0.538198 0.130546 0.307958 0.0232979 7.12695e-07
 0.515549 0.262709 0.0627312 0.147827 0.0111833
 0.659198 0.177774 0.0884771 0.0210921 0.0534592
 0.753867 0.163875 0.0429492 0.0213345 0.0179746
 0.733083 0.202995 0.0425968 0.0111351 0.0101899
 0.86209 0.10163 0.0276007 0.00578415 0.00289547
 0.575427 0.367926 0.041772 0.0113164 0.0035582
 0.558897 0.259307 0.157621 0.0178276 0.00634691
 0.70826 0.164626 0.0747673 0.0453865 0.00696047
 0.849726 0.108024 0.0238783 0.0108072 0.00756502
 0.893845 0.0908488 0.0110139 0.00242594 0.00186618
 0.820436 0.160854 0.0160156 0.00193909 0.000755612
 0.769592 0.190509 0.0357524 0.00354875 0.000596996
 0.745691 0.19797 0.0466112 0.00871786 0.00101071
 0.829928 0.128999 0.0320089 0.00749999 0.00156497
 0.966077 0.0283844 0.00420426 0.00103961 0.000294363
 0.399214 0.581023 0.0165427 0.00244474 0.000775594
 0.930968 0.027923 0.0397587 0.00113026 0.000220006
 0.672374 0.30554 0.00894286 0.0127121 0.000431682
 0.682963 0.215227 0.094961 0.00277363 0.00407608
 0.794905 0.141229 0.0433818 0.0191057 0.00137799
 0.795181 0.163573 0.028416 0.0087151 0.00411469
 0.347003 0.521785 0.104825 0.0181792 0.00820708
 0.799004 0.0704656 0.104325 0.0209355 0.00526952
 0.682049 0.254818 0.022148 0.0327568 0.00822762
 0.498079 0.343861 0.126701 0.0110016 0.0203572
 0.799298 0.100613 0.0685889 0.0252505 0.00624926
 0.75088 0.199681 0.0247959 0.0168873 0.00775515
 0.356222 0.484775 0.127469 0.0158161 0.0157175
 0.45216 0.196772 0.264417 0.0694669 0.0171842
 0.862508 0.0627429 0.0268682 0.0360631 0.0118174
pobs_pel_tallas
 0 0 0 0 0 0 0 0 0 0 0 0 0 0 0 0 0 0 0 0 0 0 0 0 0 0
 0 0 0 0 0 0 0 0 0 0 0 0 0 0 0 0 0 0 0 0 0 0 0 0 0 0
 0 0 0 0 0 0 0 0 0 0 0 0 0 0 0 0 0 0 0 0 0 0 0 0 0 0
 0 0 0 0 0 0 0 0 0 0 0 0 0 0 0 0 0 0 0 0 0 0 0 0 0 0
 0 0 0 0 0 0 0 0 0 0 0 0 0 0 0 0 0 0 0 0 0 0 0 0 0 0
 0 0 0 0 0 0 0 0 0 0 0 0 0 0 0 0 0 0 0 0 0 0 0 0 0 0
 0 0 0 0 0 0 0 0 0 0 0 0 0 0 0 0 0 0 0 0 0 0 0 0 0 0
 0 0 0 0 0 0 0 0 0 0 0 0 0 0 0 0 0 0 0 0 0 0 0 0 0 0
 0 0 0 0 0 0 0 0 0 0 0 0 0 0 0 0 0 0 0 0 0 0 0 0 0 0
 0 0 0 0 0 0 0 0 0 0 0 0 0 0 0 0 0 0 0 0 0 0 0 0 0 0
 0 0 0 0 0 0 0 0 0 0 0 0 0 0 0 0 0 0 0 0 0 0 0 0 0 0
 0 0 0 0 0 0 0 0 0 0 0 0 0 0 0 0 0 0 0 0 0 0 0 0 0 0
 0.00862536 0 0 0.000197151 0.00414017 0.0128641 0.00837892 0.0270097 0.101434 0.158115 0.152841 0.127902 0.109271 0.109419 0.0830992 0.0579132 0.0238553 0.00714673 0.00463305 0.00128148 0.00103504 0.000492878 0.000147863 0.000147863 4.92878e-05 0
 0 0 0 0 0 0 0 0 0 0 0 0 0 0 0 0 0 0 0 0 0 0 0 0 0 0
 0 0 0 0 0 0 0 0.0054083 0.00873648 0.0413646 0.0450493 0.0745869 0.0622846 0.0627006 0.0613931 0.0827291 0.12552 0.122667 0.0946155 0.0697135 0.0546179 0.0294188 0.0215738 0.0213955 0.0102223 0.00600262
 0 0 0 0 0.00359764 0.0251062 0.0480494 0.140153 0.205849 0.193036 0.1447 0.116669 0.0760912 0.0342217 0.00950174 0.001854 0.000860785 0 0 0 0.000165536 0 0.000143464 0 0 0
 0 0 0 0 0 0 0 0.000145254 0.000435761 0.0275982 0.070085 0.0708112 0.156366 0.174668 0.174014 0.160142 0.0824315 0.0480064 0.0283245 0.00493863 0.00203355 0 0 0 0 0
 0 0 0 0 0 0 0 0 0 0 0 0 0 0 0 0 0 0 0 0 0 0 0 0 0 0
 0 0 1.00437e-05 0.000401748 0.00122533 0.00171747 0.00176769 0.0269171 0.070346 0.194647 0.189555 0.159765 0.064822 0.0314167 0.0384472 0.0292271 0.0345202 0.0313363 0.0194345 0.0106764 0.0143323 0.0359363 0.0279516 0.0138201 0.00172751 0
 0 0.0021121 0.0136068 0.0755702 0.200478 0.177729 0.0527432 0.0373336 0.0318909 0.0142505 0.0149659 0.0166563 0.0217959 0.0798694 0.0677717 0.0528807 0.04013 0.0224614 0.0357745 0.0225083 0.00881397 0.00855152 0.00135912 0.000746735 0 0
 0 0 0 0 5.4009e-05 0.00500934 0.000945158 0.0243581 0.138947 0.33067 0.221406 0.137944 0.0707744 0.0437923 0.0131692 0.00525238 0.0047753 0.00276346 9.45158e-05 9.00151e-06 2.25038e-05 9.00151e-06 4.50075e-06 0 0 0
 0.000866109 0.00284123 0.00948549 0.0512746 0.133035 0.25785 0.225252 0.132002 0.0553304 0.0519788 0.0540692 0.017754 0.00435017 0.00159236 0.00146478 0.000404838 0.000125132 0.000115318 0.000107957 0.000100596 0 0 0 0 0 0
 0 0 0 0 0.00144013 0.00171154 0.00461396 0.0210425 0.0478622 0.0707936 0.0888783 0.103762 0.0637923 0.0337046 0.0602308 0.124433 0.169614 0.0934646 0.0462172 0.0250306 0.0313229 0.00938855 0.002487 0.000210481 0 0
 0 0.00764035 0.051015 0.0998891 0.058973 0.0496711 0.0374665 0.0718981 0.12319 0.153886 0.159021 0.0857701 0.0377988 0.023471 0.0147837 0.00900784 0.00315554 0.000888139 0.00291439 0.00214683 0.00393193 0.00274676 0.000635225 9.99891e-05 0 0
 0 0 0 0 0 0 0 0 0 0 0 0 0 0 0 0 0 0 0 0 0 0 0 0 0 0
 0 0 0 0 0 0 0 0 0 0 0 0 0 0 0 0 0 0 0 0 0 0 0 0 0 0
 0 0 0 0 0 0 0 0 0 0 0 0 0 0 0 0 0 0 0 0 0 0 0 0 0 0
 0 0 0 0 0 0 0 0 0 0 0 0 0 0 0 0 0 0 0 0 0 0 0 0 0 0
 0 0 0 0 0 0 0 0 0 0 0 0 0 0 0 0 0 0 0 0 0 0 0 0 0 0
 0 0 0 0 0 0 0 0 0 0 0 0 0 0 0 0 0 0 0 0 0 0 0 0 0 0
 0 0 0 0 0 0 0 0 0 0 0 0 0 0 0 0 0 0 0 0 0 0 0 0 0 0
ppred_pel_tallas
 1.11257e-16 4.43307e-05 0.00043091 0.00286355 0.0130173 0.0405017 0.0862936 0.125951 0.125964 0.0863575 0.0407176 0.0136466 0.00446506 0.0039989 0.00703087 0.0121005 0.0186986 0.0261563 0.0337231 0.0408987 0.0474492 0.0530223 0.0567852 0.0575709 0.0545313 0.0477814
 1.18596e-16 4.24651e-05 0.000412776 0.00274304 0.0124695 0.0387974 0.0826628 0.120654 0.12068 0.082787 0.0392147 0.0136763 0.00577749 0.00705493 0.0127124 0.0211022 0.030777 0.0395675 0.0453554 0.0473319 0.0465289 0.0450672 0.0446886 0.0457096 0.0470566 0.0471306
 1.13761e-16 5.42973e-05 0.000527789 0.00350734 0.0159439 0.0496074 0.105695 0.154268 0.154285 0.105779 0.0498909 0.0167642 0.00557228 0.00505484 0.00870947 0.0144658 0.0212003 0.0274518 0.031783 0.0335873 0.0334395 0.0326223 0.0322102 0.0324425 0.0327699 0.0323686
 1.06463e-16 6.20951e-05 0.000603586 0.00401104 0.0182336 0.0567317 0.120873 0.176422 0.176437 0.120951 0.0569916 0.018985 0.00589926 0.0047325 0.00792449 0.0130586 0.0189411 0.0241152 0.0271495 0.0274149 0.0254571 0.0225953 0.0200714 0.0184174 0.0174169 0.0165047
 1.04123e-16 6.03831e-05 0.000586945 0.00390046 0.0177309 0.0551676 0.117541 0.171559 0.171578 0.117637 0.0554891 0.0186599 0.00623357 0.0056843 0.00975353 0.0160618 0.0232098 0.0293542 0.0326587 0.0322832 0.0288737 0.0240942 0.0195928 0.016212 0.013905 0.0121724
 1.01893e-16 7.10092e-05 0.000690235 0.00458685 0.0208512 0.0648758 0.138225 0.201746 0.201755 0.138273 0.065037 0.021317 0.00575706 0.00324832 0.00493961 0.00808083 0.0116972 0.0148426 0.016601 0.0165477 0.014986 0.0127136 0.0105137 0.00877703 0.00747631 0.00639066
 1.03037e-16 4.73973e-05 0.000460718 0.00306164 0.0139178 0.0433036 0.0922641 0.13467 0.134705 0.0924373 0.043885 0.0155971 0.00727611 0.00965837 0.0175079 0.0288493 0.0415076 0.0521 0.0572081 0.0552546 0.0474416 0.0369355 0.0269808 0.0194061 0.0143831 0.0111414
 1.07477e-16 4.60357e-05 0.000447483 0.00297369 0.013518 0.0420595 0.0896132 0.130798 0.130824 0.0897363 0.0424736 0.0147163 0.00599075 0.00706412 0.0127011 0.0211563 0.0310111 0.0401196 0.046285 0.0484345 0.0471397 0.0439953 0.0404163 0.0368764 0.0330598 0.0285441
 1.0793e-16 5.83385e-05 0.000567071 0.00376839 0.0171305 0.0532996 0.113561 0.165749 0.165765 0.113639 0.0535619 0.0178895 0.00567814 0.00475211 0.00805419 0.0133496 0.0195271 0.0252035 0.0290135 0.0303527 0.0297067 0.0282229 0.0268796 0.0259283 0.0249596 0.0233831
 1.03081e-16 6.99908e-05 0.000680335 0.00452107 0.0205521 0.0639453 0.136243 0.198852 0.198863 0.136294 0.0641165 0.0210468 0.00576364 0.00339588 0.00523634 0.00857025 0.0123977 0.0157183 0.0175671 0.0175123 0.0159079 0.0136378 0.0115585 0.0100776 0.00911642 0.00835646
 1.00901e-16 7.36249e-05 0.00071566 0.00475581 0.0216192 0.0672655 0.143317 0.209177 0.209185 0.143359 0.0674091 0.022034 0.00579672 0.00298753 0.00438703 0.00713273 0.01026 0.0128857 0.0141642 0.0137072 0.0118119 0.00925835 0.00684392 0.00501507 0.00380876 0.00302996
 1.00826e-16 6.75783e-05 0.000656885 0.00436523 0.0198437 0.0617412 0.131547 0.192 0.192015 0.131623 0.0619954 0.0205775 0.00620663 0.00467473 0.00769239 0.0125947 0.0181 0.022683 0.0248362 0.0238613 0.0202825 0.0154935 0.0109355 0.00744004 0.00511595 0.0036517
 1.01538e-16 6.33904e-05 0.000616177 0.00409471 0.018614 0.0579151 0.123395 0.180102 0.180121 0.123485 0.0582166 0.019485 0.00628168 0.00539221 0.00913926 0.0150222 0.0216644 0.0273041 0.0301834 0.0294788 0.0257726 0.020631 0.0156465 0.0117001 0.00886891 0.00680715
 1.02442e-16 6.14216e-05 0.00059704 0.00396754 0.0180359 0.0561164 0.119563 0.174509 0.174528 0.119656 0.0564301 0.0189422 0.00624401 0.00557125 0.00952195 0.0156799 0.0226635 0.0286701 0.0318969 0.0315004 0.0280728 0.0231949 0.0184465 0.0146586 0.0118463 0.00962626
 1.01974e-16 6.83601e-05 0.000664484 0.00441573 0.0200733 0.0624555 0.133068 0.19422 0.194232 0.133129 0.0626599 0.0206641 0.0058999 0.00390806 0.00623915 0.0102342 0.0148012 0.018749 0.0209087 0.0207364 0.0186194 0.0155815 0.0126364 0.0103034 0.00856828 0.00716283
 1.00283e-16 7.95745e-05 0.000773493 0.00514013 0.0233663 0.0727012 0.154898 0.226078 0.226081 0.154911 0.0727461 0.023496 0.00546563 0.00148412 0.00142934 0.00223745 0.00321631 0.0040463 0.00446088 0.00433861 0.00377024 0.00299516 0.00225676 0.00168939 0.00130234 0.00103649
 1.01003e-16 3.28828e-05 0.000319633 0.00212408 0.00965578 0.030043 0.0640119 0.0934389 0.0934948 0.0642849 0.0309595 0.0123016 0.0087602 0.0147888 0.0274606 0.0452098 0.0648036 0.0808183 0.087749 0.0830577 0.0687214 0.0499796 0.0323211 0.019023 0.0106338 0.00600615
 1.01306e-16 7.66826e-05 0.000745382 0.00495333 0.0225171 0.0700591 0.149268 0.217862 0.217865 0.149282 0.0701044 0.0226487 0.00528623 0.00148084 0.00149893 0.00242282 0.00363604 0.00488982 0.00597444 0.00677311 0.00729138 0.00758543 0.00765928 0.00743653 0.00683215 0.00585093
 1.01685e-16 5.53826e-05 0.000538339 0.00357745 0.0162626 0.0505991 0.107808 0.157355 0.157384 0.107951 0.0510812 0.0176543 0.00706831 0.00815065 0.0144884 0.0238019 0.0341366 0.0426257 0.0463935 0.0441296 0.0368919 0.0274352 0.018615 0.0120902 0.00806232 0.00584386
 1.03764e-16 5.62548e-05 0.000546816 0.00363379 0.0165187 0.0513959 0.109505 0.15983 0.159851 0.109607 0.0517383 0.0175089 0.00612401 0.00599844 0.0104549 0.0173117 0.0252026 0.0322501 0.0365527 0.0371891 0.0346954 0.0305727 0.0262628 0.0224386 0.0190307 0.0157242
 1.03438e-16 6.54753e-05 0.000636443 0.00422939 0.0192262 0.0598199 0.127453 0.186025 0.186038 0.12752 0.0600441 0.0198743 0.00585824 0.0041991 0.00685192 0.0112777 0.0163666 0.0208511 0.0234841 0.0236931 0.0218994 0.0191821 0.0165683 0.0145185 0.0129154 0.0114027
 1.02433e-16 6.54981e-05 0.000636664 0.00423086 0.0192329 0.0598407 0.127498 0.18609 0.186106 0.127575 0.0600996 0.0199807 0.00610852 0.0047373 0.00785835 0.0129011 0.0186099 0.0234707 0.0259865 0.0254703 0.0224457 0.0182759 0.0143286 0.0113314 0.00929038 0.00783095
 1.06371e-16 2.85823e-05 0.00027783 0.00184628 0.00839297 0.0261139 0.0556403 0.0812192 0.0812695 0.0558863 0.02694 0.0107797 0.00783978 0.0133694 0.0249147 0.0412029 0.0594892 0.0750951 0.0832514 0.0817364 0.072159 0.0587866 0.0459137 0.0358459 0.0286702 0.023331
 1.0602e-16 6.58129e-05 0.000639725 0.0042512 0.0193253 0.0601283 0.12811 0.186982 0.186989 0.128144 0.060243 0.0196584 0.00509467 0.00250572 0.00368223 0.00617321 0.00933072 0.0126651 0.0157023 0.0181972 0.0201958 0.0218298 0.0230365 0.0234856 0.0227852 0.0207795
 1.05382e-16 5.61796e-05 0.000546085 0.00362893 0.0164966 0.0513272 0.109359 0.159618 0.159642 0.109479 0.0517299 0.0176597 0.00654801 0.00691733 0.0121536 0.0199984 0.0287965 0.0362131 0.0399255 0.0389064 0.0340596 0.0276245 0.021829 0.017824 0.0155213 0.0141404
 1.08293e-16 4.10262e-05 0.000398789 0.0026501 0.012047 0.0374828 0.0798623 0.116568 0.116602 0.0800249 0.0380291 0.0136266 0.00662111 0.00908735 0.0166003 0.0275307 0.0400098 0.0510554 0.057631 0.0583086 0.0540487 0.0474011 0.0408174 0.0354396 0.0310841 0.0270324
 1.05595e-16 6.58372e-05 0.000639961 0.00425276 0.0193325 0.0601505 0.128157 0.187051 0.187061 0.128205 0.0603115 0.0197988 0.00542797 0.00322071 0.00501225 0.00830091 0.0122318 0.0159757 0.0187286 0.0201221 0.0203999 0.0201517 0.0198304 0.0194637 0.0187468 0.0173603
 1.03773e-16 6.18491e-05 0.000601195 0.00399515 0.0181614 0.0565069 0.120395 0.175724 0.175743 0.120489 0.0568227 0.0190734 0.00628451 0.00559917 0.00955505 0.0157025 0.0226259 0.0284846 0.0314541 0.0307145 0.0269451 0.0218654 0.0171943 0.0138347 0.0117556 0.0104119
 1.08049e-16 2.93417e-05 0.000285211 0.00189533 0.00861594 0.0268076 0.0571182 0.0833755 0.0834223 0.057347 0.0275762 0.0108369 0.00747476 0.01248 0.0232331 0.0384762 0.0556885 0.0705828 0.0787838 0.0782455 0.0704105 0.0591069 0.0481287 0.0394229 0.032947 0.0277099
 1.17556e-16 3.72439e-05 0.000362024 0.00240577 0.0109363 0.034027 0.0724989 0.105818 0.105838 0.0725937 0.0343464 0.0118637 0.0047527 0.00554881 0.0100746 0.0170864 0.02576 0.0348135 0.0429174 0.0494145 0.0545207 0.0587443 0.0620597 0.0636336 0.0623435 0.0576032
 1.06408e-16 7.10437e-05 0.00069057 0.00458908 0.0208613 0.0649073 0.138292 0.201843 0.201849 0.138322 0.0650074 0.021151 0.0053186 0.00229082 0.00313357 0.00513153 0.00754084 0.00982687 0.0115142 0.0124328 0.0128252 0.0131548 0.0137571 0.0146057 0.0153482 0.0155371
pSPR Fmed_Fpbrs
0.5586   0.23878 0.23878
Fs Fmed_Fpbrs
0.348369   1.005 1.005
SSBpbr Bo_Bmed_Bpbrs
1.65166e+06  840037  311801 311801
Ro
141063
SPR SPRFo_SPRFmed_SPRFpbrs
1.00446e+06 561092 239845
Fref
1.005
log_Ro
11.677
likeval ReclasPelacesDesembMPH_pf_preclas_ppelaces_ptallas_desvR_qrecl_qpela
 11.5062 22.8183 0.0117706 0.0022814 228.871 119.7 83.1781 0 29.2065 9.50259e-07 0 0.0484038 0 0 0
q_reclas_q_pelaces
1.14813 1
M
1
N
 164862 41839 99039.9 7494.04 0.229249
 96101.2 53264.5 12800.8 30175.7 2282.86
 94749.1 27773.7 13911.2 3317.42 8408.38
 108581 27436.7 7273.93 3615.47 3046.2
 88328 25930.2 5465.57 1429.07 1307.79
 211407 27476.2 7517.82 1576.11 788.996
 72960.5 58774.9 6791.77 1841.7 579.113
 28554.7 13827.4 8432.57 953.926 339.617
 33903.3 9290.51 4272.83 2595.53 398.064
 49260.9 7774.95 1747.27 791.506 554.081
 91918.8 9738.04 1184.32 260.905 200.705
 130682 30019.5 3025.32 366.531 142.832
 106300 30506.9 5790.2 575.079 96.7472
 74325.6 25579.9 6143.33 1150.24 133.362
 69129 12978.6 3267.23 766.139 159.872
 444324 14787.1 2211.2 547.053 154.901
 72680.9 114300 3273.62 483.941 153.533
 659389 21407 30665.8 872.052 169.749
 381837 193250 5702.99 8110.27 275.418
 296867 103101 45828.9 1339.11 1967.97
 431666 82622.9 25524.4 11244.6 811.025
 567222 128232 22437.9 6884.28 3250.37
 100010 159131 32107.2 5569.46 2514.4
 336779 31279.6 46493.4 9332.1 2348.94
 271391 106779 9317.73 13783.8 3462.16
 119451 86052.7 31810.8 2762.66 5112.02
 293525 38887.9 26614.1 9799.88 2425.4
 336591 93227.6 11612.8 7910.24 3632.66
 77883.3 110170 29054.2 3605.59 3583.14
 55382.6 25640.1 34617.7 9096.99 2250.37
 224172 17057.8 7329.78 9840.01 3224.47
pred_Ctot
 12824.4 4519.4 10921.5 827.303 0.0253094
 13282.8 10041.6 2460.28 5805.67 439.236
 12999.7 5199.09 2654.93 633.776 1606.46
 24937.1 8353.37 2253.04 1120.89 944.441
 8740.96 3541.26 761.649 199.361 182.452
 33395.1 5884.54 1640.74 344.326 172.378
 23580.7 24414.2 2863.72 777.16 244.384
 2107.34 1418.69 883.312 100.034 35.6162
 8385.44 3028.87 1416.6 861.278 132.096
 15142.4 3088.21 704.746 319.507 223.676
 6585.59 970.557 120.517 26.5792 20.4477
 31317.4 9506.32 974.426 118.163 46.0485
 24053 9160.94 1769.05 175.862 29.5872
 26194.2 11470.1 2794.19 523.56 60.7054
 19105.7 4683.32 1198.11 281.186 58.6782
 86954.1 3877.81 590.401 146.205 41.401
 9327.22 20066.5 586.055 86.7268 27.5161
 86339.3 3831.59 5596.73 159.32 31.0141
 65843 44979.2 1352.21 1924.88 65.3707
 46734.4 22009.2 9969.56 291.6 428.563
 53449.3 14014.5 4415.29 1947.16 140.448
 87018.4 26708.7 4762.92 1462.81 690.693
 9597.53 21093.3 4342.99 754.167 340.496
 29767 3827.29 5806.18 1166.68 293.675
 23977.9 13060.2 1163.16 1722.55 432.687
 8774.41 8788.66 3317 288.388 533.663
 25657.7 4707.09 3287.97 1212.02 299.983
 23688.3 9130.52 1161.26 791.887 363.683
 5221.92 10289.3 2770.8 344.235 342.111
 5781.5 3687.92 5080.13 1336.41 330.613
 17354.6 1833.95 804.506 1081.21 354.323
F
 0.129837 0.184324 0.188487 0.188711 0.188723
 0.24131 0.342578 0.350316 0.350733 0.350755
 0.239349 0.339794 0.347469 0.347882 0.347904
 0.432086 0.613415 0.62727 0.628017 0.628056
 0.167738 0.23813 0.243509 0.243799 0.243814
 0.280073 0.397608 0.406588 0.407072 0.407098
 0.663267 0.941613 0.96288 0.964026 0.964086
 0.122828 0.174374 0.178313 0.178525 0.178536
 0.472607 0.670941 0.686095 0.686911 0.686954
 0.621091 0.881737 0.901652 0.902725 0.902782
 0.119059 0.169023 0.172841 0.173046 0.173057
 0.454814 0.64568 0.660264 0.661049 0.661091
 0.424459 0.602587 0.616197 0.616931 0.616969
 0.745154 1.05786 1.08176 1.08305 1.08311
 0.54222 0.769767 0.787153 0.78809 0.788139
 0.357732 0.507857 0.519327 0.519945 0.519978
 0.222359 0.315674 0.322804 0.323188 0.323208
 0.227329 0.322729 0.330018 0.330411 0.330432
 0.309279 0.43907 0.448987 0.449522 0.44955
 0.278996 0.396079 0.405025 0.405507 0.405532
 0.21381 0.303538 0.310393 0.310763 0.310782
 0.271024 0.384761 0.393452 0.39392 0.393945
 0.162304 0.230417 0.235621 0.235901 0.235916
 0.148662 0.211049 0.215816 0.216073 0.216086
 0.148599 0.210959 0.215724 0.215981 0.215994
 0.122225 0.173518 0.177437 0.177648 0.177659
 0.146918 0.208573 0.213284 0.213538 0.213552
 0.116845 0.16588 0.169627 0.169829 0.169839
 0.111054 0.157659 0.16122 0.161412 0.161422
 0.177656 0.252211 0.257907 0.258214 0.25823
 0.129181 0.183393 0.187535 0.187758 0.18777
nmprior
 8 9 7.5 0
nm_flota  nm_reclas  nm_pelaces    nm_pelaL
inf 14.9546 13.5741 22.8693
cv_recla  cv_pelaces  cv_mph
0.306825 0.56209 1.47403
 ------------------------------------------------
Talla a la edad & desviación 
 8 13.2811 15.8009 17.003 17.5766
 0.8 1.32811 1.58009 1.7003 1.75766
