years
 1991 1992 1993 1994 1995 1996 1997 1998 1999 2000 2001 2002 2003 2004 2005 2006 2007 2008 2009 2010 2011 2012 2013 2014 2015 2016 2017 2018 2019 2020 2021
reclasobs
 0 0 0 0 0 0 0 0 0 252601 567819 844713 477998 351125 339783 2.1784e+06 2.13404e+06 4.81314e+06 1.55562e+06 2.62356e+06 3.21686e+06 3.843e+06 1.13348e+06 3.07943e+06 1.97215e+06 2.03268e+06 2.025e+06 2.42433e+06 2.27542e+06 1.05018e+06 2.36338e+06
reclaspred
 3.40951e+06 1.95568e+06 992404 979479 972369 1.46004e+06 1.00359e+06 906353 666268 497536 510510 628927 629098 521265 535204 1.25045e+06 1.26543e+06 2.60417e+06 2.20058e+06 1.71099e+06 3.03286e+06 2.45364e+06 2.00344e+06 3.01821e+06 2.28974e+06 2.03029e+06 2.37184e+06 2.49037e+06 2.08048e+06 1.34632e+06 2.01001e+06
pelacesobs
 0 0 0 0 0 0 0 0 0 0 0 0 0 0 0 552880 188675 0 991730 2.46772e+06 1.41603e+06 1.21717e+06 2.29649e+06 1.80582e+06 0 1.4828e+06 1.56532e+06 1.57751e+06 1.42118e+06 867257 0
pelacespred
 1.94124e+06 1.25515e+06 649860 521146 523168 810126 542513 568104 418190 300525 311019 324319 353394 317317 329351 631208 635425 1.4789e+06 1.31684e+06 956177 1.59461e+06 1.44411e+06 1.15348e+06 1.87707e+06 1.38897e+06 1.22002e+06 1.61645e+06 1.67861e+06 1.15484e+06 855449 1.18345e+06
mphobs
 0 0 0 0 0 0 0 0 0 0 0 498337 0 5186 125008 0 168611 109162 213762 579715 649985 157893 87575 83554 0 0 0 0 0 0 0
mphpred
 507608 341063 175314 94653.6 104709 114887 149456 103783 89790.7 64561.3 43666.2 58959.7 63972.4 56391.1 42255.2 52401.5 145363 143549 256979 204038 226235 276202 261855 220016 298264 247263 204603 215674 295536 205876 116838
desembarqueobs
 494567 514787 250237 358949 120608 361735 552515 73892 212993 205616 52469 317467 293654 387597 252695 516296 358380 742168 942051 627588 828172 859565 418607 520667 417249 300574 407403 355545 319650 289779 219260
desembarquepred
 494573 513174 251065 358967 120611 361746 552560 73894.8 213027 205649 52470.9 317526 293705 387654 252700 516284 358400 742113 941947 627520 828226 859597 418618 520685 417252 300577 407405 355538 319648 289787 219261
Reclutas
 255499 150459 146221 272434 217396 355991 151017 72862.3 66084.6 85116.3 154671 191927 161435 115042 120823 616895 140941 918273 549702 434575 640701 853609 186643 553910 466859 211485 470533 526262 152034 116343 545575
log_desv_Rt
 0.0397033 -0.489822 -0.518395 0.103883 -0.121793 0.371391 -0.486124 -1.21494 -1.31258 -1.0595 -0.462216 -0.2464 -0.419413 -0.758218 -0.709187 0.921184 -0.555174 1.31898 0.805861 0.570855 0.959049 1.24596 -0.274319 0.813487 0.642513 -0.14936 0.650352 0.762284 -0.47941 -0.746974 0.798325
SSB
 5.24044e+06 3.52106e+06 1.8099e+06 977183 1.081e+06 1.18607e+06 1.54296e+06 1.07143e+06 926980 666517 450801 608687 660437 582170 436234 540981 1.5007e+06 1.48197e+06 2.653e+06 2.10644e+06 2.33561e+06 2.85145e+06 2.70334e+06 2.2714e+06 3.07921e+06 2.55269e+06 2.11228e+06 2.22657e+06 3.05106e+06 2.12542e+06 1.20621e+06
BT
 6.8435e+06 4.66597e+06 2.40645e+06 2.03046e+06 1.82657e+06 2.99061e+06 2.29387e+06 1.94437e+06 1.59568e+06 1.19492e+06 1.07551e+06 1.34288e+06 1.43825e+06 1.45529e+06 1.34438e+06 2.51084e+06 2.38457e+06 5.55133e+06 5.2707e+06 3.72938e+06 5.95024e+06 5.58959e+06 4.18469e+06 6.69716e+06 4.98138e+06 4.30522e+06 5.76563e+06 5.91107e+06 4.08617e+06 3.1131e+06 4.1036e+06
Ftot
 0.0813704 0.145958 0.141279 0.209978 0.0711072 0.143746 0.305001 0.0466343 0.18147 0.233193 0.0604835 0.28737 0.265459 0.418802 0.273938 0.244321 0.159866 0.16774 0.243105 0.209085 0.1575 0.200986 0.117899 0.101166 0.104088 0.0843318 0.10045 0.0839704 0.0860293 0.121165 0.0649708
BD_Bspro_t
 0.987065 0.901881 0.792193 0.723161 0.715949 0.769623 0.759756 0.640302 0.686905 0.658593 0.633667 0.771985 0.675127 0.601511 0.515938 0.569808 0.697235 0.683591 0.746573 0.672123 0.653766 0.694765 0.707845 0.70612 0.787502 0.794476 0.801069 0.827587 0.859248 0.811988 0.77427
BD_Bspro
 2.9971 2.01376 1.03512 0.558869 0.618241 0.678334 0.882444 0.612771 0.530157 0.381193 0.257821 0.348119 0.377716 0.332953 0.24949 0.309397 0.858275 0.847566 1.5173 1.20471 1.33577 1.6308 1.54609 1.29905 1.76106 1.45993 1.20805 1.27342 1.74495 1.21556 0.689852
BD_Bo
 2.04484 1.37393 0.706231 0.3813 0.421809 0.462808 0.602067 0.418076 0.361711 0.260077 0.175904 0.237512 0.257705 0.227165 0.17022 0.211093 0.585577 0.57827 1.03521 0.82194 0.911361 1.11265 1.05485 0.886306 1.20152 0.99607 0.82422 0.868815 1.19053 0.829345 0.470667
BD_Brms
 3.71789 2.49805 1.28406 0.693273 0.766925 0.84147 1.09467 0.760139 0.657656 0.472868 0.319825 0.43184 0.468554 0.413027 0.309491 0.383805 1.06469 1.0514 1.8822 1.49444 1.65702 2.02299 1.91791 1.61147 2.18458 1.81104 1.49858 1.57966 2.1646 1.5079 0.855757
Sel_flota
 0.899295 1 1 1 1
 0.899295 1 1 1 1
 0.899295 1 1 1 1
 0.899295 1 1 1 1
 0.899295 1 1 1 1
 0.899295 1 1 1 1
 0.899295 1 1 1 1
 0.899295 1 1 1 1
 0.899295 1 1 1 1
 0.899295 1 1 1 1
 0.899295 1 1 1 1
 0.899295 1 1 1 1
 0.899295 1 1 1 1
 0.899295 1 1 1 1
 0.899295 1 1 1 1
 0.899295 1 1 1 1
 0.899295 1 1 1 1
 0.899295 1 1 1 1
 0.899295 1 1 1 1
 0.899295 1 1 1 1
 0.899295 1 1 1 1
 0.899295 1 1 1 1
 0.899295 1 1 1 1
 0.899295 1 1 1 1
 0.899295 1 1 1 1
 0.899295 1 1 1 1
 0.899295 1 1 1 1
 0.899295 1 1 1 1
 0.899295 1 1 1 1
 0.899295 1 1 1 1
 0.899295 1 1 1 1
Sel_reclas
 1 1 1 1 1
 1 1 1 1 1
 1 1 1 1 1
 1 1 1 1 1
 1 1 1 1 1
 1 1 1 1 1
 1 1 1 1 1
 1 1 1 1 1
 1 1 1 1 1
 1 1 1 1 1
 1 1 1 1 1
 1 1 1 1 1
 1 1 1 1 1
 1 1 1 1 1
 1 1 1 1 1
 1 1 1 1 1
 1 1 1 1 1
 1 1 1 1 1
 1 1 1 1 1
 1 1 1 1 1
 1 1 1 1 1
 1 1 1 1 1
 1 1 1 1 1
 1 1 1 1 1
 1 1 1 1 1
 1 1 1 1 1
 1 1 1 1 1
 1 1 1 1 1
 1 1 1 1 1
 1 1 1 1 1
 1 1 1 1 1
Sel_pelaces
 1 1 1 1 1
 1 1 1 1 1
 1 1 1 1 1
 1 1 1 1 1
 1 1 1 1 1
 1 1 1 1 1
 1 1 1 1 1
 1 1 1 1 1
 1 1 1 1 1
 1 1 1 1 1
 1 1 1 1 1
 1 1 1 1 1
 1 1 1 1 1
 1 1 1 1 1
 1 1 1 1 1
 1 1 1 1 1
 1 1 1 1 1
 1 1 1 1 1
 1 1 1 1 1
 1 1 1 1 1
 1 1 1 1 1
 1 1 1 1 1
 1 1 1 1 1
 1 1 1 1 1
 1 1 1 1 1
 1 1 1 1 1
 1 1 1 1 1
 1 1 1 1 1
 1 1 1 1 1
 1 1 1 1 1
 1 1 1 1 1
pf_obs 
 0.8446 0.082 0.0669 0.0065 0
 0.8095 0.147 0.0364 0.0071 0
 0.9664 0.0169 0.016 0.0007 0
 0.9276 0.0648 0.0075 0.0001 0
 0.7033 0.2144 0.0806 0.0017 0
 0.9318 0.0425 0.0243 0.0014 0
 0.5671 0.3108 0.0964 0.0239 0.0018
 0.0768 0.2599 0.5324 0.112 0.0189
 0.490249 0.384438 0.106611 0.0170017 0.00170017
 0.7925 0.1577 0.0466 0.003 0.0002
 0.840416 0.127587 0.0312969 0.00059994 9.999e-05
 0.8084 0.0986 0.0794 0.0134 0.0002
 0.7335 0.1905 0.0724 0.0035 0.0001
 0.4001 0.4547 0.1325 0.0127 0
 0.49795 0.308269 0.164784 0.0264974 0.00249975
 0.9179 0.0499 0.0305 0.0017 0
 0.2467 0.6533 0.0926 0.0074 0
 0.9418 0.0223 0.034 0.0019 0
 0.707729 0.231977 0.0356964 0.0245975 0
 0.517169 0.277429 0.184464 0.0207286 0.00020938
 0.811772 0.124168 0.05621 0.00726502 0.000585176
 0.764997 0.148141 0.077277 0.00933861 0.000247198
 0.163321 0.427699 0.378323 0.0303852 0.000271297
 0.753843 0.0900009 0.118128 0.0371064 0.000921714
 0.721811 0.176058 0.0630433 0.0369309 0.00215725
 0.143369 0.312575 0.442814 0.0836902 0.0175525
 0.692698 0.0596174 0.167031 0.0765114 0.00414204
 0.394062 0.376323 0.152708 0.0712218 0.00568511
 0.125707 0.32114 0.495352 0.0537591 0.00404204
 0.23352 0.215282 0.420074 0.123614 0.00750983
 0 0 0 0 0
pf_pred 
 0.419586 0.109648 0.446841 0.023924 7.26265e-07
 0.410451 0.263424 0.0616094 0.251072 0.0134429
 0.54437 0.199795 0.114313 0.0267354 0.114786
 0.749162 0.143633 0.0470094 0.0268966 0.0332985
 0.645579 0.273194 0.0465118 0.0152228 0.0194926
 0.742118 0.172885 0.065517 0.0111544 0.0083254
 0.476981 0.399303 0.0829397 0.0314311 0.00934523
 0.44134 0.283879 0.209784 0.0435744 0.0214228
 0.521731 0.22399 0.12921 0.0954849 0.0295841
 0.673312 0.179948 0.0687234 0.0396435 0.038373
 0.793397 0.144454 0.0342333 0.0130739 0.0148419
 0.724285 0.223551 0.0364725 0.00864341 0.00704834
 0.668173 0.248297 0.0677265 0.0110496 0.00475394
 0.609646 0.271177 0.089177 0.0243242 0.00567592
 0.707873 0.187126 0.0729435 0.0239876 0.00806969
 0.921958 0.0571731 0.0133677 0.00521085 0.00229007
 0.394467 0.563283 0.0309526 0.00723704 0.00406087
 0.886639 0.0478854 0.0609073 0.00334687 0.00122163
 0.606726 0.353082 0.0169775 0.0215943 0.00161974
 0.606366 0.250019 0.128937 0.00619978 0.00847723
 0.735229 0.167949 0.061497 0.0317146 0.00361009
 0.741218 0.195925 0.039871 0.0145994 0.00838606
 0.329379 0.511847 0.12021 0.0244628 0.0141027
 0.741883 0.0915899 0.127101 0.0298502 0.00957649
 0.633523 0.279538 0.0308494 0.0428101 0.0132797
 0.4458 0.365324 0.14407 0.0158993 0.0289079
 0.736088 0.124935 0.0916122 0.0361284 0.0112363
 0.694573 0.231295 0.0350939 0.0257337 0.0133046
 0.354214 0.463431 0.138094 0.0209528 0.0233078
 0.435659 0.214479 0.251069 0.0748141 0.0239786
 0.855982 0.0667817 0.0293539 0.0343616 0.0135209
pobs_RECLAS
 0 0 0 0 0
 0 0 0 0 0
 0 0 0 0 0
 0 0 0 0 0
 0 0 0 0 0
 0 0 0 0 0
 0 0 0 0 0
 0 0 0 0 0
 0 0 0 0 0
 0 0 0 0 0
 0.991045 0.00858322 0.000360255 1.14367e-05 0
 0.934742 0.0480273 0.0164251 0.00080598 0
 0.827803 0.169806 0.00239088 0 0
 0.941827 0.0461693 0.0120037 0 0
 0.791401 0.0380133 0.147996 0.0225897 0
 0.846168 0.0940531 0.0597789 0 0
 0.134021 0.677848 0.182769 0.00536245 0
 0.80878 0.0450904 0.141981 0.00414843 0
 0.846168 0.0940531 0.0597789 0 0
 0.905697 0.0802665 0.012482 0.00150086 5.37128e-05
 0.989698 0.0102097 9.19794e-05 0 0
 0.975433 0.0193895 0.00387452 0.00125025 5.28907e-05
 0.303575 0.632131 0.0575291 0.00676475 0
 0.966965 0.00978017 0.0227588 0.000495775 0
 0.843318 0.132988 0.00938335 0.0141283 0.000182051
 0.564624 0.303363 0.111486 0.0197234 0.00080311
 0.826376 0.0876187 0.0782897 0.00655872 0.00115652
 0.89761 0.0855135 0.0140674 0.00269457 0.000114338
 0.34875 0.467042 0.161289 0.0227151 0.000203297
 0.318654 0.224769 0.449479 0.00709798 0
 0.937255 0.0296025 0.0250945 0.00804832 0
ppred_RECLAS
 0.445811 0.104694 0.426651 0.022843 6.93449e-07
 0.436694 0.251699 0.058867 0.239896 0.0128445
 0.570872 0.188174 0.107664 0.0251804 0.10811
 0.768944 0.132306 0.0433022 0.0247754 0.0306725
 0.669612 0.254668 0.0433578 0.0141905 0.0181708
 0.762148 0.159457 0.0604282 0.010288 0.00767875
 0.504304 0.378443 0.0786069 0.0297891 0.00885703
 0.46775 0.270459 0.199866 0.0415145 0.0204101
 0.548563 0.211424 0.121961 0.0901279 0.0279243
 0.696711 0.167059 0.0638013 0.0368041 0.0356246
 0.810336 0.13261 0.0314265 0.012002 0.013625
 0.745537 0.206319 0.0336612 0.00797717 0.00650505
 0.691853 0.230578 0.0628934 0.0102611 0.00441468
 0.635695 0.253081 0.083226 0.022701 0.00529715
 0.729886 0.173025 0.067447 0.02218 0.00746162
 0.929423 0.0517042 0.012089 0.00471241 0.00207101
 0.420452 0.539111 0.0296243 0.00692647 0.00388661
 0.897025 0.0434981 0.0553269 0.00304023 0.00110971
 0.632316 0.330108 0.0158728 0.0201892 0.00151434
 0.631873 0.233818 0.120582 0.00579804 0.00792791
 0.755645 0.154999 0.0567551 0.0292692 0.00333173
 0.761408 0.180639 0.0367603 0.0134603 0.00773178
 0.35348 0.493451 0.115889 0.0235836 0.0135958
 0.761847 0.0845057 0.11727 0.0275414 0.00883578
 0.658012 0.260858 0.028788 0.0399495 0.0123923
 0.472337 0.34783 0.137171 0.015138 0.0275237
 0.756353 0.115342 0.0845779 0.0333543 0.0103736
 0.716766 0.214488 0.0325439 0.0238638 0.0123379
 0.379032 0.445621 0.132787 0.0201475 0.022412
 0.462187 0.204397 0.239267 0.0712974 0.0228515
 0.868644 0.0609102 0.0267731 0.0313405 0.0123321
pobs_PELACES
 0 0 0 0 0
 0 0 0 0 0
 0 0 0 0 0
 0 0 0 0 0
 0 0 0 0 0
 0 0 0 0 0
 0 0 0 0 0
 0 0 0 0 0
 0 0 0 0 0
 0 0 0 0 0
 0 0 0 0 0
 0 0 0 0 0
 0 0 0 0 0
 0 0 0 0 0
 0 0 0 0 0
 0 0 0 0 0
 0.505614 0.472636 0.0217494 0 0
 0 0 0 0 0
 0.443492 0.261883 0.143347 0.151278 0
 0.227955 0.32914 0.350689 0.0885471 0.00366901
 0.970185 0.0296113 0.000203453 0 0
 0.997202 0.00247181 0.000326279 0 0
 0.445219 0.490057 0.0546422 0.010081 0
 0.90214 0.0892962 0.00764917 0.000914606 0
 0 0 0 0 0
 0.581667 0.319106 0.0959925 0.00289975 0.000334073
 0.762889 0.0836404 0.116647 0.0363945 0.000428098
 0.88444 0.0763242 0.0277011 0.0115352 0
 0.521256 0.241999 0.230069 0.00667565 0
 0.616807 0.101726 0.260614 0.0208532 0
 0 0 0 0 0
ppred_PELACES
 0.44648 0.104568 0.426137 0.0228154 6.92612e-07
 0.437887 0.251165 0.0587423 0.239388 0.0128173
 0.572022 0.18767 0.107376 0.0251129 0.10782
 0.770182 0.131597 0.0430702 0.0246428 0.0305082
 0.670135 0.254266 0.0432892 0.0141681 0.0181421
 0.763013 0.158877 0.0602085 0.0102506 0.00765083
 0.506837 0.376509 0.0782051 0.0296368 0.00881176
 0.468136 0.270263 0.199721 0.0414844 0.0203953
 0.550056 0.210724 0.121558 0.0898298 0.027832
 0.698346 0.166159 0.0634573 0.0366057 0.0354326
 0.810645 0.132394 0.0313754 0.0119825 0.0136028
 0.747345 0.204854 0.0334221 0.0079205 0.00645884
 0.69373 0.229173 0.0625102 0.0101986 0.00438778
 0.638912 0.250846 0.0824911 0.0225006 0.00525037
 0.731677 0.171878 0.0669997 0.0220329 0.00741214
 0.929954 0.0513154 0.0119981 0.00467697 0.00205544
 0.421747 0.537906 0.0295581 0.006911 0.00387792
 0.897539 0.0432811 0.0550509 0.00302506 0.00110417
 0.634192 0.328423 0.0157918 0.0200862 0.00150661
 0.633488 0.232793 0.120053 0.00577261 0.00789314
 0.75661 0.154387 0.056531 0.0291536 0.00331857
 0.76262 0.179722 0.0365737 0.013392 0.00769253
 0.354376 0.492767 0.115729 0.0235509 0.013577
 0.762457 0.0842895 0.11697 0.0274709 0.00881317
 0.65879 0.260265 0.0287225 0.0398586 0.0123642
 0.473036 0.34737 0.136989 0.0151179 0.0274872
 0.756967 0.115051 0.0843645 0.0332702 0.0103474
 0.717332 0.21406 0.0324788 0.0238161 0.0123132
 0.379705 0.445138 0.132643 0.0201257 0.0223877
 0.463188 0.204017 0.238822 0.0711647 0.022809
 0.86889 0.0607961 0.0267229 0.0312818 0.012309
pobs_pel_tallas
 0 0 0 0 0 0 0 0 0 0 0 0 0 0 0 0 0 0 0 0 0 0 0 0 0 0
 0 0 0 0 0 0 0 0 0 0 0 0 0 0 0 0 0 0 0 0 0 0 0 0 0 0
 0 0 0 0 0 0 0 0 0 0 0 0 0 0 0 0 0 0 0 0 0 0 0 0 0 0
 0 0 0 0 0 0 0 0 0 0 0 0 0 0 0 0 0 0 0 0 0 0 0 0 0 0
 0 0 0 0 0 0 0 0 0 0 0 0 0 0 0 0 0 0 0 0 0 0 0 0 0 0
 0 0 0 0 0 0 0 0 0 0 0 0 0 0 0 0 0 0 0 0 0 0 0 0 0 0
 0 0 0 0 0 0 0 0 0 0 0 0 0 0 0 0 0 0 0 0 0 0 0 0 0 0
 0 0 0 0 0 0 0 0 0 0 0 0 0 0 0 0 0 0 0 0 0 0 0 0 0 0
 0 0 0 0 0 0 0 0 0 0 0 0 0 0 0 0 0 0 0 0 0 0 0 0 0 0
 0 0 0 0 0 0 0 0 0 0 0 0 0 0 0 0 0 0 0 0 0 0 0 0 0 0
 0 0 0 0 0 0 0 0 0 0 0 0 0 0 0 0 0 0 0 0 0 0 0 0 0 0
 0 0 0 0 0 0 0 0 0 0 0 0 0 0 0 0 0 0 0 0 0 0 0 0 0 0
 0.00862536 0 0 0.000197151 0.00414017 0.0128641 0.00837892 0.0270097 0.101434 0.158115 0.152841 0.127902 0.109271 0.109419 0.0830992 0.0579132 0.0238553 0.00714673 0.00463305 0.00128148 0.00103504 0.000492878 0.000147863 0.000147863 4.92878e-05 0
 0 0 0 0 0 0 0 0 0 0 0 0 0 0 0 0 0 0 0 0 0 0 0 0 0 0
 0 0 0 0 0 0 0 0.0054083 0.00873648 0.0413646 0.0450493 0.0745869 0.0622846 0.0627006 0.0613931 0.0827291 0.12552 0.122667 0.0946155 0.0697135 0.0546179 0.0294188 0.0215738 0.0213955 0.0102223 0.00600262
 0 0 0 0 0.00359764 0.0251062 0.0480494 0.140153 0.205849 0.193036 0.1447 0.116669 0.0760912 0.0342217 0.00950174 0.001854 0.000860785 0 0 0 0.000165536 0 0.000143464 0 0 0
 0 0 0 0 0 0 0 0.000145254 0.000435761 0.0275982 0.070085 0.0708112 0.156366 0.174668 0.174014 0.160142 0.0824315 0.0480064 0.0283245 0.00493863 0.00203355 0 0 0 0 0
 0 0 0 0 0 0 0 0 0 0 0 0 0 0 0 0 0 0 0 0 0 0 0 0 0 0
 0 0 1.00437e-05 0.000401748 0.00122533 0.00171747 0.00176769 0.0269171 0.070346 0.194647 0.189555 0.159765 0.064822 0.0314167 0.0384472 0.0292271 0.0345202 0.0313363 0.0194345 0.0106764 0.0143323 0.0359363 0.0279516 0.0138201 0.00172751 0
 0 0.0021121 0.0136068 0.0755702 0.200478 0.177729 0.0527432 0.0373336 0.0318909 0.0142505 0.0149659 0.0166563 0.0217959 0.0798694 0.0677717 0.0528807 0.04013 0.0224614 0.0357745 0.0225083 0.00881397 0.00855152 0.00135912 0.000746735 0 0
 0 0 0 0 5.4009e-05 0.00500934 0.000945158 0.0243581 0.138947 0.33067 0.221406 0.137944 0.0707744 0.0437923 0.0131692 0.00525238 0.0047753 0.00276346 9.45158e-05 9.00151e-06 2.25038e-05 9.00151e-06 4.50075e-06 0 0 0
 0.000866109 0.00284123 0.00948549 0.0512746 0.133035 0.25785 0.225252 0.132002 0.0553304 0.0519788 0.0540692 0.017754 0.00435017 0.00159236 0.00146478 0.000404838 0.000125132 0.000115318 0.000107957 0.000100596 0 0 0 0 0 0
 0 0 0 0 0.00144013 0.00171154 0.00461396 0.0210425 0.0478622 0.0707936 0.0888783 0.103762 0.0637923 0.0337046 0.0602308 0.124433 0.169614 0.0934646 0.0462172 0.0250306 0.0313229 0.00938855 0.002487 0.000210481 0 0
 0 0.00764035 0.051015 0.0998891 0.058973 0.0496711 0.0374665 0.0718981 0.12319 0.153886 0.159021 0.0857701 0.0377988 0.023471 0.0147837 0.00900784 0.00315554 0.000888139 0.00291439 0.00214683 0.00393193 0.00274676 0.000635225 9.99891e-05 0 0
 0 0 0 0 0 0 0 0 0 0 0 0 0 0 0 0 0 0 0 0 0 0 0 0 0 0
 0 0 0 0 0 0 0 0 0 0 0 0 0 0 0 0 0 0 0 0 0 0 0 0 0 0
 0 0 0 0 0 0 0 0 0 0 0 0 0 0 0 0 0 0 0 0 0 0 0 0 0 0
 0 0 0 0 0 0 0 0 0 0 0 0 0 0 0 0 0 0 0 0 0 0 0 0 0 0
 0 0 0 0 0 0 0 0 0 0 0 0 0 0 0 0 0 0 0 0 0 0 0 0 0 0
 0 0 0 0 0 0 0 0 0 0 0 0 0 0 0 0 0 0 0 0 0 0 0 0 0 0
 0 0 0 0 0 0 0 0 0 0 0 0 0 0 0 0 0 0 0 0 0 0 0 0 0 0
ppred_pel_tallas
 1.14613e-16 3.67759e-05 0.000357475 0.00237555 0.0107989 0.0335995 0.0715876 0.104486 0.104497 0.0716403 0.0337782 0.0113233 0.00372268 0.00339985 0.00611175 0.0108182 0.0173742 0.0255726 0.0350833 0.0455275 0.0563028 0.0662245 0.0734305 0.0759142 0.0724923 0.0635443
 1.27936e-16 3.60683e-05 0.000350596 0.00232984 0.0105911 0.032953 0.0702108 0.10248 0.102504 0.0703297 0.0333528 0.0117475 0.00523974 0.00672784 0.0122252 0.0203706 0.0298895 0.0388407 0.0453837 0.0489575 0.0507174 0.052708 0.056352 0.061412 0.066112 0.0681786
 1.23912e-16 4.71167e-05 0.000457991 0.00304351 0.0138354 0.0430471 0.0917171 0.133868 0.133886 0.0918063 0.0433471 0.0147039 0.00523144 0.00526084 0.00924847 0.0154298 0.0227426 0.0297359 0.0350049 0.0380333 0.0395275 0.0408661 0.0430817 0.0461714 0.049165 0.050742
 1.08911e-16 6.34389e-05 0.000616648 0.00409785 0.0186282 0.0579594 0.123489 0.180239 0.180251 0.123551 0.0581685 0.0192331 0.00561878 0.00394594 0.00641379 0.0105771 0.0154115 0.0197786 0.0225817 0.0233687 0.0226098 0.0213514 0.0205143 0.0203846 0.0206055 0.0205408
 1.05806e-16 5.51982e-05 0.000536546 0.00356554 0.0162084 0.0504306 0.107449 0.15683 0.156854 0.107568 0.050833 0.017371 0.00648465 0.00691204 0.0121727 0.0200618 0.0289567 0.0365525 0.0405448 0.0398937 0.0354454 0.029345 0.0237225 0.0196742 0.0171314 0.0154018
 1.04101e-16 6.28484e-05 0.000610909 0.00405971 0.0184548 0.0574199 0.12234 0.178562 0.178577 0.122415 0.0576725 0.019185 0.00589544 0.00462823 0.00772156 0.012742 0.0185277 0.0236736 0.0267833 0.0272039 0.0253792 0.0224762 0.0196035 0.0172558 0.0153164 0.0134337
 1.06817e-16 4.17476e-05 0.000405802 0.0026967 0.0122588 0.0381419 0.0812667 0.118619 0.118655 0.0814443 0.0387383 0.0139819 0.00702408 0.00986023 0.0180204 0.0297862 0.0430492 0.0544464 0.0605743 0.0598715 0.0535272 0.0446141 0.0361719 0.0297493 0.0252589 0.0217964
 1.13445e-16 3.85598e-05 0.000374815 0.00249078 0.0113227 0.0352294 0.0750609 0.109559 0.109585 0.0751896 0.0356623 0.0125765 0.00565082 0.00731603 0.0133472 0.0223349 0.0329452 0.043058 0.0505018 0.054241 0.0548599 0.0538692 0.0524506 0.050722 0.0479993 0.0436141
 1.17281e-16 4.53075e-05 0.000440405 0.00292664 0.0133041 0.0413941 0.0881954 0.128728 0.128748 0.0882955 0.0417311 0.0142796 0.00538436 0.00583597 0.0103832 0.0173363 0.0255512 0.0333894 0.0392339 0.0424233 0.0436175 0.044192 0.0451465 0.0464188 0.047055 0.045944
 1.11542e-16 5.75218e-05 0.000559133 0.00371563 0.0168907 0.0525535 0.111971 0.163429 0.163445 0.11205 0.0528179 0.0176556 0.00563959 0.0047731 0.00810258 0.0134171 0.0195959 0.0252399 0.0289843 0.0302633 0.0296509 0.0284171 0.0276508 0.0276395 0.0278873 0.0275938
 1.04444e-16 6.67718e-05 0.000649045 0.00431314 0.0196069 0.0610044 0.129977 0.189708 0.18972 0.130039 0.0612143 0.0202134 0.0058369 0.00397975 0.00640536 0.0105185 0.0152302 0.0193362 0.0216629 0.0216885 0.0198509 0.0172305 0.0148659 0.0132383 0.0122272 0.0114168
 1.02905e-16 6.15578e-05 0.000598364 0.00397634 0.0180759 0.0562409 0.119828 0.174896 0.174916 0.119924 0.056565 0.0190121 0.00632689 0.00573104 0.00981361 0.0161376 0.0232674 0.0293167 0.0324056 0.03167 0.0277691 0.0224233 0.0173675 0.0135377 0.0109617 0.00917689
 1.03628e-16 5.71417e-05 0.000555438 0.00369108 0.0167791 0.0522062 0.111232 0.16235 0.162373 0.11134 0.0525696 0.0178293 0.00632959 0.00632298 0.0110331 0.0182079 0.0263597 0.0334314 0.0373555 0.0371635 0.033529 0.0282451 0.0230835 0.0189459 0.0158055 0.0132046
 1.0559e-16 5.26264e-05 0.000511547 0.00339941 0.0154532 0.0480809 0.102442 0.149523 0.149547 0.102561 0.0484792 0.0166047 0.00629354 0.00684219 0.0121131 0.0200406 0.0290951 0.037074 0.0417573 0.0421109 0.0388589 0.0338946 0.0290355 0.0251225 0.0220007 0.0191066
 1.05442e-16 6.02673e-05 0.00058582 0.00389298 0.0176969 0.0550618 0.117316 0.171229 0.171246 0.117397 0.0553351 0.0184873 0.00588057 0.00493675 0.00835894 0.0138171 0.0201187 0.0257669 0.0292732 0.0299523 0.0282961 0.0255568 0.0228933 0.0207724 0.0189859 0.0170837
 1.01177e-16 7.65991e-05 0.00074457 0.00494793 0.0224926 0.0699828 0.149106 0.217626 0.217631 0.14913 0.0700641 0.0227276 0.00553831 0.00203483 0.00253143 0.00407538 0.00589108 0.00746765 0.00834156 0.00830313 0.00751448 0.00638929 0.00533131 0.00453765 0.00398257 0.00353289
 1.0234e-16 3.47388e-05 0.000337674 0.00224396 0.0102008 0.0317387 0.0676245 0.0987107 0.0987625 0.0678774 0.0325877 0.012652 0.00839331 0.0137495 0.0254701 0.0419575 0.0602157 0.0752556 0.0820153 0.078163 0.0655113 0.0488451 0.03314 0.0213112 0.0137737 0.0094281
 1.02091e-16 7.39291e-05 0.000718617 0.00477546 0.0217086 0.0675434 0.143909 0.21004 0.210044 0.143929 0.0676135 0.0219118 0.00528929 0.00185237 0.0022624 0.00371493 0.00555728 0.00743039 0.00900592 0.0101069 0.0107614 0.0110911 0.0111423 0.0108256 0.0100121 0.00868132
 1.0281e-16 5.22376e-05 0.000507769 0.0033743 0.0153391 0.0477258 0.101686 0.14842 0.148452 0.101841 0.0482442 0.0168359 0.00712946 0.00869852 0.0155882 0.025637 0.0368095 0.0460506 0.0502927 0.0481434 0.0407386 0.0310106 0.0219717 0.0153301 0.0112311 0.0088901
 1.05439e-16 5.21796e-05 0.000507205 0.00337055 0.0153221 0.0476727 0.101573 0.148253 0.148276 0.101683 0.0480437 0.0163952 0.00607065 0.00642285 0.0113494 0.0188422 0.0275136 0.0353787 0.0404177 0.0416491 0.0396253 0.0358892 0.0318787 0.0281941 0.0246714 0.0209493
 1.05157e-16 6.2321e-05 0.000605782 0.00402564 0.0183 0.0569381 0.121313 0.177063 0.177078 0.121386 0.0571835 0.0190097 0.00581035 0.00451231 0.00751263 0.0124037 0.0180577 0.0231258 0.0262768 0.0269073 0.0254747 0.0231164 0.0208741 0.0191467 0.0177081 0.0161076
 1.03747e-16 6.2816e-05 0.000610594 0.00405761 0.0184453 0.0573904 0.122277 0.17847 0.178488 0.122362 0.057675 0.0192678 0.00612309 0.00512316 0.0086438 0.0142194 0.0205466 0.0259872 0.0289174 0.0285979 0.0256057 0.0214176 0.0174913 0.0145639 0.012579 0.0110781
 1.08126e-16 2.91896e-05 0.000283734 0.00188551 0.00857129 0.0266687 0.0568223 0.0829438 0.0829913 0.0570548 0.0274495 0.0108275 0.00755256 0.0126672 0.0235835 0.0390365 0.0564518 0.0714544 0.0795866 0.0787778 0.0705334 0.0588103 0.0475372 0.0387406 0.0323727 0.0273678
 1.07644e-16 6.28026e-05 0.000610463 0.00405674 0.0184414 0.057378 0.12225 0.178429 0.178438 0.122291 0.0575149 0.018839 0.00506326 0.00283566 0.00437113 0.00734269 0.0110773 0.0149937 0.0185231 0.0213825 0.0236557 0.0255441 0.0270184 0.0277078 0.0271296 0.0250436
 1.06986e-16 5.42637e-05 0.000527462 0.00350517 0.015934 0.0495768 0.10563 0.154175 0.1542 0.105752 0.0499884 0.0171229 0.00648963 0.00704362 0.0124335 0.0204819 0.0295364 0.0372385 0.0412433 0.0405248 0.0360121 0.0299695 0.0246155 0.0210428 0.0190711 0.017832
 1.1021e-16 3.89634e-05 0.000378738 0.00251685 0.0114413 0.0355982 0.0758469 0.110708 0.110742 0.0760113 0.0361505 0.0130382 0.00653233 0.00916746 0.0167976 0.0278846 0.0405785 0.0518976 0.0588068 0.0598882 0.056115 0.0500306 0.0440419 0.0392064 0.0352402 0.0313425
 1.07552e-16 6.23504e-05 0.000606068 0.00402754 0.0183086 0.0569649 0.12137 0.177146 0.177157 0.121425 0.0571493 0.0188427 0.00537407 0.00356499 0.00573934 0.00954126 0.014097 0.0184887 0.0218198 0.0236863 0.0243681 0.0245157 0.0245966 0.0245736 0.0240288 0.0225466
 1.05465e-16 5.90858e-05 0.000574335 0.00381666 0.01735 0.0539823 0.115016 0.167873 0.167894 0.115117 0.0543211 0.0183286 0.00627371 0.00594052 0.010258 0.0168862 0.0243735 0.0307747 0.0341606 0.0336735 0.0300475 0.0251036 0.0206311 0.0175196 0.0156512 0.0143745
 1.09749e-16 3.12759e-05 0.000304013 0.00202028 0.00918391 0.0285748 0.0608832 0.0888698 0.0889128 0.0610934 0.0292811 0.0112253 0.00715002 0.0115206 0.0213874 0.0354494 0.0513941 0.0653255 0.0732723 0.0733869 0.0669864 0.0575224 0.0483609 0.0411434 0.035696 0.0310248
 1.17941e-16 3.81522e-05 0.000370853 0.00246445 0.011203 0.0348569 0.0742671 0.108399 0.108419 0.0743651 0.0351869 0.0121606 0.00488539 0.00571314 0.0103532 0.0175003 0.0262522 0.035221 0.0429827 0.0488631 0.0531801 0.0566475 0.059474 0.0609914 0.0601032 0.0561013
 1.06007e-16 7.15693e-05 0.00069568 0.00462304 0.0210157 0.0653875 0.139315 0.203336 0.203342 0.139344 0.0654845 0.0212964 0.00532987 0.00224608 0.0030384 0.00497039 0.00730099 0.00950729 0.0111241 0.0119809 0.0123071 0.0125499 0.0130389 0.013762 0.0143982 0.0145344
pSPR Fmed_Fpbrs
0.749348   0.6 0.325
Fs Fmed_Fpbrs
0.143468   0.263228 0.635763
SSBpbr Bo_Bmed_Bpbrs
2.56277e+06  1.79226e+06  1.40952e+06 704761
Ro
245553
SPR SPRFo_SPRFmed_SPRFpbrs
1.7485e+06 1.31024e+06 568263
Fref
0.263228
log_Ro
12.2313
likeval ReclasPelacesDesembMPH_pf_preclas_ppelaces_ptallas_desvR_qrecl_qpela
 16.283 17.0917 0.104774 0.000810592 229.458 123.15 81.9661 0 23.2014 1.47591e-05 6.51169e-06 0.532302 1.0476e-15 0 0
q_reclas_q_pelaces
0.580194 0.695555
M
1
N
 255499 60247.5 245522 13145.3 0.399054
 150459 87360.4 20431.8 83263.9 4458.1
 146221 48542.2 27773.6 6495.65 27888.5
 272434 47373.7 15504.9 8871.16 10982.7
 217396 82977.2 14127 4623.61 5920.48
 355991 75021.5 28430.4 4840.33 3612.71
 151017 115081 23903.6 9058.58 2693.34
 72862.3 42228.9 31206.7 6481.99 3186.79
 66084.6 25703.7 14827.3 10957.2 3394.88
 85116.3 20650.5 7886.59 4549.42 4403.62
 154671 25388.8 6016.75 2297.84 2608.57
 191927 53887.9 8791.85 2083.53 1699.03
 161435 54526.4 14872.8 2426.51 1043.97
 115042 46776.3 15382.4 4195.77 979.058
 120823 29039.9 11320 3722.61 1252.33
 616895 34743 8123.27 3166.53 1391.63
 140941 182178 10010.7 2340.61 1313.37
 918273 44906.1 57117.8 3138.64 1145.63
 549702 290512 13968.9 17767.6 1332.7
 434575 162512 83809.1 4029.85 5510.19
 640701 132468 48505.1 25014.5 2847.42
 853609 204573 41630.8 15243.7 8756.2
 186643 262100 61555.5 12526.6 7221.52
 553910 61754.7 85697.9 20126.5 6456.97
 466859 186052 20532.4 28493.1 8838.57
 211485 156401 61678.5 6806.75 12375.9
 470533 72118.9 52883.4 20855.2 6486.2
 526262 158148 23995.5 17595.4 9097.07
 152034 179520 53493.6 8116.47 9028.74
 116343 51766.3 60597.6 18057 5787.44
 545575 38381.6 16870.6 19748.7 7770.9
pred_Ctot
 11464.8 2996.04 12209.5 653.7 0.0198445
 11825.3 7589.42 1775.01 7233.54 387.297
 11143 4089.7 2339.93 547.262 2349.62
 30093 5769.58 1888.32 1080.41 1337.56
 8557.14 3621.18 616.513 201.777 258.374
 27577.5 6424.5 2434.65 414.504 309.376
 23416.2 19602.8 4071.73 1543.03 458.782
 1898.13 1220.92 902.245 187.407 92.1362
 6374.35 2736.64 1578.65 1166.61 361.45
 10354.1 2767.2 1056.82 609.63 590.093
 5199.04 946.59 224.327 85.6721 97.257
 28216.5 8709.04 1420.89 336.728 274.587
 22096.9 8211.34 2239.76 365.418 157.216
 23529 10466 3441.74 938.783 219.059
 17014.4 4497.75 1753.27 576.564 193.963
 78309 4856.15 1135.42 442.598 194.513
 12071.2 17237.2 947.189 221.463 124.268
 82283.9 4443.97 5652.46 310.604 113.373
 69462.5 40423.5 1943.71 2472.28 185.439
 47814.4 19715 10167.2 488.878 668.464
 54108.7 12360.1 4525.83 2334.01 265.682
 90546.7 23934.1 4870.62 1783.45 1024.44
 11972.1 18604.3 4369.3 889.159 512.595
 30676.3 3787.17 5255.51 1234.28 395.98
 26573.4 11725.3 1293.99 1795.69 557.023
 9824.36 8050.86 3174.95 350.383 637.062
 25881.1 4392.74 3221.11 1270.28 395.072
 24345.5 8107.13 1230.08 901.993 466.342
 7200.24 9420.35 2807.09 425.915 473.786
 7660.2 3771.19 4414.55 1315.46 421.617
 19666.4 1534.33 674.414 789.468 310.646
F
 0.073176 0.0813704 0.0813704 0.0813704 0.0813704
 0.131259 0.145958 0.145958 0.145958 0.145958
 0.127052 0.141279 0.141279 0.141279 0.141279
 0.188832 0.209978 0.209978 0.209978 0.209978
 0.0639463 0.0711072 0.0711072 0.0711072 0.0711072
 0.12927 0.143746 0.143746 0.143746 0.143746
 0.274286 0.305001 0.305001 0.305001 0.305001
 0.041938 0.0466343 0.0466343 0.0466343 0.0466343
 0.163195 0.18147 0.18147 0.18147 0.18147
 0.20971 0.233193 0.233193 0.233193 0.233193
 0.0543925 0.0604835 0.0604835 0.0604835 0.0604835
 0.25843 0.28737 0.28737 0.28737 0.28737
 0.238726 0.265459 0.265459 0.265459 0.265459
 0.376626 0.418802 0.418802 0.418802 0.418802
 0.246351 0.273938 0.273938 0.273938 0.273938
 0.219717 0.244321 0.244321 0.244321 0.244321
 0.143767 0.159866 0.159866 0.159866 0.159866
 0.150848 0.16774 0.16774 0.16774 0.16774
 0.218623 0.243105 0.243105 0.243105 0.243105
 0.188029 0.209085 0.209085 0.209085 0.209085
 0.141639 0.1575 0.1575 0.1575 0.1575
 0.180746 0.200986 0.200986 0.200986 0.200986
 0.106026 0.117899 0.117899 0.117899 0.117899
 0.0909783 0.101166 0.101166 0.101166 0.101166
 0.0936061 0.104088 0.104088 0.104088 0.104088
 0.0758392 0.0843318 0.0843318 0.0843318 0.0843318
 0.090334 0.10045 0.10045 0.10045 0.10045
 0.0755142 0.0839704 0.0839704 0.0839704 0.0839704
 0.0773657 0.0860293 0.0860293 0.0860293 0.0860293
 0.108963 0.121165 0.121165 0.121165 0.121165
 0.0584279 0.0649708 0.0649708 0.0649708 0.0649708
nmprior
 8 9 7.5 0
nm_flota  nm_reclas  nm_pelaces    nm_pelaL
inf 12.2205 15.0464 25.8773
cv_recla  cv_pelaces  cv_mph
0.364999 0.486471 0.878631
 ------------------------------------------------
Talla a la edad & desviación 
 8 13.2811 15.8009 17.003 17.5766
 0.8 1.32811 1.58009 1.7003 1.75766
