years
 1991 1992 1993 1994 1995 1996 1997 1998 1999 2000 2001 2002 2003 2004 2005 2006 2007 2008 2009 2010 2011 2012 2013 2014 2015 2016 2017 2018 2019 2020 2021
reclasobs
 0 0 0 0 0 0 0 0 0 252601 567819 844713 477998 351125 339783 2.1784e+06 2.13404e+06 4.81314e+06 1.55562e+06 2.62356e+06 3.21686e+06 3.843e+06 1.13348e+06 3.07943e+06 1.97215e+06 2.03268e+06 2.025e+06 2.42433e+06 2.27542e+06 1.05018e+06 2.36338e+06
reclaspred
 1.44488e+06 1.09492e+06 537908 218880 139490 493771 307139 144713 120028 134697 297704 506153 458567 302094 339533 863923 1.28835e+06 1.73127e+06 1.94851e+06 1.54629e+06 2.35035e+06 2.00328e+06 1.83827e+06 2.14634e+06 1.86474e+06 1.47429e+06 1.51096e+06 1.91945e+06 2.16462e+06 1.03313e+06 609336
pelacesobs
 0 0 0 0 0 0 0 0 0 0 0 0 0 0 0 552880 188675 0 991730 2.46772e+06 1.41603e+06 1.21717e+06 2.29649e+06 1.80582e+06 0 1.4828e+06 1.56532e+06 1.57751e+06 1.42118e+06 867257 0
pelacespred
 583199 483932 247341 76227.1 50728.6 211569 95392.1 64937.9 44854.2 52063.2 137326 197539 194262 131829 162527 351764 523061 762334 937200 719438 954369 948748 831313 1.06912e+06 947343 708750 836028 1.0639e+06 983001 558837 301501
mphobs
 0 0 0 0 0 0 0 0 0 0 0 498337 0 5186 125008 0 168611 109162 213762 579715 649985 157893 87575 83554 0 0 0 0 0 0 0
mphpred
 1.06042e+06 1.14588e+06 629395 234222 123354 92990.7 443781 123260 72881.1 78460.2 94966.5 360374 379328 261294 170088 290883 1.00254e+06 998344 1.34509e+06 1.53641e+06 1.36742e+06 1.61533e+06 1.73561e+06 1.23424e+06 1.78959e+06 1.39027e+06 913046 1.20907e+06 2.05285e+06 1.21955e+06 493314
desembarqueobs
 494567 514787 250237 358949 120608 361735 552515 73892 212993 205616 52469 317467 293654 387597 252695 516296 358380 742168 942051 627588 828172 859565 418607 520667 417249 300574 407403 355545 319650 289779 219260
desembarquepred
 494258 513171 249997 359303 120312 361131 552100 73898.7 212936 205510 52413.2 317872 293651 387076 252255 515882 358398 742136 943710 627664 828031 859305 418584 520493 417155 300185 407065 355394 319347 289445 219091
Reclutas
 317245 84953.7 18950.1 73509.5 32887.6 250060 27313.5 11334.3 37125.4 62116.5 131884 135196 94372.9 78804 97456.8 479122 115213 490371 639041 215942 422047 684369 60994.9 369469 272376 68971 326458 408908 42947.3 37030.4 107607
log_desv_Rt
 0.970809 -0.346758 -1.84705 -0.49145 -1.29577 0.732835 -1.48148 -2.36103 -1.17456 -0.659854 0.0930548 0.117859 -0.24161 -0.4219 -0.209455 1.38309 -0.0420857 1.4063 1.6711 0.586147 1.25625 1.73963 -0.678074 1.1232 0.818319 -0.555178 0.999436 1.22463 -1.02889 -1.17713 -0.110382
SSB
 1.06042e+06 1.14588e+06 629395 234222 123354 92990.7 443781 123260 72881.1 78460.2 94966.5 360374 379328 261294 170088 290883 1.00254e+06 998344 1.34509e+06 1.53641e+06 1.36742e+06 1.61533e+06 1.73561e+06 1.23424e+06 1.78959e+06 1.39027e+06 913046 1.20907e+06 2.05285e+06 1.21955e+06 493314
BT
 2.07122e+06 1.68727e+06 821247 569824 245934 1.22183e+06 726154 261357 376083 393078 576061 882689 856775 862703 875510 1.81034e+06 1.69908e+06 3.25939e+06 4.06059e+06 2.49813e+06 3.75958e+06 3.73151e+06 2.41893e+06 4.16263e+06 2.93488e+06 2.09628e+06 3.36849e+06 3.99453e+06 2.5924e+06 1.67402e+06 1.13818e+06
Ftot
 0.320205 0.431875 0.427796 1.36487 0.769185 0.674813 1.43447 0.470158 1.50314 1.31051 0.16737 0.574007 0.583689 1.11022 0.680212 0.553666 0.261189 0.399338 0.449288 0.376949 0.329493 0.399054 0.214445 0.22904 0.21103 0.192229 0.254117 0.175634 0.139862 0.262631 0.336243
BD_Bspro_t
 0.950057 0.742745 0.53508 0.332295 0.22066 0.22982 0.463111 0.17304 0.151193 0.187766 0.263949 0.637636 0.525428 0.399044 0.300258 0.419241 0.609113 0.587645 0.611273 0.601758 0.526585 0.568553 0.615986 0.574602 0.688221 0.686409 0.64973 0.729896 0.807527 0.715445 0.592855
BD_Bspro
 1.23931 1.33919 0.735572 0.273735 0.144163 0.108678 0.518646 0.144054 0.085176 0.0916963 0.110987 0.421168 0.44332 0.305374 0.198782 0.339954 1.17167 1.16676 1.57201 1.79561 1.5981 1.88783 2.02841 1.44245 2.09149 1.62481 1.06707 1.41304 2.39916 1.42528 0.576535
BD_Bo
 0.628781 0.679453 0.373201 0.138883 0.0731429 0.0551391 0.263141 0.0730873 0.043215 0.0465232 0.0563107 0.213685 0.224924 0.154935 0.100854 0.17248 0.594462 0.591971 0.797578 0.911022 0.810815 0.957814 1.02914 0.731845 1.06114 0.824366 0.541393 0.716922 1.21724 0.723135 0.292512
BD_Brms
 2.66505 2.87983 1.58179 0.588647 0.310012 0.233704 1.11531 0.309776 0.183165 0.197186 0.23867 0.905691 0.953327 0.656684 0.427465 0.731046 2.51959 2.50904 3.38049 3.86132 3.43659 4.05964 4.36194 3.10188 4.4976 3.49403 2.29467 3.03864 5.15921 3.06497 1.2398
Sel_flota
 0.5 1 1 1 1
 0.5 1 1 1 1
 0.5 1 1 1 1
 0.5 1 1 1 1
 0.5 1 1 1 1
 0.5 1 1 1 1
 0.5 1 1 1 1
 0.5 1 1 1 1
 0.5 1 1 1 1
 0.5 1 1 1 1
 0.5 1 1 1 1
 0.5 1 1 1 1
 0.5 1 1 1 1
 0.5 1 1 1 1
 0.5 1 1 1 1
 0.5 1 1 1 1
 0.5 1 1 1 1
 0.5 1 1 1 1
 0.5 1 1 1 1
 0.5 1 1 1 1
 0.5 1 1 1 1
 0.5 1 1 1 1
 0.5 1 1 1 1
 0.5 1 1 1 1
 0.5 1 1 1 1
 0.5 1 1 1 1
 0.5 1 1 1 1
 0.5 1 1 1 1
 0.5 1 1 1 1
 0.5 1 1 1 1
 0.5 1 1 1 1
Sel_reclas
 0.5 1 1 1 1
 0.5 1 1 1 1
 0.5 1 1 1 1
 0.5 1 1 1 1
 0.5 1 1 1 1
 0.5 1 1 1 1
 0.5 1 1 1 1
 0.5 1 1 1 1
 0.5 1 1 1 1
 0.5 1 1 1 1
 0.5 1 1 1 1
 0.5 1 1 1 1
 0.5 1 1 1 1
 0.5 1 1 1 1
 0.5 1 1 1 1
 0.5 1 1 1 1
 0.5 1 1 1 1
 0.5 1 1 1 1
 0.5 1 1 1 1
 0.5 1 1 1 1
 0.5 1 1 1 1
 0.5 1 1 1 1
 0.5 1 1 1 1
 0.5 1 1 1 1
 0.5 1 1 1 1
 0.5 1 1 1 1
 0.5 1 1 1 1
 0.5 1 1 1 1
 0.5 1 1 1 1
 0.5 1 1 1 1
 0.5 1 1 1 1
Sel_pelaces
 0.5 1 1 1 1
 0.5 1 1 1 1
 0.5 1 1 1 1
 0.5 1 1 1 1
 0.5 1 1 1 1
 0.5 1 1 1 1
 0.5 1 1 1 1
 0.5 1 1 1 1
 0.5 1 1 1 1
 0.5 1 1 1 1
 0.5 1 1 1 1
 0.5 1 1 1 1
 0.5 1 1 1 1
 0.5 1 1 1 1
 0.5 1 1 1 1
 0.5 1 1 1 1
 0.5 1 1 1 1
 0.5 1 1 1 1
 0.5 1 1 1 1
 0.5 1 1 1 1
 0.5 1 1 1 1
 0.5 1 1 1 1
 0.5 1 1 1 1
 0.5 1 1 1 1
 0.5 1 1 1 1
 0.5 1 1 1 1
 0.5 1 1 1 1
 0.5 1 1 1 1
 0.5 1 1 1 1
 0.5 1 1 1 1
 0.5 1 1 1 1
pf_obs 
 0.8446 0.082 0.0669 0.0065 0
 0.8095 0.147 0.0364 0.0071 0
 0.9664 0.0169 0.016 0.0007 0
 0.9276 0.0648 0.0075 0.0001 0
 0.7033 0.2144 0.0806 0.0017 0
 0.9318 0.0425 0.0243 0.0014 0
 0.5671 0.3108 0.0964 0.0239 0.0018
 0.0768 0.2599 0.5324 0.112 0.0189
 0.490249 0.384438 0.106611 0.0170017 0.00170017
 0.7925 0.1577 0.0466 0.003 0.0002
 0.840416 0.127587 0.0312969 0.00059994 9.999e-05
 0.8084 0.0986 0.0794 0.0134 0.0002
 0.7335 0.1905 0.0724 0.0035 0.0001
 0.4001 0.4547 0.1325 0.0127 0
 0.49795 0.308269 0.164784 0.0264974 0.00249975
 0.9179 0.0499 0.0305 0.0017 0
 0.2467 0.6533 0.0926 0.0074 0
 0.9418 0.0223 0.034 0.0019 0
 0.707729 0.231977 0.0356964 0.0245975 0
 0.517169 0.277429 0.184464 0.0207286 0.00020938
 0.811772 0.124168 0.05621 0.00726502 0.000585176
 0.764997 0.148141 0.077277 0.00933861 0.000247198
 0.163321 0.427699 0.378323 0.0303852 0.000271297
 0.753843 0.0900009 0.118128 0.0371064 0.000921714
 0.721811 0.176058 0.0630433 0.0369309 0.00215725
 0.143369 0.312575 0.442814 0.0836902 0.0175525
 0.692698 0.0596174 0.167031 0.0765114 0.00414204
 0.394062 0.376323 0.152708 0.0712218 0.00568511
 0.125707 0.32114 0.495352 0.0537591 0.00404204
 0.23352 0.215282 0.420074 0.123614 0.00750983
 0 0 0 0 0
pf_pred 
 0.668831 0.209339 0.0770114 0.0283309 0.0164879
 0.275154 0.591774 0.0841174 0.0309451 0.0180093
 0.159578 0.389932 0.367786 0.0522787 0.030425
 0.713423 0.0865102 0.0928256 0.0875535 0.0196881
 0.55184 0.397236 0.0153727 0.0164949 0.0190566
 0.928969 0.0538463 0.0152324 0.000589483 0.00136326
 0.204603 0.771478 0.0181325 0.00512944 0.000657577
 0.36438 0.287675 0.337481 0.00793201 0.00253152
 0.804919 0.111108 0.0380054 0.0445854 0.00138236
 0.849179 0.140492 0.00588283 0.00201228 0.00243386
 0.844615 0.146894 0.00791035 0.000331231 0.000250338
 0.608696 0.359806 0.0297764 0.00160348 0.000117888
 0.526964 0.372647 0.0923087 0.00763917 0.00044162
 0.573761 0.309993 0.0915761 0.0226844 0.00198581
 0.725586 0.21784 0.0411448 0.0121547 0.00327444
 0.900598 0.0862058 0.0104759 0.00197865 0.000741987
 0.302713 0.666267 0.0269021 0.0032692 0.000849025
 0.775452 0.108724 0.110671 0.00446862 0.000684064
 0.676696 0.28654 0.0178006 0.0181194 0.00084361
 0.338919 0.547082 0.101036 0.00627662 0.00668647
 0.646799 0.188844 0.136015 0.0251194 0.00322286
 0.692697 0.246377 0.0325748 0.0234619 0.00488892
 0.114323 0.740174 0.116656 0.0154237 0.0134237
 0.674407 0.0702567 0.213388 0.0336313 0.00831655
 0.48899 0.416988 0.0202882 0.0616205 0.0121134
 0.210598 0.529533 0.212055 0.0103173 0.0374966
 0.729056 0.0978032 0.116143 0.0465103 0.0104871
 0.630876 0.314886 0.0195783 0.0232497 0.0114098
 0.111524 0.695361 0.164739 0.0102428 0.0181329
 0.215542 0.162674 0.486636 0.11529 0.0198582
 0.642252 0.133367 0.0465299 0.139194 0.0386567
pobs_RECLAS
 0 0 0 0 0
 0 0 0 0 0
 0 0 0 0 0
 0 0 0 0 0
 0 0 0 0 0
 0 0 0 0 0
 0 0 0 0 0
 0 0 0 0 0
 0 0 0 0 0
 0 0 0 0 0
 0.991045 0.00858322 0.000360255 1.14367e-05 0
 0.934742 0.0480273 0.0164251 0.00080598 0
 0.827803 0.169806 0.00239088 0 0
 0.941827 0.0461693 0.0120037 0 0
 0.791401 0.0380133 0.147996 0.0225897 0
 0.846168 0.0940531 0.0597789 0 0
 0.134021 0.677848 0.182769 0.00536245 0
 0.80878 0.0450904 0.141981 0.00414843 0
 0.846168 0.0940531 0.0597789 0 0
 0.905697 0.0802665 0.012482 0.00150086 5.37128e-05
 0.989698 0.0102097 9.19794e-05 0 0
 0.975433 0.0193895 0.00387452 0.00125025 5.28907e-05
 0.303575 0.632131 0.0575291 0.00676475 0
 0.966965 0.00978017 0.0227588 0.000495775 0
 0.843318 0.132988 0.00938335 0.0141283 0.000182051
 0.564624 0.303363 0.111486 0.0197234 0.00080311
 0.826376 0.0876187 0.0782897 0.00655872 0.00115652
 0.89761 0.0855135 0.0140674 0.00269457 0.000114338
 0.34875 0.467042 0.161289 0.0227151 0.000203297
 0.318654 0.224769 0.449479 0.00709798 0
 0.937255 0.0296025 0.0250945 0.00804832 0
ppred_RECLAS
 0.672395 0.207086 0.0761826 0.028026 0.0163105
 0.279795 0.587985 0.0835788 0.0307469 0.017894
 0.162671 0.388497 0.366432 0.0520863 0.030313
 0.734939 0.0800151 0.0858563 0.08098 0.0182099
 0.563811 0.386625 0.0149621 0.0160543 0.0185476
 0.931615 0.0518402 0.0146649 0.000567521 0.00131247
 0.224092 0.752574 0.0176882 0.00500376 0.000641465
 0.370357 0.28497 0.334308 0.00785742 0.00250771
 0.823649 0.10044 0.0343566 0.0403048 0.00124964
 0.86174 0.128791 0.00539289 0.00184469 0.00223116
 0.845621 0.145942 0.00785912 0.000329086 0.000248717
 0.616549 0.352586 0.0291788 0.00157131 0.000115522
 0.535383 0.366014 0.0906658 0.00750321 0.00043376
 0.593272 0.295802 0.0873841 0.021646 0.00189491
 0.733721 0.211382 0.0399251 0.0117944 0.00317737
 0.903391 0.0837833 0.0101815 0.00192305 0.000721137
 0.305403 0.663696 0.0267983 0.00325659 0.00084575
 0.779093 0.106961 0.108876 0.00439615 0.000672971
 0.681991 0.281847 0.0175091 0.0178226 0.000829793
 0.343327 0.543434 0.100362 0.00623476 0.00664189
 0.650603 0.18681 0.13455 0.0248489 0.00318815
 0.697152 0.242805 0.0321025 0.0231218 0.00481804
 0.115354 0.739312 0.11652 0.0154057 0.0134081
 0.676804 0.0697396 0.211818 0.0333838 0.00825534
 0.49148 0.414956 0.0201893 0.0613203 0.0120544
 0.212093 0.52853 0.211653 0.0102978 0.0374255
 0.731482 0.0969274 0.115103 0.0460938 0.0103932
 0.632763 0.313276 0.0194783 0.0231308 0.0113515
 0.112151 0.69487 0.164623 0.0102356 0.0181201
 0.217714 0.162223 0.485289 0.114971 0.0198033
 0.646172 0.131906 0.0460202 0.137669 0.0382332
pobs_PELACES
 0 0 0 0 0
 0 0 0 0 0
 0 0 0 0 0
 0 0 0 0 0
 0 0 0 0 0
 0 0 0 0 0
 0 0 0 0 0
 0 0 0 0 0
 0 0 0 0 0
 0 0 0 0 0
 0 0 0 0 0
 0 0 0 0 0
 0 0 0 0 0
 0 0 0 0 0
 0 0 0 0 0
 0 0 0 0 0
 0.505614 0.472636 0.0217494 0 0
 0 0 0 0 0
 0.443492 0.261883 0.143347 0.151278 0
 0.227955 0.32914 0.350689 0.0885471 0.00366901
 0.970185 0.0296113 0.000203453 0 0
 0.997202 0.00247181 0.000326279 0 0
 0.445219 0.490057 0.0546422 0.010081 0
 0.90214 0.0892962 0.00764917 0.000914606 0
 0 0 0 0 0
 0.581667 0.319106 0.0959925 0.00289975 0.000334073
 0.762889 0.0836404 0.116647 0.0363945 0.000428098
 0.88444 0.0763242 0.0277011 0.0115352 0
 0.521256 0.241999 0.230069 0.00667565 0
 0.616807 0.101726 0.260614 0.0208532 0
 0 0 0 0 0
ppred_PELACES
 0.683926 0.199797 0.0735012 0.0270396 0.0157364
 0.294377 0.57608 0.0818866 0.0301244 0.0175317
 0.172516 0.38393 0.362124 0.0514739 0.0299566
 0.776438 0.0674875 0.0724142 0.0683013 0.0153589
 0.594731 0.359218 0.0139015 0.0149163 0.0172328
 0.938376 0.0467145 0.0132149 0.000511407 0.0011827
 0.267903 0.710081 0.0166894 0.00472123 0.000605245
 0.388622 0.276703 0.32461 0.00762949 0.00243497
 0.856839 0.0815367 0.0278904 0.0327191 0.00101445
 0.885548 0.106614 0.00446424 0.00152703 0.00184696
 0.849192 0.142567 0.00767733 0.000321474 0.000242964
 0.638679 0.332237 0.0274948 0.00148062 0.000108855
 0.55924 0.347221 0.0860104 0.00711794 0.000411488
 0.636614 0.264282 0.0780724 0.0193394 0.00169299
 0.755066 0.194437 0.0367246 0.010849 0.00292266
 0.911075 0.077119 0.00937166 0.00177008 0.000663776
 0.314621 0.654889 0.0264427 0.00321337 0.000834526
 0.790225 0.101571 0.10339 0.00417463 0.000639059
 0.697848 0.267794 0.016636 0.0169339 0.000788418
 0.357483 0.531719 0.0981989 0.00610036 0.00649871
 0.662858 0.180258 0.12983 0.0239773 0.00307633
 0.710871 0.231806 0.0306483 0.0220744 0.00459979
 0.119014 0.736253 0.116038 0.015342 0.0133526
 0.685014 0.0679679 0.206436 0.0325357 0.00804562
 0.500184 0.407854 0.0198438 0.0602707 0.011848
 0.217442 0.524942 0.210216 0.0102279 0.0371715
 0.739637 0.0939836 0.111608 0.0446939 0.0100775
 0.639471 0.307554 0.0191225 0.0227083 0.0111441
 0.114469 0.693056 0.164193 0.0102089 0.0180728
 0.225184 0.160674 0.480655 0.113873 0.0196141
 0.658751 0.127217 0.044384 0.132774 0.036874
pobs_pel_tallas
 0 0 0 0 0 0 0 0 0 0 0 0 0 0 0 0 0 0 0 0 0 0 0 0 0 0
 0 0 0 0 0 0 0 0 0 0 0 0 0 0 0 0 0 0 0 0 0 0 0 0 0 0
 0 0 0 0 0 0 0 0 0 0 0 0 0 0 0 0 0 0 0 0 0 0 0 0 0 0
 0 0 0 0 0 0 0 0 0 0 0 0 0 0 0 0 0 0 0 0 0 0 0 0 0 0
 0 0 0 0 0 0 0 0 0 0 0 0 0 0 0 0 0 0 0 0 0 0 0 0 0 0
 0 0 0 0 0 0 0 0 0 0 0 0 0 0 0 0 0 0 0 0 0 0 0 0 0 0
 0 0 0 0 0 0 0 0 0 0 0 0 0 0 0 0 0 0 0 0 0 0 0 0 0 0
 0 0 0 0 0 0 0 0 0 0 0 0 0 0 0 0 0 0 0 0 0 0 0 0 0 0
 0 0 0 0 0 0 0 0 0 0 0 0 0 0 0 0 0 0 0 0 0 0 0 0 0 0
 0 0 0 0 0 0 0 0 0 0 0 0 0 0 0 0 0 0 0 0 0 0 0 0 0 0
 0 0 0 0 0 0 0 0 0 0 0 0 0 0 0 0 0 0 0 0 0 0 0 0 0 0
 0 0 0 0 0 0 0 0 0 0 0 0 0 0 0 0 0 0 0 0 0 0 0 0 0 0
 0.00862536 0 0 0.000197151 0.00414017 0.0128641 0.00837892 0.0270097 0.101434 0.158115 0.152841 0.127902 0.109271 0.109419 0.0830992 0.0579132 0.0238553 0.00714673 0.00463305 0.00128148 0.00103504 0.000492878 0.000147863 0.000147863 4.92878e-05 0
 0 0 0 0 0 0 0 0 0 0 0 0 0 0 0 0 0 0 0 0 0 0 0 0 0 0
 0 0 0 0 0 0 0 0.0054083 0.00873648 0.0413646 0.0450493 0.0745869 0.0622846 0.0627006 0.0613931 0.0827291 0.12552 0.122667 0.0946155 0.0697135 0.0546179 0.0294188 0.0215738 0.0213955 0.0102223 0.00600262
 0 0 0 0 0.00359764 0.0251062 0.0480494 0.140153 0.205849 0.193036 0.1447 0.116669 0.0760912 0.0342217 0.00950174 0.001854 0.000860785 0 0 0 0.000165536 0 0.000143464 0 0 0
 0 0 0 0 0 0 0 0.000145254 0.000435761 0.0275982 0.070085 0.0708112 0.156366 0.174668 0.174014 0.160142 0.0824315 0.0480064 0.0283245 0.00493863 0.00203355 0 0 0 0 0
 0 0 0 0 0 0 0 0 0 0 0 0 0 0 0 0 0 0 0 0 0 0 0 0 0 0
 0 0 1.00437e-05 0.000401748 0.00122533 0.00171747 0.00176769 0.0269171 0.070346 0.194647 0.189555 0.159765 0.064822 0.0314167 0.0384472 0.0292271 0.0345202 0.0313363 0.0194345 0.0106764 0.0143323 0.0359363 0.0279516 0.0138201 0.00172751 0
 0 0.0021121 0.0136068 0.0755702 0.200478 0.177729 0.0527432 0.0373336 0.0318909 0.0142505 0.0149659 0.0166563 0.0217959 0.0798694 0.0677717 0.0528807 0.04013 0.0224614 0.0357745 0.0225083 0.00881397 0.00855152 0.00135912 0.000746735 0 0
 0 0 0 0 5.4009e-05 0.00500934 0.000945158 0.0243581 0.138947 0.33067 0.221406 0.137944 0.0707744 0.0437923 0.0131692 0.00525238 0.0047753 0.00276346 9.45158e-05 9.00151e-06 2.25038e-05 9.00151e-06 4.50075e-06 0 0 0
 0.000866109 0.00284123 0.00948549 0.0512746 0.133035 0.25785 0.225252 0.132002 0.0553304 0.0519788 0.0540692 0.017754 0.00435017 0.00159236 0.00146478 0.000404838 0.000125132 0.000115318 0.000107957 0.000100596 0 0 0 0 0 0
 0 0 0 0 0.00144013 0.00171154 0.00461396 0.0210425 0.0478622 0.0707936 0.0888783 0.103762 0.0637923 0.0337046 0.0602308 0.124433 0.169614 0.0934646 0.0462172 0.0250306 0.0313229 0.00938855 0.002487 0.000210481 0 0
 0 0.00764035 0.051015 0.0998891 0.058973 0.0496711 0.0374665 0.0718981 0.12319 0.153886 0.159021 0.0857701 0.0377988 0.023471 0.0147837 0.00900784 0.00315554 0.000888139 0.00291439 0.00214683 0.00393193 0.00274676 0.000635225 9.99891e-05 0 0
 0 0 0 0 0 0 0 0 0 0 0 0 0 0 0 0 0 0 0 0 0 0 0 0 0 0
 0 0 0 0 0 0 0 0 0 0 0 0 0 0 0 0 0 0 0 0 0 0 0 0 0 0
 0 0 0 0 0 0 0 0 0 0 0 0 0 0 0 0 0 0 0 0 0 0 0 0 0 0
 0 0 0 0 0 0 0 0 0 0 0 0 0 0 0 0 0 0 0 0 0 0 0 0 0 0
 0 0 0 0 0 0 0 0 0 0 0 0 0 0 0 0 0 0 0 0 0 0 0 0 0 0
 0 0 0 0 0 0 0 0 0 0 0 0 0 0 0 0 0 0 0 0 0 0 0 0 0 0
 0 0 0 0 0 0 0 0 0 0 0 0 0 0 0 0 0 0 0 0 0 0 0 0 0 0
ppred_pel_tallas
 1.07547e-16 5.63341e-05 0.000547587 0.00363891 0.016542 0.0514683 0.109659 0.160055 0.160075 0.109754 0.051786 0.0174604 0.00594832 0.00560241 0.00969601 0.0160454 0.0233582 0.0299068 0.0339699 0.03477 0.0329091 0.029878 0.027049 0.0249605 0.0233251 0.0215384
 1.08499e-16 2.42476e-05 0.000235695 0.00156628 0.00712012 0.0221536 0.0472027 0.0689054 0.0689609 0.0474741 0.0230648 0.00975186 0.00817277 0.0146593 0.0274224 0.0453107 0.0653067 0.0822121 0.0907452 0.0884909 0.0773428 0.062199 0.0479981 0.037402 0.0304651 0.0258132
 1.2078e-16 1.421e-05 0.000138126 0.000917899 0.00417266 0.0129829 0.0276628 0.0403825 0.04042 0.0278463 0.0136003 0.00596238 0.00543428 0.0100768 0.0191224 0.0321997 0.0478064 0.0630961 0.0750893 0.0823072 0.0853857 0.0860778 0.0855638 0.0835908 0.0790306 0.071119
 1.11556e-16 6.39542e-05 0.000621658 0.00413113 0.0187795 0.0584301 0.124492 0.181701 0.181707 0.124524 0.0585395 0.0190969 0.00493421 0.00239617 0.00349815 0.00585346 0.00883846 0.0120084 0.0149759 0.0176297 0.0201834 0.0229236 0.0258482 0.0285037 0.0301569 0.0301624
 1.04906e-16 4.89873e-05 0.000476174 0.00316435 0.0143847 0.0447563 0.0953592 0.139187 0.139221 0.0955281 0.0453232 0.0160215 0.00727061 0.00943214 0.0170348 0.0280251 0.0402318 0.0503208 0.0549455 0.0526032 0.0445715 0.0341027 0.0245313 0.0177363 0.0138378 0.0118859
 1.00645e-16 7.72928e-05 0.000751314 0.00499275 0.0226963 0.0706166 0.150456 0.219596 0.219601 0.150478 0.0706907 0.0229104 0.00553062 0.00192705 0.00231477 0.00371621 0.00537295 0.00681235 0.00760721 0.00755731 0.006797 0.00568979 0.00459772 0.00370958 0.00302861 0.00247136
 1.0124e-16 2.20669e-05 0.000214499 0.00142542 0.0064798 0.0201614 0.0429586 0.0627137 0.062782 0.0432923 0.0212814 0.00971299 0.00953447 0.0178944 0.033534 0.0552318 0.0791584 0.0986955 0.107114 0.101315 0.0837244 0.0607631 0.0391581 0.0229261 0.0127364 0.00717031
 1.10616e-16 3.20103e-05 0.000311152 0.00206772 0.00939955 0.0292456 0.0623119 0.0909517 0.0909788 0.0624446 0.0296924 0.0106955 0.00534161 0.0075274 0.0139393 0.023519 0.0350938 0.0466503 0.0560465 0.062115 0.0650688 0.0658139 0.0648573 0.061866 0.0562055 0.0478246
 1.04279e-16 7.05767e-05 0.000686031 0.00455892 0.0207242 0.0644807 0.137383 0.200516 0.200524 0.137422 0.0646104 0.0210993 0.00550235 0.00275198 0.00401355 0.00657574 0.00959241 0.0123396 0.0141402 0.0147102 0.0143223 0.0135869 0.013023 0.0127594 0.0125561 0.0120505
 1.00622e-16 7.29415e-05 0.000709017 0.00471167 0.0214186 0.0666411 0.141986 0.207235 0.207246 0.142037 0.0668094 0.0219043 0.00593005 0.00336605 0.00511121 0.0083137 0.0119208 0.0148896 0.016213 0.0154312 0.0129098 0.00960606 0.006515 0.00421832 0.00279383 0.00201043
 1.00332e-16 6.99468e-05 0.000679908 0.00451823 0.0205392 0.0639052 0.136157 0.198728 0.198742 0.136224 0.0641302 0.0211888 0.00614781 0.00423385 0.00680932 0.0111196 0.0159479 0.0199203 0.0216871 0.0206251 0.0172108 0.0127114 0.00845081 0.00521313 0.0031253 0.00191375
 1.01046e-16 5.26072e-05 0.000511361 0.00339817 0.0154476 0.0480635 0.102406 0.149471 0.149503 0.102562 0.0485881 0.0169626 0.00719921 0.00880338 0.0157838 0.0259659 0.0372938 0.0466715 0.0509752 0.0487541 0.041096 0.0309052 0.0212012 0.0137529 0.00882825 0.00580528
 1.03355e-16 4.60639e-05 0.000447758 0.00297551 0.0135262 0.0420854 0.0896685 0.130881 0.130914 0.0898323 0.0426356 0.0151161 0.00696891 0.00917386 0.0166431 0.0275047 0.0397621 0.0502979 0.055943 0.0551978 0.0490743 0.0403208 0.0317005 0.0246958 0.0193919 0.0151966
 1.04547e-16 5.24371e-05 0.000509707 0.00338718 0.0153977 0.047908 0.102074 0.148985 0.149011 0.102199 0.0483273 0.0166096 0.00643256 0.0071685 0.0127302 0.0210448 0.030503 0.0387609 0.043452 0.0434683 0.0395768 0.0338092 0.0281501 0.0235729 0.0199955 0.0168746
 1.02693e-16 6.21939e-05 0.000604546 0.00401742 0.0182626 0.0568219 0.121066 0.176703 0.176722 0.121158 0.0571298 0.0191519 0.00625037 0.00548174 0.0093327 0.0153511 0.0221565 0.0279655 0.0310016 0.030445 0.026907 0.0219897 0.0172983 0.0136836 0.0111542 0.00928401
 1.00581e-16 7.50441e-05 0.000729455 0.00484749 0.022036 0.0685621 0.146079 0.213208 0.213216 0.146115 0.068684 0.022388 0.00573102 0.00265777 0.00373595 0.00605401 0.0087054 0.0109292 0.0120047 0.0115996 0.0099633 0.00775615 0.00565566 0.00404513 0.00296398 0.00225699
 1.01394e-16 2.5915e-05 0.000251903 0.00167399 0.00760976 0.0236771 0.0504489 0.0736449 0.0737079 0.0507568 0.0247104 0.0105928 0.00915659 0.0165686 0.0309615 0.051006 0.0731473 0.0912961 0.0992604 0.0941809 0.0782685 0.0573893 0.0376775 0.0227786 0.0132873 0.00792105
 1.03537e-16 6.50898e-05 0.000632696 0.00420449 0.019113 0.0594677 0.126703 0.184928 0.184938 0.126751 0.0596312 0.019587 0.00540076 0.00326586 0.00512932 0.00854138 0.0126793 0.0167346 0.0198967 0.0217381 0.0223756 0.0222207 0.0215601 0.0203571 0.0184113 0.0156683
 1.02381e-16 5.74809e-05 0.000558734 0.00371299 0.0168787 0.0525161 0.111892 0.163315 0.163341 0.112018 0.0529389 0.0180997 0.00677629 0.00724133 0.0127356 0.0209293 0.0300653 0.0376479 0.0411805 0.0395283 0.0336085 0.0257922 0.0185096 0.0131298 0.00975995 0.00776682
 1.04682e-16 2.94455e-05 0.000286221 0.00190204 0.00864643 0.0269025 0.0573206 0.0836718 0.0837231 0.0575712 0.027744 0.0110773 0.00800531 0.0136144 0.0253557 0.0419058 0.0604415 0.0761611 0.0841657 0.08216 0.071779 0.0574102 0.0435188 0.0325788 0.0248073 0.0192215
 1.06718e-16 5.45988e-05 0.000530719 0.00352682 0.0160324 0.0498829 0.106281 0.155124 0.155142 0.106367 0.0501714 0.016868 0.00563236 0.00515404 0.00891406 0.0148566 0.0218776 0.0285179 0.033298 0.035495 0.0354743 0.0342409 0.0326153 0.0307483 0.0282887 0.0249049
 1.03936e-16 5.85536e-05 0.000569161 0.00378228 0.0171937 0.0534961 0.11398 0.166362 0.166384 0.114089 0.0538627 0.0182527 0.00644061 0.00637308 0.0110838 0.0182387 0.0262885 0.033109 0.0365828 0.0357534 0.0313984 0.0254963 0.0200243 0.0160197 0.0134512 0.01171
 1.07336e-16 9.80319e-06 9.52906e-05 0.000633243 0.00287867 0.008957 0.0190865 0.0278721 0.0279431 0.0194333 0.0101216 0.00624264 0.009078 0.0185327 0.035033 0.0579191 0.0834744 0.105053 0.115864 0.112752 0.0980501 0.0779429 0.0587263 0.0438914 0.033711 0.0266997
 1.106e-16 5.64237e-05 0.000548459 0.0036447 0.0165683 0.0515501 0.109833 0.160306 0.160313 0.109867 0.0516642 0.0169018 0.00449728 0.00246034 0.00383624 0.00664163 0.0104702 0.0150659 0.020155 0.0255418 0.0310497 0.0362795 0.0404408 0.0425194 0.0417465 0.0380419
 1.08727e-16 4.11996e-05 0.000400474 0.00266129 0.0120979 0.0376412 0.0802 0.117063 0.117102 0.0803919 0.0382853 0.0139579 0.00732857 0.0105842 0.0193683 0.0319226 0.0459177 0.0576362 0.0633529 0.061436 0.0533785 0.0428413 0.0334731 0.0271685 0.0237765 0.0219741
 1.13517e-16 1.79105e-05 0.000174097 0.00115694 0.0052593 0.0163639 0.0348669 0.0508999 0.0509507 0.0351153 0.0171985 0.00767255 0.00722483 0.0134545 0.0253398 0.0421245 0.0612892 0.0783451 0.088682 0.090121 0.0840935 0.0744183 0.0647438 0.0567326 0.0500704 0.0436846
 1.09433e-16 6.0923e-05 0.000592193 0.00393533 0.0178895 0.0556608 0.118591 0.17309 0.173099 0.118637 0.0558129 0.0183311 0.00505223 0.00305814 0.00482623 0.00809857 0.012171 0.0163875 0.0201133 0.023062 0.0253949 0.0274326 0.0292306 0.0304072 0.0303662 0.0287002
 1.04794e-16 5.26724e-05 0.000511995 0.00340239 0.0154668 0.048123 0.102532 0.149655 0.149685 0.102677 0.0486087 0.0168692 0.00692137 0.00818946 0.0146208 0.0240558 0.0345777 0.0433459 0.0475172 0.0458186 0.0393341 0.0308061 0.0230165 0.0174882 0.0142536 0.0124706
 1.08998e-16 9.42881e-06 9.16515e-05 0.00060906 0.00276874 0.00861493 0.0183575 0.0268073 0.0268742 0.0186844 0.00971296 0.00594149 0.00857784 0.0175032 0.0331226 0.0548615 0.0793017 0.100286 0.111506 0.109996 0.0978329 0.0805696 0.0637811 0.0504388 0.0406511 0.0330997
 1.28651e-16 1.85482e-05 0.000180295 0.00119812 0.0054465 0.0169462 0.0361062 0.0527015 0.0527177 0.0361859 0.0172159 0.00623524 0.00321444 0.00470303 0.00896416 0.0157233 0.0248342 0.0358194 0.048098 0.0612867 0.075047 0.0884762 0.0996599 0.106038 0.105529 0.0976543
 1.20869e-16 5.42605e-05 0.000527431 0.00350497 0.0159331 0.0495738 0.105623 0.154162 0.154174 0.105683 0.0497769 0.0165213 0.00498678 0.00378091 0.00629089 0.0104745 0.0154855 0.0203857 0.0243345 0.0271424 0.0294546 0.0322896 0.0362409 0.0409456 0.0451824 0.0474722
pSPR Fmed_Fpbrs
0.537068   0.285935 0.285935
Fs Fmed_Fpbrs
0.426342   1.005 1.005
SSBpbr Bo_Bmed_Bpbrs
1.68647e+06  821428  397899 397899
Ro
120165
SPR SPRFo_SPRFmed_SPRFpbrs
855653 459544 244662
Fref
1.005
log_Ro
11.5166
likeval ReclasPelacesDesembMPH_pf_preclas_ppelaces_ptallas_desvR_qrecl_qpela
 36.4354 31.7453 0.194722 0.00250524 246.362 141.932 94.8697 0 50.1476 0 0 0.177867 0 0 0
q_reclas_q_pelaces
1 1
M
1
N
 317245 52924.4 19469.8 7162.54 4168.43
 84953.7 99441.7 14135.1 5200 3026.28
 18950.1 25183 23752.7 3376.31 1964.94
 73509.5 5628.89 6039.81 5696.77 1281.03
 32887.6 13666.9 528.9 567.511 655.646
 250060 8235.9 2329.83 90.1626 208.514
 27313.5 65647.1 1542.94 436.478 55.955
 11334.3 4904.46 5753.59 135.23 43.1589
 37125.4 3296.16 1127.48 1322.69 41.0096
 62116.5 6441.3 269.717 92.2593 111.588
 131884 11866.9 639.044 26.7587 20.2238
 135196 44622.3 3692.8 198.86 14.6202
 94372.9 37327.1 9246.34 765.197 44.236
 78804 25930.2 7660.15 1897.5 166.109
 97456.8 16640.8 3143.04 928.499 250.134
 479122 25515.9 3100.75 585.657 219.62
 115213 133636 5395.89 655.719 170.293
 490371 37195.4 37861.4 1528.75 234.023
 639041 147746 9178.34 9342.7 434.982
 215942 187790 34681.5 2154.5 2295.19
 422047 65794.6 47388.4 8751.77 1122.87
 684369 131679 17410 12539.5 2612.94
 60994.9 206225 32502.4 4297.31 3740.08
 369469 20157.3 61223.1 9649.16 2386.1
 272376 121213 5897.5 17912.3 3521.19
 68971 90167.5 36108.1 1756.81 6384.82
 326458 23047.8 27369.8 10960.4 2471.34
 408908 105767 6576.19 7809.36 3832.45
 42947.3 137782 32642.3 2029.56 3592.93
 37030.4 14732.3 44071.4 10441.1 1798.43
 107607 11946.3 4167.89 12468.2 3462.66
pred_Ctot
 30058.4 9408.04 3461.03 1273.24 740.996
 10614.6 22828.9 3245 1193.77 694.746
 2347.31 5735.68 5409.92 768.99 447.534
 24273.5 2943.43 3158.3 2978.92 669.868
 6847.4 4929.02 190.749 204.674 236.46
 46524.4 2696.72 762.866 29.5223 68.2746
 9359.53 35291.2 829.469 234.646 30.0808
 1529.95 1207.88 1417.01 33.3047 10.6293
 13166 1817.39 621.654 729.283 22.6112
 19892 3291.01 137.805 47.1375 57.0131
 6738.54 1171.95 63.1106 2.64264 1.99726
 21824.8 12900.9 1067.63 57.493 4.22689
 15462.1 10934.2 2708.51 224.147 12.958
 22189.7 11988.7 3541.62 877.299 76.7996
 18257.9 5481.5 1035.33 305.849 82.3945
 74905.5 7170 871.312 164.57 61.7133
 9011.74 19834.7 800.875 97.324 25.2754
 57025.4 7995.4 8138.58 328.615 50.3049
 82775.8 35050.6 2177.43 2216.42 103.193
 23811.2 38435.9 7098.42 440.972 469.767
 41070.8 11991.3 8636.72 1595.05 204.647
 79533.5 28288.4 3740.15 2693.83 561.332
 3954.67 25604.3 4035.4 533.54 464.356
 25509.1 2657.42 8071.29 1272.09 314.569
 17390.7 14830 721.542 2191.51 430.808
 4026.84 10125.2 4054.69 197.277 716.969
 24879.5 3337.59 3963.46 1587.19 357.879
 21887.4 10924.5 679.242 806.615 395.846
 1844.14 11498.4 2724.11 169.374 299.843
 2911.59 2197.42 6573.56 1557.36 268.248
 10671.5 2215.99 773.127 2312.8 642.309
F
 0.160103 0.320205 0.320205 0.320205 0.320205
 0.215937 0.431875 0.431875 0.431875 0.431875
 0.213898 0.427796 0.427796 0.427796 0.427796
 0.682434 1.36487 1.36487 1.36487 1.36487
 0.384593 0.769185 0.769185 0.769185 0.769185
 0.337407 0.674813 0.674813 0.674813 0.674813
 0.717235 1.43447 1.43447 1.43447 1.43447
 0.235079 0.470158 0.470158 0.470158 0.470158
 0.75157 1.50314 1.50314 1.50314 1.50314
 0.655256 1.31051 1.31051 1.31051 1.31051
 0.0836849 0.16737 0.16737 0.16737 0.16737
 0.287003 0.574007 0.574007 0.574007 0.574007
 0.291845 0.583689 0.583689 0.583689 0.583689
 0.555109 1.11022 1.11022 1.11022 1.11022
 0.340106 0.680212 0.680212 0.680212 0.680212
 0.276833 0.553666 0.553666 0.553666 0.553666
 0.130595 0.261189 0.261189 0.261189 0.261189
 0.199669 0.399338 0.399338 0.399338 0.399338
 0.224644 0.449288 0.449288 0.449288 0.449288
 0.188474 0.376949 0.376949 0.376949 0.376949
 0.164747 0.329493 0.329493 0.329493 0.329493
 0.199527 0.399054 0.399054 0.399054 0.399054
 0.107222 0.214445 0.214445 0.214445 0.214445
 0.11452 0.22904 0.22904 0.22904 0.22904
 0.105515 0.21103 0.21103 0.21103 0.21103
 0.0961143 0.192229 0.192229 0.192229 0.192229
 0.127059 0.254117 0.254117 0.254117 0.254117
 0.0878169 0.175634 0.175634 0.175634 0.175634
 0.0699311 0.139862 0.139862 0.139862 0.139862
 0.131315 0.262631 0.262631 0.262631 0.262631
 0.168121 0.336243 0.336243 0.336243 0.336243
nmprior
 8 9 7.5 0
nm_flota  nm_reclas  nm_pelaces    nm_pelaL
inf 6.32513 5.45666 7.66147
cv_recla  cv_pelaces  cv_mph
0.545993 0.662986 1.54465
 ------------------------------------------------
Talla a la edad & desviación 
 8 13.2811 15.8009 17.003 17.5766
 0.8 1.32811 1.58009 1.7003 1.75766
