years
 1991 1992 1993 1994 1995 1996 1997 1998 1999 2000 2001 2002 2003 2004 2005 2006 2007 2008 2009 2010 2011 2012 2013 2014 2015 2016 2017 2018 2019 2020 2021
reclasobs
 0 0 0 0 0 0 0 0 0 252601 567819 844713 477998 351125 339783 2.1784e+06 2.13404e+06 4.81314e+06 1.55562e+06 2.62356e+06 3.21686e+06 3.843e+06 1.13348e+06 3.07943e+06 1.97215e+06 2.03268e+06 2.025e+06 2.42433e+06 2.27542e+06 1.05018e+06 2.36338e+06
reclaspred
 3.08021e+06 2.4414e+06 1.39878e+06 1.26737e+06 1.6158e+06 2.18049e+06 1.70546e+06 1.57991e+06 1.14643e+06 843062 650028 742062 726967 626232 732589 1.23944e+06 1.80733e+06 2.72258e+06 2.4821e+06 2.00544e+06 3.47408e+06 2.75727e+06 2.68424e+06 3.27325e+06 2.85643e+06 2.72579e+06 2.73525e+06 2.60994e+06 2.89355e+06 2.12371e+06 3.27194e+06
pelacesobs
 0 0 0 0 0 0 0 0 0 0 0 0 0 0 0 552880 188675 0 991730 2.46772e+06 1.41603e+06 1.21717e+06 2.29649e+06 1.80582e+06 0 1.4828e+06 1.56532e+06 1.57751e+06 1.42118e+06 867257 0
pelacespred
 1.33815e+06 1.18675e+06 717076 576042 726246 982986 800139 813096 622544 427710 354769 319512 332552 309461 380208 536704 763106 1.22065e+06 1.23543e+06 950769 1.44675e+06 1.37955e+06 1.27888e+06 1.65805e+06 1.489e+06 1.35017e+06 1.52483e+06 1.50271e+06 1.34152e+06 1.09909e+06 1.61516e+06
mphobs
 0 0 0 0 0 0 0 0 0 0 0 498337 0 5186 125008 0 168611 109162 213762 579715 649985 157893 87575 83554 0 0 0 0 0 0 0
mphpred
 2.32067e+06 2.52906e+06 1.48409e+06 885333 1.16518e+06 1.47413e+06 1.72893e+06 1.20592e+06 1.14639e+06 804433 525905 581078 561623 496065 424968 666711 1.2946e+06 1.58987e+06 2.13947e+06 1.76172e+06 2.011e+06 2.48117e+06 2.24221e+06 2.08265e+06 2.67951e+06 2.23121e+06 1.98691e+06 2.02705e+06 2.5732e+06 1.91763e+06 1.41647e+06
desembarqueobs
 494567 514787 250237 358949 120608 361735 552515 73892 212993 205616 52469 317467 293654 387597 252695 516296 358380 742168 942051 627588 828172 859565 418607 520667 417249 300574 407403 355545 319650 289779 219260
desembarquepred
 494436 507942 253542 358983 120683 361889 552774 73973.9 213134 205725 52522.4 317712 294065 387722 252900 516387 358460 742445 942731 627845 828317 859340 418573 521152 417680 300745 407230 355273 319605 290041 219124
Reclutas
 541153 89295.5 123258 325681 298245 338449 155845 107649 69306.2 83864.7 134238 160019 150199 125191 160693 492085 216310 666695 534076 403324 577181 695231 229265 471393 415793 228377 422972 430605 182547 197074 885089
log_desv_Rt
 0.748517 -1.05323 -0.730902 0.240735 0.15273 0.27919 -0.496321 -0.866313 -1.30665 -1.11598 -0.645569 -0.469891 -0.533226 -0.715344 -0.465687 0.653466 -0.16847 0.957148 0.735354 0.454555 0.812971 0.999059 -0.110308 0.610507 0.485004 -0.114188 0.502121 0.520006 -0.338176 -0.261608 1.2405
SSB
 2.32067e+06 2.52906e+06 1.48409e+06 885333 1.16518e+06 1.47413e+06 1.72893e+06 1.20592e+06 1.14639e+06 804433 525905 581078 561623 496065 424968 666711 1.2946e+06 1.58987e+06 2.13947e+06 1.76172e+06 2.011e+06 2.48117e+06 2.24221e+06 2.08265e+06 2.67951e+06 2.23121e+06 1.98691e+06 2.02705e+06 2.5732e+06 1.91763e+06 1.41647e+06
BT
 4.08927e+06 3.3215e+06 1.98723e+06 2.09381e+06 2.12865e+06 3.2632e+06 2.53485e+06 2.42647e+06 1.8827e+06 1.35675e+06 1.09465e+06 1.22275e+06 1.28577e+06 1.42615e+06 1.60189e+06 2.30892e+06 2.45238e+06 4.67744e+06 4.63317e+06 3.25576e+06 5.27459e+06 4.78912e+06 3.86351e+06 5.89788e+06 4.37927e+06 4.03298e+06 5.30353e+06 5.0983e+06 3.61852e+06 3.26321e+06 6.01629e+06
Ftot
 0.152274 0.196234 0.171403 0.266452 0.0712881 0.157379 0.302855 0.044777 0.175881 0.229733 0.0771108 0.397579 0.376503 0.567303 0.324101 0.389212 0.187562 0.25683 0.354216 0.293468 0.224925 0.292215 0.147877 0.151162 0.138793 0.105013 0.141435 0.129449 0.105075 0.129722 0.0640191
BD_Bspro_t
 0.975931 0.865063 0.737123 0.669249 0.723526 0.804772 0.782226 0.679303 0.746546 0.712842 0.680039 0.768151 0.650567 0.573313 0.517868 0.612838 0.674734 0.704342 0.713539 0.643372 0.630527 0.672575 0.681104 0.701494 0.773208 0.781906 0.797997 0.817326 0.843531 0.803226 0.803674
BD_Bspro
 1.27306 1.38738 0.814135 0.485673 0.639189 0.808673 0.948447 0.66154 0.62888 0.441293 0.288499 0.318765 0.308093 0.272129 0.233127 0.365742 0.710185 0.872162 1.17366 0.966435 1.10319 1.36111 1.23002 1.14249 1.46992 1.22399 1.08997 1.11199 1.4116 1.05196 0.777041
BD_Bo
 1.0379 1.1311 0.663747 0.395958 0.521116 0.659293 0.773248 0.539339 0.512712 0.359776 0.235206 0.259882 0.251181 0.221861 0.190063 0.298181 0.578998 0.711055 0.956858 0.787913 0.899403 1.10968 1.00281 0.93145 1.19839 0.997893 0.888629 0.90658 1.15084 0.857643 0.633505
BD_Brms
 4.39909 4.79412 2.81325 1.67825 2.20872 2.79438 3.27737 2.28596 2.1731 1.52489 0.99691 1.1015 1.06462 0.940346 0.805574 1.26382 2.45405 3.01377 4.05559 3.33953 3.81207 4.70333 4.25036 3.9479 5.07932 4.22951 3.76641 3.84249 4.87779 3.63507 2.68508
Sel_flota
 0.5 1 1 1 1
 0.5 1 1 1 1
 0.5 1 1 1 1
 0.5 1 1 1 1
 0.5 1 1 1 1
 0.5 1 1 1 1
 0.5 1 1 1 1
 0.5 1 1 1 1
 0.5 1 1 1 1
 0.5 1 1 1 1
 0.5 1 1 1 1
 0.5 1 1 1 1
 0.5 1 1 1 1
 0.5 1 1 1 1
 0.5 1 1 1 1
 0.5 1 1 1 1
 0.5 1 1 1 1
 0.5 1 1 1 1
 0.5 1 1 1 1
 0.5 1 1 1 1
 0.5 1 1 1 1
 0.5 1 1 1 1
 0.5 1 1 1 1
 0.5 1 1 1 1
 0.5 1 1 1 1
 0.5 1 1 1 1
 0.5 1 1 1 1
 0.5 1 1 1 1
 0.5 1 1 1 1
 0.5 1 1 1 1
 0.5 1 1 1 1
Sel_reclas
 0.5 1 1 1 1
 0.5 1 1 1 1
 0.5 1 1 1 1
 0.5 1 1 1 1
 0.5 1 1 1 1
 0.5 1 1 1 1
 0.5 1 1 1 1
 0.5 1 1 1 1
 0.5 1 1 1 1
 0.5 1 1 1 1
 0.5 1 1 1 1
 0.5 1 1 1 1
 0.5 1 1 1 1
 0.5 1 1 1 1
 0.5 1 1 1 1
 0.5 1 1 1 1
 0.5 1 1 1 1
 0.5 1 1 1 1
 0.5 1 1 1 1
 0.5 1 1 1 1
 0.5 1 1 1 1
 0.5 1 1 1 1
 0.5 1 1 1 1
 0.5 1 1 1 1
 0.5 1 1 1 1
 0.5 1 1 1 1
 0.5 1 1 1 1
 0.5 1 1 1 1
 0.5 1 1 1 1
 0.5 1 1 1 1
 0.5 1 1 1 1
Sel_pelaces
 0.5 1 1 1 1
 0.5 1 1 1 1
 0.5 1 1 1 1
 0.5 1 1 1 1
 0.5 1 1 1 1
 0.5 1 1 1 1
 0.5 1 1 1 1
 0.5 1 1 1 1
 0.5 1 1 1 1
 0.5 1 1 1 1
 0.5 1 1 1 1
 0.5 1 1 1 1
 0.5 1 1 1 1
 0.5 1 1 1 1
 0.5 1 1 1 1
 0.5 1 1 1 1
 0.5 1 1 1 1
 0.5 1 1 1 1
 0.5 1 1 1 1
 0.5 1 1 1 1
 0.5 1 1 1 1
 0.5 1 1 1 1
 0.5 1 1 1 1
 0.5 1 1 1 1
 0.5 1 1 1 1
 0.5 1 1 1 1
 0.5 1 1 1 1
 0.5 1 1 1 1
 0.5 1 1 1 1
 0.5 1 1 1 1
 0.5 1 1 1 1
pf_obs 
 0.8446 0.082 0.0669 0.0065 0
 0.8095 0.147 0.0364 0.0071 0
 0.9664 0.0169 0.016 0.0007 0
 0.9276 0.0648 0.0075 0.0001 0
 0.7033 0.2144 0.0806 0.0017 0
 0.9318 0.0425 0.0243 0.0014 0
 0.5671 0.3108 0.0964 0.0239 0.0018
 0.0768 0.2599 0.5324 0.112 0.0189
 0.490249 0.384438 0.106611 0.0170017 0.00170017
 0.7925 0.1577 0.0466 0.003 0.0002
 0.840416 0.127587 0.0312969 0.00059994 9.999e-05
 0.8084 0.0986 0.0794 0.0134 0.0002
 0.7335 0.1905 0.0724 0.0035 0.0001
 0.4001 0.4547 0.1325 0.0127 0
 0.49795 0.308269 0.164784 0.0264974 0.00249975
 0.9179 0.0499 0.0305 0.0017 0
 0.2467 0.6533 0.0926 0.0074 0
 0.9418 0.0223 0.034 0.0019 0
 0.707729 0.231977 0.0356964 0.0245975 0
 0.517169 0.277429 0.184464 0.0207286 0.00020938
 0.811772 0.124168 0.05621 0.00726502 0.000585176
 0.764997 0.148141 0.077277 0.00933861 0.000247198
 0.163321 0.427699 0.378323 0.0303852 0.000271297
 0.753843 0.0900009 0.118128 0.0371064 0.000921714
 0.721811 0.176058 0.0630433 0.0369309 0.00215725
 0.143369 0.312575 0.442814 0.0836902 0.0175525
 0.692698 0.0596174 0.167031 0.0765114 0.00414204
 0.394062 0.376323 0.152708 0.0712218 0.00568511
 0.125707 0.32114 0.495352 0.0537591 0.00404204
 0.23352 0.215282 0.420074 0.123614 0.00750983
 0 0 0 0 0
pf_pred 
 0.610125 0.246448 0.0906632 0.0333531 0.0194107
 0.161728 0.642134 0.123983 0.0456107 0.0265444
 0.383513 0.178952 0.335161 0.0647127 0.0376613
 0.700615 0.169723 0.037638 0.0704929 0.0215318
 0.546552 0.378724 0.0423616 0.0093942 0.0229687
 0.539963 0.327138 0.110998 0.0124156 0.00948512
 0.338372 0.470366 0.136008 0.0461479 0.00910528
 0.368081 0.333858 0.211899 0.0612715 0.0248914
 0.334269 0.360393 0.161317 0.102388 0.0416331
 0.491634 0.261337 0.133729 0.0598591 0.0534411
 0.625771 0.252374 0.062642 0.0320547 0.0271579
 0.584947 0.321167 0.0633154 0.0157156 0.0148552
 0.560538 0.334303 0.0813715 0.0160417 0.00774546
 0.530514 0.347802 0.0925664 0.0225312 0.00658651
 0.643089 0.260204 0.0716419 0.0190673 0.00599782
 0.808522 0.152969 0.0280749 0.00772986 0.00270442
 0.405548 0.537836 0.0452293 0.00830107 0.00308517
 0.741032 0.152941 0.0959285 0.0080671 0.00203085
 0.533407 0.401599 0.038384 0.0240754 0.0025343
 0.482619 0.371392 0.125654 0.0120097 0.00832573
 0.612574 0.259861 0.09157 0.030981 0.00501388
 0.599859 0.30881 0.0612591 0.0215865 0.00848537
 0.290535 0.543413 0.128151 0.0254216 0.0124794
 0.588643 0.189672 0.169799 0.0400431 0.0118428
 0.499269 0.375319 0.0578261 0.0517675 0.0158187
 0.355656 0.434973 0.156932 0.0241788 0.0282598
 0.59249 0.216956 0.128636 0.0464098 0.0155078
 0.534187 0.350279 0.0615098 0.0364698 0.0175544
 0.306741 0.488322 0.154107 0.0270616 0.0237682
 0.431118 0.271458 0.209501 0.0661154 0.0218071
 0.801458 0.121431 0.0367957 0.0283975 0.0119178
pobs_RECLAS
 0 0 0 0 0
 0 0 0 0 0
 0 0 0 0 0
 0 0 0 0 0
 0 0 0 0 0
 0 0 0 0 0
 0 0 0 0 0
 0 0 0 0 0
 0 0 0 0 0
 0 0 0 0 0
 0.991045 0.00858322 0.000360255 1.14367e-05 0
 0.934742 0.0480273 0.0164251 0.00080598 0
 0.827803 0.169806 0.00239088 0 0
 0.941827 0.0461693 0.0120037 0 0
 0.791401 0.0380133 0.147996 0.0225897 0
 0.846168 0.0940531 0.0597789 0 0
 0.134021 0.677848 0.182769 0.00536245 0
 0.80878 0.0450904 0.141981 0.00414843 0
 0.846168 0.0940531 0.0597789 0 0
 0.905697 0.0802665 0.012482 0.00150086 5.37128e-05
 0.989698 0.0102097 9.19794e-05 0 0
 0.975433 0.0193895 0.00387452 0.00125025 5.28907e-05
 0.303575 0.632131 0.0575291 0.00676475 0
 0.966965 0.00978017 0.0227588 0.000495775 0
 0.843318 0.132988 0.00938335 0.0141283 0.000182051
 0.564624 0.303363 0.111486 0.0197234 0.00080311
 0.826376 0.0876187 0.0782897 0.00655872 0.00115652
 0.89761 0.0855135 0.0140674 0.00269457 0.000114338
 0.34875 0.467042 0.161289 0.0227151 0.000203297
 0.318654 0.224769 0.449479 0.00709798 0
 0.937255 0.0296025 0.0250945 0.00804832 0
ppred_RECLAS
 0.611771 0.245407 0.0902803 0.0332123 0.0193288
 0.162976 0.641178 0.123798 0.0455428 0.0265048
 0.385381 0.178409 0.334146 0.0645166 0.0375472
 0.703337 0.168179 0.0372958 0.0698519 0.0213361
 0.547313 0.378088 0.0422905 0.00937842 0.0229302
 0.541747 0.325869 0.110568 0.0123674 0.00944834
 0.341763 0.467955 0.135311 0.0459114 0.00905862
 0.368522 0.333625 0.211751 0.0612287 0.0248741
 0.336079 0.359413 0.160878 0.102109 0.0415199
 0.494376 0.259927 0.133008 0.0595362 0.0531528
 0.626552 0.251848 0.0625113 0.0319878 0.0271012
 0.590017 0.317244 0.0625419 0.0155236 0.0146737
 0.565357 0.330638 0.0804793 0.0158658 0.00766054
 0.538624 0.341793 0.0909674 0.022142 0.00647273
 0.646837 0.257471 0.0708896 0.0188671 0.00593483
 0.811658 0.150463 0.027615 0.00760325 0.00266012
 0.407654 0.535931 0.0450691 0.00827167 0.00307424
 0.743418 0.151532 0.0950448 0.00799278 0.00201214
 0.537933 0.397704 0.0380117 0.0238418 0.00250972
 0.486255 0.368782 0.12477 0.0119253 0.00826721
 0.615113 0.258158 0.0909699 0.030778 0.00498102
 0.603332 0.30613 0.0607275 0.0213992 0.00841173
 0.29192 0.542352 0.127901 0.025372 0.012455
 0.590306 0.188905 0.169113 0.0398813 0.011795
 0.500834 0.374146 0.0576454 0.0516057 0.0157693
 0.356718 0.434257 0.156673 0.0241389 0.0282132
 0.594032 0.216136 0.128149 0.0462342 0.0154491
 0.53563 0.349194 0.0613192 0.0363568 0.0175
 0.307728 0.487627 0.153888 0.0270231 0.0237344
 0.432545 0.270777 0.208976 0.0659495 0.0217524
 0.801894 0.121164 0.0367148 0.0283351 0.0118916
pobs_PELACES
 0 0 0 0 0
 0 0 0 0 0
 0 0 0 0 0
 0 0 0 0 0
 0 0 0 0 0
 0 0 0 0 0
 0 0 0 0 0
 0 0 0 0 0
 0 0 0 0 0
 0 0 0 0 0
 0 0 0 0 0
 0 0 0 0 0
 0 0 0 0 0
 0 0 0 0 0
 0 0 0 0 0
 0 0 0 0 0
 0.505614 0.472636 0.0217494 0 0
 0 0 0 0 0
 0.443492 0.261883 0.143347 0.151278 0
 0.227955 0.32914 0.350689 0.0885471 0.00366901
 0.970185 0.0296113 0.000203453 0 0
 0.997202 0.00247181 0.000326279 0 0
 0.445219 0.490057 0.0546422 0.010081 0
 0.90214 0.0892962 0.00764917 0.000914606 0
 0 0 0 0 0
 0.581667 0.319106 0.0959925 0.00289975 0.000334073
 0.762889 0.0836404 0.116647 0.0363945 0.000428098
 0.88444 0.0763242 0.0277011 0.0115352 0
 0.521256 0.241999 0.230069 0.00667565 0
 0.616807 0.101726 0.260614 0.0208532 0
 0 0 0 0 0
ppred_PELACES
 0.617722 0.241646 0.0888966 0.0327032 0.0190325
 0.167442 0.637757 0.123138 0.0452998 0.0263635
 0.392101 0.176459 0.330492 0.0638112 0.0371366
 0.712427 0.163026 0.036153 0.0677115 0.0206823
 0.550226 0.375655 0.0420184 0.00931808 0.0227826
 0.548186 0.32129 0.109014 0.0121937 0.00931557
 0.353092 0.459902 0.132983 0.0451213 0.00890271
 0.370243 0.332715 0.211174 0.0610619 0.0248063
 0.342585 0.355891 0.159302 0.101109 0.0411131
 0.503852 0.255056 0.130515 0.0584204 0.0521566
 0.629524 0.249843 0.0620138 0.0317332 0.0268855
 0.605787 0.305041 0.0601363 0.0149265 0.0141093
 0.580555 0.319076 0.0776651 0.015311 0.00739266
 0.561785 0.324635 0.0864008 0.0210305 0.0061478
 0.658955 0.248637 0.0684571 0.0182197 0.00573119
 0.82128 0.142777 0.0262043 0.00721484 0.00252423
 0.415148 0.529151 0.0444989 0.00816703 0.00303535
 0.751418 0.146808 0.0920815 0.00774358 0.00194941
 0.552424 0.385231 0.0368196 0.0230941 0.00243101
 0.498358 0.360094 0.121831 0.0116444 0.00807246
 0.623861 0.25229 0.0889023 0.0300784 0.00486781
 0.614811 0.29727 0.0589701 0.0207799 0.0081683
 0.296989 0.53847 0.126986 0.0251903 0.0123659
 0.596324 0.18613 0.166629 0.0392954 0.0116217
 0.506559 0.369855 0.0569843 0.0510138 0.0155884
 0.360704 0.431566 0.155702 0.0239894 0.0280384
 0.599647 0.213146 0.126377 0.0455947 0.0152354
 0.540939 0.345202 0.0606182 0.0359412 0.0173
 0.311433 0.485017 0.153064 0.0268784 0.0236074
 0.437806 0.268267 0.207038 0.0653381 0.0215508
 0.803567 0.120141 0.0364048 0.0280959 0.0117911
pobs_pel_tallas
 0 0 0 0 0 0 0 0 0 0 0 0 0 0 0 0 0 0 0 0 0 0 0 0 0 0
 0 0 0 0 0 0 0 0 0 0 0 0 0 0 0 0 0 0 0 0 0 0 0 0 0 0
 0 0 0 0 0 0 0 0 0 0 0 0 0 0 0 0 0 0 0 0 0 0 0 0 0 0
 0 0 0 0 0 0 0 0 0 0 0 0 0 0 0 0 0 0 0 0 0 0 0 0 0 0
 0 0 0 0 0 0 0 0 0 0 0 0 0 0 0 0 0 0 0 0 0 0 0 0 0 0
 0 0 0 0 0 0 0 0 0 0 0 0 0 0 0 0 0 0 0 0 0 0 0 0 0 0
 0 0 0 0 0 0 0 0 0 0 0 0 0 0 0 0 0 0 0 0 0 0 0 0 0 0
 0 0 0 0 0 0 0 0 0 0 0 0 0 0 0 0 0 0 0 0 0 0 0 0 0 0
 0 0 0 0 0 0 0 0 0 0 0 0 0 0 0 0 0 0 0 0 0 0 0 0 0 0
 0 0 0 0 0 0 0 0 0 0 0 0 0 0 0 0 0 0 0 0 0 0 0 0 0 0
 0 0 0 0 0 0 0 0 0 0 0 0 0 0 0 0 0 0 0 0 0 0 0 0 0 0
 0 0 0 0 0 0 0 0 0 0 0 0 0 0 0 0 0 0 0 0 0 0 0 0 0 0
 0.00862536 0 0 0.000197151 0.00414017 0.0128641 0.00837892 0.0270097 0.101434 0.158115 0.152841 0.127902 0.109271 0.109419 0.0830992 0.0579132 0.0238553 0.00714673 0.00463305 0.00128148 0.00103504 0.000492878 0.000147863 0.000147863 4.92878e-05 0
 0 0 0 0 0 0 0 0 0 0 0 0 0 0 0 0 0 0 0 0 0 0 0 0 0 0
 0 0 0 0 0 0 0 0.0054083 0.00873648 0.0413646 0.0450493 0.0745869 0.0622846 0.0627006 0.0613931 0.0827291 0.12552 0.122667 0.0946155 0.0697135 0.0546179 0.0294188 0.0215738 0.0213955 0.0102223 0.00600262
 0 0 0 0 0.00359764 0.0251062 0.0480494 0.140153 0.205849 0.193036 0.1447 0.116669 0.0760912 0.0342217 0.00950174 0.001854 0.000860785 0 0 0 0.000165536 0 0.000143464 0 0 0
 0 0 0 0 0 0 0 0.000145254 0.000435761 0.0275982 0.070085 0.0708112 0.156366 0.174668 0.174014 0.160142 0.0824315 0.0480064 0.0283245 0.00493863 0.00203355 0 0 0 0 0
 0 0 0 0 0 0 0 0 0 0 0 0 0 0 0 0 0 0 0 0 0 0 0 0 0 0
 0 0 1.00437e-05 0.000401748 0.00122533 0.00171747 0.00176769 0.0269171 0.070346 0.194647 0.189555 0.159765 0.064822 0.0314167 0.0384472 0.0292271 0.0345202 0.0313363 0.0194345 0.0106764 0.0143323 0.0359363 0.0279516 0.0138201 0.00172751 0
 0 0.0021121 0.0136068 0.0755702 0.200478 0.177729 0.0527432 0.0373336 0.0318909 0.0142505 0.0149659 0.0166563 0.0217959 0.0798694 0.0677717 0.0528807 0.04013 0.0224614 0.0357745 0.0225083 0.00881397 0.00855152 0.00135912 0.000746735 0 0
 0 0 0 0 5.4009e-05 0.00500934 0.000945158 0.0243581 0.138947 0.33067 0.221406 0.137944 0.0707744 0.0437923 0.0131692 0.00525238 0.0047753 0.00276346 9.45158e-05 9.00151e-06 2.25038e-05 9.00151e-06 4.50075e-06 0 0 0
 0.000866109 0.00284123 0.00948549 0.0512746 0.133035 0.25785 0.225252 0.132002 0.0553304 0.0519788 0.0540692 0.017754 0.00435017 0.00159236 0.00146478 0.000404838 0.000125132 0.000115318 0.000107957 0.000100596 0 0 0 0 0 0
 0 0 0 0 0.00144013 0.00171154 0.00461396 0.0210425 0.0478622 0.0707936 0.0888783 0.103762 0.0637923 0.0337046 0.0602308 0.124433 0.169614 0.0934646 0.0462172 0.0250306 0.0313229 0.00938855 0.002487 0.000210481 0 0
 0 0.00764035 0.051015 0.0998891 0.058973 0.0496711 0.0374665 0.0718981 0.12319 0.153886 0.159021 0.0857701 0.0377988 0.023471 0.0147837 0.00900784 0.00315554 0.000888139 0.00291439 0.00214683 0.00393193 0.00274676 0.000635225 9.99891e-05 0 0
 0 0 0 0 0 0 0 0 0 0 0 0 0 0 0 0 0 0 0 0 0 0 0 0 0 0
 0 0 0 0 0 0 0 0 0 0 0 0 0 0 0 0 0 0 0 0 0 0 0 0 0 0
 0 0 0 0 0 0 0 0 0 0 0 0 0 0 0 0 0 0 0 0 0 0 0 0 0 0
 0 0 0 0 0 0 0 0 0 0 0 0 0 0 0 0 0 0 0 0 0 0 0 0 0 0
 0 0 0 0 0 0 0 0 0 0 0 0 0 0 0 0 0 0 0 0 0 0 0 0 0 0
 0 0 0 0 0 0 0 0 0 0 0 0 0 0 0 0 0 0 0 0 0 0 0 0 0 0
 0 0 0 0 0 0 0 0 0 0 0 0 0 0 0 0 0 0 0 0 0 0 0 0 0 0
ppred_pel_tallas
 1.09128e-16 5.0881e-05 0.000494581 0.00328667 0.0149407 0.0464863 0.0990448 0.144564 0.144587 0.0991591 0.0468704 0.0160515 0.0060798 0.00660817 0.0117097 0.019405 0.0282507 0.036171 0.0410851 0.0420528 0.0398022 0.0361362 0.0327146 0.0301887 0.0282107 0.0260498
 1.12721e-16 1.37921e-05 0.000134064 0.000890905 0.00404996 0.0126013 0.0268506 0.0392021 0.0392637 0.0271513 0.0136111 0.00696757 0.00821777 0.0161397 0.0304442 0.0503967 0.0728088 0.092018 0.10226 0.100903 0.0900062 0.0748407 0.0606292 0.0500412 0.0429166 0.0376418
 1.22267e-16 3.22969e-05 0.000313937 0.00208623 0.00948369 0.0295074 0.0628692 0.0917631 0.0917806 0.062955 0.0297968 0.0103262 0.00422546 0.00506472 0.00929267 0.0159349 0.0244135 0.0337736 0.0429989 0.0515599 0.0594871 0.0668067 0.0728748 0.076323 0.0757469 0.0705832
 1.11376e-16 5.86817e-05 0.000570407 0.00379056 0.0172313 0.0536132 0.114229 0.166724 0.16674 0.114306 0.0538719 0.0179795 0.00567113 0.00468491 0.00790134 0.0130487 0.0189897 0.0243301 0.0277276 0.0286606 0.0277707 0.0264115 0.0257431 0.0260682 0.0268202 0.0270577
 1.06099e-16 4.53215e-05 0.000440541 0.00292755 0.0133082 0.0414071 0.0882235 0.128772 0.128809 0.0884003 0.0420008 0.015023 0.00723117 0.00983338 0.0178785 0.0294714 0.0424213 0.0532927 0.0586228 0.0568398 0.0492166 0.0390245 0.029585 0.0227223 0.0185064 0.0159969
 1.06028e-16 4.51534e-05 0.000438907 0.0029167 0.0132589 0.0412535 0.0878961 0.128293 0.128325 0.088048 0.0417637 0.0147337 0.00662337 0.0085465 0.0154895 0.0256571 0.0372379 0.0474154 0.0533255 0.0536151 0.0491827 0.0424401 0.0357355 0.03021 0.0257649 0.021784
 1.09987e-16 2.90838e-05 0.000282705 0.00187868 0.00854022 0.026572 0.0566161 0.0826422 0.0826867 0.0568334 0.0273017 0.0106493 0.0071786 0.0118716 0.0220952 0.036631 0.0531173 0.0675412 0.0758154 0.0760497 0.0696189 0.0600851 0.0508912 0.0436665 0.0381505 0.0332556
 1.16501e-16 3.04965e-05 0.000296436 0.00196993 0.00895502 0.0278626 0.0593653 0.0866522 0.0866845 0.0595235 0.0283945 0.0104949 0.00584875 0.00880901 0.0163304 0.027299 0.0401461 0.0522253 0.0608318 0.0647084 0.0646717 0.0627561 0.0606201 0.0585572 0.0557434 0.0512234
 1.21786e-16 2.82184e-05 0.000274293 0.00182277 0.00828608 0.0257813 0.054931 0.0801806 0.0802151 0.0550997 0.0263484 0.00992695 0.00595218 0.00932449 0.0173228 0.0288781 0.0422804 0.054645 0.0630721 0.066321 0.0655168 0.0631996 0.061491 0.0608519 0.060212 0.0580385
 1.18517e-16 4.15017e-05 0.000403411 0.00268081 0.0121866 0.0379172 0.0807874 0.117917 0.117942 0.0809085 0.0383241 0.0133644 0.00564598 0.00690594 0.0124791 0.0207999 0.0305218 0.0395954 0.0459771 0.048801 0.0488681 0.0479577 0.0475171 0.0477886 0.0479213 0.0467487
 1.09586e-16 5.18531e-05 0.000504031 0.00334946 0.0152262 0.0473745 0.100937 0.147326 0.14735 0.101055 0.0477707 0.0163714 0.00622689 0.00679511 0.0120288 0.0198822 0.0288259 0.0366654 0.0412135 0.041508 0.0383864 0.0338763 0.0298963 0.0272836 0.0257268 0.0243684
 1.05699e-16 4.98979e-05 0.000485026 0.00322317 0.0146521 0.0455882 0.0971315 0.141772 0.141802 0.0972754 0.0460712 0.0160475 0.00672752 0.00814015 0.0146035 0.0241038 0.0348133 0.0439842 0.0488481 0.0481363 0.0428223 0.035424 0.0284483 0.0231974 0.0196324 0.0170203
 1.0511e-16 4.78196e-05 0.000464824 0.00308892 0.0140418 0.0436894 0.0930861 0.135868 0.135899 0.0932366 0.0441951 0.015503 0.00675934 0.00848589 0.0153063 0.0252942 0.0365857 0.0463283 0.0516355 0.0511637 0.0458778 0.0383239 0.0310275 0.025289 0.0210787 0.0177234
 1.05726e-16 4.62736e-05 0.000449796 0.00298905 0.0135878 0.0422769 0.0900766 0.131476 0.131507 0.0902298 0.0427917 0.0150755 0.00672649 0.00861948 0.0155938 0.0257901 0.0373429 0.0473711 0.0529567 0.0527416 0.0476958 0.0403702 0.0332721 0.0276552 0.0234379 0.0199201
 1.04837e-16 5.42773e-05 0.000527595 0.00350606 0.015938 0.0495893 0.105656 0.154213 0.154237 0.105773 0.0499836 0.0170777 0.0063696 0.00678781 0.0119703 0.0197737 0.0286445 0.036369 0.0407202 0.0406649 0.0369465 0.0315094 0.0262534 0.0221105 0.0189896 0.0163341
 1.01944e-16 6.76477e-05 0.00065756 0.00436972 0.0198641 0.0618047 0.131682 0.192197 0.19221 0.131749 0.0620307 0.020517 0.00600907 0.00423799 0.00687262 0.0112682 0.0162572 0.0205106 0.0227208 0.0222848 0.019653 0.0160062 0.0125303 0.00985738 0.00799904 0.0066431
 1.02753e-16 3.41953e-05 0.00033239 0.00220885 0.0100412 0.031242 0.0665664 0.0971662 0.0972172 0.0668153 0.0320777 0.0124543 0.00826369 0.0135419 0.0250971 0.0413723 0.059444 0.0744329 0.0813834 0.0780039 0.0660416 0.0501246 0.0350424 0.0235671 0.0160614 0.0114679
 1.03802e-16 6.18933e-05 0.000601625 0.00399801 0.0181744 0.0565473 0.120481 0.175848 0.175862 0.12055 0.0567818 0.018853 0.00570684 0.00434962 0.00723149 0.011991 0.0175782 0.02275 0.0262573 0.0274843 0.0267399 0.0249094 0.0227814 0.0206253 0.0182832 0.015553
 1.03889e-16 4.55025e-05 0.000442301 0.00293925 0.0133614 0.0415725 0.088576 0.129287 0.129324 0.0887573 0.0421812 0.0151192 0.00735046 0.0100685 0.0183172 0.0301842 0.0434186 0.0544826 0.0598061 0.0577578 0.0496279 0.038765 0.028583 0.020979 0.0160746 0.0129793
 1.06142e-16 4.10491e-05 0.000399012 0.00265158 0.0120537 0.0375037 0.079907 0.116634 0.116669 0.0800772 0.0380755 0.0137065 0.00680548 0.00948447 0.017347 0.0287458 0.0417134 0.0530948 0.0596726 0.0599205 0.0548371 0.0471228 0.0394169 0.0330188 0.0278494 0.0232533
 1.06471e-16 5.13867e-05 0.000499497 0.00331933 0.0150892 0.0469483 0.100029 0.146001 0.146025 0.100148 0.0473491 0.0162482 0.00623291 0.00687469 0.0122028 0.0202075 0.0293759 0.037514 0.0424109 0.0430419 0.0401324 0.0355566 0.0310842 0.0274865 0.0245386 0.0216328
 1.05245e-16 5.06413e-05 0.000492251 0.00327118 0.0148703 0.0462673 0.0985784 0.143884 0.143913 0.0987186 0.046738 0.0162304 0.00668667 0.00795357 0.0142367 0.0234977 0.0339438 0.0428983 0.0476662 0.0470115 0.0418785 0.0347092 0.0279285 0.0227861 0.0192324 0.0165569
 1.08422e-16 2.44627e-05 0.000237786 0.00158017 0.00718327 0.0223501 0.0476212 0.0695154 0.0695673 0.0478752 0.0232033 0.00964873 0.00777282 0.0137697 0.0257632 0.0426554 0.0616839 0.0780715 0.0869428 0.0860288 0.076966 0.0640713 0.0516357 0.0418811 0.0347741 0.0291768
 1.10764e-16 4.91185e-05 0.000477449 0.00317282 0.0144232 0.044876 0.0956137 0.139555 0.139573 0.0957026 0.0451751 0.0152902 0.00536037 0.00529019 0.00929917 0.0155835 0.0231187 0.0304908 0.0362616 0.039737 0.0412626 0.0417288 0.0417303 0.0411265 0.0393046 0.0357982
 1.09494e-16 4.17246e-05 0.000405578 0.00269521 0.0122521 0.0381209 0.081222 0.118553 0.118589 0.0813963 0.0387063 0.0139432 0.00694146 0.00968006 0.0176709 0.0291902 0.0421537 0.0532576 0.0591819 0.0584532 0.0523397 0.0439738 0.0364161 0.0311618 0.0279675 0.0256866
 1.11755e-16 2.97108e-05 0.0002888 0.00191918 0.00872433 0.0271448 0.0578365 0.0844228 0.0844646 0.0580406 0.0278305 0.0107068 0.00690293 0.0111934 0.0208132 0.0345546 0.0502278 0.0641176 0.0724326 0.0734072 0.068278 0.0602668 0.0524464 0.0462058 0.0412302 0.0365149
 1.10853e-16 4.93922e-05 0.00048011 0.0031905 0.0145036 0.0451261 0.0961466 0.140333 0.140354 0.0962479 0.0454666 0.0154892 0.00567277 0.00592612 0.0104728 0.0174475 0.02563 0.0332929 0.0386993 0.0410555 0.0409144 0.0396234 0.0382872 0.0371123 0.0355496 0.0329293
 1.0837e-16 4.45565e-05 0.000433105 0.00287814 0.0130836 0.0407081 0.0867342 0.126598 0.126631 0.086897 0.0412547 0.0146625 0.00684306 0.00909413 0.0165104 0.0272708 0.0393947 0.0497947 0.0553657 0.0547146 0.0489953 0.0410984 0.0338609 0.028691 0.025412 0.0230288
 1.11232e-16 2.56524e-05 0.000249351 0.00165703 0.00753263 0.0234371 0.0499369 0.0728942 0.072941 0.050166 0.0242069 0.00975802 0.00724979 0.0124808 0.0233212 0.0386869 0.0561329 0.0714419 0.0803079 0.080727 0.0741203 0.0642048 0.054579 0.0469567 0.0410936 0.0358925
 1.16243e-16 3.60616e-05 0.000350531 0.0023294 0.0105892 0.0329469 0.0701979 0.102461 0.102487 0.0703257 0.0333771 0.0118354 0.00547156 0.00725656 0.0132896 0.0222757 0.0329394 0.043227 0.0510433 0.0554151 0.0569446 0.0570911 0.0569079 0.0563232 0.0544444 0.0504338
 1.05895e-16 6.61888e-05 0.000643378 0.00427548 0.0194357 0.0604717 0.128842 0.188051 0.188063 0.128899 0.0606626 0.0199875 0.00566261 0.00367873 0.00585261 0.0096294 0.0140073 0.0179255 0.0203617 0.0208779 0.0198797 0.0183078 0.0170084 0.0162785 0.0158614 0.015272
pSPR Fmed_Fpbrs
0.748781   0.285935 0.285935
Fs Fmed_Fpbrs
0.182166   1.005 1.005
SSBpbr Bo_Bmed_Bpbrs
2.23593e+06  1.56242e+06  527535 527535
Ro
256002
SPR SPRFo_SPRFmed_SPRFpbrs
1.8229e+06 1.36495e+06 521232
Fref
1.005
log_Ro
12.2729
likeval ReclasPelacesDesembMPH_pf_preclas_ppelaces_ptallas_desvR_qrecl_qpela
 29.9496 18.605 1.8188 0.00349564 241.681 142.918 87.3496 0 20.3033 0 0 9.24284 0 0 0
q_reclas_q_pelaces
1 1
M
1
N
 541153 112751 41478.9 15259.2 8880.52
 89295.5 184484 35620.1 13103.9 7626.17
 123258 29779.9 55775.3 10769 6267.34
 325681 41620 9229.74 17286.5 5280.12
 298245 104867 11729.8 2601.22 6359.95
 338449 105876 35924 4018.23 3069.8
 155845 115087 33277.8 11291.2 2227.83
 107649 49275.9 31275.3 9043.41 3673.87
 69306.2 38724.9 17333.8 11001.7 4473.56
 83864.7 23349.9 11948.5 5348.29 4774.86
 134238 27504.2 6826.83 3493.38 2959.71
 160019 47515.7 9367.32 2325.07 2197.78
 150199 48255.2 11745.6 2315.55 1118.02
 125191 45773.6 12182.5 2965.3 866.84
 160693 34680.9 9548.69 2541.36 799.411
 492085 50271.9 9226.57 2540.35 888.785
 216310 149015 12531.4 2299.92 854.787
 666695 72452.7 45444.1 3821.62 962.073
 534076 215706 20616.7 12931.3 1361.22
 403324 164586 55684.5 5322.2 3689.62
 577181 128125 45148.7 15275.2 2472.1
 695231 189747 37640.5 13263.8 5213.81
 229265 220994 52116.3 10338.4 5075.09
 471393 78330.6 70123.6 16537 4890.85
 415793 160792 24773.5 22177.9 6776.97
 228377 142707 51486.4 7932.62 9271.51
 422972 79717.6 47265.4 17052.6 5698.12
 430605 144979 25458.6 15094.7 7265.69
 182547 148482 46858.8 8228.52 7227.13
 197074 63718.2 49175.3 15519 5118.69
 885089 67946.2 20588.8 15889.7 6668.51
pred_Ctot
 25234.4 10193 3749.78 1379.47 802.818
 5317.74 21113.9 4076.66 1499.72 872.801
 6444.26 3006.96 5631.79 1087.38 632.831
 25959.7 6288.69 1394.59 2611.95 797.813
 6620.8 4587.77 513.158 113.799 278.238
 16294.2 9871.85 3349.54 374.658 286.227
 14015.2 19482.3 5633.41 1911.43 377.136
 1509.3 1368.97 868.885 251.242 102.067
 3714.74 4005.06 1792.72 1137.84 462.67
 5806.92 3086.78 1579.54 707.025 631.218
 3219.49 1298.43 322.283 164.916 139.723
 18533.3 10175.8 2006.06 497.927 470.667
 16543.8 9866.67 2401.61 473.457 228.601
 20000.2 13112 3489.73 849.421 248.31
 15398.5 6230.46 1715.43 456.558 143.615
 55887.4 10573.7 1940.62 534.311 186.938
 12334.4 16357.8 1375.61 252.47 93.8326
 51323.1 10592.6 6643.91 558.719 140.655
 55593.7 41856.2 4000.52 2509.23 264.134
 35214 27098.4 9168.24 876.28 607.481
 39166.9 16615.1 5854.83 1980.87 320.579
 60456.4 31123.2 6173.96 2175.59 855.193
 10391.5 19436.1 4583.56 909.248 446.347
 21825.9 7032.71 6295.87 1484.73 439.112
 17721.5 13321.9 2052.53 1837.48 561.482
 7416.2 9070.14 3272.37 504.18 589.277
 18360.6 6723.22 3986.27 1438.18 480.568
 17150.2 11245.8 1974.79 1170.87 563.589
 5931.36 9442.53 2979.92 523.281 459.599
 7865.16 4952.38 3822.06 1206.18 397.841
 17671.5 2677.46 811.315 626.142 262.777
F
 0.0761371 0.152274 0.152274 0.152274 0.152274
 0.0981172 0.196234 0.196234 0.196234 0.196234
 0.0857016 0.171403 0.171403 0.171403 0.171403
 0.133226 0.266452 0.266452 0.266452 0.266452
 0.035644 0.0712881 0.0712881 0.0712881 0.0712881
 0.0786896 0.157379 0.157379 0.157379 0.157379
 0.151427 0.302855 0.302855 0.302855 0.302855
 0.0223885 0.044777 0.044777 0.044777 0.044777
 0.0879405 0.175881 0.175881 0.175881 0.175881
 0.114867 0.229733 0.229733 0.229733 0.229733
 0.0385554 0.0771108 0.0771108 0.0771108 0.0771108
 0.198789 0.397579 0.397579 0.397579 0.397579
 0.188252 0.376503 0.376503 0.376503 0.376503
 0.283652 0.567303 0.567303 0.567303 0.567303
 0.16205 0.324101 0.324101 0.324101 0.324101
 0.194606 0.389212 0.389212 0.389212 0.389212
 0.093781 0.187562 0.187562 0.187562 0.187562
 0.128415 0.25683 0.25683 0.25683 0.25683
 0.177108 0.354216 0.354216 0.354216 0.354216
 0.146734 0.293468 0.293468 0.293468 0.293468
 0.112463 0.224925 0.224925 0.224925 0.224925
 0.146108 0.292215 0.292215 0.292215 0.292215
 0.0739385 0.147877 0.147877 0.147877 0.147877
 0.075581 0.151162 0.151162 0.151162 0.151162
 0.0693965 0.138793 0.138793 0.138793 0.138793
 0.0525067 0.105013 0.105013 0.105013 0.105013
 0.0707176 0.141435 0.141435 0.141435 0.141435
 0.0647246 0.129449 0.129449 0.129449 0.129449
 0.0525375 0.105075 0.105075 0.105075 0.105075
 0.0648608 0.129722 0.129722 0.129722 0.129722
 0.0320096 0.0640191 0.0640191 0.0640191 0.0640191
nmprior
 8 9 7.5 0
nm_flota  nm_reclas  nm_pelaces    nm_pelaL
inf 6.94275 7.48646 11.1978
cv_recla  cv_pelaces  cv_mph
0.495017 0.50755 1.8246
 ------------------------------------------------
Talla a la edad & desviación 
 8 13.2811 15.8009 17.003 17.5766
 0.8 1.32811 1.58009 1.7003 1.75766
