    unsorted:	 2.296845334e-06 2.271736152e-06 5.524742978e-05 5.305912425e-05 8.404824447e-05 -3.213549904e-05 0.001099992641 885.9262553 888.5840095 935.4060093 801.1981665 671.0355108 615.1605023 485.3635435 354.3454673 270.8236491 232.4101312 163.2568641 142.0603492 13.21763972 61.78904074 1093.211694 1196.858653 1263.679501 1444.039050 1516.983916 1892.452406 1965.052868 2009.084095 2159.423868 2408.699289 2312.721953 2480.101007 2535.447634 2594.497729 2735.786453 3024.377451 3136.460506 3287.616505 3637.834399 3803.295699 4177.576064 5638.554285 9158.303055 38430.09822 411153.5953 406682.5668 401311.8906 395457.2708 379322.5042 361572.7551 462300.4431 464199.2358 469027.4832 449630.5319 327561.1802 158316.6990 543893.1304 578203.7578 593333.6273 633399.8118 675564.0655 851992.6400 910776.1928 1041318.383 1095724.977 1380056.820 1480988.298 1588509.119 1688539.055 2283034.201 2355471.140 2689736.602 2656758.493 2975717.538 3146850.099 4264338.428
      sorted:	 -3.213549904e-05 2.271736152e-06 2.296845334e-06 5.305912425e-05 5.524742978e-05 8.404824447e-05 0.001099992641 13.21763972 61.78904074 142.0603492 163.2568641 232.4101312 270.8236491 354.3454673 485.3635435 615.1605023 671.0355108 801.1981665 885.9262553 888.5840095 935.4060093 1093.211694 1196.858653 1263.679501 1444.039050 1516.983916 1892.452406 1965.052868 2009.084095 2159.423868 2312.721953 2408.699289 2480.101007 2535.447634 2594.497729 2735.786453 3024.377451 3136.460506 3287.616505 3637.834399 3803.295699 4177.576064 5638.554285 9158.303055 38430.09822 158316.6990 327561.1802 361572.7551 379322.5042 395457.2708 401311.8906 406682.5668 411153.5953 449630.5319 462300.4431 464199.2358 469027.4832 543893.1304 578203.7578 593333.6273 633399.8118 675564.0655 851992.6400 910776.1928 1041318.383 1095724.977 1380056.820 1480988.298 1588509.119 1688539.055 2283034.201 2355471.140 2656758.493 2689736.602 2975717.538 3146850.099 4264338.428
