years
 1991 1992 1993 1994 1995 1996 1997 1998 1999 2000 2001 2002 2003 2004 2005 2006 2007 2008 2009 2010 2011 2012 2013 2014 2015 2016 2017 2018 2019 2020 2021
reclasobs
 0 0 0 0 0 0 0 0 0 252601 567819 844713 477998 351125 339783 2.1784e+06 2.13404e+06 4.81314e+06 1.55562e+06 2.62356e+06 3.21686e+06 3.843e+06 1.13348e+06 3.07943e+06 1.97215e+06 2.03268e+06 2.025e+06 2.42433e+06 2.27542e+06 1.05018e+06 2.36338e+06
reclaspred
 3.43431e+06 1.7658e+06 890765 768427 664229 2.14596e+06 1.03057e+06 758226 510782 276504 493744 769947 753639 531190 460709 1.58192e+06 1.03093e+06 3.76203e+06 2.61658e+06 1.97852e+06 3.19989e+06 2.80071e+06 1.82301e+06 3.10529e+06 2.24691e+06 1.85301e+06 2.38381e+06 2.9398e+06 2.11342e+06 985778 1.59328e+06
pelacesobs
 0 0 0 0 0 0 0 0 0 0 0 0 0 0 0 552880 188675 0 991730 2.46772e+06 1.41603e+06 1.21717e+06 2.29649e+06 1.80582e+06 0 1.4828e+06 1.56532e+06 1.57751e+06 1.42118e+06 867257 0
pelacespred
 1.91047e+06 1.01486e+06 471423 321857 331345 1.17177e+06 458883 488388 267139 119596 270030 342039 376988 253752 224566 696700 467078 2.07928e+06 1.40662e+06 929219 1.63069e+06 1.40624e+06 988744 1.89407e+06 1.28299e+06 1.08391e+06 1.58963e+06 1.94063e+06 1.19763e+06 587429 895671
mphobs
 0 0 0 0 0 0 0 0 0 0 0 498337 0 5186 125008 0 168611 109162 213762 579715 649985 157893 87575 83554 0 0 0 0 0 0 0
mphpred
 586653 361805 158923 89184.7 71697.9 84175.8 224280 94125.8 74969.3 37079.2 17921.9 61498.5 69902.4 53837.9 28022 33071 170929 104896 386350 216317 246448 285962 298501 200482 322097 262761 195141 229905 388920 211526 80352.3
desembarqueobs
 494567 514787 250237 358949 120608 361735 552515 73892 212993 205616 52469 317467 293654 387597 252695 516296 358380 742168 942051 627588 828172 859565 418607 520667 417249 300574 407403 355545 319650 289779 219260
desembarquepred
 494538 514488 250145 358924 120601 361657 552268 73891.8 212986 205600 52467.9 317409 293556 387300 252566 516048 358324 741818 941300 627055 828086 859153 418483 520589 417107 300499 407297 355421 319523 289677 219251
Reclutas
 125919 88662.7 88652.8 86097.2 62458.1 228059 60955.1 20941.7 27025 36776 59528.2 111698 90708.2 66980.6 50678.2 288573 36907.9 492154 233807 234875 258673 417300 57835.5 199032 175651 64987.9 164583 203064 45287 29489.6 138524
log_desv_Rt
 0.237834 -0.112965 -0.113077 -0.142328 -0.463309 0.831798 -0.487667 -1.55606 -1.30104 -0.992958 -0.511355 0.117992 -0.0901574 -0.393402 -0.672309 1.06714 -0.989379 1.60099 0.856692 0.861249 0.95776 1.436 -0.540202 0.695662 0.570693 -0.423603 0.505608 0.715718 -0.784784 -1.21377 0.333236
SSB
 1.2212e+06 753146 330820 185650 149249 175223 466869 195935 156059 77185.2 37306.8 128017 145511 112071 58331.5 68841.7 355812 218355 804240 450292 513014 595268 621370 417331 670487 546972 406212 478578 809588 440320 167264
BT
 1.8162e+06 1.241e+06 573947 528523 345000 1.2262e+06 817680 433951 410848 285158 254465 524923 554555 597128 426314 960163 625255 2.29996e+06 1.95107e+06 1.23823e+06 1.93947e+06 1.83943e+06 1.08973e+06 1.96188e+06 1.34027e+06 1.07415e+06 1.65041e+06 1.85267e+06 1.1397e+06 719933 888407
Ftot
 0.345411 0.676369 0.676041 1.15997 0.479697 0.508269 1.18334 0.249666 1.05067 1.77211 0.331786 1.10966 1.03448 1.82661 1.51464 0.999674 0.812566 0.608189 0.899469 0.849352 0.700149 0.83398 0.54955 0.484483 0.481356 0.405901 0.486209 0.354068 0.351496 0.677089 0.415423
BD_Bspro_t
 0.946557 0.661088 0.401533 0.298588 0.237667 0.317357 0.466668 0.239998 0.259022 0.17732 0.124644 0.405072 0.305982 0.219758 0.123915 0.146348 0.348103 0.242982 0.461351 0.304085 0.289537 0.319211 0.349791 0.29526 0.435149 0.444324 0.430024 0.505476 0.613214 0.466749 0.327412
BD_Bspro
 1.72768 1.06551 0.468027 0.262648 0.211149 0.247896 0.660501 0.277199 0.220783 0.109198 0.0527796 0.181112 0.205862 0.158552 0.0825243 0.0973935 0.503384 0.308918 1.1378 0.637049 0.725785 0.842153 0.879081 0.590417 0.94857 0.773827 0.574687 0.677066 1.14536 0.622941 0.236636
BD_Bo
 1.01175 0.623973 0.274081 0.153809 0.123651 0.14517 0.386795 0.16233 0.129293 0.0639471 0.0309082 0.106061 0.120554 0.0928493 0.048327 0.0570346 0.294787 0.180905 0.666304 0.373062 0.425026 0.493173 0.514798 0.345754 0.555491 0.45316 0.336542 0.396496 0.670735 0.3648 0.138576
BD_Brms
 5.13321 3.16579 1.39058 0.780366 0.627356 0.736537 1.96245 0.8236 0.655981 0.324442 0.156816 0.538111 0.611646 0.471081 0.245192 0.289371 1.49563 0.917841 3.38056 1.89277 2.15642 2.50216 2.61188 1.75422 2.81834 2.29916 1.70748 2.01167 3.40304 1.85085 0.703082
Sel_flota
 0.65525 0.973055 0.998545 0.999923 0.999996
 0.65525 0.973055 0.998545 0.999923 0.999996
 0.65525 0.973055 0.998545 0.999923 0.999996
 0.65525 0.973055 0.998545 0.999923 0.999996
 0.65525 0.973055 0.998545 0.999923 0.999996
 0.65525 0.973055 0.998545 0.999923 0.999996
 0.65525 0.973055 0.998545 0.999923 0.999996
 0.65525 0.973055 0.998545 0.999923 0.999996
 0.65525 0.973055 0.998545 0.999923 0.999996
 0.65525 0.973055 0.998545 0.999923 0.999996
 0.65525 0.973055 0.998545 0.999923 0.999996
 0.65525 0.973055 0.998545 0.999923 0.999996
 0.65525 0.973055 0.998545 0.999923 0.999996
 0.65525 0.973055 0.998545 0.999923 0.999996
 0.65525 0.973055 0.998545 0.999923 0.999996
 0.65525 0.973055 0.998545 0.999923 0.999996
 0.65525 0.973055 0.998545 0.999923 0.999996
 0.65525 0.973055 0.998545 0.999923 0.999996
 0.65525 0.973055 0.998545 0.999923 0.999996
 0.65525 0.973055 0.998545 0.999923 0.999996
 0.65525 0.973055 0.998545 0.999923 0.999996
 0.65525 0.973055 0.998545 0.999923 0.999996
 0.65525 0.973055 0.998545 0.999923 0.999996
 0.65525 0.973055 0.998545 0.999923 0.999996
 0.65525 0.973055 0.998545 0.999923 0.999996
 0.65525 0.973055 0.998545 0.999923 0.999996
 0.65525 0.973055 0.998545 0.999923 0.999996
 0.65525 0.973055 0.998545 0.999923 0.999996
 0.65525 0.973055 0.998545 0.999923 0.999996
 0.65525 0.973055 0.998545 0.999923 0.999996
 0.65525 0.973055 0.998545 0.999923 0.999996
Sel_reclas
 0.999991 1 1 1 1
 0.999991 1 1 1 1
 0.999991 1 1 1 1
 0.999991 1 1 1 1
 0.999991 1 1 1 1
 0.999991 1 1 1 1
 0.999991 1 1 1 1
 0.999991 1 1 1 1
 0.999991 1 1 1 1
 0.999991 1 1 1 1
 0.999991 1 1 1 1
 0.999991 1 1 1 1
 0.999991 1 1 1 1
 0.999991 1 1 1 1
 0.999991 1 1 1 1
 0.999991 1 1 1 1
 0.999991 1 1 1 1
 0.999991 1 1 1 1
 0.999991 1 1 1 1
 0.999991 1 1 1 1
 0.999991 1 1 1 1
 0.999991 1 1 1 1
 0.999991 1 1 1 1
 0.999991 1 1 1 1
 0.999991 1 1 1 1
 0.999991 1 1 1 1
 0.999991 1 1 1 1
 0.999991 1 1 1 1
 0.999991 1 1 1 1
 0.999991 1 1 1 1
 0.999991 1 1 1 1
Sel_pelaces
 0.907425 1 1 1 1
 0.907425 1 1 1 1
 0.907425 1 1 1 1
 0.907425 1 1 1 1
 0.907425 1 1 1 1
 0.907425 1 1 1 1
 0.907425 1 1 1 1
 0.907425 1 1 1 1
 0.907425 1 1 1 1
 0.907425 1 1 1 1
 0.907425 1 1 1 1
 0.907425 1 1 1 1
 0.907425 1 1 1 1
 0.907425 1 1 1 1
 0.907425 1 1 1 1
 0.907425 1 1 1 1
 0.907425 1 1 1 1
 0.907425 1 1 1 1
 0.907425 1 1 1 1
 0.907425 1 1 1 1
 0.907425 1 1 1 1
 0.907425 1 1 1 1
 0.907425 1 1 1 1
 0.907425 1 1 1 1
 0.907425 1 1 1 1
 0.907425 1 1 1 1
 0.907425 1 1 1 1
 0.907425 1 1 1 1
 0.907425 1 1 1 1
 0.907425 1 1 1 1
 0.907425 1 1 1 1
pf_obs 
 0.8446 0.082 0.0669 0.0065 0
 0.8095 0.147 0.0364 0.0071 0
 0.9664 0.0169 0.016 0.0007 0
 0.9276 0.0648 0.0075 0.0001 0
 0.7033 0.2144 0.0806 0.0017 0
 0.9318 0.0425 0.0243 0.0014 0
 0.5671 0.3108 0.0964 0.0239 0.0018
 0.0768 0.2599 0.5324 0.112 0.0189
 0.490249 0.384438 0.106611 0.0170017 0.00170017
 0.7925 0.1577 0.0466 0.003 0.0002
 0.840416 0.127587 0.0312969 0.00059994 9.999e-05
 0.8084 0.0986 0.0794 0.0134 0.0002
 0.7335 0.1905 0.0724 0.0035 0.0001
 0.4001 0.4547 0.1325 0.0127 0
 0.49795 0.308269 0.164784 0.0264974 0.00249975
 0.9179 0.0499 0.0305 0.0017 0
 0.2467 0.6533 0.0926 0.0074 0
 0.9418 0.0223 0.034 0.0019 0
 0.707729 0.231977 0.0356964 0.0245975 0
 0.517169 0.277429 0.184464 0.0207286 0.00020938
 0.811772 0.124168 0.05621 0.00726502 0.000585176
 0.764997 0.148141 0.077277 0.00933861 0.000247198
 0.163321 0.427699 0.378323 0.0303852 0.000271297
 0.753843 0.0900009 0.118128 0.0371064 0.000921714
 0.721811 0.176058 0.0630433 0.0369309 0.00215725
 0.143369 0.312575 0.442814 0.0836902 0.0175525
 0.692698 0.0596174 0.167031 0.0765114 0.00414204
 0.394062 0.376323 0.152708 0.0712218 0.00568511
 0.125707 0.32114 0.495352 0.0537591 0.00404204
 0.23352 0.215282 0.420074 0.123614 0.00750983
 0 0 0 0 0
pf_pred 
 0.504216 0.177431 0.289834 0.0285178 9.64921e-07
 0.519637 0.296564 0.0670641 0.106293 0.010442
 0.666374 0.21561 0.0738857 0.0161218 0.0280084
 0.708327 0.225098 0.04358 0.0144072 0.00858798
 0.711684 0.236244 0.0405969 0.00751817 0.00395735
 0.886087 0.0909644 0.0189135 0.00314683 0.000887947
 0.418767 0.538618 0.0342568 0.00689111 0.00146744
 0.446779 0.316905 0.219702 0.0133617 0.00325231
 0.635105 0.202859 0.0939638 0.0632936 0.00477886
 0.818816 0.138339 0.024281 0.0107752 0.00778813
 0.899519 0.0911636 0.00721005 0.001196 0.000911525
 0.81843 0.169447 0.0110303 0.000846482 0.000247022
 0.755165 0.218511 0.0246375 0.00153519 0.000151833
 0.730323 0.228937 0.0365243 0.00394659 0.000269619
 0.821334 0.153018 0.0219618 0.00330608 0.000380444
 0.966042 0.0306743 0.00283253 0.00038611 6.46321e-05
 0.327089 0.659991 0.0117172 0.00103793 0.000164794
 0.953136 0.0213055 0.0250859 0.000428717 4.39152e-05
 0.582606 0.405496 0.00551146 0.0062684 0.00011788
 0.721975 0.197326 0.0784886 0.00102522 0.00118541
 0.758012 0.198303 0.0313517 0.011996 0.000337144
 0.81235 0.157789 0.0246307 0.00375563 0.00147451
 0.292465 0.624246 0.0704621 0.0105841 0.00224275
 0.793905 0.0828291 0.109182 0.0119184 0.00216568
 0.670066 0.284581 0.0185834 0.0237156 0.00305387
 0.427613 0.437872 0.116549 0.00736899 0.0105966
 0.776796 0.120974 0.0787756 0.0203263 0.00312784
 0.733905 0.226015 0.0220482 0.0139004 0.0041314
 0.303959 0.564882 0.111916 0.0105932 0.00864936
 0.397952 0.244591 0.291752 0.0560788 0.00962608
 0.881817 0.0624914 0.0231104 0.0266017 0.00597939
pobs_RECLAS
 0 0 0 0 0
 0 0 0 0 0
 0 0 0 0 0
 0 0 0 0 0
 0 0 0 0 0
 0 0 0 0 0
 0 0 0 0 0
 0 0 0 0 0
 0 0 0 0 0
 0 0 0 0 0
 0.991045 0.00858322 0.000360255 1.14367e-05 0
 0.934742 0.0480273 0.0164251 0.00080598 0
 0.827803 0.169806 0.00239088 0 0
 0.941827 0.0461693 0.0120037 0 0
 0.791401 0.0380133 0.147996 0.0225897 0
 0.846168 0.0940531 0.0597789 0 0
 0.134021 0.677848 0.182769 0.00536245 0
 0.80878 0.0450904 0.141981 0.00414843 0
 0.846168 0.0940531 0.0597789 0 0
 0.905697 0.0802665 0.012482 0.00150086 5.37128e-05
 0.989698 0.0102097 9.19794e-05 0 0
 0.975433 0.0193895 0.00387452 0.00125025 5.28907e-05
 0.303575 0.632131 0.0575291 0.00676475 0
 0.966965 0.00978017 0.0227588 0.000495775 0
 0.843318 0.132988 0.00938335 0.0141283 0.000182051
 0.564624 0.303363 0.111486 0.0197234 0.00080311
 0.826376 0.0876187 0.0782897 0.00655872 0.00115652
 0.89761 0.0855135 0.0140674 0.00269457 0.000114338
 0.34875 0.467042 0.161289 0.0227151 0.000203297
 0.318654 0.224769 0.449479 0.00709798 0
 0.937255 0.0296025 0.0250945 0.00804832 0
ppred_RECLAS
 0.608475 0.142552 0.226698 0.0222738 7.53592e-07
 0.625218 0.233949 0.051436 0.0814006 0.00799602
 0.754733 0.160111 0.0533444 0.0116222 0.0201896
 0.793476 0.160515 0.0301346 0.00994588 0.00592811
 0.789355 0.173454 0.029004 0.00536344 0.00282295
 0.922065 0.062579 0.0126596 0.00210322 0.000593425
 0.531886 0.434773 0.0268102 0.00538423 0.00114645
 0.550024 0.260686 0.176 0.0106887 0.0026015
 0.733416 0.150227 0.0675205 0.0454083 0.00342817
 0.882539 0.0904399 0.0153264 0.0067886 0.0049062
 0.930904 0.0628447 0.00483906 0.000801553 0.000610854
 0.876097 0.115863 0.00731587 0.000560518 0.000163557
 0.828178 0.153838 0.0168326 0.00104718 0.000103558
 0.818524 0.154882 0.0238472 0.00257187 0.000175685
 0.881677 0.101817 0.0141367 0.00212432 0.000244432
 0.977946 0.0199792 0.00179072 0.000243709 4.07917e-05
 0.427707 0.561613 0.00968751 0.000856809 0.000136027
 0.969119 0.0142528 0.016321 0.000278511 2.85268e-05
 0.683319 0.307914 0.00406443 0.0046154 8.67875e-05
 0.80129 0.142214 0.0549504 0.000716651 0.000828563
 0.82783 0.141813 0.021796 0.00832711 0.000234013
 0.869982 0.109831 0.0166558 0.00253571 0.000995475
 0.385936 0.543534 0.0596821 0.00895163 0.00189669
 0.855416 0.0590659 0.0757598 0.00825789 0.00150042
 0.7549 0.212219 0.0134847 0.0171837 0.00221258
 0.530972 0.361082 0.0935473 0.00590612 0.00849237
 0.841909 0.0867684 0.0549781 0.0141652 0.00217959
 0.806245 0.165246 0.0156932 0.00987965 0.00293616
 0.397377 0.491539 0.0948065 0.00896092 0.00731603
 0.506237 0.203994 0.236572 0.0454041 0.00779312
 0.919274 0.0432464 0.0155662 0.017892 0.00402136
pobs_PELACES
 0 0 0 0 0
 0 0 0 0 0
 0 0 0 0 0
 0 0 0 0 0
 0 0 0 0 0
 0 0 0 0 0
 0 0 0 0 0
 0 0 0 0 0
 0 0 0 0 0
 0 0 0 0 0
 0 0 0 0 0
 0 0 0 0 0
 0 0 0 0 0
 0 0 0 0 0
 0 0 0 0 0
 0 0 0 0 0
 0.505614 0.472636 0.0217494 0 0
 0 0 0 0 0
 0.443492 0.261883 0.143347 0.151278 0
 0.227955 0.32914 0.350689 0.0885471 0.00366901
 0.970185 0.0296113 0.000203453 0 0
 0.997202 0.00247181 0.000326279 0 0
 0.445219 0.490057 0.0546422 0.010081 0
 0.90214 0.0892962 0.00764917 0.000914606 0
 0 0 0 0 0
 0.581667 0.319106 0.0959925 0.00289975 0.000334073
 0.762889 0.0836404 0.116647 0.0363945 0.000428098
 0.88444 0.0763242 0.0277011 0.0115352 0
 0.521256 0.241999 0.230069 0.00667565 0
 0.616807 0.101726 0.260614 0.0208532 0
 0 0 0 0 0
ppred_PELACES
 0.59432 0.14798 0.234648 0.0230512 7.79889e-07
 0.61958 0.237993 0.0520284 0.0823128 0.00808549
 0.750221 0.163385 0.0541263 0.011789 0.020479
 0.797821 0.157485 0.0292787 0.0096583 0.00575654
 0.781587 0.179981 0.0299741 0.00554163 0.0029167
 0.91892 0.0651598 0.0131254 0.00218011 0.000615112
 0.538772 0.428684 0.0261729 0.00525341 0.00111856
 0.532629 0.271003 0.182582 0.0110872 0.00269846
 0.736724 0.148948 0.0663564 0.0446041 0.00336737
 0.891765 0.0836273 0.0139622 0.00617937 0.00446571
 0.926802 0.0665923 0.00511333 0.000846857 0.000645375
 0.878235 0.113932 0.00712714 0.000545782 0.000159253
 0.829917 0.152421 0.0165329 0.00102805 0.000101664
 0.832445 0.143322 0.0217309 0.00234169 0.000159954
 0.888143 0.0964255 0.0132186 0.00198499 0.000228392
 0.978128 0.0198296 0.00176242 0.000239748 4.01279e-05
 0.424823 0.564515 0.00967123 0.000855053 0.000135746
 0.96819 0.0147221 0.0167723 0.000286133 2.9307e-05
 0.682759 0.308525 0.0040418 0.00458783 8.62671e-05
 0.800328 0.143193 0.0549347 0.000716169 0.000827989
 0.824577 0.144645 0.0221006 0.0084408 0.000237204
 0.869009 0.110775 0.0166814 0.00253865 0.000996608
 0.376743 0.551966 0.0603284 0.0090463 0.00191672
 0.849901 0.0614676 0.0785196 0.00855683 0.00155472
 0.746272 0.219812 0.0139108 0.0177228 0.00228197
 0.51756 0.371701 0.0959701 0.00605797 0.00871062
 0.835926 0.0902203 0.056932 0.0146654 0.00225653
 0.796772 0.173403 0.0164188 0.0103348 0.00307141
 0.383167 0.503406 0.0968088 0.0091487 0.00746928
 0.500549 0.207041 0.238742 0.0458064 0.00786205
 0.915338 0.0454308 0.0162955 0.0187266 0.00420891
pobs_pel_tallas
 0 0 0 0 0 0 0 0 0 0 0 0 0 0 0 0 0 0 0 0 0 0 0 0 0 0
 0 0 0 0 0 0 0 0 0 0 0 0 0 0 0 0 0 0 0 0 0 0 0 0 0 0
 0 0 0 0 0 0 0 0 0 0 0 0 0 0 0 0 0 0 0 0 0 0 0 0 0 0
 0 0 0 0 0 0 0 0 0 0 0 0 0 0 0 0 0 0 0 0 0 0 0 0 0 0
 0 0 0 0 0 0 0 0 0 0 0 0 0 0 0 0 0 0 0 0 0 0 0 0 0 0
 0 0 0 0 0 0 0 0 0 0 0 0 0 0 0 0 0 0 0 0 0 0 0 0 0 0
 0 0 0 0 0 0 0 0 0 0 0 0 0 0 0 0 0 0 0 0 0 0 0 0 0 0
 0 0 0 0 0 0 0 0 0 0 0 0 0 0 0 0 0 0 0 0 0 0 0 0 0 0
 0 0 0 0 0 0 0 0 0 0 0 0 0 0 0 0 0 0 0 0 0 0 0 0 0 0
 0 0 0 0 0 0 0 0 0 0 0 0 0 0 0 0 0 0 0 0 0 0 0 0 0 0
 0 0 0 0 0 0 0 0 0 0 0 0 0 0 0 0 0 0 0 0 0 0 0 0 0 0
 0 0 0 0 0 0 0 0 0 0 0 0 0 0 0 0 0 0 0 0 0 0 0 0 0 0
 0.00862536 0 0 0.000197151 0.00414017 0.0128641 0.00837892 0.0270097 0.101434 0.158115 0.152841 0.127902 0.109271 0.109419 0.0830992 0.0579132 0.0238553 0.00714673 0.00463305 0.00128148 0.00103504 0.000492878 0.000147863 0.000147863 4.92878e-05 0
 0 0 0 0 0 0 0 0 0 0 0 0 0 0 0 0 0 0 0 0 0 0 0 0 0 0
 0 0 0 0 0 0 0 0.0054083 0.00873648 0.0413646 0.0450493 0.0745869 0.0622846 0.0627006 0.0613931 0.0827291 0.12552 0.122667 0.0946155 0.0697135 0.0546179 0.0294188 0.0215738 0.0213955 0.0102223 0.00600262
 0 0 0 0 0.00359764 0.0251062 0.0480494 0.140153 0.205849 0.193036 0.1447 0.116669 0.0760912 0.0342217 0.00950174 0.001854 0.000860785 0 0 0 0.000165536 0 0.000143464 0 0 0
 0 0 0 0 0 0 0 0.000145254 0.000435761 0.0275982 0.070085 0.0708112 0.156366 0.174668 0.174014 0.160142 0.0824315 0.0480064 0.0283245 0.00493863 0.00203355 0 0 0 0 0
 0 0 0 0 0 0 0 0 0 0 0 0 0 0 0 0 0 0 0 0 0 0 0 0 0 0
 0 0 1.00437e-05 0.000401748 0.00122533 0.00171747 0.00176769 0.0269171 0.070346 0.194647 0.189555 0.159765 0.064822 0.0314167 0.0384472 0.0292271 0.0345202 0.0313363 0.0194345 0.0106764 0.0143323 0.0359363 0.0279516 0.0138201 0.00172751 0
 0 0.0021121 0.0136068 0.0755702 0.200478 0.177729 0.0527432 0.0373336 0.0318909 0.0142505 0.0149659 0.0166563 0.0217959 0.0798694 0.0677717 0.0528807 0.04013 0.0224614 0.0357745 0.0225083 0.00881397 0.00855152 0.00135912 0.000746735 0 0
 0 0 0 0 5.4009e-05 0.00500934 0.000945158 0.0243581 0.138947 0.33067 0.221406 0.137944 0.0707744 0.0437923 0.0131692 0.00525238 0.0047753 0.00276346 9.45158e-05 9.00151e-06 2.25038e-05 9.00151e-06 4.50075e-06 0 0 0
 0.000866109 0.00284123 0.00948549 0.0512746 0.133035 0.25785 0.225252 0.132002 0.0553304 0.0519788 0.0540692 0.017754 0.00435017 0.00159236 0.00146478 0.000404838 0.000125132 0.000115318 0.000107957 0.000100596 0 0 0 0 0 0
 0 0 0 0 0.00144013 0.00171154 0.00461396 0.0210425 0.0478622 0.0707936 0.0888783 0.103762 0.0637923 0.0337046 0.0602308 0.124433 0.169614 0.0934646 0.0462172 0.0250306 0.0313229 0.00938855 0.002487 0.000210481 0 0
 0 0.00764035 0.051015 0.0998891 0.058973 0.0496711 0.0374665 0.0718981 0.12319 0.153886 0.159021 0.0857701 0.0377988 0.023471 0.0147837 0.00900784 0.00315554 0.000888139 0.00291439 0.00214683 0.00393193 0.00274676 0.000635225 9.99891e-05 0 0
 0 0 0 0 0 0 0 0 0 0 0 0 0 0 0 0 0 0 0 0 0 0 0 0 0 0
 0 0 0 0 0 0 0 0 0 0 0 0 0 0 0 0 0 0 0 0 0 0 0 0 0 0
 0 0 0 0 0 0 0 0 0 0 0 0 0 0 0 0 0 0 0 0 0 0 0 0 0 0
 0 0 0 0 0 0 0 0 0 0 0 0 0 0 0 0 0 0 0 0 0 0 0 0 0 0
 0 0 0 0 0 0 0 0 0 0 0 0 0 0 0 0 0 0 0 0 0 0 0 0 0 0
 0 0 0 0 0 0 0 0 0 0 0 0 0 0 0 0 0 0 0 0 0 0 0 0 0 0
 0 0 0 0 0 0 0 0 0 0 0 0 0 0 0 0 0 0 0 0 0 0 0 0 0 0
ppred_pel_tallas
 1.09122e-16 4.89534e-05 0.000475844 0.00316215 0.0143747 0.0447251 0.0952921 0.139085 0.139099 0.0953635 0.0449661 0.0150751 0.00493647 0.00440257 0.00766272 0.0129973 0.0196642 0.0266952 0.0330655 0.0381924 0.0420741 0.044887 0.0464509 0.0461302 0.0432904 0.0378836
 1.11186e-16 5.1034e-05 0.000496069 0.00329655 0.0149857 0.0466261 0.0993427 0.144998 0.145021 0.0994551 0.0470036 0.0160769 0.00603889 0.00649341 0.0114742 0.0189795 0.0275617 0.0351667 0.0397681 0.040519 0.0382758 0.0349765 0.0323629 0.0310404 0.0304516 0.0295379
 1.06252e-16 6.17948e-05 0.000600667 0.00399164 0.0181454 0.0564573 0.120289 0.175568 0.175584 0.120366 0.0567168 0.0188957 0.00587749 0.00472652 0.00792432 0.0130738 0.0189964 0.0242504 0.0274121 0.0278405 0.0260442 0.0232856 0.0207523 0.0189531 0.0176974 0.0164891
 1.02829e-16 6.57155e-05 0.000638778 0.00424491 0.0192967 0.0600394 0.127921 0.186707 0.186723 0.127995 0.0602887 0.020017 0.00605359 0.00458942 0.0075755 0.012438 0.0179546 0.0226723 0.0251582 0.0247574 0.0219763 0.0181209 0.0144923 0.0117669 0.0099246 0.00858287
 1.01961e-16 6.43783e-05 0.00062578 0.00415853 0.0189041 0.0588177 0.125318 0.182909 0.182926 0.125403 0.0591025 0.0197266 0.00622361 0.005135 0.00863148 0.0141762 0.0204348 0.025738 0.0284271 0.0277338 0.0242267 0.0194088 0.0148043 0.0112482 0.00879181 0.00706467
 1.00719e-16 7.56902e-05 0.000735736 0.00488922 0.0222257 0.0691524 0.147337 0.215044 0.21505 0.147368 0.0692556 0.0225238 0.00563766 0.00237054 0.00318325 0.00514994 0.00742789 0.00937477 0.0103898 0.0101943 0.00898783 0.00730238 0.00567428 0.00439298 0.00347259 0.00278564
 1.01582e-16 4.4378e-05 0.00043137 0.00286661 0.0130312 0.0405451 0.0863872 0.126093 0.126135 0.0865888 0.0412218 0.014985 0.00776812 0.0111221 0.0203208 0.0334523 0.0480161 0.0600248 0.0654435 0.0624091 0.0523545 0.0390763 0.0265233 0.0170109 0.0108776 0.00727125
 1.06907e-16 4.3872e-05 0.000426452 0.00283392 0.0128826 0.0400827 0.0854015 0.124652 0.124678 0.0855303 0.040516 0.0141367 0.00599252 0.00735695 0.0133091 0.0222008 0.0325972 0.0422772 0.0489506 0.0514726 0.0503766 0.0472316 0.0434181 0.0393803 0.0348238 0.0294291
 1.06997e-16 6.0683e-05 0.000589861 0.00391983 0.017819 0.0554416 0.118125 0.172409 0.172424 0.118195 0.0556789 0.0185055 0.00564742 0.00437554 0.00729304 0.0120743 0.0176583 0.0227864 0.0262228 0.0274214 0.0268229 0.025467 0.0242381 0.0233612 0.0224612 0.0210017
 1.018e-16 7.34536e-05 0.000713995 0.00474475 0.0215689 0.067109 0.142983 0.20869 0.208698 0.143023 0.0672413 0.0219513 0.0057048 0.00281077 0.0040586 0.00660161 0.00952289 0.0120201 0.013332 0.0131159 0.0116499 0.00963793 0.00777867 0.00643051 0.00556986 0.00497059
 1.00359e-16 7.63395e-05 0.000742047 0.00493116 0.0224164 0.0697456 0.148601 0.216888 0.216895 0.148632 0.0698508 0.02272 0.00569297 0.00240393 0.00322914 0.00520861 0.00747464 0.00935478 0.0102204 0.00978313 0.00826428 0.00624922 0.00434436 0.00290161 0.00196755 0.00140723
 1.00317e-16 7.23391e-05 0.000703162 0.00467276 0.0212417 0.0660908 0.140814 0.205524 0.205535 0.140867 0.0662707 0.0217609 0.00597542 0.00354439 0.00546097 0.00889412 0.0127593 0.0159474 0.0173809 0.0165623 0.0138703 0.0103128 0.0069402 0.0043721 0.0027053 0.00172109
 1.00637e-16 6.83592e-05 0.000664476 0.00441567 0.020073 0.0624547 0.133067 0.194218 0.194233 0.133139 0.0626955 0.0207685 0.00616091 0.00447272 0.00729607 0.0119407 0.0171632 0.0215155 0.0235683 0.0226571 0.0192723 0.0147268 0.010379 0.00701557 0.00474604 0.00328904
 1.00926e-16 6.85674e-05 0.0006665 0.00442913 0.0201342 0.062645 0.133472 0.19481 0.194823 0.13354 0.0628716 0.0207889 0.00607252 0.00425414 0.00688235 0.0112696 0.0162275 0.0204038 0.0224663 0.0217934 0.0188342 0.0147924 0.0109009 0.0078555 0.00573213 0.00426645
 1.00644e-16 7.31551e-05 0.000711094 0.00472547 0.0214813 0.0668364 0.142402 0.207842 0.207852 0.142448 0.0669888 0.0219216 0.00583067 0.00312352 0.00465406 0.00757625 0.0109016 0.0136969 0.015063 0.0145829 0.0125629 0.00982006 0.00719219 0.00515287 0.00375306 0.00280833
 1.00087e-16 8.05671e-05 0.000783141 0.00520425 0.0236578 0.0736081 0.15683 0.228898 0.2289 0.156839 0.0736394 0.0237482 0.00543117 0.00127822 0.00101994 0.00155633 0.00222859 0.00279052 0.00305152 0.00292516 0.00247639 0.00187803 0.00130911 0.000873554 0.000585677 0.00040716
 1.00533e-16 3.49923e-05 0.000340137 0.00226033 0.0102752 0.0319702 0.0681179 0.0994315 0.0994858 0.0683832 0.0328605 0.0128451 0.00870546 0.0143911 0.0266649 0.0438817 0.0628682 0.0783383 0.0849301 0.0801723 0.0659971 0.0475258 0.0301377 0.0170641 0.00887073 0.00444779
 1.00522e-16 7.97485e-05 0.000775184 0.00515137 0.0234174 0.0728602 0.155236 0.226572 0.226574 0.155243 0.072884 0.0234863 0.00532537 0.00115857 0.000818221 0.00125334 0.00185993 0.00246735 0.00295577 0.00326235 0.00339911 0.00341659 0.00334535 0.00317158 0.00286437 0.00242188
 1.00671e-16 5.6238e-05 0.000546653 0.00363271 0.0165138 0.0513806 0.109473 0.159785 0.159815 0.109618 0.0518672 0.0179183 0.00715511 0.00822585 0.0146103 0.0239861 0.0343631 0.042826 0.0464477 0.0438864 0.0362077 0.0262171 0.0168522 0.00986359 0.00553253 0.00321982
 1.01834e-16 6.5922e-05 0.000640786 0.00425825 0.0193574 0.0602281 0.128323 0.187294 0.187308 0.12839 0.0604556 0.0200152 0.00591188 0.00425875 0.00696059 0.0114636 0.016647 0.0212207 0.0239003 0.0240656 0.0220862 0.0189985 0.0158193 0.0130564 0.0107061 0.00856933
 1.01562e-16 6.79193e-05 0.0006602 0.00438726 0.0199439 0.0620528 0.132211 0.192968 0.192982 0.132279 0.0622816 0.0206048 0.00604645 0.00428286 0.0069499 0.0113872 0.0164091 0.0206607 0.022809 0.0222398 0.0194161 0.0155524 0.0118764 0.00905551 0.00711961 0.00575673
 1.00934e-16 7.15791e-05 0.000695775 0.00462367 0.0210185 0.0653965 0.139335 0.203365 0.203376 0.139387 0.0655717 0.0215246 0.00589393 0.00346892 0.0053387 0.0087136 0.0125472 0.0157813 0.0173875 0.0168892 0.0146369 0.0115632 0.00861992 0.00633879 0.00476768 0.00368898
 1.03114e-16 3.10319e-05 0.000301642 0.00200452 0.00911227 0.028352 0.0604088 0.0881796 0.0882327 0.0606686 0.0292241 0.011631 0.00832535 0.0140948 0.0262112 0.0432418 0.0621897 0.0779934 0.0855034 0.0823284 0.0702561 0.0540418 0.0385884 0.0267073 0.0187442 0.0136278
 1.03403e-16 7.00052e-05 0.000680476 0.004522 0.0205564 0.0639585 0.136271 0.198892 0.198898 0.1363 0.064058 0.0208452 0.00525225 0.00229218 0.00318234 0.00528428 0.00791734 0.0106058 0.0128938 0.0145392 0.0155879 0.0162114 0.0164623 0.0161884 0.0151734 0.0133577
 1.02622e-16 6.14695e-05 0.000597505 0.00397063 0.0180499 0.0561602 0.119656 0.174646 0.174667 0.119759 0.0565073 0.0190523 0.00648561 0.00608439 0.0104725 0.0171919 0.0247056 0.0309608 0.0339177 0.0326566 0.02794 0.0217163 0.0159687 0.0117933 0.00923813 0.0077411
 1.04947e-16 4.26308e-05 0.000414387 0.00275375 0.0125182 0.0389489 0.082986 0.121128 0.121164 0.0831614 0.039538 0.0142207 0.0070304 0.00976065 0.0178229 0.0294752 0.0426358 0.0539866 0.0601521 0.059543 0.0532512 0.0442145 0.0353688 0.0282613 0.0229314 0.0186905
 1.03519e-16 6.88541e-05 0.000669287 0.00444765 0.0202184 0.0629068 0.13403 0.195623 0.195631 0.134073 0.063051 0.0206357 0.0054989 0.00297595 0.00448422 0.00739501 0.0108586 0.0141012 0.0163741 0.017322 0.017153 0.016412 0.015556 0.0146906 0.0136364 0.0121874
 1.02075e-16 6.56291e-05 0.000637938 0.00423932 0.0192714 0.0599604 0.127753 0.186462 0.186479 0.127834 0.0602344 0.0200626 0.00622498 0.0049711 0.00829073 0.0135914 0.019548 0.0245338 0.0269419 0.0260424 0.0224211 0.0175898 0.0130862 0.00975948 0.00765239 0.00634682
 1.05104e-16 3.15611e-05 0.000306785 0.0020387 0.00926764 0.0288353 0.0614385 0.0896815 0.0897301 0.0616758 0.0296322 0.0115696 0.00781873 0.0129304 0.0240227 0.0397072 0.0572945 0.0722485 0.079945 0.0782213 0.0686252 0.055294 0.0424209 0.0323032 0.0251024 0.0198583
 1.12867e-16 4.12296e-05 0.000400767 0.00266324 0.0121067 0.0376685 0.0802575 0.117142 0.117163 0.0803569 0.038003 0.0130771 0.00511548 0.00580844 0.0104711 0.0176633 0.026417 0.0352638 0.0426785 0.047886 0.051136 0.0531412 0.0542055 0.0538646 0.051313 0.0461559
 1.03073e-16 7.53952e-05 0.000732868 0.00487017 0.0221391 0.0688829 0.146762 0.214205 0.214209 0.146784 0.0689552 0.0223482 0.00539635 0.00188551 0.00227653 0.00367687 0.00536884 0.00692612 0.00797736 0.00837361 0.00827492 0.00802439 0.00790465 0.00796927 0.00805512 0.00792563
pSPR Fmed_Fpbrs
0.364198   0.247098 0.247098
Fs Fmed_Fpbrs
0.674752   1.005 1.005
SSBpbr Bo_Bmed_Bpbrs
1.20702e+06  379242  237901 237901
Ro
99266.2
SPR SPRFo_SPRFmed_SPRFpbrs
706840 257430 174659
Fref
1.005
log_Ro
11.3256
likeval ReclasPelacesDesembMPH_pf_preclas_ppelaces_ptallas_desvR_qrecl_qpela
 11.8356 16.8158 0.0228637 0.000848819 235.298 118.392 86.4648 0 28.6415 3.57435e-05 6.71148e-05 0.00938041 0 0 0
q_reclas_q_pelaces
2.33308 3.20761
M
1
N
 125919 31164.2 49778.5 4892.05 0.165515
 88662.7 36940.5 8192.06 12970.5 1274.13
 88652.8 20939.7 7036.87 1533.85 2664.61
 86097.2 20941.9 3990.13 1317.99 785.603
 62458.1 14811.6 2491.89 460.955 242.619
 228059 16779.8 3416.57 567.816 160.212
 60955.1 60133 3764.44 756.621 161.112
 20941.7 10326.9 6994.39 424.852 103.404
 27025 6541.37 2979.69 2005.33 151.401
 36776 4994.37 865.703 383.919 277.481
 59528.2 4236.23 327.573 54.2723 41.3608
 111698 17620.2 1128.43 86.5226 25.248
 90708.2 19859.7 2201.83 137.077 13.5564
 66980.6 16942.2 2670.03 288.32 19.6965
 50678.2 7444.82 1053.81 158.522 18.2411
 288573 6910.41 627.314 85.4335 14.3003
 36907.9 55142 961.069 85.0491 13.5028
 492154 7972.45 9200.34 157.066 16.088
 233807 121544 1622.86 1844 34.6755
 234875 47708.9 18635 243.176 281.159
 258673 49526.9 7680.25 2935.64 82.501
 417300 60147 9218.68 1404.28 551.312
 57835.5 88884.7 9828.47 1474.72 312.472
 199032 14842.7 19155.6 2088.68 379.511
 175651 53303.9 3407.85 4344.1 559.358
 64987.9 47138.4 12275.7 775.246 1114.74
 164583 18324.4 11682.9 3011.12 463.328
 203064 44027.9 4200.17 2644.87 786.045
 45287 59235.4 11476.4 1084.99 885.84
 29489.6 13232.8 15479.2 2972.23 510.163
 138524 6961.35 2518.99 2896.17 650.948
pred_Ctot
 16421.8 5778.75 9439.6 928.796 0.0314265
 20797.1 11869.2 2684.07 4254.1 417.915
 20786.4 6725.61 2304.74 502.894 873.676
 30784 9782.78 1893.99 626.14 373.235
 10924 3626.24 623.144 115.401 60.7436
 41954 4306.94 895.506 148.994 42.0421
 22111.4 28439.7 1808.8 363.859 77.4823
 2024.59 1436.06 995.585 60.5488 14.7379
 8982.82 2869.21 1329.01 895.215 67.5914
 17483.3 2953.81 518.446 230.071 166.291
 7483.9 758.471 59.9868 9.95057 7.58379
 38663.4 8004.82 521.08 39.9886 11.6695
 29801.2 8623.14 972.274 60.5837 5.9918
 32435.7 10167.7 1622.15 175.279 11.9745
 21801.2 4061.65 582.945 87.7552 10.0984
 92388.2 2933.56 270.891 36.9259 6.18114
 10053.4 20285.5 360.142 31.9017 5.06513
 105608 2360.66 2779.52 47.5019 4.86582
 69009.5 48030.9 652.831 742.489 13.9628
 66271 18112.8 7204.57 94.1062 108.811
 62434.9 16333.5 2582.33 988.066 27.7694
 116050 22541.4 3518.68 536.519 210.645
 11382.6 24295.3 2742.35 411.927 87.2866
 35115 3663.6 4829.22 527.159 95.7899
 30814.7 13087.2 854.605 1090.62 140.44
 9803.54 10038.7 2672.03 168.943 242.94
 29127.6 4536.19 2953.86 762.179 117.285
 27085 8341.13 813.696 512.998 152.471
 6000.61 11151.6 2209.39 209.126 170.751
 6923.31 4255.23 5075.7 975.621 167.468
 21333.8 1511.86 559.109 643.574 144.659
F
 0.226331 0.336104 0.344908 0.345384 0.345409
 0.443191 0.658144 0.675385 0.676317 0.676366
 0.442976 0.657825 0.675058 0.67599 0.676039
 0.760068 1.12871 1.15828 1.15988 1.15996
 0.314322 0.466772 0.478999 0.47966 0.479695
 0.333044 0.494574 0.50753 0.50823 0.508267
 0.775381 1.15145 1.18161 1.18324 1.18333
 0.163594 0.242938 0.249302 0.249647 0.249665
 0.688452 1.02236 1.04914 1.05059 1.05067
 1.16117 1.72436 1.76953 1.77197 1.7721
 0.217403 0.322846 0.331304 0.331761 0.331785
 0.727103 1.07976 1.10804 1.10957 1.10965
 0.677843 1.0066 1.03297 1.0344 1.03447
 1.19688 1.77739 1.82395 1.82647 1.8266
 0.992467 1.47383 1.51243 1.51452 1.51463
 0.655037 0.972737 0.998219 0.999597 0.99967
 0.532434 0.790671 0.811383 0.812503 0.812562
 0.398516 0.591802 0.607304 0.608143 0.608187
 0.589378 0.875233 0.89816 0.8994 0.899466
 0.556538 0.826466 0.848116 0.849287 0.849349
 0.458773 0.681283 0.69913 0.700095 0.700146
 0.546466 0.811508 0.832766 0.833916 0.833977
 0.360093 0.534742 0.54875 0.549508 0.549548
 0.317458 0.471429 0.483778 0.484446 0.484481
 0.315409 0.468386 0.480656 0.48132 0.481354
 0.265967 0.394964 0.405311 0.40587 0.4059
 0.318589 0.473108 0.485502 0.486172 0.486207
 0.232003 0.344528 0.353553 0.354041 0.354067
 0.230318 0.342025 0.350985 0.351469 0.351495
 0.443663 0.658845 0.676104 0.677037 0.677086
 0.272206 0.404229 0.414818 0.415391 0.415421
nmprior
 8 9 7.5 0
nm_flota  nm_reclas  nm_pelaces    nm_pelaL
inf 20.4982 14.7366 25.2393
cv_recla  cv_pelaces  cv_mph
0.311186 0.482529 0.89911
 ------------------------------------------------
Talla a la edad & desviación 
 8 13.2811 15.8009 17.003 17.5766
 0.8 1.32811 1.58009 1.7003 1.75766
