years
 1991 1992 1993 1994 1995 1996 1997 1998 1999 2000 2001 2002 2003 2004 2005 2006 2007 2008 2009 2010 2011 2012 2013 2014 2015 2016 2017 2018 2019 2020 2021
reclasobs
 0 0 0 0 0 0 0 0 0 252601 567819 844713 477998 351125 339783 2.1784e+06 2.13404e+06 4.81314e+06 1.55562e+06 2.62356e+06 3.21686e+06 3.843e+06 1.13348e+06 3.07943e+06 1.97215e+06 2.03268e+06 2.025e+06 2.42433e+06 2.27542e+06 1.05018e+06 2.36338e+06
reclaspred
 3.10301e+06 1.707e+06 857159 759781 702007 1.23271e+06 682276 577597 428161 312975 449970 618430 606540 453943 453754 1.40859e+06 1.2999e+06 3.04967e+06 2.52135e+06 1.89299e+06 3.35849e+06 2.70841e+06 2.06849e+06 3.20362e+06 2.36544e+06 2.06245e+06 2.53046e+06 2.7781e+06 2.22166e+06 1.30937e+06 1.7352e+06
pelacesobs
 0 0 0 0 0 0 0 0 0 0 0 0 0 0 0 552880 188675 0 991730 2.46772e+06 1.41603e+06 1.21717e+06 2.29649e+06 1.80582e+06 0 1.4828e+06 1.56532e+06 1.57751e+06 1.42118e+06 867257 0
pelacespred
 1.32585e+06 802931 398009 285633 283849 513354 242349 277506 186920 127863 198838 229028 248897 192226 199318 526966 489192 1.33609e+06 1.12826e+06 781036 1.36543e+06 1.18026e+06 904390 1.54187e+06 1.09188e+06 951209 1.33422e+06 1.44285e+06 950383 637947 791019
mphobs
 0 0 0 0 0 0 0 0 0 0 0 498337 0 5186 125008 0 168611 109162 213762 579715 649985 157893 87575 83554 0 0 0 0 0 0 0
mphpred
 464695 307481 149370 80846 74546.3 81234.1 115031 60295.4 54077.9 35993.1 24302.5 52858.4 58200.1 47805.5 30094.7 38949.6 160251 143335 298734 224496 243475 302568 284586 225315 316579 256505 208049 231164 334775 217909 110705
desembarqueobs
 494567 514787 250237 358949 120608 361735 552515 73892 212993 205616 52469 317467 293654 387597 252695 516296 358380 742168 942051 627588 828172 859565 418607 520667 417249 300574 407403 355545 319650 289779 219260
desembarquepred
 494567 513962 250512 358983 120613 361726 552470 73895.9 213029 205646 52471.1 317509 293678 387564 252664 516210 358392 742027 941731 627384 828196 859502 418596 520676 417232 300561 407385 355517 319629 289775 219263
Reclutas
 174854 99685.5 99658.4 128010 103719 214624 80734.8 33443.3 36572.7 51670.9 98259 135586 111003 77693.8 74413.6 454127 80949.5 676838 394695 310287 446166 589145 110482 354460 290613 129197 307154 349428 86667.9 62992.2 263400
log_desv_Rt
 0.143286 -0.418644 -0.418916 -0.168557 -0.378975 0.348224 -0.629495 -1.51081 -1.42136 -1.07577 -0.433057 -0.111056 -0.311107 -0.66789 -0.711026 1.09771 -0.626839 1.49677 0.957449 0.716832 1.08003 1.35801 -0.315815 0.84993 0.651328 -0.159329 0.706684 0.835634 -0.558582 -0.877653 0.553008
SSB
 2.53781e+06 1.67922e+06 815743 441519 407114 443638 628208 329287 295332 196566 132722 288672 317844 261077 164354 212713 875169 782784 1.63145e+06 1.22602e+06 1.32967e+06 1.6524e+06 1.55419e+06 1.2305e+06 1.72891e+06 1.40083e+06 1.1362e+06 1.26244e+06 1.82829e+06 1.19005e+06 604588
BT
 3.47895e+06 2.35983e+06 1.16474e+06 960183 751980 1.49491e+06 1.04965e+06 706413 641872 491340 503356 792096 839850 845628 713139 1.63146e+06 1.4082e+06 3.73926e+06 3.50605e+06 2.36477e+06 3.81936e+06 3.52739e+06 2.45118e+06 4.04211e+06 2.90687e+06 2.4616e+06 3.49448e+06 3.68509e+06 2.45723e+06 1.7583e+06 2.01815e+06
Ftot
 0.168637 0.311396 0.307216 0.526645 0.194538 0.353171 0.825507 0.144594 0.555949 0.727835 0.148486 0.590765 0.55159 0.952406 0.674958 0.47629 0.298484 0.305205 0.421014 0.375996 0.287865 0.366077 0.217794 0.19711 0.19757 0.161231 0.19428 0.156892 0.150979 0.234239 0.157488
BD_Bspro_t
 0.973471 0.813386 0.629128 0.527742 0.482448 0.557219 0.558593 0.35513 0.408937 0.360238 0.334959 0.606074 0.492827 0.398814 0.28591 0.344497 0.570003 0.529514 0.641194 0.543143 0.517324 0.568127 0.582775 0.566366 0.675895 0.681473 0.686505 0.732545 0.785799 0.707843 0.635553
BD_Bspro
 2.35229 1.55647 0.756112 0.409244 0.377354 0.411208 0.582286 0.305216 0.273743 0.182197 0.12302 0.26757 0.29461 0.241992 0.15234 0.197163 0.811194 0.725562 1.51219 1.1364 1.23247 1.53161 1.44058 1.14055 1.60253 1.29843 1.05315 1.17015 1.69464 1.10306 0.560393
BD_Bo
 1.48005 0.979321 0.475741 0.257493 0.237429 0.258729 0.36637 0.19204 0.172237 0.114637 0.0774032 0.168353 0.185366 0.15226 0.0958513 0.124054 0.510398 0.456519 0.951462 0.715016 0.775463 0.963676 0.906403 0.717625 1.0083 0.816963 0.662632 0.736253 1.06625 0.694037 0.352595
BD_Brms
 8.14569 5.38986 2.61832 1.41716 1.30673 1.42396 2.01638 1.05692 0.947936 0.630926 0.426002 0.926561 1.0202 0.837987 0.527534 0.682751 2.80906 2.51253 5.23653 3.93521 4.26789 5.30375 4.98855 3.94957 5.54935 4.4963 3.64691 4.05209 5.86831 3.81975 1.94057
Sel_flota
 0.716837 0.979633 0.998907 0.999942 0.999997
 0.716837 0.979633 0.998907 0.999942 0.999997
 0.716837 0.979633 0.998907 0.999942 0.999997
 0.716837 0.979633 0.998907 0.999942 0.999997
 0.716837 0.979633 0.998907 0.999942 0.999997
 0.716837 0.979633 0.998907 0.999942 0.999997
 0.716837 0.979633 0.998907 0.999942 0.999997
 0.716837 0.979633 0.998907 0.999942 0.999997
 0.716837 0.979633 0.998907 0.999942 0.999997
 0.716837 0.979633 0.998907 0.999942 0.999997
 0.716837 0.979633 0.998907 0.999942 0.999997
 0.716837 0.979633 0.998907 0.999942 0.999997
 0.716837 0.979633 0.998907 0.999942 0.999997
 0.716837 0.979633 0.998907 0.999942 0.999997
 0.716837 0.979633 0.998907 0.999942 0.999997
 0.716837 0.979633 0.998907 0.999942 0.999997
 0.716837 0.979633 0.998907 0.999942 0.999997
 0.716837 0.979633 0.998907 0.999942 0.999997
 0.716837 0.979633 0.998907 0.999942 0.999997
 0.716837 0.979633 0.998907 0.999942 0.999997
 0.716837 0.979633 0.998907 0.999942 0.999997
 0.716837 0.979633 0.998907 0.999942 0.999997
 0.716837 0.979633 0.998907 0.999942 0.999997
 0.716837 0.979633 0.998907 0.999942 0.999997
 0.716837 0.979633 0.998907 0.999942 0.999997
 0.716837 0.979633 0.998907 0.999942 0.999997
 0.716837 0.979633 0.998907 0.999942 0.999997
 0.716837 0.979633 0.998907 0.999942 0.999997
 0.716837 0.979633 0.998907 0.999942 0.999997
 0.716837 0.979633 0.998907 0.999942 0.999997
 0.716837 0.979633 0.998907 0.999942 0.999997
Sel_reclas
 1 1 1 1 1
 1 1 1 1 1
 1 1 1 1 1
 1 1 1 1 1
 1 1 1 1 1
 1 1 1 1 1
 1 1 1 1 1
 1 1 1 1 1
 1 1 1 1 1
 1 1 1 1 1
 1 1 1 1 1
 1 1 1 1 1
 1 1 1 1 1
 1 1 1 1 1
 1 1 1 1 1
 1 1 1 1 1
 1 1 1 1 1
 1 1 1 1 1
 1 1 1 1 1
 1 1 1 1 1
 1 1 1 1 1
 1 1 1 1 1
 1 1 1 1 1
 1 1 1 1 1
 1 1 1 1 1
 1 1 1 1 1
 1 1 1 1 1
 1 1 1 1 1
 1 1 1 1 1
 1 1 1 1 1
 1 1 1 1 1
Sel_pelaces
 1 1 1 1 1
 1 1 1 1 1
 1 1 1 1 1
 1 1 1 1 1
 1 1 1 1 1
 1 1 1 1 1
 1 1 1 1 1
 1 1 1 1 1
 1 1 1 1 1
 1 1 1 1 1
 1 1 1 1 1
 1 1 1 1 1
 1 1 1 1 1
 1 1 1 1 1
 1 1 1 1 1
 1 1 1 1 1
 1 1 1 1 1
 1 1 1 1 1
 1 1 1 1 1
 1 1 1 1 1
 1 1 1 1 1
 1 1 1 1 1
 1 1 1 1 1
 1 1 1 1 1
 1 1 1 1 1
 1 1 1 1 1
 1 1 1 1 1
 1 1 1 1 1
 1 1 1 1 1
 1 1 1 1 1
 1 1 1 1 1
pf_obs 
 0.8446 0.082 0.0669 0.0065 0
 0.8095 0.147 0.0364 0.0071 0
 0.9664 0.0169 0.016 0.0007 0
 0.9276 0.0648 0.0075 0.0001 0
 0.7033 0.2144 0.0806 0.0017 0
 0.9318 0.0425 0.0243 0.0014 0
 0.5671 0.3108 0.0964 0.0239 0.0018
 0.0768 0.2599 0.5324 0.112 0.0189
 0.490249 0.384438 0.106611 0.0170017 0.00170017
 0.7925 0.1577 0.0466 0.003 0.0002
 0.840416 0.127587 0.0312969 0.00059994 9.999e-05
 0.8084 0.0986 0.0794 0.0134 0.0002
 0.7335 0.1905 0.0724 0.0035 0.0001
 0.4001 0.4547 0.1325 0.0127 0
 0.49795 0.308269 0.164784 0.0264974 0.00249975
 0.9179 0.0499 0.0305 0.0017 0
 0.2467 0.6533 0.0926 0.0074 0
 0.9418 0.0223 0.034 0.0019 0
 0.707729 0.231977 0.0356964 0.0245975 0
 0.517169 0.277429 0.184464 0.0207286 0.00020938
 0.811772 0.124168 0.05621 0.00726502 0.000585176
 0.764997 0.148141 0.077277 0.00933861 0.000247198
 0.163321 0.427699 0.378323 0.0303852 0.000271297
 0.753843 0.0900009 0.118128 0.0371064 0.000921714
 0.721811 0.176058 0.0630433 0.0369309 0.00215725
 0.143369 0.312575 0.442814 0.0836902 0.0175525
 0.692698 0.0596174 0.167031 0.0765114 0.00414204
 0.394062 0.376323 0.152708 0.0712218 0.00568511
 0.125707 0.32114 0.495352 0.0537591 0.00404204
 0.23352 0.215282 0.420074 0.123614 0.00750983
 0 0 0 0 0
pf_pred 
 0.440705 0.143924 0.388368 0.0270024 8.48455e-07
 0.409509 0.309766 0.0733488 0.193908 0.0134677
 0.560765 0.218455 0.11709 0.0271164 0.076574
 0.684425 0.203824 0.0562171 0.0294691 0.0260646
 0.646449 0.269351 0.0548722 0.014763 0.0145638
 0.77896 0.158699 0.0477324 0.00952359 0.00508415
 0.465506 0.446252 0.063767 0.0187452 0.00572953
 0.464702 0.307284 0.191279 0.0265581 0.0101776
 0.582326 0.228266 0.109676 0.0668986 0.012834
 0.752153 0.167375 0.044497 0.0208433 0.015132
 0.841931 0.130015 0.0191171 0.00494475 0.00399179
 0.740326 0.228624 0.025632 0.00369285 0.00172436
 0.680175 0.258759 0.0539301 0.00589233 0.00124357
 0.631844 0.2795 0.072076 0.0146449 0.00193513
 0.746867 0.185357 0.051836 0.0129633 0.00297709
 0.944096 0.0456766 0.00754289 0.00205349 0.000630565
 0.330912 0.642957 0.0214462 0.00345673 0.00122843
 0.897283 0.0421919 0.0582113 0.00189932 0.000414433
 0.582556 0.386493 0.0128802 0.0173808 0.00069002
 0.594816 0.270576 0.12485 0.00406375 0.00569423
 0.723638 0.18749 0.0598009 0.0269663 0.00210495
 0.725354 0.216323 0.0398504 0.0124346 0.00603778
 0.281805 0.567849 0.118999 0.0214267 0.00991988
 0.729354 0.0957413 0.138903 0.0285025 0.00749951
 0.602704 0.314204 0.0297946 0.0423365 0.0109609
 0.412851 0.398294 0.150025 0.0139335 0.0248967
 0.727829 0.134307 0.094138 0.0347436 0.00898241
 0.676046 0.255589 0.0340961 0.0234078 0.0108605
 0.294057 0.524092 0.144102 0.0188371 0.0189114
 0.376272 0.227856 0.29544 0.0796026 0.0208293
 0.821458 0.0821029 0.0357129 0.0453332 0.015393
pobs_RECLAS
 0 0 0 0 0
 0 0 0 0 0
 0 0 0 0 0
 0 0 0 0 0
 0 0 0 0 0
 0 0 0 0 0
 0 0 0 0 0
 0 0 0 0 0
 0 0 0 0 0
 0 0 0 0 0
 0.991045 0.00858322 0.000360255 1.14367e-05 0
 0.934742 0.0480273 0.0164251 0.00080598 0
 0.827803 0.169806 0.00239088 0 0
 0.941827 0.0461693 0.0120037 0 0
 0.791401 0.0380133 0.147996 0.0225897 0
 0.846168 0.0940531 0.0597789 0 0
 0.134021 0.677848 0.182769 0.00536245 0
 0.80878 0.0450904 0.141981 0.00414843 0
 0.846168 0.0940531 0.0597789 0 0
 0.905697 0.0802665 0.012482 0.00150086 5.37128e-05
 0.989698 0.0102097 9.19794e-05 0 0
 0.975433 0.0193895 0.00387452 0.00125025 5.28907e-05
 0.303575 0.632131 0.0575291 0.00676475 0
 0.966965 0.00978017 0.0227588 0.000495775 0
 0.843318 0.132988 0.00938335 0.0141283 0.000182051
 0.564624 0.303363 0.111486 0.0197234 0.00080311
 0.826376 0.0876187 0.0782897 0.00655872 0.00115652
 0.89761 0.0855135 0.0140674 0.00269457 0.000114338
 0.34875 0.467042 0.161289 0.0227151 0.000203297
 0.318654 0.224769 0.449479 0.00709798 0
 0.937255 0.0296025 0.0250945 0.00804832 0
ppred_RECLAS
 0.523201 0.124514 0.329405 0.0228787 7.18845e-07
 0.491157 0.269587 0.0625634 0.165218 0.0114745
 0.639957 0.180925 0.0950436 0.0219873 0.0620864
 0.752153 0.161282 0.0435713 0.022815 0.020178
 0.716148 0.217288 0.043396 0.0116631 0.011505
 0.830259 0.12257 0.0361274 0.0072004 0.0038437
 0.55159 0.375736 0.0525344 0.0154253 0.00471452
 0.545578 0.263067 0.160554 0.0222686 0.00853328
 0.661851 0.186586 0.0878032 0.0534975 0.0102625
 0.810651 0.128777 0.0335108 0.0156793 0.0113823
 0.879967 0.0990795 0.0142834 0.00369063 0.00297919
 0.799188 0.177244 0.01946 0.00280052 0.00130761
 0.748004 0.204691 0.0417831 0.00456011 0.000962352
 0.709639 0.221627 0.0558924 0.0113431 0.00149875
 0.805706 0.143086 0.0391749 0.0097859 0.00224726
 0.95918 0.0334791 0.00541608 0.00147286 0.000452247
 0.405412 0.571814 0.0186939 0.00300989 0.00106957
 0.924124 0.0315373 0.0426454 0.00138995 0.000303271
 0.659102 0.316111 0.0103218 0.0139133 0.000552329
 0.671178 0.221063 0.099955 0.00324993 0.00455363
 0.783991 0.147503 0.0461126 0.0207716 0.00162131
 0.785509 0.169677 0.0306305 0.0095474 0.0046356
 0.351263 0.51508 0.105814 0.0190325 0.00881094
 0.789436 0.0754562 0.107321 0.0219987 0.00578793
 0.676619 0.25684 0.0238762 0.033891 0.00877386
 0.492615 0.346393 0.12792 0.011868 0.0212049
 0.787678 0.105845 0.0727305 0.0268144 0.00693206
 0.741936 0.204472 0.026743 0.0183404 0.00850894
 0.364782 0.474002 0.12778 0.0166859 0.0167508
 0.456538 0.201087 0.255584 0.0687911 0.0179993
 0.864526 0.0629862 0.0268613 0.0340613 0.0115649
pobs_PELACES
 0 0 0 0 0
 0 0 0 0 0
 0 0 0 0 0
 0 0 0 0 0
 0 0 0 0 0
 0 0 0 0 0
 0 0 0 0 0
 0 0 0 0 0
 0 0 0 0 0
 0 0 0 0 0
 0 0 0 0 0
 0 0 0 0 0
 0 0 0 0 0
 0 0 0 0 0
 0 0 0 0 0
 0 0 0 0 0
 0.505614 0.472636 0.0217494 0 0
 0 0 0 0 0
 0.443492 0.261883 0.143347 0.151278 0
 0.227955 0.32914 0.350689 0.0885471 0.00366901
 0.970185 0.0296113 0.000203453 0 0
 0.997202 0.00247181 0.000326279 0 0
 0.445219 0.490057 0.0546422 0.010081 0
 0.90214 0.0892962 0.00764917 0.000914606 0
 0 0 0 0 0
 0.581667 0.319106 0.0959925 0.00289975 0.000334073
 0.762889 0.0836404 0.116647 0.0363945 0.000428098
 0.88444 0.0763242 0.0277011 0.0115352 0
 0.521256 0.241999 0.230069 0.00667565 0
 0.616807 0.101726 0.260614 0.0208532 0
 0 0 0 0 0
ppred_PELACES
 0.527047 0.123608 0.326658 0.0226866 7.12806e-07
 0.498149 0.26614 0.0616412 0.162766 0.0113041
 0.646301 0.177915 0.0932798 0.021577 0.0609275
 0.760788 0.155851 0.0419631 0.0219689 0.0194296
 0.719624 0.21469 0.0428241 0.0115087 0.0113526
 0.834619 0.119497 0.0351427 0.00700329 0.00373846
 0.569435 0.361094 0.0502228 0.0147424 0.00450573
 0.548781 0.261314 0.159337 0.0220989 0.00846819
 0.672912 0.180775 0.0847684 0.0516387 0.00990578
 0.820373 0.12235 0.0316913 0.0148243 0.0107614
 0.881338 0.0979642 0.0141093 0.00364545 0.00294272
 0.807353 0.170113 0.018607 0.00267722 0.00125003
 0.757035 0.197485 0.0401711 0.00438336 0.000925042
 0.726646 0.208947 0.0523766 0.0106261 0.00140399
 0.814878 0.136487 0.0372082 0.00929247 0.00213392
 0.960787 0.0321783 0.00518989 0.00141112 0.000433286
 0.411685 0.565824 0.018463 0.0029724 0.00105624
 0.926037 0.0307771 0.0415368 0.00135367 0.000295354
 0.667302 0.308569 0.0100486 0.0135431 0.000537629
 0.678506 0.216307 0.0975709 0.00317201 0.00444441
 0.788287 0.144655 0.0451394 0.0203312 0.00158693
 0.790892 0.165501 0.0298072 0.00928961 0.00451041
 0.355645 0.511748 0.104984 0.0188818 0.00874114
 0.792398 0.0744555 0.105765 0.0216783 0.00570362
 0.680414 0.253893 0.0235726 0.0334579 0.00866169
 0.496192 0.344063 0.12693 0.0117755 0.0210395
 0.790587 0.104461 0.0716908 0.0264293 0.00683248
 0.744573 0.202426 0.026449 0.0181378 0.0084149
 0.367879 0.471807 0.127066 0.0165918 0.0166563
 0.461819 0.199323 0.252965 0.0680805 0.0178133
 0.866182 0.0622508 0.0265211 0.0336281 0.0114178
pobs_pel_tallas
 0 0 0 0 0 0 0 0 0 0 0 0 0 0 0 0 0 0 0 0 0 0 0 0 0 0
 0 0 0 0 0 0 0 0 0 0 0 0 0 0 0 0 0 0 0 0 0 0 0 0 0 0
 0 0 0 0 0 0 0 0 0 0 0 0 0 0 0 0 0 0 0 0 0 0 0 0 0 0
 0 0 0 0 0 0 0 0 0 0 0 0 0 0 0 0 0 0 0 0 0 0 0 0 0 0
 0 0 0 0 0 0 0 0 0 0 0 0 0 0 0 0 0 0 0 0 0 0 0 0 0 0
 0 0 0 0 0 0 0 0 0 0 0 0 0 0 0 0 0 0 0 0 0 0 0 0 0 0
 0 0 0 0 0 0 0 0 0 0 0 0 0 0 0 0 0 0 0 0 0 0 0 0 0 0
 0 0 0 0 0 0 0 0 0 0 0 0 0 0 0 0 0 0 0 0 0 0 0 0 0 0
 0 0 0 0 0 0 0 0 0 0 0 0 0 0 0 0 0 0 0 0 0 0 0 0 0 0
 0 0 0 0 0 0 0 0 0 0 0 0 0 0 0 0 0 0 0 0 0 0 0 0 0 0
 0 0 0 0 0 0 0 0 0 0 0 0 0 0 0 0 0 0 0 0 0 0 0 0 0 0
 0 0 0 0 0 0 0 0 0 0 0 0 0 0 0 0 0 0 0 0 0 0 0 0 0 0
 0.00862536 0 0 0.000197151 0.00414017 0.0128641 0.00837892 0.0270097 0.101434 0.158115 0.152841 0.127902 0.109271 0.109419 0.0830992 0.0579132 0.0238553 0.00714673 0.00463305 0.00128148 0.00103504 0.000492878 0.000147863 0.000147863 4.92878e-05 0
 0 0 0 0 0 0 0 0 0 0 0 0 0 0 0 0 0 0 0 0 0 0 0 0 0 0
 0 0 0 0 0 0 0 0.0054083 0.00873648 0.0413646 0.0450493 0.0745869 0.0622846 0.0627006 0.0613931 0.0827291 0.12552 0.122667 0.0946155 0.0697135 0.0546179 0.0294188 0.0215738 0.0213955 0.0102223 0.00600262
 0 0 0 0 0.00359764 0.0251062 0.0480494 0.140153 0.205849 0.193036 0.1447 0.116669 0.0760912 0.0342217 0.00950174 0.001854 0.000860785 0 0 0 0.000165536 0 0.000143464 0 0 0
 0 0 0 0 0 0 0 0.000145254 0.000435761 0.0275982 0.070085 0.0708112 0.156366 0.174668 0.174014 0.160142 0.0824315 0.0480064 0.0283245 0.00493863 0.00203355 0 0 0 0 0
 0 0 0 0 0 0 0 0 0 0 0 0 0 0 0 0 0 0 0 0 0 0 0 0 0 0
 0 0 1.00437e-05 0.000401748 0.00122533 0.00171747 0.00176769 0.0269171 0.070346 0.194647 0.189555 0.159765 0.064822 0.0314167 0.0384472 0.0292271 0.0345202 0.0313363 0.0194345 0.0106764 0.0143323 0.0359363 0.0279516 0.0138201 0.00172751 0
 0 0.0021121 0.0136068 0.0755702 0.200478 0.177729 0.0527432 0.0373336 0.0318909 0.0142505 0.0149659 0.0166563 0.0217959 0.0798694 0.0677717 0.0528807 0.04013 0.0224614 0.0357745 0.0225083 0.00881397 0.00855152 0.00135912 0.000746735 0 0
 0 0 0 0 5.4009e-05 0.00500934 0.000945158 0.0243581 0.138947 0.33067 0.221406 0.137944 0.0707744 0.0437923 0.0131692 0.00525238 0.0047753 0.00276346 9.45158e-05 9.00151e-06 2.25038e-05 9.00151e-06 4.50075e-06 0 0 0
 0.000866109 0.00284123 0.00948549 0.0512746 0.133035 0.25785 0.225252 0.132002 0.0553304 0.0519788 0.0540692 0.017754 0.00435017 0.00159236 0.00146478 0.000404838 0.000125132 0.000115318 0.000107957 0.000100596 0 0 0 0 0 0
 0 0 0 0 0.00144013 0.00171154 0.00461396 0.0210425 0.0478622 0.0707936 0.0888783 0.103762 0.0637923 0.0337046 0.0602308 0.124433 0.169614 0.0934646 0.0462172 0.0250306 0.0313229 0.00938855 0.002487 0.000210481 0 0
 0 0.00764035 0.051015 0.0998891 0.058973 0.0496711 0.0374665 0.0718981 0.12319 0.153886 0.159021 0.0857701 0.0377988 0.023471 0.0147837 0.00900784 0.00315554 0.000888139 0.00291439 0.00214683 0.00393193 0.00274676 0.000635225 9.99891e-05 0 0
 0 0 0 0 0 0 0 0 0 0 0 0 0 0 0 0 0 0 0 0 0 0 0 0 0 0
 0 0 0 0 0 0 0 0 0 0 0 0 0 0 0 0 0 0 0 0 0 0 0 0 0 0
 0 0 0 0 0 0 0 0 0 0 0 0 0 0 0 0 0 0 0 0 0 0 0 0 0 0
 0 0 0 0 0 0 0 0 0 0 0 0 0 0 0 0 0 0 0 0 0 0 0 0 0 0
 0 0 0 0 0 0 0 0 0 0 0 0 0 0 0 0 0 0 0 0 0 0 0 0 0 0
 0 0 0 0 0 0 0 0 0 0 0 0 0 0 0 0 0 0 0 0 0 0 0 0 0 0
 0 0 0 0 0 0 0 0 0 0 0 0 0 0 0 0 0 0 0 0 0 0 0 0 0 0
ppred_pel_tallas
 1.11734e-16 4.34122e-05 0.000421982 0.00280422 0.0127476 0.0396625 0.0845056 0.123341 0.123353 0.0845664 0.039868 0.0133474 0.00433316 0.00383633 0.00675204 0.0116771 0.0181723 0.0256673 0.0335041 0.0412129 0.0484907 0.0548278 0.0592024 0.0603011 0.057224 0.0501373
 1.20084e-16 4.10319e-05 0.000398845 0.00265047 0.0120486 0.037488 0.079873 0.116582 0.116608 0.0799988 0.0379108 0.0132714 0.00572506 0.00712948 0.0128817 0.0213924 0.0312165 0.0401717 0.0461335 0.04831 0.0477722 0.046679 0.0467745 0.0483186 0.0501311 0.0504927
 1.15212e-16 5.3235e-05 0.000517463 0.00343872 0.0156319 0.0486369 0.103627 0.15125 0.151267 0.103711 0.0489208 0.0164536 0.00550744 0.00505434 0.00873181 0.0145173 0.0213056 0.0276526 0.03214 0.0341791 0.0343531 0.0339356 0.0339694 0.0346407 0.035336 0.0351697
 1.06743e-16 6.26651e-05 0.000609127 0.00404786 0.018401 0.0572525 0.121983 0.178041 0.178056 0.122057 0.0574998 0.0191158 0.0058443 0.00453789 0.00754552 0.0124329 0.018044 0.0229973 0.0259399 0.0262825 0.0245499 0.0219955 0.0197887 0.0184125 0.0176304 0.0168738
 1.04367e-16 5.92746e-05 0.00057617 0.00382885 0.0174054 0.0541548 0.115383 0.16841 0.16843 0.115485 0.0544948 0.0183877 0.00629559 0.00596494 0.010305 0.0169731 0.024518 0.0309899 0.0344442 0.0339931 0.0303259 0.0252149 0.0204184 0.0168401 0.0144347 0.0126671
 1.0238e-16 6.87465e-05 0.00066824 0.00444069 0.0201867 0.0628085 0.133821 0.195317 0.195329 0.133877 0.0629981 0.0207347 0.00581763 0.00367891 0.00580072 0.00951803 0.0137913 0.0175251 0.0196484 0.0196631 0.0179209 0.0153466 0.0128428 0.0108512 0.00932886 0.00801645
 1.03783e-16 4.69037e-05 0.000455921 0.00302976 0.0137728 0.0428526 0.0913033 0.133267 0.133302 0.0914734 0.0434236 0.0154221 0.00716965 0.00949341 0.017211 0.0283798 0.0408799 0.0514133 0.0566473 0.0550445 0.0477714 0.0378915 0.0285185 0.0213703 0.0165569 0.0133029
 1.08315e-16 4.52024e-05 0.000439384 0.00291986 0.0132733 0.0412982 0.0879912 0.128431 0.128456 0.0881153 0.0417155 0.0144811 0.00596096 0.00710927 0.0128039 0.0213342 0.0312843 0.0405011 0.0467827 0.0490615 0.0479244 0.0449798 0.0416401 0.0383502 0.0347463 0.0303547
 1.09348e-16 5.54269e-05 0.00053877 0.00358031 0.0162756 0.0506395 0.107893 0.157477 0.157495 0.107979 0.0509277 0.0171093 0.00567865 0.00513796 0.00884524 0.0146818 0.0214939 0.0277791 0.0320498 0.0336515 0.0331198 0.0317054 0.0304603 0.0296283 0.0287245 0.0270722
 1.04254e-16 6.75731e-05 0.000656834 0.0043649 0.0198422 0.0617365 0.131537 0.191984 0.191996 0.131594 0.0619305 0.0204031 0.00577427 0.00373836 0.00593451 0.00974305 0.0141228 0.0179643 0.0201904 0.0203229 0.0187618 0.0164888 0.0144366 0.0130189 0.0121006 0.0112907
 1.01296e-16 7.25947e-05 0.000705646 0.00468927 0.0213167 0.0663243 0.141311 0.20625 0.206259 0.141357 0.0664793 0.0217643 0.00581265 0.00315819 0.00473102 0.00770812 0.011101 0.0139694 0.0154083 0.0150038 0.0130748 0.0104532 0.00798136 0.00611915 0.00488673 0.00406196
 1.01061e-16 6.65006e-05 0.00064641 0.00429562 0.0195273 0.0607567 0.129449 0.188938 0.188955 0.129529 0.0610255 0.0203036 0.0062437 0.00489749 0.00813535 0.0133316 0.0191685 0.0240411 0.0263599 0.025389 0.0216808 0.0167019 0.0119637 0.00833094 0.00590681 0.00435616
 1.01806e-16 6.2356e-05 0.000606123 0.0040279 0.0183103 0.0569701 0.121382 0.177164 0.177183 0.121475 0.0572828 0.0192136 0.00629614 0.00556047 0.00947951 0.0155933 0.0225032 0.0283928 0.0314463 0.0308124 0.0270895 0.0218858 0.0168301 0.0128125 0.00989756 0.00772433
 1.02869e-16 5.98529e-05 0.000581792 0.00386621 0.0175752 0.0546832 0.116509 0.170053 0.170073 0.116608 0.0550144 0.0185323 0.0062702 0.00583554 0.0100547 0.0165721 0.0239703 0.0303584 0.033842 0.0335346 0.0300572 0.0250629 0.0201943 0.0163013 0.0133782 0.0110128
 1.02402e-16 6.71204e-05 0.000652435 0.00433566 0.0197093 0.061323 0.130656 0.190698 0.190712 0.13072 0.0615394 0.0203348 0.00590733 0.00408819 0.00660631 0.0108522 0.0157128 0.0199404 0.0223066 0.0222404 0.0201471 0.0170939 0.014128 0.0117703 0.00998364 0.00847592
 1.00373e-16 7.91388e-05 0.000769257 0.00511199 0.0232383 0.0723031 0.15405 0.224841 0.224844 0.154065 0.072354 0.0233854 0.00548117 0.00157538 0.00161067 0.00253897 0.00365322 0.00460109 0.00508232 0.00496001 0.00433668 0.00348178 0.00266784 0.00204311 0.00161459 0.00131344
 1.01155e-16 3.391e-05 0.000329618 0.00219043 0.0099574 0.0309815 0.0660113 0.0963569 0.0964113 0.0662773 0.0318741 0.0125343 0.00865387 0.0144229 0.026751 0.0440435 0.0631433 0.0787725 0.0855751 0.0810814 0.0672133 0.0490615 0.0319546 0.0190657 0.0109166 0.00638686
 1.01393e-16 7.62765e-05 0.000741434 0.00492709 0.0223978 0.069688 0.148478 0.216708 0.216711 0.148493 0.0697379 0.0225426 0.00529322 0.00154977 0.00163795 0.00265595 0.00397809 0.00533283 0.00648646 0.00731045 0.00781659 0.00807842 0.00811518 0.00785525 0.00720978 0.00617875
 1.01819e-16 5.49648e-05 0.000534278 0.00355046 0.0161399 0.0502174 0.106995 0.156168 0.156198 0.10714 0.0507043 0.0175455 0.00707637 0.00822332 0.0146344 0.0240457 0.0344923 0.0430824 0.046915 0.0446684 0.0374101 0.0279171 0.0190651 0.0125189 0.00847362 0.00623056
 1.03942e-16 5.58876e-05 0.000543248 0.00361007 0.0164109 0.0510605 0.10879 0.158787 0.158808 0.108893 0.0514047 0.0174063 0.00611362 0.00602459 0.0105129 0.0174131 0.0253603 0.0324729 0.0368443 0.0375504 0.0351263 0.0310706 0.0268175 0.0230273 0.0196197 0.016276
 1.03648e-16 6.49302e-05 0.000631145 0.00419418 0.0190661 0.0593219 0.126392 0.184476 0.18449 0.126461 0.0595516 0.0197301 0.00586287 0.00428119 0.00701856 0.0115573 0.0167771 0.0213842 0.0241037 0.0243514 0.0225591 0.0198286 0.0172054 0.0151524 0.0135406 0.0119992
 1.02598e-16 6.51447e-05 0.00063323 0.00420804 0.0191291 0.0595179 0.12681 0.185086 0.185102 0.126888 0.0597799 0.0198859 0.00610827 0.00478347 0.0079532 0.0130611 0.0188467 0.0237817 0.0263549 0.0258728 0.0228643 0.0187042 0.0147681 0.0117822 0.00974416 0.00827032
 1.06534e-16 2.92941e-05 0.000284749 0.00189226 0.00860197 0.0267642 0.0570258 0.0832411 0.0832905 0.0572671 0.0275745 0.0109431 0.00777137 0.0131272 0.0244436 0.040427 0.0583809 0.073722 0.0817791 0.080377 0.0710921 0.0581002 0.045596 0.0358201 0.0288396 0.0236094
 1.06211e-16 6.52688e-05 0.000634436 0.00421605 0.0191655 0.0596312 0.127051 0.185436 0.185443 0.127087 0.0597521 0.019517 0.00510565 0.00260142 0.00387433 0.00649391 0.00979816 0.0132646 0.0163854 0.0189007 0.0208693 0.0224528 0.0236157 0.0240372 0.0233173 0.0212855
 1.05567e-16 5.60449e-05 0.000544776 0.00362023 0.0164571 0.0512042 0.109097 0.159235 0.159259 0.109216 0.0516055 0.0176161 0.00652935 0.00689475 0.0121145 0.0199375 0.0287174 0.036132 0.0398717 0.0389156 0.0341633 0.0278395 0.0221517 0.0182322 0.0159798 0.0146094
 1.08493e-16 4.08707e-05 0.000397278 0.00264006 0.0120013 0.0373408 0.0795597 0.116127 0.11616 0.0797224 0.0378874 0.0135819 0.00661357 0.00909145 0.0166113 0.0275503 0.0400412 0.0511022 0.0576979 0.0584024 0.0541794 0.0475807 0.0410564 0.035742 0.0314432 0.0274297
 1.05903e-16 6.51196e-05 0.000632986 0.00420641 0.0191218 0.0594949 0.126761 0.185013 0.185023 0.12681 0.0596621 0.019606 0.00542677 0.00331303 0.00520229 0.00862199 0.0127081 0.0166036 0.0194758 0.0209433 0.0212594 0.0210345 0.0207352 0.020385 0.0196626 0.0182323
 1.04059e-16 6.13295e-05 0.000596145 0.00396159 0.0180088 0.0560323 0.119383 0.174248 0.174267 0.119479 0.0563524 0.0189336 0.00628301 0.00566453 0.00968956 0.0159291 0.0229609 0.0289242 0.0319743 0.0312835 0.0275406 0.022483 0.017842 0.014518 0.0124647 0.0111195
 1.08271e-16 3.03018e-05 0.000294544 0.00195735 0.00889786 0.0276848 0.0589871 0.0861029 0.0861484 0.0592098 0.0284329 0.0110598 0.00738879 0.0121668 0.0226229 0.0374699 0.0542487 0.0687937 0.0768555 0.0764486 0.0689753 0.058149 0.0476388 0.0393116 0.0331002 0.0280245
 1.17194e-16 3.80395e-05 0.000369757 0.00245717 0.0111699 0.0347539 0.0740476 0.108079 0.108098 0.0741435 0.0350769 0.0121076 0.00482902 0.005608 0.0101645 0.0172111 0.025887 0.0348642 0.0427701 0.0489342 0.0536076 0.0573803 0.0603307 0.0617128 0.0604433 0.0559157
 1.06086e-16 7.13463e-05 0.000693511 0.00460863 0.0209502 0.0651837 0.138881 0.202702 0.202708 0.138911 0.065283 0.0212375 0.00533216 0.00228041 0.00310763 0.00508568 0.00746851 0.00972154 0.0113684 0.012235 0.012558 0.0127973 0.013292 0.0140296 0.014679 0.0148147
pSPR Fmed_Fpbrs
0.587772   0.231697 0.231697
Fs Fmed_Fpbrs
0.308533   1.005 1.005
SSBpbr Bo_Bmed_Bpbrs
1.71468e+06  922107  311552 311552
Ro
151512
SPR SPRFo_SPRFmed_SPRFpbrs
1.07887e+06 634127 249970
Fref
1.005
log_Ro
11.7484
likeval ReclasPelacesDesembMPH_pf_preclas_ppelaces_ptallas_desvR_qrecl_qpela
 11.7849 20.1807 0.0210374 0.000842225 228.695 120.08 82.8188 0 27.6475 1.41305e-07 0 0.103621 0 0 0
q_reclas_q_pelaces
1.05471 1
M
1
N
 174854 42544.8 112737 7830.79 0.246043
 99685.5 57000.8 13268 35044 2433.83
 99658.4 29335.5 15456.2 3576.2 10098.3
 128010 29415.6 7987.21 4183.43 3699.97
 103719 32284.6 6459.85 1736.33 1712.8
 214624 33189.6 9816 1956.74 1044.55
 80734.8 61296.5 8638.76 2537.62 775.604
 33443.3 16435 10044.5 1393.27 533.9
 36572.7 11091.8 5247.58 3198.21 613.525
 51670.9 9032.02 2366.89 1107.85 804.257
 98259 11281.4 1628.67 420.857 339.731
 135586 32497.6 3588.36 516.563 241.196
 111003 32659.2 6702.19 731.67 154.412
 77693.8 27499.2 6999.02 1421.12 187.775
 74413.6 14440.8 3979.47 994.421 228.365
 454127 16874.5 2742.43 745.969 229.055
 80949.5 118742 3893.13 626.927 222.782
 676838 24043.4 32607.8 1062.96 231.927
 394695 200067 6559.23 8843.47 351.071
 310287 107374 48725.9 1584.58 2220.25
 446166 87179.5 27329.8 12312.6 961.063
 589145 133532 24190.7 7541.55 3661.73
 110482 166710 34319.6 6173.65 2858.06
 354460 34769 49545.8 10157 2672.35
 290613 113216 10544.8 14969.3 3875.34
 129197 92792.6 34320.9 3184.44 5689.76
 307154 42341.2 29149 10747.8 2778.53
 349428 98305.7 12876.9 8831.75 4097.45
 86667.9 114874 31012.3 4050 4065.77
 62992.2 28612.8 36449.5 9811.66 2567.25
 263400 19591.6 8367.77 10611.6 3603
pred_Ctot
 12710.2 4150.86 11200.8 778.764 0.0244699
 12837.9 9710.98 2299.44 6078.9 422.205
 12677.3 4938.64 2647.07 613.025 1731.12
 26234.2 7812.63 2154.82 1129.56 999.063
 8631.79 3596.55 732.687 197.125 194.464
 30975.4 6310.7 1898.08 378.706 202.172
 23904.2 22915.5 3274.5 962.584 294.217
 2099.17 1388.07 864.054 119.969 45.9744
 7848.01 3076.34 1478.11 901.593 172.963
 13847.8 3081.52 819.23 383.744 278.594
 6326.29 976.939 143.646 37.155 29.9944
 30620.5 9456.11 1060.16 152.739 71.3208
 23661.6 9001.58 1876.1 204.98 43.2608
 25663.3 11352.3 2927.47 594.824 78.5979
 18761.8 4656.28 1302.15 325.646 74.7866
 85363.1 4129.97 682.012 185.672 57.0143
 10029.8 19487.8 650.027 104.772 37.2332
 85584.6 4024.34 5552.31 181.161 39.5294
 66610.3 44192.2 1472.74 1987.34 78.8978
 47366.9 21546.8 9942.16 323.608 453.447
 53477.5 13855.6 4419.33 1992.83 155.558
 87811 26187.9 4824.27 1505.33 730.931
 10224.2 20602.2 4317.44 777.385 359.905
 29866.7 3920.55 5687.99 1167.16 307.101
 24540.8 12793.7 1213.17 1723.85 446.302
 8998.42 8681.16 3269.92 303.692 542.644
 25530.1 4711.09 3302.08 1218.7 315.077
 23712.6 8964.89 1195.93 821.038 380.937
 5669.55 10104.7 2778.35 363.186 364.619
 6239.73 3778.54 4899.28 1320.05 345.412
 17939.3 1793 779.913 990.005 336.158
F
 0.120885 0.165202 0.168452 0.168627 0.168636
 0.22322 0.305054 0.311056 0.311378 0.311395
 0.220224 0.300959 0.30688 0.307198 0.307215
 0.377519 0.515919 0.52607 0.526615 0.526644
 0.139452 0.190576 0.194325 0.194527 0.194537
 0.253166 0.345978 0.352785 0.353151 0.35317
 0.591754 0.808694 0.824605 0.825459 0.825504
 0.10365 0.141649 0.144436 0.144586 0.144593
 0.398525 0.544626 0.555342 0.555917 0.555948
 0.521739 0.713011 0.727039 0.727793 0.727833
 0.10644 0.145462 0.148324 0.148478 0.148486
 0.423482 0.578733 0.590119 0.590731 0.590763
 0.3954 0.540356 0.550988 0.551559 0.551589
 0.68272 0.933009 0.951365 0.952351 0.952403
 0.483834 0.661211 0.67422 0.674919 0.674956
 0.341422 0.46659 0.47577 0.476263 0.476289
 0.213964 0.292405 0.298158 0.298467 0.298483
 0.218782 0.298988 0.304871 0.305187 0.305204
 0.301798 0.412439 0.420554 0.42099 0.421013
 0.269528 0.368338 0.375585 0.375974 0.375995
 0.206352 0.282002 0.28755 0.287848 0.287864
 0.262417 0.358621 0.365676 0.366055 0.366075
 0.156123 0.213358 0.217556 0.217781 0.217793
 0.141296 0.193096 0.196895 0.197099 0.19711
 0.141625 0.193546 0.197354 0.197558 0.197569
 0.115576 0.157947 0.161055 0.161221 0.16123
 0.139267 0.190323 0.194067 0.194268 0.194279
 0.112466 0.153697 0.156721 0.156883 0.156892
 0.108227 0.147904 0.150814 0.15097 0.150979
 0.167911 0.229468 0.233983 0.234225 0.234238
 0.112893 0.15428 0.157316 0.157479 0.157487
nmprior
 8 9 7.5 0
nm_flota  nm_reclas  nm_pelaces    nm_pelaL
inf 14.3338 14.4486 24.6485
cv_recla  cv_pelaces  cv_mph
0.310519 0.528607 0.895611
 ------------------------------------------------
Talla a la edad & desviación 
 8 13.2811 15.8009 17.003 17.5766
 0.8 1.32811 1.58009 1.7003 1.75766
