    unsorted:	 2.365331068e-06 2.290326871e-06 8.763670928e-06 6.021010879e-05 5.433786900e-05 8.019461102e-05 0.001099994170 13.17096048 63.39886093 163.8410592 141.9042468 234.1121449 283.9191084 380.7868578 486.2594894 712.1910035 616.0655272 804.8876154 876.6190002 931.0328438 960.7573632 1122.014035 1261.912721 1355.531154 1494.365612 1589.296049 1897.672549 1983.519307 2129.392047 2437.066928 2369.545208 2483.325357 2240.543560 2568.779998 2590.990775 2753.453571 3001.449105 3140.743252 3380.823904 3615.292717 3818.055235 4127.147353 4938.840513 8220.898942 36920.03917 412635.2609 404496.0438 403420.8390 416896.6220 384830.5859 366758.1641 451577.4650 464268.2313 478036.3301 474838.6485 342828.2059 158328.1822 525178.6341 557881.0502 587763.0653 617145.8810 669467.8606 808443.9664 882123.4642 1000785.133 1058219.938 1329322.493 1458807.146 1541025.942 1633711.913 1939375.481 2229606.717 2343290.900 2682815.818 2956043.457 3132725.044 3243965.833
      sorted:	 2.290326871e-06 2.365331068e-06 8.763670928e-06 5.433786900e-05 6.021010879e-05 8.019461102e-05 0.001099994170 13.17096048 63.39886093 141.9042468 163.8410592 234.1121449 283.9191084 380.7868578 486.2594894 616.0655272 712.1910035 804.8876154 876.6190002 931.0328438 960.7573632 1122.014035 1261.912721 1355.531154 1494.365612 1589.296049 1897.672549 1983.519307 2129.392047 2240.543560 2369.545208 2437.066928 2483.325357 2568.779998 2590.990775 2753.453571 3001.449105 3140.743252 3380.823904 3615.292717 3818.055235 4127.147353 4938.840513 8220.898942 36920.03917 158328.1822 342828.2059 366758.1641 384830.5859 403420.8390 404496.0438 412635.2609 416896.6220 451577.4650 464268.2313 474838.6485 478036.3301 525178.6341 557881.0502 587763.0653 617145.8810 669467.8606 808443.9664 882123.4642 1000785.133 1058219.938 1329322.493 1458807.146 1541025.942 1633711.913 1939375.481 2229606.717 2343290.900 2682815.818 2956043.457 3132725.044 3243965.833
