    unsorted:	 2.349982605e-06 5.862824314e-05 9.859395990e-05 0.001099990995 8.812149861 9.437229150 7.666498110 13.56027183 61.49826716 80.15070995 164.7090985 185.7753646 218.4531413 229.4810640 434.2139017 454.9030044 562.3140401 641.0067946 793.8146786 808.3055941 775.6346515 902.4707406 932.8909879 1010.696943 1015.294872 1199.051511 1239.562764 1327.804767 1528.636011 1676.723252 1779.070349 1949.392586 2180.993880 2269.471996 2303.589302 2374.628196 2410.264821 2580.385666 2840.539772 3089.434455 3313.815602 3512.607169 4046.809783 9986.889480 41570.51520 158258.6218 381296.0345 377436.3831 364516.7792 347756.9051 340036.7654 393538.0512 414602.6473 302736.2074 443384.9178 225216.1972 468607.2116 507272.0947 636913.5999 694446.7464 709821.3590 738204.9350 772096.3445 1039806.852 1165764.579 1252156.563 1334489.047 1537806.774 1561979.663 1810320.308 1916842.698 2175708.791 2558821.308 2532811.251 2780875.512 3028536.840 3364167.204
      sorted:	 2.349982605e-06 5.862824314e-05 9.859395990e-05 0.001099990995 7.666498110 8.812149861 9.437229150 13.56027183 61.49826716 80.15070995 164.7090985 185.7753646 218.4531413 229.4810640 434.2139017 454.9030044 562.3140401 641.0067946 775.6346515 793.8146786 808.3055941 902.4707406 932.8909879 1010.696943 1015.294872 1199.051511 1239.562764 1327.804767 1528.636011 1676.723252 1779.070349 1949.392586 2180.993880 2269.471996 2303.589302 2374.628196 2410.264821 2580.385666 2840.539772 3089.434455 3313.815602 3512.607169 4046.809783 9986.889480 41570.51520 158258.6218 225216.1972 302736.2074 340036.7654 347756.9051 364516.7792 377436.3831 381296.0345 393538.0512 414602.6473 443384.9178 468607.2116 507272.0947 636913.5999 694446.7464 709821.3590 738204.9350 772096.3445 1039806.852 1165764.579 1252156.563 1334489.047 1537806.774 1561979.663 1810320.308 1916842.698 2175708.791 2532811.251 2558821.308 2780875.512 3028536.840 3364167.204
