years
 1991 1992 1993 1994 1995 1996 1997 1998 1999 2000 2001 2002 2003 2004 2005 2006 2007 2008 2009 2010 2011 2012 2013 2014 2015 2016 2017 2018 2019 2020 2021
reclasobs
 0 0 0 0 0 0 0 0 0 252601 567819 844713 477998 351125 339783 2.1784e+06 2.13404e+06 4.81314e+06 1.55562e+06 2.62356e+06 3.21686e+06 3.843e+06 1.13348e+06 3.07943e+06 1.97215e+06 2.03268e+06 2.025e+06 2.42433e+06 2.27542e+06 1.05018e+06 2.36338e+06
reclaspred
 2.25136e+06 1.22349e+06 590693 342541 202699 910381 404675 259471 198750 197911 365556 533101 514805 363227 336343 1.26752e+06 1.05127e+06 2.85761e+06 2.30601e+06 1.59065e+06 2.88347e+06 2.38795e+06 1.67697e+06 2.74148e+06 1.966e+06 1.58886e+06 2.07346e+06 2.4734e+06 1.90918e+06 974082 1.0515e+06
pelacesobs
 0 0 0 0 0 0 0 0 0 0 0 0 0 0 0 552880 188675 0 991730 2.46772e+06 1.41603e+06 1.21717e+06 2.29649e+06 1.80582e+06 0 1.4828e+06 1.56532e+06 1.57751e+06 1.42118e+06 867257 0
pelacespred
 998452 581519 271738 116825 77053.3 395701 131160 124686 76415.9 77624.5 164136 203764 218615 156154 148751 493274 411847 1.32899e+06 1.07687e+06 689263 1.23786e+06 1.07576e+06 759838 1.38663e+06 948602 765072 1.1477e+06 1.34043e+06 856374 504921 499551
mphobs
 0 0 0 0 0 0 0 0 0 0 0 498337 0 5186 125008 0 168611 109162 213762 579715 649985 157893 87575 83554 0 0 0 0 0 0 0
mphpred
 1.99398e+06 1.23277e+06 592208 291917 142185 109915 459621 169467 118494 74787.2 81813.3 246713 281996 221078 125908 153532 824642 638675 1.62907e+06 1.16389e+06 1.14538e+06 1.48429e+06 1.43377e+06 1.03033e+06 1.54584e+06 1.20358e+06 897672 1.08212e+06 1.71878e+06 1.0432e+06 438321
desembarqueobs
 494567 514787 250237 358949 120608 361735 552515 73892 212993 205616 52469 317467 293654 387597 252695 516296 358380 742168 942051 627588 828172 859565 418607 520667 417249 300574 407403 355545 319650 289779 219260
desembarquepred
 494541 514799 249752 358955 120596 361623 552130 73887.4 212924 205556 52468.4 317416 293590 387378 252594 516117 358356 741928 941483 627199 828063 859298 418539 520620 417176 300521 407335 355480 319594 289727 219251
Reclutas
 127622 104295 78432.6 53652.3 37867.4 247592 48376.1 15689 29571.1 59208.6 92371 131857 103037 71028.5 63515 451510 51051.2 716207 359280 260042 430338 569715 71719.4 337508 249774 96131.4 285887 345490 56928.5 36472.7 166914
log_desv_Rt
 0.0602045 -0.141644 -0.426625 -0.806341 -1.15478 0.722916 -0.909858 -2.0359 -1.40207 -0.707798 -0.263051 0.092856 -0.153775 -0.525783 -0.637589 1.32373 -0.856036 1.7851 1.09524 0.771977 1.27571 1.55627 -0.516104 1.03273 0.731692 -0.223149 0.866733 1.0561 -0.747068 -1.1923 0.328613
SSB
 1.99398e+06 1.23277e+06 592208 291917 142185 109915 459621 169467 118494 74787.2 81813.3 246713 281996 221078 125908 153532 824642 638675 1.62907e+06 1.16389e+06 1.14538e+06 1.48429e+06 1.43377e+06 1.03033e+06 1.54584e+06 1.20358e+06 897672 1.08212e+06 1.71878e+06 1.0432e+06 438321
BT
 2.73071e+06 1.84994e+06 869344 570512 279374 1.23008e+06 782956 354808 381450 373099 422288 731664 768486 760564 596686 1.55146e+06 1.23129e+06 3.72824e+06 3.38157e+06 2.16586e+06 3.52702e+06 3.28461e+06 2.11719e+06 3.68566e+06 2.58108e+06 2.03506e+06 3.0677e+06 3.4488e+06 2.24135e+06 1.46206e+06 1.35413e+06
Ftot
 0.223099 0.42414 0.428838 1.04513 0.644655 0.551113 1.27001 0.31112 1.21573 1.2471 0.196019 0.699869 0.654101 1.19696 0.937415 0.569507 0.350864 0.346231 0.454987 0.43939 0.34112 0.419767 0.255655 0.237433 0.233828 0.202703 0.244962 0.182816 0.167446 0.296352 0.262125
BD_Bspro_t
 0.96516 0.762803 0.55255 0.413093 0.24937 0.258526 0.477659 0.219326 0.214336 0.17765 0.233573 0.551321 0.452944 0.354531 0.234316 0.277257 0.553464 0.479961 0.638518 0.52812 0.481125 0.543324 0.564963 0.524954 0.65192 0.649769 0.638309 0.703683 0.775487 0.679389 0.563623
BD_Bspro
 2.33036 1.44073 0.692112 0.341163 0.166171 0.128457 0.537158 0.198056 0.138484 0.0874037 0.0956151 0.288333 0.329569 0.258373 0.147148 0.179432 0.963757 0.746418 1.9039 1.36024 1.33861 1.73469 1.67565 1.20414 1.80662 1.40662 1.04911 1.26467 2.00874 1.21919 0.512265
BD_Bo
 1.21424 0.750699 0.360627 0.177764 0.086584 0.0669332 0.279888 0.103198 0.0721573 0.045542 0.0498206 0.150237 0.171723 0.134626 0.0766719 0.0934937 0.502169 0.388924 0.992031 0.708757 0.697486 0.903866 0.873102 0.627423 0.941348 0.732923 0.546641 0.658961 1.04666 0.635262 0.266917
BD_Brms
 5.93667 3.67032 1.76318 0.869124 0.423327 0.32725 1.36843 0.504555 0.352792 0.222664 0.243583 0.734539 0.839588 0.658215 0.374865 0.45711 2.45521 1.90153 4.85024 3.46526 3.41015 4.41918 4.26877 3.0676 4.60244 3.58341 2.67264 3.22179 5.11733 3.10592 1.30501
Sel_flota
 0.62703 0.969644 0.998355 0.999913 0.999995
 0.62703 0.969644 0.998355 0.999913 0.999995
 0.62703 0.969644 0.998355 0.999913 0.999995
 0.62703 0.969644 0.998355 0.999913 0.999995
 0.62703 0.969644 0.998355 0.999913 0.999995
 0.62703 0.969644 0.998355 0.999913 0.999995
 0.62703 0.969644 0.998355 0.999913 0.999995
 0.62703 0.969644 0.998355 0.999913 0.999995
 0.62703 0.969644 0.998355 0.999913 0.999995
 0.62703 0.969644 0.998355 0.999913 0.999995
 0.62703 0.969644 0.998355 0.999913 0.999995
 0.62703 0.969644 0.998355 0.999913 0.999995
 0.62703 0.969644 0.998355 0.999913 0.999995
 0.62703 0.969644 0.998355 0.999913 0.999995
 0.62703 0.969644 0.998355 0.999913 0.999995
 0.62703 0.969644 0.998355 0.999913 0.999995
 0.62703 0.969644 0.998355 0.999913 0.999995
 0.62703 0.969644 0.998355 0.999913 0.999995
 0.62703 0.969644 0.998355 0.999913 0.999995
 0.62703 0.969644 0.998355 0.999913 0.999995
 0.62703 0.969644 0.998355 0.999913 0.999995
 0.62703 0.969644 0.998355 0.999913 0.999995
 0.62703 0.969644 0.998355 0.999913 0.999995
 0.62703 0.969644 0.998355 0.999913 0.999995
 0.62703 0.969644 0.998355 0.999913 0.999995
 0.62703 0.969644 0.998355 0.999913 0.999995
 0.62703 0.969644 0.998355 0.999913 0.999995
 0.62703 0.969644 0.998355 0.999913 0.999995
 0.62703 0.969644 0.998355 0.999913 0.999995
 0.62703 0.969644 0.998355 0.999913 0.999995
 0.62703 0.969644 0.998355 0.999913 0.999995
Sel_reclas
 1 1 1 1 1
 1 1 1 1 1
 1 1 1 1 1
 1 1 1 1 1
 1 1 1 1 1
 1 1 1 1 1
 1 1 1 1 1
 1 1 1 1 1
 1 1 1 1 1
 1 1 1 1 1
 1 1 1 1 1
 1 1 1 1 1
 1 1 1 1 1
 1 1 1 1 1
 1 1 1 1 1
 1 1 1 1 1
 1 1 1 1 1
 1 1 1 1 1
 1 1 1 1 1
 1 1 1 1 1
 1 1 1 1 1
 1 1 1 1 1
 1 1 1 1 1
 1 1 1 1 1
 1 1 1 1 1
 1 1 1 1 1
 1 1 1 1 1
 1 1 1 1 1
 1 1 1 1 1
 1 1 1 1 1
 1 1 1 1 1
Sel_pelaces
 1 1 1 1 1
 1 1 1 1 1
 1 1 1 1 1
 1 1 1 1 1
 1 1 1 1 1
 1 1 1 1 1
 1 1 1 1 1
 1 1 1 1 1
 1 1 1 1 1
 1 1 1 1 1
 1 1 1 1 1
 1 1 1 1 1
 1 1 1 1 1
 1 1 1 1 1
 1 1 1 1 1
 1 1 1 1 1
 1 1 1 1 1
 1 1 1 1 1
 1 1 1 1 1
 1 1 1 1 1
 1 1 1 1 1
 1 1 1 1 1
 1 1 1 1 1
 1 1 1 1 1
 1 1 1 1 1
 1 1 1 1 1
 1 1 1 1 1
 1 1 1 1 1
 1 1 1 1 1
 1 1 1 1 1
 1 1 1 1 1
pf_obs 
 0.8446 0.082 0.0669 0.0065 0
 0.8095 0.147 0.0364 0.0071 0
 0.9664 0.0169 0.016 0.0007 0
 0.9276 0.0648 0.0075 0.0001 0
 0.7033 0.2144 0.0806 0.0017 0
 0.9318 0.0425 0.0243 0.0014 0
 0.5671 0.3108 0.0964 0.0239 0.0018
 0.0768 0.2599 0.5324 0.112 0.0189
 0.490249 0.384438 0.106611 0.0170017 0.00170017
 0.7925 0.1577 0.0466 0.003 0.0002
 0.840416 0.127587 0.0312969 0.00059994 9.999e-05
 0.8084 0.0986 0.0794 0.0134 0.0002
 0.7335 0.1905 0.0724 0.0035 0.0001
 0.4001 0.4547 0.1325 0.0127 0
 0.49795 0.308269 0.164784 0.0264974 0.00249975
 0.9179 0.0499 0.0305 0.0017 0
 0.2467 0.6533 0.0926 0.0074 0
 0.9418 0.0223 0.034 0.0019 0
 0.707729 0.231977 0.0356964 0.0245975 0
 0.517169 0.277429 0.184464 0.0207286 0.00020938
 0.811772 0.124168 0.05621 0.00726502 0.000585176
 0.764997 0.148141 0.077277 0.00933861 0.000247198
 0.163321 0.427699 0.378323 0.0303852 0.000271297
 0.753843 0.0900009 0.118128 0.0371064 0.000921714
 0.721811 0.176058 0.0630433 0.0369309 0.00215725
 0.143369 0.312575 0.442814 0.0836902 0.0175525
 0.692698 0.0596174 0.167031 0.0765114 0.00414204
 0.394062 0.376323 0.152708 0.0712218 0.00568511
 0.125707 0.32114 0.495352 0.0537591 0.00404204
 0.23352 0.215282 0.420074 0.123614 0.00750983
 0 0 0 0 0
pf_pred 
 0.382398 0.207755 0.371018 0.0388281 9.0825e-07
 0.466352 0.266645 0.0917267 0.158696 0.0165802
 0.52068 0.285031 0.0988573 0.0328258 0.0626057
 0.536015 0.29999 0.0989671 0.0331195 0.0319084
 0.642269 0.247268 0.072643 0.0228476 0.0149728
 0.933566 0.0504274 0.0112009 0.00316283 0.0016431
 0.351027 0.623236 0.0197167 0.0042156 0.00180501
 0.407269 0.308781 0.273248 0.00820348 0.00249781
 0.711661 0.153035 0.0716245 0.0612846 0.00239572
 0.879408 0.100653 0.0108446 0.00482015 0.0042736
 0.852207 0.138352 0.00794761 0.000813067 0.000679849
 0.736633 0.237285 0.0244645 0.00136194 0.000255394
 0.658446 0.28399 0.0520701 0.00515418 0.000339989
 0.619119 0.294106 0.0726331 0.0127941 0.00134705
 0.741006 0.198182 0.0475009 0.0111465 0.00216414
 0.953334 0.0393339 0.00567027 0.00129865 0.000363006
 0.224576 0.753856 0.0182874 0.00253783 0.000742164
 0.911489 0.0282995 0.0585918 0.00137388 0.000245963
 0.523777 0.449893 0.00861423 0.0172398 0.000475743
 0.537137 0.299267 0.154864 0.00286056 0.00587153
 0.725969 0.18088 0.0609835 0.0304542 0.00171378
 0.712491 0.233663 0.0359559 0.0117193 0.00617054
 0.193396 0.64848 0.129362 0.019218 0.00954353
 0.735334 0.0732832 0.154836 0.029909 0.00663813
 0.560542 0.359488 0.0226621 0.04638 0.0109286
 0.35043 0.434924 0.176629 0.0107865 0.0272302
 0.73898 0.120353 0.0951615 0.0374575 0.00804812
 0.675721 0.265944 0.0273697 0.0209601 0.0100057
 0.20299 0.610484 0.153836 0.015351 0.0173388
 0.271213 0.208203 0.401617 0.0981471 0.0208208
 0.791911 0.0788527 0.0378061 0.0705645 0.0208656
pobs_RECLAS
 0 0 0 0 0
 0 0 0 0 0
 0 0 0 0 0
 0 0 0 0 0
 0 0 0 0 0
 0 0 0 0 0
 0 0 0 0 0
 0 0 0 0 0
 0 0 0 0 0
 0 0 0 0 0
 0.991045 0.00858322 0.000360255 1.14367e-05 0
 0.934742 0.0480273 0.0164251 0.00080598 0
 0.827803 0.169806 0.00239088 0 0
 0.941827 0.0461693 0.0120037 0 0
 0.791401 0.0380133 0.147996 0.0225897 0
 0.846168 0.0940531 0.0597789 0 0
 0.134021 0.677848 0.182769 0.00536245 0
 0.80878 0.0450904 0.141981 0.00414843 0
 0.846168 0.0940531 0.0597789 0 0
 0.905697 0.0802665 0.012482 0.00150086 5.37128e-05
 0.989698 0.0102097 9.19794e-05 0 0
 0.975433 0.0193895 0.00387452 0.00125025 5.28907e-05
 0.303575 0.632131 0.0575291 0.00676475 0
 0.966965 0.00978017 0.0227588 0.000495775 0
 0.843318 0.132988 0.00938335 0.0141283 0.000182051
 0.564624 0.303363 0.111486 0.0197234 0.00080311
 0.826376 0.0876187 0.0782897 0.00655872 0.00115652
 0.89761 0.0855135 0.0140674 0.00269457 0.000114338
 0.34875 0.467042 0.161289 0.0227151 0.000203297
 0.318654 0.224769 0.449479 0.00709798 0
 0.937255 0.0296025 0.0250945 0.00804832 0
ppred_RECLAS
 0.495918 0.172956 0.2998 0.0313249 7.32677e-07
 0.58239 0.211969 0.0707224 0.122157 0.0127615
 0.633504 0.220707 0.0742414 0.0246117 0.0469357
 0.65571 0.225315 0.0718517 0.0240016 0.0231216
 0.742279 0.179899 0.0512074 0.0160785 0.0105358
 0.957229 0.0327114 0.00704309 0.00198546 0.00103136
 0.472848 0.506956 0.0154787 0.00330318 0.00141419
 0.521443 0.252905 0.217161 0.00650911 0.00198174
 0.805407 0.105022 0.0474574 0.04053 0.00158423
 0.923817 0.063963 0.00665228 0.00295117 0.00261628
 0.899905 0.093878 0.00523485 0.000534692 0.000447047
 0.817208 0.165205 0.0164984 0.000916903 0.000171924
 0.754912 0.204863 0.036392 0.00359618 0.000237196
 0.729594 0.210463 0.0501899 0.00882421 0.000928983
 0.823391 0.136199 0.0315771 0.00739664 0.00143596
 0.970132 0.0252989 0.00353492 0.000808239 0.000225905
 0.312182 0.669247 0.0157507 0.00218227 0.000638129
 0.942713 0.018696 0.0375546 0.000879171 0.000157383
 0.634142 0.346229 0.0064289 0.0128452 0.000354439
 0.648387 0.229795 0.115326 0.00212675 0.00436494
 0.807311 0.128513 0.0420376 0.020959 0.00117934
 0.79653 0.166317 0.0248227 0.00807737 0.0042526
 0.273344 0.587635 0.113768 0.0168744 0.00837898
 0.815687 0.0521552 0.106953 0.0206268 0.00457762
 0.666547 0.274297 0.0167831 0.0342933 0.00807992
 0.45889 0.365882 0.144235 0.00879419 0.0221989
 0.817731 0.0854206 0.0655522 0.0257614 0.00553464
 0.765197 0.193611 0.0193427 0.0147895 0.00705942
 0.285051 0.551433 0.134898 0.0134399 0.0151789
 0.372691 0.183134 0.342795 0.0836378 0.0177413
 0.858204 0.0547733 0.0254864 0.0474938 0.0140425
pobs_PELACES
 0 0 0 0 0
 0 0 0 0 0
 0 0 0 0 0
 0 0 0 0 0
 0 0 0 0 0
 0 0 0 0 0
 0 0 0 0 0
 0 0 0 0 0
 0 0 0 0 0
 0 0 0 0 0
 0 0 0 0 0
 0 0 0 0 0
 0 0 0 0 0
 0 0 0 0 0
 0 0 0 0 0
 0 0 0 0 0
 0.505614 0.472636 0.0217494 0 0
 0 0 0 0 0
 0.443492 0.261883 0.143347 0.151278 0
 0.227955 0.32914 0.350689 0.0885471 0.00366901
 0.970185 0.0296113 0.000203453 0 0
 0.997202 0.00247181 0.000326279 0 0
 0.445219 0.490057 0.0546422 0.010081 0
 0.90214 0.0892962 0.00764917 0.000914606 0
 0 0 0 0 0
 0.581667 0.319106 0.0959925 0.00289975 0.000334073
 0.762889 0.0836404 0.116647 0.0363945 0.000428098
 0.88444 0.0763242 0.0277011 0.0115352 0
 0.521256 0.241999 0.230069 0.00667565 0
 0.616807 0.101726 0.260614 0.0208532 0
 0 0 0 0 0
ppred_PELACES
 0.502573 0.170911 0.29563 0.0308856 7.22398e-07
 0.594499 0.206245 0.0685366 0.118356 0.0123643
 0.645067 0.214099 0.0717265 0.0237727 0.0453353
 0.68263 0.208423 0.0658099 0.0219716 0.0211654
 0.75632 0.170417 0.0482131 0.0151333 0.00991629
 0.959757 0.0308165 0.00660054 0.00186018 0.000966271
 0.508834 0.472568 0.0142561 0.0030403 0.0013016
 0.53056 0.248433 0.212692 0.00637416 0.00194063
 0.826828 0.0939688 0.0419765 0.0358267 0.00140034
 0.933287 0.0561207 0.0057681 0.00255728 0.00226701
 0.901894 0.0920233 0.0051219 0.000523103 0.000437356
 0.828824 0.154805 0.0153577 0.000853202 0.000159976
 0.768517 0.193688 0.0341943 0.00337788 0.000222793
 0.755917 0.190456 0.0449065 0.00789045 0.000830654
 0.838557 0.124759 0.028669 0.0067122 0.00130305
 0.971965 0.0237661 0.00330287 0.000754962 0.00021101
 0.320783 0.660938 0.0155036 0.00214763 0.000627996
 0.944906 0.01802 0.0360784 0.000844461 0.000151168
 0.646047 0.335043 0.00619443 0.0123738 0.000341428
 0.659952 0.222558 0.11123 0.00205075 0.00420891
 0.813406 0.124585 0.040621 0.0202492 0.00113939
 0.80423 0.160142 0.0238061 0.0077449 0.00407751
 0.279217 0.583158 0.112628 0.0167031 0.00829388
 0.819929 0.0510378 0.104427 0.0201371 0.0044689
 0.672487 0.269521 0.0164544 0.0336176 0.00792066
 0.464742 0.362152 0.142491 0.00868694 0.0219281
 0.822006 0.0835217 0.0639463 0.0251272 0.00539834
 0.768946 0.190579 0.0190069 0.0145314 0.00693617
 0.289 0.548588 0.133989 0.0133482 0.0150753
 0.381032 0.181063 0.337969 0.0824475 0.0174887
 0.861961 0.0534066 0.0247888 0.0461877 0.0136562
pobs_pel_tallas
 0 0 0 0 0 0 0 0 0 0 0 0 0 0 0 0 0 0 0 0 0 0 0 0 0 0
 0 0 0 0 0 0 0 0 0 0 0 0 0 0 0 0 0 0 0 0 0 0 0 0 0 0
 0 0 0 0 0 0 0 0 0 0 0 0 0 0 0 0 0 0 0 0 0 0 0 0 0 0
 0 0 0 0 0 0 0 0 0 0 0 0 0 0 0 0 0 0 0 0 0 0 0 0 0 0
 0 0 0 0 0 0 0 0 0 0 0 0 0 0 0 0 0 0 0 0 0 0 0 0 0 0
 0 0 0 0 0 0 0 0 0 0 0 0 0 0 0 0 0 0 0 0 0 0 0 0 0 0
 0 0 0 0 0 0 0 0 0 0 0 0 0 0 0 0 0 0 0 0 0 0 0 0 0 0
 0 0 0 0 0 0 0 0 0 0 0 0 0 0 0 0 0 0 0 0 0 0 0 0 0 0
 0 0 0 0 0 0 0 0 0 0 0 0 0 0 0 0 0 0 0 0 0 0 0 0 0 0
 0 0 0 0 0 0 0 0 0 0 0 0 0 0 0 0 0 0 0 0 0 0 0 0 0 0
 0 0 0 0 0 0 0 0 0 0 0 0 0 0 0 0 0 0 0 0 0 0 0 0 0 0
 0 0 0 0 0 0 0 0 0 0 0 0 0 0 0 0 0 0 0 0 0 0 0 0 0 0
 0.00862536 0 0 0.000197151 0.00414017 0.0128641 0.00837892 0.0270097 0.101434 0.158115 0.152841 0.127902 0.109271 0.109419 0.0830992 0.0579132 0.0238553 0.00714673 0.00463305 0.00128148 0.00103504 0.000492878 0.000147863 0.000147863 4.92878e-05 0
 0 0 0 0 0 0 0 0 0 0 0 0 0 0 0 0 0 0 0 0 0 0 0 0 0 0
 0 0 0 0 0 0 0 0.0054083 0.00873648 0.0413646 0.0450493 0.0745869 0.0622846 0.0627006 0.0613931 0.0827291 0.12552 0.122667 0.0946155 0.0697135 0.0546179 0.0294188 0.0215738 0.0213955 0.0102223 0.00600262
 0 0 0 0 0.00359764 0.0251062 0.0480494 0.140153 0.205849 0.193036 0.1447 0.116669 0.0760912 0.0342217 0.00950174 0.001854 0.000860785 0 0 0 0.000165536 0 0.000143464 0 0 0
 0 0 0 0 0 0 0 0.000145254 0.000435761 0.0275982 0.070085 0.0708112 0.156366 0.174668 0.174014 0.160142 0.0824315 0.0480064 0.0283245 0.00493863 0.00203355 0 0 0 0 0
 0 0 0 0 0 0 0 0 0 0 0 0 0 0 0 0 0 0 0 0 0 0 0 0 0 0
 0 0 1.00437e-05 0.000401748 0.00122533 0.00171747 0.00176769 0.0269171 0.070346 0.194647 0.189555 0.159765 0.064822 0.0314167 0.0384472 0.0292271 0.0345202 0.0313363 0.0194345 0.0106764 0.0143323 0.0359363 0.0279516 0.0138201 0.00172751 0
 0 0.0021121 0.0136068 0.0755702 0.200478 0.177729 0.0527432 0.0373336 0.0318909 0.0142505 0.0149659 0.0166563 0.0217959 0.0798694 0.0677717 0.0528807 0.04013 0.0224614 0.0357745 0.0225083 0.00881397 0.00855152 0.00135912 0.000746735 0 0
 0 0 0 0 5.4009e-05 0.00500934 0.000945158 0.0243581 0.138947 0.33067 0.221406 0.137944 0.0707744 0.0437923 0.0131692 0.00525238 0.0047753 0.00276346 9.45158e-05 9.00151e-06 2.25038e-05 9.00151e-06 4.50075e-06 0 0 0
 0.000866109 0.00284123 0.00948549 0.0512746 0.133035 0.25785 0.225252 0.132002 0.0553304 0.0519788 0.0540692 0.017754 0.00435017 0.00159236 0.00146478 0.000404838 0.000125132 0.000115318 0.000107957 0.000100596 0 0 0 0 0 0
 0 0 0 0 0.00144013 0.00171154 0.00461396 0.0210425 0.0478622 0.0707936 0.0888783 0.103762 0.0637923 0.0337046 0.0602308 0.124433 0.169614 0.0934646 0.0462172 0.0250306 0.0313229 0.00938855 0.002487 0.000210481 0 0
 0 0.00764035 0.051015 0.0998891 0.058973 0.0496711 0.0374665 0.0718981 0.12319 0.153886 0.159021 0.0857701 0.0377988 0.023471 0.0147837 0.00900784 0.00315554 0.000888139 0.00291439 0.00214683 0.00393193 0.00274676 0.000635225 9.99891e-05 0 0
 0 0 0 0 0 0 0 0 0 0 0 0 0 0 0 0 0 0 0 0 0 0 0 0 0 0
 0 0 0 0 0 0 0 0 0 0 0 0 0 0 0 0 0 0 0 0 0 0 0 0 0 0
 0 0 0 0 0 0 0 0 0 0 0 0 0 0 0 0 0 0 0 0 0 0 0 0 0 0
 0 0 0 0 0 0 0 0 0 0 0 0 0 0 0 0 0 0 0 0 0 0 0 0 0 0
 0 0 0 0 0 0 0 0 0 0 0 0 0 0 0 0 0 0 0 0 0 0 0 0 0 0
 0 0 0 0 0 0 0 0 0 0 0 0 0 0 0 0 0 0 0 0 0 0 0 0 0 0
 0 0 0 0 0 0 0 0 0 0 0 0 0 0 0 0 0 0 0 0 0 0 0 0 0 0
ppred_pel_tallas
 1.11673e-16 4.13963e-05 0.000402387 0.002674 0.0121556 0.0378208 0.0805818 0.117615 0.117632 0.0806646 0.0381 0.0129675 0.00473243 0.00496394 0.00890361 0.0151723 0.023058 0.0315046 0.0393736 0.0460028 0.0513392 0.0554631 0.0579928 0.058027 0.0547357 0.0480761
 1.15993e-16 4.89681e-05 0.000475987 0.0031631 0.014379 0.0447386 0.095321 0.139128 0.139148 0.0954187 0.0450669 0.0153287 0.00555263 0.00571149 0.0100504 0.0166972 0.0244401 0.0316051 0.036567 0.0387053 0.0387972 0.0384176 0.0388005 0.040058 0.0412559 0.0411243
 1.12181e-16 5.31333e-05 0.000516475 0.00343216 0.0156021 0.0485441 0.103429 0.150962 0.150983 0.10353 0.0488843 0.0165858 0.00590544 0.00592929 0.010374 0.0171759 0.0250024 0.0320185 0.0364076 0.0373901 0.0356899 0.0329919 0.0308251 0.0297487 0.0293284 0.0286906
 1.07738e-16 5.62274e-05 0.00054655 0.00363202 0.0165106 0.0513708 0.109452 0.159752 0.159772 0.10955 0.0517018 0.0174674 0.00603694 0.00580755 0.0100807 0.0166637 0.0242077 0.0308897 0.0348945 0.0354079 0.0330852 0.0295443 0.0263043 0.0240101 0.0224068 0.0208486
 1.04631e-16 6.22971e-05 0.00060555 0.0040241 0.018293 0.0569163 0.121267 0.176996 0.177012 0.121347 0.0571867 0.0190744 0.00598782 0.00489943 0.00823807 0.013576 0.0196821 0.0250313 0.0281124 0.0282366 0.0259295 0.0225286 0.0193205 0.0169033 0.0151527 0.0136169
 1.00549e-16 7.90539e-05 0.000768432 0.0051065 0.0232134 0.0722255 0.153884 0.224599 0.224602 0.153899 0.0722744 0.0233544 0.00546072 0.00154234 0.00155077 0.00244366 0.00352443 0.00445726 0.00495866 0.00489996 0.00437771 0.00364282 0.00294419 0.00240977 0.00203457 0.00174693
 1.01058e-16 4.19121e-05 0.000407401 0.00270732 0.0123071 0.0382923 0.0815874 0.119089 0.119134 0.0818095 0.0390377 0.0144592 0.00810515 0.0121769 0.0223532 0.0367799 0.052725 0.0657688 0.0714372 0.0676696 0.0560757 0.040914 0.0266411 0.0159094 0.00915095 0.00542017
 1.0717e-16 4.37016e-05 0.000424795 0.00282291 0.0128326 0.039927 0.0850696 0.124167 0.124191 0.0851881 0.0403256 0.0139872 0.00573421 0.00682319 0.0123209 0.0206257 0.0304624 0.0398685 0.0468029 0.0502102 0.0504653 0.0487773 0.0461223 0.0426654 0.0380491 0.0320936
 1.05066e-16 6.81047e-05 0.000662002 0.00439924 0.0199983 0.0622222 0.132571 0.193494 0.193503 0.132616 0.062372 0.0204316 0.00548986 0.0030525 0.00463694 0.00763508 0.0111768 0.0144539 0.016698 0.0175791 0.0173861 0.0167731 0.0162781 0.0160019 0.0156545 0.0148474
 1.00822e-16 7.68736e-05 0.000747239 0.00496567 0.0225732 0.0702336 0.14964 0.218406 0.218411 0.149667 0.0703223 0.0228293 0.00560847 0.00215009 0.00274007 0.00440553 0.00633301 0.00795268 0.00874248 0.00846721 0.00731733 0.00578209 0.00435814 0.00331804 0.00267218 0.00228058
 1.00298e-16 7.42879e-05 0.000722104 0.00479864 0.0218139 0.0678712 0.144607 0.21106 0.211069 0.14465 0.0680165 0.0222333 0.0058506 0.00301639 0.00442522 0.00718152 0.0102987 0.0128676 0.0140167 0.0133448 0.0111604 0.00828113 0.00555954 0.00349828 0.00217461 0.00140744
 1.00596e-16 6.82691e-05 0.0006636 0.00440986 0.0200466 0.0623724 0.132892 0.193962 0.193977 0.132964 0.062617 0.0207528 0.00618188 0.00452993 0.00740514 0.0121182 0.017412 0.021814 0.0238702 0.0229053 0.0194205 0.0147567 0.0103036 0.00686914 0.0045696 0.00311753
 1.01413e-16 6.33018e-05 0.000615316 0.00408899 0.018588 0.0578342 0.123222 0.179851 0.179869 0.123314 0.0581406 0.0194733 0.00631164 0.0054687 0.00928452 0.0152584 0.0219949 0.0276995 0.0305806 0.0297994 0.0259518 0.02064 0.0154982 0.0114369 0.00854453 0.00647077
 1.02277e-16 6.22639e-05 0.000605227 0.00402195 0.0182832 0.0568859 0.121202 0.176902 0.17692 0.121292 0.0571877 0.0191551 0.00621198 0.00539054 0.00916342 0.0150841 0.0218013 0.0275773 0.0306767 0.0302864 0.0269748 0.0222624 0.0176695 0.0139987 0.0112687 0.00911598
 1.01753e-16 6.90708e-05 0.000671393 0.00446164 0.020282 0.0631049 0.134452 0.196239 0.196251 0.134511 0.0633025 0.0208531 0.00589616 0.00380584 0.00603045 0.00988244 0.0142812 0.0180673 0.0201053 0.0198674 0.0177323 0.014701 0.0117705 0.00946006 0.00776733 0.00643473
 1.00213e-16 8.00595e-05 0.000778207 0.00517146 0.0235087 0.0731443 0.155842 0.227456 0.227458 0.155853 0.0731819 0.0236172 0.00544391 0.00137295 0.00120953 0.00187271 0.0026895 0.00338094 0.00372247 0.00361201 0.00312579 0.00246526 0.00183595 0.00135236 0.00102395 0.000801993
 1.00939e-16 2.64226e-05 0.000256837 0.00170678 0.00775879 0.0241408 0.0514369 0.075087 0.0751506 0.0517475 0.0251833 0.0107681 0.0092544 0.0167125 0.0312172 0.0514051 0.073669 0.0918412 0.0996537 0.0942172 0.0777871 0.0563392 0.0361412 0.0209442 0.0113877 0.00616724
 1.01157e-16 7.78307e-05 0.000756542 0.00502749 0.0228542 0.071108 0.151503 0.221124 0.221125 0.151512 0.0711375 0.0229403 0.00524605 0.00124184 0.00102338 0.00163066 0.00248518 0.00342271 0.00432173 0.00510781 0.00576024 0.00626288 0.00654927 0.00650852 0.00605739 0.00521652
 1.01564e-16 5.32141e-05 0.00051726 0.00343738 0.0156258 0.048618 0.103587 0.151195 0.151227 0.103744 0.0491465 0.0171515 0.00726388 0.00886047 0.015869 0.0260739 0.0373771 0.0466322 0.0506781 0.0480737 0.0399848 0.02945 0.0196285 0.0123694 0.00791584 0.00552031
 1.04185e-16 5.43594e-05 0.000528393 0.00351136 0.0159621 0.0496642 0.105816 0.154446 0.154467 0.105921 0.0500187 0.0169875 0.00609098 0.00617879 0.0108411 0.0179806 0.0262297 0.0336725 0.0383606 0.0393405 0.0371345 0.0332292 0.0290318 0.0251661 0.0215325 0.0178345
 1.03428e-16 6.69992e-05 0.000651256 0.00432782 0.0196737 0.0612122 0.130419 0.190353 0.190366 0.130478 0.06141 0.0202457 0.00576586 0.00379739 0.00606253 0.00997069 0.014485 0.0184888 0.0208907 0.0211929 0.0197672 0.0175534 0.0154336 0.0137817 0.012463 0.0111428
 1.02195e-16 6.62434e-05 0.000643909 0.004279 0.0194517 0.0605217 0.128948 0.188207 0.188223 0.129024 0.060775 0.0201834 0.00611578 0.00465421 0.00768438 0.0126041 0.0181627 0.022868 0.0252471 0.0246254 0.0215239 0.0172973 0.0133134 0.0103118 0.00831483 0.00695406
 1.06478e-16 2.29989e-05 0.000223557 0.00148562 0.00675345 0.0210128 0.044772 0.0653579 0.0654141 0.0450469 0.0219359 0.00942033 0.00818207 0.0148492 0.0278209 0.0460119 0.066406 0.0837681 0.0927536 0.0908692 0.0799161 0.0646842 0.0500124 0.0385266 0.0303687 0.0243855
 1.05803e-16 6.75365e-05 0.000656479 0.00436253 0.0198314 0.061703 0.131465 0.191878 0.191883 0.13149 0.061787 0.0200761 0.00498423 0.002039 0.00276763 0.00466332 0.00716662 0.00996638 0.0127708 0.0154163 0.0178783 0.0201083 0.0218579 0.0226895 0.0222016 0.02029
 1.05256e-16 5.53919e-05 0.000538429 0.00357805 0.0162653 0.0506076 0.107826 0.15738 0.157406 0.107953 0.0510333 0.0174947 0.00666293 0.00726974 0.0128312 0.0211055 0.0303582 0.0381083 0.0418858 0.0405996 0.0352185 0.0281448 0.0217833 0.0174004 0.0149338 0.0135603
 1.08787e-16 3.82803e-05 0.000372098 0.00247272 0.0112407 0.0349741 0.0745172 0.108767 0.108802 0.0746885 0.0355497 0.0129052 0.00665795 0.00953134 0.0175003 0.0290458 0.0422454 0.0539752 0.0610462 0.06195 0.0576734 0.0508571 0.0440306 0.0383585 0.0336421 0.0291579
 1.05301e-16 6.77076e-05 0.000658142 0.00437359 0.0198817 0.0618594 0.131798 0.192365 0.192373 0.131838 0.0619933 0.0202697 0.00535205 0.00280886 0.00419584 0.00694417 0.0102677 0.0134859 0.015949 0.0173609 0.017915 0.018066 0.0181331 0.0180746 0.0175863 0.0163828
 1.03229e-16 6.33371e-05 0.000615659 0.00409127 0.0185983 0.0578665 0.123291 0.179951 0.179969 0.123381 0.0581677 0.0194682 0.00627445 0.00538053 0.00910999 0.0149542 0.0215237 0.0270474 0.0297731 0.0289133 0.0251238 0.0200681 0.0154215 0.0120833 0.010051 0.0088119
 1.07897e-16 2.38047e-05 0.00023139 0.00153767 0.00699005 0.0217489 0.0463404 0.0676462 0.0676992 0.0465992 0.0226183 0.00950205 0.00784731 0.0140192 0.0262498 0.0434635 0.0628524 0.0795449 0.0885624 0.0875728 0.0782188 0.0648787 0.051925 0.0416548 0.0340987 0.0281746
 1.21028e-16 3.13851e-05 0.000305075 0.00202733 0.00921595 0.0286743 0.0610944 0.0891728 0.0891908 0.0611824 0.0289714 0.0100805 0.00422243 0.00517998 0.00953381 0.0163515 0.0250519 0.0346552 0.0441141 0.052874 0.0609457 0.0683248 0.0743159 0.0774913 0.0764185 0.0705745
 1.07673e-16 7.09986e-05 0.000690131 0.00458617 0.020848 0.064866 0.138204 0.201714 0.201719 0.13823 0.0649514 0.0210954 0.00520945 0.00205923 0.002697 0.00441704 0.00653059 0.00860184 0.0102632 0.011411 0.0122814 0.0132672 0.0146012 0.0161534 0.0174787 0.0180536
pSPR Fmed_Fpbrs
0.513119   0.254532 0.254532
Fs Fmed_Fpbrs
0.424983   1.005 1.005
SSBpbr Bo_Bmed_Bpbrs
1.64216e+06  760515  335875 335875
Ro
120165
SPR SPRFo_SPRFmed_SPRFpbrs
855653 439051 217791
Fref
1.005
log_Ro
11.5166
likeval ReclasPelacesDesembMPH_pf_preclas_ppelaces_ptallas_desvR_qrecl_qpela
 17.2395 26.0676 0.0320887 0.00221474 232.651 119.768 84.7299 0 39.34 0 0 0.0855164 0 0 0
q_reclas_q_pelaces
1 1
M
1
N
 127622 46243.3 80414.6 8403.66 0.19656
 104295 40820.3 13702.7 23676 2473.44
 78432.6 29408.1 9953.4 3300.74 6294.79
 53652.3 22050.7 7138.13 2386.39 2299
 37867.4 10249.1 2944.49 924.997 606.144
 247592 9298.67 2018 569.124 295.642
 48376.1 64471.1 2004.69 428.228 183.346
 15689 8025.9 6922.4 207.54 63.1876
 29571.1 4748.74 2183.65 1866.67 72.9676
 59208.6 5075.85 537.434 238.655 211.584
 92371 9965.21 557.248 56.9265 47.5957
 131857 30051.2 3031.42 168.564 31.6074
 103037 31277 5608.48 554.501 36.5746
 71028.5 25152.3 6102.12 1073.85 113.057
 63515 12336.3 2898.87 679.528 131.926
 451510 12981 1828.67 418.302 116.919
 51051.2 116222 2749.09 380.991 111.409
 716207 15071.8 30425.7 712.47 127.543
 359280 212061 3963.41 7921.85 218.593
 260042 99366.1 50184 925.767 1900.08
 430338 72626.5 23873.3 11905.8 669.939
 569715 127827 19193.4 6247.62 3289.32
 71719.4 161085 31301.1 4643.59 2305.8
 337508 22476.2 46248.8 8921.1 1979.84
 249774 106988 6568.15 13423.3 3162.72
 96131.4 79355.7 31374.1 1913.22 4829.53
 285887 31143.8 23984.1 9427.34 2025.41
 345490 90197.3 9034.85 6909.05 3297.9
 56928.5 113333 27791.6 2769.24 3127.59
 36472.7 18855.5 35444.6 8650.03 1834.88
 166914 11142.2 5204.1 9699.81 2867.98
pred_Ctot
 10652.5 5787.44 10335.5 1081.63 0.0253011
 15732 8995.09 3094.34 5353.5 559.321
 11948 6540.61 2268.48 753.252 1436.61
 17182.9 9616.73 3172.57 1061.71 1022.88
 8223.78 3166.08 930.141 292.547 191.716
 47028.6 2540.29 564.249 159.329 82.7716
 17887.7 31758.9 1004.72 214.819 91.9797
 1785.86 1354 1198.18 35.9719 10.9528
 10595.7 2278.48 1066.39 912.445 35.669
 21609.1 2473.28 266.477 118.442 105.012
 6821.33 1107.41 63.6151 6.50804 5.44172
 30676.6 9881.57 1018.81 56.7172 10.6357
 22652.9 9770.27 1791.4 177.322 11.6968
 25164 11953.9 2952.16 520.013 54.7506
 18707.3 5003.27 1199.2 281.401 54.6354
 88225.6 3640.12 524.751 120.182 33.5941
 6488.13 21779.3 528.332 73.3192 21.4415
 89926.1 2791.99 5780.58 135.545 24.2663
 57692 49553.9 948.823 1898.9 52.4012
 40481.7 22554.5 11671.5 215.588 442.512
 53303.7 13281 4477.67 2236.08 125.833
 85143.8 27923 4296.79 1400.47 737.388
 6803.26 22812.1 4550.66 676.048 335.72
 29872.1 2977.05 6290.03 1215.02 269.667
 21791.3 13975.2 880.997 1803.04 424.853
 7328.51 9095.54 3693.83 225.576 569.464
 26055.6 4243.5 3355.29 1320.71 283.767
 23875.5 9396.7 967.063 740.593 353.534
 3617.6 10879.8 2741.59 273.578 309.004
 3969.36 3047.18 5877.9 1436.44 304.726
 16207.4 1613.82 773.748 1444.19 427.039
F
 0.13989 0.216327 0.222732 0.22308 0.223098
 0.265948 0.411265 0.423442 0.424103 0.424138
 0.268895 0.415821 0.428133 0.428801 0.428836
 0.655331 1.01341 1.04342 1.04504 1.04513
 0.404218 0.625086 0.643594 0.644599 0.644652
 0.345565 0.534384 0.550207 0.551065 0.551111
 0.796333 1.23145 1.26792 1.2699 1.27
 0.195082 0.301675 0.310608 0.311093 0.311118
 0.762302 1.17883 1.21373 1.21563 1.21573
 0.781967 1.20924 1.24504 1.24699 1.24709
 0.12291 0.190069 0.195697 0.196002 0.196018
 0.438839 0.678624 0.698718 0.699808 0.699866
 0.410141 0.634245 0.653025 0.654044 0.654098
 0.750532 1.16063 1.19499 1.19686 1.19696
 0.587787 0.908958 0.935872 0.937333 0.93741
 0.357098 0.552219 0.56857 0.569457 0.569504
 0.220002 0.340213 0.350287 0.350833 0.350862
 0.217097 0.335721 0.345661 0.346201 0.346229
 0.285291 0.441175 0.454238 0.454947 0.454985
 0.275511 0.426052 0.438667 0.439352 0.439388
 0.213893 0.330765 0.340559 0.341091 0.341119
 0.263207 0.407025 0.419076 0.419731 0.419765
 0.160303 0.247894 0.255234 0.255633 0.255654
 0.148878 0.230226 0.237043 0.237413 0.237432
 0.146617 0.226729 0.233443 0.233807 0.233826
 0.127101 0.196549 0.202369 0.202685 0.202702
 0.153598 0.237526 0.244559 0.24494 0.244961
 0.114631 0.177266 0.182515 0.1828 0.182815
 0.104994 0.162363 0.16717 0.167431 0.167445
 0.185822 0.287356 0.295864 0.296326 0.29635
 0.16436 0.254168 0.261694 0.262102 0.262124
nmprior
 8 9 7.5 0
nm_flota  nm_reclas  nm_pelaces    nm_pelaL
inf 14.595 9.73176 15.3401
cv_recla  cv_pelaces  cv_mph
0.375567 0.60078 1.45234
 ------------------------------------------------
Talla a la edad & desviación 
 8 13.2811 15.8009 17.003 17.5766
 0.8 1.32811 1.58009 1.7003 1.75766
