years
 1991 1992 1993 1994 1995 1996 1997 1998 1999 2000 2001 2002 2003 2004 2005 2006 2007 2008 2009 2010 2011 2012 2013 2014 2015 2016 2017 2018 2019 2020 2021
reclasobs
 0 0 0 0 0 0 0 0 0 252601 567819 844713 477998 351125 339783 2.1784e+06 2.13404e+06 4.81314e+06 1.55562e+06 2.62356e+06 3.21686e+06 3.843e+06 1.13348e+06 3.07943e+06 1.97215e+06 2.03268e+06 2.025e+06 2.42433e+06 2.27542e+06 1.05018e+06 2.36338e+06
reclaspred
 3.39015e+06 1.92878e+06 977954 973924 970298 1.47714e+06 985411 884077 647280 478255 509041 635683 630974 511626 523519 1.26351e+06 1.25442e+06 2.67289e+06 2.23876e+06 1.72763e+06 3.05133e+06 2.46705e+06 1.99281e+06 3.02457e+06 2.28792e+06 2.02925e+06 2.38247e+06 2.51297e+06 2.0811e+06 1.33226e+06 2.0193e+06
pelacesobs
 0 0 0 0 0 0 0 0 0 0 0 0 0 0 0 552880 188675 0 991730 2.46772e+06 1.41603e+06 1.21717e+06 2.29649e+06 1.80582e+06 0 1.4828e+06 1.56532e+06 1.57751e+06 1.42118e+06 867257 0
pelacespred
 1.9261e+06 1.22966e+06 631835 512146 521288 818609 523811 556629 403200 285102 308471 323862 351243 305586 318180 632137 626214 1.51846e+06 1.32901e+06 954552 1.606e+06 1.43718e+06 1.14452e+06 1.88555e+06 1.38485e+06 1.21978e+06 1.62734e+06 1.69695e+06 1.15666e+06 844952 1.19154e+06
mphobs
 0 0 0 0 0 0 0 0 0 0 0 498337 0 5186 125008 0 168611 109162 213762 579715 649985 157893 87575 83554 0 0 0 0 0 0 0
mphpred
 509305 341506 173687 94177.8 104387 115974 150748 100862 88031.9 62311.4 41699.5 59417.9 64037.5 55535.9 40186.9 50308 146371 142351 264422 206117 227912 278267 263458 219922 300782 249237 206081 218066 300874 207161 116260
desembarqueobs
 494567 514787 250237 358949 120608 361735 552515 73892 212993 205616 52469 317467 293654 387597 252695 516296 358380 742168 942051 627588 828172 859565 418607 520667 417249 300574 407403 355545 319650 289779 219260
desembarquepred
 494574 513287 251004 358971 120612 361748 552565 73895.4 213034 205655 52471.2 317532 293708 387653 252698 516278 358403 742101 941924 627503 828235 859597 418618 520688 417252 300577 407405 355536 319647 289788 219262
Reclutas
 229673 133031 130749 236318 188633 311012 131300 62179.1 56846.4 73753 134986 171616 143778 101995 105183 543605 120931 819792 486290 387309 559348 748391 161351 475987 403086 181954 404373 452692 130636 99674.4 466417
log_desv_Rt
 0.0697128 -0.476366 -0.493662 0.0982351 -0.127141 0.372887 -0.489458 -1.23693 -1.32659 -1.06622 -0.461771 -0.221688 -0.398672 -0.742023 -0.711239 0.931277 -0.571728 1.34211 0.819861 0.592277 0.959827 1.25098 -0.28336 0.798446 0.632204 -0.163191 0.635394 0.748266 -0.494533 -0.765036 0.778135
SSB
 4.32515e+06 2.90016e+06 1.475e+06 799783 886479 984880 1.28019e+06 856548 747590 529165 354123 504592 543824 471626 341278 427228 1.24302e+06 1.20888e+06 2.24554e+06 1.7504e+06 1.93549e+06 2.36311e+06 2.23735e+06 1.86764e+06 2.55432e+06 2.11658e+06 1.7501e+06 1.85188e+06 2.5551e+06 1.75926e+06 987314
BT
 5.70734e+06 3.88714e+06 1.98845e+06 1.71043e+06 1.52635e+06 2.55668e+06 1.93592e+06 1.59278e+06 1.31887e+06 982653 892992 1.15776e+06 1.23254e+06 1.24368e+06 1.12776e+06 2.15663e+06 2.00058e+06 4.82605e+06 4.55926e+06 3.18404e+06 5.08237e+06 4.75395e+06 3.50911e+06 5.6625e+06 4.18723e+06 3.6164e+06 4.88444e+06 5.01556e+06 3.44027e+06 2.60216e+06 3.45889e+06
Ftot
 0.0983614 0.177407 0.172113 0.256278 0.0863381 0.173124 0.372376 0.0578609 0.225781 0.2928 0.0743505 0.345001 0.320885 0.51627 0.342219 0.297669 0.194334 0.200593 0.289245 0.251066 0.190365 0.24276 0.14276 0.123397 0.126044 0.101936 0.122076 0.101776 0.103202 0.147314 0.0794676
BD_Bspro_t
 0.984385 0.883199 0.755851 0.678994 0.672204 0.73367 0.722975 0.587458 0.638665 0.60473 0.575925 0.736464 0.630562 0.549582 0.454679 0.51144 0.655681 0.637553 0.713063 0.629927 0.609671 0.653182 0.667009 0.663494 0.75423 0.762087 0.769266 0.79966 0.83641 0.781461 0.737664
BD_Bspro
 2.83561 1.90137 0.967023 0.524345 0.581184 0.645697 0.839304 0.561561 0.490127 0.346926 0.232166 0.330816 0.356536 0.309202 0.223745 0.280095 0.814935 0.792554 1.4722 1.14758 1.26893 1.54928 1.46683 1.22444 1.67464 1.38765 1.14738 1.21411 1.67515 1.15339 0.647293
BD_Bo
 1.93199 1.29546 0.658861 0.357252 0.395978 0.439932 0.571843 0.382608 0.333938 0.236371 0.158182 0.225394 0.242919 0.210669 0.152444 0.190837 0.555239 0.53999 1.00305 0.781879 0.864557 1.05557 0.999395 0.834248 1.14098 0.945448 0.781743 0.827207 1.14133 0.785839 0.44102
BD_Brms
 3.5127 2.35538 1.19793 0.649549 0.71996 0.799877 1.03971 0.695651 0.60716 0.429765 0.287603 0.409808 0.44167 0.383034 0.277171 0.346976 1.00953 0.9818 1.82373 1.4216 1.57192 1.91922 1.81708 1.51681 2.07451 1.719 1.42135 1.50401 2.07515 1.4288 0.801854
Sel_flota
 0.863711 1 1 1 1
 0.863711 1 1 1 1
 0.863711 1 1 1 1
 0.863711 1 1 1 1
 0.863711 1 1 1 1
 0.863711 1 1 1 1
 0.863711 1 1 1 1
 0.863711 1 1 1 1
 0.863711 1 1 1 1
 0.863711 1 1 1 1
 0.863711 1 1 1 1
 0.863711 1 1 1 1
 0.863711 1 1 1 1
 0.863711 1 1 1 1
 0.863711 1 1 1 1
 0.863711 1 1 1 1
 0.863711 1 1 1 1
 0.863711 1 1 1 1
 0.863711 1 1 1 1
 0.863711 1 1 1 1
 0.863711 1 1 1 1
 0.863711 1 1 1 1
 0.863711 1 1 1 1
 0.863711 1 1 1 1
 0.863711 1 1 1 1
 0.863711 1 1 1 1
 0.863711 1 1 1 1
 0.863711 1 1 1 1
 0.863711 1 1 1 1
 0.863711 1 1 1 1
 0.863711 1 1 1 1
Sel_reclas
 1 1 1 1 1
 1 1 1 1 1
 1 1 1 1 1
 1 1 1 1 1
 1 1 1 1 1
 1 1 1 1 1
 1 1 1 1 1
 1 1 1 1 1
 1 1 1 1 1
 1 1 1 1 1
 1 1 1 1 1
 1 1 1 1 1
 1 1 1 1 1
 1 1 1 1 1
 1 1 1 1 1
 1 1 1 1 1
 1 1 1 1 1
 1 1 1 1 1
 1 1 1 1 1
 1 1 1 1 1
 1 1 1 1 1
 1 1 1 1 1
 1 1 1 1 1
 1 1 1 1 1
 1 1 1 1 1
 1 1 1 1 1
 1 1 1 1 1
 1 1 1 1 1
 1 1 1 1 1
 1 1 1 1 1
 1 1 1 1 1
Sel_pelaces
 1 1 1 1 1
 1 1 1 1 1
 1 1 1 1 1
 1 1 1 1 1
 1 1 1 1 1
 1 1 1 1 1
 1 1 1 1 1
 1 1 1 1 1
 1 1 1 1 1
 1 1 1 1 1
 1 1 1 1 1
 1 1 1 1 1
 1 1 1 1 1
 1 1 1 1 1
 1 1 1 1 1
 1 1 1 1 1
 1 1 1 1 1
 1 1 1 1 1
 1 1 1 1 1
 1 1 1 1 1
 1 1 1 1 1
 1 1 1 1 1
 1 1 1 1 1
 1 1 1 1 1
 1 1 1 1 1
 1 1 1 1 1
 1 1 1 1 1
 1 1 1 1 1
 1 1 1 1 1
 1 1 1 1 1
 1 1 1 1 1
pf_obs 
 0.8446 0.082 0.0669 0.0065 0
 0.8095 0.147 0.0364 0.0071 0
 0.9664 0.0169 0.016 0.0007 0
 0.9276 0.0648 0.0075 0.0001 0
 0.7033 0.2144 0.0806 0.0017 0
 0.9318 0.0425 0.0243 0.0014 0
 0.5671 0.3108 0.0964 0.0239 0.0018
 0.0768 0.2599 0.5324 0.112 0.0189
 0.490249 0.384438 0.106611 0.0170017 0.00170017
 0.7925 0.1577 0.0466 0.003 0.0002
 0.840416 0.127587 0.0312969 0.00059994 9.999e-05
 0.8084 0.0986 0.0794 0.0134 0.0002
 0.7335 0.1905 0.0724 0.0035 0.0001
 0.4001 0.4547 0.1325 0.0127 0
 0.49795 0.308269 0.164784 0.0264974 0.00249975
 0.9179 0.0499 0.0305 0.0017 0
 0.2467 0.6533 0.0926 0.0074 0
 0.9418 0.0223 0.034 0.0019 0
 0.707729 0.231977 0.0356964 0.0245975 0
 0.517169 0.277429 0.184464 0.0207286 0.00020938
 0.811772 0.124168 0.05621 0.00726502 0.000585176
 0.764997 0.148141 0.077277 0.00933861 0.000247198
 0.163321 0.427699 0.378323 0.0303852 0.000271297
 0.753843 0.0900009 0.118128 0.0371064 0.000921714
 0.721811 0.176058 0.0630433 0.0369309 0.00215725
 0.143369 0.312575 0.442814 0.0836902 0.0175525
 0.692698 0.0596174 0.167031 0.0765114 0.00414204
 0.394062 0.376323 0.152708 0.0712218 0.00568511
 0.125707 0.32114 0.495352 0.0537591 0.00404204
 0.23352 0.215282 0.420074 0.123614 0.00750983
 0 0 0 0 0
pf_pred 
 0.429008 0.113771 0.433221 0.0239992 7.48114e-07
 0.411227 0.275061 0.0625076 0.238018 0.0131859
 0.550302 0.202662 0.115409 0.0262268 0.1054
 0.746435 0.149504 0.0468962 0.0267058 0.0304584
 0.646055 0.274949 0.0465769 0.0146101 0.017809
 0.741242 0.176035 0.0642602 0.0108858 0.00757691
 0.475075 0.404626 0.0818402 0.0298752 0.00858349
 0.444189 0.288688 0.205905 0.0416466 0.0195707
 0.523935 0.229344 0.128147 0.0913999 0.027174
 0.679929 0.180783 0.0671021 0.0374937 0.0346927
 0.79911 0.14381 0.0322399 0.0119667 0.0128734
 0.727272 0.224313 0.0346591 0.00777005 0.00598663
 0.672182 0.249333 0.0645519 0.00997408 0.00395885
 0.615463 0.272678 0.0850775 0.0220264 0.0047542
 0.717484 0.186278 0.0682431 0.0212923 0.00670238
 0.925671 0.0558608 0.0121768 0.00446097 0.00182998
 0.390024 0.571312 0.0290574 0.00633405 0.00327239
 0.89095 0.04681 0.058295 0.00296493 0.000980213
 0.603769 0.358903 0.0160231 0.0199544 0.00135042
 0.610375 0.250804 0.125743 0.00561376 0.00746425
 0.73429 0.172524 0.0599842 0.0300737 0.00312783
 0.741541 0.197637 0.0394916 0.0137306 0.00759996
 0.326983 0.519654 0.117273 0.0234333 0.0126571
 0.741004 0.0939287 0.127453 0.0287629 0.0088517
 0.631655 0.283582 0.0307403 0.0417118 0.0123102
 0.442294 0.372158 0.142851 0.015485 0.0272129
 0.73389 0.127925 0.092211 0.0353948 0.0105794
 0.691549 0.235438 0.0350992 0.0253003 0.0126141
 0.349953 0.470332 0.137175 0.0204501 0.0220904
 0.432466 0.219031 0.252154 0.0735422 0.0228068
 0.855315 0.0682458 0.0295004 0.0339617 0.0129769
pobs_RECLAS
 0 0 0 0 0
 0 0 0 0 0
 0 0 0 0 0
 0 0 0 0 0
 0 0 0 0 0
 0 0 0 0 0
 0 0 0 0 0
 0 0 0 0 0
 0 0 0 0 0
 0 0 0 0 0
 0.991045 0.00858322 0.000360255 1.14367e-05 0
 0.934742 0.0480273 0.0164251 0.00080598 0
 0.827803 0.169806 0.00239088 0 0
 0.941827 0.0461693 0.0120037 0 0
 0.791401 0.0380133 0.147996 0.0225897 0
 0.846168 0.0940531 0.0597789 0 0
 0.134021 0.677848 0.182769 0.00536245 0
 0.80878 0.0450904 0.141981 0.00414843 0
 0.846168 0.0940531 0.0597789 0 0
 0.905697 0.0802665 0.012482 0.00150086 5.37128e-05
 0.989698 0.0102097 9.19794e-05 0 0
 0.975433 0.0193895 0.00387452 0.00125025 5.28907e-05
 0.303575 0.632131 0.0575291 0.00676475 0
 0.966965 0.00978017 0.0227588 0.000495775 0
 0.843318 0.132988 0.00938335 0.0141283 0.000182051
 0.564624 0.303363 0.111486 0.0197234 0.00080311
 0.826376 0.0876187 0.0782897 0.00655872 0.00115652
 0.89761 0.0855135 0.0140674 0.00269457 0.000114338
 0.34875 0.467042 0.161289 0.0227151 0.000203297
 0.318654 0.224769 0.449479 0.00709798 0
 0.937255 0.0296025 0.0250945 0.00804832 0
ppred_RECLAS
 0.465509 0.106498 0.405527 0.0224651 7.00292e-07
 0.447672 0.258035 0.0586384 0.223285 0.0123697
 0.586769 0.186228 0.10605 0.0241 0.0968524
 0.77377 0.133387 0.0418406 0.0238268 0.0271749
 0.679026 0.249336 0.0422381 0.0132491 0.0161501
 0.768736 0.157331 0.0574325 0.00972918 0.00677185
 0.513064 0.375343 0.0759175 0.0277131 0.00796231
 0.480765 0.269691 0.192355 0.038906 0.0182829
 0.561035 0.211471 0.118161 0.0842771 0.0250564
 0.711788 0.162788 0.0604229 0.0337616 0.0312395
 0.821735 0.127613 0.028609 0.010619 0.0114236
 0.756277 0.200456 0.0309731 0.0069437 0.00534994
 0.704578 0.224693 0.0581727 0.00898841 0.00356762
 0.651408 0.247189 0.0771248 0.0199675 0.0043098
 0.747159 0.166712 0.061075 0.0190558 0.00599837
 0.935399 0.04855 0.0105831 0.00387714 0.00159048
 0.426011 0.537606 0.0273431 0.00596036 0.00307933
 0.904619 0.0409423 0.0509876 0.00259327 0.000857341
 0.639173 0.326835 0.0145914 0.0181715 0.00122976
 0.64539 0.228265 0.114443 0.00510926 0.00679344
 0.762331 0.154317 0.0536538 0.0268999 0.00279774
 0.769202 0.176485 0.0352651 0.0122611 0.0067866
 0.360419 0.493837 0.111447 0.0222692 0.0120282
 0.76839 0.0839968 0.113976 0.0257215 0.00791573
 0.66539 0.25761 0.0279249 0.0378916 0.0111828
 0.478988 0.347672 0.133452 0.0144662 0.0254225
 0.761783 0.114516 0.0825457 0.0316848 0.00947053
 0.722145 0.212084 0.0316176 0.0227907 0.0113629
 0.384269 0.445503 0.129933 0.0193706 0.0209242
 0.469185 0.20486 0.23584 0.0687841 0.0213313
 0.872626 0.0600805 0.0259708 0.0298983 0.0114243
pobs_PELACES
 0 0 0 0 0
 0 0 0 0 0
 0 0 0 0 0
 0 0 0 0 0
 0 0 0 0 0
 0 0 0 0 0
 0 0 0 0 0
 0 0 0 0 0
 0 0 0 0 0
 0 0 0 0 0
 0 0 0 0 0
 0 0 0 0 0
 0 0 0 0 0
 0 0 0 0 0
 0 0 0 0 0
 0 0 0 0 0
 0.505614 0.472636 0.0217494 0 0
 0 0 0 0 0
 0.443492 0.261883 0.143347 0.151278 0
 0.227955 0.32914 0.350689 0.0885471 0.00366901
 0.970185 0.0296113 0.000203453 0 0
 0.997202 0.00247181 0.000326279 0 0
 0.445219 0.490057 0.0546422 0.010081 0
 0.90214 0.0892962 0.00764917 0.000914606 0
 0 0 0 0 0
 0.581667 0.319106 0.0959925 0.00289975 0.000334073
 0.762889 0.0836404 0.116647 0.0363945 0.000428098
 0.88444 0.0763242 0.0277011 0.0115352 0
 0.521256 0.241999 0.230069 0.00667565 0
 0.616807 0.101726 0.260614 0.0208532 0
 0 0 0 0 0
ppred_PELACES
 0.466609 0.106279 0.404692 0.0224188 6.98849e-07
 0.449646 0.257113 0.0584289 0.222487 0.0123255
 0.588645 0.185382 0.105569 0.0239906 0.0964128
 0.775781 0.132202 0.0414687 0.023615 0.0269333
 0.679872 0.248679 0.0421268 0.0132142 0.0161075
 0.770117 0.156391 0.0570894 0.00967106 0.0067314
 0.517247 0.372119 0.0752653 0.0274751 0.00789391
 0.481414 0.269354 0.192114 0.0388574 0.01826
 0.563534 0.210267 0.117488 0.0837973 0.0249137
 0.714482 0.161266 0.0598581 0.0334461 0.0309475
 0.822224 0.127263 0.0285305 0.0105898 0.0113922
 0.759125 0.198114 0.0306111 0.00686254 0.00528741
 0.707573 0.222415 0.0575829 0.00889729 0.00353146
 0.656662 0.243464 0.0759624 0.0196665 0.00424484
 0.750056 0.164802 0.0603753 0.0188375 0.00592966
 0.936204 0.0479455 0.0104514 0.00382887 0.00157068
 0.428149 0.535603 0.0272412 0.00593815 0.00306786
 0.905395 0.0406094 0.050573 0.00257218 0.00085037
 0.642167 0.324122 0.0144703 0.0180207 0.00121956
 0.64797 0.226604 0.11361 0.00507208 0.00674401
 0.763879 0.153312 0.0533044 0.0267247 0.00277952
 0.771135 0.175007 0.0349698 0.0121585 0.00672977
 0.3619 0.492693 0.111189 0.0222176 0.0120004
 0.769376 0.0836391 0.113491 0.025612 0.00788203
 0.666651 0.256639 0.0278197 0.0377488 0.0111407
 0.480132 0.346908 0.133159 0.0144344 0.0253666
 0.762778 0.114038 0.0822009 0.0315524 0.00943098
 0.723063 0.211383 0.0315132 0.0227154 0.0113254
 0.385367 0.444708 0.129702 0.019336 0.0208869
 0.470836 0.204223 0.235107 0.0685702 0.0212649
 0.873023 0.0598933 0.0258899 0.0298052 0.0113887
pobs_pel_tallas
 0 0 0 0 0 0 0 0 0 0 0 0 0 0 0 0 0 0 0 0 0 0 0 0 0 0
 0 0 0 0 0 0 0 0 0 0 0 0 0 0 0 0 0 0 0 0 0 0 0 0 0 0
 0 0 0 0 0 0 0 0 0 0 0 0 0 0 0 0 0 0 0 0 0 0 0 0 0 0
 0 0 0 0 0 0 0 0 0 0 0 0 0 0 0 0 0 0 0 0 0 0 0 0 0 0
 0 0 0 0 0 0 0 0 0 0 0 0 0 0 0 0 0 0 0 0 0 0 0 0 0 0
 0 0 0 0 0 0 0 0 0 0 0 0 0 0 0 0 0 0 0 0 0 0 0 0 0 0
 0 0 0 0 0 0 0 0 0 0 0 0 0 0 0 0 0 0 0 0 0 0 0 0 0 0
 0 0 0 0 0 0 0 0 0 0 0 0 0 0 0 0 0 0 0 0 0 0 0 0 0 0
 0 0 0 0 0 0 0 0 0 0 0 0 0 0 0 0 0 0 0 0 0 0 0 0 0 0
 0 0 0 0 0 0 0 0 0 0 0 0 0 0 0 0 0 0 0 0 0 0 0 0 0 0
 0 0 0 0 0 0 0 0 0 0 0 0 0 0 0 0 0 0 0 0 0 0 0 0 0 0
 0 0 0 0 0 0 0 0 0 0 0 0 0 0 0 0 0 0 0 0 0 0 0 0 0 0
 0.00862536 0 0 0.000197151 0.00414017 0.0128641 0.00837892 0.0270097 0.101434 0.158115 0.152841 0.127902 0.109271 0.109419 0.0830992 0.0579132 0.0238553 0.00714673 0.00463305 0.00128148 0.00103504 0.000492878 0.000147863 0.000147863 4.92878e-05 0
 0 0 0 0 0 0 0 0 0 0 0 0 0 0 0 0 0 0 0 0 0 0 0 0 0 0
 0 0 0 0 0 0 0 0.0054083 0.00873648 0.0413646 0.0450493 0.0745869 0.0622846 0.0627006 0.0613931 0.0827291 0.12552 0.122667 0.0946155 0.0697135 0.0546179 0.0294188 0.0215738 0.0213955 0.0102223 0.00600262
 0 0 0 0 0.00359764 0.0251062 0.0480494 0.140153 0.205849 0.193036 0.1447 0.116669 0.0760912 0.0342217 0.00950174 0.001854 0.000860785 0 0 0 0.000165536 0 0.000143464 0 0 0
 0 0 0 0 0 0 0 0.000145254 0.000435761 0.0275982 0.070085 0.0708112 0.156366 0.174668 0.174014 0.160142 0.0824315 0.0480064 0.0283245 0.00493863 0.00203355 0 0 0 0 0
 0 0 0 0 0 0 0 0 0 0 0 0 0 0 0 0 0 0 0 0 0 0 0 0 0 0
 0 0 1.00437e-05 0.000401748 0.00122533 0.00171747 0.00176769 0.0269171 0.070346 0.194647 0.189555 0.159765 0.064822 0.0314167 0.0384472 0.0292271 0.0345202 0.0313363 0.0194345 0.0106764 0.0143323 0.0359363 0.0279516 0.0138201 0.00172751 0
 0 0.0021121 0.0136068 0.0755702 0.200478 0.177729 0.0527432 0.0373336 0.0318909 0.0142505 0.0149659 0.0166563 0.0217959 0.0798694 0.0677717 0.0528807 0.04013 0.0224614 0.0357745 0.0225083 0.00881397 0.00855152 0.00135912 0.000746735 0 0
 0 0 0 0 5.4009e-05 0.00500934 0.000945158 0.0243581 0.138947 0.33067 0.221406 0.137944 0.0707744 0.0437923 0.0131692 0.00525238 0.0047753 0.00276346 9.45158e-05 9.00151e-06 2.25038e-05 9.00151e-06 4.50075e-06 0 0 0
 0.000866109 0.00284123 0.00948549 0.0512746 0.133035 0.25785 0.225252 0.132002 0.0553304 0.0519788 0.0540692 0.017754 0.00435017 0.00159236 0.00146478 0.000404838 0.000125132 0.000115318 0.000107957 0.000100596 0 0 0 0 0 0
 0 0 0 0 0.00144013 0.00171154 0.00461396 0.0210425 0.0478622 0.0707936 0.0888783 0.103762 0.0637923 0.0337046 0.0602308 0.124433 0.169614 0.0934646 0.0462172 0.0250306 0.0313229 0.00938855 0.002487 0.000210481 0 0
 0 0.00764035 0.051015 0.0998891 0.058973 0.0496711 0.0374665 0.0718981 0.12319 0.153886 0.159021 0.0857701 0.0377988 0.023471 0.0147837 0.00900784 0.00315554 0.000888139 0.00291439 0.00214683 0.00393193 0.00274676 0.000635225 9.99891e-05 0 0
 0 0 0 0 0 0 0 0 0 0 0 0 0 0 0 0 0 0 0 0 0 0 0 0 0 0
 0 0 0 0 0 0 0 0 0 0 0 0 0 0 0 0 0 0 0 0 0 0 0 0 0 0
 0 0 0 0 0 0 0 0 0 0 0 0 0 0 0 0 0 0 0 0 0 0 0 0 0 0
 0 0 0 0 0 0 0 0 0 0 0 0 0 0 0 0 0 0 0 0 0 0 0 0 0 0
 0 0 0 0 0 0 0 0 0 0 0 0 0 0 0 0 0 0 0 0 0 0 0 0 0 0
 0 0 0 0 0 0 0 0 0 0 0 0 0 0 0 0 0 0 0 0 0 0 0 0 0 0
 0 0 0 0 0 0 0 0 0 0 0 0 0 0 0 0 0 0 0 0 0 0 0 0 0 0
ppred_pel_tallas
 1.13955e-16 3.8434e-05 0.000373592 0.00248265 0.0112858 0.0351143 0.0748152 0.109197 0.109208 0.0748685 0.0352951 0.0118156 0.00384164 0.00343652 0.00613693 0.0108169 0.0172785 0.0252581 0.034377 0.0442465 0.0543198 0.0635359 0.0701915 0.0724176 0.0690922 0.0605564
 1.26151e-16 3.70368e-05 0.000360011 0.0023924 0.0108755 0.0338379 0.0720961 0.105232 0.105256 0.0722178 0.0342469 0.0120585 0.00536845 0.00687997 0.0124919 0.0207951 0.0304629 0.0394746 0.0459 0.0491154 0.0502683 0.0514572 0.0542076 0.0584133 0.062436 0.0641191
 1.21816e-16 4.8486e-05 0.000471301 0.00313196 0.0142374 0.0442981 0.0943824 0.137758 0.137776 0.0944705 0.0445943 0.0150951 0.00529242 0.00521316 0.0091308 0.0152241 0.0224228 0.0292796 0.0343876 0.0372118 0.038425 0.0393726 0.0410806 0.0435846 0.0459988 0.0471133
 1.08157e-16 6.39001e-05 0.000621132 0.00412764 0.0187637 0.0583808 0.124387 0.181549 0.181562 0.124449 0.0585908 0.019371 0.00565461 0.00396292 0.00643592 0.0106073 0.0154411 0.0197848 0.0225258 0.0231987 0.0222692 0.0207905 0.0197026 0.0193213 0.0193253 0.0191137
 1.05331e-16 5.60002e-05 0.000544342 0.00361735 0.0164439 0.0511633 0.10901 0.159108 0.159132 0.109127 0.0515569 0.0175809 0.0064721 0.00677908 0.0119054 0.0196164 0.0283094 0.0357255 0.0396066 0.0389306 0.0345204 0.028472 0.0228717 0.0188015 0.0162102 0.0144397
 1.03797e-16 6.34336e-05 0.000616597 0.0040975 0.0186267 0.0579545 0.123479 0.180224 0.180239 0.123553 0.058203 0.0193451 0.00590366 0.00456859 0.00759582 0.0125273 0.0182044 0.0232375 0.0262467 0.0265862 0.0246955 0.0217328 0.0188048 0.016416 0.0144654 0.0126133
 1.06359e-16 4.2605e-05 0.000414136 0.00275208 0.0125106 0.0389253 0.0829357 0.121055 0.12109 0.0831112 0.0395146 0.0142132 0.00702807 0.0097556 0.0178044 0.0294216 0.0425091 0.0537349 0.0597277 0.0589382 0.0525417 0.0435836 0.0350861 0.0286042 0.024076 0.0206246
 1.126e-16 3.96535e-05 0.000385446 0.00256143 0.0116439 0.0362286 0.0771899 0.112666 0.112693 0.0773181 0.0366598 0.0128926 0.00570803 0.00729519 0.0132822 0.0222089 0.032724 0.0426953 0.0499405 0.0534169 0.0537139 0.052368 0.0506092 0.0486156 0.0457559 0.0413881
 1.16065e-16 4.64176e-05 0.000451196 0.00299835 0.0136301 0.0424084 0.0903563 0.131882 0.131902 0.0904563 0.0427444 0.0146029 0.00544868 0.00582902 0.0103457 0.0172594 0.025408 0.0331381 0.0388148 0.0417591 0.0426216 0.0427884 0.0432972 0.0441491 0.0444649 0.0431973
 1.10361e-16 5.8851e-05 0.000572052 0.00380149 0.017281 0.0537678 0.114559 0.167205 0.16722 0.114635 0.0540243 0.018023 0.00566779 0.004659 0.0078591 0.0130028 0.0189749 0.024406 0.0279588 0.0290719 0.0282944 0.0268612 0.0258461 0.0255603 0.0255649 0.0251258
 1.03846e-16 6.77256e-05 0.000658317 0.00437475 0.019887 0.0618758 0.131833 0.192417 0.19243 0.131893 0.0620775 0.0204698 0.00583869 0.00385772 0.00615477 0.0100969 0.0146085 0.0185234 0.0207062 0.0206495 0.0187722 0.0161179 0.0136984 0.0119957 0.0109163 0.0100794
 1.02518e-16 6.25282e-05 0.000607796 0.00403902 0.0183608 0.0571274 0.121717 0.177653 0.177672 0.12181 0.0574408 0.019266 0.0063115 0.00556945 0.00948806 0.0155933 0.0224723 0.0282932 0.0312322 0.0304496 0.0265834 0.021304 0.0163026 0.0125019 0.00994527 0.00819687
 1.03209e-16 5.82819e-05 0.000566521 0.00376473 0.0171139 0.0532479 0.113451 0.16559 0.165611 0.113556 0.0536005 0.0181328 0.00632421 0.00616043 0.0107013 0.017649 0.0255344 0.0323512 0.036085 0.0357918 0.0321293 0.0268517 0.0217015 0.0175796 0.0144801 0.0119674
 1.04946e-16 5.40885e-05 0.000525759 0.00349386 0.0158826 0.0494167 0.105288 0.153676 0.1537 0.105403 0.0498031 0.0169996 0.0063011 0.00666514 0.0117467 0.0194199 0.0281713 0.0358495 0.0402879 0.0404762 0.0371211 0.0320791 0.0271469 0.0231792 0.0200584 0.0172537
 1.04678e-16 6.17811e-05 0.000600535 0.00399076 0.0181414 0.0564449 0.120262 0.17553 0.175546 0.12034 0.0567068 0.0188988 0.00589487 0.00476754 0.00800615 0.0132182 0.0192244 0.024575 0.0278306 0.0283264 0.0265364 0.0236783 0.0208949 0.0186724 0.0168464 0.0150055
 1.00964e-16 7.71139e-05 0.000749574 0.00498118 0.0226437 0.0704531 0.150108 0.219088 0.219093 0.150131 0.0705291 0.0228632 0.00553245 0.00195412 0.00236812 0.00380185 0.00549045 0.00694971 0.00774348 0.00767385 0.00689232 0.00578853 0.00474614 0.00395779 0.00340777 0.0029774
 1.02038e-16 3.52662e-05 0.0003428 0.00227803 0.0103556 0.0322205 0.068651 0.100209 0.100261 0.0689028 0.0330658 0.0127961 0.00840014 0.0136945 0.0253548 0.0417613 0.0599219 0.074862 0.0815352 0.0776157 0.0649099 0.0481918 0.0324326 0.0205553 0.0129914 0.00865614
 1.01872e-16 7.45762e-05 0.000724907 0.00481726 0.0218986 0.0681346 0.145168 0.211878 0.211882 0.145188 0.0682003 0.0220892 0.00529895 0.00178746 0.00212479 0.00347847 0.00519808 0.00694006 0.00839362 0.00939167 0.00996214 0.0102243 0.0102294 0.00990189 0.00912687 0.00788691
 1.02515e-16 5.28946e-05 0.000514154 0.00341674 0.015532 0.048326 0.102965 0.150287 0.150318 0.103117 0.0488376 0.017009 0.00712214 0.00859594 0.0153809 0.0252904 0.0363031 0.0453982 0.0495428 0.0473583 0.0399645 0.0302604 0.0212309 0.014579 0.0104664 0.00813237
 1.04987e-16 5.33725e-05 0.0005188 0.00344761 0.0156723 0.0487626 0.103895 0.151642 0.151664 0.104002 0.0491235 0.0167165 0.00607466 0.00627354 0.0110407 0.0183189 0.0267335 0.0343427 0.039173 0.0402654 0.038162 0.0343793 0.0303399 0.026653 0.0231777 0.019569
 1.04728e-16 6.29197e-05 0.000611602 0.00406431 0.0184758 0.0574851 0.122479 0.178764 0.178779 0.122551 0.0577287 0.0191802 0.00583536 0.00448733 0.00745184 0.0122946 0.0178821 0.0228655 0.0259137 0.0264214 0.0248444 0.0223255 0.0199234 0.0180649 0.0165527 0.0149556
 1.03413e-16 6.35174e-05 0.000617411 0.00410292 0.0186513 0.0580311 0.123642 0.180463 0.18048 0.123725 0.0583083 0.019452 0.00611385 0.00501056 0.00841661 0.0138397 0.0199924 0.0252743 0.0281003 0.0277468 0.0247739 0.0206213 0.0167152 0.0137843 0.0117867 0.0102883
 1.07594e-16 2.98094e-05 0.000289758 0.00192554 0.00875327 0.0272349 0.0580287 0.0847045 0.0847521 0.0582611 0.0280155 0.0110086 0.00758992 0.0126661 0.0235668 0.0389977 0.056372 0.0713031 0.079322 0.078352 0.0699027 0.0579502 0.0464558 0.0374843 0.0310202 0.0260135
 1.07199e-16 6.33725e-05 0.000616003 0.00409356 0.0186087 0.0578987 0.12336 0.180049 0.180057 0.1234 0.0580344 0.0190029 0.00509119 0.00282079 0.0043299 0.00726558 0.010947 0.0147888 0.0182182 0.0209489 0.023065 0.0247778 0.0260794 0.0266286 0.0259714 0.0238844
 1.0654e-16 5.49112e-05 0.000533757 0.003547 0.0161242 0.0501684 0.10689 0.156014 0.156039 0.107011 0.0505743 0.0172964 0.0064895 0.00695801 0.0122586 0.020189 0.0291074 0.036683 0.0405982 0.0398355 0.0353068 0.0292457 0.0238471 0.0202031 0.0181558 0.0168687
 1.09672e-16 3.95479e-05 0.00038442 0.00255461 0.0116129 0.0361322 0.0769847 0.112368 0.112402 0.0771488 0.0366836 0.0132073 0.00656328 0.00915719 0.0167647 0.0278208 0.0404665 0.0517136 0.0585212 0.0594668 0.0555245 0.0492489 0.0430694 0.0380739 0.0340064 0.0300845
 1.07162e-16 6.2829e-05 0.000610721 0.00405845 0.0184491 0.0574022 0.122302 0.178505 0.178517 0.122356 0.0575849 0.0189784 0.00539245 0.00354159 0.00568453 0.00944448 0.0139446 0.0182688 0.0215224 0.0232998 0.0238775 0.0239059 0.0238612 0.0237254 0.0231041 0.0216005
 1.05159e-16 5.95578e-05 0.000578923 0.00384715 0.0174886 0.0544136 0.115935 0.169214 0.169235 0.116034 0.0547481 0.0184548 0.00627316 0.00587707 0.0101284 0.016669 0.0240548 0.0303613 0.0336793 0.0331585 0.0295215 0.0245681 0.0200706 0.0169178 0.0150065 0.0137056
 1.09331e-16 3.17423e-05 0.000308547 0.0020504 0.00932086 0.0290009 0.061791 0.0901948 0.0902378 0.062001 0.0297064 0.0113599 0.00717404 0.0115109 0.0213585 0.0353942 0.0512988 0.0651719 0.0730381 0.0730463 0.0665139 0.0569007 0.04759 0.040247 0.0347206 0.0300318
 1.17313e-16 3.87821e-05 0.000376976 0.00250514 0.011388 0.0354325 0.0754933 0.110189 0.110209 0.0755914 0.0357626 0.012346 0.00492678 0.00571959 0.0103509 0.0174858 0.0262084 0.0351164 0.0427709 0.0484876 0.0525858 0.0557968 0.0583625 0.0596566 0.0586222 0.054577
 1.05679e-16 7.19097e-05 0.000698988 0.00464502 0.0211156 0.0656985 0.139978 0.204303 0.204309 0.140006 0.0657941 0.0213921 0.00534107 0.00222551 0.00299236 0.00489094 0.00717957 0.00933908 0.0109073 0.0117125 0.0119782 0.0121456 0.0125449 0.0131748 0.0137323 0.0138239
pSPR Fmed_Fpbrs
0.710715   0.6 0.325
Fs Fmed_Fpbrs
0.17454   0.268559 0.651034
SSBpbr Bo_Bmed_Bpbrs
2.23871e+06  1.47915e+06  1.23129e+06 615645
Ro
214207
SPR SPRFo_SPRFmed_SPRFpbrs
1.5253e+06 1.08405e+06 495722
Fref
0.268559
log_Ro
12.0947
likeval ReclasPelacesDesembMPH_pf_preclas_ppelaces_ptallas_desvR_qrecl_qpela
 15.5279 17.0185 0.0906672 0.000810336 229.255 122.33 82.0176 0 23.3778 6.65787e-06 1.5251e-06 0.461495 1.26449e-15 0 0
q_reclas_q_pelaces
0.693754 0.838873
M
1
N
 229673 52897.6 201425 11158.4 0.347834
 133031 77610.4 17637 67158.6 3720.51
 130749 41986.6 23909.9 5433.54 21836.2
 236318 41455.8 13003.7 7405.19 8445.75
 188633 69674.2 11802.9 3702.32 4512.95
 311012 64407.7 23511.6 3982.9 2772.24
 131300 98524.3 19927.7 7274.45 2090.04
 62179.1 35018 24976.3 5051.74 2373.93
 56846.4 21759.4 12158.2 8671.71 2578.18
 73753 17207.5 6386.99 3568.77 3302.16
 134986 21069.5 4723.47 1753.24 1886.08
 171616 46570 7195.65 1613.16 1242.9
 143778 46865.2 12133.3 1874.75 744.115
 101995 40089.8 12508.3 3238.37 698.973
 105183 24023 8800.87 2745.93 864.362
 543605 28792.9 6276.39 2299.36 943.244
 120931 154643 7865.28 1714.51 885.776
 819792 37613.7 46842.4 2382.44 787.64
 486290 253609 11322.3 14100.3 954.243
 387309 139349 69864 3119.05 4147.2
 559348 114706 39881.6 19995 2079.6
 748391 174574 34883.3 12128.4 6713.12
 161351 223241 50379.8 10066.8 5437.41
 475987 52472.1 71199.8 16068 4944.89
 403086 157403 17062.5 23152.3 6832.84
 181954 132991 51048.1 5533.61 9724.59
 404373 61295.7 44183.3 16959.6 5069.19
 452692 133874 19958.1 14386.2 7172.63
 130636 152522 44483.8 6631.68 7163.59
 99674.4 43959.8 50607.7 14760 4577.36
 466417 32287.2 13956.7 16067.4 6139.4
pred_Ctot
 11907 3157.69 12024 666.093 0.0207638
 12096.9 8091.38 1838.77 7001.71 387.887
 11556.2 4255.85 2423.56 550.755 2213.36
 30201.5 6049.1 1897.47 1080.54 1232.38
 8620.78 3668.84 621.508 194.953 237.639
 27640.1 6564.14 2396.19 405.92 282.534
 23430.8 19956.3 4036.38 1473.45 423.34
 1923.84 1250.34 891.798 180.376 84.7632
 6468.54 2831.49 1582.11 1128.43 335.492
 10634.1 2827.44 1049.47 586.4 542.593
 5335.25 960.142 215.249 79.8953 85.9489
 28639.3 8833.22 1364.84 305.978 235.748
 22501.2 8346.38 2160.86 333.881 132.522
 24045.9 10653.5 3323.95 860.565 185.745
 17428.1 4524.78 1657.66 517.201 162.804
 79549.7 4800.52 1046.44 383.364 157.264
 11974.7 17540.7 892.132 194.471 100.471
 83608.3 4392.73 5470.5 278.234 91.9848
 69349.3 41223.8 1840.42 2291.98 155.11
 48579.1 19961.3 10007.8 446.794 594.072
 54331.5 12765.4 4438.34 2225.21 231.434
 91025.1 24260.1 4847.64 1685.45 932.904
 11951.5 18993.8 4286.42 856.508 462.626
 30684 3889.47 5277.66 1191.04 366.538
 26517.2 11904.9 1290.49 1751.08 516.789
 9763.5 8215.27 3153.39 341.828 600.717
 25800.7 4497.33 3241.77 1244.34 371.931
 24254.3 8257.37 1231.02 887.344 442.408
 7093.7 9533.83 2780.6 414.534 447.782
 7606.31 3852.36 4434.94 1293.48 401.131
 19667.7 1569.29 678.352 780.937 298.399
F
 0.0849558 0.0983614 0.0983614 0.0983614 0.0983614
 0.153228 0.177407 0.177407 0.177407 0.177407
 0.148656 0.172113 0.172113 0.172113 0.172113
 0.22135 0.256278 0.256278 0.256278 0.256278
 0.0745712 0.0863381 0.0863381 0.0863381 0.0863381
 0.149529 0.173124 0.173124 0.173124 0.173124
 0.321625 0.372376 0.372376 0.372376 0.372376
 0.0499751 0.0578609 0.0578609 0.0578609 0.0578609
 0.19501 0.225781 0.225781 0.225781 0.225781
 0.252894 0.2928 0.2928 0.2928 0.2928
 0.0642173 0.0743505 0.0743505 0.0743505 0.0743505
 0.297981 0.345001 0.345001 0.345001 0.345001
 0.277152 0.320885 0.320885 0.320885 0.320885
 0.445908 0.51627 0.51627 0.51627 0.51627
 0.295578 0.342219 0.342219 0.342219 0.342219
 0.2571 0.297669 0.297669 0.297669 0.297669
 0.167849 0.194334 0.194334 0.194334 0.194334
 0.173255 0.200593 0.200593 0.200593 0.200593
 0.249824 0.289245 0.289245 0.289245 0.289245
 0.216848 0.251066 0.251066 0.251066 0.251066
 0.164421 0.190365 0.190365 0.190365 0.190365
 0.209675 0.24276 0.24276 0.24276 0.24276
 0.123303 0.14276 0.14276 0.14276 0.14276
 0.106579 0.123397 0.123397 0.123397 0.123397
 0.108866 0.126044 0.126044 0.126044 0.126044
 0.088043 0.101936 0.101936 0.101936 0.101936
 0.105439 0.122076 0.122076 0.122076 0.122076
 0.0879048 0.101776 0.101776 0.101776 0.101776
 0.0891369 0.103202 0.103202 0.103202 0.103202
 0.127237 0.147314 0.147314 0.147314 0.147314
 0.068637 0.0794676 0.0794676 0.0794676 0.0794676
nmprior
 8 9 7.5 0
nm_flota  nm_reclas  nm_pelaces    nm_pelaL
inf 12.4281 15.6462 27.1201
cv_recla  cv_pelaces  cv_mph
0.356436 0.485428 0.878492
 ------------------------------------------------
Talla a la edad & desviación 
 8 13.2811 15.8009 17.003 17.5766
 0.8 1.32811 1.58009 1.7003 1.75766
