years
 1991 1992 1993 1994 1995 1996 1997 1998 1999 2000 2001 2002 2003 2004 2005 2006 2007 2008 2009 2010 2011 2012 2013 2014 2015 2016 2017 2018 2019 2020 2021
reclasobs
 0 0 0 0 0 0 0 0 0 252601 567819 844713 477998 351125 339783 2.1784e+06 2.13404e+06 4.81314e+06 1.55562e+06 2.62356e+06 3.21686e+06 3.843e+06 1.13348e+06 3.07943e+06 1.97215e+06 2.03268e+06 2.025e+06 2.42433e+06 2.27542e+06 1.05018e+06 2.36338e+06
reclaspred
 2.45526e+06 1.33291e+06 654769 445225 327000 939369 446348 323411 253971 218083 384231 551973 536205 385140 366638 1.29359e+06 1.11385e+06 2.87012e+06 2.33715e+06 1.66544e+06 2.99143e+06 2.4511e+06 1.77261e+06 2.8415e+06 2.05941e+06 1.71146e+06 2.18256e+06 2.52749e+06 1.97309e+06 1.05647e+06 1.22708e+06
pelacesobs
 0 0 0 0 0 0 0 0 0 0 0 0 0 0 0 552880 188675 0 991730 2.46772e+06 1.41603e+06 1.21717e+06 2.29649e+06 1.80582e+06 0 1.4828e+06 1.56532e+06 1.57751e+06 1.42118e+06 867257 0
pelacespred
 1.09074e+06 642420 307642 161702 132379 407667 149101 158455 104571 87487.6 174004 212421 229262 167842 164969 505837 438504 1.33216e+06 1.09543e+06 722680 1.28359e+06 1.11225e+06 808399 1.43913e+06 996836 827235 1.21022e+06 1.37478e+06 886907 546171 585987
mphobs
 0 0 0 0 0 0 0 0 0 0 0 498337 0 5186 125008 0 168611 109162 213762 579715 649985 157893 87575 83554 0 0 0 0 0 0 0
mphpred
 2.13334e+06 1.3676e+06 653351 336875 211691 196369 477476 197783 157927 105883 91799.5 260394 294944 234940 138275 172330 844520 687758 1.63062e+06 1.18674e+06 1.21271e+06 1.54419e+06 1.47612e+06 1.09743e+06 1.60767e+06 1.27022e+06 977147 1.14246e+06 1.75576e+06 1.09037e+06 489154
desembarqueobs
 494567 514787 250237 358949 120608 361735 552515 73892 212993 205616 52469 317467 293654 387597 252695 516296 358380 742168 942051 627588 828172 859565 418607 520667 417249 300574 407403 355545 319650 289779 219260
desembarquepred
 494551 514576 249966 358971 120604 361654 552228 73890.9 212962 205584 52469.4 317448 293622 387444 252620 516149 358369 741962 941569 627266 828111 859369 418560 520641 417197 300536 407354 355493 319607 289745 219256
Reclutas
 147526 97888.5 86571.8 72161.6 56397 228689 58936.8 20538.1 32382 55315.4 95548.6 133276 105657 72970.5 67002.2 453752 60629.3 703111 371667 278288 435464 576014 84297.9 343287 263475 107010 293043 346828 66040.8 44282.3 195156
log_desv_Rt
 0.121757 -0.288416 -0.41127 -0.593337 -0.839829 0.560118 -0.795779 -1.84996 -1.39464 -0.859194 -0.31261 0.020181 -0.212045 -0.582189 -0.66752 1.24531 -0.767466 1.68327 1.04575 0.75641 1.20417 1.48389 -0.437887 0.966323 0.701712 -0.199322 0.808073 0.976584 -0.681972 -1.08166 0.401557
SSB
 2.13334e+06 1.3676e+06 653351 336875 211691 196369 477476 197783 157927 105883 91799.5 260394 294944 234940 138275 172330 844520 687758 1.63062e+06 1.18674e+06 1.21271e+06 1.54419e+06 1.47612e+06 1.09743e+06 1.60767e+06 1.27022e+06 977147 1.14246e+06 1.75576e+06 1.09037e+06 489154
BT
 2.94043e+06 1.9899e+06 953725 674601 405767 1.2555e+06 826043 432500 448202 396016 445240 752056 793456 788108 634119 1.58128e+06 1.29231e+06 3.73366e+06 3.42645e+06 2.23872e+06 3.6311e+06 3.37021e+06 2.22947e+06 3.80611e+06 2.691e+06 2.17747e+06 3.21066e+06 3.52822e+06 2.31155e+06 1.55374e+06 1.55086e+06
Ftot
 0.204674 0.384538 0.38615 0.830212 0.404082 0.498138 1.17071 0.250886 0.939924 1.07524 0.18065 0.662022 0.617895 1.11149 0.841674 0.538511 0.332157 0.333296 0.444637 0.416952 0.322085 0.401629 0.242384 0.223666 0.221211 0.187522 0.226913 0.174324 0.161996 0.274695 0.221558
BD_Bspro_t
 0.96796 0.780369 0.576071 0.452477 0.329675 0.37401 0.488599 0.247577 0.267312 0.232277 0.255406 0.569841 0.467237 0.370233 0.251678 0.300195 0.560017 0.498036 0.639604 0.533819 0.495097 0.552661 0.571725 0.540109 0.660707 0.661502 0.6563 0.71418 0.7792 0.689288 0.58898
BD_Bspro
 2.29378 1.47045 0.702486 0.36221 0.227611 0.211137 0.513384 0.212657 0.169804 0.113846 0.0987032 0.279977 0.317125 0.252608 0.148674 0.185289 0.908032 0.73948 1.75325 1.27599 1.30392 1.66032 1.58713 1.17996 1.72858 1.36575 1.05063 1.22838 1.8878 1.17237 0.525941
BD_Bo
 1.28874 0.82616 0.394685 0.203504 0.127881 0.118625 0.28844 0.119479 0.0954025 0.0639633 0.0554554 0.157302 0.178174 0.141926 0.083531 0.104103 0.510169 0.41547 0.985047 0.716901 0.732592 0.932835 0.891716 0.662947 0.971184 0.767334 0.590288 0.690151 1.06064 0.658685 0.295495
BD_Brms
 6.49481 4.16357 1.98908 1.02559 0.644477 0.597831 1.45364 0.602135 0.480796 0.322353 0.279477 0.792751 0.897935 0.715257 0.420968 0.524644 2.57108 2.09383 4.9643 3.61294 3.69202 4.70117 4.49395 3.34103 4.89444 3.8671 2.97485 3.47813 5.34527 3.31955 1.48919
Sel_flota
 0.650142 0.972458 0.998512 0.999922 0.999996
 0.650142 0.972458 0.998512 0.999922 0.999996
 0.650142 0.972458 0.998512 0.999922 0.999996
 0.650142 0.972458 0.998512 0.999922 0.999996
 0.650142 0.972458 0.998512 0.999922 0.999996
 0.650142 0.972458 0.998512 0.999922 0.999996
 0.650142 0.972458 0.998512 0.999922 0.999996
 0.650142 0.972458 0.998512 0.999922 0.999996
 0.650142 0.972458 0.998512 0.999922 0.999996
 0.650142 0.972458 0.998512 0.999922 0.999996
 0.650142 0.972458 0.998512 0.999922 0.999996
 0.650142 0.972458 0.998512 0.999922 0.999996
 0.650142 0.972458 0.998512 0.999922 0.999996
 0.650142 0.972458 0.998512 0.999922 0.999996
 0.650142 0.972458 0.998512 0.999922 0.999996
 0.650142 0.972458 0.998512 0.999922 0.999996
 0.650142 0.972458 0.998512 0.999922 0.999996
 0.650142 0.972458 0.998512 0.999922 0.999996
 0.650142 0.972458 0.998512 0.999922 0.999996
 0.650142 0.972458 0.998512 0.999922 0.999996
 0.650142 0.972458 0.998512 0.999922 0.999996
 0.650142 0.972458 0.998512 0.999922 0.999996
 0.650142 0.972458 0.998512 0.999922 0.999996
 0.650142 0.972458 0.998512 0.999922 0.999996
 0.650142 0.972458 0.998512 0.999922 0.999996
 0.650142 0.972458 0.998512 0.999922 0.999996
 0.650142 0.972458 0.998512 0.999922 0.999996
 0.650142 0.972458 0.998512 0.999922 0.999996
 0.650142 0.972458 0.998512 0.999922 0.999996
 0.650142 0.972458 0.998512 0.999922 0.999996
 0.650142 0.972458 0.998512 0.999922 0.999996
Sel_reclas
 1 1 1 1 1
 1 1 1 1 1
 1 1 1 1 1
 1 1 1 1 1
 1 1 1 1 1
 1 1 1 1 1
 1 1 1 1 1
 1 1 1 1 1
 1 1 1 1 1
 1 1 1 1 1
 1 1 1 1 1
 1 1 1 1 1
 1 1 1 1 1
 1 1 1 1 1
 1 1 1 1 1
 1 1 1 1 1
 1 1 1 1 1
 1 1 1 1 1
 1 1 1 1 1
 1 1 1 1 1
 1 1 1 1 1
 1 1 1 1 1
 1 1 1 1 1
 1 1 1 1 1
 1 1 1 1 1
 1 1 1 1 1
 1 1 1 1 1
 1 1 1 1 1
 1 1 1 1 1
 1 1 1 1 1
 1 1 1 1 1
Sel_pelaces
 1 1 1 1 1
 1 1 1 1 1
 1 1 1 1 1
 1 1 1 1 1
 1 1 1 1 1
 1 1 1 1 1
 1 1 1 1 1
 1 1 1 1 1
 1 1 1 1 1
 1 1 1 1 1
 1 1 1 1 1
 1 1 1 1 1
 1 1 1 1 1
 1 1 1 1 1
 1 1 1 1 1
 1 1 1 1 1
 1 1 1 1 1
 1 1 1 1 1
 1 1 1 1 1
 1 1 1 1 1
 1 1 1 1 1
 1 1 1 1 1
 1 1 1 1 1
 1 1 1 1 1
 1 1 1 1 1
 1 1 1 1 1
 1 1 1 1 1
 1 1 1 1 1
 1 1 1 1 1
 1 1 1 1 1
 1 1 1 1 1
pf_obs 
 0.8446 0.082 0.0669 0.0065 0
 0.8095 0.147 0.0364 0.0071 0
 0.9664 0.0169 0.016 0.0007 0
 0.9276 0.0648 0.0075 0.0001 0
 0.7033 0.2144 0.0806 0.0017 0
 0.9318 0.0425 0.0243 0.0014 0
 0.5671 0.3108 0.0964 0.0239 0.0018
 0.0768 0.2599 0.5324 0.112 0.0189
 0.490249 0.384438 0.106611 0.0170017 0.00170017
 0.7925 0.1577 0.0466 0.003 0.0002
 0.840416 0.127587 0.0312969 0.00059994 9.999e-05
 0.8084 0.0986 0.0794 0.0134 0.0002
 0.7335 0.1905 0.0724 0.0035 0.0001
 0.4001 0.4547 0.1325 0.0127 0
 0.49795 0.308269 0.164784 0.0264974 0.00249975
 0.9179 0.0499 0.0305 0.0017 0
 0.2467 0.6533 0.0926 0.0074 0
 0.9418 0.0223 0.034 0.0019 0
 0.707729 0.231977 0.0356964 0.0245975 0
 0.517169 0.277429 0.184464 0.0207286 0.00020938
 0.811772 0.124168 0.05621 0.00726502 0.000585176
 0.764997 0.148141 0.077277 0.00933861 0.000247198
 0.163321 0.427699 0.378323 0.0303852 0.000271297
 0.753843 0.0900009 0.118128 0.0371064 0.000921714
 0.721811 0.176058 0.0630433 0.0369309 0.00215725
 0.143369 0.312575 0.442814 0.0836902 0.0175525
 0.692698 0.0596174 0.167031 0.0765114 0.00414204
 0.394062 0.376323 0.152708 0.0712218 0.00568511
 0.125707 0.32114 0.495352 0.0537591 0.00404204
 0.23352 0.215282 0.420074 0.123614 0.00750983
 0 0 0 0 0
pf_pred 
 0.411703 0.18452 0.369939 0.0338378 8.75431e-07
 0.429481 0.296938 0.0874996 0.170509 0.0155729
 0.542242 0.250188 0.109717 0.0313324 0.066521
 0.584705 0.272228 0.0793414 0.0337121 0.0300141
 0.646155 0.251966 0.0676997 0.0189733 0.0152063
 0.883666 0.0866583 0.021327 0.0055512 0.00279776
 0.405878 0.549921 0.0332097 0.00790282 0.00308808
 0.440235 0.314345 0.227926 0.013152 0.00434192
 0.674666 0.17934 0.0830446 0.0584686 0.00448046
 0.836294 0.129404 0.0192688 0.00855987 0.00647401
 0.85393 0.132049 0.0111855 0.00159445 0.00124104
 0.735255 0.237991 0.024251 0.00199715 0.000505491
 0.663049 0.27748 0.0536558 0.00527281 0.000543073
 0.619986 0.291556 0.073301 0.0136773 0.00147967
 0.740912 0.195182 0.0495385 0.0119108 0.00245695
 0.949908 0.0417744 0.00632715 0.00154376 0.000446782
 0.258356 0.718482 0.0194254 0.00284396 0.000893071
 0.905775 0.0331853 0.0591893 0.00155226 0.000298129
 0.542184 0.42974 0.0100851 0.0174467 0.000544521
 0.556233 0.290456 0.144201 0.00327624 0.00583446
 0.721848 0.185739 0.0611517 0.0294072 0.00185468
 0.714674 0.229182 0.0378736 0.0120967 0.00617398
 0.221682 0.622091 0.126271 0.0202185 0.00973683
 0.731045 0.0819581 0.150332 0.0296435 0.00702125
 0.573126 0.345205 0.0253907 0.0452577 0.0110209
 0.370141 0.423771 0.167596 0.0119797 0.0265121
 0.732552 0.126513 0.0956973 0.0367995 0.00843858
 0.673597 0.264111 0.0299199 0.0219924 0.0103802
 0.230801 0.582965 0.151507 0.0166925 0.0180336
 0.304963 0.217398 0.36443 0.0921252 0.0210834
 0.80088 0.0812635 0.0376243 0.0612391 0.0189933
pobs_RECLAS
 0 0 0 0 0
 0 0 0 0 0
 0 0 0 0 0
 0 0 0 0 0
 0 0 0 0 0
 0 0 0 0 0
 0 0 0 0 0
 0 0 0 0 0
 0 0 0 0 0
 0 0 0 0 0
 0.991045 0.00858322 0.000360255 1.14367e-05 0
 0.934742 0.0480273 0.0164251 0.00080598 0
 0.827803 0.169806 0.00239088 0 0
 0.941827 0.0461693 0.0120037 0 0
 0.791401 0.0380133 0.147996 0.0225897 0
 0.846168 0.0940531 0.0597789 0 0
 0.134021 0.677848 0.182769 0.00536245 0
 0.80878 0.0450904 0.141981 0.00414843 0
 0.846168 0.0940531 0.0597789 0 0
 0.905697 0.0802665 0.012482 0.00150086 5.37128e-05
 0.989698 0.0102097 9.19794e-05 0 0
 0.975433 0.0193895 0.00387452 0.00125025 5.28907e-05
 0.303575 0.632131 0.0575291 0.00676475 0
 0.966965 0.00978017 0.0227588 0.000495775 0
 0.843318 0.132988 0.00938335 0.0141283 0.000182051
 0.564624 0.303363 0.111486 0.0197234 0.00080311
 0.826376 0.0876187 0.0782897 0.00655872 0.00115652
 0.89761 0.0855135 0.0140674 0.00269457 0.000114338
 0.34875 0.467042 0.161289 0.0227151 0.000203297
 0.318654 0.224769 0.449479 0.00709798 0
 0.937255 0.0296025 0.0250945 0.00804832 0
ppred_RECLAS
 0.517613 0.154127 0.300786 0.0274729 7.10708e-07
 0.536295 0.244647 0.0701317 0.136463 0.0124625
 0.645193 0.196403 0.0837889 0.0238928 0.0507222
 0.687993 0.206644 0.0584734 0.0248061 0.0220832
 0.736303 0.189285 0.0494725 0.0138445 0.011095
 0.920971 0.059293 0.0141894 0.00368784 0.0018585
 0.520405 0.444956 0.0260367 0.00618544 0.00241679
 0.545421 0.258316 0.182292 0.0105036 0.00346733
 0.766395 0.130554 0.0586587 0.0412328 0.00315942
 0.890048 0.0874845 0.0126299 0.00560139 0.00423608
 0.898112 0.0923459 0.00761479 0.0010839 0.000843591
 0.810502 0.17084 0.0169156 0.00139092 0.000352022
 0.751862 0.205366 0.0385951 0.003787 0.000390011
 0.721709 0.215061 0.0524103 0.00976302 0.00105611
 0.817128 0.138776 0.0341946 0.00820855 0.00169312
 0.966751 0.0278581 0.00410222 0.000999394 0.000289213
 0.345244 0.634847 0.0167008 0.00244149 0.000766629
 0.936701 0.0226909 0.0393788 0.00103121 0.000198041
 0.6432 0.335501 0.00765777 0.0132279 0.000412819
 0.657593 0.226254 0.109261 0.00247873 0.00441389
 0.79836 0.135886 0.0435321 0.0209036 0.00131827
 0.792523 0.167565 0.0269369 0.00859084 0.00438431
 0.30149 0.561343 0.110897 0.0177311 0.00853832
 0.806653 0.0600426 0.107198 0.0211075 0.00499906
 0.670269 0.268064 0.0191913 0.0341584 0.00831744
 0.47141 0.358785 0.138128 0.00985912 0.0218174
 0.807165 0.0925407 0.0681334 0.0261623 0.00599887
 0.757235 0.197462 0.0217764 0.0159836 0.00754352
 0.312204 0.52467 0.132746 0.0146045 0.0157766
 0.402875 0.190323 0.31049 0.0783757 0.0179354
 0.8603 0.0579609 0.0261202 0.0424532 0.0131659
pobs_PELACES
 0 0 0 0 0
 0 0 0 0 0
 0 0 0 0 0
 0 0 0 0 0
 0 0 0 0 0
 0 0 0 0 0
 0 0 0 0 0
 0 0 0 0 0
 0 0 0 0 0
 0 0 0 0 0
 0 0 0 0 0
 0 0 0 0 0
 0 0 0 0 0
 0 0 0 0 0
 0 0 0 0 0
 0 0 0 0 0
 0.505614 0.472636 0.0217494 0 0
 0 0 0 0 0
 0.443492 0.261883 0.143347 0.151278 0
 0.227955 0.32914 0.350689 0.0885471 0.00366901
 0.970185 0.0296113 0.000203453 0 0
 0.997202 0.00247181 0.000326279 0 0
 0.445219 0.490057 0.0546422 0.010081 0
 0.90214 0.0892962 0.00764917 0.000914606 0
 0 0 0 0 0
 0.581667 0.319106 0.0959925 0.00289975 0.000334073
 0.762889 0.0836404 0.116647 0.0363945 0.000428098
 0.88444 0.0763242 0.0277011 0.0115352 0
 0.521256 0.241999 0.230069 0.00667565 0
 0.616807 0.101726 0.260614 0.0208532 0
 0 0 0 0 0
ppred_PELACES
 0.523347 0.152479 0.297045 0.0271286 7.01799e-07
 0.546851 0.239465 0.0684196 0.133108 0.012156
 0.654882 0.19133 0.0813543 0.0231943 0.0492391
 0.707138 0.194443 0.0546296 0.0231664 0.0206231
 0.744752 0.183403 0.0477688 0.0133652 0.0107108
 0.924818 0.0564681 0.0134556 0.00349632 0.00176196
 0.551547 0.416369 0.02412 0.00572696 0.00223759
 0.55226 0.254667 0.17933 0.0103317 0.00341057
 0.784431 0.120914 0.0538898 0.0378641 0.00290122
 0.900923 0.0789836 0.0112977 0.00500806 0.00378727
 0.89987 0.0907658 0.00747287 0.00106361 0.000827796
 0.821164 0.161318 0.0158822 0.00130554 0.000330409
 0.764085 0.195429 0.036533 0.00358364 0.000369062
 0.745236 0.19731 0.0476271 0.00886742 0.000959205
 0.830376 0.128949 0.0315442 0.00756935 0.00156124
 0.968567 0.0263567 0.0038632 0.000940928 0.00027229
 0.353293 0.627097 0.0164498 0.00240444 0.000754988
 0.938876 0.0219515 0.0379865 0.000994598 0.000191007
 0.654032 0.325392 0.00739871 0.0127777 0.000398766
 0.667778 0.219791 0.10576 0.00239885 0.0042716
 0.803963 0.132232 0.0422442 0.0202821 0.00127906
 0.799567 0.161985 0.02595 0.00827458 0.00422286
 0.307035 0.557118 0.109833 0.017559 0.0084554
 0.810542 0.0589137 0.10498 0.0206687 0.00489511
 0.675529 0.263885 0.0188562 0.0335586 0.00817133
 0.476514 0.355507 0.136645 0.00975246 0.0215813
 0.811052 0.0907689 0.0666987 0.0256087 0.0058719
 0.76068 0.194716 0.0214414 0.0157365 0.00742684
 0.315988 0.521957 0.131876 0.0145077 0.015672
 0.410318 0.188258 0.306396 0.0773323 0.0176965
 0.863244 0.0568047 0.0255505 0.041523 0.0128773
pobs_pel_tallas
 0 0 0 0 0 0 0 0 0 0 0 0 0 0 0 0 0 0 0 0 0 0 0 0 0 0
 0 0 0 0 0 0 0 0 0 0 0 0 0 0 0 0 0 0 0 0 0 0 0 0 0 0
 0 0 0 0 0 0 0 0 0 0 0 0 0 0 0 0 0 0 0 0 0 0 0 0 0 0
 0 0 0 0 0 0 0 0 0 0 0 0 0 0 0 0 0 0 0 0 0 0 0 0 0 0
 0 0 0 0 0 0 0 0 0 0 0 0 0 0 0 0 0 0 0 0 0 0 0 0 0 0
 0 0 0 0 0 0 0 0 0 0 0 0 0 0 0 0 0 0 0 0 0 0 0 0 0 0
 0 0 0 0 0 0 0 0 0 0 0 0 0 0 0 0 0 0 0 0 0 0 0 0 0 0
 0 0 0 0 0 0 0 0 0 0 0 0 0 0 0 0 0 0 0 0 0 0 0 0 0 0
 0 0 0 0 0 0 0 0 0 0 0 0 0 0 0 0 0 0 0 0 0 0 0 0 0 0
 0 0 0 0 0 0 0 0 0 0 0 0 0 0 0 0 0 0 0 0 0 0 0 0 0 0
 0 0 0 0 0 0 0 0 0 0 0 0 0 0 0 0 0 0 0 0 0 0 0 0 0 0
 0 0 0 0 0 0 0 0 0 0 0 0 0 0 0 0 0 0 0 0 0 0 0 0 0 0
 0.00862536 0 0 0.000197151 0.00414017 0.0128641 0.00837892 0.0270097 0.101434 0.158115 0.152841 0.127902 0.109271 0.109419 0.0830992 0.0579132 0.0238553 0.00714673 0.00463305 0.00128148 0.00103504 0.000492878 0.000147863 0.000147863 4.92878e-05 0
 0 0 0 0 0 0 0 0 0 0 0 0 0 0 0 0 0 0 0 0 0 0 0 0 0 0
 0 0 0 0 0 0 0 0.0054083 0.00873648 0.0413646 0.0450493 0.0745869 0.0622846 0.0627006 0.0613931 0.0827291 0.12552 0.122667 0.0946155 0.0697135 0.0546179 0.0294188 0.0215738 0.0213955 0.0102223 0.00600262
 0 0 0 0 0.00359764 0.0251062 0.0480494 0.140153 0.205849 0.193036 0.1447 0.116669 0.0760912 0.0342217 0.00950174 0.001854 0.000860785 0 0 0 0.000165536 0 0.000143464 0 0 0
 0 0 0 0 0 0 0 0.000145254 0.000435761 0.0275982 0.070085 0.0708112 0.156366 0.174668 0.174014 0.160142 0.0824315 0.0480064 0.0283245 0.00493863 0.00203355 0 0 0 0 0
 0 0 0 0 0 0 0 0 0 0 0 0 0 0 0 0 0 0 0 0 0 0 0 0 0 0
 0 0 1.00437e-05 0.000401748 0.00122533 0.00171747 0.00176769 0.0269171 0.070346 0.194647 0.189555 0.159765 0.064822 0.0314167 0.0384472 0.0292271 0.0345202 0.0313363 0.0194345 0.0106764 0.0143323 0.0359363 0.0279516 0.0138201 0.00172751 0
 0 0.0021121 0.0136068 0.0755702 0.200478 0.177729 0.0527432 0.0373336 0.0318909 0.0142505 0.0149659 0.0166563 0.0217959 0.0798694 0.0677717 0.0528807 0.04013 0.0224614 0.0357745 0.0225083 0.00881397 0.00855152 0.00135912 0.000746735 0 0
 0 0 0 0 5.4009e-05 0.00500934 0.000945158 0.0243581 0.138947 0.33067 0.221406 0.137944 0.0707744 0.0437923 0.0131692 0.00525238 0.0047753 0.00276346 9.45158e-05 9.00151e-06 2.25038e-05 9.00151e-06 4.50075e-06 0 0 0
 0.000866109 0.00284123 0.00948549 0.0512746 0.133035 0.25785 0.225252 0.132002 0.0553304 0.0519788 0.0540692 0.017754 0.00435017 0.00159236 0.00146478 0.000404838 0.000125132 0.000115318 0.000107957 0.000100596 0 0 0 0 0 0
 0 0 0 0 0.00144013 0.00171154 0.00461396 0.0210425 0.0478622 0.0707936 0.0888783 0.103762 0.0637923 0.0337046 0.0602308 0.124433 0.169614 0.0934646 0.0462172 0.0250306 0.0313229 0.00938855 0.002487 0.000210481 0 0
 0 0.00764035 0.051015 0.0998891 0.058973 0.0496711 0.0374665 0.0718981 0.12319 0.153886 0.159021 0.0857701 0.0377988 0.023471 0.0147837 0.00900784 0.00315554 0.000888139 0.00291439 0.00214683 0.00393193 0.00274676 0.000635225 9.99891e-05 0 0
 0 0 0 0 0 0 0 0 0 0 0 0 0 0 0 0 0 0 0 0 0 0 0 0 0 0
 0 0 0 0 0 0 0 0 0 0 0 0 0 0 0 0 0 0 0 0 0 0 0 0 0 0
 0 0 0 0 0 0 0 0 0 0 0 0 0 0 0 0 0 0 0 0 0 0 0 0 0 0
 0 0 0 0 0 0 0 0 0 0 0 0 0 0 0 0 0 0 0 0 0 0 0 0 0 0
 0 0 0 0 0 0 0 0 0 0 0 0 0 0 0 0 0 0 0 0 0 0 0 0 0 0
 0 0 0 0 0 0 0 0 0 0 0 0 0 0 0 0 0 0 0 0 0 0 0 0 0 0
 0 0 0 0 0 0 0 0 0 0 0 0 0 0 0 0 0 0 0 0 0 0 0 0 0 0
ppred_pel_tallas
 1.11332e-16 4.31074e-05 0.000419019 0.00278453 0.0126581 0.0393841 0.0839125 0.122476 0.122491 0.0839866 0.0396342 0.0133861 0.00463278 0.00452249 0.00803741 0.0137428 0.0210101 0.0289518 0.0365998 0.0433649 0.0491209 0.0537717 0.0567583 0.0570842 0.0539245 0.0473031
 1.17442e-16 4.50434e-05 0.000437838 0.00290959 0.0132266 0.041153 0.0876816 0.127979 0.128002 0.0877949 0.0415337 0.0143279 0.00567951 0.00650364 0.0116234 0.0193047 0.0282011 0.0363502 0.0418377 0.0439281 0.0435377 0.0425466 0.0424726 0.0435412 0.0447443 0.0446386
 1.13056e-16 5.39418e-05 0.000524334 0.00348438 0.0158395 0.0492827 0.105003 0.153258 0.153277 0.105093 0.0495873 0.0167207 0.00570144 0.00538118 0.00932872 0.0154725 0.0226092 0.0291368 0.0334752 0.0349528 0.0342009 0.0326546 0.031561 0.0312814 0.0313113 0.0308088
 1.0744e-16 5.8246e-05 0.000566172 0.00376241 0.0171034 0.0532151 0.113381 0.165487 0.165506 0.113473 0.0535237 0.0179953 0.00600391 0.00546829 0.00939492 0.0155109 0.0225101 0.0286795 0.0323217 0.0326845 0.0304013 0.0270177 0.0239885 0.0219374 0.0206189 0.0193909
 1.04579e-16 6.13443e-05 0.000596288 0.00396255 0.0180132 0.0560457 0.119412 0.174289 0.174307 0.119499 0.0563366 0.0188537 0.00607417 0.00521234 0.00884691 0.0145785 0.0211134 0.0268034 0.0300111 0.0299889 0.0273075 0.0234268 0.0197661 0.0170092 0.0150549 0.0134308
 1.01052e-16 7.6176e-05 0.000740458 0.00492061 0.0223684 0.0695963 0.148282 0.216424 0.216429 0.148309 0.0696858 0.022627 0.00557017 0.00215998 0.00277661 0.00448157 0.00647636 0.00820304 0.00914848 0.00907738 0.00816358 0.00685999 0.00561349 0.00465013 0.00395658 0.00340336
 1.01756e-16 4.54302e-05 0.000441598 0.00293458 0.0133402 0.0415065 0.0884354 0.129083 0.129123 0.0886312 0.0421637 0.0152377 0.00769495 0.0108243 0.019737 0.0324862 0.0466262 0.0582821 0.063536 0.0605819 0.0508188 0.0379427 0.025796 0.0166282 0.0107594 0.00734481
 1.06854e-16 4.5489e-05 0.000442169 0.00293837 0.0133574 0.04156 0.088549 0.129245 0.12927 0.0886701 0.0419674 0.0145368 0.00590937 0.00696294 0.012532 0.0209121 0.0307373 0.0399319 0.0463562 0.0489367 0.0481585 0.0454585 0.0420831 0.0384023 0.0341137 0.028924
 1.05875e-16 6.46126e-05 0.000628057 0.00417366 0.0189729 0.0590317 0.125774 0.183573 0.183585 0.125831 0.0592244 0.0195302 0.00557627 0.00370173 0.00593718 0.00980654 0.0143436 0.0185168 0.0213253 0.0223297 0.0218908 0.0208528 0.0199296 0.0192937 0.0186272 0.0174809
 1.0149e-16 7.42079e-05 0.000721327 0.00479347 0.0217904 0.0677982 0.144451 0.210833 0.21084 0.144489 0.0679231 0.0221513 0.00569944 0.00269944 0.00383219 0.00622136 0.00896372 0.0112927 0.0124839 0.0122109 0.0107383 0.0087396 0.0068893 0.00554282 0.00469188 0.00412946
 1.00486e-16 7.41211e-05 0.000720484 0.00478787 0.021765 0.0677189 0.144283 0.210586 0.210595 0.144325 0.0678622 0.0221789 0.00582639 0.00298612 0.00437264 0.00710015 0.0101939 0.0127621 0.0139502 0.0133649 0.0113064 0.00856996 0.00597903 0.00401097 0.00272897 0.00195111
 1.00687e-16 6.76382e-05 0.000657467 0.0043691 0.0198613 0.061796 0.131664 0.19217 0.192186 0.131739 0.0620508 0.0205972 0.00621568 0.00468647 0.00771327 0.0126281 0.0181455 0.0227342 0.0248801 0.0238809 0.0202603 0.0154163 0.0107969 0.00724204 0.00486893 0.00337331
 1.01527e-16 6.29367e-05 0.000611768 0.00406541 0.0184808 0.0575007 0.122512 0.178814 0.178833 0.122604 0.05781 0.0193743 0.00630879 0.00551092 0.00937262 0.0154087 0.0222208 0.0280032 0.0309517 0.0302208 0.0264077 0.0211191 0.0159899 0.0119256 0.00900784 0.00688407
 1.02477e-16 6.13841e-05 0.000596676 0.00396512 0.0180249 0.0560822 0.11949 0.174403 0.174422 0.119583 0.0563948 0.0189283 0.00623444 0.00555556 0.00949362 0.0156352 0.0226043 0.028606 0.0318458 0.0314832 0.0281059 0.0232835 0.0185822 0.0148228 0.012016 0.00978106
 1.01967e-16 6.8397e-05 0.000664843 0.00441812 0.0200841 0.0624893 0.13314 0.194325 0.194337 0.133201 0.0626936 0.0206747 0.00590156 0.00390673 0.00623567 0.0102276 0.0147899 0.018731 0.020882 0.0206993 0.0185712 0.0155235 0.0125721 0.0102385 0.00850921 0.00711467
 1.00259e-16 7.97796e-05 0.000775486 0.00515338 0.0234265 0.0728886 0.155297 0.226661 0.226663 0.155309 0.0729302 0.0235469 0.00545561 0.0014353 0.00133299 0.00207772 0.00298591 0.00375594 0.00413987 0.00402485 0.0034952 0.00277342 0.00208582 0.00155756 0.00119754 0.000950997
 1.01004e-16 2.91004e-05 0.000282867 0.00187975 0.00854511 0.0265873 0.0566494 0.082694 0.0827544 0.0569441 0.0275765 0.0114006 0.00904159 0.0158979 0.0296279 0.0487851 0.0699224 0.0871882 0.0946388 0.0895341 0.0740107 0.0537303 0.0346271 0.0202475 0.0111899 0.00621553
 1.01234e-16 7.7334e-05 0.000751714 0.0049954 0.0227084 0.0706542 0.150536 0.219713 0.219715 0.150547 0.0706901 0.0228126 0.00525952 0.00133679 0.00121335 0.00194802 0.0029482 0.00401702 0.00499869 0.00580209 0.00641599 0.00685073 0.00706478 0.0069581 0.0064452 0.00554084
 1.01646e-16 5.38718e-05 0.000523654 0.00347986 0.015819 0.0492189 0.104867 0.153063 0.153095 0.10502 0.0497322 0.0173008 0.00719671 0.00862819 0.0154184 0.0253332 0.0363227 0.0453327 0.0492967 0.046817 0.0390239 0.0288617 0.0193876 0.0123849 0.00807994 0.005743
 1.04072e-16 5.5004e-05 0.000534659 0.003553 0.0161514 0.0502532 0.107071 0.156277 0.156298 0.107175 0.0506031 0.0171636 0.00609913 0.00611077 0.0106972 0.0177326 0.0258516 0.0331544 0.0377114 0.0385818 0.0362919 0.0323307 0.0281138 0.0242788 0.0207345 0.017177
 1.03504e-16 6.62214e-05 0.000643696 0.00427758 0.0194453 0.0605016 0.128905 0.188144 0.188157 0.128968 0.0607116 0.0200523 0.00580346 0.00398172 0.00642652 0.0105745 0.0153569 0.0195892 0.02211 0.0223886 0.0208196 0.0184051 0.0160899 0.0142828 0.0128515 0.0114477
 1.02335e-16 6.58593e-05 0.000640176 0.0042542 0.019339 0.0601708 0.128201 0.187116 0.187132 0.128277 0.0604271 0.0200793 0.00611283 0.00469869 0.00777705 0.0127618 0.018399 0.0231843 0.0256316 0.0250599 0.0219927 0.0177912 0.0138252 0.0108295 0.00881772 0.00741626
 1.06504e-16 2.52902e-05 0.00024583 0.00163363 0.00742626 0.0231061 0.0492321 0.0718669 0.0719206 0.0494947 0.0239881 0.00997437 0.00803203 0.0142212 0.0265894 0.0439754 0.0634798 0.0801051 0.0887525 0.0870449 0.0767014 0.0622882 0.0484091 0.0375491 0.0298226 0.0241153
 1.05946e-16 6.67633e-05 0.000648963 0.00431259 0.0196044 0.0609966 0.12996 0.189682 0.189687 0.129989 0.0610931 0.019885 0.00502443 0.00222816 0.00314012 0.00527967 0.00805313 0.0110785 0.0139915 0.0165963 0.018896 0.0209125 0.0224681 0.0231638 0.0225982 0.0206449
 1.0536e-16 5.56425e-05 0.000540865 0.00359424 0.0163389 0.0508365 0.108313 0.158092 0.158117 0.108438 0.0512534 0.0175429 0.00661567 0.00713449 0.0125723 0.0206832 0.0297643 0.0373913 0.0411518 0.0399802 0.0348205 0.0280117 0.0218887 0.0176704 0.0152812 0.0139114
 1.08665e-16 3.92499e-05 0.000381523 0.00253535 0.0115254 0.0358599 0.0764046 0.111522 0.111556 0.0765727 0.0364249 0.0131591 0.00664275 0.00936977 0.0171734 0.0284955 0.0414336 0.0529156 0.0598087 0.0606345 0.0563715 0.0496282 0.0429062 0.0373604 0.0327949 0.028484
 1.0551e-16 6.68053e-05 0.000649371 0.0043153 0.0196167 0.061035 0.130042 0.189802 0.189811 0.130085 0.0611804 0.0200381 0.00537751 0.00298338 0.00454439 0.00752537 0.0111133 0.0145669 0.0171731 0.0186064 0.0190806 0.0191039 0.019046 0.0188873 0.0183174 0.0170336
 1.03504e-16 6.26562e-05 0.000609041 0.00404729 0.0183984 0.0572444 0.121966 0.178017 0.178035 0.122058 0.0575522 0.0192874 0.00627867 0.0054797 0.00931188 0.0152934 0.022023 0.0276978 0.0305329 0.0297266 0.0259464 0.0208825 0.0162309 0.0128926 0.0108509 0.00957587
 1.08047e-16 2.60276e-05 0.000252997 0.00168126 0.00764279 0.0237798 0.0506673 0.073961 0.0740114 0.0509136 0.0246071 0.0100334 0.00768641 0.0133767 0.0249926 0.0413866 0.0598724 0.0758241 0.0845162 0.0837374 0.0750464 0.0625894 0.0504932 0.0409035 0.0338156 0.0281827
 1.19641e-16 3.37974e-05 0.000328523 0.00218315 0.00992429 0.0308782 0.06579 0.0960264 0.096045 0.0658812 0.0311856 0.0108179 0.00444863 0.00534871 0.00978764 0.0167033 0.0254093 0.0347928 0.0436825 0.0514796 0.0582861 0.0643224 0.0691839 0.071697 0.0705571 0.0652069
 1.07096e-16 7.11043e-05 0.000691159 0.004593 0.0208791 0.0649627 0.13841 0.202015 0.20202 0.138437 0.0650534 0.0211418 0.00525485 0.0021441 0.00285517 0.00467498 0.00689326 0.00903678 0.0106967 0.0117428 0.0124118 0.0131217 0.0141454 0.0153962 0.0164708 0.0168816
pSPR Fmed_Fpbrs
0.538027   0.248426 0.248426
Fs Fmed_Fpbrs
0.384056   1.005 1.005
SSBpbr Bo_Bmed_Bpbrs
1.65537e+06  807867  328469 328469
Ro
130614
SPR SPRFo_SPRFmed_SPRFpbrs
930056 500395 231050
Fref
1.005
log_Ro
11.6
likeval ReclasPelacesDesembMPH_pf_preclas_ppelaces_ptallas_desvR_qrecl_qpela
 14.5518 23.658 0.0141341 0.00228991 230.155 119.64 83.8883 0 34.2448 0 0 0.0311221 0 0 0
q_reclas_q_pelaces
1 1
M
1
N
 147526 45401.1 88838.7 8115.43 0.209943
 97888.5 47509.7 13687.7 26641 2433.02
 86571.8 28045.4 12025 3429.91 7281.49
 72161.6 24777.2 7087.34 3008.41 2678.27
 56397 15473.8 4065.66 1138.07 912.059
 228689 15953.9 3842.79 999.096 503.505
 58936.8 60855.5 3615.7 859.678 335.909
 20538.1 10128.4 7170.94 413.259 136.422
 32382 6418.42 2919.36 2053.46 157.349
 55315.4 6465.76 946.613 420.142 317.747
 95548.6 10114.8 836.021 119.016 92.6296
 133276 31255.2 3121.52 256.794 64.9924
 105657 31881.2 6039.97 592.908 61.0631
 72970.5 26010 6431.07 1198.92 129.699
 67002.2 13032.3 3246.58 779.818 160.852
 453752 14260.8 2114.75 515.397 149.153
 60629.3 117618 3107.56 454.402 142.684
 703111 17972.3 31325.5 820.514 157.579
 371667 208268 4781.3 8261.72 257.838
 278288 102404 49721.3 1128.33 2009.25
 435464 78067.8 25114.7 12062.5 760.721
 576014 129932 20996.7 6698.26 3418.48
 84297.9 163206 32344.5 5172.38 2490.75
 343287 26490.2 47432.5 9341.06 2212.34
 263475 109197 7840.23 13956.9 3398.48
 107010 83943 32396 2312.63 5117.71
 293043 34848.4 25733.2 9882.77 2266.09
 346828 93017.9 10281.5 7547.43 3562.05
 66040.8 113920 28883.5 3178.09 3433.17
 44282.3 21866.4 35800.4 9038.7 2068.42
 195156 13626.2 6158.44 10010.9 3104.67
pred_Ctot
 11745.9 5264.34 10554.3 965.39 0.024976
 13968.8 9657.88 2845.92 5545.79 506.508
 12400.5 5721.53 2509.11 716.538 1521.26
 19871.7 9251.88 2696.49 1145.73 1020.05
 8414.29 3281.13 881.593 247.072 198.018
 41057.7 4026.4 990.913 257.925 129.992
 21094.1 28580.3 1725.96 410.723 160.493
 1980.11 1413.87 1025.17 59.1556 19.5293
 9830.05 2613.03 1209.98 851.901 65.2814
 18597.2 2877.64 428.493 190.352 143.967
 6757.47 1044.96 88.5151 12.6175 9.82081
 30509.7 9875.54 1006.3 82.8726 20.9755
 22826.2 9552.53 1847.16 181.522 18.6959
 25143.6 11824.1 2972.72 554.686 60.0082
 18653.2 4913.91 1247.19 299.866 61.8563
 87165.8 3833.31 580.594 141.659 40.9978
 7575.78 21068 569.61 83.3934 26.1875
 88130.4 3228.87 5759.03 151.032 29.0074
 60382.8 47859.9 1123.17 1943.02 60.6431
 42700.1 22297.3 11069.8 251.506 447.892
 52901 13612 4481.54 2155.12 135.921
 85472.4 27409.3 4529.54 1446.72 738.385
 7869.48 22083.6 4482.49 717.734 345.647
 29718.6 3331.78 6111.33 1205.08 285.429
 22573.4 13596.4 1000.05 1782.55 434.076
 7841.62 8977.8 3550.61 253.796 561.672
 25715.1 4441.04 3359.31 1291.79 296.223
 23709.6 9296.3 1053.13 774.099 365.366
 4209.15 10631.6 2763.05 304.423 328.88
 4645.3 3311.48 5551.12 1403.28 321.149
 16744.9 1699.07 786.655 1280.4 397.116
F
 0.133067 0.199037 0.20437 0.204658 0.204674
 0.250005 0.373947 0.383966 0.384508 0.384537
 0.251052 0.375514 0.385575 0.386119 0.386148
 0.539756 0.807346 0.828977 0.830147 0.830209
 0.262711 0.392952 0.40348 0.40405 0.40408
 0.32386 0.484418 0.497397 0.498099 0.498136
 0.761127 1.13847 1.16897 1.17062 1.1707
 0.163111 0.243976 0.250513 0.250866 0.250885
 0.611084 0.914036 0.938525 0.93985 0.93992
 0.699056 1.04562 1.07364 1.07515 1.07523
 0.117448 0.175674 0.180381 0.180635 0.180649
 0.430408 0.643788 0.661036 0.66197 0.662019
 0.40172 0.600877 0.616976 0.617847 0.617893
 0.722626 1.08088 1.10984 1.1114 1.11149
 0.547207 0.818492 0.840421 0.841608 0.84167
 0.350109 0.523679 0.53771 0.538469 0.538509
 0.215949 0.323009 0.331663 0.332131 0.332156
 0.21669 0.324116 0.3328 0.33327 0.333295
 0.289077 0.432391 0.443976 0.444603 0.444636
 0.271078 0.405468 0.416331 0.416919 0.41695
 0.209401 0.313214 0.321605 0.322059 0.322083
 0.261116 0.390567 0.401031 0.401598 0.401627
 0.157584 0.235708 0.242023 0.242365 0.242383
 0.145414 0.217505 0.223333 0.223648 0.223665
 0.143818 0.215118 0.220881 0.221193 0.22121
 0.121916 0.182357 0.187242 0.187507 0.187521
 0.147526 0.220663 0.226575 0.226895 0.226912
 0.113335 0.169522 0.174064 0.17431 0.174323
 0.10532 0.157534 0.161755 0.161983 0.161995
 0.178591 0.26713 0.274287 0.274674 0.274694
 0.144044 0.215456 0.221228 0.221541 0.221557
nmprior
 8 9 7.5 0
nm_flota  nm_reclas  nm_pelaces    nm_pelaL
inf 14.6809 11.0741 17.9132
cv_recla  cv_pelaces  cv_mph
0.345051 0.572339 1.47678
 ------------------------------------------------
Talla a la edad & desviación 
 8 13.2811 15.8009 17.003 17.5766
 0.8 1.32811 1.58009 1.7003 1.75766
