years
 1991 1992 1993 1994 1995 1996 1997 1998 1999 2000 2001 2002 2003 2004 2005 2006 2007 2008 2009 2010 2011 2012 2013 2014 2015 2016 2017 2018 2019 2020 2021
reclasobs
 0 0 0 0 0 0 0 0 0 252601 567819 844713 477998 351125 339783 2.1784e+06 2.13404e+06 4.81314e+06 1.55562e+06 2.62356e+06 3.21686e+06 3.843e+06 1.13348e+06 3.07943e+06 1.97215e+06 2.03268e+06 2.025e+06 2.42433e+06 2.27542e+06 1.05018e+06 2.36338e+06
reclaspred
 3.10301e+06 1.707e+06 857161 759788 702016 1.23272e+06 682284 577605 428166 312977 449968 618428 606536 453939 453754 1.40858e+06 1.2999e+06 3.04966e+06 2.52134e+06 1.89298e+06 3.35848e+06 2.7084e+06 2.06848e+06 3.20363e+06 2.36545e+06 2.06247e+06 2.53047e+06 2.77811e+06 2.22167e+06 1.30938e+06 1.73522e+06
pelacesobs
 0 0 0 0 0 0 0 0 0 0 0 0 0 0 0 552880 188675 0 991730 2.46772e+06 1.41603e+06 1.21717e+06 2.29649e+06 1.80582e+06 0 1.4828e+06 1.56532e+06 1.57751e+06 1.42118e+06 867257 0
pelacespred
 1.32585e+06 802929 398009 285635 283851 513357 242351 277509 186922 127863 198837 229026 248894 192224 199317 526962 489188 1.33608e+06 1.12825e+06 781030 1.36542e+06 1.18025e+06 904384 1.54187e+06 1.09188e+06 951210 1.33422e+06 1.44285e+06 950384 637948 791022
mphobs
 0 0 0 0 0 0 0 0 0 0 0 498337 0 5186 125008 0 168611 109162 213762 579715 649985 157893 87575 83554 0 0 0 0 0 0 0
mphpred
 2.5378e+06 1.67922e+06 815742 441519 407117 443643 628212 329291 295335 196568 132722 288669 317841 261073 164351 212711 875162 782777 1.63144e+06 1.22601e+06 1.32966e+06 1.65238e+06 1.55418e+06 1.23049e+06 1.72891e+06 1.40083e+06 1.1362e+06 1.26244e+06 1.82829e+06 1.19005e+06 604590
desembarqueobs
 494567 514787 250237 358949 120608 361735 552515 73892 212993 205616 52469 317467 293654 387597 252695 516296 358380 742168 942051 627588 828172 859565 418607 520667 417249 300574 407403 355545 319650 289779 219260
desembarquepred
 494567 513962 250512 358983 120613 361726 552470 73895.9 213029 205646 52471.1 317509 293678 387564 252664 516210 358392 742027 941731 627384 828196 859502 418596 520676 417232 300561 407385 355517 319629 289775 219263
Reclutas
 174854 99685.5 99658.5 128011 103720 214624 80735.2 33443.6 36572.7 51670.7 98258 135586 111002 77693.4 74413.8 454125 80949.3 676833 394694 310286 446164 589142 110482 354460 290613 129197 307154 349428 86668.2 62992.6 263401
log_desv_Rt
 0.143287 -0.418645 -0.418915 -0.168547 -0.378965 0.348225 -0.62949 -1.5108 -1.42136 -1.07577 -0.433068 -0.11106 -0.311115 -0.667894 -0.711024 1.09771 -0.626842 1.49676 0.957447 0.716831 1.08002 1.358 -0.315814 0.849931 0.651329 -0.159326 0.706684 0.835633 -0.558577 -0.877647 0.553012
SSB
 2.5378e+06 1.67922e+06 815742 441519 407117 443643 628212 329291 295335 196568 132722 288669 317841 261073 164351 212711 875162 782777 1.63144e+06 1.22601e+06 1.32966e+06 1.65238e+06 1.55418e+06 1.23049e+06 1.72891e+06 1.40083e+06 1.1362e+06 1.26244e+06 1.82829e+06 1.19005e+06 604590
BT
 3.47895e+06 2.35982e+06 1.16474e+06 960186 751986 1.49491e+06 1.04966e+06 706420 641876 491342 503353 792092 839843 845621 713136 1.63145e+06 1.40819e+06 3.73923e+06 3.50602e+06 2.36476e+06 3.81934e+06 3.52737e+06 2.45117e+06 4.0421e+06 2.90687e+06 2.4616e+06 3.49448e+06 3.68509e+06 2.45723e+06 1.7583e+06 2.01815e+06
Ftot
 0.168637 0.311397 0.307216 0.526643 0.194536 0.353169 0.825501 0.144592 0.555944 0.727831 0.148487 0.590769 0.551596 0.952417 0.674961 0.476293 0.298486 0.305207 0.421017 0.375999 0.287866 0.366079 0.217795 0.197111 0.19757 0.161231 0.194279 0.156892 0.150979 0.234238 0.157487
BD_Bspro_t
 0.973471 0.813385 0.629128 0.527742 0.482449 0.557221 0.558594 0.355133 0.40894 0.36024 0.33496 0.606073 0.492825 0.39881 0.285907 0.344496 0.570001 0.529512 0.641192 0.543141 0.517322 0.568126 0.582773 0.566365 0.675895 0.681473 0.686505 0.732545 0.785799 0.707843 0.635554
BD_Bspro
 2.35229 1.55647 0.756111 0.409244 0.377357 0.411213 0.58229 0.305219 0.273746 0.182199 0.12302 0.267568 0.294607 0.241988 0.152337 0.197162 0.811187 0.725556 1.51218 1.13639 1.23246 1.53159 1.44057 1.14054 1.60253 1.29843 1.05315 1.17015 1.69464 1.10306 0.560394
BD_Bo
 1.48005 0.979321 0.475741 0.257494 0.237431 0.258733 0.366374 0.192042 0.172239 0.114639 0.0774036 0.168352 0.185365 0.152258 0.0958498 0.124053 0.510395 0.456516 0.951454 0.715011 0.775459 0.963671 0.906399 0.717622 1.0083 0.816965 0.662634 0.736255 1.06626 0.694039 0.352597
BD_Brms
 8.1457 5.38987 2.61832 1.41716 1.30674 1.42398 2.0164 1.05694 0.94795 0.630934 0.426004 0.926555 1.02019 0.837978 0.527526 0.682749 2.80905 2.51252 5.23649 3.93519 4.26787 5.30373 4.98852 3.94956 5.54936 4.49631 3.64692 4.05211 5.86833 3.81977 1.94058
Sel_flota
 0.716837 0.979633 0.998907 0.999942 0.999997
 0.716837 0.979633 0.998907 0.999942 0.999997
 0.716837 0.979633 0.998907 0.999942 0.999997
 0.716837 0.979633 0.998907 0.999942 0.999997
 0.716837 0.979633 0.998907 0.999942 0.999997
 0.716837 0.979633 0.998907 0.999942 0.999997
 0.716837 0.979633 0.998907 0.999942 0.999997
 0.716837 0.979633 0.998907 0.999942 0.999997
 0.716837 0.979633 0.998907 0.999942 0.999997
 0.716837 0.979633 0.998907 0.999942 0.999997
 0.716837 0.979633 0.998907 0.999942 0.999997
 0.716837 0.979633 0.998907 0.999942 0.999997
 0.716837 0.979633 0.998907 0.999942 0.999997
 0.716837 0.979633 0.998907 0.999942 0.999997
 0.716837 0.979633 0.998907 0.999942 0.999997
 0.716837 0.979633 0.998907 0.999942 0.999997
 0.716837 0.979633 0.998907 0.999942 0.999997
 0.716837 0.979633 0.998907 0.999942 0.999997
 0.716837 0.979633 0.998907 0.999942 0.999997
 0.716837 0.979633 0.998907 0.999942 0.999997
 0.716837 0.979633 0.998907 0.999942 0.999997
 0.716837 0.979633 0.998907 0.999942 0.999997
 0.716837 0.979633 0.998907 0.999942 0.999997
 0.716837 0.979633 0.998907 0.999942 0.999997
 0.716837 0.979633 0.998907 0.999942 0.999997
 0.716837 0.979633 0.998907 0.999942 0.999997
 0.716837 0.979633 0.998907 0.999942 0.999997
 0.716837 0.979633 0.998907 0.999942 0.999997
 0.716837 0.979633 0.998907 0.999942 0.999997
 0.716837 0.979633 0.998907 0.999942 0.999997
 0.716837 0.979633 0.998907 0.999942 0.999997
Sel_reclas
 1 1 1 1 1
 1 1 1 1 1
 1 1 1 1 1
 1 1 1 1 1
 1 1 1 1 1
 1 1 1 1 1
 1 1 1 1 1
 1 1 1 1 1
 1 1 1 1 1
 1 1 1 1 1
 1 1 1 1 1
 1 1 1 1 1
 1 1 1 1 1
 1 1 1 1 1
 1 1 1 1 1
 1 1 1 1 1
 1 1 1 1 1
 1 1 1 1 1
 1 1 1 1 1
 1 1 1 1 1
 1 1 1 1 1
 1 1 1 1 1
 1 1 1 1 1
 1 1 1 1 1
 1 1 1 1 1
 1 1 1 1 1
 1 1 1 1 1
 1 1 1 1 1
 1 1 1 1 1
 1 1 1 1 1
 1 1 1 1 1
Sel_pelaces
 1 1 1 1 1
 1 1 1 1 1
 1 1 1 1 1
 1 1 1 1 1
 1 1 1 1 1
 1 1 1 1 1
 1 1 1 1 1
 1 1 1 1 1
 1 1 1 1 1
 1 1 1 1 1
 1 1 1 1 1
 1 1 1 1 1
 1 1 1 1 1
 1 1 1 1 1
 1 1 1 1 1
 1 1 1 1 1
 1 1 1 1 1
 1 1 1 1 1
 1 1 1 1 1
 1 1 1 1 1
 1 1 1 1 1
 1 1 1 1 1
 1 1 1 1 1
 1 1 1 1 1
 1 1 1 1 1
 1 1 1 1 1
 1 1 1 1 1
 1 1 1 1 1
 1 1 1 1 1
 1 1 1 1 1
 1 1 1 1 1
pf_obs 
 0.8446 0.082 0.0669 0.0065 0
 0.8095 0.147 0.0364 0.0071 0
 0.9664 0.0169 0.016 0.0007 0
 0.9276 0.0648 0.0075 0.0001 0
 0.7033 0.2144 0.0806 0.0017 0
 0.9318 0.0425 0.0243 0.0014 0
 0.5671 0.3108 0.0964 0.0239 0.0018
 0.0768 0.2599 0.5324 0.112 0.0189
 0.490249 0.384438 0.106611 0.0170017 0.00170017
 0.7925 0.1577 0.0466 0.003 0.0002
 0.840416 0.127587 0.0312969 0.00059994 9.999e-05
 0.8084 0.0986 0.0794 0.0134 0.0002
 0.7335 0.1905 0.0724 0.0035 0.0001
 0.4001 0.4547 0.1325 0.0127 0
 0.49795 0.308269 0.164784 0.0264974 0.00249975
 0.9179 0.0499 0.0305 0.0017 0
 0.2467 0.6533 0.0926 0.0074 0
 0.9418 0.0223 0.034 0.0019 0
 0.707729 0.231977 0.0356964 0.0245975 0
 0.517169 0.277429 0.184464 0.0207286 0.00020938
 0.811772 0.124168 0.05621 0.00726502 0.000585176
 0.764997 0.148141 0.077277 0.00933861 0.000247198
 0.163321 0.427699 0.378323 0.0303852 0.000271297
 0.753843 0.0900009 0.118128 0.0371064 0.000921714
 0.721811 0.176058 0.0630433 0.0369309 0.00215725
 0.143369 0.312575 0.442814 0.0836902 0.0175525
 0.692698 0.0596174 0.167031 0.0765114 0.00414204
 0.394062 0.376323 0.152708 0.0712218 0.00568511
 0.125707 0.32114 0.495352 0.0537591 0.00404204
 0.23352 0.215282 0.420074 0.123614 0.00750983
 0 0 0 0 0
pf_pred 
 0.440706 0.143923 0.388367 0.0270022 8.48194e-07
 0.40951 0.309766 0.0733485 0.193908 0.0134676
 0.560765 0.218455 0.11709 0.0271163 0.0765738
 0.684428 0.203823 0.0562166 0.0294689 0.0260643
 0.64645 0.269352 0.0548718 0.0147629 0.0145636
 0.778959 0.158701 0.0477329 0.00952359 0.00508415
 0.465506 0.446251 0.0637675 0.0187454 0.00572954
 0.464701 0.307284 0.191279 0.0265584 0.0101777
 0.582323 0.228267 0.109677 0.066899 0.0128342
 0.752151 0.167375 0.0444976 0.0208436 0.0151323
 0.84193 0.130016 0.0191174 0.00494488 0.0039919
 0.740328 0.228623 0.0256321 0.00369289 0.00172439
 0.680176 0.258759 0.0539297 0.00589233 0.00124359
 0.631846 0.279499 0.0720756 0.0146447 0.00193512
 0.746871 0.185355 0.0518349 0.012963 0.00297701
 0.944096 0.0456768 0.0075428 0.00205344 0.00063055
 0.330914 0.642955 0.0214463 0.00345668 0.0012284
 0.897283 0.042192 0.0582111 0.00189933 0.000414426
 0.582558 0.386491 0.0128802 0.0173807 0.000690015
 0.594818 0.270576 0.124849 0.00406372 0.00569415
 0.723639 0.18749 0.0598006 0.0269659 0.00210493
 0.725355 0.216323 0.0398504 0.0124345 0.0060377
 0.281807 0.567848 0.118999 0.0214266 0.00991977
 0.729356 0.0957413 0.138902 0.0285022 0.00749943
 0.602705 0.314204 0.0297945 0.0423361 0.0109607
 0.412851 0.398294 0.150025 0.0139334 0.0248964
 0.727829 0.134307 0.094138 0.0347436 0.00898236
 0.676046 0.255589 0.0340962 0.0234078 0.0108605
 0.294058 0.524091 0.144102 0.0188371 0.0189114
 0.376273 0.227856 0.295439 0.0796024 0.0208293
 0.821458 0.082103 0.0357129 0.045333 0.0153929
pobs_RECLAS
 0 0 0 0 0
 0 0 0 0 0
 0 0 0 0 0
 0 0 0 0 0
 0 0 0 0 0
 0 0 0 0 0
 0 0 0 0 0
 0 0 0 0 0
 0 0 0 0 0
 0 0 0 0 0
 0.991045 0.00858322 0.000360255 1.14367e-05 0
 0.934742 0.0480273 0.0164251 0.00080598 0
 0.827803 0.169806 0.00239088 0 0
 0.941827 0.0461693 0.0120037 0 0
 0.791401 0.0380133 0.147996 0.0225897 0
 0.846168 0.0940531 0.0597789 0 0
 0.134021 0.677848 0.182769 0.00536245 0
 0.80878 0.0450904 0.141981 0.00414843 0
 0.846168 0.0940531 0.0597789 0 0
 0.905697 0.0802665 0.012482 0.00150086 5.37128e-05
 0.989698 0.0102097 9.19794e-05 0 0
 0.975433 0.0193895 0.00387452 0.00125025 5.28907e-05
 0.303575 0.632131 0.0575291 0.00676475 0
 0.966965 0.00978017 0.0227588 0.000495775 0
 0.843318 0.132988 0.00938335 0.0141283 0.000182051
 0.564624 0.303363 0.111486 0.0197234 0.00080311
 0.826376 0.0876187 0.0782897 0.00655872 0.00115652
 0.89761 0.0855135 0.0140674 0.00269457 0.000114338
 0.34875 0.467042 0.161289 0.0227151 0.000203297
 0.318654 0.224769 0.449479 0.00709798 0
 0.937255 0.0296025 0.0250945 0.00804832 0
ppred_RECLAS
 0.523202 0.124513 0.329405 0.0228786 7.18624e-07
 0.491157 0.269588 0.0625631 0.165218 0.0114744
 0.639958 0.180925 0.0950437 0.0219872 0.0620863
 0.752155 0.161281 0.0435709 0.0228148 0.0201778
 0.716148 0.217289 0.0433957 0.011663 0.0115049
 0.830257 0.122571 0.0361278 0.00720042 0.00384371
 0.55159 0.375736 0.0525349 0.0154255 0.00471452
 0.545577 0.263067 0.160554 0.0222689 0.00853337
 0.661849 0.186587 0.0878038 0.0534979 0.0102627
 0.810649 0.128778 0.0335114 0.0156796 0.0113825
 0.879966 0.0990802 0.0142837 0.00369072 0.00297928
 0.799189 0.177243 0.0194601 0.00280055 0.00130764
 0.748004 0.204691 0.0417827 0.00456011 0.000962365
 0.709641 0.221625 0.0558921 0.011343 0.00149874
 0.805709 0.143084 0.039174 0.00978569 0.00224719
 0.95918 0.0334793 0.00541602 0.00147283 0.000452237
 0.405414 0.571813 0.0186939 0.00300985 0.00106955
 0.924124 0.0315374 0.0426453 0.00138995 0.000303266
 0.659103 0.316109 0.0103218 0.0139132 0.000552326
 0.67118 0.221063 0.0999541 0.00324991 0.00455357
 0.783991 0.147504 0.0461124 0.0207713 0.00162129
 0.78551 0.169677 0.0306305 0.00954735 0.00463555
 0.351264 0.515078 0.105814 0.0190324 0.00881084
 0.789437 0.0754562 0.10732 0.0219985 0.00578787
 0.676619 0.25684 0.0238762 0.0338908 0.00877377
 0.492615 0.346392 0.12792 0.011868 0.0212047
 0.787678 0.105845 0.0727306 0.0268144 0.00693202
 0.741935 0.204472 0.0267431 0.0183405 0.00850893
 0.364783 0.474001 0.12778 0.0166859 0.0167508
 0.456539 0.201087 0.255583 0.0687909 0.0179992
 0.864526 0.0629864 0.0268613 0.0340612 0.0115649
pobs_PELACES
 0 0 0 0 0
 0 0 0 0 0
 0 0 0 0 0
 0 0 0 0 0
 0 0 0 0 0
 0 0 0 0 0
 0 0 0 0 0
 0 0 0 0 0
 0 0 0 0 0
 0 0 0 0 0
 0 0 0 0 0
 0 0 0 0 0
 0 0 0 0 0
 0 0 0 0 0
 0 0 0 0 0
 0 0 0 0 0
 0.505614 0.472636 0.0217494 0 0
 0 0 0 0 0
 0.443492 0.261883 0.143347 0.151278 0
 0.227955 0.32914 0.350689 0.0885471 0.00366901
 0.970185 0.0296113 0.000203453 0 0
 0.997202 0.00247181 0.000326279 0 0
 0.445219 0.490057 0.0546422 0.010081 0
 0.90214 0.0892962 0.00764917 0.000914606 0
 0 0 0 0 0
 0.581667 0.319106 0.0959925 0.00289975 0.000334073
 0.762889 0.0836404 0.116647 0.0363945 0.000428098
 0.88444 0.0763242 0.0277011 0.0115352 0
 0.521256 0.241999 0.230069 0.00667565 0
 0.616807 0.101726 0.260614 0.0208532 0
 0 0 0 0 0
ppred_PELACES
 0.527048 0.123607 0.326658 0.0226865 7.12588e-07
 0.498149 0.26614 0.061641 0.162766 0.011304
 0.646301 0.177915 0.0932798 0.0215769 0.0609273
 0.760789 0.15585 0.0419628 0.0219688 0.0194294
 0.719624 0.214691 0.0428238 0.0115086 0.0113525
 0.834617 0.119498 0.0351431 0.0070033 0.00373846
 0.569435 0.361093 0.0502233 0.0147426 0.00450574
 0.548781 0.261314 0.159337 0.0220991 0.00846829
 0.67291 0.180776 0.084769 0.051639 0.00990596
 0.820371 0.122351 0.0316918 0.0148245 0.0107617
 0.881337 0.0979649 0.0141096 0.00364555 0.00294281
 0.807354 0.170112 0.018607 0.00267724 0.00125005
 0.757035 0.197486 0.0401708 0.00438336 0.000925054
 0.726648 0.208946 0.0523762 0.010626 0.00140398
 0.814881 0.136486 0.0372074 0.00929227 0.00213386
 0.960787 0.0321784 0.00518983 0.00141109 0.000433276
 0.411686 0.565822 0.018463 0.00297236 0.00105622
 0.926037 0.0307772 0.0415367 0.00135368 0.000295349
 0.667303 0.308568 0.0100486 0.013543 0.000537625
 0.678507 0.216307 0.09757 0.00317199 0.00444436
 0.788288 0.144655 0.0451393 0.020331 0.00158691
 0.790892 0.165501 0.0298072 0.00928957 0.00451035
 0.355647 0.511747 0.104984 0.0188817 0.00874105
 0.792399 0.0744556 0.105764 0.0216782 0.00570356
 0.680415 0.253893 0.0235726 0.0334576 0.0086616
 0.496193 0.344063 0.126929 0.0117754 0.0210393
 0.790586 0.104461 0.0716909 0.0264293 0.00683244
 0.744572 0.202426 0.0264491 0.0181378 0.0084149
 0.36788 0.471806 0.127066 0.0165919 0.0166563
 0.46182 0.199323 0.252964 0.0680803 0.0178133
 0.866182 0.062251 0.0265211 0.033628 0.0114178
pobs_pel_tallas
 0 0 0 0 0 0 0 0 0 0 0 0 0 0 0 0 0 0 0 0 0 0 0 0 0 0
 0 0 0 0 0 0 0 0 0 0 0 0 0 0 0 0 0 0 0 0 0 0 0 0 0 0
 0 0 0 0 0 0 0 0 0 0 0 0 0 0 0 0 0 0 0 0 0 0 0 0 0 0
 0 0 0 0 0 0 0 0 0 0 0 0 0 0 0 0 0 0 0 0 0 0 0 0 0 0
 0 0 0 0 0 0 0 0 0 0 0 0 0 0 0 0 0 0 0 0 0 0 0 0 0 0
 0 0 0 0 0 0 0 0 0 0 0 0 0 0 0 0 0 0 0 0 0 0 0 0 0 0
 0 0 0 0 0 0 0 0 0 0 0 0 0 0 0 0 0 0 0 0 0 0 0 0 0 0
 0 0 0 0 0 0 0 0 0 0 0 0 0 0 0 0 0 0 0 0 0 0 0 0 0 0
 0 0 0 0 0 0 0 0 0 0 0 0 0 0 0 0 0 0 0 0 0 0 0 0 0 0
 0 0 0 0 0 0 0 0 0 0 0 0 0 0 0 0 0 0 0 0 0 0 0 0 0 0
 0 0 0 0 0 0 0 0 0 0 0 0 0 0 0 0 0 0 0 0 0 0 0 0 0 0
 0 0 0 0 0 0 0 0 0 0 0 0 0 0 0 0 0 0 0 0 0 0 0 0 0 0
 0.00862536 0 0 0.000197151 0.00414017 0.0128641 0.00837892 0.0270097 0.101434 0.158115 0.152841 0.127902 0.109271 0.109419 0.0830992 0.0579132 0.0238553 0.00714673 0.00463305 0.00128148 0.00103504 0.000492878 0.000147863 0.000147863 4.92878e-05 0
 0 0 0 0 0 0 0 0 0 0 0 0 0 0 0 0 0 0 0 0 0 0 0 0 0 0
 0 0 0 0 0 0 0 0.0054083 0.00873648 0.0413646 0.0450493 0.0745869 0.0622846 0.0627006 0.0613931 0.0827291 0.12552 0.122667 0.0946155 0.0697135 0.0546179 0.0294188 0.0215738 0.0213955 0.0102223 0.00600262
 0 0 0 0 0.00359764 0.0251062 0.0480494 0.140153 0.205849 0.193036 0.1447 0.116669 0.0760912 0.0342217 0.00950174 0.001854 0.000860785 0 0 0 0.000165536 0 0.000143464 0 0 0
 0 0 0 0 0 0 0 0.000145254 0.000435761 0.0275982 0.070085 0.0708112 0.156366 0.174668 0.174014 0.160142 0.0824315 0.0480064 0.0283245 0.00493863 0.00203355 0 0 0 0 0
 0 0 0 0 0 0 0 0 0 0 0 0 0 0 0 0 0 0 0 0 0 0 0 0 0 0
 0 0 1.00437e-05 0.000401748 0.00122533 0.00171747 0.00176769 0.0269171 0.070346 0.194647 0.189555 0.159765 0.064822 0.0314167 0.0384472 0.0292271 0.0345202 0.0313363 0.0194345 0.0106764 0.0143323 0.0359363 0.0279516 0.0138201 0.00172751 0
 0 0.0021121 0.0136068 0.0755702 0.200478 0.177729 0.0527432 0.0373336 0.0318909 0.0142505 0.0149659 0.0166563 0.0217959 0.0798694 0.0677717 0.0528807 0.04013 0.0224614 0.0357745 0.0225083 0.00881397 0.00855152 0.00135912 0.000746735 0 0
 0 0 0 0 5.4009e-05 0.00500934 0.000945158 0.0243581 0.138947 0.33067 0.221406 0.137944 0.0707744 0.0437923 0.0131692 0.00525238 0.0047753 0.00276346 9.45158e-05 9.00151e-06 2.25038e-05 9.00151e-06 4.50075e-06 0 0 0
 0.000866109 0.00284123 0.00948549 0.0512746 0.133035 0.25785 0.225252 0.132002 0.0553304 0.0519788 0.0540692 0.017754 0.00435017 0.00159236 0.00146478 0.000404838 0.000125132 0.000115318 0.000107957 0.000100596 0 0 0 0 0 0
 0 0 0 0 0.00144013 0.00171154 0.00461396 0.0210425 0.0478622 0.0707936 0.0888783 0.103762 0.0637923 0.0337046 0.0602308 0.124433 0.169614 0.0934646 0.0462172 0.0250306 0.0313229 0.00938855 0.002487 0.000210481 0 0
 0 0.00764035 0.051015 0.0998891 0.058973 0.0496711 0.0374665 0.0718981 0.12319 0.153886 0.159021 0.0857701 0.0377988 0.023471 0.0147837 0.00900784 0.00315554 0.000888139 0.00291439 0.00214683 0.00393193 0.00274676 0.000635225 9.99891e-05 0 0
 0 0 0 0 0 0 0 0 0 0 0 0 0 0 0 0 0 0 0 0 0 0 0 0 0 0
 0 0 0 0 0 0 0 0 0 0 0 0 0 0 0 0 0 0 0 0 0 0 0 0 0 0
 0 0 0 0 0 0 0 0 0 0 0 0 0 0 0 0 0 0 0 0 0 0 0 0 0 0
 0 0 0 0 0 0 0 0 0 0 0 0 0 0 0 0 0 0 0 0 0 0 0 0 0 0
 0 0 0 0 0 0 0 0 0 0 0 0 0 0 0 0 0 0 0 0 0 0 0 0 0 0
 0 0 0 0 0 0 0 0 0 0 0 0 0 0 0 0 0 0 0 0 0 0 0 0 0 0
 0 0 0 0 0 0 0 0 0 0 0 0 0 0 0 0 0 0 0 0 0 0 0 0 0 0
ppred_pel_tallas
 1.11734e-16 4.34122e-05 0.000421982 0.00280422 0.0127476 0.0396626 0.0845057 0.123341 0.123354 0.0845665 0.0398681 0.0133475 0.00433316 0.00383632 0.00675202 0.0116771 0.0181722 0.0256672 0.033504 0.0412128 0.0484906 0.0548277 0.0592023 0.0603011 0.0572239 0.0501373
 1.20083e-16 4.10319e-05 0.000398845 0.00265047 0.0120487 0.037488 0.079873 0.116582 0.116608 0.0799989 0.0379108 0.0132714 0.00572507 0.00712949 0.0128818 0.0213924 0.0312165 0.0401717 0.0461335 0.0483101 0.0477722 0.046679 0.0467744 0.0483186 0.050131 0.0504926
 1.15212e-16 5.3235e-05 0.000517463 0.00343873 0.015632 0.0486369 0.103627 0.15125 0.151267 0.103711 0.0489208 0.0164536 0.00550744 0.00505433 0.00873181 0.0145173 0.0213056 0.0276526 0.03214 0.034179 0.034353 0.0339356 0.0339694 0.0346407 0.0353359 0.0351697
 1.06743e-16 6.26652e-05 0.000609128 0.00404787 0.0184011 0.0572526 0.121983 0.178041 0.178056 0.122057 0.0574999 0.0191159 0.0058443 0.00453786 0.00754547 0.0124328 0.0180438 0.0229971 0.0259397 0.0262823 0.0245497 0.0219953 0.0197885 0.0184124 0.0176302 0.0168737
 1.04367e-16 5.92746e-05 0.00057617 0.00382885 0.0174054 0.0541548 0.115383 0.16841 0.16843 0.115485 0.0544948 0.0183877 0.0062956 0.00596495 0.010305 0.0169732 0.024518 0.03099 0.0344443 0.0339932 0.0303259 0.0252149 0.0204183 0.01684 0.0144346 0.012667
 1.0238e-16 6.87463e-05 0.000668239 0.00444068 0.0201867 0.0628084 0.13382 0.195317 0.195329 0.133877 0.062998 0.0207347 0.00581763 0.00367894 0.00580077 0.00951811 0.0137914 0.0175253 0.0196486 0.0196633 0.0179211 0.0153467 0.0128429 0.0108513 0.00932894 0.00801651
 1.03783e-16 4.69037e-05 0.000455921 0.00302975 0.0137728 0.0428526 0.0913033 0.133267 0.133302 0.0914734 0.0434236 0.0154221 0.00716964 0.0094934 0.017211 0.0283797 0.0408798 0.0514133 0.0566473 0.0550445 0.0477714 0.0378915 0.0285186 0.0213704 0.016557 0.013303
 1.08315e-16 4.52024e-05 0.000439383 0.00291986 0.0132733 0.0412982 0.0879911 0.128431 0.128456 0.0881152 0.0417155 0.014481 0.00596096 0.00710928 0.0128039 0.0213342 0.0312843 0.0405011 0.0467827 0.0490615 0.0479244 0.0449799 0.0416401 0.0383503 0.0347464 0.0303548
 1.09348e-16 5.54267e-05 0.000538768 0.0035803 0.0162755 0.0506393 0.107893 0.157477 0.157494 0.107979 0.0509275 0.0171093 0.00567865 0.00513799 0.0088453 0.0146819 0.021494 0.0277793 0.03205 0.0336517 0.03312 0.0317056 0.0304605 0.0296285 0.0287248 0.0270724
 1.04254e-16 6.75729e-05 0.000656833 0.00436489 0.0198421 0.0617363 0.131536 0.191983 0.191995 0.131594 0.0619304 0.020403 0.00577427 0.00373838 0.00593455 0.00974312 0.0141229 0.0179644 0.0201905 0.0203231 0.0187619 0.016489 0.0144368 0.0130191 0.0121008 0.0112909
 1.01296e-16 7.25946e-05 0.000705645 0.00468926 0.0213167 0.0663242 0.141311 0.20625 0.206259 0.141357 0.0664792 0.0217642 0.00581265 0.00315821 0.00473106 0.00770817 0.0111011 0.0139695 0.0154084 0.0150039 0.0130749 0.0104533 0.00798146 0.00611924 0.00488682 0.00406204
 1.01061e-16 6.65007e-05 0.000646411 0.00429563 0.0195273 0.0607568 0.129449 0.188939 0.188955 0.129529 0.0610256 0.0203036 0.00624369 0.00489746 0.00813529 0.0133315 0.0191683 0.0240409 0.0263597 0.0253889 0.0216807 0.0167019 0.0119636 0.00833092 0.00590681 0.00435617
 1.01806e-16 6.2356e-05 0.000606123 0.0040279 0.0183103 0.0569701 0.121382 0.177164 0.177183 0.121475 0.0572828 0.0192136 0.00629615 0.00556047 0.00947951 0.0155933 0.0225032 0.0283928 0.0314463 0.0308124 0.0270894 0.0218858 0.0168301 0.0128125 0.00989751 0.00772429
 1.02869e-16 5.98531e-05 0.000581793 0.00386622 0.0175753 0.0546834 0.116509 0.170053 0.170073 0.116608 0.0550145 0.0185323 0.00627019 0.0058355 0.0100546 0.016572 0.0239702 0.0303582 0.0338417 0.0335344 0.030057 0.0250627 0.0201941 0.0163012 0.0133781 0.0110127
 1.02402e-16 6.71207e-05 0.000652437 0.00433567 0.0197093 0.0613232 0.130656 0.190699 0.190712 0.13072 0.0615396 0.0203349 0.00590733 0.00408815 0.00660622 0.010852 0.0157126 0.0199401 0.0223063 0.0222401 0.0201468 0.0170936 0.0141277 0.0117701 0.00998343 0.00847573
 1.00373e-16 7.91388e-05 0.000769257 0.00511198 0.0232383 0.0723031 0.15405 0.22484 0.224844 0.154065 0.072354 0.0233854 0.00548117 0.00157538 0.00161068 0.00253898 0.00365324 0.00460111 0.00508234 0.00496003 0.00433669 0.00348178 0.00266783 0.0020431 0.00161458 0.00131343
 1.01155e-16 3.39102e-05 0.000329619 0.00219044 0.00995744 0.0309816 0.0660115 0.0963572 0.0964116 0.0662775 0.0318742 0.0125343 0.00865386 0.0144228 0.0267509 0.0440434 0.0631431 0.0787723 0.0855749 0.0810812 0.0672131 0.0490614 0.0319545 0.0190656 0.0109165 0.00638685
 1.01393e-16 7.62765e-05 0.000741434 0.00492709 0.0223978 0.069688 0.148478 0.216708 0.216711 0.148493 0.0697379 0.0225426 0.00529322 0.00154978 0.00163796 0.00265596 0.0039781 0.00533284 0.00648647 0.00731045 0.00781659 0.00807841 0.00811516 0.00785523 0.00720976 0.00617873
 1.01819e-16 5.49649e-05 0.000534279 0.00355047 0.0161399 0.0502175 0.106995 0.156168 0.156198 0.10714 0.0507044 0.0175456 0.00707636 0.00822329 0.0146343 0.0240456 0.0344921 0.0430822 0.0469148 0.0446682 0.0374099 0.027917 0.019065 0.0125188 0.00847358 0.00623053
 1.03942e-16 5.58878e-05 0.000543249 0.00361008 0.0164109 0.0510606 0.108791 0.158788 0.158809 0.108893 0.0514048 0.0174063 0.00611362 0.00602457 0.0105128 0.0174131 0.0253602 0.0324728 0.0368442 0.0375502 0.0351262 0.0310705 0.0268173 0.0230271 0.0196195 0.0162759
 1.03648e-16 6.49302e-05 0.000631145 0.00419418 0.0190661 0.0593219 0.126392 0.184476 0.18449 0.126461 0.0595516 0.0197301 0.00586288 0.00428119 0.00701857 0.0115573 0.0167772 0.0213842 0.0241037 0.0243514 0.0225591 0.0198286 0.0172053 0.0151523 0.0135405 0.0119991
 1.02598e-16 6.51448e-05 0.00063323 0.00420804 0.0191291 0.0595179 0.12681 0.185086 0.185102 0.126888 0.0597799 0.0198859 0.00610827 0.00478347 0.00795319 0.0130611 0.0188466 0.0237817 0.0263549 0.0258727 0.0228643 0.0187042 0.0147681 0.0117821 0.00974413 0.00827029
 1.06534e-16 2.92943e-05 0.000284751 0.00189227 0.00860202 0.0267643 0.0570261 0.0832415 0.0832909 0.0572673 0.0275747 0.0109432 0.00777136 0.0131271 0.0244435 0.0404269 0.0583808 0.0737218 0.0817789 0.0803767 0.0710919 0.0581 0.0455958 0.0358199 0.0288395 0.0236093
 1.06211e-16 6.52688e-05 0.000634436 0.00421605 0.0191656 0.0596312 0.127051 0.185436 0.185443 0.127087 0.0597522 0.019517 0.00510566 0.00260143 0.00387433 0.00649391 0.00979816 0.0132646 0.0163854 0.0189007 0.0208692 0.0224527 0.0236156 0.024037 0.0233171 0.0212853
 1.05567e-16 5.60449e-05 0.000544777 0.00362023 0.0164571 0.0512042 0.109097 0.159235 0.15926 0.109216 0.0516055 0.0176161 0.00652935 0.00689475 0.0121145 0.0199375 0.0287174 0.036132 0.0398716 0.0389156 0.0341633 0.0278394 0.0221517 0.0182322 0.0159797 0.0146093
 1.08493e-16 4.08708e-05 0.000397279 0.00264006 0.0120013 0.0373408 0.0795598 0.116127 0.11616 0.0797225 0.0378875 0.0135819 0.00661357 0.00909145 0.0166113 0.0275503 0.0400412 0.0511022 0.0576979 0.0584023 0.0541793 0.0475806 0.0410563 0.0357419 0.0314431 0.0274296
 1.05903e-16 6.51196e-05 0.000632986 0.00420641 0.0191217 0.0594949 0.126761 0.185013 0.185023 0.12681 0.0596621 0.019606 0.00542677 0.00331304 0.0052023 0.00862201 0.0127081 0.0166036 0.0194758 0.0209433 0.0212595 0.0210346 0.0207352 0.020385 0.0196626 0.0182323
 1.04059e-16 6.13295e-05 0.000596144 0.00396159 0.0180088 0.0560322 0.119383 0.174248 0.174267 0.119479 0.0563524 0.0189336 0.00628301 0.00566454 0.00968957 0.0159292 0.0229609 0.0289242 0.0319744 0.0312836 0.0275406 0.022483 0.017842 0.014518 0.0124647 0.0111195
 1.08271e-16 3.03019e-05 0.000294545 0.00195736 0.00889789 0.0276849 0.0589872 0.0861031 0.0861487 0.0592099 0.028433 0.0110598 0.00738878 0.0121667 0.0226228 0.0374699 0.0542486 0.0687936 0.0768554 0.0764484 0.0689752 0.0581489 0.0476388 0.0393116 0.0331001 0.0280245
 1.17193e-16 3.80395e-05 0.000369758 0.00245717 0.01117 0.034754 0.0740478 0.108079 0.108099 0.0741436 0.035077 0.0121076 0.00482903 0.00560801 0.0101645 0.0172111 0.025887 0.0348642 0.0427701 0.0489342 0.0536075 0.0573801 0.0603305 0.0617126 0.0604431 0.0559155
 1.06086e-16 7.13463e-05 0.000693511 0.00460863 0.0209502 0.0651837 0.138881 0.202702 0.202708 0.138911 0.065283 0.0212375 0.00533216 0.00228041 0.00310764 0.00508569 0.00746852 0.00972156 0.0113684 0.012235 0.012558 0.0127973 0.013292 0.0140296 0.014679 0.0148147
pSPR Fmed_Fpbrs
0.587771   0.231697 0.231697
Fs Fmed_Fpbrs
0.308534   1.005 1.005
SSBpbr Bo_Bmed_Bpbrs
1.71468e+06  922104  311551 311551
Ro
151512
SPR SPRFo_SPRFmed_SPRFpbrs
1.07887e+06 634126 249970
Fref
1.005
log_Ro
11.7484
likeval ReclasPelacesDesembMPH_pf_preclas_ppelaces_ptallas_desvR_qrecl_qpela
 11.7849 20.1808 0.0210383 0.00242736 228.695 120.08 82.8188 0 27.6473 1.41326e-07 0 0.103626 0 0 0
q_reclas_q_pelaces
1.05472 1
M
1
N
 174854 42544.6 112737 7830.75 0.245967
 99685.5 57000.9 13267.9 35044 2433.82
 99658.5 29335.5 15456.2 3576.18 10098.3
 128011 29415.6 7987.2 4183.43 3699.96
 103720 32284.9 6459.86 1736.33 1712.8
 214624 33190 9816.12 1956.75 1044.56
 80735.2 61296.6 8638.88 2537.66 775.609
 33443.6 16435.2 10044.6 1393.3 533.91
 36572.7 11091.9 5247.63 3198.25 613.538
 51670.7 9032.06 2366.92 1107.87 804.27
 98258 11281.4 1628.68 420.864 339.737
 135586 32497.3 3588.35 516.566 241.2
 111002 32659 6702.09 731.665 154.413
 77693.4 27498.9 6998.94 1421.09 187.773
 74413.8 14440.6 3979.38 994.398 228.358
 454125 16874.5 2742.38 745.95 229.048
 80949.3 118741 3893.12 626.915 222.775
 676833 24043.3 32607.4 1062.95 231.921
 394694 200065 6559.18 8843.36 351.067
 310286 107373 48725.3 1584.56 2220.21
 446164 87179.2 27329.6 12312.4 961.048
 589142 133531 24190.5 7541.48 3661.66
 110482 166709 34319.4 6173.61 2858.02
 354460 34769 49545.4 10156.9 2672.32
 290613 113216 10544.8 14969.2 3875.3
 129197 92792.7 34320.9 3184.44 5689.71
 307154 42341.3 29149 10747.8 2778.51
 349428 98305.7 12877 8831.76 4097.45
 86668.2 114874 31012.3 4050.01 4065.77
 62992.6 28613 36449.5 9811.66 2567.25
 263401 19591.7 8367.81 10611.6 3603
pred_Ctot
 12710.2 4150.84 11200.8 778.761 0.0244625
 12837.9 9711 2299.43 6078.9 422.203
 12677.3 4938.65 2647.07 613.022 1731.12
 26234.4 7812.6 2154.81 1129.55 999.056
 8631.81 3596.56 732.683 197.124 194.463
 30975.3 6310.73 1898.1 378.706 202.171
 23904.2 22915.4 3274.52 962.593 294.217
 2099.17 1388.07 864.053 119.971 45.9749
 7847.96 3076.35 1478.11 901.596 172.966
 13847.7 3081.52 819.238 383.749 278.597
 6326.27 976.942 143.648 37.1559 29.9952
 30620.6 9456.06 1060.17 152.741 71.3225
 23661.7 9001.59 1876.08 204.98 43.2614
 25663.4 11352.3 2927.46 594.816 78.5978
 18761.9 4656.24 1302.13 325.64 74.7846
 85363.1 4129.99 682.004 185.668 57.013
 10029.9 19487.8 650.029 104.771 37.2323
 85584.6 4024.35 5552.29 181.161 39.5287
 66610.6 44192.1 1472.74 1987.33 78.8975
 47367.2 21546.8 9942.09 323.606 453.443
 53477.6 13855.7 4419.32 1992.81 155.556
 87811.2 26187.9 4824.28 1505.32 730.922
 10224.3 20602.2 4317.43 777.384 359.902
 29866.8 3920.56 5687.95 1167.15 307.098
 24540.8 12793.7 1213.17 1723.84 446.298
 8998.45 8681.16 3269.91 303.691 542.639
 25530.1 4711.1 3302.08 1218.7 315.075
 23712.6 8964.89 1195.94 821.039 380.936
 5669.57 10104.7 2778.35 363.188 364.619
 6239.76 3778.55 4899.27 1320.05 345.412
 17939.3 1793 779.913 990 336.157
F
 0.120885 0.165202 0.168453 0.168627 0.168636
 0.223221 0.305055 0.311056 0.311379 0.311396
 0.220224 0.300959 0.30688 0.307199 0.307215
 0.377517 0.515917 0.526067 0.526613 0.526641
 0.139451 0.190574 0.194323 0.194525 0.194535
 0.253165 0.345976 0.352783 0.353148 0.353168
 0.59175 0.808688 0.824598 0.825453 0.825498
 0.103649 0.141648 0.144434 0.144584 0.144592
 0.398522 0.544622 0.555337 0.555912 0.555943
 0.521737 0.713008 0.727036 0.727789 0.727829
 0.106441 0.145463 0.148325 0.148478 0.148487
 0.423485 0.578737 0.590123 0.590735 0.590767
 0.395405 0.540362 0.550993 0.551564 0.551594
 0.682728 0.933019 0.951376 0.952362 0.952414
 0.483837 0.661214 0.674223 0.674922 0.674959
 0.341425 0.466593 0.475773 0.476266 0.476292
 0.213966 0.292407 0.29816 0.298469 0.298485
 0.218784 0.298991 0.304873 0.305189 0.305206
 0.301801 0.412442 0.420557 0.420993 0.421016
 0.26953 0.368341 0.375588 0.375977 0.375997
 0.206353 0.282003 0.287552 0.28785 0.287866
 0.262419 0.358623 0.365679 0.366058 0.366078
 0.156124 0.213359 0.217557 0.217783 0.217794
 0.141296 0.193096 0.196895 0.197099 0.19711
 0.141625 0.193546 0.197354 0.197559 0.197569
 0.115576 0.157947 0.161054 0.161221 0.16123
 0.139267 0.190322 0.194067 0.194268 0.194279
 0.112466 0.153697 0.156721 0.156883 0.156892
 0.108228 0.147904 0.150814 0.15097 0.150979
 0.167911 0.229468 0.233982 0.234225 0.234238
 0.112893 0.15428 0.157315 0.157478 0.157487
nmprior
 8 9 7.5 0
nm_flota  nm_reclas  nm_pelaces    nm_pelaL
inf 14.3338 14.4487 24.6487
cv_recla  cv_pelaces  cv_mph
0.310519 0.528608 1.52045
 ------------------------------------------------
Talla a la edad & desviación 
 8 13.2811 15.8009 17.003 17.5766
 0.8 1.32811 1.58009 1.7003 1.75766
