years
 1991 1992 1993 1994 1995 1996 1997 1998 1999 2000 2001 2002 2003 2004 2005 2006 2007 2008 2009 2010 2011 2012 2013 2014 2015 2016 2017 2018 2019 2020 2021
reclasobs
 0 0 0 0 0 0 0 0 0 252601 567819 844713 477998 351125 339783 2.1784e+06 2.13404e+06 4.81314e+06 1.55562e+06 2.62356e+06 3.21686e+06 3.843e+06 1.13348e+06 3.07943e+06 1.97215e+06 2.03268e+06 2.025e+06 2.42433e+06 2.27542e+06 1.05018e+06 2.36338e+06
reclaspred
 3.41563e+06 1.93819e+06 984185 1.00833e+06 1.02164e+06 1.56385e+06 1.03771e+06 929261 675206 492786 521311 649287 641773 515997 525741 1.25607e+06 1.24321e+06 2.67909e+06 2.23358e+06 1.71078e+06 3.01726e+06 2.44043e+06 1.96423e+06 3.00604e+06 2.26791e+06 2.01358e+06 2.36364e+06 2.4846e+06 2.05056e+06 1.31782e+06 2.06882e+06
pelacesobs
 0 0 0 0 0 0 0 0 0 0 0 0 0 0 0 552880 188675 0 991730 2.46772e+06 1.41603e+06 1.21717e+06 2.29649e+06 1.80582e+06 0 1.4828e+06 1.56532e+06 1.57751e+06 1.42118e+06 867257 0
pelacespred
 2.09171e+06 1.32941e+06 681538 552500 577885 899547 587670 618205 445704 309502 328642 343207 371089 317033 326680 635967 652435 1.55415e+06 1.37847e+06 988410 1.64438e+06 1.47728e+06 1.19341e+06 1.93446e+06 1.4486e+06 1.27842e+06 1.67054e+06 1.73499e+06 1.21856e+06 890256 1.25237e+06
mphobs
 0 0 0 0 0 0 0 0 0 0 0 498337 0 5186 125008 0 168611 109162 213762 579715 649985 157893 87575 83554 0 0 0 0 0 0 0
mphpred
 517111 346879 175822 95805.1 109531 123962 161078 107040 93444.2 65361.1 43162.3 61267.6 65437 56355.2 40189.3 50297.9 145301 141763 265742 205294 225742 276027 261287 217964 300973 248872 205992 217658 299533 205593 116104
desembarqueobs
 494567 514787 250237 358949 120608 361735 552515 73892 212993 205616 52469 317467 293654 387597 252695 516296 358380 742168 942051 627588 828172 859565 418607 520667 417249 300574 407403 355545 319650 289779 219260
desembarquepred
 494574 513283 251024 358972 120612 361750 552573 73895.6 213038 205659 52471.3 317537 293711 387656 252699 516281 358408 742099 941927 627501 828248 859609 418621 520692 417254 300579 407408 355537 319649 289791 219262
Reclutas
 221925 127523 126006 234129 187089 304028 128327 60572.7 54611.9 70373 127845 164609 138126 97853.1 99753.8 505604 115917 769329 459240 363227 521905 699738 151327 443232 373835 169808 373556 415649 122979 95017.6 447767
log_desv_Rt
 0.0854069 -0.468635 -0.480607 0.138937 -0.0853496 0.400184 -0.462351 -1.21309 -1.31668 -1.06312 -0.466115 -0.213361 -0.388768 -0.733468 -0.71423 0.908819 -0.564061 1.32858 0.812637 0.578092 0.94055 1.23377 -0.297489 0.777158 0.60688 -0.182268 0.606132 0.712906 -0.504922 -0.762873 0.787338
SSB
 3.99697e+06 2.68118e+06 1.35901e+06 740519 846615 958159 1.24504e+06 827360 722271 505204 333620 473564 505791 435593 310640 388774 1.12309e+06 1.09575e+06 2.05404e+06 1.58681e+06 1.74486e+06 2.13353e+06 2.0196e+06 1.68474e+06 2.32635e+06 1.92364e+06 1.5922e+06 1.68237e+06 2.31522e+06 1.58912e+06 897421
BT
 5.3035e+06 3.61426e+06 1.84459e+06 1.6333e+06 1.47557e+06 2.49477e+06 1.88746e+06 1.54361e+06 1.2734e+06 939639 843977 1.09979e+06 1.16587e+06 1.17541e+06 1.05531e+06 1.99766e+06 1.83906e+06 4.48607e+06 4.23468e+06 2.92711e+06 4.67504e+06 4.36274e+06 3.20235e+06 5.21181e+06 3.83796e+06 3.31707e+06 4.48668e+06 4.58722e+06 3.13582e+06 2.37945e+06 3.26165e+06
Ftot
 0.10621 0.191793 0.185979 0.270886 0.0895438 0.178822 0.384663 0.0600229 0.235883 0.309504 0.0795072 0.368742 0.344387 0.558258 0.373092 0.328418 0.213688 0.21942 0.316142 0.2766 0.21037 0.267962 0.157681 0.135989 0.138633 0.111975 0.134625 0.112694 0.113855 0.162141 0.0852196
BD_Bspro_t
 0.98315 0.874797 0.740024 0.661076 0.660507 0.726428 0.716303 0.578847 0.630661 0.593735 0.561725 0.724255 0.613927 0.529987 0.43164 0.487774 0.632657 0.614553 0.694329 0.606777 0.584582 0.629461 0.643592 0.639634 0.736057 0.74407 0.751805 0.783707 0.822486 0.76365 0.718599
BD_Bspro
 2.75484 1.84795 0.936668 0.510388 0.583513 0.660392 0.858118 0.570242 0.497811 0.348202 0.229941 0.326394 0.348606 0.300224 0.214103 0.267955 0.774068 0.755225 1.4157 1.09367 1.20261 1.47049 1.39197 1.16117 1.60339 1.32583 1.09739 1.15954 1.59572 1.09527 0.61853
BD_Bo
 1.89625 1.27201 0.644741 0.351318 0.401652 0.454571 0.590672 0.392517 0.342661 0.239679 0.158276 0.224669 0.239958 0.206655 0.147374 0.184443 0.532818 0.519847 0.974478 0.752815 0.827798 1.01219 0.958142 0.799275 1.10367 0.912616 0.755374 0.798152 1.09839 0.753912 0.425756
BD_Brms
 12.5438 8.41441 4.265 2.32399 2.65695 3.00701 3.90733 2.59653 2.26672 1.58549 1.04701 1.4862 1.58734 1.36703 0.974889 1.2201 3.52462 3.43882 6.44623 4.97991 5.47593 6.69571 6.33816 5.28725 7.30084 6.03701 4.99684 5.27982 7.2659 4.98717 2.8164
Sel_flota
 0.849865 1 1 1 1
 0.849865 1 1 1 1
 0.849865 1 1 1 1
 0.849865 1 1 1 1
 0.849865 1 1 1 1
 0.849865 1 1 1 1
 0.849865 1 1 1 1
 0.849865 1 1 1 1
 0.849865 1 1 1 1
 0.849865 1 1 1 1
 0.849865 1 1 1 1
 0.849865 1 1 1 1
 0.849865 1 1 1 1
 0.849865 1 1 1 1
 0.849865 1 1 1 1
 0.849865 1 1 1 1
 0.849865 1 1 1 1
 0.849865 1 1 1 1
 0.849865 1 1 1 1
 0.849865 1 1 1 1
 0.849865 1 1 1 1
 0.849865 1 1 1 1
 0.849865 1 1 1 1
 0.849865 1 1 1 1
 0.849865 1 1 1 1
 0.849865 1 1 1 1
 0.849865 1 1 1 1
 0.849865 1 1 1 1
 0.849865 1 1 1 1
 0.849865 1 1 1 1
 0.849865 1 1 1 1
Sel_reclas
 1 1 1 1 1
 1 1 1 1 1
 1 1 1 1 1
 1 1 1 1 1
 1 1 1 1 1
 1 1 1 1 1
 1 1 1 1 1
 1 1 1 1 1
 1 1 1 1 1
 1 1 1 1 1
 1 1 1 1 1
 1 1 1 1 1
 1 1 1 1 1
 1 1 1 1 1
 1 1 1 1 1
 1 1 1 1 1
 1 1 1 1 1
 1 1 1 1 1
 1 1 1 1 1
 1 1 1 1 1
 1 1 1 1 1
 1 1 1 1 1
 1 1 1 1 1
 1 1 1 1 1
 1 1 1 1 1
 1 1 1 1 1
 1 1 1 1 1
 1 1 1 1 1
 1 1 1 1 1
 1 1 1 1 1
 1 1 1 1 1
Sel_pelaces
 0.911921 0.981169 0.996201 0.999243 0.999849
 0.911921 0.981169 0.996201 0.999243 0.999849
 0.911921 0.981169 0.996201 0.999243 0.999849
 0.911921 0.981169 0.996201 0.999243 0.999849
 0.911921 0.981169 0.996201 0.999243 0.999849
 0.911921 0.981169 0.996201 0.999243 0.999849
 0.911921 0.981169 0.996201 0.999243 0.999849
 0.911921 0.981169 0.996201 0.999243 0.999849
 0.911921 0.981169 0.996201 0.999243 0.999849
 0.911921 0.981169 0.996201 0.999243 0.999849
 0.911921 0.981169 0.996201 0.999243 0.999849
 0.911921 0.981169 0.996201 0.999243 0.999849
 0.911921 0.981169 0.996201 0.999243 0.999849
 0.911921 0.981169 0.996201 0.999243 0.999849
 0.911921 0.981169 0.996201 0.999243 0.999849
 0.911921 0.981169 0.996201 0.999243 0.999849
 0.911921 0.981169 0.996201 0.999243 0.999849
 0.911921 0.981169 0.996201 0.999243 0.999849
 0.911921 0.981169 0.996201 0.999243 0.999849
 0.911921 0.981169 0.996201 0.999243 0.999849
 0.911921 0.981169 0.996201 0.999243 0.999849
 0.911921 0.981169 0.996201 0.999243 0.999849
 0.911921 0.981169 0.996201 0.999243 0.999849
 0.911921 0.981169 0.996201 0.999243 0.999849
 0.911921 0.981169 0.996201 0.999243 0.999849
 0.911921 0.981169 0.996201 0.999243 0.999849
 0.911921 0.981169 0.996201 0.999243 0.999849
 0.911921 0.981169 0.996201 0.999243 0.999849
 0.911921 0.981169 0.996201 0.999243 0.999849
 0.911921 0.981169 0.996201 0.999243 0.999849
 0.911921 0.981169 0.996201 0.999243 0.999849
pf_obs 
 0.8446 0.082 0.0669 0.0065 0
 0.8095 0.147 0.0364 0.0071 0
 0.9664 0.0169 0.016 0.0007 0
 0.9276 0.0648 0.0075 0.0001 0
 0.7033 0.2144 0.0806 0.0017 0
 0.9318 0.0425 0.0243 0.0014 0
 0.5671 0.3108 0.0964 0.0239 0.0018
 0.0768 0.2599 0.5324 0.112 0.0189
 0.490249 0.384438 0.106611 0.0170017 0.00170017
 0.7925 0.1577 0.0466 0.003 0.0002
 0.840416 0.127587 0.0312969 0.00059994 9.999e-05
 0.8084 0.0986 0.0794 0.0134 0.0002
 0.7335 0.1905 0.0724 0.0035 0.0001
 0.4001 0.4547 0.1325 0.0127 0
 0.49795 0.308269 0.164784 0.0264974 0.00249975
 0.9179 0.0499 0.0305 0.0017 0
 0.2467 0.6533 0.0926 0.0074 0
 0.9418 0.0223 0.034 0.0019 0
 0.707729 0.231977 0.0356964 0.0245975 0
 0.517169 0.277429 0.184464 0.0207286 0.00020938
 0.811772 0.124168 0.05621 0.00726502 0.000585176
 0.764997 0.148141 0.077277 0.00933861 0.000247198
 0.163321 0.427699 0.378323 0.0303852 0.000271297
 0.753843 0.0900009 0.118128 0.0371064 0.000921714
 0.721811 0.176058 0.0630433 0.0369309 0.00215725
 0.143369 0.312575 0.442814 0.0836902 0.0175525
 0.692698 0.0596174 0.167031 0.0765114 0.00414204
 0.394062 0.376323 0.152708 0.0712218 0.00568511
 0.125707 0.32114 0.495352 0.0537591 0.00404204
 0.23352 0.215282 0.420074 0.123614 0.00750983
 0 0 0 0 0
pf_pred 
 0.435512 0.114013 0.426775 0.0236994 7.58415e-07
 0.412757 0.28081 0.0618919 0.231675 0.0128656
 0.55389 0.203837 0.115851 0.0255341 0.100888
 0.753318 0.147431 0.0453501 0.0257748 0.0281265
 0.647606 0.277133 0.0449804 0.0138361 0.016445
 0.737344 0.180048 0.0649651 0.0105442 0.00709845
 0.47216 0.406675 0.0830574 0.0299689 0.00813869
 0.441851 0.291124 0.205729 0.0420172 0.0192779
 0.518094 0.233042 0.129805 0.0917294 0.0273299
 0.676241 0.182512 0.0683049 0.0380461 0.0348965
 0.797211 0.145304 0.0324057 0.0121278 0.0129513
 0.728068 0.223873 0.0344357 0.00767984 0.0059435
 0.674358 0.24917 0.0629569 0.00968393 0.00383112
 0.618259 0.273117 0.0831148 0.0210003 0.00450817
 0.720857 0.186331 0.0664021 0.0202074 0.0062018
 0.925582 0.0564599 0.0119871 0.00427181 0.00169897
 0.399453 0.563196 0.0283377 0.00601645 0.00299679
 0.892098 0.0478828 0.0562859 0.00283208 0.000900784
 0.606013 0.357913 0.0160081 0.0188174 0.00124797
 0.612593 0.252073 0.122943 0.00549879 0.00689246
 0.736161 0.173101 0.05904 0.0287955 0.00290226
 0.743425 0.197532 0.0387367 0.013212 0.00709336
 0.329964 0.520903 0.114815 0.0225157 0.0118025
 0.742773 0.0952096 0.125956 0.0277628 0.00829826
 0.630849 0.285991 0.0307807 0.0407209 0.0116583
 0.443564 0.373141 0.142003 0.0152836 0.0260079
 0.73274 0.130016 0.0920351 0.035025 0.0101845
 0.6896 0.237619 0.0354064 0.0250634 0.0123117
 0.354596 0.468112 0.135721 0.0202231 0.0213475
 0.439617 0.22138 0.245879 0.0712885 0.0218353
 0.85865 0.0683581 0.0288355 0.0320266 0.0121297
pobs_RECLAS
 0 0 0 0 0
 0 0 0 0 0
 0 0 0 0 0
 0 0 0 0 0
 0 0 0 0 0
 0 0 0 0 0
 0 0 0 0 0
 0 0 0 0 0
 0 0 0 0 0
 0 0 0 0 0
 0.991045 0.00858322 0.000360255 1.14367e-05 0
 0.934742 0.0480273 0.0164251 0.00080598 0
 0.827803 0.169806 0.00239088 0 0
 0.941827 0.0461693 0.0120037 0 0
 0.791401 0.0380133 0.147996 0.0225897 0
 0.846168 0.0940531 0.0597789 0 0
 0.134021 0.677848 0.182769 0.00536245 0
 0.80878 0.0450904 0.141981 0.00414843 0
 0.846168 0.0940531 0.0597789 0 0
 0.905697 0.0802665 0.012482 0.00150086 5.37128e-05
 0.989698 0.0102097 9.19794e-05 0 0
 0.975433 0.0193895 0.00387452 0.00125025 5.28907e-05
 0.303575 0.632131 0.0575291 0.00676475 0
 0.966965 0.00978017 0.0227588 0.000495775 0
 0.843318 0.132988 0.00938335 0.0141283 0.000182051
 0.564624 0.303363 0.111486 0.0197234 0.00080311
 0.826376 0.0876187 0.0782897 0.00655872 0.00115652
 0.89761 0.0855135 0.0140674 0.00269457 0.000114338
 0.34875 0.467042 0.161289 0.0227151 0.000203297
 0.318654 0.224769 0.449479 0.00709798 0
 0.937255 0.0296025 0.0250945 0.00804832 0
ppred_RECLAS
 0.476195 0.105796 0.396017 0.0219913 7.03755e-07
 0.453351 0.261399 0.0576135 0.21566 0.0119762
 0.594294 0.185376 0.105359 0.0232215 0.0917503
 0.782993 0.129695 0.0398946 0.0226741 0.024743
 0.684039 0.24848 0.0403299 0.0124056 0.0147448
 0.768069 0.158987 0.0573658 0.00931082 0.0062681
 0.51438 0.374146 0.076414 0.0275718 0.00748771
 0.482458 0.269944 0.190762 0.0389603 0.0178754
 0.559367 0.213083 0.118688 0.0838732 0.0249892
 0.711786 0.162474 0.0608057 0.033869 0.0310652
 0.822398 0.127257 0.0283808 0.0106215 0.0113427
 0.760155 0.197456 0.0303724 0.00677365 0.00524219
 0.71016 0.221775 0.0560352 0.00861924 0.00340991
 0.658148 0.244579 0.0744301 0.018806 0.00403711
 0.753523 0.164526 0.0586316 0.0178427 0.00547605
 0.936352 0.0482893 0.0102524 0.00365362 0.0014531
 0.439808 0.525351 0.0264335 0.00561216 0.00279541
 0.90706 0.0412432 0.0484811 0.00243937 0.000775878
 0.645253 0.322266 0.0144138 0.0169433 0.00112367
 0.651386 0.226831 0.110632 0.00494817 0.00620228
 0.767074 0.15282 0.0521226 0.0254217 0.00256222
 0.773925 0.174052 0.0341321 0.0116415 0.00625017
 0.367383 0.491812 0.108403 0.0212582 0.0111433
 0.77294 0.0840438 0.111185 0.0245069 0.00732507
 0.668289 0.256985 0.0276589 0.036591 0.0104759
 0.484376 0.345773 0.131588 0.0141626 0.0241003
 0.763705 0.114952 0.0813718 0.0309669 0.00900452
 0.723612 0.211581 0.0315267 0.022317 0.0109626
 0.393011 0.44025 0.127643 0.0190194 0.0200769
 0.48057 0.205201 0.22791 0.0660786 0.0202395
 0.877389 0.0592961 0.0250128 0.0277809 0.0105217
pobs_PELACES
 0 0 0 0 0
 0 0 0 0 0
 0 0 0 0 0
 0 0 0 0 0
 0 0 0 0 0
 0 0 0 0 0
 0 0 0 0 0
 0 0 0 0 0
 0 0 0 0 0
 0 0 0 0 0
 0 0 0 0 0
 0 0 0 0 0
 0 0 0 0 0
 0 0 0 0 0
 0 0 0 0 0
 0 0 0 0 0
 0.505614 0.472636 0.0217494 0 0
 0 0 0 0 0
 0.443492 0.261883 0.143347 0.151278 0
 0.227955 0.32914 0.350689 0.0885471 0.00366901
 0.970185 0.0296113 0.000203453 0 0
 0.997202 0.00247181 0.000326279 0 0
 0.445219 0.490057 0.0546422 0.010081 0
 0.90214 0.0892962 0.00764917 0.000914606 0
 0 0 0 0 0
 0.581667 0.319106 0.0959925 0.00289975 0.000334073
 0.762889 0.0836404 0.116647 0.0363945 0.000428098
 0.88444 0.0763242 0.0277011 0.0115352 0
 0.521256 0.241999 0.230069 0.00667565 0
 0.616807 0.101726 0.260614 0.0208532 0
 0 0 0 0 0
ppred_PELACES
 0.456237 0.108486 0.41231 0.022966 7.35392e-07
 0.435343 0.267523 0.0598666 0.224778 0.0124902
 0.576512 0.191711 0.110628 0.0244574 0.096692
 0.771453 0.135655 0.0423669 0.0241528 0.0263726
 0.668206 0.260005 0.0428469 0.0132201 0.0157223
 0.755483 0.166773 0.061097 0.0099467 0.00670024
 0.499915 0.383852 0.0795972 0.028808 0.0078282
 0.463048 0.277931 0.199414 0.0408519 0.0187546
 0.542004 0.219566 0.124173 0.0880172 0.0262398
 0.698212 0.168868 0.0641671 0.0358504 0.0329026
 0.811329 0.134547 0.0304663 0.0114368 0.0122207
 0.74946 0.20567 0.0321205 0.00718537 0.0055642
 0.697687 0.230459 0.0591214 0.00912172 0.0036109
 0.646789 0.251555 0.0777259 0.0196987 0.00423132
 0.742193 0.171165 0.0619319 0.0189046 0.00580547
 0.932626 0.0509143 0.0109754 0.00392319 0.00156126
 0.424202 0.539446 0.0275585 0.00586888 0.00292506
 0.900907 0.0435975 0.0520337 0.00262612 0.000835783
 0.631614 0.334135 0.0151736 0.0178909 0.00118724
 0.6365 0.235233 0.116487 0.00522596 0.00655446
 0.75463 0.16008 0.0554353 0.02712 0.00273504
 0.762586 0.182091 0.0362558 0.0124036 0.00666337
 0.351509 0.502355 0.112423 0.0221139 0.0115989
 0.759233 0.0882259 0.118505 0.0262003 0.00783597
 0.652541 0.268137 0.0293012 0.038882 0.0111386
 0.466189 0.35608 0.137586 0.0148534 0.0252913
 0.749922 0.120641 0.0867077 0.0330983 0.00963013
 0.709068 0.22183 0.0335602 0.0238291 0.0117124
 0.37598 0.450607 0.132647 0.0198254 0.0209405
 0.461905 0.210511 0.237389 0.069037 0.0211585
 0.868763 0.0629055 0.0269419 0.0300148 0.0113747
pobs_pel_tallas
 0 0 0 0 0 0 0 0 0 0 0 0 0 0 0 0 0 0 0 0 0 0 0 0 0 0
 0 0 0 0 0 0 0 0 0 0 0 0 0 0 0 0 0 0 0 0 0 0 0 0 0 0
 0 0 0 0 0 0 0 0 0 0 0 0 0 0 0 0 0 0 0 0 0 0 0 0 0 0
 0 0 0 0 0 0 0 0 0 0 0 0 0 0 0 0 0 0 0 0 0 0 0 0 0 0
 0 0 0 0 0 0 0 0 0 0 0 0 0 0 0 0 0 0 0 0 0 0 0 0 0 0
 0 0 0 0 0 0 0 0 0 0 0 0 0 0 0 0 0 0 0 0 0 0 0 0 0 0
 0 0 0 0 0 0 0 0 0 0 0 0 0 0 0 0 0 0 0 0 0 0 0 0 0 0
 0 0 0 0 0 0 0 0 0 0 0 0 0 0 0 0 0 0 0 0 0 0 0 0 0 0
 0 0 0 0 0 0 0 0 0 0 0 0 0 0 0 0 0 0 0 0 0 0 0 0 0 0
 0 0 0 0 0 0 0 0 0 0 0 0 0 0 0 0 0 0 0 0 0 0 0 0 0 0
 0 0 0 0 0 0 0 0 0 0 0 0 0 0 0 0 0 0 0 0 0 0 0 0 0 0
 0 0 0 0 0 0 0 0 0 0 0 0 0 0 0 0 0 0 0 0 0 0 0 0 0 0
 0.00862536 0 0 0.000197151 0.00414017 0.0128641 0.00837892 0.0270097 0.101434 0.158115 0.152841 0.127902 0.109271 0.109419 0.0830992 0.0579132 0.0238553 0.00714673 0.00463305 0.00128148 0.00103504 0.000492878 0.000147863 0.000147863 4.92878e-05 0
 0 0 0 0 0 0 0 0 0 0 0 0 0 0 0 0 0 0 0 0 0 0 0 0 0 0
 0 0 0 0 0 0 0 0.0054083 0.00873648 0.0413646 0.0450493 0.0745869 0.0622846 0.0627006 0.0613931 0.0827291 0.12552 0.122667 0.0946155 0.0697135 0.0546179 0.0294188 0.0215738 0.0213955 0.0102223 0.00600262
 0 0 0 0 0.00359764 0.0251062 0.0480494 0.140153 0.205849 0.193036 0.1447 0.116669 0.0760912 0.0342217 0.00950174 0.001854 0.000860785 0 0 0 0.000165536 0 0.000143464 0 0 0
 0 0 0 0 0 0 0 0.000145254 0.000435761 0.0275982 0.070085 0.0708112 0.156366 0.174668 0.174014 0.160142 0.0824315 0.0480064 0.0283245 0.00493863 0.00203355 0 0 0 0 0
 0 0 0 0 0 0 0 0 0 0 0 0 0 0 0 0 0 0 0 0 0 0 0 0 0 0
 0 0 1.00437e-05 0.000401748 0.00122533 0.00171747 0.00176769 0.0269171 0.070346 0.194647 0.189555 0.159765 0.064822 0.0314167 0.0384472 0.0292271 0.0345202 0.0313363 0.0194345 0.0106764 0.0143323 0.0359363 0.0279516 0.0138201 0.00172751 0
 0 0.0021121 0.0136068 0.0755702 0.200478 0.177729 0.0527432 0.0373336 0.0318909 0.0142505 0.0149659 0.0166563 0.0217959 0.0798694 0.0677717 0.0528807 0.04013 0.0224614 0.0357745 0.0225083 0.00881397 0.00855152 0.00135912 0.000746735 0 0
 0 0 0 0 5.4009e-05 0.00500934 0.000945158 0.0243581 0.138947 0.33067 0.221406 0.137944 0.0707744 0.0437923 0.0131692 0.00525238 0.0047753 0.00276346 9.45158e-05 9.00151e-06 2.25038e-05 9.00151e-06 4.50075e-06 0 0 0
 0.000866109 0.00284123 0.00948549 0.0512746 0.133035 0.25785 0.225252 0.132002 0.0553304 0.0519788 0.0540692 0.017754 0.00435017 0.00159236 0.00146478 0.000404838 0.000125132 0.000115318 0.000107957 0.000100596 0 0 0 0 0 0
 0 0 0 0 0.00144013 0.00171154 0.00461396 0.0210425 0.0478622 0.0707936 0.0888783 0.103762 0.0637923 0.0337046 0.0602308 0.124433 0.169614 0.0934646 0.0462172 0.0250306 0.0313229 0.00938855 0.002487 0.000210481 0 0
 0 0.00764035 0.051015 0.0998891 0.058973 0.0496711 0.0374665 0.0718981 0.12319 0.153886 0.159021 0.0857701 0.0377988 0.023471 0.0147837 0.00900784 0.00315554 0.000888139 0.00291439 0.00214683 0.00393193 0.00274676 0.000635225 9.99891e-05 0 0
 0 0 0 0 0 0 0 0 0 0 0 0 0 0 0 0 0 0 0 0 0 0 0 0 0 0
 0 0 0 0 0 0 0 0 0 0 0 0 0 0 0 0 0 0 0 0 0 0 0 0 0 0
 0 0 0 0 0 0 0 0 0 0 0 0 0 0 0 0 0 0 0 0 0 0 0 0 0 0
 0 0 0 0 0 0 0 0 0 0 0 0 0 0 0 0 0 0 0 0 0 0 0 0 0 0
 0 0 0 0 0 0 0 0 0 0 0 0 0 0 0 0 0 0 0 0 0 0 0 0 0 0
 0 0 0 0 0 0 0 0 0 0 0 0 0 0 0 0 0 0 0 0 0 0 0 0 0 0
 0 0 0 0 0 0 0 0 0 0 0 0 0 0 0 0 0 0 0 0 0 0 0 0 0 0
ppred_pel_tallas
 1.1423e-16 3.75797e-05 0.000365288 0.00242747 0.0110349 0.0343338 0.0731521 0.10677 0.106781 0.0732066 0.0345182 0.0115756 0.0038144 0.00349106 0.00626072 0.0110367 0.0176273 0.0257635 0.0350577 0.0451133 0.0553741 0.064761 0.0715405 0.0738087 0.070422 0.0617264
 1.26452e-16 3.58587e-05 0.000348559 0.0023163 0.0105296 0.0327616 0.0698029 0.101885 0.101911 0.0699295 0.033187 0.0117601 0.00541187 0.00712959 0.012987 0.0216169 0.0316504 0.0409763 0.0475721 0.0507735 0.0517651 0.0527338 0.0552904 0.0593675 0.063316 0.0649427
 1.22058e-16 4.74866e-05 0.000461586 0.0030674 0.013944 0.043385 0.0924371 0.134918 0.134937 0.0925282 0.0436914 0.014831 0.00530193 0.00536619 0.00944193 0.015748 0.0231962 0.0302909 0.0355736 0.0384838 0.0397056 0.0406176 0.0422721 0.0447086 0.0470295 0.0480154
 1.08143e-16 6.35436e-05 0.000617666 0.00410461 0.018659 0.0580551 0.123693 0.180536 0.180549 0.123757 0.0582706 0.0192821 0.00567132 0.00404631 0.00660083 0.0108813 0.0158375 0.020287 0.0230853 0.0237521 0.0227623 0.0211952 0.0200169 0.0195567 0.0194944 0.0192246
 1.0529e-16 5.50393e-05 0.000535002 0.00355527 0.0161618 0.0502854 0.107139 0.156378 0.156403 0.107262 0.0506969 0.0173504 0.0065395 0.00705211 0.0124399 0.0204994 0.0295763 0.0373076 0.0413279 0.0405643 0.0358766 0.0294601 0.0235055 0.0191579 0.0163787 0.0144917
 1.03938e-16 6.22282e-05 0.00060488 0.00401964 0.0182727 0.0568533 0.121133 0.1768 0.176816 0.121211 0.0571183 0.0190389 0.00594572 0.00481925 0.00809469 0.0133585 0.0194124 0.0247784 0.0279839 0.0283386 0.0263089 0.0231277 0.0199748 0.0173904 0.0152721 0.0132649
 1.06609e-16 4.11774e-05 0.000400259 0.00265986 0.0120914 0.037621 0.0801568 0.116999 0.117036 0.0803378 0.0382289 0.013848 0.0070714 0.0100383 0.0183684 0.0303618 0.0438766 0.0554818 0.0617031 0.0609429 0.0544087 0.0452318 0.0365154 0.0298506 0.0251669 0.0215624
 1.13097e-16 3.81407e-05 0.000370742 0.00246371 0.0111997 0.0348465 0.0742452 0.108369 0.108396 0.0743775 0.0352915 0.0124883 0.00571099 0.00750191 0.013706 0.0229247 0.033785 0.0440923 0.0515978 0.0552272 0.0555868 0.0542561 0.0524946 0.0504751 0.0475378 0.0430178
 1.16907e-16 4.46442e-05 0.000433958 0.0028838 0.0131094 0.0407882 0.0869043 0.126844 0.126865 0.0870087 0.0411391 0.0141253 0.00544309 0.00605132 0.0108039 0.018033 0.0265546 0.0346486 0.0406117 0.0437365 0.0447004 0.0449437 0.0455387 0.0464745 0.0468237 0.0454896
 1.11059e-16 5.75108e-05 0.000559026 0.00371492 0.0168875 0.0525434 0.11195 0.163398 0.163414 0.11203 0.0528121 0.0176647 0.00566984 0.00484046 0.0082303 0.013627 0.0198947 0.0256067 0.0293676 0.0305926 0.0298558 0.0284438 0.0274689 0.0272423 0.0272911 0.0268387
 1.04129e-16 6.68281e-05 0.000649593 0.00431678 0.0196234 0.0610559 0.130087 0.189868 0.189881 0.13015 0.0612691 0.0202396 0.00586465 0.00403252 0.00650334 0.010677 0.0154503 0.019595 0.0219124 0.0218669 0.0199015 0.0171183 0.0145844 0.0128059 0.0116799 0.0108013
 1.02642e-16 6.17321e-05 0.000600058 0.0039876 0.018127 0.0564001 0.120167 0.175391 0.175411 0.120264 0.0567254 0.0190668 0.00634688 0.00575133 0.00984776 0.0161901 0.0233344 0.0293822 0.032441 0.0316395 0.0276394 0.0221733 0.0169945 0.0130583 0.010408 0.00859045
 1.03291e-16 5.74676e-05 0.000558605 0.00371213 0.0168748 0.052504 0.111866 0.163276 0.163299 0.111975 0.0528693 0.0179305 0.00636397 0.00635423 0.0110838 0.0182835 0.02645 0.033506 0.0373631 0.037043 0.033228 0.0277385 0.0223838 0.0181013 0.0148874 0.0122908
 1.04999e-16 5.32752e-05 0.000517854 0.00344132 0.0156438 0.0486737 0.103705 0.151366 0.15139 0.103824 0.0490729 0.0167978 0.00634153 0.0068603 0.0121319 0.0200589 0.029094 0.0370139 0.0415777 0.0417398 0.0382308 0.0329724 0.0278275 0.0236877 0.0204391 0.0175379
 1.0471e-16 6.11335e-05 0.000594239 0.00394893 0.0179513 0.0558532 0.119002 0.17369 0.173706 0.119083 0.0561252 0.0187377 0.0059262 0.0049211 0.00830949 0.0137217 0.0199521 0.0254947 0.0288516 0.0293303 0.027423 0.0243973 0.0214472 0.019087 0.017155 0.0152307
 1.00988e-16 7.68192e-05 0.00074671 0.00496215 0.0225572 0.0701839 0.149534 0.218251 0.218256 0.149558 0.0702645 0.0227903 0.00554748 0.00202565 0.0025092 0.00403571 0.00582774 0.00737463 0.0082129 0.00813184 0.00729214 0.00610796 0.00498791 0.00413839 0.00354481 0.00308292
 1.02017e-16 3.49411e-05 0.00033964 0.00225703 0.0102601 0.0319234 0.0680181 0.0992853 0.0993372 0.0682717 0.0327748 0.0127182 0.00842308 0.0137872 0.0255362 0.0420612 0.0603523 0.0753998 0.0821207 0.078172 0.0653722 0.0485285 0.0326473 0.0206732 0.013042 0.00866388
 1.01918e-16 7.42065e-05 0.000721314 0.00479338 0.02179 0.0677969 0.144449 0.210828 0.210832 0.14447 0.0678673 0.0219944 0.00530969 0.0018597 0.00226915 0.00371956 0.00554972 0.00739109 0.0089067 0.00991652 0.0104555 0.0106628 0.0106087 0.0102265 0.00940018 0.00810865
 1.02519e-16 5.20253e-05 0.000505704 0.00336058 0.0152767 0.0475318 0.101273 0.147817 0.147849 0.10143 0.0480592 0.0167994 0.00718048 0.0088372 0.0158536 0.0260716 0.0374244 0.0467995 0.0510693 0.0488111 0.0411774 0.0311554 0.021822 0.0149356 0.0106677 0.00824024
 1.05056e-16 5.24277e-05 0.000509616 0.00338658 0.0153949 0.0478994 0.102055 0.148958 0.148981 0.102167 0.048274 0.0164787 0.00611312 0.00648193 0.0114541 0.0190065 0.0277306 0.0356099 0.0405927 0.0416825 0.0394442 0.0354585 0.0312119 0.0273468 0.023724 0.019987
 1.04824e-16 6.21579e-05 0.000604197 0.0040151 0.0182521 0.0567891 0.120996 0.1766 0.176615 0.121071 0.0570434 0.0189875 0.00586417 0.00465053 0.00777596 0.0128338 0.0186642 0.0238598 0.0270289 0.0275374 0.0258602 0.0231912 0.0206393 0.0186563 0.0170438 0.0153584
 1.03465e-16 6.28132e-05 0.000610567 0.00405743 0.0184445 0.0573878 0.122271 0.178462 0.17848 0.122357 0.0576762 0.0192776 0.00614968 0.00518128 0.00875332 0.0143979 0.0207977 0.0262891 0.0292218 0.0288417 0.0257305 0.0213865 0.0172947 0.0142167 0.0121134 0.0105376
 1.07554e-16 2.89534e-05 0.000281438 0.00187026 0.00850194 0.026453 0.0563626 0.082273 0.0823215 0.0565996 0.0272487 0.0108013 0.00764528 0.0128992 0.0240243 0.0397545 0.0574602 0.0726669 0.0808146 0.0797831 0.0711114 0.0588571 0.0470669 0.0378565 0.0312207 0.026097
 1.07397e-16 6.2537e-05 0.000607882 0.00403959 0.0183634 0.0571354 0.121733 0.177675 0.177684 0.121776 0.0572785 0.0187791 0.0050914 0.00293203 0.00455895 0.0076539 0.0115258 0.015557 0.0191393 0.0219678 0.0241318 0.0258591 0.0271513 0.027662 0.0269244 0.0247109
 1.06699e-16 5.3749e-05 0.00052246 0.00347193 0.0157829 0.0491066 0.104628 0.152713 0.152739 0.104754 0.0495306 0.0170076 0.00654626 0.00723451 0.0128041 0.0210928 0.0304102 0.0383229 0.0424083 0.0416009 0.0368509 0.0304896 0.0248104 0.0209573 0.0187723 0.0173904
 1.09832e-16 3.83994e-05 0.000373256 0.00248042 0.0112756 0.0350829 0.0747491 0.109106 0.10914 0.0749175 0.0356489 0.0129123 0.00659537 0.0093788 0.0172079 0.028561 0.0415462 0.0530991 0.0600984 0.0610826 0.0570477 0.0506098 0.0442565 0.0391011 0.0348834 0.0308078
 1.07483e-16 6.17701e-05 0.000600428 0.00399005 0.0181382 0.0564348 0.120241 0.175497 0.175509 0.120298 0.0566281 0.018698 0.00540117 0.00370063 0.00600794 0.00998846 0.0147463 0.0193148 0.0227464 0.0246105 0.025199 0.0252005 0.0251213 0.0249462 0.0242632 0.0226573
 1.05398e-16 5.8405e-05 0.000567718 0.00377268 0.0171501 0.0533604 0.113691 0.16594 0.165961 0.113795 0.0537114 0.0181641 0.00631877 0.00612819 0.0106261 0.0174953 0.0252496 0.031873 0.0353628 0.0348263 0.0310203 0.0258305 0.0211139 0.0178009 0.0157828 0.0144001
 1.09476e-16 3.09691e-05 0.000301031 0.00200046 0.00909381 0.0282945 0.060286 0.0879982 0.0880418 0.0604988 0.0290093 0.0111601 0.0071925 0.0116533 0.0216439 0.0358714 0.0519959 0.0660684 0.0740629 0.0741036 0.0675226 0.0578188 0.0484118 0.040981 0.03537 0.0305891
 1.17409e-16 3.80466e-05 0.000369826 0.00245763 0.011172 0.0347604 0.0740615 0.108099 0.10812 0.0741625 0.0351005 0.0121589 0.00495187 0.00587128 0.0106529 0.0179889 0.0269394 0.0360485 0.0438216 0.0495477 0.053563 0.0566447 0.0590792 0.0602613 0.0591318 0.0549975
 1.05729e-16 7.15589e-05 0.000695578 0.00462236 0.0210126 0.065378 0.139295 0.203306 0.203312 0.139325 0.0654783 0.0213029 0.00535317 0.00229815 0.00313691 0.00513167 0.00752922 0.00978464 0.0114091 0.012218 0.0124431 0.0125481 0.0128847 0.0134618 0.0139755 0.0140266
pSPR Fmed_Fpbrs
0.69428   0.20117 0.20117
Fs Fmed_Fpbrs
0.188654   1.005 1.005
SSBpbr Bo_Bmed_Bpbrs
2.10783e+06  1.35803e+06  318641 318641
Ro
203758
SPR SPRFo_SPRFmed_SPRFpbrs
1.45089e+06 1.00733e+06 291877
Fref
1.005
log_Ro
12.0447
likeval ReclasPelacesDesembMPH_pf_preclas_ppelaces_ptallas_desvR_qrecl_qpela
 15.767 16.9841 0.0935469 0.000806642 229.287 122.099 82.2731 0 22.7681 4.01036e-06 0 0.476185 0 0 0
q_reclas_q_pelaces
0.752936 1
M
1
N
 221925 49699.6 186037 10330.8 0.330602
 127523 74595.3 16441.2 61542.8 3417.66
 126006 39857.2 22652.8 4992.79 19727
 234129 39577.9 12174.2 6919.24 7550.57
 187089 68419.3 11104.9 3415.89 4059.98
 304028 63782.9 23014.2 3735.35 2514.66
 128327 96076.5 19622.2 7080.11 1922.76
 60572.7 34044.6 24058.3 4913.57 2254.39
 54611.9 21175.3 11794.7 8334.96 2483.32
 70373 16441.1 6153.06 3427.28 3143.55
 127845 19901.1 4438.33 1661.04 1773.82
 164609 43958.6 6761.65 1507.98 1167.04
 138126 44264.9 11184.3 1720.35 680.597
 97853.1 37920.2 11539.8 2915.73 625.924
 99753.8 22399.1 7982.29 2429.16 745.527
 505604 26725.7 5674.2 2022.09 804.22
 115917 140702 7079.54 1503.07 748.679
 769329 35561.6 41802.4 2103.33 668.995
 459240 234872 10505 12348.5 818.948
 363227 129140 62985.1 2817.09 3531.08
 521905 105631 36027.9 17571.9 1771.04
 699738 160565 31487.3 10739.4 5765.86
 151327 204993 45183.7 8860.66 4644.67
 443232 48688.3 64411.5 14197.3 4243.56
 373835 145259 15634 20682.8 5921.45
 169808 122241 46520.2 5006.89 8520.18
 373556 56798.1 40206.1 15300.9 4449.17
 415649 122566 18263 12928 6350.49
 122979 138943 40284.2 6002.55 6336.3
 95017.6 41068.9 45613.8 13224.9 4050.73
 447767 30455.4 12847 14268.7 5404.1
pred_Ctot
 12197.6 3193.22 11952.9 663.761 0.0212413
 12286.7 8359 1842.36 6896.37 382.976
 11796.1 4341.1 2467.26 543.797 2148.59
 31010 6068.94 1866.82 1061.01 1157.82
 8720.03 3731.6 605.663 186.303 221.432
 27434 6698.96 2417.13 392.315 264.108
 23228.5 20006.8 4086.11 1474.35 400.393
 1912.18 1259.88 890.323 181.836 83.4279
 6374.23 2867.17 1597.02 1128.57 336.247
 10511.1 2836.87 1061.7 591.369 542.413
 5309.48 967.737 215.824 80.7722 86.2563
 28714.9 8829.48 1358.14 302.891 234.41
 22688.1 8383.08 2118.12 325.806 128.894
 24279.4 10725.5 3263.97 824.696 177.039
 17581 4544.45 1619.49 492.841 151.256
 79624.3 4857.03 1031.21 367.487 146.156
 12350.1 17412.7 876.137 186.015 92.6537
 84000 4508.65 5299.88 266.668 84.8179
 69908 41287.9 1846.65 2170.73 143.962
 49028.5 20174.5 9839.67 440.092 551.633
 54804.3 12886.7 4395.29 2143.71 216.061
 91770.3 24383.9 4781.76 1630.93 875.622
 12129.1 19147.8 4220.48 827.649 433.845
 30869.8 3956.93 5234.77 1153.83 344.877
 26518.4 12021.9 1293.9 1711.74 490.07
 9819.91 8260.85 3143.76 338.357 575.78
 25768.3 4572.26 3236.6 1231.72 358.159
 24185.1 8333.58 1241.74 879.004 431.784
 7226.5 9539.89 2765.93 412.137 435.052
 7819.1 3937.51 4373.25 1267.95 388.367
 19892.2 1583.64 668.028 741.956 281.006
F
 0.090264 0.10621 0.10621 0.10621 0.10621
 0.162998 0.191793 0.191793 0.191793 0.191793
 0.158057 0.185979 0.185979 0.185979 0.185979
 0.230216 0.270886 0.270886 0.270886 0.270886
 0.0761002 0.0895438 0.0895438 0.0895438 0.0895438
 0.151974 0.178822 0.178822 0.178822 0.178822
 0.326912 0.384663 0.384663 0.384663 0.384663
 0.0510114 0.0600229 0.0600229 0.0600229 0.0600229
 0.200469 0.235883 0.235883 0.235883 0.235883
 0.263036 0.309504 0.309504 0.309504 0.309504
 0.0675704 0.0795072 0.0795072 0.0795072 0.0795072
 0.313381 0.368742 0.368742 0.368742 0.368742
 0.292683 0.344387 0.344387 0.344387 0.344387
 0.474444 0.558258 0.558258 0.558258 0.558258
 0.317078 0.373092 0.373092 0.373092 0.373092
 0.279111 0.328418 0.328418 0.328418 0.328418
 0.181606 0.213688 0.213688 0.213688 0.213688
 0.186478 0.21942 0.21942 0.21942 0.21942
 0.268678 0.316142 0.316142 0.316142 0.316142
 0.235073 0.2766 0.2766 0.2766 0.2766
 0.178786 0.21037 0.21037 0.21037 0.21037
 0.227732 0.267962 0.267962 0.267962 0.267962
 0.134008 0.157681 0.157681 0.157681 0.157681
 0.115573 0.135989 0.135989 0.135989 0.135989
 0.11782 0.138633 0.138633 0.138633 0.138633
 0.0951637 0.111975 0.111975 0.111975 0.111975
 0.114413 0.134625 0.134625 0.134625 0.134625
 0.0957748 0.112694 0.112694 0.112694 0.112694
 0.0967617 0.113855 0.113855 0.113855 0.113855
 0.137798 0.162141 0.162141 0.162141 0.162141
 0.0724252 0.0852196 0.0852196 0.0852196 0.0852196
nmprior
 8 9 7.5 0
nm_flota  nm_reclas  nm_pelaces    nm_pelaL
inf 12.399 14.3927 24.5341
cv_recla  cv_pelaces  cv_mph
0.359169 0.484938 0.876487
 ------------------------------------------------
Talla a la edad & desviación 
 8 13.2811 15.8009 17.003 17.5766
 0.8 1.32811 1.58009 1.7003 1.75766
