    unsorted:	 2.380783271e-06 2.204850514e-06 6.100412698e-05 4.986491887e-05 8.986808643e-05 0.001099992450 4.635321597 13.29615624 53.99972424 65.80126086 155.9036366 224.0721704 240.3169661 307.1101187 466.0838860 573.0048523 642.2641082 757.7486069 811.7543325 923.0240313 879.4922871 962.6312288 1077.470023 1106.264129 1362.437789 1378.637295 1633.874556 1770.069385 1885.519775 1982.004562 2169.233751 2294.827066 2364.555820 2490.955284 2525.685335 2595.175525 2768.555206 3094.298656 3113.825401 3118.563243 3624.942475 3760.100084 4207.712079 8268.371557 40000.97325 158298.5409 392492.6583 389370.5222 400201.5575 374736.9292 364107.3403 417430.3845 441895.2601 446853.4714 457251.5102 336928.2444 275745.2711 504690.9745 592596.8042 610232.7671 659741.7893 665845.6543 693414.2629 940533.0338 1023029.121 1089513.108 1191669.210 1449998.044 1495257.082 1655248.026 1762459.415 2354428.317 2400637.256 2598889.712 2725939.384 2966130.384 3275139.882
      sorted:	 2.204850514e-06 2.380783271e-06 4.986491887e-05 6.100412698e-05 8.986808643e-05 0.001099992450 4.635321597 13.29615624 53.99972424 65.80126086 155.9036366 224.0721704 240.3169661 307.1101187 466.0838860 573.0048523 642.2641082 757.7486069 811.7543325 879.4922871 923.0240313 962.6312288 1077.470023 1106.264129 1362.437789 1378.637295 1633.874556 1770.069385 1885.519775 1982.004562 2169.233751 2294.827066 2364.555820 2490.955284 2525.685335 2595.175525 2768.555206 3094.298656 3113.825401 3118.563243 3624.942475 3760.100084 4207.712079 8268.371557 40000.97325 158298.5409 275745.2711 336928.2444 364107.3403 374736.9292 389370.5222 392492.6583 400201.5575 417430.3845 441895.2601 446853.4714 457251.5102 504690.9745 592596.8042 610232.7671 659741.7893 665845.6543 693414.2629 940533.0338 1023029.121 1089513.108 1191669.210 1449998.044 1495257.082 1655248.026 1762459.415 2354428.317 2400637.256 2598889.712 2725939.384 2966130.384 3275139.882
