years
 1991 1992 1993 1994 1995 1996 1997 1998 1999 2000 2001 2002 2003 2004 2005 2006 2007 2008 2009 2010 2011 2012 2013 2014 2015 2016 2017 2018 2019 2020 2021
reclasobs
 0 0 0 0 0 0 0 0 0 252601 567819 844713 477998 351125 339783 2.1784e+06 2.13404e+06 4.81314e+06 1.55562e+06 2.62356e+06 3.21686e+06 3.843e+06 1.13348e+06 3.07943e+06 1.97215e+06 2.03268e+06 2.025e+06 2.42433e+06 2.27542e+06 1.05018e+06 2.36338e+06
reclaspred
 2.68063e+06 1.12474e+06 574138 312622 98859.8 1.00448e+06 414344 178891 77787.6 176125 316788 494995 456510 316535 265861 1.20782e+06 893652 2.95153e+06 2.30741e+06 1.3672e+06 2.59378e+06 2.28914e+06 1.46182e+06 2.58826e+06 1.78867e+06 1.27624e+06 1.81653e+06 2.39196e+06 1.78856e+06 792599 691393
pelacesobs
 0 0 0 0 0 0 0 0 0 0 0 0 0 0 0 552880 188675 0 991730 2.46772e+06 1.41603e+06 1.21717e+06 2.29649e+06 1.80582e+06 0 1.4828e+06 1.56532e+06 1.57751e+06 1.42118e+06 867257 0
pelacespred
 1.28793e+06 573965 264917 96490.4 34267.8 445007 139072 82914.7 21336.7 67195.4 140662 186432 189460 130563 111548 465429 346006 1.38439e+06 1.07308e+06 602488 1.11662e+06 1.01744e+06 652374 1.30721e+06 863169 611203 1.00211e+06 1.28648e+06 799955 416362 323374
mphobs
 0 0 0 0 0 0 0 0 0 0 0 498337 0 5186 125008 0 168611 109162 213762 579715 649985 157893 87575 83554 0 0 0 0 0 0 0
mphpred
 2.75062e+06 1.42356e+06 469127 304657 112007 38588.1 528967 162780 66046.7 17278.4 71393.8 213575 256574 189527 101905 113280 776427 521959 1.71763e+06 1.15197e+06 944455 1.33184e+06 1.36281e+06 884681 1.45366e+06 1.06566e+06 697391 944439 1.66422e+06 948072 327299
desembarqueobs
 494567 514787 250237 358949 120608 361735 552515 73892 212993 205616 52469 317467 293654 387597 252695 516296 358380 742168 942051 627588 828172 859565 418607 520667 417249 300574 407403 355545 319650 289779 219260
desembarquepred
 494541 515125 249345 358925 120572 361589 551913 73874.8 212779 205500 52465.6 317316 293492 387199 252520 516053 358309 741877 941240 626983 827889 859091 418467 520556 417102 300463 407278 355449 319551 289656 219226
Reclutas
 39607.3 27891.4 165214 25316.9 12063.1 295222 23824 6135.62 19292.3 72636.7 80412.4 133302 94525.4 69251.9 55318.3 446399 27392.2 785679 328750 192353 428769 585924 38802.1 337857 217763 64449.9 273471 351864 34650.3 18562.9 111346
log_desv_Rt
 -0.80757 -1.15827 0.620657 -1.25511 -1.99643 1.20114 -1.31589 -2.67247 -1.52688 -0.201114 -0.0994163 0.406034 0.0622839 -0.248834 -0.473482 1.61463 -1.17633 2.17996 1.30871 0.772746 1.57433 1.8866 -0.828111 1.33604 0.896825 -0.320696 1.12461 1.37666 -0.941279 -1.56542 0.226058
SSB
 2.75062e+06 1.42356e+06 469127 304657 112007 38588.1 528967 162780 66046.7 17278.4 71393.8 213575 256574 189527 101905 113280 776427 521959 1.71763e+06 1.15197e+06 944455 1.33184e+06 1.36281e+06 884681 1.45366e+06 1.06566e+06 697391 944439 1.66422e+06 948072 327299
BT
 3.415e+06 1.86927e+06 854620 498644 186206 1.34729e+06 806197 260560 249014 351404 367712 691324 702190 704198 510030 1.48257e+06 1.08043e+06 3.86161e+06 3.36669e+06 1.97224e+06 3.26997e+06 3.1272e+06 1.86859e+06 3.50725e+06 2.38042e+06 1.68433e+06 2.73746e+06 3.31874e+06 2.11098e+06 1.26667e+06 950764
Ftot
 0.17576 0.425968 0.435749 1.00907 1.07251 0.404363 1.1341 0.395365 2.19447 1.19247 0.182836 0.64967 0.639682 1.16327 0.958063 0.472336 0.379096 0.277408 0.404179 0.450456 0.333119 0.38558 0.273121 0.215974 0.232992 0.230913 0.240526 0.160725 0.170615 0.345005 0.333936
BD_Bspro_t
 0.97227 0.785026 0.52289 0.447443 0.205512 0.111522 0.509947 0.212695 0.133236 0.0515246 0.212602 0.51005 0.421959 0.316908 0.197413 0.221839 0.53522 0.431564 0.647493 0.519968 0.432019 0.514736 0.544853 0.478819 0.629901 0.614194 0.576723 0.673401 0.765562 0.652665 0.492612
BD_Bspro
 4.34922 2.2509 0.741773 0.481717 0.177103 0.0610146 0.836392 0.257384 0.104432 0.0273203 0.112886 0.3377 0.405689 0.299676 0.16113 0.179116 1.22767 0.82531 2.71588 1.82148 1.49335 2.10588 2.15484 1.39884 2.2985 1.685 1.1027 1.49333 2.63142 1.49907 0.517518
BD_Bo
 1.5706 0.812848 0.26787 0.173959 0.0639559 0.0220337 0.302039 0.0929471 0.0377125 0.00986594 0.0407657 0.121951 0.146503 0.10822 0.0581876 0.0646825 0.443338 0.298037 0.980763 0.657774 0.539282 0.760479 0.778159 0.505151 0.830037 0.608489 0.398209 0.539273 0.950264 0.541347 0.186887
BD_Brms
 10.0029 5.17691 1.70603 1.10792 0.407326 0.140329 1.92364 0.591966 0.240185 0.0628347 0.259631 0.776687 0.933056 0.689235 0.370588 0.411953 2.82355 1.89816 6.24634 4.18927 3.43461 4.84338 4.95598 3.21723 5.28638 3.87538 2.53613 3.43455 6.05209 3.44776 1.19025
Sel_flota
 0.821372 1 1 1 1
 0.821372 1 1 1 1
 0.821372 1 1 1 1
 0.821372 1 1 1 1
 0.821372 1 1 1 1
 0.821372 1 1 1 1
 0.821372 1 1 1 1
 0.821372 1 1 1 1
 0.821372 1 1 1 1
 0.821372 1 1 1 1
 0.821372 1 1 1 1
 0.821372 1 1 1 1
 0.821372 1 1 1 1
 0.821372 1 1 1 1
 0.821372 1 1 1 1
 0.821372 1 1 1 1
 0.821372 1 1 1 1
 0.821372 1 1 1 1
 0.821372 1 1 1 1
 0.821372 1 1 1 1
 0.821372 1 1 1 1
 0.821372 1 1 1 1
 0.821372 1 1 1 1
 0.821372 1 1 1 1
 0.821372 1 1 1 1
 0.821372 1 1 1 1
 0.821372 1 1 1 1
 0.821372 1 1 1 1
 0.821372 1 1 1 1
 0.821372 1 1 1 1
 0.821372 1 1 1 1
Sel_reclas
 1 1 1 1 1
 1 1 1 1 1
 1 1 1 1 1
 1 1 1 1 1
 1 1 1 1 1
 1 1 1 1 1
 1 1 1 1 1
 1 1 1 1 1
 1 1 1 1 1
 1 1 1 1 1
 1 1 1 1 1
 1 1 1 1 1
 1 1 1 1 1
 1 1 1 1 1
 1 1 1 1 1
 1 1 1 1 1
 1 1 1 1 1
 1 1 1 1 1
 1 1 1 1 1
 1 1 1 1 1
 1 1 1 1 1
 1 1 1 1 1
 1 1 1 1 1
 1 1 1 1 1
 1 1 1 1 1
 1 1 1 1 1
 1 1 1 1 1
 1 1 1 1 1
 1 1 1 1 1
 1 1 1 1 1
 1 1 1 1 1
Sel_pelaces
 1 1 1 1 1
 1 1 1 1 1
 1 1 1 1 1
 1 1 1 1 1
 1 1 1 1 1
 1 1 1 1 1
 1 1 1 1 1
 1 1 1 1 1
 1 1 1 1 1
 1 1 1 1 1
 1 1 1 1 1
 1 1 1 1 1
 1 1 1 1 1
 1 1 1 1 1
 1 1 1 1 1
 1 1 1 1 1
 1 1 1 1 1
 1 1 1 1 1
 1 1 1 1 1
 1 1 1 1 1
 1 1 1 1 1
 1 1 1 1 1
 1 1 1 1 1
 1 1 1 1 1
 1 1 1 1 1
 1 1 1 1 1
 1 1 1 1 1
 1 1 1 1 1
 1 1 1 1 1
 1 1 1 1 1
 1 1 1 1 1
pf_obs 
 0.8446 0.082 0.0669 0.0065 0
 0.8095 0.147 0.0364 0.0071 0
 0.9664 0.0169 0.016 0.0007 0
 0.9276 0.0648 0.0075 0.0001 0
 0.7033 0.2144 0.0806 0.0017 0
 0.9318 0.0425 0.0243 0.0014 0
 0.5671 0.3108 0.0964 0.0239 0.0018
 0.0768 0.2599 0.5324 0.112 0.0189
 0.490249 0.384438 0.106611 0.0170017 0.00170017
 0.7925 0.1577 0.0466 0.003 0.0002
 0.840416 0.127587 0.0312969 0.00059994 9.999e-05
 0.8084 0.0986 0.0794 0.0134 0.0002
 0.7335 0.1905 0.0724 0.0035 0.0001
 0.4001 0.4547 0.1325 0.0127 0
 0.49795 0.308269 0.164784 0.0264974 0.00249975
 0.9179 0.0499 0.0305 0.0017 0
 0.2467 0.6533 0.0926 0.0074 0
 0.9418 0.0223 0.034 0.0019 0
 0.707729 0.231977 0.0356964 0.0245975 0
 0.517169 0.277429 0.184464 0.0207286 0.00020938
 0.811772 0.124168 0.05621 0.00726502 0.000585176
 0.764997 0.148141 0.077277 0.00933861 0.000247198
 0.163321 0.427699 0.378323 0.0303852 0.000271297
 0.753843 0.0900009 0.118128 0.0371064 0.000921714
 0.721811 0.176058 0.0630433 0.0369309 0.00215725
 0.143369 0.312575 0.442814 0.0836902 0.0175525
 0.692698 0.0596174 0.167031 0.0765114 0.00414204
 0.394062 0.376323 0.152708 0.0712218 0.00568511
 0.125707 0.32114 0.495352 0.0537591 0.00404204
 0.23352 0.215282 0.420074 0.123614 0.00750983
 0 0 0 0 0
pf_pred 
 0.157859 0.239025 0.534545 0.0685695 7.45023e-07
 0.26087 0.139438 0.170211 0.380652 0.0488292
 0.857218 0.0443241 0.0185742 0.0226734 0.0572102
 0.315547 0.605476 0.0245172 0.010274 0.0441864
 0.501836 0.192757 0.270167 0.0109397 0.0243005
 0.987482 0.00728131 0.00202633 0.00284009 0.000370458
 0.210409 0.781802 0.00453068 0.00126085 0.00199771
 0.288663 0.192396 0.513822 0.00297768 0.00214161
 0.786805 0.0725467 0.0380412 0.101594 0.0010122
 0.979126 0.0178729 0.00102118 0.000535473 0.00144431
 0.867899 0.130122 0.00169423 9.68006e-05 0.00018767
 0.800022 0.178136 0.0215146 0.000280126 4.70347e-05
 0.702878 0.249494 0.0424259 0.00512404 7.79186e-05
 0.69168 0.233008 0.06324 0.0107538 0.00131856
 0.788741 0.160145 0.0386285 0.010484 0.00200138
 0.971556 0.0237643 0.00354741 0.000855668 0.000276567
 0.168561 0.81288 0.0155052 0.00231454 0.000738736
 0.948038 0.010631 0.0404087 0.000770771 0.00015178
 0.536229 0.444354 0.00397252 0.0150997 0.000344734
 0.527887 0.281062 0.183052 0.00163648 0.00636235
 0.81277 0.110188 0.0458652 0.0298715 0.00130529
 0.777018 0.188566 0.0202542 0.00843077 0.00573079
 0.144412 0.697857 0.133387 0.0143273 0.0100175
 0.811881 0.0328555 0.12664 0.0242056 0.00441784
 0.59569 0.340908 0.0110735 0.0426819 0.00964709
 0.345113 0.424213 0.194501 0.00631782 0.0298556
 0.822139 0.070562 0.0695046 0.0318677 0.00592679
 0.751155 0.212111 0.014573 0.0143546 0.00780561
 0.166951 0.657233 0.149863 0.0102963 0.0156568
 0.219097 0.155407 0.493485 0.112525 0.0194869
 0.826542 0.0454064 0.0254834 0.0809213 0.0216472
pobs_RECLAS
 0 0 0 0 0
 0 0 0 0 0
 0 0 0 0 0
 0 0 0 0 0
 0 0 0 0 0
 0 0 0 0 0
 0 0 0 0 0
 0 0 0 0 0
 0 0 0 0 0
 0 0 0 0 0
 0.991045 0.00858322 0.000360255 1.14367e-05 0
 0.934742 0.0480273 0.0164251 0.00080598 0
 0.827803 0.169806 0.00239088 0 0
 0.941827 0.0461693 0.0120037 0 0
 0.791401 0.0380133 0.147996 0.0225897 0
 0.846168 0.0940531 0.0597789 0 0
 0.134021 0.677848 0.182769 0.00536245 0
 0.80878 0.0450904 0.141981 0.00414843 0
 0.846168 0.0940531 0.0597789 0 0
 0.905697 0.0802665 0.012482 0.00150086 5.37128e-05
 0.989698 0.0102097 9.19794e-05 0 0
 0.975433 0.0193895 0.00387452 0.00125025 5.28907e-05
 0.303575 0.632131 0.0575291 0.00676475 0
 0.966965 0.00978017 0.0227588 0.000495775 0
 0.843318 0.132988 0.00938335 0.0141283 0.000182051
 0.564624 0.303363 0.111486 0.0197234 0.00080311
 0.826376 0.0876187 0.0782897 0.00655872 0.00115652
 0.89761 0.0855135 0.0140674 0.00269457 0.000114338
 0.34875 0.467042 0.161289 0.0227151 0.000203297
 0.318654 0.224769 0.449479 0.00709798 0
 0.937255 0.0296025 0.0250945 0.00804832 0
ppred_RECLAS
 0.18626 0.230964 0.516518 0.066257 7.19897e-07
 0.302348 0.131613 0.160659 0.359291 0.046089
 0.88058 0.0370719 0.0155351 0.0189636 0.0478496
 0.365785 0.561034 0.0227177 0.00951991 0.0409431
 0.558185 0.170954 0.239608 0.0097023 0.0215519
 0.989776 0.00594686 0.00165496 0.00231958 0.000302564
 0.250955 0.741656 0.00429802 0.0011961 0.00189512
 0.332402 0.180566 0.482227 0.00279459 0.00200993
 0.830385 0.0577172 0.0302651 0.0808273 0.000805296
 0.983366 0.0142426 0.00081376 0.00042671 0.00115094
 0.88918 0.10916 0.0014213 8.12064e-05 0.000157437
 0.831738 0.149885 0.0181025 0.0002357 3.95753e-05
 0.745033 0.214096 0.0364066 0.00439705 6.68637e-05
 0.738489 0.197633 0.0536389 0.00912118 0.00111837
 0.823376 0.13389 0.0322954 0.0087652 0.00167326
 0.97674 0.0194335 0.00290093 0.000699731 0.000226166
 0.199135 0.782989 0.014935 0.00222943 0.000711571
 0.957127 0.00877135 0.0333402 0.000635945 0.00012523
 0.586602 0.39609 0.00354104 0.0134596 0.00030729
 0.578739 0.250788 0.163335 0.00146021 0.00567705
 0.841733 0.0931426 0.0387703 0.0252507 0.00110338
 0.810411 0.160327 0.0172211 0.00716822 0.00487258
 0.171165 0.676036 0.129216 0.0138793 0.00970429
 0.840616 0.0278369 0.107296 0.0205082 0.00374303
 0.643003 0.301014 0.00977763 0.0376872 0.00851817
 0.3918 0.393971 0.180634 0.00586742 0.0277272
 0.849661 0.0596433 0.0587494 0.0269365 0.00500968
 0.786549 0.181942 0.0125003 0.012313 0.0066954
 0.196591 0.633849 0.144531 0.00992992 0.0150998
 0.25586 0.14809 0.470253 0.107227 0.0185695
 0.85376 0.0382815 0.0214848 0.0682237 0.0182504
pobs_PELACES
 0 0 0 0 0
 0 0 0 0 0
 0 0 0 0 0
 0 0 0 0 0
 0 0 0 0 0
 0 0 0 0 0
 0 0 0 0 0
 0 0 0 0 0
 0 0 0 0 0
 0 0 0 0 0
 0 0 0 0 0
 0 0 0 0 0
 0 0 0 0 0
 0 0 0 0 0
 0 0 0 0 0
 0 0 0 0 0
 0.505614 0.472636 0.0217494 0 0
 0 0 0 0 0
 0.443492 0.261883 0.143347 0.151278 0
 0.227955 0.32914 0.350689 0.0885471 0.00366901
 0.970185 0.0296113 0.000203453 0 0
 0.997202 0.00247181 0.000326279 0 0
 0.445219 0.490057 0.0546422 0.010081 0
 0.90214 0.0892962 0.00764917 0.000914606 0
 0 0 0 0 0
 0.581667 0.319106 0.0959925 0.00289975 0.000334073
 0.762889 0.0836404 0.116647 0.0363945 0.000428098
 0.88444 0.0763242 0.0277011 0.0115352 0
 0.521256 0.241999 0.230069 0.00667565 0
 0.616807 0.101726 0.260614 0.0208532 0
 0 0 0 0 0
ppred_PELACES
 0.187836 0.230517 0.515518 0.0661287 7.18503e-07
 0.30767 0.130609 0.159433 0.35655 0.0457374
 0.883255 0.0362416 0.0151871 0.0185389 0.0467778
 0.379691 0.548733 0.0222195 0.00931117 0.0400454
 0.573714 0.164945 0.231186 0.00936129 0.0207944
 0.990014 0.00580818 0.00161637 0.00226549 0.000295508
 0.26373 0.729007 0.00422472 0.0011757 0.0018628
 0.337594 0.179162 0.478477 0.00277286 0.00199429
 0.847834 0.0517795 0.0271515 0.0725121 0.00072245
 0.984478 0.0132909 0.00075938 0.000398195 0.00107403
 0.890238 0.108118 0.00140773 8.04314e-05 0.000155934
 0.837029 0.145171 0.0175332 0.000228288 3.83307e-05
 0.75213 0.208137 0.0353933 0.00427467 6.50027e-05
 0.751513 0.18779 0.0509674 0.0086669 0.00106267
 0.83144 0.127777 0.030821 0.00836503 0.00159687
 0.977364 0.0189119 0.00282308 0.000680952 0.000220096
 0.202723 0.779481 0.0148681 0.00221944 0.000708383
 0.957793 0.00863509 0.0328223 0.000626066 0.000123284
 0.592367 0.390566 0.00349165 0.0132719 0.000303005
 0.585199 0.246942 0.160831 0.00143782 0.00558999
 0.844331 0.0916134 0.0381338 0.0248361 0.00108526
 0.813878 0.157395 0.0169061 0.00703711 0.00478346
 0.173461 0.674163 0.128858 0.0138409 0.0096774
 0.842314 0.0275403 0.106152 0.0202897 0.00370314
 0.646149 0.298361 0.00969145 0.0373551 0.00844309
 0.395049 0.391866 0.17967 0.00583608 0.0275791
 0.851463 0.0589283 0.0580452 0.0266136 0.00494962
 0.788135 0.18059 0.0124074 0.0122214 0.00664565
 0.198184 0.632592 0.144244 0.00991023 0.0150698
 0.259752 0.147316 0.467794 0.106667 0.0184724
 0.8562 0.0376426 0.0211262 0.0670851 0.0179459
pobs_pel_tallas
 0 0 0 0 0 0 0 0 0 0 0 0 0 0 0 0 0 0 0 0 0 0 0 0 0 0
 0 0 0 0 0 0 0 0 0 0 0 0 0 0 0 0 0 0 0 0 0 0 0 0 0 0
 0 0 0 0 0 0 0 0 0 0 0 0 0 0 0 0 0 0 0 0 0 0 0 0 0 0
 0 0 0 0 0 0 0 0 0 0 0 0 0 0 0 0 0 0 0 0 0 0 0 0 0 0
 0 0 0 0 0 0 0 0 0 0 0 0 0 0 0 0 0 0 0 0 0 0 0 0 0 0
 0 0 0 0 0 0 0 0 0 0 0 0 0 0 0 0 0 0 0 0 0 0 0 0 0 0
 0 0 0 0 0 0 0 0 0 0 0 0 0 0 0 0 0 0 0 0 0 0 0 0 0 0
 0 0 0 0 0 0 0 0 0 0 0 0 0 0 0 0 0 0 0 0 0 0 0 0 0 0
 0 0 0 0 0 0 0 0 0 0 0 0 0 0 0 0 0 0 0 0 0 0 0 0 0 0
 0 0 0 0 0 0 0 0 0 0 0 0 0 0 0 0 0 0 0 0 0 0 0 0 0 0
 0 0 0 0 0 0 0 0 0 0 0 0 0 0 0 0 0 0 0 0 0 0 0 0 0 0
 0 0 0 0 0 0 0 0 0 0 0 0 0 0 0 0 0 0 0 0 0 0 0 0 0 0
 0.00862536 0 0 0.000197151 0.00414017 0.0128641 0.00837892 0.0270097 0.101434 0.158115 0.152841 0.127902 0.109271 0.109419 0.0830992 0.0579132 0.0238553 0.00714673 0.00463305 0.00128148 0.00103504 0.000492878 0.000147863 0.000147863 4.92878e-05 0
 0 0 0 0 0 0 0 0 0 0 0 0 0 0 0 0 0 0 0 0 0 0 0 0 0 0
 0 0 0 0 0 0 0 0.0054083 0.00873648 0.0413646 0.0450493 0.0745869 0.0622846 0.0627006 0.0613931 0.0827291 0.12552 0.122667 0.0946155 0.0697135 0.0546179 0.0294188 0.0215738 0.0213955 0.0102223 0.00600262
 0 0 0 0 0.00359764 0.0251062 0.0480494 0.140153 0.205849 0.193036 0.1447 0.116669 0.0760912 0.0342217 0.00950174 0.001854 0.000860785 0 0 0 0.000165536 0 0.000143464 0 0 0
 0 0 0 0 0 0 0 0.000145254 0.000435761 0.0275982 0.070085 0.0708112 0.156366 0.174668 0.174014 0.160142 0.0824315 0.0480064 0.0283245 0.00493863 0.00203355 0 0 0 0 0
 0 0 0 0 0 0 0 0 0 0 0 0 0 0 0 0 0 0 0 0 0 0 0 0 0 0
 0 0 1.00437e-05 0.000401748 0.00122533 0.00171747 0.00176769 0.0269171 0.070346 0.194647 0.189555 0.159765 0.064822 0.0314167 0.0384472 0.0292271 0.0345202 0.0313363 0.0194345 0.0106764 0.0143323 0.0359363 0.0279516 0.0138201 0.00172751 0
 0 0.0021121 0.0136068 0.0755702 0.200478 0.177729 0.0527432 0.0373336 0.0318909 0.0142505 0.0149659 0.0166563 0.0217959 0.0798694 0.0677717 0.0528807 0.04013 0.0224614 0.0357745 0.0225083 0.00881397 0.00855152 0.00135912 0.000746735 0 0
 0 0 0 0 5.4009e-05 0.00500934 0.000945158 0.0243581 0.138947 0.33067 0.221406 0.137944 0.0707744 0.0437923 0.0131692 0.00525238 0.0047753 0.00276346 9.45158e-05 9.00151e-06 2.25038e-05 9.00151e-06 4.50075e-06 0 0 0
 0.000866109 0.00284123 0.00948549 0.0512746 0.133035 0.25785 0.225252 0.132002 0.0553304 0.0519788 0.0540692 0.017754 0.00435017 0.00159236 0.00146478 0.000404838 0.000125132 0.000115318 0.000107957 0.000100596 0 0 0 0 0 0
 0 0 0 0 0.00144013 0.00171154 0.00461396 0.0210425 0.0478622 0.0707936 0.0888783 0.103762 0.0637923 0.0337046 0.0602308 0.124433 0.169614 0.0934646 0.0462172 0.0250306 0.0313229 0.00938855 0.002487 0.000210481 0 0
 0 0.00764035 0.051015 0.0998891 0.058973 0.0496711 0.0374665 0.0718981 0.12319 0.153886 0.159021 0.0857701 0.0377988 0.023471 0.0147837 0.00900784 0.00315554 0.000888139 0.00291439 0.00214683 0.00393193 0.00274676 0.000635225 9.99891e-05 0 0
 0 0 0 0 0 0 0 0 0 0 0 0 0 0 0 0 0 0 0 0 0 0 0 0 0 0
 0 0 0 0 0 0 0 0 0 0 0 0 0 0 0 0 0 0 0 0 0 0 0 0 0 0
 0 0 0 0 0 0 0 0 0 0 0 0 0 0 0 0 0 0 0 0 0 0 0 0 0 0
 0 0 0 0 0 0 0 0 0 0 0 0 0 0 0 0 0 0 0 0 0 0 0 0 0 0
 0 0 0 0 0 0 0 0 0 0 0 0 0 0 0 0 0 0 0 0 0 0 0 0 0 0
 0 0 0 0 0 0 0 0 0 0 0 0 0 0 0 0 0 0 0 0 0 0 0 0 0 0
 0 0 0 0 0 0 0 0 0 0 0 0 0 0 0 0 0 0 0 0 0 0 0 0 0 0
ppred_pel_tallas
 1.21568e-16 1.54718e-05 0.000150392 0.000999406 0.00454317 0.0141356 0.0301183 0.0439633 0.0439863 0.0302309 0.0145161 0.00565199 0.0038196 0.00642898 0.0122973 0.0212379 0.0327642 0.0457274 0.0588112 0.071183 0.0825371 0.0923955 0.0994105 0.101549 0.0971986 0.086329
 1.48132e-16 2.53424e-05 0.000246337 0.001637 0.00744157 0.0231535 0.0493316 0.0720035 0.0720165 0.049395 0.0233675 0.00806454 0.00321981 0.00376673 0.00690919 0.0119219 0.0184968 0.0261994 0.0347591 0.0444734 0.0561179 0.0701949 0.0859993 0.101254 0.112695 0.11731
 1.10223e-16 7.27525e-05 0.00070718 0.00469946 0.0213631 0.0664685 0.141618 0.206697 0.2067 0.141635 0.0665264 0.021531 0.00512269 0.00163731 0.00185855 0.0030114 0.00446747 0.00593119 0.00718829 0.00822647 0.00928224 0.0106984 0.0126749 0.0150883 0.0174948 0.019299
 1.08493e-16 3.12748e-05 0.000304002 0.0020202 0.00918358 0.0285738 0.0608815 0.0888694 0.0889222 0.0611395 0.0294398 0.011684 0.00829267 0.0139844 0.025977 0.0428037 0.0614484 0.0768513 0.0839023 0.0803087 0.0680319 0.0520595 0.0375124 0.0272873 0.021578 0.0189132
 1.11172e-16 4.72561e-05 0.000459346 0.00305252 0.0138763 0.0431744 0.0919882 0.134263 0.134279 0.0920677 0.043442 0.0146535 0.00501903 0.00480412 0.00845059 0.0142914 0.0215036 0.0289595 0.0354771 0.0404175 0.0438751 0.0462363 0.0475414 0.0472857 0.0448303 0.040005
 1.00326e-16 8.15462e-05 0.000792658 0.00526749 0.0239452 0.0745026 0.158736 0.231679 0.23168 0.158738 0.0745118 0.0239719 0.00533457 0.000939465 0.000361496 0.000471645 0.000679054 0.000870485 0.000992779 0.00102582 0.00099034 0.000932099 0.000890653 0.000877035 0.000874157 0.00085404
 1.00742e-16 2.17232e-05 0.000211158 0.00140322 0.00637888 0.0198474 0.0422896 0.0617376 0.0618077 0.0426321 0.0209968 0.0096967 0.00972352 0.0183483 0.0343903 0.0566176 0.0810834 0.100967 0.109337 0.103004 0.0844887 0.0604483 0.037884 0.0210116 0.0105717 0.00510129
 1.1447e-16 2.78072e-05 0.000270296 0.00179621 0.00816533 0.0254055 0.0541297 0.0790076 0.0790256 0.0542178 0.0257033 0.00903455 0.00401142 0.00521608 0.00974181 0.0168948 0.0262664 0.0370295 0.0481871 0.0589995 0.0689713 0.0773402 0.082669 0.0831848 0.0777838 0.0669206
 1.08192e-16 6.9835e-05 0.000678821 0.00451101 0.0205064 0.063803 0.135939 0.198408 0.198413 0.135964 0.0638861 0.0207471 0.00511831 0.00201514 0.00264006 0.00434252 0.00646726 0.00861996 0.0104794 0.0119754 0.013344 0.0149291 0.0168657 0.018895 0.0204491 0.0209323
 1.00248e-16 8.10901e-05 0.000788225 0.00523803 0.0238113 0.0740859 0.157848 0.230384 0.230385 0.157854 0.0741069 0.0238719 0.00539006 0.00111987 0.000710296 0.00104426 0.00149271 0.00186963 0.0020472 0.00197028 0.00168638 0.00131539 0.000979454 0.000746151 0.000617628 0.000556444
 1.00103e-16 7.33277e-05 0.000712772 0.00473662 0.021532 0.0669941 0.142738 0.208333 0.208343 0.142789 0.0671645 0.0220241 0.00597086 0.00340341 0.00517242 0.00840633 0.0120351 0.0149924 0.0162466 0.0153243 0.0125967 0.00904729 0.00570935 0.00320446 0.00164189 0.000807797
 1.00573e-16 6.8945e-05 0.00067017 0.00445352 0.0202451 0.0629899 0.134207 0.195882 0.195896 0.134276 0.0632194 0.0209076 0.00611631 0.00429889 0.00695699 0.0113825 0.0163667 0.0205294 0.0225103 0.0216747 0.0184843 0.0141803 0.0100467 0.00682649 0.00462546 0.00318478
 1.01515e-16 6.1952e-05 0.000602195 0.0040018 0.0181916 0.056601 0.120595 0.176016 0.176036 0.120693 0.0569303 0.0191428 0.00638983 0.00581642 0.00996793 0.016389 0.0236204 0.0297369 0.0328126 0.031947 0.0277841 0.0220524 0.016515 0.0121554 0.00906849 0.0068721
 1.02568e-16 6.19012e-05 0.000601702 0.00399852 0.0181767 0.0565546 0.120496 0.175871 0.17589 0.120585 0.0568523 0.0190372 0.00616038 0.00532715 0.00905421 0.0149168 0.0215898 0.027373 0.030567 0.0303732 0.0273384 0.0229284 0.018596 0.0150878 0.0123964 0.0101664
 1.02032e-16 6.84846e-05 0.000665695 0.00442378 0.0201099 0.0625693 0.133311 0.194574 0.194586 0.133371 0.0627718 0.020695 0.00589367 0.00387793 0.00617926 0.0101338 0.014654 0.0185591 0.0206915 0.0205148 0.0184162 0.0154144 0.012517 0.0102383 0.00855898 0.00720465
 1.00192e-16 8.05042e-05 0.000782529 0.00520018 0.0236393 0.0735506 0.156707 0.228719 0.228721 0.156716 0.0735805 0.0237257 0.00541706 0.00125603 0.000979886 0.00149284 0.00214337 0.00269658 0.00297329 0.00289252 0.00251472 0.00199933 0.00150841 0.00113132 0.000874135 0.000697383
 1.00971e-16 1.66982e-05 0.000162313 0.00107863 0.00490333 0.0152565 0.0325083 0.0474626 0.0475376 0.0328746 0.0164858 0.00845204 0.00997871 0.0195658 0.0367924 0.0606019 0.086835 0.108223 0.117368 0.110863 0.0913737 0.0659661 0.0420549 0.0240858 0.0128245 0.00672927
 1.01034e-16 7.88922e-05 0.00076686 0.00509605 0.0231659 0.0720778 0.153569 0.224139 0.22414 0.153574 0.0720925 0.0232089 0.00520634 0.00101534 0.000573343 0.000881535 0.00139795 0.00203907 0.00276743 0.00354896 0.00433772 0.00504794 0.00554466 0.00568259 0.00537893 0.00466903
 1.01583e-16 4.87926e-05 0.000474281 0.00315177 0.0143275 0.0445784 0.0949803 0.138634 0.138672 0.0951639 0.0451943 0.0161055 0.00761095 0.010196 0.0184748 0.0303682 0.0435159 0.0542521 0.058885 0.0557318 0.0461581 0.0337244 0.0221413 0.0135924 0.00838066 0.00563719
 1.05795e-16 4.82021e-05 0.000468542 0.00311363 0.0141541 0.0440388 0.0938303 0.136953 0.136977 0.0939476 0.0444333 0.015296 0.00598918 0.00677613 0.0121157 0.0201821 0.0295977 0.038314 0.0442244 0.0462743 0.0449561 0.0417327 0.0379207 0.0339952 0.0297477 0.0249135
 1.03799e-16 6.95465e-05 0.000676017 0.00449237 0.0204217 0.0635394 0.135378 0.19759 0.197599 0.135421 0.0636853 0.0208435 0.00555371 0.00300083 0.0045083 0.00740551 0.01081 0.0139126 0.0159407 0.0165504 0.0160125 0.0149777 0.0140147 0.0132946 0.0126199 0.0116838
 1.02044e-16 6.70381e-05 0.000651634 0.00433034 0.0196851 0.0612478 0.130495 0.190465 0.19048 0.130569 0.0614965 0.0204035 0.00613329 0.00458649 0.00753723 0.0123474 0.0177649 0.0223098 0.0245249 0.0237475 0.0205058 0.0161652 0.0121145 0.0091192 0.00721782 0.00603399
 1.06917e-16 1.42879e-05 0.000138884 0.000922933 0.00419556 0.0130543 0.027816 0.0406118 0.0406769 0.0281337 0.0141214 0.00727833 0.00866342 0.017044 0.0321423 0.053172 0.076725 0.0967495 0.107056 0.10475 0.0919083 0.0740754 0.0568678 0.043359 0.0337572 0.0267666
 1.05732e-16 6.93803e-05 0.000674402 0.00448164 0.0203729 0.0633876 0.135054 0.197116 0.197119 0.135068 0.0634346 0.0205108 0.0048358 0.00147416 0.00166644 0.00284965 0.00457646 0.00675639 0.00932279 0.0122139 0.0153179 0.0183613 0.020857 0.022222 0.0220291 0.0202294
 1.05532e-16 5.32225e-05 0.000517342 0.00343792 0.0156283 0.0486256 0.103603 0.151218 0.151246 0.103743 0.0490966 0.0169882 0.00684986 0.00796023 0.0141735 0.0233101 0.0334935 0.0419679 0.0459867 0.0443411 0.038123 0.0300339 0.0227921 0.0178494 0.0151605 0.0138005
 1.10538e-16 3.25397e-05 0.000316298 0.00210191 0.00955501 0.0297294 0.063343 0.0924589 0.0924968 0.0635286 0.0303531 0.011359 0.00663949 0.0102527 0.0189939 0.0315847 0.0460441 0.0590443 0.0671725 0.0687996 0.0649372 0.0583213 0.0515298 0.0456814 0.0404961 0.0352284
 1.05197e-16 7.01339e-05 0.000681727 0.00453031 0.0205942 0.0640761 0.136521 0.199258 0.199263 0.136549 0.0641711 0.0208697 0.00522616 0.00221507 0.00302461 0.00500116 0.00746219 0.00994602 0.0120303 0.0135283 0.0145635 0.0153945 0.0161383 0.0166375 0.016569 0.0156788
 1.02755e-16 6.49177e-05 0.000631023 0.00419337 0.0190625 0.0593105 0.126368 0.184441 0.184459 0.126453 0.0595957 0.0198861 0.00625998 0.00514 0.00862135 0.0141327 0.0203141 0.0254711 0.0279321 0.0269473 0.0231491 0.0181418 0.0135541 0.0102789 0.00834005 0.00725244
 1.07869e-16 1.63243e-05 0.000158678 0.00105447 0.00479352 0.0149148 0.0317797 0.0463962 0.0464573 0.0320781 0.0159168 0.00768883 0.00832601 0.0160454 0.0302255 0.0500401 0.0723071 0.0913896 0.101518 0.0999861 0.088697 0.0727465 0.0572586 0.0449795 0.0360276 0.029198
 1.27361e-16 2.13954e-05 0.000207971 0.00138204 0.00628257 0.0195475 0.0416486 0.0607904 0.0608053 0.0417218 0.0197957 0.00700885 0.00324061 0.00438308 0.00829711 0.0145903 0.0231409 0.0335599 0.0453594 0.0581957 0.0716997 0.0849085 0.0958823 0.102101 0.101566 0.0938633
 1.10385e-16 7.05241e-05 0.000685519 0.00455552 0.0207087 0.0644325 0.13728 0.200366 0.200369 0.137298 0.0644931 0.0208845 0.00499979 0.00166546 0.00196266 0.00321902 0.00484497 0.00657795 0.00824125 0.00985395 0.0116513 0.0139093 0.0166795 0.0196328 0.0221319 0.0234858
pSPR Fmed_Fpbrs
0.466504   0.207014 0.207014
Fs Fmed_Fpbrs
0.428778   1.005 1.005
SSBpbr Bo_Bmed_Bpbrs
1.75132e+06  729432  274982 274982
Ro
88817.6
SPR SPRFo_SPRFmed_SPRFpbrs
632440 295036 130924
Fref
1.005
log_Ro
11.2143
likeval ReclasPelacesDesembMPH_pf_preclas_ppelaces_ptallas_desvR_qrecl_qpela
 28.0553 33.6841 0.107325 0.00205464 256.34 122.84 89.3546 0 66.8183 0 0 0.303333 0 0 0
q_reclas_q_pelaces
1 1
M
1
N
 39607.3 49890.5 111573 14312.2 0.155505
 27891.4 12612 15395.4 34429.6 4416.56
 165214 7231.45 3030.36 3699.15 9333.8
 25316.9 42492.6 1720.63 721.036 3101.02
 12063.1 4065.95 5698.81 230.759 512.588
 295222 1839.01 511.781 717.309 93.5651
 23824 77913.3 451.521 125.654 199.089
 6135.62 3452.76 9221.09 53.4378 38.4335
 19292.3 1631.29 855.396 2284.46 22.7604
 72636.7 1170.27 66.8638 35.0613 94.5692
 80412.4 10034.3 130.65 7.46475 14.4721
 133302 25457 3074.6 40.0323 6.72163
 94525.4 28760.4 4890.64 590.672 8.98205
 69251.9 20562.1 5580.71 948.987 116.358
 55318.3 9798.94 2363.59 641.496 122.46
 446399 9264.38 1382.94 333.578 107.818
 27392.2 111414 2125.15 317.231 101.251
 785679 7380.78 28054.6 535.125 105.376
 328750 230141 2057.46 7820.48 178.546
 192353 86775 56515.5 505.247 1964.31
 428769 48878.5 20345.5 13250.8 579.021
 585924 119977 12887 5364.18 3646.29
 38802.1 157038 30015.8 3224.06 2254.23
 337857 11406 43963.7 8403.12 1533.68
 217763 104087 3380.98 13031.8 2945.48
 64449.9 66157.4 30333 985.284 4656.08
 273471 19613.6 19319.7 8858.01 1647.42
 351864 82569.1 5672.88 5587.86 3038.51
 34650.3 113435 25865.5 1777.08 2702.29
 18562.9 11080.3 35184.9 8022.87 1389.39
 111346 5143.77 2886.84 9167 2452.26
pred_Ctot
 3405.52 5156.53 11531.8 1479.26 0.0160725
 5354.89 2862.25 3493.93 7813.68 1002.32
 32346.3 1672.53 700.879 855.56 2158.77
 9630.93 18480 748.3 313.578 1348.63
 4788.44 1839.25 2577.89 104.385 231.872
 54180.4 399.505 111.179 155.828 20.326
 9824.52 36504.3 211.549 58.8722 93.2781
 1104.17 735.942 1965.44 11.3901 8.19196
 11655.6 1074.69 563.536 1505 14.9946
 30976.4 565.441 32.3067 16.9406 45.6932
 7175.42 1075.79 14.0072 0.800306 1.55157
 36375.2 8099.42 978.217 12.7367 2.13856
 25476 9042.98 1537.74 185.722 2.82418
 29049.6 9786.02 2656 451.646 55.3776
 20281.2 4117.88 993.269 269.58 51.4623
 93635 2290.32 341.887 82.4662 26.6545
 4751.59 22914.3 437.077 65.2447 20.8243
 103092 1156.04 4394.14 83.8155 16.5049
 60309.6 49976.4 446.788 1698.26 38.7721
 38747.9 20630.4 13436.4 120.121 467.008
 66338.5 8993.53 3743.53 2438.12 106.538
 103159 25034.5 2689.01 1119.29 760.836
 5019.76 24257.6 4636.53 498.019 348.21
 35221.4 1425.35 5493.93 1050.1 191.657
 24352.9 13936.9 452.703 1744.92 394.39
 7148.14 8786.5 4028.59 130.858 618.384
 31493.1 2702.97 2662.46 1220.73 227.033
 27805.4 7851.7 539.448 531.364 288.939
 2897.07 11404.8 2600.54 178.669 271.69
 2963.02 2101.69 6673.8 1521.76 263.538
 17265 948.458 532.304 1690.3 452.171
F
 0.144364 0.17576 0.17576 0.17576 0.17576
 0.349878 0.425968 0.425968 0.425968 0.425968
 0.357912 0.435749 0.435749 0.435749 0.435749
 0.828824 1.00907 1.00907 1.00907 1.00907
 0.880926 1.07251 1.07251 1.07251 1.07251
 0.332132 0.404363 0.404363 0.404363 0.404363
 0.931521 1.1341 1.1341 1.1341 1.1341
 0.324742 0.395365 0.395365 0.395365 0.395365
 1.80247 2.19447 2.19447 2.19447 2.19447
 0.979459 1.19247 1.19247 1.19247 1.19247
 0.150176 0.182836 0.182836 0.182836 0.182836
 0.533621 0.64967 0.64967 0.64967 0.64967
 0.525417 0.639682 0.639682 0.639682 0.639682
 0.955476 1.16327 1.16327 1.16327 1.16327
 0.786926 0.958063 0.958063 0.958063 0.958063
 0.387963 0.472336 0.472336 0.472336 0.472336
 0.311379 0.379096 0.379096 0.379096 0.379096
 0.227855 0.277408 0.277408 0.277408 0.277408
 0.331981 0.404179 0.404179 0.404179 0.404179
 0.369992 0.450456 0.450456 0.450456 0.450456
 0.273614 0.333119 0.333119 0.333119 0.333119
 0.316704 0.38558 0.38558 0.38558 0.38558
 0.224334 0.273121 0.273121 0.273121 0.273121
 0.177395 0.215974 0.215974 0.215974 0.215974
 0.191373 0.232992 0.232992 0.232992 0.232992
 0.189665 0.230913 0.230913 0.230913 0.230913
 0.197561 0.240526 0.240526 0.240526 0.240526
 0.132015 0.160725 0.160725 0.160725 0.160725
 0.140138 0.170615 0.170615 0.170615 0.170615
 0.283378 0.345005 0.345005 0.345005 0.345005
 0.274285 0.333936 0.333936 0.333936 0.333936
nmprior
 8 9 7.5 0
nm_flota  nm_reclas  nm_pelaces    nm_pelaL
inf 10.6766 6.64645 9.7075
cv_recla  cv_pelaces  cv_mph
0.479106 0.682931 1.39886
 ------------------------------------------------
Talla a la edad & desviación 
 8 13.2811 15.8009 17.003 17.5766
 0.8 1.32811 1.58009 1.7003 1.75766
