years
 1991 1992 1993 1994 1995 1996 1997 1998 1999 2000 2001 2002 2003 2004 2005 2006 2007 2008 2009 2010 2011 2012 2013 2014 2015 2016 2017 2018 2019 2020 2021
reclasobs
 0 0 0 0 0 0 0 0 0 252601 567819 844713 477998 351125 339783 2.1784e+06 2.13404e+06 4.81314e+06 1.55562e+06 2.62356e+06 3.21686e+06 3.843e+06 1.13348e+06 3.07943e+06 1.97215e+06 2.03268e+06 2.025e+06 2.42433e+06 2.27542e+06 1.05018e+06 2.36338e+06
reclaspred
 3.66952e+06 1.55159e+06 830502 475095 165200 1.67707e+06 695872 331242 191764 210070 375415 630085 589745 417920 344305 1.79258e+06 1.29016e+06 3.94643e+06 3.2103e+06 2.10158e+06 3.91606e+06 3.34101e+06 2.11224e+06 3.61216e+06 2.47005e+06 1.85377e+06 2.686e+06 3.50669e+06 2.59308e+06 1.14114e+06 914804
pelacesobs
 0 0 0 0 0 0 0 0 0 0 0 0 0 0 0 552880 188675 0 991730 2.46772e+06 1.41603e+06 1.21717e+06 2.29649e+06 1.80582e+06 0 1.4828e+06 1.56532e+06 1.57751e+06 1.42118e+06 867257 0
pelacespred
 979335 426814 202481 80146.5 31020.6 423350 131152 88455.9 34728.1 40678.6 92669.2 127673 132389 91158.2 76092 385882 277670 1.03558e+06 830073 498352 950010 828046 529052 1.03051e+06 663522 496820 837357 1.07013e+06 655427 331234 237038
mphobs
 0 0 0 0 0 0 0 0 0 0 0 498337 0 5186 125008 0 168611 109162 213762 579715 649985 157893 87575 83554 0 0 0 0 0 0 0
mphpred
 656758 336632 112838 76953.8 29267.9 11918.2 154803 48825.7 23276.8 8789.2 12312.7 41556.3 51697.8 37773.8 19792.6 22622.5 197198 128603 387415 272793 253553 347285 342756 220188 350144 256575 177136 243221 427899 239637 81044.9
desembarqueobs
 494567 514787 250237 358949 120608 361735 552515 73892 212993 205616 52469 317467 293654 387597 252695 516296 358380 742168 942051 627588 828172 859565 418607 520667 417249 300574 407403 355545 319650 289779 219260
desembarquepred
 494528 514917 249549 358882 120570 361590 551968 73877.9 212825 205484 52463.6 317292 293458 387130 252486 515999 358290 741787 941056 626928 827874 859014 418441 520534 417079 300437 407253 355425 319527 289631 219221
Reclutas
 53554.7 45243.7 147581 34294.3 16605.1 283664 29807.7 8199.2 22684.2 54251.1 59617.1 120256 88100.8 67732.2 49761.1 401324 29107.2 619811 327947 218674 378668 510325 42655.2 277637 190046 67259.8 239734 302113 35705 20180 86370.1
log_desv_Rt
 -0.505882 -0.674521 0.507793 -0.951606 -1.67687 1.1612 -1.09182 -2.38255 -1.36492 -0.492961 -0.398642 0.30304 -0.00810312 -0.271023 -0.57935 1.50818 -1.1156 1.94283 1.30627 0.900999 1.45007 1.74846 -0.733435 1.13973 0.76068 -0.278021 0.992947 1.22422 -0.911295 -1.48189 -0.0279428
SSB
 2.11552e+06 1.08435e+06 363468 247881 94276.8 38390.4 498644 157276 74978.2 28311.4 39661.1 133860 166527 121676 63755 72870.8 635207 414250 1.24793e+06 878709 816736 1.11866e+06 1.10407e+06 709262 1.12787e+06 826470 570585 783455 1.37833e+06 771908 261059
BT
 2.70256e+06 1.51934e+06 702044 457760 174890 1.29672e+06 785640 272609 281502 288273 257457 555620 569744 611595 426652 1.29835e+06 922040 3.05927e+06 2.80799e+06 1.71503e+06 2.87875e+06 2.69466e+06 1.58439e+06 2.87106e+06 1.92181e+06 1.41907e+06 2.35749e+06 2.82331e+06 1.77891e+06 1.06798e+06 753400
Ftot
 0.226918 0.544913 0.553988 1.19766 1.17709 0.478593 1.21603 0.38909 1.85325 1.80457 0.301187 0.965249 0.927267 1.63727 1.39831 0.62674 0.471853 0.399366 0.541693 0.548005 0.413296 0.492695 0.338927 0.292694 0.30924 0.290294 0.309429 0.20921 0.209598 0.423105 0.469928
BD_Bspro_t
 0.964477 0.736022 0.45341 0.386329 0.173872 0.106191 0.490209 0.205346 0.147619 0.0787135 0.131114 0.40311 0.325638 0.230787 0.133225 0.154888 0.484321 0.373496 0.573464 0.454906 0.394635 0.468443 0.49174 0.424319 0.57046 0.554447 0.526863 0.630701 0.730419 0.60502 0.433995
BD_Bspro
 3.34502 1.71455 0.574708 0.391944 0.149068 0.060702 0.788446 0.248681 0.118554 0.0447654 0.0627113 0.211656 0.263309 0.192391 0.100808 0.115222 1.00438 0.655003 1.97319 1.3894 1.29141 1.7688 1.74573 1.12147 1.78336 1.3068 0.902196 1.23878 2.17939 1.22052 0.41278
BD_Bo
 1.32813 0.680758 0.228187 0.155621 0.0591874 0.0241016 0.313051 0.0987383 0.0470716 0.017774 0.0248994 0.0840376 0.104546 0.0763884 0.0400257 0.0457486 0.398786 0.260068 0.783453 0.551657 0.51275 0.7023 0.693141 0.445278 0.708081 0.518861 0.358215 0.491857 0.865322 0.484607 0.163894
BD_Brms
 7.32916 3.75668 1.25922 0.858775 0.326619 0.133002 1.72754 0.544876 0.259759 0.098084 0.137405 0.463752 0.576927 0.421541 0.220877 0.252458 2.20065 1.43516 4.3234 3.04426 2.82955 3.87557 3.82502 2.45722 3.90747 2.86328 1.97677 2.71426 4.77518 2.67425 0.904429
Sel_flota
 0.718846 0.97983 0.998918 0.999943 0.999997
 0.718846 0.97983 0.998918 0.999943 0.999997
 0.718846 0.97983 0.998918 0.999943 0.999997
 0.718846 0.97983 0.998918 0.999943 0.999997
 0.718846 0.97983 0.998918 0.999943 0.999997
 0.718846 0.97983 0.998918 0.999943 0.999997
 0.718846 0.97983 0.998918 0.999943 0.999997
 0.718846 0.97983 0.998918 0.999943 0.999997
 0.718846 0.97983 0.998918 0.999943 0.999997
 0.718846 0.97983 0.998918 0.999943 0.999997
 0.718846 0.97983 0.998918 0.999943 0.999997
 0.718846 0.97983 0.998918 0.999943 0.999997
 0.718846 0.97983 0.998918 0.999943 0.999997
 0.718846 0.97983 0.998918 0.999943 0.999997
 0.718846 0.97983 0.998918 0.999943 0.999997
 0.718846 0.97983 0.998918 0.999943 0.999997
 0.718846 0.97983 0.998918 0.999943 0.999997
 0.718846 0.97983 0.998918 0.999943 0.999997
 0.718846 0.97983 0.998918 0.999943 0.999997
 0.718846 0.97983 0.998918 0.999943 0.999997
 0.718846 0.97983 0.998918 0.999943 0.999997
 0.718846 0.97983 0.998918 0.999943 0.999997
 0.718846 0.97983 0.998918 0.999943 0.999997
 0.718846 0.97983 0.998918 0.999943 0.999997
 0.718846 0.97983 0.998918 0.999943 0.999997
 0.718846 0.97983 0.998918 0.999943 0.999997
 0.718846 0.97983 0.998918 0.999943 0.999997
 0.718846 0.97983 0.998918 0.999943 0.999997
 0.718846 0.97983 0.998918 0.999943 0.999997
 0.718846 0.97983 0.998918 0.999943 0.999997
 0.718846 0.97983 0.998918 0.999943 0.999997
Sel_reclas
 1 1 1 1 1
 1 1 1 1 1
 1 1 1 1 1
 1 1 1 1 1
 1 1 1 1 1
 1 1 1 1 1
 1 1 1 1 1
 1 1 1 1 1
 1 1 1 1 1
 1 1 1 1 1
 1 1 1 1 1
 1 1 1 1 1
 1 1 1 1 1
 1 1 1 1 1
 1 1 1 1 1
 1 1 1 1 1
 1 1 1 1 1
 1 1 1 1 1
 1 1 1 1 1
 1 1 1 1 1
 1 1 1 1 1
 1 1 1 1 1
 1 1 1 1 1
 1 1 1 1 1
 1 1 1 1 1
 1 1 1 1 1
 1 1 1 1 1
 1 1 1 1 1
 1 1 1 1 1
 1 1 1 1 1
 1 1 1 1 1
Sel_pelaces
 1 1 1 1 1
 1 1 1 1 1
 1 1 1 1 1
 1 1 1 1 1
 1 1 1 1 1
 1 1 1 1 1
 1 1 1 1 1
 1 1 1 1 1
 1 1 1 1 1
 1 1 1 1 1
 1 1 1 1 1
 1 1 1 1 1
 1 1 1 1 1
 1 1 1 1 1
 1 1 1 1 1
 1 1 1 1 1
 1 1 1 1 1
 1 1 1 1 1
 1 1 1 1 1
 1 1 1 1 1
 1 1 1 1 1
 1 1 1 1 1
 1 1 1 1 1
 1 1 1 1 1
 1 1 1 1 1
 1 1 1 1 1
 1 1 1 1 1
 1 1 1 1 1
 1 1 1 1 1
 1 1 1 1 1
 1 1 1 1 1
pf_obs 
 0.8446 0.082 0.0669 0.0065 0
 0.8095 0.147 0.0364 0.0071 0
 0.9664 0.0169 0.016 0.0007 0
 0.9276 0.0648 0.0075 0.0001 0
 0.7033 0.2144 0.0806 0.0017 0
 0.9318 0.0425 0.0243 0.0014 0
 0.5671 0.3108 0.0964 0.0239 0.0018
 0.0768 0.2599 0.5324 0.112 0.0189
 0.490249 0.384438 0.106611 0.0170017 0.00170017
 0.7925 0.1577 0.0466 0.003 0.0002
 0.840416 0.127587 0.0312969 0.00059994 9.999e-05
 0.8084 0.0986 0.0794 0.0134 0.0002
 0.7335 0.1905 0.0724 0.0035 0.0001
 0.4001 0.4547 0.1325 0.0127 0
 0.49795 0.308269 0.164784 0.0264974 0.00249975
 0.9179 0.0499 0.0305 0.0017 0
 0.2467 0.6533 0.0926 0.0074 0
 0.9418 0.0223 0.034 0.0019 0
 0.707729 0.231977 0.0356964 0.0245975 0
 0.517169 0.277429 0.184464 0.0207286 0.00020938
 0.811772 0.124168 0.05621 0.00726502 0.000585176
 0.764997 0.148141 0.077277 0.00933861 0.000247198
 0.163321 0.427699 0.378323 0.0303852 0.000271297
 0.753843 0.0900009 0.118128 0.0371064 0.000921714
 0.721811 0.176058 0.0630433 0.0369309 0.00215725
 0.143369 0.312575 0.442814 0.0836902 0.0175525
 0.692698 0.0596174 0.167031 0.0765114 0.00414204
 0.394062 0.376323 0.152708 0.0712218 0.00568511
 0.125707 0.32114 0.495352 0.0537591 0.00404204
 0.23352 0.215282 0.420074 0.123614 0.00750983
 0 0 0 0 0
pf_pred 
 0.22363 0.230164 0.484891 0.0613142 1.00968e-06
 0.377052 0.180057 0.133267 0.274901 0.0347227
 0.828397 0.0814524 0.0265398 0.0191587 0.0444526
 0.402807 0.52445 0.0350044 0.0111209 0.0266177
 0.572887 0.225703 0.17762 0.0114593 0.0123312
 0.98293 0.0117961 0.00283123 0.00215476 0.00028808
 0.245605 0.745561 0.00615118 0.00144089 0.00124161
 0.323758 0.236627 0.434641 0.00346616 0.00150876
 0.776777 0.0917899 0.0466917 0.0837839 0.000957781
 0.947928 0.0453533 0.00283681 0.00138104 0.00250058
 0.889345 0.107491 0.00277126 0.000166088 0.000226722
 0.833925 0.152623 0.0130755 0.000329741 4.66823e-05
 0.73913 0.231769 0.0268093 0.00222751 6.40209e-05
 0.736567 0.215375 0.0428401 0.00480756 0.000410262
 0.81758 0.152434 0.0246949 0.0047171 0.000573283
 0.976408 0.0208892 0.00227173 0.000354764 7.58509e-05
 0.189782 0.797288 0.0114822 0.00121668 0.000230303
 0.94018 0.0151404 0.0439836 0.000618414 7.78318e-05
 0.587117 0.395585 0.0044545 0.0126444 0.000199909
 0.583526 0.281478 0.129479 0.00142211 0.00409515
 0.782648 0.146535 0.0482485 0.0216471 0.000921136
 0.761229 0.200257 0.0261656 0.00841692 0.00393212
 0.168327 0.684289 0.124098 0.0158264 0.0074596
 0.792088 0.0463935 0.133422 0.0236623 0.00443469
 0.595048 0.342045 0.014278 0.0401775 0.00845099
 0.380041 0.418304 0.170929 0.00698013 0.0237451
 0.807569 0.0893014 0.0700791 0.0280202 0.00503066
 0.733252 0.228482 0.0179707 0.0137966 0.00649911
 0.181595 0.648416 0.146045 0.0112511 0.0126924
 0.244016 0.178363 0.459629 0.10139 0.0166034
 0.795421 0.0655647 0.0333951 0.0840654 0.0215537
pobs_RECLAS
 0 0 0 0 0
 0 0 0 0 0
 0 0 0 0 0
 0 0 0 0 0
 0 0 0 0 0
 0 0 0 0 0
 0 0 0 0 0
 0 0 0 0 0
 0 0 0 0 0
 0 0 0 0 0
 0.991045 0.00858322 0.000360255 1.14367e-05 0
 0.934742 0.0480273 0.0164251 0.00080598 0
 0.827803 0.169806 0.00239088 0 0
 0.941827 0.0461693 0.0120037 0 0
 0.791401 0.0380133 0.147996 0.0225897 0
 0.846168 0.0940531 0.0597789 0 0
 0.134021 0.677848 0.182769 0.00536245 0
 0.80878 0.0450904 0.141981 0.00414843 0
 0.846168 0.0940531 0.0597789 0 0
 0.905697 0.0802665 0.012482 0.00150086 5.37128e-05
 0.989698 0.0102097 9.19794e-05 0 0
 0.975433 0.0193895 0.00387452 0.00125025 5.28907e-05
 0.303575 0.632131 0.0575291 0.00676475 0
 0.966965 0.00978017 0.0227588 0.000495775 0
 0.843318 0.132988 0.00938335 0.0141283 0.000182051
 0.564624 0.303363 0.111486 0.0197234 0.00080311
 0.826376 0.0876187 0.0782897 0.00655872 0.00115652
 0.89761 0.0855135 0.0140674 0.00269457 0.000114338
 0.34875 0.467042 0.161289 0.0227151 0.000203297
 0.318654 0.224769 0.449479 0.00709798 0
 0.937255 0.0296025 0.0250945 0.00804832 0
ppred_RECLAS
 0.28593 0.214661 0.443399 0.0560088 9.22262e-07
 0.459968 0.158471 0.114901 0.236757 0.029903
 0.871281 0.0617844 0.0197207 0.0142205 0.032993
 0.492025 0.447382 0.0291769 0.00925808 0.0221576
 0.659779 0.181752 0.139771 0.00900643 0.00969101
 0.987673 0.00857345 0.00201625 0.00153284 0.000204921
 0.318253 0.673948 0.00543258 0.00127098 0.00109513
 0.40063 0.212482 0.382515 0.0030472 0.00132632
 0.841131 0.0663925 0.0328826 0.0589206 0.000673504
 0.964599 0.0309406 0.00188486 0.000916308 0.00165899
 0.917009 0.0806635 0.00203865 0.000122052 0.0001666
 0.87669 0.113523 0.00951301 0.000239619 3.39213e-05
 0.800253 0.177897 0.0201308 0.00167066 4.80135e-05
 0.805416 0.159823 0.0309916 0.00347319 0.00029637
 0.867091 0.111504 0.017633 0.00336383 0.000408788
 0.982964 0.015121 0.00161051 0.000251225 5.37106e-05
 0.244633 0.743554 0.0104925 0.00111061 0.000210213
 0.956511 0.0111737 0.0318124 0.000446807 5.62306e-05
 0.663581 0.32261 0.00355881 0.0100909 0.000159528
 0.661617 0.230224 0.103744 0.00113821 0.00327743
 0.833318 0.113123 0.0365027 0.0163597 0.000696104
 0.815657 0.155123 0.0198587 0.0063812 0.00298092
 0.2184 0.645373 0.114723 0.0146154 0.00688839
 0.841654 0.035887 0.101175 0.0179244 0.00335914
 0.669533 0.280024 0.0114585 0.0322095 0.00677462
 0.458721 0.367589 0.147251 0.00600682 0.0204329
 0.853598 0.0686786 0.0528325 0.021102 0.00378838
 0.790681 0.179808 0.0138668 0.0106347 0.00500938
 0.233884 0.609475 0.134598 0.0103584 0.0116847
 0.311452 0.165003 0.416691 0.0918195 0.0150353
 0.844992 0.0503958 0.0251518 0.063246 0.0162148
pobs_PELACES
 0 0 0 0 0
 0 0 0 0 0
 0 0 0 0 0
 0 0 0 0 0
 0 0 0 0 0
 0 0 0 0 0
 0 0 0 0 0
 0 0 0 0 0
 0 0 0 0 0
 0 0 0 0 0
 0 0 0 0 0
 0 0 0 0 0
 0 0 0 0 0
 0 0 0 0 0
 0 0 0 0 0
 0 0 0 0 0
 0.505614 0.472636 0.0217494 0 0
 0 0 0 0 0
 0.443492 0.261883 0.143347 0.151278 0
 0.227955 0.32914 0.350689 0.0885471 0.00366901
 0.970185 0.0296113 0.000203453 0 0
 0.997202 0.00247181 0.000326279 0 0
 0.445219 0.490057 0.0546422 0.010081 0
 0.90214 0.0892962 0.00764917 0.000914606 0
 0 0 0 0 0
 0.581667 0.319106 0.0959925 0.00289975 0.000334073
 0.762889 0.0836404 0.116647 0.0363945 0.000428098
 0.88444 0.0763242 0.0277011 0.0115352 0
 0.521256 0.241999 0.230069 0.00667565 0
 0.616807 0.101726 0.260614 0.0208532 0
 0 0 0 0 0
ppred_PELACES
 0.290144 0.213609 0.440596 0.0556504 9.16357e-07
 0.472272 0.15525 0.11218 0.231108 0.0291893
 0.876742 0.059275 0.0188539 0.0135929 0.0315365
 0.518034 0.424867 0.0275003 0.00872255 0.0208754
 0.682906 0.169986 0.129757 0.00835784 0.00899294
 0.988175 0.00823144 0.00192999 0.00146703 0.000196121
 0.341415 0.651109 0.00520843 0.00121804 0.00104949
 0.409085 0.209816 0.376791 0.00300121 0.00130629
 0.862153 0.0580125 0.0283987 0.0508543 0.000581282
 0.969583 0.0266238 0.00160355 0.000779077 0.00141049
 0.918966 0.0787657 0.00198691 0.000118942 0.000162355
 0.885448 0.105511 0.00878802 0.000221285 3.13253e-05
 0.812811 0.16682 0.0187674 0.00155702 4.47468e-05
 0.826833 0.142494 0.0273479 0.00306315 0.000261373
 0.880517 0.100383 0.0157352 0.00300037 0.00036461
 0.983851 0.0143394 0.00152124 0.00023725 5.07222e-05
 0.252229 0.736111 0.0103567 0.00109605 0.000207457
 0.957995 0.0108126 0.0307071 0.000431225 5.42693e-05
 0.673947 0.312714 0.0034379 0.00974628 0.000154079
 0.672344 0.223171 0.100219 0.00109934 0.00316547
 0.838319 0.109822 0.0353455 0.0158388 0.000673937
 0.822025 0.149839 0.0191228 0.00614371 0.00286996
 0.223489 0.641411 0.113776 0.014493 0.00683068
 0.845173 0.03514 0.0988867 0.0175172 0.00328281
 0.675467 0.275081 0.0112344 0.0315761 0.00664135
 0.465082 0.363484 0.14534 0.00592831 0.0201657
 0.857026 0.0671411 0.0515492 0.0205873 0.00369595
 0.793678 0.177267 0.0136528 0.0104699 0.00493171
 0.237183 0.607015 0.133878 0.0103022 0.0116213
 0.319765 0.163345 0.411406 0.090642 0.0148424
 0.850484 0.0487115 0.0242393 0.0609418 0.015624
pobs_pel_tallas
 0 0 0 0 0 0 0 0 0 0 0 0 0 0 0 0 0 0 0 0 0 0 0 0 0 0
 0 0 0 0 0 0 0 0 0 0 0 0 0 0 0 0 0 0 0 0 0 0 0 0 0 0
 0 0 0 0 0 0 0 0 0 0 0 0 0 0 0 0 0 0 0 0 0 0 0 0 0 0
 0 0 0 0 0 0 0 0 0 0 0 0 0 0 0 0 0 0 0 0 0 0 0 0 0 0
 0 0 0 0 0 0 0 0 0 0 0 0 0 0 0 0 0 0 0 0 0 0 0 0 0 0
 0 0 0 0 0 0 0 0 0 0 0 0 0 0 0 0 0 0 0 0 0 0 0 0 0 0
 0 0 0 0 0 0 0 0 0 0 0 0 0 0 0 0 0 0 0 0 0 0 0 0 0 0
 0 0 0 0 0 0 0 0 0 0 0 0 0 0 0 0 0 0 0 0 0 0 0 0 0 0
 0 0 0 0 0 0 0 0 0 0 0 0 0 0 0 0 0 0 0 0 0 0 0 0 0 0
 0 0 0 0 0 0 0 0 0 0 0 0 0 0 0 0 0 0 0 0 0 0 0 0 0 0
 0 0 0 0 0 0 0 0 0 0 0 0 0 0 0 0 0 0 0 0 0 0 0 0 0 0
 0 0 0 0 0 0 0 0 0 0 0 0 0 0 0 0 0 0 0 0 0 0 0 0 0 0
 0.00862536 0 0 0.000197151 0.00414017 0.0128641 0.00837892 0.0270097 0.101434 0.158115 0.152841 0.127902 0.109271 0.109419 0.0830992 0.0579132 0.0238553 0.00714673 0.00463305 0.00128148 0.00103504 0.000492878 0.000147863 0.000147863 4.92878e-05 0
 0 0 0 0 0 0 0 0 0 0 0 0 0 0 0 0 0 0 0 0 0 0 0 0 0 0
 0 0 0 0 0 0 0 0.0054083 0.00873648 0.0413646 0.0450493 0.0745869 0.0622846 0.0627006 0.0613931 0.0827291 0.12552 0.122667 0.0946155 0.0697135 0.0546179 0.0294188 0.0215738 0.0213955 0.0102223 0.00600262
 0 0 0 0 0.00359764 0.0251062 0.0480494 0.140153 0.205849 0.193036 0.1447 0.116669 0.0760912 0.0342217 0.00950174 0.001854 0.000860785 0 0 0 0.000165536 0 0.000143464 0 0 0
 0 0 0 0 0 0 0 0.000145254 0.000435761 0.0275982 0.070085 0.0708112 0.156366 0.174668 0.174014 0.160142 0.0824315 0.0480064 0.0283245 0.00493863 0.00203355 0 0 0 0 0
 0 0 0 0 0 0 0 0 0 0 0 0 0 0 0 0 0 0 0 0 0 0 0 0 0 0
 0 0 1.00437e-05 0.000401748 0.00122533 0.00171747 0.00176769 0.0269171 0.070346 0.194647 0.189555 0.159765 0.064822 0.0314167 0.0384472 0.0292271 0.0345202 0.0313363 0.0194345 0.0106764 0.0143323 0.0359363 0.0279516 0.0138201 0.00172751 0
 0 0.0021121 0.0136068 0.0755702 0.200478 0.177729 0.0527432 0.0373336 0.0318909 0.0142505 0.0149659 0.0166563 0.0217959 0.0798694 0.0677717 0.0528807 0.04013 0.0224614 0.0357745 0.0225083 0.00881397 0.00855152 0.00135912 0.000746735 0 0
 0 0 0 0 5.4009e-05 0.00500934 0.000945158 0.0243581 0.138947 0.33067 0.221406 0.137944 0.0707744 0.0437923 0.0131692 0.00525238 0.0047753 0.00276346 9.45158e-05 9.00151e-06 2.25038e-05 9.00151e-06 4.50075e-06 0 0 0
 0.000866109 0.00284123 0.00948549 0.0512746 0.133035 0.25785 0.225252 0.132002 0.0553304 0.0519788 0.0540692 0.017754 0.00435017 0.00159236 0.00146478 0.000404838 0.000125132 0.000115318 0.000107957 0.000100596 0 0 0 0 0 0
 0 0 0 0 0.00144013 0.00171154 0.00461396 0.0210425 0.0478622 0.0707936 0.0888783 0.103762 0.0637923 0.0337046 0.0602308 0.124433 0.169614 0.0934646 0.0462172 0.0250306 0.0313229 0.00938855 0.002487 0.000210481 0 0
 0 0.00764035 0.051015 0.0998891 0.058973 0.0496711 0.0374665 0.0718981 0.12319 0.153886 0.159021 0.0857701 0.0377988 0.023471 0.0147837 0.00900784 0.00315554 0.000888139 0.00291439 0.00214683 0.00393193 0.00274676 0.000635225 9.99891e-05 0 0
 0 0 0 0 0 0 0 0 0 0 0 0 0 0 0 0 0 0 0 0 0 0 0 0 0 0
 0 0 0 0 0 0 0 0 0 0 0 0 0 0 0 0 0 0 0 0 0 0 0 0 0 0
 0 0 0 0 0 0 0 0 0 0 0 0 0 0 0 0 0 0 0 0 0 0 0 0 0 0
 0 0 0 0 0 0 0 0 0 0 0 0 0 0 0 0 0 0 0 0 0 0 0 0 0 0
 0 0 0 0 0 0 0 0 0 0 0 0 0 0 0 0 0 0 0 0 0 0 0 0 0 0
 0 0 0 0 0 0 0 0 0 0 0 0 0 0 0 0 0 0 0 0 0 0 0 0 0 0
 0 0 0 0 0 0 0 0 0 0 0 0 0 0 0 0 0 0 0 0 0 0 0 0 0 0
ppred_pel_tallas
 1.18351e-16 2.38988e-05 0.000232305 0.00154375 0.00701768 0.0218347 0.046522 0.0679046 0.0679258 0.046626 0.0221861 0.00804083 0.00414334 0.00601088 0.0113021 0.0194383 0.0298424 0.0413678 0.0527292 0.0631404 0.072396 0.0802396 0.0856815 0.0870855 0.0830984 0.0736669
 1.31394e-16 3.89004e-05 0.000378126 0.00251278 0.0114228 0.0355405 0.0757234 0.110524 0.110539 0.0757977 0.0357908 0.0121488 0.00434737 0.00442471 0.00785083 0.0132629 0.0199499 0.0269681 0.0334807 0.0393705 0.0453627 0.0523841 0.0606001 0.0688966 0.0752118 0.0774736
 1.0726e-16 7.22161e-05 0.000701966 0.00466481 0.0212056 0.0659784 0.140574 0.205173 0.205179 0.140602 0.0660727 0.0214783 0.00535089 0.00220474 0.00294182 0.0047921 0.00700334 0.00904908 0.0104664 0.0110971 0.0112027 0.0112903 0.011771 0.0127083 0.0138093 0.0146105
 1.0531e-16 4.26699e-05 0.000414767 0.00275627 0.0125296 0.0389846 0.0830623 0.12124 0.121281 0.0832621 0.0396554 0.0144666 0.00761611 0.0110163 0.0201552 0.033197 0.0476891 0.0597093 0.0653005 0.0626686 0.0532853 0.0409419 0.0295321 0.0212612 0.0163064 0.0136251
 1.06149e-16 5.62501e-05 0.000546771 0.00363348 0.0165173 0.0513915 0.109496 0.159816 0.159832 0.109577 0.0516638 0.0173058 0.00562066 0.0049111 0.00842189 0.0140346 0.0206783 0.0269741 0.0315208 0.033621 0.0335938 0.0323605 0.0306823 0.0287188 0.0261873 0.0228396
 1.00239e-16 8.13947e-05 0.000791185 0.00525771 0.0239008 0.0743642 0.158441 0.231249 0.23125 0.158445 0.0743772 0.0239385 0.00535247 0.000998341 0.00047569 0.000659912 0.000948327 0.00120457 0.00135124 0.00135568 0.00124473 0.00108453 0.000937979 0.00083312 0.00076127 0.000696972
 1.00617e-16 2.81221e-05 0.000273357 0.00181655 0.00825783 0.0256935 0.054745 0.0799151 0.0799777 0.0550509 0.0267201 0.0112213 0.00924828 0.0164738 0.0307279 0.0505768 0.0724371 0.0902123 0.0977117 0.0920872 0.0755839 0.0541404 0.0339996 0.0189194 0.00956016 0.00462189
 1.1145e-16 3.36958e-05 0.000327536 0.00217659 0.00989447 0.0307855 0.0655925 0.0957385 0.0957593 0.0656942 0.0311284 0.0108917 0.00470534 0.0059319 0.0109228 0.0186413 0.0283255 0.0386731 0.0482449 0.0561582 0.0622614 0.0665832 0.0686527 0.0674709 0.0622371 0.0531693
 1.06033e-16 7.10144e-05 0.000690285 0.00458719 0.0208527 0.0648805 0.138235 0.201759 0.201765 0.138263 0.0649733 0.0211213 0.00526404 0.00217674 0.00292096 0.00478961 0.00707123 0.00928583 0.011014 0.0121123 0.0127994 0.0134684 0.0143614 0.0153686 0.0160897 0.0160796
 1.00371e-16 7.98633e-05 0.000776299 0.00515878 0.0234511 0.072965 0.15546 0.226899 0.226901 0.155472 0.0730071 0.0235725 0.0054633 0.00144059 0.00134011 0.00208554 0.00298851 0.00374174 0.00409304 0.00393045 0.0033471 0.00258139 0.0018775 0.00137272 0.00107605 0.000919345
 1.00117e-16 7.5694e-05 0.000735773 0.00488947 0.0222268 0.0691559 0.147344 0.215055 0.215063 0.147381 0.0692802 0.0225855 0.00578898 0.00269695 0.00379308 0.00613187 0.00878103 0.0109477 0.0118807 0.0112352 0.00927985 0.00672618 0.00432053 0.00250963 0.00136977 0.000745991
 1.00309e-16 7.29332e-05 0.000708937 0.00471114 0.0214161 0.0666336 0.14197 0.207212 0.207222 0.14202 0.0668002 0.0218973 0.00591826 0.00334229 0.00506877 0.00825 0.0118434 0.0148206 0.0161859 0.0154776 0.0130408 0.00979747 0.00670682 0.00433165 0.0027588 0.00179272
 1.00749e-16 6.69502e-05 0.00065078 0.00432466 0.0196593 0.0611674 0.130324 0.190215 0.190232 0.130403 0.061431 0.0204205 0.00623505 0.0048196 0.00797957 0.0130732 0.0187954 0.0235693 0.0258328 0.0248593 0.0211846 0.0162422 0.0115133 0.0078526 0.00537554 0.00377272
 1.01178e-16 6.81052e-05 0.000662007 0.00439927 0.0199984 0.0622227 0.132572 0.193496 0.19351 0.13264 0.0624482 0.02065 0.00603529 0.00423501 0.00685837 0.0112419 0.0162137 0.0204409 0.0226089 0.0221019 0.0193545 0.0155346 0.0118284 0.00888955 0.00677234 0.00521779
 1.00843e-16 7.2527e-05 0.000704988 0.0046849 0.0212969 0.0662625 0.14118 0.206058 0.206067 0.141227 0.0664213 0.0217555 0.00583626 0.00321874 0.00484749 0.00790133 0.0113801 0.0143201 0.0157905 0.0153594 0.0133429 0.0105821 0.00793365 0.00587356 0.0044418 0.00344186
 1.00081e-16 8.10385e-05 0.000787723 0.0052347 0.0237962 0.0740388 0.157747 0.230237 0.230239 0.157754 0.0740614 0.0238616 0.00539889 0.00114601 0.000761046 0.00112873 0.00161528 0.00202504 0.00221928 0.00213567 0.00182073 0.00139825 0.000995887 0.000686937 0.000480477 0.000348572
 1.00633e-16 2.07759e-05 0.000201949 0.00134203 0.00610071 0.0189819 0.0404457 0.0590465 0.0591173 0.0407915 0.0201428 0.00945152 0.00974548 0.0185217 0.0347395 0.0572048 0.0819484 0.102093 0.110646 0.104384 0.0858322 0.0616797 0.0389561 0.0218882 0.0112193 0.00549835
 1.00942e-16 7.89088e-05 0.000767021 0.00509713 0.0231708 0.0720929 0.153602 0.224186 0.224187 0.153607 0.072111 0.0232235 0.00523149 0.00106744 0.000670187 0.0010369 0.00161077 0.00228376 0.00299409 0.00369743 0.00435983 0.00492597 0.00529638 0.00535209 0.00502011 0.00432976
 1.01183e-16 5.55122e-05 0.000539598 0.00358582 0.0163006 0.0507175 0.10806 0.157723 0.157753 0.108207 0.0512107 0.0177243 0.0071563 0.00832385 0.0148096 0.0243181 0.0348459 0.0434446 0.0471564 0.0446318 0.0369613 0.026992 0.0176929 0.0108139 0.00660284 0.00437256
 1.03596e-16 5.53802e-05 0.000538315 0.00357729 0.0162619 0.0505968 0.107803 0.157346 0.157367 0.107908 0.0509519 0.0172888 0.00615984 0.00619228 0.0108406 0.0179564 0.0261441 0.033459 0.037927 0.0385868 0.0359846 0.0316658 0.0271189 0.0230441 0.0193851 0.0158412
 1.02751e-16 6.90513e-05 0.000671203 0.00446038 0.0202762 0.063087 0.134414 0.196183 0.196194 0.134466 0.0632614 0.0207804 0.00572765 0.00344345 0.00535117 0.00878252 0.0127518 0.0162628 0.0183478 0.0185632 0.0172334 0.0151886 0.0132144 0.0116554 0.0104113 0.00920405
 1.01693e-16 6.77091e-05 0.000658157 0.00437368 0.0198821 0.0618608 0.131802 0.192371 0.192386 0.131872 0.0620977 0.0205663 0.00609101 0.00440676 0.00718603 0.0117705 0.0169441 0.021298 0.0234454 0.0227504 0.0197036 0.0155868 0.0117032 0.00877251 0.00683822 0.00556646
 1.06057e-16 1.84086e-05 0.000178938 0.00118911 0.00540557 0.0168191 0.0358371 0.0523182 0.0523801 0.0361393 0.017834 0.00833758 0.00855041 0.0162538 0.0305622 0.0505339 0.0728797 0.0918211 0.101454 0.0990228 0.0865192 0.0692584 0.0526394 0.0396377 0.0304803 0.0239295
 1.05175e-16 6.96158e-05 0.000676691 0.00449685 0.020442 0.0636027 0.135512 0.197785 0.197789 0.13553 0.0636614 0.0206136 0.00493486 0.00165719 0.00200316 0.0033881 0.00531006 0.00759012 0.0100727 0.0126554 0.0152642 0.0177308 0.0196964 0.0206813 0.0203093 0.0185276
 1.04686e-16 5.56374e-05 0.000540815 0.00359391 0.0163374 0.0508319 0.108304 0.158078 0.158104 0.108433 0.0512662 0.0175914 0.00674012 0.0074043 0.0130774 0.0214987 0.0308931 0.0387137 0.0424239 0.0409008 0.0351381 0.0276127 0.020823 0.0161133 0.0134647 0.01206
 1.08295e-16 3.83082e-05 0.00037237 0.00247453 0.0112489 0.0349996 0.0745717 0.108847 0.108882 0.0747436 0.0355775 0.0129197 0.00667561 0.00956657 0.0175676 0.029159 0.0424122 0.0541905 0.0612883 0.0621817 0.0578466 0.050918 0.0439267 0.0380489 0.0331121 0.0284311
 1.04195e-16 7.05921e-05 0.000686181 0.00455991 0.0207287 0.0644947 0.137413 0.20056 0.200566 0.137445 0.0646024 0.0210407 0.00534653 0.00241524 0.00338948 0.00558425 0.00825573 0.0108441 0.0128259 0.0139623 0.0144076 0.0145253 0.0145703 0.0145078 0.0140944 0.0131036
 1.02324e-16 6.53743e-05 0.000635461 0.00422286 0.0191965 0.0597276 0.127257 0.185738 0.185756 0.12734 0.0600076 0.0200051 0.00625174 0.00506227 0.00846627 0.0138768 0.0199474 0.0250125 0.0274279 0.0264509 0.0226921 0.017716 0.0131155 0.00977196 0.00772643 0.00653083
 1.07019e-16 1.95366e-05 0.000189903 0.00126197 0.00573678 0.0178496 0.0380326 0.0555219 0.0555805 0.0383188 0.018811 0.0085145 0.00823781 0.0154294 0.0289946 0.0479869 0.0693183 0.0875668 0.0971858 0.095573 0.0845598 0.0690537 0.0539994 0.0420629 0.0333822 0.0268123
 1.23516e-16 2.63387e-05 0.000256021 0.00170135 0.00773411 0.0240638 0.051271 0.0748349 0.0748513 0.0513513 0.0243353 0.00852647 0.00372105 0.00476707 0.00889352 0.0154463 0.0240865 0.0341445 0.0448608 0.0557752 0.0666712 0.0770087 0.0854156 0.0898947 0.0887566 0.0816065
 1.09468e-16 7.00532e-05 0.000680942 0.0045251 0.0205705 0.0640023 0.136364 0.199028 0.199033 0.136387 0.0640804 0.0207968 0.00509609 0.00193723 0.00248604 0.00408191 0.00607917 0.00810725 0.00987326 0.0113298 0.0127271 0.0144223 0.016569 0.0189254 0.020919 0.0219084
pSPR Fmed_Fpbrs
0.413437   0.231212 0.231212
Fs Fmed_Fpbrs
0.547456   1.005 1.005
SSBpbr Bo_Bmed_Bpbrs
1.59285e+06  578901  288645 288645
Ro
88817.6
SPR SPRFo_SPRFmed_SPRFpbrs
632440 261474 146228
Fref
1.005
log_Ro
11.2143
likeval ReclasPelacesDesembMPH_pf_preclas_ppelaces_ptallas_desvR_qrecl_qpela
 16.3433 49.5003 0.0880449 0.000939635 247.22 119.979 88.1242 0 53.6745 1.53812e-05 0 0.162351 0 0 0
q_reclas_q_pelaces
1.74324 1
M
1
N
 53554.7 41414.3 85729.9 10830.4 0.178339
 45243.7 16736.4 12198.2 25141.7 3175.51
 147581 11249.9 3609.83 2603.78 6041.1
 34294.3 36457.4 2404.98 763.588 1827.57
 16605.1 5333.72 4148.08 267.451 287.789
 283664 2621.01 619.214 470.87 62.9501
 29807.7 73977 603.277 141.228 121.692
 8199.2 4575.1 8266.85 65.8687 28.6702
 22684.2 2280.38 1149.57 2061.81 23.5691
 54251.1 2202.22 136.486 66.413 120.248
 59617.1 5454.35 138.247 8.278 11.2995
 120256 17662.4 1493.77 37.6444 5.32922
 88100.8 22104 2523.52 209.527 6.0218
 67732.2 16641.8 3277.88 367.656 31.3738
 49761.1 7679.99 1230.81 234.969 28.5557
 401324 6699.71 717.855 112.015 23.9486
 29107.2 94088.8 1333.71 141.204 26.7271
 619811 7627.77 21799.9 306.243 38.5411
 327947 171114 1897.4 5381.51 85.0783
 218674 81733.1 37023.9 406.317 1169.99
 378668 54252.6 17575.5 7878.61 335.238
 510325 103499 13312.3 4278.74 1998.8
 42655.2 131746 23495.4 2993.76 1411.01
 277637 12298.9 34771.1 6161.04 1154.62
 190046 82757.3 3396.43 9548.73 2008.4
 67259.8 55978.5 22486.4 917.427 3120.76
 239734 20083.3 15495.2 6189.96 1111.27
 302113 70604.9 5455.91 4184.7 1971.18
 35705 95622.9 21159.9 1628.59 1837.13
 20180 11297.9 28646.8 6313.81 1033.89
 86370.1 5476.93 2745.74 6906.03 1770.57
pred_Ctot
 5163.51 5314.35 11195.9 1415.71 0.023313
 9567.87 4569.03 3381.71 6975.75 881.105
 31649.2 3111.92 1013.96 731.967 1698.33
 13398.2 17444.2 1164.31 369.903 885.355
 6409.36 2525.12 1987.18 128.205 137.959
 53673.8 644.136 154.602 117.663 15.7309
 11769 35726.1 294.754 69.045 59.4957
 1293.65 945.496 1736.7 13.8498 6.02859
 11699.7 1382.53 703.267 1261.95 14.426
 27555 1318.36 82.4622 40.145 72.6887
 7466.86 902.481 23.2673 1.39446 1.90354
 40206.5 7358.49 630.418 15.898 2.25072
 28580.9 8962.1 1036.67 86.134 2.47558
 32466.7 9493.36 1888.32 211.909 18.0837
 21586.2 4024.65 652.009 124.543 15.1361
 95426.3 2041.55 222.021 34.6718 7.41306
 5440.3 22855 329.148 34.8772 6.60185
 100081 1611.69 4682.02 65.8298 8.28513
 69004.5 46493.5 523.543 1486.12 23.4956
 46466.3 22414.2 10310.4 113.243 326.098
 63026.7 11800.5 3885.46 1743.24 74.1792
 99014.1 26047.6 3403.39 1094.8 511.456
 5947 24175.9 4384.36 559.148 263.547
 33875.5 1984.13 5706.1 1011.97 189.66
 24382.5 14015.5 585.051 1646.3 346.285
 8144.98 8965.02 3663.33 149.597 508.9
 30774.6 3403.07 2670.55 1067.78 191.707
 26994.4 8411.47 661.586 507.916 239.262
 3195.86 11411.3 2570.22 198.005 223.37
 3428.99 2506.41 6458.86 1424.77 233.317
 16086 1325.93 675.355 1700.07 435.885
F
 0.163119 0.222341 0.226673 0.226905 0.226917
 0.391709 0.533922 0.544323 0.544882 0.544911
 0.398232 0.542814 0.553388 0.553956 0.553986
 0.86093 1.1735 1.19636 1.19759 1.19765
 0.84615 1.15335 1.17582 1.17703 1.17709
 0.344035 0.46894 0.478075 0.478566 0.478592
 0.874138 1.1915 1.21471 1.21596 1.21602
 0.279696 0.381243 0.388669 0.389068 0.389089
 1.3322 1.81587 1.85125 1.85315 1.85325
 1.29721 1.76818 1.80262 1.80447 1.80457
 0.216507 0.295112 0.300861 0.301169 0.301186
 0.693866 0.94578 0.964204 0.965194 0.965246
 0.666562 0.908564 0.926263 0.927214 0.927264
 1.17694 1.60424 1.6355 1.63717 1.63726
 1.00517 1.37011 1.3968 1.39823 1.39831
 0.45053 0.614099 0.626062 0.626705 0.626739
 0.33919 0.462335 0.471342 0.471826 0.471851
 0.287083 0.391311 0.398934 0.399343 0.399365
 0.389394 0.530767 0.541107 0.541662 0.541692
 0.393932 0.536952 0.547412 0.547974 0.548004
 0.297097 0.40496 0.412849 0.413273 0.413295
 0.354172 0.482757 0.492162 0.492667 0.492693
 0.243637 0.332091 0.33856 0.338908 0.338926
 0.210402 0.28679 0.292377 0.292677 0.292693
 0.222296 0.303003 0.308906 0.309223 0.309239
 0.208677 0.284438 0.289979 0.290277 0.290293
 0.222432 0.303188 0.309094 0.309411 0.309428
 0.15039 0.20499 0.208984 0.209198 0.209209
 0.150669 0.20537 0.209371 0.209586 0.209597
 0.304148 0.414571 0.422647 0.423081 0.423104
 0.337806 0.46045 0.46942 0.469902 0.469927
nmprior
 8 9 7.5 0
nm_flota  nm_reclas  nm_pelaces    nm_pelaL
inf 14.7249 7.54233 11.2981
cv_recla  cv_pelaces  cv_mph
0.365674 0.827882 0.945987
 ------------------------------------------------
Talla a la edad & desviación 
 8 13.2811 15.8009 17.003 17.5766
 0.8 1.32811 1.58009 1.7003 1.75766
