years
 1991 1992 1993 1994 1995 1996 1997 1998 1999 2000 2001 2002 2003 2004 2005 2006 2007 2008 2009 2010 2011 2012 2013 2014 2015 2016 2017 2018 2019 2020 2021
reclasobs
 0 0 0 0 0 0 0 0 0 252601 567819 844713 477998 351125 339783 2.1784e+06 2.13404e+06 4.81314e+06 1.55562e+06 2.62356e+06 3.21686e+06 3.843e+06 1.13348e+06 3.07943e+06 1.97215e+06 2.03268e+06 2.025e+06 2.42433e+06 2.27542e+06 1.05018e+06 2.36338e+06
reclaspred
 3.32197e+06 1.85805e+06 941855 953219 956314 1.50763e+06 940225 832367 603486 434449 505728 652462 641108 498487 504955 1.29587e+06 1.22978e+06 2.82084e+06 2.31608e+06 1.76418e+06 3.08864e+06 2.49583e+06 1.96919e+06 3.03403e+06 2.28024e+06 2.02206e+06 2.39934e+06 2.55917e+06 2.0798e+06 1.29794e+06 2.02317e+06
pelacesobs
 0 0 0 0 0 0 0 0 0 0 0 0 0 0 0 552880 188675 0 991730 2.46772e+06 1.41603e+06 1.21717e+06 2.29649e+06 1.80582e+06 0 1.4828e+06 1.56532e+06 1.57751e+06 1.42118e+06 867257 0
pelacespred
 1.87639e+06 1.16554e+06 589573 488398 512226 834487 480628 529067 368689 250622 302987 325087 351158 286720 299143 638196 606971 1.60755e+06 1.35534e+06 952698 1.6314e+06 1.4243e+06 1.12531e+06 1.90264e+06 1.37412e+06 1.21677e+06 1.64798e+06 1.7361e+06 1.15957e+06 819779 1.20023e+06
mphobs
 0 0 0 0 0 0 0 0 0 0 0 498337 0 5186 125008 0 168611 109162 213762 579715 649985 157893 87575 83554 0 0 0 0 0 0 0
mphpred
 506980 338725 168385 92299.5 102316 116819 152424 93717.1 83345.9 56773 37043.4 60230 64450.7 54240.6 36504.9 46444.1 148772 139063 280476 209989 231295 282003 266621 218967 305173 252590 208235 222300 311832 209135 114245
desembarqueobs
 494567 514787 250237 358949 120608 361735 552515 73892 212993 205616 52469 317467 293654 387597 252695 516296 358380 742168 942051 627588 828172 859565 418607 520667 417249 300574 407403 355545 319650 289779 219260
desembarquepred
 494574 513514 250877 358979 120613 361751 552570 73896.5 213046 205665 52471.7 317538 293708 387636 252691 516260 358407 742073 941869 627461 828249 859586 418617 520693 417249 300577 407404 355531 319643 289789 219263
Reclutas
 195184 110445 110769 186464 149378 251938 104652 47691.3 44544.3 58709.3 109077 145922 121717 85790.6 84861 446454 93658 690331 400809 325738 450722 609762 127243 372040 317985 142201 316026 355119 101759 77040.4 358116
log_desv_Rt
 0.124067 -0.445353 -0.442431 0.0783616 -0.143395 0.379307 -0.49923 -1.28513 -1.35339 -1.07728 -0.457817 -0.166802 -0.348173 -0.697965 -0.70886 0.951463 -0.610225 1.3873 0.843611 0.63622 0.960977 1.26319 -0.303777 0.769127 0.612128 -0.192632 0.605948 0.722579 -0.527263 -0.805545 0.730982
SSB
 3.08187e+06 2.05906e+06 1.02359e+06 561077 621964 710129 926567 569694 506649 345116 225182 366131 391788 329722 221908 282328 904367 845346 1.70498e+06 1.2765e+06 1.40601e+06 1.71426e+06 1.62076e+06 1.33107e+06 1.8551e+06 1.53546e+06 1.26583e+06 1.35134e+06 1.89559e+06 1.2713e+06 694478
BT
 4.16557e+06 2.83554e+06 1.42635e+06 1.27628e+06 1.11773e+06 1.97447e+06 1.4557e+06 1.12129e+06 948133 699155 650614 915625 968141 975906 850899 1.69367e+06 1.49253e+06 3.86682e+06 3.61205e+06 2.46222e+06 3.92982e+06 3.64737e+06 2.61233e+06 4.28512e+06 3.12937e+06 2.6964e+06 3.70749e+06 3.82401e+06 2.5804e+06 1.91975e+06 2.58479e+06
Ftot
 0.13793 0.251584 0.245235 0.368581 0.123233 0.241546 0.534938 0.0860873 0.337879 0.449132 0.108349 0.475635 0.445677 0.743908 0.509416 0.423628 0.275714 0.27545 0.392787 0.346454 0.266372 0.339456 0.200354 0.175948 0.177287 0.142695 0.17292 0.14341 0.14205 0.208189 0.114837
BD_Bspro_t
 0.97822 0.842634 0.68091 0.592049 0.586238 0.662251 0.65128 0.486936 0.544572 0.49901 0.463343 0.667676 0.550073 0.45907 0.351568 0.409362 0.580105 0.551009 0.652168 0.553627 0.530884 0.576841 0.59173 0.583467 0.6897 0.699029 0.706705 0.744466 0.791469 0.721132 0.665087
BD_Bspro
 2.51033 1.67721 0.833767 0.457025 0.50662 0.578435 0.754735 0.464044 0.412691 0.281114 0.183422 0.298232 0.319131 0.268575 0.180755 0.22997 0.736652 0.688577 1.38879 1.03977 1.14527 1.39635 1.32019 1.08422 1.51108 1.25071 1.03108 1.10073 1.54405 1.03554 0.565687
BD_Bo
 1.70234 1.13737 0.565405 0.309924 0.343556 0.392256 0.511811 0.314684 0.279859 0.190633 0.124385 0.202241 0.216413 0.182129 0.122576 0.15595 0.499548 0.466947 0.941783 0.705103 0.776645 0.946912 0.895262 0.735247 1.02471 0.848147 0.699212 0.746441 1.04707 0.702233 0.383611
BD_Brms
 10.2283 6.83376 3.39717 1.86214 2.06422 2.35683 3.07515 1.89074 1.6815 1.14539 0.74735 1.21514 1.30029 1.0943 0.736485 0.937008 3.00148 2.80559 5.65859 4.23653 4.66638 5.68941 5.37908 4.41765 6.15685 5.09599 4.20113 4.4849 6.2912 4.21928 2.30488
Sel_flota
 0.782433 0.985576 0.99923 0.999959 0.999998
 0.782433 0.985576 0.99923 0.999959 0.999998
 0.782433 0.985576 0.99923 0.999959 0.999998
 0.782433 0.985576 0.99923 0.999959 0.999998
 0.782433 0.985576 0.99923 0.999959 0.999998
 0.782433 0.985576 0.99923 0.999959 0.999998
 0.782433 0.985576 0.99923 0.999959 0.999998
 0.782433 0.985576 0.99923 0.999959 0.999998
 0.782433 0.985576 0.99923 0.999959 0.999998
 0.782433 0.985576 0.99923 0.999959 0.999998
 0.782433 0.985576 0.99923 0.999959 0.999998
 0.782433 0.985576 0.99923 0.999959 0.999998
 0.782433 0.985576 0.99923 0.999959 0.999998
 0.782433 0.985576 0.99923 0.999959 0.999998
 0.782433 0.985576 0.99923 0.999959 0.999998
 0.782433 0.985576 0.99923 0.999959 0.999998
 0.782433 0.985576 0.99923 0.999959 0.999998
 0.782433 0.985576 0.99923 0.999959 0.999998
 0.782433 0.985576 0.99923 0.999959 0.999998
 0.782433 0.985576 0.99923 0.999959 0.999998
 0.782433 0.985576 0.99923 0.999959 0.999998
 0.782433 0.985576 0.99923 0.999959 0.999998
 0.782433 0.985576 0.99923 0.999959 0.999998
 0.782433 0.985576 0.99923 0.999959 0.999998
 0.782433 0.985576 0.99923 0.999959 0.999998
 0.782433 0.985576 0.99923 0.999959 0.999998
 0.782433 0.985576 0.99923 0.999959 0.999998
 0.782433 0.985576 0.99923 0.999959 0.999998
 0.782433 0.985576 0.99923 0.999959 0.999998
 0.782433 0.985576 0.99923 0.999959 0.999998
 0.782433 0.985576 0.99923 0.999959 0.999998
Sel_reclas
 1 1 1 1 1
 1 1 1 1 1
 1 1 1 1 1
 1 1 1 1 1
 1 1 1 1 1
 1 1 1 1 1
 1 1 1 1 1
 1 1 1 1 1
 1 1 1 1 1
 1 1 1 1 1
 1 1 1 1 1
 1 1 1 1 1
 1 1 1 1 1
 1 1 1 1 1
 1 1 1 1 1
 1 1 1 1 1
 1 1 1 1 1
 1 1 1 1 1
 1 1 1 1 1
 1 1 1 1 1
 1 1 1 1 1
 1 1 1 1 1
 1 1 1 1 1
 1 1 1 1 1
 1 1 1 1 1
 1 1 1 1 1
 1 1 1 1 1
 1 1 1 1 1
 1 1 1 1 1
 1 1 1 1 1
 1 1 1 1 1
Sel_pelaces
 1 1 1 1 1
 1 1 1 1 1
 1 1 1 1 1
 1 1 1 1 1
 1 1 1 1 1
 1 1 1 1 1
 1 1 1 1 1
 1 1 1 1 1
 1 1 1 1 1
 1 1 1 1 1
 1 1 1 1 1
 1 1 1 1 1
 1 1 1 1 1
 1 1 1 1 1
 1 1 1 1 1
 1 1 1 1 1
 1 1 1 1 1
 1 1 1 1 1
 1 1 1 1 1
 1 1 1 1 1
 1 1 1 1 1
 1 1 1 1 1
 1 1 1 1 1
 1 1 1 1 1
 1 1 1 1 1
 1 1 1 1 1
 1 1 1 1 1
 1 1 1 1 1
 1 1 1 1 1
 1 1 1 1 1
 1 1 1 1 1
pf_obs 
 0.8446 0.082 0.0669 0.0065 0
 0.8095 0.147 0.0364 0.0071 0
 0.9664 0.0169 0.016 0.0007 0
 0.9276 0.0648 0.0075 0.0001 0
 0.7033 0.2144 0.0806 0.0017 0
 0.9318 0.0425 0.0243 0.0014 0
 0.5671 0.3108 0.0964 0.0239 0.0018
 0.0768 0.2599 0.5324 0.112 0.0189
 0.490249 0.384438 0.106611 0.0170017 0.00170017
 0.7925 0.1577 0.0466 0.003 0.0002
 0.840416 0.127587 0.0312969 0.00059994 9.999e-05
 0.8084 0.0986 0.0794 0.0134 0.0002
 0.7335 0.1905 0.0724 0.0035 0.0001
 0.4001 0.4547 0.1325 0.0127 0
 0.49795 0.308269 0.164784 0.0264974 0.00249975
 0.9179 0.0499 0.0305 0.0017 0
 0.2467 0.6533 0.0926 0.0074 0
 0.9418 0.0223 0.034 0.0019 0
 0.707729 0.231977 0.0356964 0.0245975 0
 0.517169 0.277429 0.184464 0.0207286 0.00020938
 0.811772 0.124168 0.05621 0.00726502 0.000585176
 0.764997 0.148141 0.077277 0.00933861 0.000247198
 0.163321 0.427699 0.378323 0.0303852 0.000271297
 0.753843 0.0900009 0.118128 0.0371064 0.000921714
 0.721811 0.176058 0.0630433 0.0369309 0.00215725
 0.143369 0.312575 0.442814 0.0836902 0.0175525
 0.692698 0.0596174 0.167031 0.0765114 0.00414204
 0.394062 0.376323 0.152708 0.0712218 0.00568511
 0.125707 0.32114 0.495352 0.0537591 0.00404204
 0.23352 0.215282 0.420074 0.123614 0.00750983
 0 0 0 0 0
pf_pred 
 0.445387 0.123341 0.407041 0.0242306 8.05003e-07
 0.412969 0.297441 0.0651191 0.211868 0.0126031
 0.561487 0.208859 0.117269 0.0252874 0.0870975
 0.738609 0.162962 0.047263 0.0261381 0.0250284
 0.647211 0.277719 0.0470934 0.0134396 0.0145368
 0.740781 0.18122 0.0615891 0.0102976 0.00611273
 0.47026 0.416628 0.0794402 0.0265923 0.00707969
 0.449433 0.298551 0.198958 0.0372741 0.0157843
 0.529557 0.239051 0.126277 0.0829976 0.0221175
 0.695693 0.181257 0.063029 0.0327676 0.0272529
 0.812083 0.141247 0.0279927 0.00957139 0.00910616
 0.733875 0.225006 0.0310165 0.00606127 0.00404116
 0.679861 0.251351 0.058315 0.00790175 0.00257129
 0.626958 0.275116 0.0771659 0.0176017 0.00315827
 0.735169 0.184953 0.0592156 0.0162859 0.00437677
 0.9323 0.0533086 0.0101045 0.00317909 0.00110827
 0.379327 0.588219 0.0256464 0.00478086 0.00202671
 0.898873 0.04454 0.053671 0.00230434 0.000611157
 0.596075 0.371724 0.0143053 0.0169743 0.000921311
 0.617637 0.251903 0.12022 0.00455118 0.00568848
 0.730768 0.182629 0.0573661 0.0269437 0.0022929
 0.741961 0.200792 0.0390274 0.0120726 0.00614778
 0.320261 0.536399 0.111938 0.0214137 0.00998865
 0.737847 0.0985322 0.129521 0.026634 0.00746582
 0.627109 0.291972 0.0306929 0.0397645 0.0104609
 0.433406 0.386337 0.141598 0.0146706 0.0239882
 0.728358 0.133904 0.0943471 0.0340908 0.00930013
 0.685063 0.24384 0.0353083 0.0245203 0.0112683
 0.339441 0.484915 0.13644 0.0194774 0.0197272
 0.423122 0.227818 0.257223 0.0713509 0.020486
 0.852657 0.0715352 0.0302094 0.0336086 0.0119899
pobs_RECLAS
 0 0 0 0 0
 0 0 0 0 0
 0 0 0 0 0
 0 0 0 0 0
 0 0 0 0 0
 0 0 0 0 0
 0 0 0 0 0
 0 0 0 0 0
 0 0 0 0 0
 0 0 0 0 0
 0.991045 0.00858322 0.000360255 1.14367e-05 0
 0.934742 0.0480273 0.0164251 0.00080598 0
 0.827803 0.169806 0.00239088 0 0
 0.941827 0.0461693 0.0120037 0 0
 0.791401 0.0380133 0.147996 0.0225897 0
 0.846168 0.0940531 0.0597789 0 0
 0.134021 0.677848 0.182769 0.00536245 0
 0.80878 0.0450904 0.141981 0.00414843 0
 0.846168 0.0940531 0.0597789 0 0
 0.905697 0.0802665 0.012482 0.00150086 5.37128e-05
 0.989698 0.0102097 9.19794e-05 0 0
 0.975433 0.0193895 0.00387452 0.00125025 5.28907e-05
 0.303575 0.632131 0.0575291 0.00676475 0
 0.966965 0.00978017 0.0227588 0.000495775 0
 0.843318 0.132988 0.00938335 0.0141283 0.000182051
 0.564624 0.303363 0.111486 0.0197234 0.00080311
 0.826376 0.0876187 0.0782897 0.00655872 0.00115652
 0.89761 0.0855135 0.0140674 0.00269457 0.000114338
 0.34875 0.467042 0.161289 0.0227151 0.000203297
 0.318654 0.224769 0.449479 0.00709798 0
 0.937255 0.0296025 0.0250945 0.00804832 0
ppred_RECLAS
 0.506227 0.111008 0.361274 0.0214903 7.13934e-07
 0.47288 0.26902 0.0580718 0.188798 0.0112303
 0.620225 0.182254 0.100899 0.0217412 0.0748801
 0.782981 0.136047 0.0388961 0.0214946 0.0205813
 0.699074 0.237604 0.0397345 0.0113311 0.0122557
 0.784141 0.151552 0.0507857 0.00848497 0.00503653
 0.531896 0.369318 0.0693949 0.0232116 0.00617939
 0.508946 0.267987 0.176131 0.0329733 0.0139625
 0.589904 0.209883 0.1093 0.0717847 0.0191287
 0.74535 0.15259 0.052298 0.0271678 0.0225946
 0.845521 0.116521 0.0227738 0.0077812 0.0074027
 0.778772 0.18747 0.0254695 0.00497343 0.00331575
 0.73052 0.212238 0.0485334 0.00657127 0.00213826
 0.684382 0.2337 0.0645629 0.0147151 0.00264021
 0.780461 0.154004 0.0485921 0.0133538 0.00358864
 0.946142 0.0425405 0.00794798 0.00249869 0.000871039
 0.436548 0.534387 0.022972 0.0042791 0.00181393
 0.919024 0.0359484 0.0427096 0.00183234 0.000485954
 0.65245 0.320218 0.0121474 0.0144029 0.000781711
 0.673195 0.216352 0.10179 0.00385057 0.0048126
 0.775456 0.153019 0.0473906 0.0222417 0.00189269
 0.785409 0.167518 0.032099 0.00992192 0.00505236
 0.374051 0.495424 0.101947 0.019488 0.00909001
 0.782075 0.0826332 0.107113 0.0220098 0.00616935
 0.680739 0.250762 0.0259944 0.0336524 0.00885266
 0.492496 0.347595 0.125635 0.0130071 0.0212673
 0.773401 0.112506 0.0781696 0.0282244 0.00769944
 0.733773 0.20679 0.0295289 0.0204915 0.00941651
 0.394464 0.446185 0.123804 0.0176606 0.0178864
 0.483385 0.20578 0.229101 0.0635028 0.018232
 0.880363 0.058513 0.024369 0.027091 0.00966434
pobs_PELACES
 0 0 0 0 0
 0 0 0 0 0
 0 0 0 0 0
 0 0 0 0 0
 0 0 0 0 0
 0 0 0 0 0
 0 0 0 0 0
 0 0 0 0 0
 0 0 0 0 0
 0 0 0 0 0
 0 0 0 0 0
 0 0 0 0 0
 0 0 0 0 0
 0 0 0 0 0
 0 0 0 0 0
 0 0 0 0 0
 0.505614 0.472636 0.0217494 0 0
 0 0 0 0 0
 0.443492 0.261883 0.143347 0.151278 0
 0.227955 0.32914 0.350689 0.0885471 0.00366901
 0.970185 0.0296113 0.000203453 0 0
 0.997202 0.00247181 0.000326279 0 0
 0.445219 0.490057 0.0546422 0.010081 0
 0.90214 0.0892962 0.00764917 0.000914606 0
 0 0 0 0 0
 0.581667 0.319106 0.0959925 0.00289975 0.000334073
 0.762889 0.0836404 0.116647 0.0363945 0.000428098
 0.88444 0.0763242 0.0277011 0.0115352 0
 0.521256 0.241999 0.230069 0.00667565 0
 0.616807 0.101726 0.260614 0.0208532 0
 0 0 0 0 0
ppred_PELACES
 0.508659 0.110515 0.359445 0.0213808 7.10295e-07
 0.47723 0.266954 0.0575606 0.187124 0.0111308
 0.624228 0.18044 0.0997842 0.0214997 0.0740481
 0.787257 0.133451 0.0380908 0.0210477 0.0201532
 0.700834 0.236243 0.0394848 0.0112596 0.0121784
 0.786924 0.149647 0.0500928 0.00836872 0.00496751
 0.540942 0.362368 0.0679251 0.0227171 0.00604769
 0.510433 0.267224 0.175561 0.0328659 0.013917
 0.595556 0.207148 0.107712 0.0707358 0.0188491
 0.751178 0.149222 0.0510402 0.0265116 0.0220487
 0.846483 0.115809 0.0226237 0.00772971 0.0073537
 0.784272 0.182869 0.0247913 0.00484044 0.00322707
 0.736444 0.207661 0.0473915 0.00641599 0.00208772
 0.69524 0.225858 0.0621878 0.0141712 0.00254261
 0.786373 0.149961 0.047208 0.0129718 0.00348597
 0.947591 0.0414128 0.00772252 0.00242756 0.00084624
 0.441115 0.53009 0.0227589 0.00423914 0.00179698
 0.920438 0.035345 0.0419406 0.00179923 0.000477171
 0.658429 0.314755 0.011919 0.0141308 0.000766939
 0.678399 0.213019 0.100066 0.00378502 0.00473065
 0.778617 0.150923 0.0466856 0.0219094 0.00186441
 0.789276 0.164555 0.0314831 0.00973075 0.004955
 0.377246 0.492989 0.101354 0.0193738 0.00903672
 0.784163 0.0818823 0.106055 0.0217916 0.00610817
 0.683355 0.248751 0.0257654 0.0333545 0.00877428
 0.494938 0.345993 0.124976 0.0129384 0.0211549
 0.775495 0.11151 0.0774176 0.0279517 0.00762504
 0.735676 0.205343 0.0293032 0.0203343 0.00934422
 0.396782 0.444553 0.123272 0.0175841 0.0178089
 0.487014 0.204451 0.227408 0.0630305 0.0180964
 0.8812 0.0581195 0.0241926 0.0268942 0.0095941
pobs_pel_tallas
 0 0 0 0 0 0 0 0 0 0 0 0 0 0 0 0 0 0 0 0 0 0 0 0 0 0
 0 0 0 0 0 0 0 0 0 0 0 0 0 0 0 0 0 0 0 0 0 0 0 0 0 0
 0 0 0 0 0 0 0 0 0 0 0 0 0 0 0 0 0 0 0 0 0 0 0 0 0 0
 0 0 0 0 0 0 0 0 0 0 0 0 0 0 0 0 0 0 0 0 0 0 0 0 0 0
 0 0 0 0 0 0 0 0 0 0 0 0 0 0 0 0 0 0 0 0 0 0 0 0 0 0
 0 0 0 0 0 0 0 0 0 0 0 0 0 0 0 0 0 0 0 0 0 0 0 0 0 0
 0 0 0 0 0 0 0 0 0 0 0 0 0 0 0 0 0 0 0 0 0 0 0 0 0 0
 0 0 0 0 0 0 0 0 0 0 0 0 0 0 0 0 0 0 0 0 0 0 0 0 0 0
 0 0 0 0 0 0 0 0 0 0 0 0 0 0 0 0 0 0 0 0 0 0 0 0 0 0
 0 0 0 0 0 0 0 0 0 0 0 0 0 0 0 0 0 0 0 0 0 0 0 0 0 0
 0 0 0 0 0 0 0 0 0 0 0 0 0 0 0 0 0 0 0 0 0 0 0 0 0 0
 0 0 0 0 0 0 0 0 0 0 0 0 0 0 0 0 0 0 0 0 0 0 0 0 0 0
 0.00862536 0 0 0.000197151 0.00414017 0.0128641 0.00837892 0.0270097 0.101434 0.158115 0.152841 0.127902 0.109271 0.109419 0.0830992 0.0579132 0.0238553 0.00714673 0.00463305 0.00128148 0.00103504 0.000492878 0.000147863 0.000147863 4.92878e-05 0
 0 0 0 0 0 0 0 0 0 0 0 0 0 0 0 0 0 0 0 0 0 0 0 0 0 0
 0 0 0 0 0 0 0 0.0054083 0.00873648 0.0413646 0.0450493 0.0745869 0.0622846 0.0627006 0.0613931 0.0827291 0.12552 0.122667 0.0946155 0.0697135 0.0546179 0.0294188 0.0215738 0.0213955 0.0102223 0.00600262
 0 0 0 0 0.00359764 0.0251062 0.0480494 0.140153 0.205849 0.193036 0.1447 0.116669 0.0760912 0.0342217 0.00950174 0.001854 0.000860785 0 0 0 0.000165536 0 0.000143464 0 0 0
 0 0 0 0 0 0 0 0.000145254 0.000435761 0.0275982 0.070085 0.0708112 0.156366 0.174668 0.174014 0.160142 0.0824315 0.0480064 0.0283245 0.00493863 0.00203355 0 0 0 0 0
 0 0 0 0 0 0 0 0 0 0 0 0 0 0 0 0 0 0 0 0 0 0 0 0 0 0
 0 0 1.00437e-05 0.000401748 0.00122533 0.00171747 0.00176769 0.0269171 0.070346 0.194647 0.189555 0.159765 0.064822 0.0314167 0.0384472 0.0292271 0.0345202 0.0313363 0.0194345 0.0106764 0.0143323 0.0359363 0.0279516 0.0138201 0.00172751 0
 0 0.0021121 0.0136068 0.0755702 0.200478 0.177729 0.0527432 0.0373336 0.0318909 0.0142505 0.0149659 0.0166563 0.0217959 0.0798694 0.0677717 0.0528807 0.04013 0.0224614 0.0357745 0.0225083 0.00881397 0.00855152 0.00135912 0.000746735 0 0
 0 0 0 0 5.4009e-05 0.00500934 0.000945158 0.0243581 0.138947 0.33067 0.221406 0.137944 0.0707744 0.0437923 0.0131692 0.00525238 0.0047753 0.00276346 9.45158e-05 9.00151e-06 2.25038e-05 9.00151e-06 4.50075e-06 0 0 0
 0.000866109 0.00284123 0.00948549 0.0512746 0.133035 0.25785 0.225252 0.132002 0.0553304 0.0519788 0.0540692 0.017754 0.00435017 0.00159236 0.00146478 0.000404838 0.000125132 0.000115318 0.000107957 0.000100596 0 0 0 0 0 0
 0 0 0 0 0.00144013 0.00171154 0.00461396 0.0210425 0.0478622 0.0707936 0.0888783 0.103762 0.0637923 0.0337046 0.0602308 0.124433 0.169614 0.0934646 0.0462172 0.0250306 0.0313229 0.00938855 0.002487 0.000210481 0 0
 0 0.00764035 0.051015 0.0998891 0.058973 0.0496711 0.0374665 0.0718981 0.12319 0.153886 0.159021 0.0857701 0.0377988 0.023471 0.0147837 0.00900784 0.00315554 0.000888139 0.00291439 0.00214683 0.00393193 0.00274676 0.000635225 9.99891e-05 0 0
 0 0 0 0 0 0 0 0 0 0 0 0 0 0 0 0 0 0 0 0 0 0 0 0 0 0
 0 0 0 0 0 0 0 0 0 0 0 0 0 0 0 0 0 0 0 0 0 0 0 0 0 0
 0 0 0 0 0 0 0 0 0 0 0 0 0 0 0 0 0 0 0 0 0 0 0 0 0 0
 0 0 0 0 0 0 0 0 0 0 0 0 0 0 0 0 0 0 0 0 0 0 0 0 0 0
 0 0 0 0 0 0 0 0 0 0 0 0 0 0 0 0 0 0 0 0 0 0 0 0 0 0
 0 0 0 0 0 0 0 0 0 0 0 0 0 0 0 0 0 0 0 0 0 0 0 0 0 0
 0 0 0 0 0 0 0 0 0 0 0 0 0 0 0 0 0 0 0 0 0 0 0 0 0 0
ppred_pel_tallas
 1.12546e-16 4.18976e-05 0.000407259 0.00270638 0.0123028 0.0382787 0.0815573 0.119038 0.119049 0.0816122 0.0384647 0.0128468 0.00409749 0.00352906 0.00621933 0.0108622 0.0171451 0.024679 0.0329762 0.0416241 0.050195 0.0578943 0.063361 0.0650208 0.0618834 0.0542088
 1.22379e-16 3.93088e-05 0.000382096 0.00253916 0.0115427 0.0359137 0.0765189 0.111687 0.111713 0.0766452 0.0363379 0.0127693 0.00562386 0.00713571 0.0129269 0.0214797 0.0313703 0.0404344 0.046579 0.0490597 0.0489991 0.0485855 0.0495357 0.0520044 0.0546404 0.0555374
 1.17613e-16 5.14169e-05 0.000499791 0.00332128 0.0150981 0.0469758 0.100088 0.146085 0.146102 0.100173 0.047264 0.0159322 0.00542183 0.00510831 0.00887256 0.0147705 0.0217137 0.0282614 0.0330027 0.035368 0.0359666 0.0360867 0.0367519 0.0380853 0.0393747 0.0396256
 1.06655e-16 6.48453e-05 0.00063032 0.0041887 0.0190412 0.0592444 0.126227 0.184234 0.184247 0.12629 0.0594562 0.0196537 0.00572811 0.00399786 0.00648146 0.0106693 0.0155012 0.0197958 0.0224072 0.0228435 0.0215616 0.0196304 0.0180312 0.0171418 0.0167143 0.0162182
 1.04391e-16 5.77268e-05 0.000561125 0.00372888 0.0169509 0.0527408 0.112371 0.164013 0.164036 0.112482 0.0531147 0.0180309 0.00644038 0.00648262 0.0113105 0.0186257 0.0268704 0.0338892 0.0375282 0.0368065 0.0324972 0.0265885 0.0210691 0.0169869 0.0143247 0.0124932
 1.03164e-16 6.48179e-05 0.000630053 0.00418692 0.0190332 0.0592193 0.126174 0.184157 0.184171 0.126244 0.0594569 0.0197201 0.00591342 0.0044065 0.00725896 0.0119554 0.0173504 0.0220999 0.0248725 0.0250448 0.0230428 0.0199948 0.016992 0.0145531 0.0126097 0.0108481
 1.05355e-16 4.45568e-05 0.000433108 0.00287815 0.0130837 0.0407084 0.0867348 0.126599 0.126634 0.0869057 0.0412821 0.014741 0.00703972 0.00952289 0.0173227 0.028607 0.0412994 0.0521358 0.057815 0.0568156 0.050284 0.0412096 0.0325811 0.0259715 0.0213758 0.0179747
 1.10786e-16 4.20437e-05 0.00040868 0.00271582 0.0123458 0.0384124 0.0818426 0.119457 0.119483 0.0819696 0.0388396 0.0135826 0.00583143 0.00724609 0.0131334 0.0219228 0.0322252 0.0418844 0.0486951 0.0516004 0.0512005 0.0490874 0.0465953 0.0440329 0.0408834 0.0365625
 1.13445e-16 4.90552e-05 0.000476834 0.00316873 0.0144046 0.0448181 0.0954905 0.139375 0.139396 0.0955889 0.0451488 0.0153616 0.00557844 0.00576236 0.0101621 0.016922 0.0248494 0.0322767 0.0375497 0.0399608 0.0401364 0.0394712 0.0390709 0.0390661 0.0387379 0.0371778
 1.07902e-16 6.18735e-05 0.000601433 0.00399673 0.0181686 0.0565293 0.120442 0.175792 0.175806 0.120513 0.0567665 0.0188544 0.00572133 0.00437632 0.00726127 0.0119875 0.0174578 0.0223784 0.0254858 0.0262358 0.0251231 0.0232998 0.0217997 0.020981 0.020525 0.0198358
 1.02703e-16 6.97237e-05 0.00067774 0.00450382 0.0204737 0.0637014 0.135723 0.198094 0.198105 0.135778 0.0638848 0.0210036 0.00583448 0.00358474 0.0055971 0.00916014 0.0132307 0.0167294 0.0186091 0.0183967 0.0164708 0.0137922 0.0113085 0.00949789 0.00831766 0.00745627
 1.01794e-16 6.45995e-05 0.00062793 0.00417282 0.018969 0.0590198 0.125749 0.183537 0.183555 0.125835 0.0593089 0.0198041 0.00626896 0.00520355 0.00875368 0.0143671 0.0206847 0.0260001 0.0286188 0.0277585 0.0240096 0.0189283 0.0141025 0.0104173 0.00794407 0.00629978
 1.02418e-16 6.066e-05 0.000589636 0.00391834 0.0178122 0.0554205 0.11808 0.172346 0.172366 0.118178 0.0557495 0.0187627 0.00630552 0.00580521 0.00997866 0.0164336 0.0237432 0.0300141 0.0333502 0.0328629 0.0291752 0.0239545 0.0188746 0.0148282 0.0118488 0.0095426
 1.03704e-16 5.72661e-05 0.000556646 0.00369911 0.0168156 0.0523198 0.111474 0.162704 0.162726 0.11158 0.052678 0.0178508 0.00629996 0.00624222 0.0108784 0.0179544 0.0260004 0.0329931 0.0369002 0.036772 0.0332734 0.0281655 0.0231802 0.0191854 0.0161337 0.0135604
 1.03292e-16 6.47725e-05 0.000629612 0.00418399 0.0190198 0.0591779 0.126085 0.184028 0.184043 0.126156 0.0594159 0.019708 0.00591339 0.00441197 0.00726901 0.0119694 0.0173646 0.0221074 0.0248649 0.0250186 0.0230063 0.0199711 0.0170147 0.0146537 0.0128024 0.0111206
 1.00621e-16 7.80518e-05 0.000758691 0.00504177 0.0229192 0.07131 0.151934 0.221753 0.221757 0.151953 0.0713756 0.0231086 0.00551735 0.00179744 0.00205249 0.00327405 0.00471923 0.0059566 0.00660434 0.00648835 0.00573983 0.00470091 0.00371384 0.00295908 0.00243642 0.00205203
 1.01522e-16 3.63342e-05 0.000353181 0.00234702 0.0106692 0.0331962 0.0707299 0.103243 0.103294 0.0709791 0.0340327 0.0130841 0.00840439 0.0135625 0.0250821 0.0413004 0.0592375 0.0739581 0.0804561 0.0764233 0.0636514 0.0468841 0.0310735 0.0191498 0.0115714 0.00728047
 1.01481e-16 7.58153e-05 0.000736951 0.0048973 0.0222624 0.0692667 0.14758 0.215398 0.215402 0.147597 0.0693238 0.022428 0.00531575 0.00165948 0.00185427 0.00301414 0.00449381 0.00598093 0.00720003 0.00800397 0.00842057 0.00856352 0.00849234 0.00815665 0.00746687 0.00640972
 1.01972e-16 5.4234e-05 0.000527173 0.00350325 0.0159253 0.0495497 0.105572 0.154092 0.154122 0.10572 0.0500464 0.0173593 0.00710047 0.00837218 0.0149307 0.0245389 0.035208 0.0439935 0.0479396 0.0456994 0.038359 0.0287432 0.0197734 0.0131355 0.00902055 0.00671438
 1.04123e-16 5.58789e-05 0.000543163 0.00360951 0.0164083 0.0510525 0.108773 0.158762 0.158783 0.108874 0.0513915 0.0173891 0.00607649 0.00594549 0.0103651 0.0171751 0.0250318 0.0320903 0.0364804 0.0372945 0.0350524 0.0312104 0.0271531 0.0235026 0.0201622 0.0168171
 1.03899e-16 6.41337e-05 0.000623402 0.00414273 0.0188323 0.0585942 0.124842 0.182213 0.182228 0.124913 0.0588338 0.0195249 0.00588366 0.00443143 0.00731866 0.012057 0.0175027 0.0223092 0.0251476 0.0254104 0.0235506 0.0207204 0.0180113 0.0159044 0.0142595 0.012682
 1.02766e-16 6.50117e-05 0.000631937 0.00419944 0.0190901 0.0593963 0.126551 0.184708 0.184724 0.126628 0.0596569 0.0198427 0.00608954 0.00476056 0.00791349 0.0129995 0.0187672 0.0237014 0.0263037 0.025887 0.0229748 0.0189255 0.0150935 0.0121859 0.0101887 0.00871591
 1.06524e-16 3.10734e-05 0.000302044 0.00200719 0.00912444 0.0283898 0.0604891 0.0882956 0.0883432 0.0607216 0.0291704 0.0113798 0.00767101 0.0126744 0.0235523 0.0389499 0.0562514 0.071042 0.078825 0.0775088 0.0686151 0.0561667 0.0442 0.0348638 0.0282093 0.0232158
 1.06301e-16 6.45905e-05 0.000627842 0.00417223 0.0189664 0.0590115 0.12573 0.183509 0.183517 0.12577 0.0591442 0.0193516 0.00514672 0.00277995 0.00422471 0.00707289 0.0106292 0.0143034 0.0175182 0.0199825 0.0217811 0.0231432 0.0241025 0.024378 0.0235734 0.0214996
 1.05638e-16 5.62871e-05 0.00054713 0.00363587 0.0165282 0.0514254 0.109568 0.159923 0.159947 0.109685 0.0518187 0.0176641 0.00648709 0.00677143 0.0118782 0.0195519 0.0281748 0.0354765 0.0391992 0.0383452 0.033791 0.0277035 0.0222264 0.0184493 0.0162598 0.0148867
 1.08573e-16 4.07675e-05 0.000396275 0.00263338 0.011971 0.0372464 0.0793587 0.115833 0.115867 0.0795223 0.0377961 0.0135602 0.00662833 0.00913679 0.0166979 0.0276904 0.0402358 0.0513323 0.0579257 0.0585842 0.0542851 0.0476079 0.0410312 0.0357064 0.031437 0.0274757
 1.06357e-16 6.38766e-05 0.000620903 0.00412612 0.0187567 0.0583592 0.124341 0.181482 0.181492 0.124394 0.0585378 0.0192738 0.00542914 0.0034827 0.00555004 0.00920888 0.0135772 0.0177464 0.0208292 0.0224188 0.0227838 0.022572 0.0222763 0.0219169 0.0211484 0.0196131
 1.04519e-16 6.05967e-05 0.000589021 0.00391425 0.0177936 0.0553627 0.117957 0.172166 0.172185 0.118054 0.0556876 0.0187321 0.00627023 0.00573366 0.00983606 0.016179 0.0233364 0.0294302 0.0325976 0.0320051 0.0283508 0.0233863 0.0188467 0.0156175 0.0136257 0.0122833
 1.08449e-16 3.26825e-05 0.000317685 0.00211113 0.00959693 0.0298598 0.0636211 0.0928659 0.0929089 0.063831 0.0305649 0.0116345 0.00723038 0.0115086 0.0213322 0.0353346 0.0511781 0.0649459 0.0726461 0.072417 0.0655802 0.0556206 0.045967 0.0383404 0.0326397 0.0279147
 1.15999e-16 4.01148e-05 0.00038993 0.00259122 0.0117793 0.03665 0.0780874 0.113975 0.113995 0.0781854 0.0369802 0.0127373 0.00501204 0.00572825 0.0103367 0.0174403 0.026095 0.0348707 0.0422995 0.0476764 0.0513228 0.0540043 0.0560305 0.0568615 0.0555232 0.0513881
 1.05034e-16 7.25833e-05 0.000705535 0.00468853 0.0213134 0.0663139 0.141289 0.206216 0.206222 0.141316 0.0664065 0.0215815 0.00536336 0.00218507 0.00290175 0.00473444 0.00694017 0.009007 0.0104787 0.0111809 0.0113258 0.0113433 0.0115653 0.0120117 0.0124155 0.0124212
pSPR Fmed_Fpbrs
0.636142   0.216434 0.216434
Fs Fmed_Fpbrs
0.247991   1.005 1.005
SSBpbr Bo_Bmed_Bpbrs
1.81037e+06  1.06113e+06  301307 301307
Ro
172410
SPR SPRFo_SPRFmed_SPRFpbrs
1.22767e+06 780974 265710
Fref
1.005
log_Ro
11.8776
likeval ReclasPelacesDesembMPH_pf_preclas_ppelaces_ptallas_desvR_qrecl_qpela
 14.1013 16.8948 0.0650719 0.000812099 228.958 120.904 82.2861 0 23.7574 2.0974e-07 1.02338e-06 0.331826 0 0 0
q_reclas_q_pelaces
0.937164 1.1548
M
1
N
 195184 43404.9 141393 8411.16 0.27943
 110445 64458.5 13938.2 45318.7 2695.73
 110769 33370.6 18505.5 3987.81 13734.7
 186464 33634.9 9640.53 5328.23 5101.86
 149378 51410.7 8604.62 2453.9 2654.14
 251938 49901.8 16749.9 2798.72 1661.28
 104652 76722 14468.8 4840.56 1288.67
 47691.3 25332.6 16659.3 3118.87 1320.68
 44544.3 16401.8 8561.24 5623.45 1498.5
 58709.3 12580.1 4324.89 2247.07 1868.83
 109077 15198.3 2972.68 1015.72 966.317
 145922 36865.7 5024.85 981.373 654.279
 121717 37000.1 8486.77 1149.27 373.969
 85790.6 31594.7 8772.94 2000.05 358.86
 84861 17634.4 5583.47 1534.7 412.433
 446454 20956.1 3926.64 1234.65 430.4
 93658 117905 5077.98 945.995 401.014
 690331 27769.1 33053.9 1418.23 376.13
 400809 204721 7786.92 9234.09 501.18
 325738 108436 51138 1934.72 2418.11
 450722 91379.1 28352 13307.7 1132.44
 609762 134617 25854.6 7992.73 4070.02
 127243 171995 35441.2 6775.36 3160.33
 372040 40018.2 51935.6 10672.5 2991.53
 317985 119263 12378 16025.7 4215.75
 142201 101828 36840.7 3814.36 6236.69
 316026 46786.4 32545.9 11751.9 3205.87
 355119 101547 14514.8 10073 4628.9
 101759 116775 32433.2 4626.81 4685.98
 77040.4 33497.4 37346.7 10352.7 2972.32
 358116 24081.3 10037 11158.7 3980.7
pred_Ctot
 12733.8 3526.36 11637.5 692.764 0.0230154
 12676.6 9130.36 1998.92 6503.57 386.87
 12417.7 4619.07 2593.5 559.251 1926.23
 30229.9 6669.74 1934.39 1069.79 1024.37
 8748.1 3753.81 636.543 181.658 196.489
 27851 6813.28 2315.55 387.158 229.819
 23403.8 20734.6 3953.57 1323.44 352.341
 1974.58 1311.68 874.118 163.763 69.3481
 6683.42 3017 1593.72 1047.49 279.14
 11314.4 2947.87 1025.07 532.914 443.226
 5643.4 981.567 194.53 66.5144 63.2814
 29541.6 9057.43 1248.55 243.992 162.674
 23301.4 8614.73 1998.68 270.823 88.1278
 25075.5 11003.4 3086.29 703.987 126.316
 18212.3 4581.83 1466.94 403.449 108.426
 81790.9 4676.77 886.469 278.902 97.2286
 11691.8 18130.4 790.485 147.358 62.4682
 86102.1 4266.44 5141.09 220.73 58.542
 68731.7 42862.4 1649.5 1957.26 106.234
 49980.8 20384.6 9728.52 368.294 460.327
 54519.3 13625.1 4279.83 2010.15 171.063
 91870.6 24862.3 4832.43 1494.85 761.227
 11820.6 19798.1 4131.53 790.363 368.673
 30588.2 4084.75 5369.41 1104.14 309.503
 26331.6 12259.6 1288.76 1669.66 439.242
 9583.08 8542.32 3130.88 324.384 530.404
 25560.3 4699.09 3310.93 1196.35 326.37
 24046.1 8558.92 1239.34 860.675 395.523
 6828.04 9754.34 2744.56 391.798 396.823
 7418.3 3994.18 4509.71 1250.94 359.167
 19596.5 1644.08 694.298 772.422 275.561
F
 0.107921 0.135941 0.137824 0.137925 0.13793
 0.196848 0.247955 0.25139 0.251574 0.251584
 0.19188 0.241698 0.245046 0.245225 0.245234
 0.28839 0.363265 0.368297 0.368566 0.36858
 0.0964212 0.121455 0.123138 0.123228 0.123232
 0.188994 0.238062 0.24136 0.241536 0.241546
 0.418553 0.527223 0.534527 0.534917 0.534937
 0.0673575 0.0848455 0.086021 0.0860838 0.0860871
 0.264368 0.333006 0.337619 0.337865 0.337878
 0.351415 0.442653 0.448786 0.449113 0.449131
 0.0847761 0.106787 0.108266 0.108345 0.108349
 0.372152 0.468774 0.475268 0.475615 0.475634
 0.348712 0.439249 0.445334 0.445659 0.445676
 0.582058 0.733178 0.743336 0.743878 0.743907
 0.398583 0.502068 0.509023 0.509395 0.509414
 0.331461 0.417518 0.423302 0.423611 0.423627
 0.215727 0.271737 0.275501 0.275702 0.275713
 0.215521 0.271476 0.275237 0.275438 0.275449
 0.307329 0.387121 0.392484 0.392771 0.392786
 0.271077 0.341457 0.346188 0.34644 0.346454
 0.208418 0.26253 0.266167 0.266361 0.266372
 0.265601 0.33456 0.339195 0.339442 0.339455
 0.156763 0.197464 0.200199 0.200345 0.200353
 0.137668 0.17341 0.175813 0.175941 0.175948
 0.138715 0.17473 0.177151 0.17728 0.177287
 0.11165 0.140637 0.142586 0.14269 0.142695
 0.135299 0.170426 0.172787 0.172913 0.17292
 0.112208 0.141341 0.143299 0.143404 0.143409
 0.111144 0.140001 0.14194 0.142044 0.142049
 0.162894 0.205186 0.208028 0.20818 0.208188
 0.0898521 0.11318 0.114748 0.114832 0.114837
nmprior
 8 9 7.5 0
nm_flota  nm_reclas  nm_pelaces    nm_pelaL
inf 13.0032 16.9851 29.9283
cv_recla  cv_pelaces  cv_mph
0.339668 0.48366 0.879447
 ------------------------------------------------
Talla a la edad & desviación 
 8 13.2811 15.8009 17.003 17.5766
 0.8 1.32811 1.58009 1.7003 1.75766
