    unsorted:	 1.960130845e-05 -5.714407182e-07 0.001099980655 10.31706123 4.490097031 14.05468716 15.91740831 62.95624251 76.65866481 100.5967873 116.4592611 167.7285263 218.7989962 391.4183424 383.4183287 364.5289952 410.6787096 428.2602667 289.3273782 472.9514926 733.6988547 726.2355285 741.8071344 768.2179760 778.8559257 796.0452568 595.3432897 831.6531815 883.2729720 909.4396805 990.9809720 1010.935471 1058.548436 1076.408586 1136.432122 1219.944665 1236.499388 1256.712136 1292.186572 1407.648601 1479.441633 1856.627899 3176.866434 19572.21965 32305.60984 257371.7609 249846.3020 246357.4435 263995.7567 281134.4706 234913.5130 290391.0785 155373.5491 308696.8457 347327.2483 475209.9868 672839.6520 715337.9324 752671.8145 863591.6405 1037216.944 1431362.860 1655216.226 1846434.053 1957874.042 2025066.787 2288530.368 2560479.738 2742682.458 2982708.039 3236743.330 3328455.499 3765880.622 4095166.704 4394623.407 6261298.585 52074719.01
      sorted:	 -5.714407182e-07 1.960130845e-05 0.001099980655 4.490097031 10.31706123 14.05468716 15.91740831 62.95624251 76.65866481 100.5967873 116.4592611 167.7285263 218.7989962 289.3273782 364.5289952 383.4183287 391.4183424 410.6787096 428.2602667 472.9514926 595.3432897 726.2355285 733.6988547 741.8071344 768.2179760 778.8559257 796.0452568 831.6531815 883.2729720 909.4396805 990.9809720 1010.935471 1058.548436 1076.408586 1136.432122 1219.944665 1236.499388 1256.712136 1292.186572 1407.648601 1479.441633 1856.627899 3176.866434 19572.21965 32305.60984 155373.5491 234913.5130 246357.4435 249846.3020 257371.7609 263995.7567 281134.4706 290391.0785 308696.8457 347327.2483 475209.9868 672839.6520 715337.9324 752671.8145 863591.6405 1037216.944 1431362.860 1655216.226 1846434.053 1957874.042 2025066.787 2288530.368 2560479.738 2742682.458 2982708.039 3236743.330 3328455.499 3765880.622 4095166.704 4394623.407 6261298.585 52074719.01
