years
 1991 1992 1993 1994 1995 1996 1997 1998 1999 2000 2001 2002 2003 2004 2005 2006 2007 2008 2009 2010 2011 2012 2013 2014 2015 2016 2017 2018 2019 2020 2021
reclasobs
 0 0 0 0 0 0 0 0 0 252601 567819 844713 477998 351125 339783 2.1784e+06 2.13404e+06 4.81314e+06 1.55562e+06 2.62356e+06 3.21686e+06 3.843e+06 1.13348e+06 3.07943e+06 1.97215e+06 2.03268e+06 2.025e+06 2.42433e+06 2.27542e+06 1.05018e+06 2.36338e+06
reclaspred
 3.1696e+06 1.75703e+06 885141 818321 776282 1.28237e+06 747058 647503 478155 350258 464394 623597 612843 467311 471960 1.36483e+06 1.28385e+06 2.95093e+06 2.44246e+06 1.84769e+06 3.26789e+06 2.6355e+06 2.04439e+06 3.15119e+06 2.34363e+06 2.05739e+06 2.49033e+06 2.70021e+06 2.1781e+06 1.31621e+06 1.83401e+06
pelacesobs
 0 0 0 0 0 0 0 0 0 0 0 0 0 0 0 552880 188675 0 991730 2.46772e+06 1.41603e+06 1.21717e+06 2.29649e+06 1.80582e+06 0 1.4828e+06 1.56532e+06 1.57751e+06 1.42118e+06 867257 0
pelacespred
 1.47852e+06 906604 453625 340934 343310 582869 299663 339078 233275 160628 225654 253790 275591 218941 228659 556907 526235 1.4011e+06 1.18991e+06 831341 1.43945e+06 1.25241e+06 972017 1.6444e+06 1.17578e+06 1.03023e+06 1.42367e+06 1.52211e+06 1.01079e+06 695266 906728
mphobs
 0 0 0 0 0 0 0 0 0 0 0 498337 0 5186 125008 0 168611 109162 213762 579715 649985 157893 87575 83554 0 0 0 0 0 0 0
mphpred
 476457 316543 155427 84428.6 82912.5 91204.7 122858 69081.6 62127.3 42161.8 28278 54748.2 59829.9 49767 32422.5 41806.6 156005 142976 290138 219268 239434 295634 278385 224019 312694 255332 208595 228131 325641 215150 112787
desembarqueobs
 494567 514787 250237 358949 120608 361735 552515 73892 212993 205616 52469 317467 293654 387597 252695 516296 358380 742168 942051 627588 828172 859565 418607 520667 417249 300574 407403 355545 319650 289779 219260
desembarquepred
 494571 513785 250651 358983 120613 361738 552517 73896.3 213037 205654 52471.4 317521 293692 387598 252676 516231 358397 742049 941791 627420 828215 859537 418605 520683 417240 300568 407393 355523 319636 289781 219263
Reclutas
 184186 104354 104776 148030 119249 225007 89196.5 38645.5 39708.2 54744.3 104326 140923 116067 81430.9 79698.6 463508 88397.3 695108 406910 322563 460363 611077 119966 371838 308964 138144 320338 362384 94830.5 70076 302616
log_desv_Rt
 0.128593 -0.439569 -0.435532 -0.0899397 -0.306143 0.328777 -0.596513 -1.43292 -1.4058 -1.08468 -0.439832 -0.139145 -0.333186 -0.6876 -0.709103 1.05147 -0.605513 1.45671 0.921238 0.688945 1.04466 1.32787 -0.300148 0.831104 0.64587 -0.159057 0.682022 0.805351 -0.535263 -0.837774 0.625109
SSB
 2.8179e+06 1.87213e+06 919241 499335 490369 539411 726621 408569 367439 249357 167244 323797 353852 294336 191756 247257 922657 845604 1.71596e+06 1.29682e+06 1.41608e+06 1.74846e+06 1.64645e+06 1.32491e+06 1.84937e+06 1.51011e+06 1.23369e+06 1.34923e+06 1.92593e+06 1.27246e+06 667054
BT
 3.82986e+06 2.59927e+06 1.29444e+06 1.0883e+06 888385 1.65441e+06 1.18428e+06 847898 749284 567757 565438 850063 901807 907740 780855 1.70149e+06 1.49357e+06 3.888e+06 3.64903e+06 2.47982e+06 3.98983e+06 3.69363e+06 2.6069e+06 4.27754e+06 3.09879e+06 2.64307e+06 3.69973e+06 3.86705e+06 2.59587e+06 1.88862e+06 2.28262e+06
Ftot
 0.151635 0.278501 0.273484 0.449401 0.160419 0.304988 0.698995 0.117486 0.453002 0.591792 0.128381 0.531022 0.495888 0.842656 0.585407 0.43857 0.27765 0.283466 0.39587 0.350868 0.268416 0.341954 0.202537 0.181219 0.182217 0.147929 0.178437 0.145739 0.141908 0.214778 0.135012
BD_Bspro_t
 0.976098 0.829463 0.657048 0.56108 0.529359 0.603194 0.595081 0.405916 0.463627 0.417427 0.389026 0.635675 0.521484 0.429101 0.318601 0.378648 0.58367 0.549403 0.65324 0.557274 0.533055 0.581978 0.596495 0.584003 0.690213 0.697019 0.703193 0.745015 0.794366 0.721511 0.657295
BD_Bspro
 2.44341 1.62332 0.797075 0.432974 0.425199 0.467724 0.630054 0.354271 0.318607 0.216218 0.145018 0.280765 0.306825 0.255219 0.166272 0.214396 0.800037 0.733224 1.48791 1.12447 1.22789 1.51609 1.42764 1.14883 1.60359 1.30942 1.06974 1.16992 1.66998 1.10335 0.578403
BD_Bo
 1.57996 1.04968 0.515407 0.279971 0.274944 0.302442 0.407408 0.22908 0.206019 0.139812 0.093772 0.181549 0.1984 0.165031 0.107515 0.138634 0.517323 0.47412 0.962119 0.72711 0.793981 0.980342 0.923144 0.742862 1.03692 0.846701 0.691716 0.756499 1.07985 0.713453 0.374009
BD_Brms
 9.03345 6.00155 2.94684 1.60074 1.57199 1.72921 2.32935 1.30976 1.17791 0.799373 0.536141 1.03801 1.13435 0.943565 0.614719 0.792639 2.95779 2.71078 5.50092 4.15725 4.53959 5.60511 5.27808 4.24732 5.92857 4.84101 3.95489 4.32528 6.17403 4.07917 2.1384
Sel_flota
 0.745448 0.982345 0.999055 0.99995 0.999997
 0.745448 0.982345 0.999055 0.99995 0.999997
 0.745448 0.982345 0.999055 0.99995 0.999997
 0.745448 0.982345 0.999055 0.99995 0.999997
 0.745448 0.982345 0.999055 0.99995 0.999997
 0.745448 0.982345 0.999055 0.99995 0.999997
 0.745448 0.982345 0.999055 0.99995 0.999997
 0.745448 0.982345 0.999055 0.99995 0.999997
 0.745448 0.982345 0.999055 0.99995 0.999997
 0.745448 0.982345 0.999055 0.99995 0.999997
 0.745448 0.982345 0.999055 0.99995 0.999997
 0.745448 0.982345 0.999055 0.99995 0.999997
 0.745448 0.982345 0.999055 0.99995 0.999997
 0.745448 0.982345 0.999055 0.99995 0.999997
 0.745448 0.982345 0.999055 0.99995 0.999997
 0.745448 0.982345 0.999055 0.99995 0.999997
 0.745448 0.982345 0.999055 0.99995 0.999997
 0.745448 0.982345 0.999055 0.99995 0.999997
 0.745448 0.982345 0.999055 0.99995 0.999997
 0.745448 0.982345 0.999055 0.99995 0.999997
 0.745448 0.982345 0.999055 0.99995 0.999997
 0.745448 0.982345 0.999055 0.99995 0.999997
 0.745448 0.982345 0.999055 0.99995 0.999997
 0.745448 0.982345 0.999055 0.99995 0.999997
 0.745448 0.982345 0.999055 0.99995 0.999997
 0.745448 0.982345 0.999055 0.99995 0.999997
 0.745448 0.982345 0.999055 0.99995 0.999997
 0.745448 0.982345 0.999055 0.99995 0.999997
 0.745448 0.982345 0.999055 0.99995 0.999997
 0.745448 0.982345 0.999055 0.99995 0.999997
 0.745448 0.982345 0.999055 0.99995 0.999997
Sel_reclas
 1 1 1 1 1
 1 1 1 1 1
 1 1 1 1 1
 1 1 1 1 1
 1 1 1 1 1
 1 1 1 1 1
 1 1 1 1 1
 1 1 1 1 1
 1 1 1 1 1
 1 1 1 1 1
 1 1 1 1 1
 1 1 1 1 1
 1 1 1 1 1
 1 1 1 1 1
 1 1 1 1 1
 1 1 1 1 1
 1 1 1 1 1
 1 1 1 1 1
 1 1 1 1 1
 1 1 1 1 1
 1 1 1 1 1
 1 1 1 1 1
 1 1 1 1 1
 1 1 1 1 1
 1 1 1 1 1
 1 1 1 1 1
 1 1 1 1 1
 1 1 1 1 1
 1 1 1 1 1
 1 1 1 1 1
 1 1 1 1 1
Sel_pelaces
 1 1 1 1 1
 1 1 1 1 1
 1 1 1 1 1
 1 1 1 1 1
 1 1 1 1 1
 1 1 1 1 1
 1 1 1 1 1
 1 1 1 1 1
 1 1 1 1 1
 1 1 1 1 1
 1 1 1 1 1
 1 1 1 1 1
 1 1 1 1 1
 1 1 1 1 1
 1 1 1 1 1
 1 1 1 1 1
 1 1 1 1 1
 1 1 1 1 1
 1 1 1 1 1
 1 1 1 1 1
 1 1 1 1 1
 1 1 1 1 1
 1 1 1 1 1
 1 1 1 1 1
 1 1 1 1 1
 1 1 1 1 1
 1 1 1 1 1
 1 1 1 1 1
 1 1 1 1 1
 1 1 1 1 1
 1 1 1 1 1
pf_obs 
 0.8446 0.082 0.0669 0.0065 0
 0.8095 0.147 0.0364 0.0071 0
 0.9664 0.0169 0.016 0.0007 0
 0.9276 0.0648 0.0075 0.0001 0
 0.7033 0.2144 0.0806 0.0017 0
 0.9318 0.0425 0.0243 0.0014 0
 0.5671 0.3108 0.0964 0.0239 0.0018
 0.0768 0.2599 0.5324 0.112 0.0189
 0.490249 0.384438 0.106611 0.0170017 0.00170017
 0.7925 0.1577 0.0466 0.003 0.0002
 0.840416 0.127587 0.0312969 0.00059994 9.999e-05
 0.8084 0.0986 0.0794 0.0134 0.0002
 0.7335 0.1905 0.0724 0.0035 0.0001
 0.4001 0.4547 0.1325 0.0127 0
 0.49795 0.308269 0.164784 0.0264974 0.00249975
 0.9179 0.0499 0.0305 0.0017 0
 0.2467 0.6533 0.0926 0.0074 0
 0.9418 0.0223 0.034 0.0019 0
 0.707729 0.231977 0.0356964 0.0245975 0
 0.517169 0.277429 0.184464 0.0207286 0.00020938
 0.811772 0.124168 0.05621 0.00726502 0.000585176
 0.764997 0.148141 0.077277 0.00933861 0.000247198
 0.163321 0.427699 0.378323 0.0303852 0.000271297
 0.753843 0.0900009 0.118128 0.0371064 0.000921714
 0.721811 0.176058 0.0630433 0.0369309 0.00215725
 0.143369 0.312575 0.442814 0.0836902 0.0175525
 0.692698 0.0596174 0.167031 0.0765114 0.00414204
 0.394062 0.376323 0.152708 0.0712218 0.00568511
 0.125707 0.32114 0.495352 0.0537591 0.00404204
 0.23352 0.215282 0.420074 0.123614 0.00750983
 0 0 0 0 0
pf_pred 
 0.439289 0.134894 0.399851 0.0259651 8.27446e-07
 0.407946 0.303652 0.0703163 0.204799 0.0132871
 0.558909 0.213666 0.117757 0.0267588 0.0829089
 0.702328 0.188596 0.0533652 0.0288607 0.0268501
 0.644066 0.273004 0.0529498 0.0146764 0.0153042
 0.76143 0.168669 0.0538386 0.0102592 0.00580324
 0.470358 0.43088 0.070223 0.0219868 0.00655278
 0.461078 0.302917 0.192842 0.0307008 0.0124615
 0.562201 0.23311 0.11593 0.0725384 0.0162205
 0.729947 0.17365 0.051842 0.0252504 0.0193106
 0.83088 0.134289 0.0225783 0.00659247 0.00565973
 0.73614 0.228804 0.0279375 0.00461606 0.00250255
 0.677955 0.25673 0.056801 0.00678691 0.0017273
 0.62729 0.278583 0.0753619 0.0163211 0.00244364
 0.740194 0.185611 0.0558125 0.0147219 0.00366071
 0.939416 0.0486125 0.00860719 0.0025312 0.000832686
 0.348614 0.622483 0.0232868 0.00403909 0.00157682
 0.895848 0.0437174 0.0578015 0.0021219 0.000511203
 0.587827 0.379878 0.0137056 0.0177805 0.000809151
 0.600632 0.264635 0.124376 0.00439786 0.00595866
 0.725533 0.184966 0.0596998 0.0275128 0.00228845
 0.729783 0.211328 0.0399323 0.0126486 0.00630767
 0.295437 0.554532 0.11784 0.0218364 0.010355
 0.731334 0.0966579 0.135904 0.0283632 0.00774066
 0.61067 0.305867 0.0303751 0.0419532 0.0111344
 0.420455 0.392326 0.147663 0.0144049 0.0251517
 0.727539 0.133903 0.0943326 0.0348887 0.00933714
 0.678829 0.251111 0.0347489 0.0240481 0.0112637
 0.310292 0.508627 0.142131 0.0193276 0.0196222
 0.392981 0.227219 0.281378 0.0772678 0.0211544
 0.831777 0.0785282 0.0339623 0.0413001 0.0144321
pobs_RECLAS
 0 0 0 0 0
 0 0 0 0 0
 0 0 0 0 0
 0 0 0 0 0
 0 0 0 0 0
 0 0 0 0 0
 0 0 0 0 0
 0 0 0 0 0
 0 0 0 0 0
 0 0 0 0 0
 0.991045 0.00858322 0.000360255 1.14367e-05 0
 0.934742 0.0480273 0.0164251 0.00080598 0
 0.827803 0.169806 0.00239088 0 0
 0.941827 0.0461693 0.0120037 0 0
 0.791401 0.0380133 0.147996 0.0225897 0
 0.846168 0.0940531 0.0597789 0 0
 0.134021 0.677848 0.182769 0.00536245 0
 0.80878 0.0450904 0.141981 0.00414843 0
 0.846168 0.0940531 0.0597789 0 0
 0.905697 0.0802665 0.012482 0.00150086 5.37128e-05
 0.989698 0.0102097 9.19794e-05 0 0
 0.975433 0.0193895 0.00387452 0.00125025 5.28907e-05
 0.303575 0.632131 0.0575291 0.00676475 0
 0.966965 0.00978017 0.0227588 0.000495775 0
 0.843318 0.132988 0.00938335 0.0141283 0.000182051
 0.564624 0.303363 0.111486 0.0197234 0.00080311
 0.826376 0.0876187 0.0782897 0.00655872 0.00115652
 0.89761 0.0855135 0.0140674 0.00269457 0.000114338
 0.34875 0.467042 0.161289 0.0227151 0.000203297
 0.318654 0.224769 0.449479 0.00709798 0
 0.937255 0.0296025 0.0250945 0.00804832 0
ppred_RECLAS
 0.512055 0.118925 0.346537 0.0224826 7.16433e-07
 0.479735 0.269178 0.0612611 0.178261 0.0115647
 0.629097 0.181317 0.0982103 0.0222966 0.0690799
 0.760049 0.153039 0.0425425 0.022986 0.0213836
 0.706114 0.226325 0.0431512 0.0119496 0.0124602
 0.80985 0.135128 0.0423881 0.0080698 0.00456454
 0.545362 0.371145 0.0593824 0.0185744 0.00553549
 0.532445 0.264783 0.165716 0.0263584 0.0106984
 0.633338 0.196889 0.0961943 0.0601326 0.0134458
 0.78481 0.139287 0.0408364 0.0198708 0.0151957
 0.866938 0.106034 0.0175261 0.00511267 0.00438909
 0.789036 0.183373 0.0219919 0.00363022 0.00196798
 0.738367 0.209327 0.0454934 0.00543065 0.00138206
 0.696094 0.228247 0.0605885 0.0131084 0.00196253
 0.793297 0.148444 0.0438356 0.0115516 0.00287224
 0.954012 0.0370314 0.00644154 0.00189254 0.000622557
 0.415377 0.559113 0.0205564 0.00356223 0.00139059
 0.920175 0.0338449 0.0439784 0.00161296 0.000388572
 0.655328 0.318114 0.0112768 0.014616 0.000665108
 0.667907 0.221358 0.102231 0.00361145 0.00489292
 0.779047 0.149756 0.0475051 0.0218727 0.00181924
 0.782763 0.17055 0.0316683 0.0100217 0.0049974
 0.357808 0.507306 0.105966 0.0196181 0.00930266
 0.784567 0.0783694 0.108315 0.0225848 0.00616338
 0.675669 0.255767 0.0249676 0.0344531 0.00914345
 0.490959 0.346517 0.128211 0.0124959 0.0218175
 0.780904 0.108632 0.0752279 0.0277976 0.00743901
 0.737173 0.206276 0.0280609 0.0194021 0.00908711
 0.373974 0.463752 0.127395 0.0173081 0.017571
 0.464301 0.202718 0.246751 0.0676971 0.0185332
 0.868358 0.0620304 0.026373 0.032042 0.0111964
pobs_PELACES
 0 0 0 0 0
 0 0 0 0 0
 0 0 0 0 0
 0 0 0 0 0
 0 0 0 0 0
 0 0 0 0 0
 0 0 0 0 0
 0 0 0 0 0
 0 0 0 0 0
 0 0 0 0 0
 0 0 0 0 0
 0 0 0 0 0
 0 0 0 0 0
 0 0 0 0 0
 0 0 0 0 0
 0 0 0 0 0
 0.505614 0.472636 0.0217494 0 0
 0 0 0 0 0
 0.443492 0.261883 0.143347 0.151278 0
 0.227955 0.32914 0.350689 0.0885471 0.00366901
 0.970185 0.0296113 0.000203453 0 0
 0.997202 0.00247181 0.000326279 0 0
 0.445219 0.490057 0.0546422 0.010081 0
 0.90214 0.0892962 0.00764917 0.000914606 0
 0 0 0 0 0
 0.581667 0.319106 0.0959925 0.00289975 0.000334073
 0.762889 0.0836404 0.116647 0.0363945 0.000428098
 0.88444 0.0763242 0.0277011 0.0115352 0
 0.521256 0.241999 0.230069 0.00667565 0
 0.616807 0.101726 0.260614 0.0208532 0
 0 0 0 0 0
ppred_PELACES
 0.515175 0.11824 0.344251 0.0223334 7.11675e-07
 0.485364 0.266471 0.060552 0.176183 0.0114299
 0.634255 0.178937 0.096775 0.021969 0.0680646
 0.766563 0.149022 0.0413233 0.0223242 0.0207679
 0.708752 0.22434 0.0427349 0.0118337 0.0123393
 0.813569 0.13255 0.0415096 0.00790184 0.00446952
 0.559051 0.360229 0.0574141 0.017955 0.00535085
 0.534801 0.263523 0.164821 0.0262151 0.0106402
 0.641795 0.192576 0.0938522 0.0586607 0.0131166
 0.792714 0.134329 0.0392545 0.0190978 0.0146044
 0.868108 0.105117 0.0173622 0.00506467 0.00434787
 0.795927 0.177453 0.0212197 0.00350219 0.00189856
 0.745891 0.203419 0.0440887 0.0052622 0.00133918
 0.710087 0.217991 0.0575979 0.0124583 0.00186517
 0.800848 0.143153 0.042137 0.011102 0.00276044
 0.955513 0.0358396 0.00621916 0.00182697 0.000600983
 0.420674 0.554085 0.0203404 0.0035245 0.00137585
 0.921853 0.0331635 0.0430256 0.00157789 0.000380121
 0.662323 0.311712 0.0110258 0.0142889 0.000650222
 0.674105 0.217367 0.100194 0.00353913 0.0047949
 0.78272 0.147338 0.0466689 0.021486 0.00178706
 0.787343 0.167023 0.0309549 0.00979492 0.00488431
 0.361509 0.504502 0.105262 0.0194868 0.00924033
 0.78706 0.0775125 0.107024 0.0223143 0.00608955
 0.678831 0.253329 0.0247048 0.0340886 0.0090467
 0.493915 0.344595 0.127396 0.0124159 0.0216778
 0.783367 0.107465 0.0743466 0.0274705 0.00735145
 0.739409 0.204558 0.0278048 0.0192241 0.00900377
 0.376623 0.461884 0.126783 0.0172242 0.0174858
 0.468665 0.201217 0.244633 0.0671119 0.0183729
 0.869606 0.0614673 0.0261142 0.0317262 0.011086
pobs_pel_tallas
 0 0 0 0 0 0 0 0 0 0 0 0 0 0 0 0 0 0 0 0 0 0 0 0 0 0
 0 0 0 0 0 0 0 0 0 0 0 0 0 0 0 0 0 0 0 0 0 0 0 0 0 0
 0 0 0 0 0 0 0 0 0 0 0 0 0 0 0 0 0 0 0 0 0 0 0 0 0 0
 0 0 0 0 0 0 0 0 0 0 0 0 0 0 0 0 0 0 0 0 0 0 0 0 0 0
 0 0 0 0 0 0 0 0 0 0 0 0 0 0 0 0 0 0 0 0 0 0 0 0 0 0
 0 0 0 0 0 0 0 0 0 0 0 0 0 0 0 0 0 0 0 0 0 0 0 0 0 0
 0 0 0 0 0 0 0 0 0 0 0 0 0 0 0 0 0 0 0 0 0 0 0 0 0 0
 0 0 0 0 0 0 0 0 0 0 0 0 0 0 0 0 0 0 0 0 0 0 0 0 0 0
 0 0 0 0 0 0 0 0 0 0 0 0 0 0 0 0 0 0 0 0 0 0 0 0 0 0
 0 0 0 0 0 0 0 0 0 0 0 0 0 0 0 0 0 0 0 0 0 0 0 0 0 0
 0 0 0 0 0 0 0 0 0 0 0 0 0 0 0 0 0 0 0 0 0 0 0 0 0 0
 0 0 0 0 0 0 0 0 0 0 0 0 0 0 0 0 0 0 0 0 0 0 0 0 0 0
 0.00862536 0 0 0.000197151 0.00414017 0.0128641 0.00837892 0.0270097 0.101434 0.158115 0.152841 0.127902 0.109271 0.109419 0.0830992 0.0579132 0.0238553 0.00714673 0.00463305 0.00128148 0.00103504 0.000492878 0.000147863 0.000147863 4.92878e-05 0
 0 0 0 0 0 0 0 0 0 0 0 0 0 0 0 0 0 0 0 0 0 0 0 0 0 0
 0 0 0 0 0 0 0 0.0054083 0.00873648 0.0413646 0.0450493 0.0745869 0.0622846 0.0627006 0.0613931 0.0827291 0.12552 0.122667 0.0946155 0.0697135 0.0546179 0.0294188 0.0215738 0.0213955 0.0102223 0.00600262
 0 0 0 0 0.00359764 0.0251062 0.0480494 0.140153 0.205849 0.193036 0.1447 0.116669 0.0760912 0.0342217 0.00950174 0.001854 0.000860785 0 0 0 0.000165536 0 0.000143464 0 0 0
 0 0 0 0 0 0 0 0.000145254 0.000435761 0.0275982 0.070085 0.0708112 0.156366 0.174668 0.174014 0.160142 0.0824315 0.0480064 0.0283245 0.00493863 0.00203355 0 0 0 0 0
 0 0 0 0 0 0 0 0 0 0 0 0 0 0 0 0 0 0 0 0 0 0 0 0 0 0
 0 0 1.00437e-05 0.000401748 0.00122533 0.00171747 0.00176769 0.0269171 0.070346 0.194647 0.189555 0.159765 0.064822 0.0314167 0.0384472 0.0292271 0.0345202 0.0313363 0.0194345 0.0106764 0.0143323 0.0359363 0.0279516 0.0138201 0.00172751 0
 0 0.0021121 0.0136068 0.0755702 0.200478 0.177729 0.0527432 0.0373336 0.0318909 0.0142505 0.0149659 0.0166563 0.0217959 0.0798694 0.0677717 0.0528807 0.04013 0.0224614 0.0357745 0.0225083 0.00881397 0.00855152 0.00135912 0.000746735 0 0
 0 0 0 0 5.4009e-05 0.00500934 0.000945158 0.0243581 0.138947 0.33067 0.221406 0.137944 0.0707744 0.0437923 0.0131692 0.00525238 0.0047753 0.00276346 9.45158e-05 9.00151e-06 2.25038e-05 9.00151e-06 4.50075e-06 0 0 0
 0.000866109 0.00284123 0.00948549 0.0512746 0.133035 0.25785 0.225252 0.132002 0.0553304 0.0519788 0.0540692 0.017754 0.00435017 0.00159236 0.00146478 0.000404838 0.000125132 0.000115318 0.000107957 0.000100596 0 0 0 0 0 0
 0 0 0 0 0.00144013 0.00171154 0.00461396 0.0210425 0.0478622 0.0707936 0.0888783 0.103762 0.0637923 0.0337046 0.0602308 0.124433 0.169614 0.0934646 0.0462172 0.0250306 0.0313229 0.00938855 0.002487 0.000210481 0 0
 0 0.00764035 0.051015 0.0998891 0.058973 0.0496711 0.0374665 0.0718981 0.12319 0.153886 0.159021 0.0857701 0.0377988 0.023471 0.0147837 0.00900784 0.00315554 0.000888139 0.00291439 0.00214683 0.00393193 0.00274676 0.000635225 9.99891e-05 0 0
 0 0 0 0 0 0 0 0 0 0 0 0 0 0 0 0 0 0 0 0 0 0 0 0 0 0
 0 0 0 0 0 0 0 0 0 0 0 0 0 0 0 0 0 0 0 0 0 0 0 0 0 0
 0 0 0 0 0 0 0 0 0 0 0 0 0 0 0 0 0 0 0 0 0 0 0 0 0 0
 0 0 0 0 0 0 0 0 0 0 0 0 0 0 0 0 0 0 0 0 0 0 0 0 0 0
 0 0 0 0 0 0 0 0 0 0 0 0 0 0 0 0 0 0 0 0 0 0 0 0 0 0
 0 0 0 0 0 0 0 0 0 0 0 0 0 0 0 0 0 0 0 0 0 0 0 0 0 0
 0 0 0 0 0 0 0 0 0 0 0 0 0 0 0 0 0 0 0 0 0 0 0 0 0 0
ppred_pel_tallas
 1.12205e-16 4.24343e-05 0.000412477 0.00274105 0.0124604 0.0387691 0.0826021 0.120563 0.120575 0.0826605 0.0389668 0.0130378 0.00421498 0.00371117 0.00654441 0.0113692 0.0178069 0.0253698 0.0334761 0.04168 0.0496181 0.0566429 0.0615656 0.0629408 0.059819 0.052411
 1.21419e-16 3.99789e-05 0.000388609 0.00258244 0.0117394 0.0365258 0.0778231 0.113591 0.113616 0.0779491 0.0369493 0.0129639 0.00566168 0.00713019 0.0129041 0.0214389 0.0313042 0.0403313 0.0464162 0.0487942 0.0485622 0.0478889 0.0484944 0.0505726 0.0528445 0.0534881
 1.16561e-16 5.22428e-05 0.000507818 0.00337463 0.0153406 0.0477304 0.101695 0.148431 0.148448 0.10178 0.0480161 0.0161674 0.00545667 0.00507499 0.00879203 0.0146283 0.0214901 0.0279386 0.0325638 0.0347898 0.0352136 0.0351139 0.0355186 0.0365756 0.0376139 0.0376865
 1.06984e-16 6.31408e-05 0.000613751 0.00407859 0.0185407 0.0576871 0.122909 0.179392 0.179407 0.122979 0.0579236 0.0192244 0.00579698 0.00437233 0.00722342 0.0119013 0.0172826 0.0220498 0.024917 0.0253286 0.0237911 0.0215013 0.0195658 0.0184254 0.0178269 0.0171994
 1.04566e-16 5.8379e-05 0.000567465 0.00377101 0.0171425 0.0533367 0.11364 0.165866 0.165887 0.113746 0.0536918 0.0181686 0.00634791 0.00619641 0.0107594 0.0177234 0.0255939 0.0323329 0.0359059 0.035386 0.0314988 0.0261075 0.0210632 0.0173214 0.0148386 0.0130491
 1.02781e-16 6.70126e-05 0.000651387 0.00432869 0.0196776 0.0612245 0.130446 0.190392 0.190405 0.130508 0.0614348 0.0202857 0.00585697 0.0039936 0.00643206 0.0105735 0.0153328 0.0195077 0.0219148 0.0220031 0.0201576 0.0173921 0.0146909 0.0125272 0.0108438 0.00935354
 1.04456e-16 4.60484e-05 0.000447607 0.00297451 0.0135217 0.0420712 0.0896384 0.130837 0.130872 0.0898081 0.0426411 0.0151679 0.00710744 0.00947198 0.0171914 0.028365 0.0408972 0.0515169 0.0569175 0.0555747 0.0486425 0.0391421 0.0301232 0.0232361 0.0185414 0.015247
 1.09254e-16 4.40509e-05 0.000428191 0.00284548 0.0129351 0.0402462 0.0857497 0.12516 0.125185 0.0858749 0.0406672 0.0141537 0.00591423 0.00716015 0.0129257 0.021551 0.0316291 0.0410052 0.0474756 0.0499771 0.0491034 0.04646 0.0434336 0.0404208 0.0370004 0.0326546
 1.10861e-16 5.28638e-05 0.000513855 0.00341475 0.015523 0.0482978 0.102904 0.150196 0.150214 0.102996 0.0486049 0.0164117 0.00565181 0.00541838 0.00943005 0.0156727 0.0229698 0.0297398 0.0344146 0.0363108 0.036003 0.0348107 0.0338216 0.0332467 0.0325161 0.0308654
 1.05554e-16 6.52948e-05 0.000634689 0.00421773 0.0191732 0.059655 0.127102 0.185512 0.185524 0.127165 0.0598683 0.0197896 0.0057671 0.00402376 0.00652211 0.0107336 0.0155872 0.0198866 0.0224664 0.0228142 0.0213701 0.019195 0.017276 0.0160172 0.0152191 0.0144149
 1.01772e-16 7.15049e-05 0.000695054 0.00461888 0.0209967 0.0653287 0.13919 0.203154 0.203164 0.13924 0.0654951 0.0214772 0.00582524 0.00332947 0.00507745 0.00828822 0.0119503 0.0150667 0.0166742 0.0163337 0.0143874 0.0117188 0.0092142 0.00734396 0.0061075 0.00525137
 1.01331e-16 6.55595e-05 0.000637261 0.00423483 0.0192509 0.0598968 0.127617 0.186265 0.186282 0.127701 0.0601773 0.0200609 0.0062677 0.00507392 0.00848822 0.0139201 0.0200249 0.0251363 0.0276015 0.0266559 0.0228739 0.0177777 0.0129298 0.00921619 0.00673048 0.00511578
 1.02079e-16 6.14381e-05 0.0005972 0.00396861 0.0180407 0.0561315 0.119595 0.174556 0.174576 0.119691 0.0564536 0.0189715 0.00630606 0.00570345 0.0097695 0.0160805 0.0232201 0.0293256 0.0325331 0.0319683 0.0282432 0.0230018 0.0179017 0.0138388 0.0108641 0.008602
 1.03283e-16 5.8489e-05 0.000568534 0.00377811 0.0171747 0.0534371 0.113854 0.166178 0.166199 0.113957 0.0537827 0.0181736 0.00628735 0.00605316 0.0104951 0.0173109 0.0250549 0.0317651 0.0354728 0.0352575 0.031763 0.0267002 0.0217596 0.0178019 0.0148004 0.0123167
 1.02834e-16 6.59648e-05 0.000641201 0.00426101 0.0193699 0.0602671 0.128406 0.187415 0.187429 0.128474 0.0604943 0.0200264 0.0059107 0.00424839 0.00693407 0.0114047 0.0165295 0.0210115 0.0235705 0.0236118 0.0215568 0.0185103 0.0155464 0.0131843 0.0113633 0.00976779
 1.00474e-16 7.87044e-05 0.000765035 0.00508392 0.0231108 0.0719062 0.153204 0.223606 0.22361 0.153221 0.071963 0.0232746 0.0054953 0.00166342 0.00178592 0.0028306 0.00407628 0.00513933 0.00568722 0.00556834 0.00489655 0.00397001 0.00308868 0.00241335 0.00194798 0.00161374
 1.01315e-16 3.46505e-05 0.000336815 0.00223826 0.0101748 0.031658 0.0674526 0.0984602 0.0985135 0.067713 0.0325321 0.0126986 0.00856849 0.0141402 0.0262041 0.0431457 0.0618673 0.0772048 0.0839182 0.0795914 0.0661026 0.0484267 0.0317648 0.0192067 0.0112506 0.00679586
 1.01473e-16 7.59318e-05 0.000738084 0.00490483 0.0222966 0.0693731 0.147807 0.215729 0.215732 0.147823 0.0694268 0.0224524 0.00529875 0.00160738 0.00175423 0.002851 0.00426436 0.00570385 0.00691577 0.00776193 0.00825945 0.00849639 0.00850464 0.00821627 0.00753881 0.00646774
 1.01941e-16 5.45547e-05 0.000530291 0.00352397 0.0160195 0.0498427 0.106196 0.155003 0.155033 0.106343 0.0503346 0.0174396 0.00708617 0.00829874 0.0147854 0.0242974 0.0348585 0.0435507 0.0474461 0.0452111 0.0379233 0.0283838 0.0194903 0.0129158 0.00884978 0.00658251
 1.04114e-16 5.55252e-05 0.000539724 0.00358666 0.0163044 0.0507293 0.108085 0.157757 0.157779 0.108188 0.0510752 0.017305 0.00610329 0.00605027 0.0105699 0.0175129 0.0255157 0.0326928 0.0371326 0.037908 0.0355533 0.0315641 0.0273665 0.0236088 0.0201997 0.0168174
 1.03842e-16 6.44717e-05 0.000626687 0.00416456 0.0189315 0.058903 0.1255 0.183173 0.183187 0.125569 0.0591369 0.0196078 0.00586453 0.00434538 0.0071496 0.0117776 0.0171018 0.0218078 0.0246003 0.0248862 0.0231054 0.020377 0.0177592 0.015715 0.0141038 0.0125421
 1.02745e-16 6.48524e-05 0.000630389 0.00418916 0.0190433 0.0592509 0.126241 0.184256 0.184272 0.12632 0.0595153 0.0198072 0.00610723 0.00481986 0.00802824 0.0131878 0.0190346 0.0240295 0.0266498 0.0261976 0.0232062 0.0190589 0.0151375 0.0121662 0.0101352 0.00865262
 1.06685e-16 2.97771e-05 0.000289444 0.00192346 0.0087438 0.0272055 0.0579659 0.0846132 0.0846618 0.0582038 0.0280044 0.011052 0.00772006 0.0129522 0.0241041 0.0398682 0.0575838 0.0727367 0.0807272 0.079414 0.0703503 0.057645 0.0454194 0.0358655 0.0290342 0.0238862
 1.06377e-16 6.48291e-05 0.000630162 0.00418765 0.0190364 0.0592295 0.126195 0.184187 0.184194 0.126232 0.0593553 0.0194019 0.00511266 0.00267472 0.00402199 0.0067408 0.0101589 0.013729 0.016918 0.0194548 0.0214079 0.0229614 0.0240993 0.0245065 0.0237756 0.0217243
 1.05728e-16 5.59145e-05 0.000543508 0.00361181 0.0164188 0.051085 0.108843 0.158864 0.158889 0.108962 0.0514855 0.0175754 0.00651497 0.00688084 0.0120914 0.0199025 0.0286739 0.0360922 0.0398565 0.0389508 0.0342721 0.0280348 0.0224321 0.0185816 0.0163712 0.0150109
 1.08679e-16 4.06832e-05 0.000395455 0.00262794 0.0119463 0.0371694 0.0791946 0.115594 0.115627 0.0793576 0.037717 0.0135293 0.00660778 0.00910363 0.0166382 0.0275966 0.0401116 0.051199 0.0578212 0.0585529 0.0543611 0.0478014 0.0413242 0.0360601 0.0318049 0.027818
 1.06173e-16 6.45249e-05 0.000627205 0.004168 0.0189471 0.0589516 0.125603 0.183323 0.183334 0.125654 0.0591236 0.0194454 0.0054237 0.00338506 0.00535139 0.00887446 0.0130838 0.0171015 0.020073 0.0216074 0.021965 0.0217714 0.0215021 0.0211751 0.0204542 0.0189902
 1.04307e-16 6.09042e-05 0.00059201 0.00393412 0.0178839 0.0556437 0.118556 0.173039 0.173059 0.118652 0.0559673 0.0188186 0.00628048 0.00571523 0.00979438 0.0161061 0.023223 0.0292694 0.0323853 0.0317373 0.0280217 0.0229898 0.0183817 0.0150945 0.0130686 0.0117263
 1.08464e-16 3.1022e-05 0.000301545 0.00200387 0.00910935 0.0283428 0.060389 0.0881489 0.0881935 0.0606071 0.0290753 0.0112261 0.00732208 0.011927 0.0221561 0.0367004 0.0531479 0.0674266 0.0753836 0.0750801 0.0678879 0.0574324 0.0472873 0.0392573 0.033255 0.0283078
 1.16951e-16 3.86034e-05 0.000375238 0.00249359 0.0113355 0.0352691 0.0751453 0.109681 0.109701 0.075242 0.0355948 0.0122808 0.00488404 0.00565191 0.0102317 0.0173051 0.0259843 0.0349075 0.0426711 0.0485948 0.0529555 0.0564037 0.0590933 0.0603417 0.0590934 0.0547253
 1.05828e-16 7.16283e-05 0.000696253 0.00462685 0.021033 0.0654414 0.13943 0.203504 0.203509 0.139459 0.0655394 0.0213167 0.0053411 0.00226265 0.00306823 0.00501803 0.00736579 0.00958046 0.0111884 0.0120141 0.0122887 0.0124661 0.0128853 0.0135433 0.0141257 0.0142246
pSPR Fmed_Fpbrs
0.614186   0.224902 0.224902
Fs Fmed_Fpbrs
0.275379   1.005 1.005
SSBpbr Bo_Bmed_Bpbrs
1.78352e+06  1.00624e+06  311941 311941
Ro
161961
SPR SPRFo_SPRFmed_SPRFpbrs
1.15327e+06 708321 259372
Fref
1.005
log_Ro
11.8151
likeval ReclasPelacesDesembMPH_pf_preclas_ppelaces_ptallas_desvR_qrecl_qpela
 12.3659 18.4778 0.0343995 0.000831552 228.689 120.486 82.5578 0 26.3319 3.04648e-08 0 0.174749 0 0 0
q_reclas_q_pelaces
0.97557 1
M
1
N
 184186 43552.6 127069 8244.57 0.262723
 104354 60516.2 13804.7 40174.8 2606.37
 104776 31192.5 16934.1 3845 11912.8
 148030 31436 8771.62 4740.31 4409.9
 119249 38955.1 7437.15 2059.67 2147.68
 225007 38924.6 12241.4 2330.82 1318.4
 89196.5 65942.2 10612.4 3320.53 989.59
 38645.5 19487.6 12208.4 1941.94 788.201
 39708.2 13024.8 6387.64 3993.83 893.037
 54744.3 10421.5 3070.52 1494.5 1142.9
 104326 12955.5 2143.68 625.386 536.879
 140923 34876.8 4201.36 693.686 376.06
 116067 34895.6 7615.41 909.271 231.405
 81430.9 29503.5 7887.1 1707.03 255.573
 79698.6 15984.2 4743.29 1250.28 310.88
 463508 18951.1 3308.61 972.269 319.834
 88397.3 122964 4531.42 785.348 306.578
 695108 26439.7 34437.5 1263.2 304.314
 406910 207008 7362.55 9544.33 434.324
 322563 111441 51618.3 1823.78 2470.94
 460363 91354.4 29044.2 13374.4 1112.41
 611077 138646 25817.9 8171.54 4074.85
 119966 174219 36452.5 6749.3 3200.44
 371838 37948.3 52528.4 10953.6 2989.23
 308964 119506 11683.8 16123.9 4279.13
 138144 99225.1 36758.5 3582.86 6255.6
 320338 45514.2 31565.8 11664.9 3121.69
 362384 103168 14051.6 9716.31 4550.73
 94830.5 119589 32890.9 4468.88 4536.79
 70076 31384.3 38269.8 10500.5 2874.7
 302616 21965.6 9349.48 11359.9 3969.47
pred_Ctot
 12559.5 3856.7 11432 742.358 0.0236571
 12577.6 9362.06 2167.96 6314.27 409.661
 12419.7 4747.93 2616.7 594.615 1842.34
 27371.2 7349.95 2079.75 1124.76 1046.4
 8579.51 3636.65 705.337 195.502 203.865
 29464.8 6526.94 2083.38 396.998 224.566
 23879.9 21875.6 3565.19 1116.26 332.682
 2063.16 1355.45 862.902 137.376 55.7608
 7393.21 3065.51 1524.54 953.915 213.308
 12792 3043.14 908.506 442.501 338.409
 6065.91 980.391 164.835 48.1289 41.3193
 30068.2 9345.66 1141.13 188.546 102.218
 23362.7 8847.04 1957.39 233.881 59.5238
 25249.9 11213.6 3033.49 656.961 98.3622
 18455.7 4627.96 1391.61 367.071 91.2748
 83903.6 4341.81 768.748 226.073 74.371
 10624.6 18971.1 709.701 123.098 48.056
 85147.5 4155.2 5493.85 201.68 48.5882
 67325.4 43508.5 1569.74 2036.45 92.6743
 47935.8 21120.3 9926.34 350.989 475.554
 53639.6 13674.7 4413.68 2034.05 169.188
 88738.7 25696.7 4855.61 1538.02 766.988
 10758.7 20194 4291.28 795.198 377.09
 30030.6 3969.04 5580.6 1164.67 317.853
 25082.4 12563.1 1247.62 1723.17 457.331
 9200.06 8584.56 3231.05 315.196 550.35
 25495.6 4692.44 3305.75 1222.63 327.207
 23792.6 8801.28 1217.93 842.873 394.786
 6069.6 9949.23 2780.22 378.066 383.828
 6639.7 3839.04 4754.09 1305.5 357.419
 18466.5 1743.42 754.006 916.913 320.41
F
 0.113036 0.148958 0.151492 0.151628 0.151635
 0.207608 0.273584 0.278238 0.278487 0.2785
 0.203868 0.268656 0.273226 0.27347 0.273483
 0.335005 0.441467 0.448976 0.449379 0.4494
 0.119584 0.157587 0.160268 0.160411 0.160419
 0.227352 0.299603 0.304699 0.304972 0.304987
 0.521064 0.686654 0.698335 0.69896 0.698993
 0.0875795 0.115412 0.117375 0.11748 0.117486
 0.33769 0.445005 0.452574 0.45298 0.453001
 0.44115 0.581344 0.591233 0.591763 0.591791
 0.0957017 0.126115 0.12826 0.128375 0.128381
 0.395849 0.521647 0.53052 0.530996 0.531021
 0.369658 0.487133 0.495419 0.495863 0.495886
 0.628156 0.827779 0.841859 0.842614 0.842653
 0.436391 0.575072 0.584854 0.585378 0.585406
 0.326931 0.430827 0.438155 0.438548 0.438568
 0.206973 0.272748 0.277387 0.277636 0.277649
 0.211309 0.278462 0.283198 0.283452 0.283465
 0.2951 0.388881 0.395496 0.39585 0.395869
 0.261553 0.344673 0.350536 0.35085 0.350867
 0.20009 0.263677 0.268162 0.268402 0.268415
 0.254909 0.335917 0.341631 0.341937 0.341953
 0.150981 0.198961 0.202346 0.202527 0.202536
 0.135089 0.17802 0.181048 0.18121 0.181219
 0.135833 0.179 0.182045 0.182208 0.182216
 0.110273 0.145317 0.147789 0.147921 0.147928
 0.133015 0.175286 0.178268 0.178428 0.178436
 0.108641 0.143166 0.145601 0.145732 0.145738
 0.105785 0.139403 0.141774 0.141901 0.141908
 0.160106 0.210986 0.214575 0.214767 0.214777
 0.100645 0.132629 0.134885 0.135006 0.135012
nmprior
 8 9 7.5 0
nm_flota  nm_reclas  nm_pelaces    nm_pelaL
inf 13.7437 15.1385 26.0675
cv_recla  cv_pelaces  cv_mph
0.318082 0.505813 0.889918
 ------------------------------------------------
Talla a la edad & desviación 
 8 13.2811 15.8009 17.003 17.5766
 0.8 1.32811 1.58009 1.7003 1.75766
