years
 1991 1992 1993 1994 1995 1996 1997 1998 1999 2000 2001 2002 2003 2004 2005 2006 2007 2008 2009 2010 2011 2012 2013 2014 2015 2016 2017 2018 2019 2020 2021
reclasobs
 0 0 0 0 0 0 0 0 0 252601 567819 844713 477998 351125 339783 2.1784e+06 2.13404e+06 4.81314e+06 1.55562e+06 2.62356e+06 3.21686e+06 3.843e+06 1.13348e+06 3.07943e+06 1.97215e+06 2.03268e+06 2.025e+06 2.42433e+06 2.27542e+06 1.05018e+06 2.36338e+06
reclaspred
 3.04107e+06 1.65911e+06 829689 695503 619073 1.20953e+06 633156 516850 384185 279954 437129 615294 602191 441745 434205 1.4604e+06 1.31388e+06 3.1644e+06 2.61209e+06 1.94107e+06 3.45773e+06 2.79104e+06 2.09004e+06 3.25889e+06 2.38485e+06 2.05926e+06 2.56987e+06 2.86745e+06 2.26941e+06 1.29562e+06 1.61583e+06
pelacesobs
 0 0 0 0 0 0 0 0 0 0 0 0 0 0 0 552880 188675 0 991730 2.46772e+06 1.41603e+06 1.21717e+06 2.29649e+06 1.80582e+06 0 1.4828e+06 1.56532e+06 1.57751e+06 1.42118e+06 867257 0
pelacespred
 1.18076e+06 704857 345429 232655 226257 458852 197175 225777 148096 100611 174471 205734 223666 167459 171062 497218 450474 1.27041e+06 1.06537e+06 728630 1.28842e+06 1.10629e+06 833586 1.43608e+06 1.00498e+06 867964 1.24059e+06 1.36187e+06 888309 578031 673627
mphobs
 0 0 0 0 0 0 0 0 0 0 0 498337 0 5186 125008 0 168611 109162 213762 579715 649985 157893 87575 83554 0 0 0 0 0 0 0
mphpred
 454233 298537 143355 77104.1 65358.1 70216.6 110100 53268.8 46928.5 30396.6 20737.1 51019.3 56634.5 45865.6 27768.3 35887.2 165239 143082 308875 230462 247491 310125 291619 226070 320547 257165 206425 234059 345382 220713 107652
desembarqueobs
 494567 514787 250237 358949 120608 361735 552515 73892 212993 205616 52469 317467 293654 387597 252695 516296 358380 742168 942051 627588 828172 859565 418607 520667 417249 300574 407403 355545 319650 289779 219260
desembarquepred
 494562 514159 250351 358980 120611 361706 552401 73894.9 213015 205631 52470.7 317490 293658 387517 252646 516183 358384 741998 941654 627337 828169 859454 418583 520665 417220 300551 407374 355507 319620 289765 219261
Reclutas
 164862 96101.2 94749 108580 88327.1 211408 72960.2 28554.5 33903.3 49261.1 91919.7 130682 106301 74325.9 69128.8 444327 72681.1 659393 381837 296867 431668 567224 100010 336779 271390 119451 293525 336591 77882.9 55382.3 224171
log_desv_Rt
 0.155901 -0.383802 -0.397973 -0.261721 -0.468158 0.404583 -0.659291 -1.59739 -1.42569 -1.05207 -0.42829 -0.0764342 -0.28293 -0.640745 -0.713234 1.14736 -0.663124 1.54212 0.99579 0.744079 1.11845 1.39155 -0.343934 0.870222 0.654353 -0.166298 0.732757 0.869665 -0.593998 -0.934945 0.463205
SSB
 2.27375e+06 1.49439e+06 717591 385960 327163 351483 551129 266647 234910 152156 103804 255387 283495 229589 139000 179641 827138 716227 1.54614e+06 1.15362e+06 1.23887e+06 1.55239e+06 1.45976e+06 1.13164e+06 1.60456e+06 1.28729e+06 1.0333e+06 1.17163e+06 1.72888e+06 1.10482e+06 538874
BT
 3.14539e+06 2.13298e+06 1.04162e+06 836989 619817 1.37008e+06 942330 587448 551485 427564 446901 737586 781213 787872 647844 1.56174e+06 1.31903e+06 3.58926e+06 3.35985e+06 2.24494e+06 3.6422e+06 3.35651e+06 2.28802e+06 3.79921e+06 2.70801e+06 2.2704e+06 3.27968e+06 3.49906e+06 2.31471e+06 1.62232e+06 1.74997e+06
Ftot
 0.188724 0.350756 0.347905 0.62806 0.243817 0.407101 0.964095 0.178538 0.686962 0.902788 0.173057 0.661088 0.616966 1.0831 0.788138 0.519977 0.323207 0.33043 0.449548 0.405531 0.310782 0.393944 0.235915 0.216086 0.215995 0.17766 0.213552 0.16984 0.161423 0.258231 0.187771
BD_Bspro_t
 0.970381 0.794915 0.598188 0.490731 0.427744 0.501624 0.524604 0.30802 0.353581 0.302825 0.281987 0.573631 0.462381 0.367185 0.252775 0.308024 0.555257 0.506709 0.628149 0.527665 0.499571 0.552666 0.567614 0.546062 0.659527 0.663386 0.666599 0.718075 0.776242 0.692111 0.609337
BD_Bspro
 2.26366 1.48775 0.714405 0.384246 0.32571 0.349922 0.548683 0.265464 0.233867 0.151481 0.103343 0.254253 0.282237 0.22857 0.138382 0.178843 0.823466 0.713047 1.53927 1.1485 1.23337 1.5455 1.45327 1.12661 1.59744 1.28157 1.02871 1.16643 1.7212 1.09992 0.536482
BD_Bo
 1.37664 0.904774 0.434465 0.233679 0.19808 0.212805 0.333681 0.161441 0.142226 0.0921228 0.0628479 0.154624 0.171642 0.139005 0.0841571 0.108763 0.50079 0.433639 0.936107 0.698459 0.75007 0.939895 0.883807 0.685149 0.971479 0.779387 0.625611 0.709362 1.04675 0.668913 0.326261
BD_Brms
 7.29231 4.79275 2.30143 1.23784 1.04927 1.12726 1.76756 0.855183 0.753396 0.487991 0.332916 0.819069 0.909217 0.736332 0.445795 0.576138 2.65277 2.29706 4.95872 3.69986 3.97325 4.97879 4.68168 3.62935 5.14609 4.12855 3.31397 3.75761 5.54481 3.54335 1.72826
Sel_flota
 0.687972 0.976686 0.998745 0.999934 0.999997
 0.687972 0.976686 0.998745 0.999934 0.999997
 0.687972 0.976686 0.998745 0.999934 0.999997
 0.687972 0.976686 0.998745 0.999934 0.999997
 0.687972 0.976686 0.998745 0.999934 0.999997
 0.687972 0.976686 0.998745 0.999934 0.999997
 0.687972 0.976686 0.998745 0.999934 0.999997
 0.687972 0.976686 0.998745 0.999934 0.999997
 0.687972 0.976686 0.998745 0.999934 0.999997
 0.687972 0.976686 0.998745 0.999934 0.999997
 0.687972 0.976686 0.998745 0.999934 0.999997
 0.687972 0.976686 0.998745 0.999934 0.999997
 0.687972 0.976686 0.998745 0.999934 0.999997
 0.687972 0.976686 0.998745 0.999934 0.999997
 0.687972 0.976686 0.998745 0.999934 0.999997
 0.687972 0.976686 0.998745 0.999934 0.999997
 0.687972 0.976686 0.998745 0.999934 0.999997
 0.687972 0.976686 0.998745 0.999934 0.999997
 0.687972 0.976686 0.998745 0.999934 0.999997
 0.687972 0.976686 0.998745 0.999934 0.999997
 0.687972 0.976686 0.998745 0.999934 0.999997
 0.687972 0.976686 0.998745 0.999934 0.999997
 0.687972 0.976686 0.998745 0.999934 0.999997
 0.687972 0.976686 0.998745 0.999934 0.999997
 0.687972 0.976686 0.998745 0.999934 0.999997
 0.687972 0.976686 0.998745 0.999934 0.999997
 0.687972 0.976686 0.998745 0.999934 0.999997
 0.687972 0.976686 0.998745 0.999934 0.999997
 0.687972 0.976686 0.998745 0.999934 0.999997
 0.687972 0.976686 0.998745 0.999934 0.999997
 0.687972 0.976686 0.998745 0.999934 0.999997
Sel_reclas
 1 1 1 1 1
 1 1 1 1 1
 1 1 1 1 1
 1 1 1 1 1
 1 1 1 1 1
 1 1 1 1 1
 1 1 1 1 1
 1 1 1 1 1
 1 1 1 1 1
 1 1 1 1 1
 1 1 1 1 1
 1 1 1 1 1
 1 1 1 1 1
 1 1 1 1 1
 1 1 1 1 1
 1 1 1 1 1
 1 1 1 1 1
 1 1 1 1 1
 1 1 1 1 1
 1 1 1 1 1
 1 1 1 1 1
 1 1 1 1 1
 1 1 1 1 1
 1 1 1 1 1
 1 1 1 1 1
 1 1 1 1 1
 1 1 1 1 1
 1 1 1 1 1
 1 1 1 1 1
 1 1 1 1 1
 1 1 1 1 1
Sel_pelaces
 1 1 1 1 1
 1 1 1 1 1
 1 1 1 1 1
 1 1 1 1 1
 1 1 1 1 1
 1 1 1 1 1
 1 1 1 1 1
 1 1 1 1 1
 1 1 1 1 1
 1 1 1 1 1
 1 1 1 1 1
 1 1 1 1 1
 1 1 1 1 1
 1 1 1 1 1
 1 1 1 1 1
 1 1 1 1 1
 1 1 1 1 1
 1 1 1 1 1
 1 1 1 1 1
 1 1 1 1 1
 1 1 1 1 1
 1 1 1 1 1
 1 1 1 1 1
 1 1 1 1 1
 1 1 1 1 1
 1 1 1 1 1
 1 1 1 1 1
 1 1 1 1 1
 1 1 1 1 1
 1 1 1 1 1
 1 1 1 1 1
pf_obs 
 0.8446 0.082 0.0669 0.0065 0
 0.8095 0.147 0.0364 0.0071 0
 0.9664 0.0169 0.016 0.0007 0
 0.9276 0.0648 0.0075 0.0001 0
 0.7033 0.2144 0.0806 0.0017 0
 0.9318 0.0425 0.0243 0.0014 0
 0.5671 0.3108 0.0964 0.0239 0.0018
 0.0768 0.2599 0.5324 0.112 0.0189
 0.490249 0.384438 0.106611 0.0170017 0.00170017
 0.7925 0.1577 0.0466 0.003 0.0002
 0.840416 0.127587 0.0312969 0.00059994 9.999e-05
 0.8084 0.0986 0.0794 0.0134 0.0002
 0.7335 0.1905 0.0724 0.0035 0.0001
 0.4001 0.4547 0.1325 0.0127 0
 0.49795 0.308269 0.164784 0.0264974 0.00249975
 0.9179 0.0499 0.0305 0.0017 0
 0.2467 0.6533 0.0926 0.0074 0
 0.9418 0.0223 0.034 0.0019 0
 0.707729 0.231977 0.0356964 0.0245975 0
 0.517169 0.277429 0.184464 0.0207286 0.00020938
 0.811772 0.124168 0.05621 0.00726502 0.000585176
 0.764997 0.148141 0.077277 0.00933861 0.000247198
 0.163321 0.427699 0.378323 0.0303852 0.000271297
 0.753843 0.0900009 0.118128 0.0371064 0.000921714
 0.721811 0.176058 0.0630433 0.0369309 0.00215725
 0.143369 0.312575 0.442814 0.0836902 0.0175525
 0.692698 0.0596174 0.167031 0.0765114 0.00414204
 0.394062 0.376323 0.152708 0.0712218 0.00568511
 0.125707 0.32114 0.495352 0.0537591 0.00404204
 0.23352 0.215282 0.420074 0.123614 0.00750983
 0 0 0 0 0
pf_pred 
 0.440811 0.155346 0.375405 0.0284371 8.69969e-07
 0.414705 0.313509 0.0768132 0.18126 0.0137135
 0.562904 0.225128 0.114962 0.0274436 0.0695623
 0.663063 0.222113 0.0599076 0.029804 0.0251124
 0.651062 0.263767 0.0567312 0.0148494 0.0135899
 0.805925 0.14201 0.0395954 0.00830957 0.00415997
 0.454522 0.47059 0.0551982 0.0149797 0.00471054
 0.463663 0.312142 0.194349 0.0220095 0.00783628
 0.606575 0.219097 0.102471 0.0623015 0.00955523
 0.777391 0.158543 0.03618 0.0164027 0.011483
 0.852649 0.125659 0.0156033 0.00344117 0.00264733
 0.74632 0.226545 0.0232214 0.00281589 0.00109735
 0.683548 0.26034 0.050274 0.00499774 0.000840814
 0.638216 0.279468 0.0680803 0.0127567 0.00147909
 0.754358 0.184916 0.0473065 0.0111025 0.00231689
 0.949178 0.0423295 0.00644481 0.00159599 0.000451939
 0.309934 0.666795 0.0194741 0.0028819 0.000914359
 0.899762 0.0399298 0.058325 0.00166031 0.000323211
 0.576735 0.393987 0.0118444 0.0168607 0.000572604
 0.588345 0.277079 0.12551 0.00367103 0.00539532
 0.722613 0.18947 0.0596932 0.0263251 0.00189882
 0.721285 0.221386 0.0394793 0.0121251 0.00572515
 0.265648 0.583842 0.12021 0.0208746 0.00942469
 0.728496 0.0936666 0.142098 0.0285527 0.00718729
 0.594151 0.323621 0.0288223 0.0426837 0.0107218
 0.40431 0.404968 0.152842 0.0132885 0.0245906
 0.729642 0.133858 0.093502 0.0344669 0.00853085
 0.674196 0.259865 0.0330507 0.0225379 0.0103508
 0.275295 0.542446 0.146075 0.0181478 0.0180359
 0.356517 0.227416 0.313269 0.0824102 0.0203874
 0.80988 0.0855843 0.0375436 0.0504569 0.0165351
pobs_RECLAS
 0 0 0 0 0
 0 0 0 0 0
 0 0 0 0 0
 0 0 0 0 0
 0 0 0 0 0
 0 0 0 0 0
 0 0 0 0 0
 0 0 0 0 0
 0 0 0 0 0
 0 0 0 0 0
 0.991045 0.00858322 0.000360255 1.14367e-05 0
 0.934742 0.0480273 0.0164251 0.00080598 0
 0.827803 0.169806 0.00239088 0 0
 0.941827 0.0461693 0.0120037 0 0
 0.791401 0.0380133 0.147996 0.0225897 0
 0.846168 0.0940531 0.0597789 0 0
 0.134021 0.677848 0.182769 0.00536245 0
 0.80878 0.0450904 0.141981 0.00414843 0
 0.846168 0.0940531 0.0597789 0 0
 0.905697 0.0802665 0.012482 0.00150086 5.37128e-05
 0.989698 0.0102097 9.19794e-05 0 0
 0.975433 0.0193895 0.00387452 0.00125025 5.28907e-05
 0.303575 0.632131 0.0575291 0.00676475 0
 0.966965 0.00978017 0.0227588 0.000495775 0
 0.843318 0.132988 0.00938335 0.0141283 0.000182051
 0.564624 0.303363 0.111486 0.0197234 0.00080311
 0.826376 0.0876187 0.0782897 0.00655872 0.00115652
 0.89761 0.0855135 0.0140674 0.00269457 0.000114338
 0.34875 0.467042 0.161289 0.0227151 0.000203297
 0.318654 0.224769 0.449479 0.00709798 0
 0.937255 0.0296025 0.0250945 0.00804832 0
ppred_RECLAS
 0.533479 0.13175 0.311224 0.0235468 7.20317e-07
 0.506895 0.267077 0.0639376 0.15069 0.0114
 0.651429 0.1816 0.0906104 0.0216037 0.0547562
 0.742294 0.171311 0.0451039 0.0224103 0.0188813
 0.728427 0.206446 0.0433983 0.0113457 0.0103827
 0.857318 0.105063 0.0286177 0.0059983 0.0030027
 0.55261 0.387331 0.0442843 0.0120015 0.00377373
 0.554567 0.261712 0.15929 0.0180174 0.00641451
 0.694083 0.172241 0.0786181 0.047737 0.00732095
 0.838153 0.116122 0.0258374 0.011698 0.00818876
 0.892254 0.092194 0.011191 0.00246508 0.00189629
 0.81089 0.169319 0.0169397 0.00205149 0.000799413
 0.758861 0.199226 0.0375569 0.00372874 0.000627276
 0.725276 0.213483 0.0506618 0.00947957 0.00109904
 0.818853 0.137205 0.0342414 0.00802557 0.00167468
 0.964394 0.0297739 0.00442687 0.00109489 0.000310019
 0.391832 0.588117 0.0167841 0.00248076 0.000787035
 0.928822 0.0287495 0.0410345 0.00116667 0.0002271
 0.662817 0.31438 0.00923174 0.0131251 0.000445712
 0.674327 0.220878 0.0977433 0.00285534 0.00419622
 0.789917 0.14456 0.0445059 0.0196033 0.00141389
 0.788902 0.168488 0.029354 0.00900419 0.00425125
 0.341848 0.525721 0.105797 0.0183495 0.00828408
 0.795509 0.0716167 0.106197 0.021313 0.00536457
 0.677499 0.258381 0.022493 0.0332702 0.00835662
 0.493744 0.346688 0.127908 0.0111072 0.0205528
 0.795887 0.102243 0.0698083 0.0257016 0.00636097
 0.747794 0.202104 0.0251278 0.0171144 0.00785953
 0.352635 0.487334 0.128292 0.0159193 0.0158201
 0.44577 0.198824 0.267678 0.0703307 0.0173979
 0.860281 0.0637103 0.0273199 0.0366722 0.012017
pobs_PELACES
 0 0 0 0 0
 0 0 0 0 0
 0 0 0 0 0
 0 0 0 0 0
 0 0 0 0 0
 0 0 0 0 0
 0 0 0 0 0
 0 0 0 0 0
 0 0 0 0 0
 0 0 0 0 0
 0 0 0 0 0
 0 0 0 0 0
 0 0 0 0 0
 0 0 0 0 0
 0 0 0 0 0
 0 0 0 0 0
 0.505614 0.472636 0.0217494 0 0
 0 0 0 0 0
 0.443492 0.261883 0.143347 0.151278 0
 0.227955 0.32914 0.350689 0.0885471 0.00366901
 0.970185 0.0296113 0.000203453 0 0
 0.997202 0.00247181 0.000326279 0 0
 0.445219 0.490057 0.0546422 0.010081 0
 0.90214 0.0892962 0.00764917 0.000914606 0
 0 0 0 0 0
 0.581667 0.319106 0.0959925 0.00289975 0.000334073
 0.762889 0.0836404 0.116647 0.0363945 0.000428098
 0.88444 0.0763242 0.0277011 0.0115352 0
 0.521256 0.241999 0.230069 0.00667565 0
 0.616807 0.101726 0.260614 0.0208532 0
 0 0 0 0 0
ppred_PELACES
 0.538197 0.130546 0.307958 0.023298 7.12702e-07
 0.515549 0.262709 0.0627315 0.147828 0.0111833
 0.659197 0.177774 0.0884771 0.0210922 0.0534594
 0.753865 0.163876 0.0429495 0.0213346 0.0179748
 0.733083 0.202995 0.0425971 0.0111352 0.01019
 0.862091 0.101629 0.0276003 0.00578413 0.00289546
 0.575427 0.367927 0.0417716 0.0113163 0.00355819
 0.558898 0.259307 0.157621 0.0178274 0.00634684
 0.708262 0.164625 0.0747667 0.0453862 0.00696034
 0.849727 0.108023 0.0238779 0.010807 0.00756489
 0.893846 0.0908483 0.0110137 0.00242588 0.00186613
 0.820435 0.160855 0.0160156 0.00193908 0.000755598
 0.769592 0.190509 0.0357527 0.00354876 0.000596991
 0.745689 0.197971 0.0466116 0.00871801 0.00101072
 0.829925 0.129 0.0320096 0.00750017 0.00156502
 0.966077 0.0283843 0.00420431 0.00103963 0.00029437
 0.399212 0.581024 0.0165427 0.00244477 0.000775614
 0.930968 0.0279229 0.0397588 0.00113026 0.00022001
 0.672372 0.305541 0.00894287 0.0127122 0.000431685
 0.682961 0.215227 0.094962 0.00277365 0.00407613
 0.794905 0.141229 0.043382 0.019106 0.00137801
 0.795181 0.163573 0.0284161 0.00871514 0.00411474
 0.347002 0.521787 0.104825 0.0181792 0.00820717
 0.799003 0.0704655 0.104326 0.0209357 0.00526957
 0.682049 0.254818 0.022148 0.0327571 0.0082277
 0.498079 0.343861 0.126701 0.0110016 0.0203574
 0.799299 0.100613 0.0685888 0.0252505 0.0062493
 0.750881 0.199681 0.0247958 0.0168872 0.00775515
 0.356221 0.484776 0.127469 0.0158161 0.0157175
 0.452159 0.196772 0.264418 0.0694672 0.0171842
 0.862508 0.0627428 0.0268682 0.0360632 0.0118174
pobs_pel_tallas
 0 0 0 0 0 0 0 0 0 0 0 0 0 0 0 0 0 0 0 0 0 0 0 0 0 0
 0 0 0 0 0 0 0 0 0 0 0 0 0 0 0 0 0 0 0 0 0 0 0 0 0 0
 0 0 0 0 0 0 0 0 0 0 0 0 0 0 0 0 0 0 0 0 0 0 0 0 0 0
 0 0 0 0 0 0 0 0 0 0 0 0 0 0 0 0 0 0 0 0 0 0 0 0 0 0
 0 0 0 0 0 0 0 0 0 0 0 0 0 0 0 0 0 0 0 0 0 0 0 0 0 0
 0 0 0 0 0 0 0 0 0 0 0 0 0 0 0 0 0 0 0 0 0 0 0 0 0 0
 0 0 0 0 0 0 0 0 0 0 0 0 0 0 0 0 0 0 0 0 0 0 0 0 0 0
 0 0 0 0 0 0 0 0 0 0 0 0 0 0 0 0 0 0 0 0 0 0 0 0 0 0
 0 0 0 0 0 0 0 0 0 0 0 0 0 0 0 0 0 0 0 0 0 0 0 0 0 0
 0 0 0 0 0 0 0 0 0 0 0 0 0 0 0 0 0 0 0 0 0 0 0 0 0 0
 0 0 0 0 0 0 0 0 0 0 0 0 0 0 0 0 0 0 0 0 0 0 0 0 0 0
 0 0 0 0 0 0 0 0 0 0 0 0 0 0 0 0 0 0 0 0 0 0 0 0 0 0
 0.00862536 0 0 0.000197151 0.00414017 0.0128641 0.00837892 0.0270097 0.101434 0.158115 0.152841 0.127902 0.109271 0.109419 0.0830992 0.0579132 0.0238553 0.00714673 0.00463305 0.00128148 0.00103504 0.000492878 0.000147863 0.000147863 4.92878e-05 0
 0 0 0 0 0 0 0 0 0 0 0 0 0 0 0 0 0 0 0 0 0 0 0 0 0 0
 0 0 0 0 0 0 0 0.0054083 0.00873648 0.0413646 0.0450493 0.0745869 0.0622846 0.0627006 0.0613931 0.0827291 0.12552 0.122667 0.0946155 0.0697135 0.0546179 0.0294188 0.0215738 0.0213955 0.0102223 0.00600262
 0 0 0 0 0.00359764 0.0251062 0.0480494 0.140153 0.205849 0.193036 0.1447 0.116669 0.0760912 0.0342217 0.00950174 0.001854 0.000860785 0 0 0 0.000165536 0 0.000143464 0 0 0
 0 0 0 0 0 0 0 0.000145254 0.000435761 0.0275982 0.070085 0.0708112 0.156366 0.174668 0.174014 0.160142 0.0824315 0.0480064 0.0283245 0.00493863 0.00203355 0 0 0 0 0
 0 0 0 0 0 0 0 0 0 0 0 0 0 0 0 0 0 0 0 0 0 0 0 0 0 0
 0 0 1.00437e-05 0.000401748 0.00122533 0.00171747 0.00176769 0.0269171 0.070346 0.194647 0.189555 0.159765 0.064822 0.0314167 0.0384472 0.0292271 0.0345202 0.0313363 0.0194345 0.0106764 0.0143323 0.0359363 0.0279516 0.0138201 0.00172751 0
 0 0.0021121 0.0136068 0.0755702 0.200478 0.177729 0.0527432 0.0373336 0.0318909 0.0142505 0.0149659 0.0166563 0.0217959 0.0798694 0.0677717 0.0528807 0.04013 0.0224614 0.0357745 0.0225083 0.00881397 0.00855152 0.00135912 0.000746735 0 0
 0 0 0 0 5.4009e-05 0.00500934 0.000945158 0.0243581 0.138947 0.33067 0.221406 0.137944 0.0707744 0.0437923 0.0131692 0.00525238 0.0047753 0.00276346 9.45158e-05 9.00151e-06 2.25038e-05 9.00151e-06 4.50075e-06 0 0 0
 0.000866109 0.00284123 0.00948549 0.0512746 0.133035 0.25785 0.225252 0.132002 0.0553304 0.0519788 0.0540692 0.017754 0.00435017 0.00159236 0.00146478 0.000404838 0.000125132 0.000115318 0.000107957 0.000100596 0 0 0 0 0 0
 0 0 0 0 0.00144013 0.00171154 0.00461396 0.0210425 0.0478622 0.0707936 0.0888783 0.103762 0.0637923 0.0337046 0.0602308 0.124433 0.169614 0.0934646 0.0462172 0.0250306 0.0313229 0.00938855 0.002487 0.000210481 0 0
 0 0.00764035 0.051015 0.0998891 0.058973 0.0496711 0.0374665 0.0718981 0.12319 0.153886 0.159021 0.0857701 0.0377988 0.023471 0.0147837 0.00900784 0.00315554 0.000888139 0.00291439 0.00214683 0.00393193 0.00274676 0.000635225 9.99891e-05 0 0
 0 0 0 0 0 0 0 0 0 0 0 0 0 0 0 0 0 0 0 0 0 0 0 0 0 0
 0 0 0 0 0 0 0 0 0 0 0 0 0 0 0 0 0 0 0 0 0 0 0 0 0 0
 0 0 0 0 0 0 0 0 0 0 0 0 0 0 0 0 0 0 0 0 0 0 0 0 0 0
 0 0 0 0 0 0 0 0 0 0 0 0 0 0 0 0 0 0 0 0 0 0 0 0 0 0
 0 0 0 0 0 0 0 0 0 0 0 0 0 0 0 0 0 0 0 0 0 0 0 0 0 0
 0 0 0 0 0 0 0 0 0 0 0 0 0 0 0 0 0 0 0 0 0 0 0 0 0 0
 0 0 0 0 0 0 0 0 0 0 0 0 0 0 0 0 0 0 0 0 0 0 0 0 0 0
ppred_pel_tallas
 1.11257e-16 4.43306e-05 0.000430909 0.00286354 0.0130173 0.0405016 0.0862934 0.125951 0.125964 0.0863574 0.0407175 0.0136466 0.00446506 0.00399892 0.00703089 0.0121006 0.0186987 0.0261564 0.0337232 0.0408989 0.0474493 0.0530224 0.0567853 0.057571 0.0545314 0.0477815
 1.18596e-16 4.24651e-05 0.000412776 0.00274304 0.0124695 0.0387974 0.0826628 0.120654 0.12068 0.082787 0.0392147 0.0136763 0.00577748 0.00705491 0.0127124 0.0211022 0.030777 0.0395674 0.0453553 0.0473319 0.0465289 0.0450672 0.0446887 0.0457096 0.0470567 0.0471307
 1.13761e-16 5.42972e-05 0.000527789 0.00350734 0.0159439 0.0496074 0.105694 0.154268 0.154285 0.105779 0.0498909 0.0167642 0.00557229 0.00505485 0.00870948 0.0144658 0.0212003 0.0274518 0.031783 0.0335873 0.0334395 0.0326223 0.0322103 0.0324425 0.03277 0.0323686
 1.06463e-16 6.20949e-05 0.000603585 0.00401103 0.0182336 0.0567315 0.120873 0.176421 0.176437 0.12095 0.0569915 0.018985 0.00589926 0.00473253 0.00792454 0.0130587 0.0189412 0.0241153 0.0271497 0.0274151 0.0254573 0.0225954 0.0200715 0.0184175 0.017417 0.0165049
 1.04123e-16 6.03831e-05 0.000586945 0.00390046 0.0177309 0.0551676 0.117541 0.171559 0.171578 0.117637 0.0554891 0.0186599 0.00623357 0.00568429 0.00975351 0.0160617 0.0232097 0.0293542 0.0326586 0.0322832 0.0288736 0.0240942 0.0195929 0.0162121 0.0139051 0.0121725
 1.01893e-16 7.10093e-05 0.000690236 0.00458686 0.0208512 0.0648759 0.138225 0.201746 0.201756 0.138273 0.0650371 0.021317 0.00575706 0.0032483 0.00493955 0.00808074 0.0116971 0.0148425 0.0166008 0.0165475 0.0149858 0.0127135 0.0105136 0.00877694 0.00747623 0.0063906
 1.03037e-16 4.73973e-05 0.000460718 0.00306164 0.0139178 0.0433036 0.0922641 0.13467 0.134705 0.0924373 0.043885 0.0155971 0.00727612 0.00965839 0.0175079 0.0288493 0.0415077 0.0521001 0.0572083 0.0552547 0.0474416 0.0369355 0.0269808 0.019406 0.014383 0.0111413
 1.07477e-16 4.60357e-05 0.000447484 0.00297369 0.013518 0.0420595 0.0896132 0.130798 0.130824 0.0897364 0.0424736 0.0147163 0.00599075 0.00706412 0.0127011 0.0211563 0.031011 0.0401196 0.046285 0.0484345 0.0471397 0.0439953 0.0404163 0.0368763 0.0330597 0.0285441
 1.0793e-16 5.83386e-05 0.000567072 0.0037684 0.0171306 0.0532997 0.113561 0.165749 0.165765 0.113639 0.053562 0.0178895 0.00567814 0.00475208 0.00805413 0.0133495 0.019527 0.0252034 0.0290133 0.0303525 0.0297065 0.0282227 0.0268794 0.0259281 0.0249594 0.0233829
 1.03081e-16 6.99909e-05 0.000680337 0.00452108 0.0205522 0.0639455 0.136243 0.198853 0.198863 0.136294 0.0641166 0.0210468 0.00576364 0.00339586 0.0052363 0.00857018 0.0123976 0.0157182 0.017567 0.0175121 0.0159077 0.0136377 0.0115583 0.0100774 0.00911627 0.00835632
 1.00901e-16 7.36249e-05 0.000715661 0.00475582 0.0216193 0.0672656 0.143317 0.209177 0.209186 0.14336 0.0674092 0.022034 0.00579672 0.00298752 0.004387 0.00713269 0.0102599 0.0128856 0.0141641 0.0137072 0.0118118 0.00925828 0.00684385 0.00501501 0.0038087 0.00302991
 1.00826e-16 6.75782e-05 0.000656884 0.00436522 0.0198437 0.0617412 0.131547 0.191999 0.192015 0.131622 0.0619953 0.0205775 0.00620664 0.00467476 0.00769244 0.0125948 0.0181002 0.0226832 0.0248363 0.0238615 0.0202826 0.0154936 0.0109356 0.00744007 0.00511596 0.0036517
 1.01538e-16 6.33903e-05 0.000616177 0.00409471 0.018614 0.0579151 0.123395 0.180102 0.180121 0.123485 0.0582166 0.019485 0.00628168 0.00539221 0.00913926 0.0150222 0.0216644 0.0273041 0.0301834 0.0294788 0.0257727 0.0206311 0.0156466 0.0117001 0.00886896 0.00680719
 1.02442e-16 6.14214e-05 0.000597038 0.00396753 0.0180358 0.0561162 0.119562 0.174509 0.174528 0.119656 0.0564299 0.0189422 0.00624402 0.00557128 0.00952202 0.01568 0.0226637 0.0286703 0.0318972 0.0315007 0.028073 0.0231951 0.0184466 0.0146588 0.0118464 0.00962635
 1.01974e-16 6.83598e-05 0.000664482 0.00441572 0.0200732 0.0624553 0.133068 0.194219 0.194232 0.133129 0.0626597 0.0206641 0.00589991 0.0039081 0.00623923 0.0102343 0.0148014 0.0187493 0.020909 0.0207367 0.0186197 0.0155817 0.0126366 0.0103036 0.00856847 0.00716299
 1.00283e-16 7.95745e-05 0.000773493 0.00514013 0.0233663 0.0727012 0.154898 0.226078 0.226081 0.154911 0.0727461 0.023496 0.00546563 0.00148411 0.00142933 0.00223744 0.0032163 0.00404628 0.00446087 0.0043386 0.00377023 0.00299516 0.00225676 0.0016894 0.00130235 0.00103651
 1.01003e-16 3.28827e-05 0.000319632 0.00212407 0.00965574 0.0300429 0.0640116 0.0934386 0.0934944 0.0642847 0.0309594 0.0123016 0.00876021 0.0147888 0.0274607 0.0452099 0.0648037 0.0808185 0.0877493 0.0830579 0.0687216 0.0499797 0.0323212 0.019023 0.0106338 0.00600617
 1.01306e-16 7.66826e-05 0.000745382 0.00495333 0.0225171 0.0700591 0.149268 0.217862 0.217865 0.149282 0.0701044 0.0226487 0.00528623 0.00148084 0.00149892 0.00242282 0.00363603 0.00488981 0.00597443 0.00677311 0.00729138 0.00758544 0.0076593 0.00743655 0.00683217 0.00585095
 1.01685e-16 5.53825e-05 0.000538337 0.00357744 0.0162626 0.050599 0.107808 0.157354 0.157384 0.107951 0.0510811 0.0176543 0.00706832 0.00815069 0.0144885 0.023802 0.0341368 0.0426259 0.0463938 0.0441299 0.0368921 0.0274353 0.0186151 0.0120903 0.00806236 0.00584389
 1.03764e-16 5.62546e-05 0.000546815 0.00363378 0.0165186 0.0513958 0.109505 0.15983 0.159851 0.109607 0.0517382 0.0175089 0.00612401 0.00599845 0.0104549 0.0173118 0.0252026 0.0322502 0.0365528 0.0371892 0.0346956 0.0305728 0.026263 0.0224387 0.0190308 0.0157244
 1.03438e-16 6.54753e-05 0.000636443 0.00422939 0.0192262 0.0598199 0.127453 0.186024 0.186038 0.12752 0.0600441 0.0198743 0.00585824 0.00419909 0.00685192 0.0112777 0.0163665 0.0208511 0.0234841 0.0236931 0.0218994 0.0191822 0.0165683 0.0145186 0.0129155 0.0114028
 1.02433e-16 6.5498e-05 0.000636664 0.00423086 0.0192329 0.0598407 0.127498 0.18609 0.186105 0.127575 0.0600996 0.0199807 0.00610852 0.0047373 0.00785836 0.0129011 0.0186099 0.0234707 0.0259866 0.0254703 0.0224457 0.0182759 0.0143287 0.0113314 0.0092904 0.00783098
 1.06371e-16 2.85822e-05 0.000277829 0.00184627 0.00839292 0.0261138 0.05564 0.0812187 0.0812691 0.055886 0.0269399 0.0107797 0.00783978 0.0133695 0.0249147 0.0412031 0.0594893 0.0750953 0.0832517 0.0817366 0.0721592 0.0587868 0.0459139 0.0358461 0.0286703 0.0233312
 1.06021e-16 6.58129e-05 0.000639725 0.00425119 0.0193253 0.0601283 0.12811 0.186982 0.186989 0.128144 0.0602429 0.0196584 0.00509466 0.00250572 0.00368223 0.00617321 0.00933072 0.0126651 0.0157023 0.0181972 0.0201959 0.0218299 0.0230367 0.0234858 0.0227854 0.0207796
 1.05382e-16 5.61795e-05 0.000546085 0.00362893 0.0164966 0.0513272 0.109359 0.159618 0.159642 0.109479 0.0517299 0.0176597 0.006548 0.00691733 0.0121536 0.0199984 0.0287965 0.0362131 0.0399255 0.0389064 0.0340596 0.0276246 0.021829 0.0178241 0.0155214 0.0141405
 1.08293e-16 4.10262e-05 0.000398789 0.00265009 0.012047 0.0374827 0.0798622 0.116568 0.116601 0.0800248 0.0380291 0.0136266 0.00662111 0.00908736 0.0166003 0.0275307 0.0400098 0.0510554 0.0576311 0.0583087 0.0540488 0.0474012 0.0408175 0.0354397 0.0310842 0.0270325
 1.05595e-16 6.58372e-05 0.000639961 0.00425277 0.0193325 0.0601505 0.128157 0.187051 0.187061 0.128205 0.0603116 0.0197988 0.00542797 0.0032207 0.00501223 0.00830089 0.0122318 0.0159757 0.0187286 0.020122 0.0203999 0.0201517 0.0198304 0.0194637 0.0187468 0.0173603
 1.03773e-16 6.18491e-05 0.000601195 0.00399515 0.0181614 0.056507 0.120395 0.175724 0.175743 0.120489 0.0568227 0.0190734 0.00628451 0.00559917 0.00955505 0.0157025 0.0226259 0.0284846 0.0314541 0.0307144 0.0269451 0.0218654 0.0171943 0.0138347 0.0117556 0.0104118
 1.08049e-16 2.93416e-05 0.000285211 0.00189533 0.00861591 0.0268075 0.057118 0.0833753 0.0834221 0.0573469 0.0275761 0.0108369 0.00747477 0.01248 0.0232331 0.0384762 0.0556886 0.070583 0.078784 0.0782456 0.0704106 0.059107 0.0481287 0.0394229 0.032947 0.0277099
 1.17556e-16 3.72438e-05 0.000362023 0.00240577 0.0109363 0.034027 0.0724987 0.105818 0.105837 0.0725935 0.0343463 0.0118637 0.0047527 0.00554881 0.0100746 0.0170864 0.0257599 0.0348136 0.0429174 0.0494145 0.0545208 0.0587444 0.0620599 0.0636338 0.0623437 0.0576034
 1.06408e-16 7.10437e-05 0.00069057 0.00458908 0.0208613 0.0649073 0.138292 0.201843 0.201849 0.138322 0.0650074 0.021151 0.0053186 0.00229081 0.00313357 0.00513152 0.00754083 0.00982685 0.0115142 0.0124328 0.0128251 0.0131548 0.0137571 0.0146057 0.0153482 0.0155372
pSPR Fmed_Fpbrs
0.558601   0.23878 0.23878
Fs Fmed_Fpbrs
0.348369   1.005 1.005
SSBpbr Bo_Bmed_Bpbrs
1.65167e+06  840040  311802 311802
Ro
141063
SPR SPRFo_SPRFmed_SPRFpbrs
1.00446e+06 561092 239845
Fref
1.005
log_Ro
11.677
likeval ReclasPelacesDesembMPH_pf_preclas_ppelaces_ptallas_desvR_qrecl_qpela
 11.5061 22.8182 0.0117702 0.000854742 228.871 119.7 83.1781 0 29.2066 9.50203e-07 0 0.0484013 0 0 0
q_reclas_q_pelaces
1.14813 1
M
1
N
 164862 41839.2 99040.1 7494.09 0.229252
 96101.2 53264.5 12800.8 30175.7 2282.87
 94749 27773.8 13911.2 3317.44 8408.4
 108580 27436.7 7273.95 3615.48 3046.21
 88327.1 25929.9 5465.55 1429.07 1307.79
 211408 27475.9 7517.72 1576.1 788.994
 72960.2 58774.8 6791.68 1841.67 579.109
 28554.5 13827.3 8432.52 953.909 339.61
 33903.3 9290.43 4272.79 2595.51 398.056
 49261.1 7774.92 1747.24 791.495 554.073
 91919.7 9738.06 1184.31 260.901 200.702
 130682 30019.8 3025.33 366.529 142.83
 106301 30507.1 5790.29 575.084 96.7468
 74325.9 25580.2 6143.4 1150.26 133.363
 69128.8 12978.8 3267.31 766.158 159.877
 444327 14787.1 2211.24 547.068 154.906
 72681.1 114301 3273.63 483.95 153.538
 659393 21407.1 30666.2 872.057 169.753
 381837 193252 5703.03 8110.37 275.421
 296867 103102 45829.4 1339.12 1968
 431668 82623.2 25524.6 11244.8 811.038
 567224 128233 22438 6884.35 3250.42
 100010 159132 32107.5 5569.5 2514.43
 336779 31279.6 46493.7 9332.19 2348.96
 271390 106779 9317.73 13783.9 3462.19
 119451 86052.6 31810.8 2762.66 5112.06
 293525 38887.8 26614.1 9799.87 2425.41
 336591 93227.6 11612.8 7910.23 3632.66
 77882.9 110170 29054.2 3605.57 3583.13
 55382.3 25640 34617.7 9096.99 2250.37
 224171 17057.7 7329.75 9840.02 3224.47
pred_Ctot
 12824.3 4519.42 10921.5 827.306 0.0253096
 13282.8 10041.6 2460.29 5805.68 439.238
 12999.7 5199.09 2654.92 633.779 1606.47
 24937 8353.39 2253.05 1120.89 944.448
 8740.94 3541.25 761.654 199.363 182.453
 33395.3 5884.5 1640.72 344.325 172.378
 23580.7 24414.3 2863.69 777.152 244.384
 2107.34 1418.69 883.315 100.033 35.6159
 8385.49 3028.86 1416.59 861.276 132.094
 15142.5 3088.21 704.738 319.503 223.673
 6585.61 970.554 120.516 26.5786 20.4472
 31317.3 9506.37 974.424 118.161 46.0475
 24052.9 9160.93 1769.06 175.862 29.5869
 26194.1 11470.1 2794.2 523.568 60.7057
 19105.6 4683.37 1198.13 281.192 58.6799
 86954.1 3877.8 590.408 146.209 41.4021
 9327.17 20066.6 586.053 86.7279 27.5167
 86339.3 3831.58 5596.75 159.32 31.0147
 65842.7 44979.3 1352.21 1924.89 65.371
 46734.2 22009.2 9969.63 291.602 428.567
 53449.2 14014.5 4415.3 1947.18 140.449
 87018.2 26708.7 4762.92 1462.82 690.702
 9597.46 21093.3 4343 754.168 340.5
 29766.9 3827.29 5806.21 1166.68 293.678
 23977.8 13060.2 1163.16 1722.56 432.691
 8774.39 8788.66 3317 288.388 533.668
 25657.7 4707.08 3287.97 1212.02 299.985
 23688.3 9130.53 1161.26 791.886 363.684
 5221.89 10289.3 2770.8 344.233 342.111
 5781.47 3687.91 5080.14 1336.41 330.613
 17354.5 1833.95 804.505 1081.22 354.324
F
 0.129836 0.184324 0.188487 0.188711 0.188723
 0.24131 0.342578 0.350315 0.350732 0.350754
 0.239349 0.339794 0.347468 0.347882 0.347904
 0.432088 0.613418 0.627272 0.628019 0.628058
 0.167739 0.238133 0.243511 0.243801 0.243816
 0.280074 0.39761 0.40659 0.407074 0.4071
 0.66327 0.941618 0.962886 0.964031 0.964092
 0.122829 0.174376 0.178314 0.178526 0.178538
 0.47261 0.670946 0.6861 0.686916 0.686959
 0.621092 0.88174 0.901655 0.902728 0.902785
 0.119058 0.169022 0.17284 0.173045 0.173056
 0.45481 0.645675 0.660259 0.661045 0.661086
 0.424455 0.602581 0.616192 0.616925 0.616964
 0.745145 1.05785 1.08175 1.08303 1.0831
 0.542217 0.769763 0.787149 0.788086 0.788136
 0.357729 0.507854 0.519324 0.519942 0.519975
 0.222357 0.315672 0.322801 0.323186 0.323206
 0.227327 0.322727 0.330016 0.330409 0.330429
 0.309276 0.439067 0.448984 0.449518 0.449546
 0.278994 0.396076 0.405022 0.405504 0.40553
 0.213809 0.303536 0.310392 0.310761 0.31078
 0.271022 0.384759 0.393449 0.393918 0.393942
 0.162303 0.230415 0.235619 0.2359 0.235915
 0.148661 0.211049 0.215815 0.216072 0.216086
 0.148598 0.210959 0.215724 0.215981 0.215994
 0.122225 0.173518 0.177437 0.177648 0.177659
 0.146918 0.208574 0.213285 0.213538 0.213552
 0.116845 0.16588 0.169627 0.169829 0.169839
 0.111054 0.157659 0.16122 0.161412 0.161422
 0.177656 0.252211 0.257907 0.258214 0.258231
 0.129181 0.183394 0.187536 0.187759 0.187771
nmprior
 8 9 7.5 0
nm_flota  nm_reclas  nm_pelaces    nm_pelaL
inf 14.9546 13.574 22.8691
cv_recla  cv_pelaces  cv_mph
0.306824 0.562089 0.902242
 ------------------------------------------------
Talla a la edad & desviación 
 8 13.2811 15.8009 17.003 17.5766
 0.8 1.32811 1.58009 1.7003 1.75766
