years
 1991 1992 1993 1994 1995 1996 1997 1998 1999 2000 2001 2002 2003 2004 2005 2006 2007 2008 2009 2010 2011 2012 2013 2014 2015 2016 2017 2018 2019 2020 2021
reclasobs
 0 0 0 0 0 0 0 0 0 252601 567819 844713 477998 351125 339783 2.1784e+06 2.13404e+06 4.81314e+06 1.55562e+06 2.62356e+06 3.21686e+06 3.843e+06 1.13348e+06 3.07943e+06 1.97215e+06 2.03268e+06 2.025e+06 2.42433e+06 2.27542e+06 1.05018e+06 2.36338e+06
reclaspred
 3.26817e+06 1.82562e+06 921084 878687 850078 1.35781e+06 827698 726134 533038 389672 479862 630494 620592 480966 487822 1.32883e+06 1.26716e+06 2.86779e+06 2.37542e+06 1.80644e+06 3.18783e+06 2.57407e+06 2.02029e+06 3.10444e+06 2.32219e+06 2.04699e+06 2.45206e+06 2.63371e+06 2.13862e+06 1.31642e+06 1.91295e+06
pelacesobs
 0 0 0 0 0 0 0 0 0 0 0 0 0 0 0 552880 188675 0 991730 2.46772e+06 1.41603e+06 1.21717e+06 2.29649e+06 1.80582e+06 0 1.4828e+06 1.56532e+06 1.57751e+06 1.42118e+06 867257 0
pelacespred
 1.64972e+06 1.02388e+06 516264 401154 406983 668397 370326 410527 286606 197835 254169 279406 302970 246541 257653 586247 560770 1.46375e+06 1.24894e+06 878711 1.50892e+06 1.32213e+06 1.03536e+06 1.74175e+06 1.25526e+06 1.10338e+06 1.50713e+06 1.59762e+06 1.06765e+06 747849 1.01662e+06
mphobs
 0 0 0 0 0 0 0 0 0 0 0 498337 0 5186 125008 0 168611 109162 213762 579715 649985 157893 87575 83554 0 0 0 0 0 0 0
mphpred
 492572 328586 163019 88519.8 91208.3 101053 133388 79550.9 70988.1 48686.3 32398.7 56622.1 61452.8 51684.9 34633.7 44312.4 152374 142146 282819 214671 235374 289307 272958 222330 308952 253770 208249 225042 317649 212301 113836
desembarqueobs
 494567 514787 250237 358949 120608 361735 552515 73892 212993 205616 52469 317467 293654 387597 252695 516296 358380 742168 942051 627588 828172 859565 418607 520667 417249 300574 407403 355545 319650 289779 219260
desembarquepred
 494576 513636 250769 358979 120613 361743 552544 73896.2 213039 205658 52471.2 317527 293700 387620 252684 516244 358401 742062 941835 627446 828224 859558 418611 520684 417244 300571 407397 355526 319640 289785 219262
Reclutas
 195135 110212 109949 169512 135776 242091 98741.5 44042.8 43159.1 58234.4 110110 146599 121371 85380.2 84713.7 472528 94894.9 713733 418409 333604 474284 633191 128363 388693 326210 146105 332910 375034 102079 76265.6 340548
log_desv_Rt
 0.123814 -0.447472 -0.449857 -0.0169523 -0.238872 0.339441 -0.557369 -1.36471 -1.38498 -1.0854 -0.448395 -0.162174 -0.351019 -0.702761 -0.710597 1.00822 -0.597105 1.42063 0.886584 0.66008 1.01193 1.3009 -0.29501 0.812914 0.637667 -0.16555 0.657998 0.777143 -0.524131 -0.815653 0.680683
SSB
 3.13059e+06 2.08836e+06 1.03608e+06 562596 579683 642250 847761 505594 451172 309431 205913 359867 390569 328488 220118 281632 968426 903424 1.79748e+06 1.36436e+06 1.49594e+06 1.83872e+06 1.73481e+06 1.41304e+06 1.96357e+06 1.61286e+06 1.32355e+06 1.43028e+06 2.01885e+06 1.3493e+06 723493
BT
 4.22262e+06 2.86926e+06 1.43976e+06 1.2273e+06 1.03432e+06 1.85068e+06 1.3485e+06 1.01201e+06 872402 654304 631324 909935 965275 971842 847686 1.7698e+06 1.57307e+06 4.03154e+06 3.78533e+06 2.58729e+06 4.15063e+06 3.85263e+06 2.75242e+06 4.50128e+06 3.28007e+06 2.81081e+06 3.8913e+06 4.03998e+06 2.72617e+06 2.00802e+06 2.53364e+06
Ftot
 0.135506 0.247345 0.241936 0.381875 0.132906 0.258191 0.581008 0.0950929 0.369011 0.482275 0.110202 0.472589 0.442042 0.74015 0.506263 0.397848 0.256124 0.260138 0.367792 0.325047 0.248274 0.315982 0.187364 0.16543 0.167017 0.135464 0.162914 0.133821 0.132572 0.197758 0.116167
BD_Bspro_t
 0.978552 0.844489 0.683519 0.591958 0.570438 0.642484 0.631872 0.457387 0.514995 0.470884 0.439839 0.661791 0.547532 0.457159 0.349291 0.409146 0.595906 0.566367 0.663993 0.569769 0.546439 0.593912 0.608302 0.598634 0.702191 0.709837 0.716683 0.755411 0.801647 0.732878 0.67448
BD_Bspro
 2.55002 1.70108 0.84394 0.458263 0.472181 0.523145 0.690543 0.411831 0.367502 0.252047 0.167726 0.29313 0.318138 0.26757 0.179297 0.229403 0.788831 0.735884 1.46414 1.11134 1.21852 1.49773 1.41309 1.15099 1.59943 1.31375 1.0781 1.16503 1.64445 1.09907 0.589321
BD_Bo
 1.6828 1.12257 0.55693 0.302415 0.3116 0.345232 0.455701 0.271774 0.242521 0.16633 0.110685 0.193441 0.209945 0.176574 0.118321 0.151387 0.520563 0.485622 0.96621 0.733391 0.804121 0.988376 0.932522 0.759558 1.05549 0.866968 0.711454 0.768823 1.0852 0.725295 0.388903
BD_Brms
 10.3129 6.87958 3.41311 1.85333 1.90962 2.11573 2.79273 1.66555 1.48627 1.01934 0.678328 1.18549 1.28663 1.08212 0.725122 0.927765 3.19023 2.9761 5.92135 4.49454 4.928 6.05719 5.71489 4.6549 6.4685 5.31315 4.36009 4.71168 6.65059 4.44492 2.38337
Sel_flota
 0.792205 0.999977 1 1 1
 0.792205 0.999977 1 1 1
 0.792205 0.999977 1 1 1
 0.792205 0.999977 1 1 1
 0.792205 0.999977 1 1 1
 0.792205 0.999977 1 1 1
 0.792205 0.999977 1 1 1
 0.792205 0.999977 1 1 1
 0.792205 0.999977 1 1 1
 0.792205 0.999977 1 1 1
 0.792205 0.999977 1 1 1
 0.792205 0.999977 1 1 1
 0.792205 0.999977 1 1 1
 0.792205 0.999977 1 1 1
 0.792205 0.999977 1 1 1
 0.792205 0.999977 1 1 1
 0.792205 0.999977 1 1 1
 0.792205 0.999977 1 1 1
 0.792205 0.999977 1 1 1
 0.792205 0.999977 1 1 1
 0.792205 0.999977 1 1 1
 0.792205 0.999977 1 1 1
 0.792205 0.999977 1 1 1
 0.792205 0.999977 1 1 1
 0.792205 0.999977 1 1 1
 0.792205 0.999977 1 1 1
 0.792205 0.999977 1 1 1
 0.792205 0.999977 1 1 1
 0.792205 0.999977 1 1 1
 0.792205 0.999977 1 1 1
 0.792205 0.999977 1 1 1
Sel_reclas
 1 1 1 1 1
 1 1 1 1 1
 1 1 1 1 1
 1 1 1 1 1
 1 1 1 1 1
 1 1 1 1 1
 1 1 1 1 1
 1 1 1 1 1
 1 1 1 1 1
 1 1 1 1 1
 1 1 1 1 1
 1 1 1 1 1
 1 1 1 1 1
 1 1 1 1 1
 1 1 1 1 1
 1 1 1 1 1
 1 1 1 1 1
 1 1 1 1 1
 1 1 1 1 1
 1 1 1 1 1
 1 1 1 1 1
 1 1 1 1 1
 1 1 1 1 1
 1 1 1 1 1
 1 1 1 1 1
 1 1 1 1 1
 1 1 1 1 1
 1 1 1 1 1
 1 1 1 1 1
 1 1 1 1 1
 1 1 1 1 1
Sel_pelaces
 1 1 1 1 1
 1 1 1 1 1
 1 1 1 1 1
 1 1 1 1 1
 1 1 1 1 1
 1 1 1 1 1
 1 1 1 1 1
 1 1 1 1 1
 1 1 1 1 1
 1 1 1 1 1
 1 1 1 1 1
 1 1 1 1 1
 1 1 1 1 1
 1 1 1 1 1
 1 1 1 1 1
 1 1 1 1 1
 1 1 1 1 1
 1 1 1 1 1
 1 1 1 1 1
 1 1 1 1 1
 1 1 1 1 1
 1 1 1 1 1
 1 1 1 1 1
 1 1 1 1 1
 1 1 1 1 1
 1 1 1 1 1
 1 1 1 1 1
 1 1 1 1 1
 1 1 1 1 1
 1 1 1 1 1
 1 1 1 1 1
pf_obs 
 0.8446 0.082 0.0669 0.0065 0
 0.8095 0.147 0.0364 0.0071 0
 0.9664 0.0169 0.016 0.0007 0
 0.9276 0.0648 0.0075 0.0001 0
 0.7033 0.2144 0.0806 0.0017 0
 0.9318 0.0425 0.0243 0.0014 0
 0.5671 0.3108 0.0964 0.0239 0.0018
 0.0768 0.2599 0.5324 0.112 0.0189
 0.490249 0.384438 0.106611 0.0170017 0.00170017
 0.7925 0.1577 0.0466 0.003 0.0002
 0.840416 0.127587 0.0312969 0.00059994 9.999e-05
 0.8084 0.0986 0.0794 0.0134 0.0002
 0.7335 0.1905 0.0724 0.0035 0.0001
 0.4001 0.4547 0.1325 0.0127 0
 0.49795 0.308269 0.164784 0.0264974 0.00249975
 0.9179 0.0499 0.0305 0.0017 0
 0.2467 0.6533 0.0926 0.0074 0
 0.9418 0.0223 0.034 0.0019 0
 0.707729 0.231977 0.0356964 0.0245975 0
 0.517169 0.277429 0.184464 0.0207286 0.00020938
 0.811772 0.124168 0.05621 0.00726502 0.000585176
 0.764997 0.148141 0.077277 0.00933861 0.000247198
 0.163321 0.427699 0.378323 0.0303852 0.000271297
 0.753843 0.0900009 0.118128 0.0371064 0.000921714
 0.721811 0.176058 0.0630433 0.0369309 0.00215725
 0.143369 0.312575 0.442814 0.0836902 0.0175525
 0.692698 0.0596174 0.167031 0.0765114 0.00414204
 0.394062 0.376323 0.152708 0.0712218 0.00568511
 0.125707 0.32114 0.495352 0.0537591 0.00404204
 0.23352 0.215282 0.420074 0.123614 0.00750983
 0 0 0 0 0
pf_pred 
 0.443156 0.12732 0.404403 0.0251192 1.44976e-06
 0.411235 0.297503 0.0665972 0.211525 0.0131395
 0.559455 0.2098 0.116597 0.0260999 0.0880479
 0.720989 0.173802 0.0501042 0.0278448 0.02726
 0.646271 0.273757 0.0498169 0.014361 0.0157942
 0.753404 0.172856 0.0570691 0.0103849 0.00628618
 0.474129 0.42033 0.0739813 0.0244245 0.00713491
 0.458097 0.298549 0.194515 0.034235 0.0146042
 0.548996 0.234127 0.119485 0.0778468 0.0195459
 0.713895 0.176479 0.0569106 0.0290432 0.0236732
 0.822639 0.136588 0.0251504 0.00811024 0.00751252
 0.735499 0.226357 0.0293758 0.00540892 0.00335988
 0.679307 0.25287 0.0580427 0.00753234 0.00224844
 0.626987 0.275584 0.0768244 0.0176334 0.00297141
 0.73689 0.184298 0.0582268 0.0162313 0.00435336
 0.936081 0.050525 0.00938194 0.00296402 0.00104786
 0.365417 0.603539 0.0245396 0.00455659 0.00194848
 0.896819 0.044235 0.0560627 0.00227942 0.000604239
 0.594968 0.372191 0.0140797 0.0178439 0.000917824
 0.609052 0.258077 0.122098 0.00461877 0.00615467
 0.730971 0.180777 0.0582584 0.0275618 0.00243194
 0.73687 0.205138 0.0389688 0.012558 0.00646536
 0.309331 0.543022 0.115108 0.0218657 0.0106742
 0.737633 0.0961621 0.130675 0.0276993 0.00783035
 0.620857 0.297112 0.0300662 0.0408561 0.0111085
 0.430391 0.386455 0.143528 0.0145239 0.0251022
 0.731666 0.132107 0.0924246 0.0343253 0.00947676
 0.684834 0.24531 0.0343923 0.0240609 0.011403
 0.326644 0.495608 0.138351 0.0193963 0.0200006
 0.410738 0.226051 0.267334 0.0746258 0.0212504
 0.843398 0.0742515 0.0315916 0.03736 0.0133987
pobs_RECLAS
 0 0 0 0 0
 0 0 0 0 0
 0 0 0 0 0
 0 0 0 0 0
 0 0 0 0 0
 0 0 0 0 0
 0 0 0 0 0
 0 0 0 0 0
 0 0 0 0 0
 0 0 0 0 0
 0.991045 0.00858322 0.000360255 1.14367e-05 0
 0.934742 0.0480273 0.0164251 0.00080598 0
 0.827803 0.169806 0.00239088 0 0
 0.941827 0.0461693 0.0120037 0 0
 0.791401 0.0380133 0.147996 0.0225897 0
 0.846168 0.0940531 0.0597789 0 0
 0.134021 0.677848 0.182769 0.00536245 0
 0.80878 0.0450904 0.141981 0.00414843 0
 0.846168 0.0940531 0.0597789 0 0
 0.905697 0.0802665 0.012482 0.00150086 5.37128e-05
 0.989698 0.0102097 9.19794e-05 0 0
 0.975433 0.0193895 0.00387452 0.00125025 5.28907e-05
 0.303575 0.632131 0.0575291 0.00676475 0
 0.966965 0.00978017 0.0227588 0.000495775 0
 0.843318 0.132988 0.00938335 0.0141283 0.000182051
 0.564624 0.303363 0.111486 0.0197234 0.00080311
 0.826376 0.0876187 0.0782897 0.00655872 0.00115652
 0.89761 0.0855135 0.0140674 0.00269457 0.000114338
 0.34875 0.467042 0.161289 0.0227151 0.000203297
 0.318654 0.224769 0.449479 0.00709798 0
 0.937255 0.0296025 0.0250945 0.00804832 0
ppred_RECLAS
 0.501786 0.113917 0.361822 0.0224742 1.29711e-06
 0.469828 0.267899 0.0599687 0.190472 0.0118317
 0.617004 0.182396 0.101365 0.0226902 0.0765452
 0.766904 0.145202 0.0418583 0.0232622 0.0227736
 0.69807 0.23367 0.042521 0.0122578 0.0134811
 0.794968 0.143722 0.0474491 0.00863432 0.00522654
 0.535957 0.370913 0.0652818 0.0215524 0.00629591
 0.516661 0.266287 0.173491 0.0305348 0.0130257
 0.607734 0.203637 0.103922 0.0677072 0.0170001
 0.761126 0.147346 0.0475148 0.0242482 0.0197648
 0.854371 0.112152 0.0206504 0.00665911 0.00616833
 0.78021 0.188094 0.0244096 0.00449451 0.00279187
 0.729849 0.213017 0.048894 0.0063451 0.00189404
 0.684088 0.233399 0.0650629 0.0149338 0.0025165
 0.781615 0.152972 0.0483284 0.013472 0.0036133
 0.94912 0.0402183 0.00746791 0.00235932 0.000834082
 0.422212 0.549522 0.0223427 0.00414868 0.00177405
 0.916881 0.0356344 0.0451613 0.00183619 0.000486746
 0.65151 0.320234 0.0121139 0.0153526 0.00078968
 0.664479 0.221489 0.104786 0.00396387 0.005282
 0.775146 0.151094 0.0486914 0.0230357 0.00203257
 0.78066 0.171 0.0324831 0.0104679 0.00538931
 0.362015 0.501602 0.106325 0.0201974 0.00985976
 0.780717 0.0803724 0.109216 0.0231506 0.00654446
 0.674665 0.254948 0.0257988 0.0350572 0.00953182
 0.488812 0.346821 0.128805 0.0130341 0.0225273
 0.775421 0.110567 0.0773527 0.0287278 0.00793137
 0.733321 0.207571 0.0291007 0.0203589 0.00964851
 0.380372 0.456066 0.12731 0.0178483 0.0184044
 0.469028 0.203693 0.240887 0.0672432 0.0191482
 0.872008 0.060687 0.0258197 0.0305342 0.0109507
pobs_PELACES
 0 0 0 0 0
 0 0 0 0 0
 0 0 0 0 0
 0 0 0 0 0
 0 0 0 0 0
 0 0 0 0 0
 0 0 0 0 0
 0 0 0 0 0
 0 0 0 0 0
 0 0 0 0 0
 0 0 0 0 0
 0 0 0 0 0
 0 0 0 0 0
 0 0 0 0 0
 0 0 0 0 0
 0 0 0 0 0
 0.505614 0.472636 0.0217494 0 0
 0 0 0 0 0
 0.443492 0.261883 0.143347 0.151278 0
 0.227955 0.32914 0.350689 0.0885471 0.00366901
 0.970185 0.0296113 0.000203453 0 0
 0.997202 0.00247181 0.000326279 0 0
 0.445219 0.490057 0.0546422 0.010081 0
 0.90214 0.0892962 0.00764917 0.000914606 0
 0 0 0 0 0
 0.581667 0.319106 0.0959925 0.00289975 0.000334073
 0.762889 0.0836404 0.116647 0.0363945 0.000428098
 0.88444 0.0763242 0.0277011 0.0115352 0
 0.521256 0.241999 0.230069 0.00667565 0
 0.616807 0.101726 0.260614 0.0208532 0
 0 0 0 0 0
ppred_PELACES
 0.504109 0.113386 0.360135 0.0223695 1.29106e-06
 0.474055 0.265763 0.0594906 0.188954 0.0117374
 0.620917 0.180533 0.100329 0.0224584 0.0757632
 0.771552 0.142306 0.0410235 0.0227983 0.0223195
 0.699988 0.232186 0.0422509 0.0121799 0.0133955
 0.797839 0.14171 0.0467847 0.00851342 0.00515336
 0.54585 0.363006 0.0638899 0.0210929 0.00616167
 0.518289 0.26539 0.172907 0.0304319 0.0129819
 0.613749 0.200514 0.102328 0.0666688 0.0167394
 0.767087 0.14367 0.0463291 0.0236431 0.0192716
 0.855308 0.11143 0.0205174 0.00661623 0.00612862
 0.785716 0.183382 0.023798 0.0043819 0.00272192
 0.735784 0.208338 0.0478199 0.0062057 0.00185243
 0.694952 0.225373 0.0628252 0.0144202 0.00242995
 0.787482 0.148862 0.0470298 0.01311 0.00351621
 0.950422 0.0391897 0.00727689 0.00229898 0.000812747
 0.426502 0.545442 0.0221768 0.00411787 0.00176087
 0.918231 0.035056 0.0444282 0.00180638 0.000478843
 0.657213 0.314993 0.0119156 0.0151013 0.000776754
 0.66943 0.218221 0.10324 0.00390537 0.00520405
 0.778099 0.14911 0.0480518 0.0227331 0.00200587
 0.784347 0.168125 0.031937 0.0102919 0.0052987
 0.364988 0.499266 0.10583 0.0201033 0.00981381
 0.782652 0.079663 0.108252 0.0229462 0.00648668
 0.677173 0.252982 0.0255999 0.0347869 0.00945831
 0.491133 0.345247 0.12822 0.0129749 0.022425
 0.777361 0.109612 0.0766847 0.0284797 0.00786287
 0.735111 0.206178 0.0289053 0.0202222 0.00958372
 0.382516 0.454487 0.126869 0.0177865 0.0183407
 0.472406 0.202398 0.239354 0.0668153 0.0190263
 0.872895 0.0602668 0.0256409 0.0303228 0.0108749
pobs_pel_tallas
 0 0 0 0 0 0 0 0 0 0 0 0 0 0 0 0 0 0 0 0 0 0 0 0 0 0
 0 0 0 0 0 0 0 0 0 0 0 0 0 0 0 0 0 0 0 0 0 0 0 0 0 0
 0 0 0 0 0 0 0 0 0 0 0 0 0 0 0 0 0 0 0 0 0 0 0 0 0 0
 0 0 0 0 0 0 0 0 0 0 0 0 0 0 0 0 0 0 0 0 0 0 0 0 0 0
 0 0 0 0 0 0 0 0 0 0 0 0 0 0 0 0 0 0 0 0 0 0 0 0 0 0
 0 0 0 0 0 0 0 0 0 0 0 0 0 0 0 0 0 0 0 0 0 0 0 0 0 0
 0 0 0 0 0 0 0 0 0 0 0 0 0 0 0 0 0 0 0 0 0 0 0 0 0 0
 0 0 0 0 0 0 0 0 0 0 0 0 0 0 0 0 0 0 0 0 0 0 0 0 0 0
 0 0 0 0 0 0 0 0 0 0 0 0 0 0 0 0 0 0 0 0 0 0 0 0 0 0
 0 0 0 0 0 0 0 0 0 0 0 0 0 0 0 0 0 0 0 0 0 0 0 0 0 0
 0 0 0 0 0 0 0 0 0 0 0 0 0 0 0 0 0 0 0 0 0 0 0 0 0 0
 0 0 0 0 0 0 0 0 0 0 0 0 0 0 0 0 0 0 0 0 0 0 0 0 0 0
 0.00862536 0 0 0.000197151 0.00414017 0.0128641 0.00837892 0.0270097 0.101434 0.158115 0.152841 0.127902 0.109271 0.109419 0.0830992 0.0579132 0.0238553 0.00714673 0.00463305 0.00128148 0.00103504 0.000492878 0.000147863 0.000147863 4.92878e-05 0
 0 0 0 0 0 0 0 0 0 0 0 0 0 0 0 0 0 0 0 0 0 0 0 0 0 0
 0 0 0 0 0 0 0 0.0054083 0.00873648 0.0413646 0.0450493 0.0745869 0.0622846 0.0627006 0.0613931 0.0827291 0.12552 0.122667 0.0946155 0.0697135 0.0546179 0.0294188 0.0215738 0.0213955 0.0102223 0.00600262
 0 0 0 0 0.00359764 0.0251062 0.0480494 0.140153 0.205849 0.193036 0.1447 0.116669 0.0760912 0.0342217 0.00950174 0.001854 0.000860785 0 0 0 0.000165536 0 0.000143464 0 0 0
 0 0 0 0 0 0 0 0.000145254 0.000435761 0.0275982 0.070085 0.0708112 0.156366 0.174668 0.174014 0.160142 0.0824315 0.0480064 0.0283245 0.00493863 0.00203355 0 0 0 0 0
 0 0 0 0 0 0 0 0 0 0 0 0 0 0 0 0 0 0 0 0 0 0 0 0 0 0
 0 0 1.00437e-05 0.000401748 0.00122533 0.00171747 0.00176769 0.0269171 0.070346 0.194647 0.189555 0.159765 0.064822 0.0314167 0.0384472 0.0292271 0.0345202 0.0313363 0.0194345 0.0106764 0.0143323 0.0359363 0.0279516 0.0138201 0.00172751 0
 0 0.0021121 0.0136068 0.0755702 0.200478 0.177729 0.0527432 0.0373336 0.0318909 0.0142505 0.0149659 0.0166563 0.0217959 0.0798694 0.0677717 0.0528807 0.04013 0.0224614 0.0357745 0.0225083 0.00881397 0.00855152 0.00135912 0.000746735 0 0
 0 0 0 0 5.4009e-05 0.00500934 0.000945158 0.0243581 0.138947 0.33067 0.221406 0.137944 0.0707744 0.0437923 0.0131692 0.00525238 0.0047753 0.00276346 9.45158e-05 9.00151e-06 2.25038e-05 9.00151e-06 4.50075e-06 0 0 0
 0.000866109 0.00284123 0.00948549 0.0512746 0.133035 0.25785 0.225252 0.132002 0.0553304 0.0519788 0.0540692 0.017754 0.00435017 0.00159236 0.00146478 0.000404838 0.000125132 0.000115318 0.000107957 0.000100596 0 0 0 0 0 0
 0 0 0 0 0.00144013 0.00171154 0.00461396 0.0210425 0.0478622 0.0707936 0.0888783 0.103762 0.0637923 0.0337046 0.0602308 0.124433 0.169614 0.0934646 0.0462172 0.0250306 0.0313229 0.00938855 0.002487 0.000210481 0 0
 0 0.00764035 0.051015 0.0998891 0.058973 0.0496711 0.0374665 0.0718981 0.12319 0.153886 0.159021 0.0857701 0.0377988 0.023471 0.0147837 0.00900784 0.00315554 0.000888139 0.00291439 0.00214683 0.00393193 0.00274676 0.000635225 9.99891e-05 0 0
 0 0 0 0 0 0 0 0 0 0 0 0 0 0 0 0 0 0 0 0 0 0 0 0 0 0
 0 0 0 0 0 0 0 0 0 0 0 0 0 0 0 0 0 0 0 0 0 0 0 0 0 0
 0 0 0 0 0 0 0 0 0 0 0 0 0 0 0 0 0 0 0 0 0 0 0 0 0 0
 0 0 0 0 0 0 0 0 0 0 0 0 0 0 0 0 0 0 0 0 0 0 0 0 0 0
 0 0 0 0 0 0 0 0 0 0 0 0 0 0 0 0 0 0 0 0 0 0 0 0 0 0
 0 0 0 0 0 0 0 0 0 0 0 0 0 0 0 0 0 0 0 0 0 0 0 0 0 0
 0 0 0 0 0 0 0 0 0 0 0 0 0 0 0 0 0 0 0 0 0 0 0 0 0 0
ppred_pel_tallas
 1.12666e-16 4.15228e-05 0.000403616 0.00268217 0.0121928 0.0379363 0.0808278 0.117973 0.117984 0.080884 0.0381268 0.0127499 0.00410637 0.0035978 0.00635685 0.0110913 0.017478 0.025104 0.0334571 0.0421142 0.0506577 0.0583158 0.063748 0.0653874 0.0622373 0.0545461
 1.22721e-16 3.90473e-05 0.000379554 0.00252227 0.0114659 0.0356748 0.0760099 0.110944 0.11097 0.0761356 0.0360972 0.0126874 0.00559427 0.00710614 0.0128774 0.0214038 0.0312742 0.0403424 0.0465339 0.0491148 0.0492036 0.0489694 0.0500999 0.0527196 0.0554534 0.0563818
 1.18016e-16 5.11441e-05 0.000497139 0.00330366 0.015018 0.0467266 0.0995567 0.14531 0.145327 0.0996424 0.047015 0.0158526 0.00540565 0.00510909 0.00887971 0.0147853 0.0217414 0.0283105 0.0330866 0.0355055 0.0361813 0.0364036 0.0371909 0.0386529 0.0400578 0.0403899
 1.07284e-16 6.35518e-05 0.000617746 0.00410514 0.0186614 0.0580625 0.123709 0.18056 0.180573 0.123776 0.0582885 0.0193145 0.00574693 0.00420939 0.0069077 0.0113812 0.0165395 0.0211294 0.0239319 0.0244252 0.0230982 0.0210902 0.0194441 0.0185557 0.0181518 0.0176574
 1.04768e-16 5.76571e-05 0.000560448 0.00372437 0.0169305 0.0526771 0.112235 0.163815 0.163837 0.112344 0.0530446 0.0179923 0.00639072 0.00638433 0.0111279 0.0183315 0.0264645 0.033417 0.0370816 0.0365 0.0324295 0.0268092 0.0215684 0.017706 0.0151785 0.0133922
 1.03113e-16 6.5717e-05 0.000638792 0.004245 0.0192972 0.0600407 0.127924 0.186711 0.186725 0.127991 0.0602657 0.0199476 0.00587977 0.0042145 0.00687723 0.0113193 0.0164258 0.0209205 0.0235433 0.023706 0.0218158 0.0189451 0.01613 0.013861 0.0120676 0.0104434
 1.05095e-16 4.4961e-05 0.000437037 0.00290427 0.0132024 0.0410777 0.0875217 0.127748 0.127783 0.0876928 0.0416522 0.0148621 0.00707153 0.00953812 0.0173412 0.0286283 0.0413093 0.0521049 0.0576988 0.0565634 0.0498543 0.0405873 0.0317881 0.0250654 0.020437 0.0170863
 1.10307e-16 4.26908e-05 0.00041497 0.00275762 0.0125358 0.0390036 0.0831022 0.121296 0.121321 0.0832284 0.0394278 0.0137639 0.00585108 0.00720323 0.0130382 0.0217578 0.0319716 0.0415308 0.0482379 0.0510362 0.0505197 0.048275 0.0456424 0.0429517 0.0397155 0.0353749
 1.12524e-16 5.05538e-05 0.000491401 0.00326553 0.0148446 0.0461873 0.0984076 0.143633 0.143652 0.0985028 0.0465073 0.0157707 0.00559713 0.00560491 0.00983244 0.0163626 0.0240145 0.031164 0.036201 0.0384331 0.0384646 0.0376522 0.0370837 0.0369116 0.0364681 0.0348972
 1.07007e-16 6.31839e-05 0.00061417 0.00408138 0.0185534 0.0577265 0.122993 0.179515 0.179528 0.123061 0.0579547 0.0192133 0.00574052 0.00424486 0.00698481 0.0115178 0.0167557 0.0214402 0.0243438 0.0249338 0.0236853 0.0217178 0.0200501 0.01906 0.0184749 0.0177471
 1.02322e-16 7.04506e-05 0.000684805 0.00455077 0.0206872 0.0643655 0.137138 0.200159 0.20017 0.13719 0.0645419 0.0211968 0.00583054 0.00348019 0.00538435 0.00880325 0.0127068 0.0160494 0.0178183 0.0175545 0.0156213 0.0129476 0.0104559 0.00862071 0.00741673 0.00655635
 1.01634e-16 6.47184e-05 0.000629086 0.0041805 0.0190039 0.0591284 0.12598 0.183875 0.183893 0.126066 0.0594183 0.0198413 0.00628208 0.00521624 0.00877475 0.0143992 0.0207248 0.0260374 0.0286343 0.0277289 0.0239137 0.0187536 0.0138492 0.0100985 0.00758268 0.00592387
 1.0237e-16 6.06056e-05 0.000589108 0.00391483 0.0177963 0.0553709 0.117974 0.172191 0.172211 0.118072 0.0557009 0.0187499 0.00630986 0.00582188 0.0100114 0.0164881 0.0238224 0.0301148 0.0334627 0.0329736 0.0292707 0.0240252 0.0189152 0.0148365 0.0118253 0.00949122
 1.03729e-16 5.72423e-05 0.000556415 0.00369758 0.0168087 0.0522981 0.111427 0.162636 0.162658 0.111534 0.0526555 0.0178417 0.00629313 0.00623062 0.0108574 0.017921 0.0259557 0.032944 0.0368594 0.0367547 0.0332917 0.0282237 0.0232729 0.0192999 0.0162538 0.0136711
 1.03306e-16 6.48639e-05 0.0006305 0.00418989 0.0190467 0.0592613 0.126263 0.184288 0.184302 0.126333 0.0594976 0.0197298 0.0059067 0.00438539 0.00721696 0.0118833 0.0172409 0.0219525 0.0246958 0.0248575 0.0228722 0.0198741 0.0169549 0.0146251 0.0127971 0.0111311
 1.00589e-16 7.8285e-05 0.000760958 0.00505683 0.0229876 0.0715231 0.152388 0.222415 0.222419 0.152406 0.0715851 0.0231669 0.00550687 0.00174392 0.00194666 0.00309843 0.00446555 0.00563616 0.00624865 0.00613827 0.00542931 0.00444569 0.0035115 0.00279764 0.0023039 0.00194132
 1.01491e-16 3.51305e-05 0.000341481 0.00226927 0.0103158 0.0320965 0.068387 0.0998238 0.0998762 0.0686434 0.0329571 0.0128004 0.0085016 0.013932 0.0258028 0.042488 0.0609353 0.0760652 0.0827247 0.0785376 0.0653502 0.0480492 0.0317392 0.0194441 0.0116413 0.00724263
 1.01554e-16 7.56334e-05 0.000735184 0.00488556 0.022209 0.0691006 0.147226 0.214882 0.214885 0.147243 0.0691573 0.0223736 0.0053016 0.00165306 0.00184707 0.00300719 0.00449467 0.00600449 0.00726762 0.00813839 0.00863778 0.00886434 0.00885834 0.00855315 0.00785225 0.0067473
 1.02071e-16 5.41339e-05 0.0005262 0.00349679 0.0158959 0.0494582 0.105377 0.153807 0.153838 0.105525 0.0499553 0.017331 0.00709682 0.00837741 0.0149426 0.0245594 0.0352392 0.0440366 0.0479955 0.04577 0.0384485 0.0288582 0.0199202 0.0133167 0.00923142 0.00694255
 1.04308e-16 5.51401e-05 0.000535981 0.00356179 0.0161914 0.0503775 0.107335 0.156663 0.156685 0.107439 0.0507249 0.0171962 0.0060893 0.00607105 0.0106183 0.0175994 0.025654 0.0328954 0.0374097 0.0382679 0.0360019 0.0321005 0.027977 0.0242635 0.0208563 0.0174308
 1.04045e-16 6.4091e-05 0.000622988 0.00413997 0.0188197 0.0585552 0.124759 0.182092 0.182106 0.124829 0.058792 0.0195043 0.00586078 0.00438756 0.0072375 0.0119266 0.0173237 0.0221028 0.0249563 0.0252866 0.0235389 0.0208424 0.0182599 0.0162489 0.0146566 0.0130871
 1.02894e-16 6.46057e-05 0.00062799 0.00417322 0.0189708 0.0590254 0.12576 0.183554 0.183571 0.12584 0.0592916 0.0197398 0.00610429 0.0048461 0.00808315 0.0132811 0.0191738 0.0242152 0.0268751 0.0264527 0.0234847 0.0193605 0.0154645 0.0125178 0.0105026 0.00901947
 1.06859e-16 3.00636e-05 0.000292229 0.00194197 0.00882794 0.0274673 0.0585237 0.0854271 0.0854753 0.0587591 0.0282579 0.0111124 0.00767912 0.0128256 0.0238599 0.0394674 0.0570142 0.0720376 0.0799903 0.0787569 0.0698735 0.0573992 0.0453997 0.0360276 0.0293187 0.0242353
 1.06544e-16 6.44661e-05 0.000626633 0.0041642 0.0189298 0.0588978 0.125488 0.183155 0.183163 0.125527 0.0590271 0.0193053 0.00511427 0.00272618 0.00412692 0.00691715 0.0104184 0.0140672 0.0173136 0.0198793 0.0218394 0.0233924 0.0245332 0.0249473 0.0242193 0.0221563
 1.05893e-16 5.57779e-05 0.000542181 0.00360299 0.0163787 0.0509602 0.108577 0.158477 0.158501 0.108696 0.0513602 0.0175338 0.00650259 0.00687206 0.0120781 0.0198831 0.0286519 0.0360773 0.0398651 0.0390033 0.0343877 0.0282259 0.0227 0.0189152 0.0167488 0.0154044
 1.08885e-16 4.04541e-05 0.000393228 0.00261314 0.011879 0.0369601 0.0787486 0.114943 0.114976 0.0789119 0.0375087 0.0134651 0.0066008 0.00911873 0.0166717 0.0276544 0.0402 0.0513214 0.0579782 0.0587453 0.0545929 0.0480796 0.0416554 0.0364443 0.0322317 0.0282664
 1.06428e-16 6.40302e-05 0.000622396 0.00413604 0.0188019 0.0584996 0.12464 0.181918 0.181929 0.124692 0.0586751 0.0193102 0.0054172 0.00343642 0.00545933 0.00905837 0.0133599 0.0174724 0.0205271 0.022127 0.0225376 0.0223932 0.0221718 0.0218835 0.021177 0.0196912
 1.04537e-16 6.05502e-05 0.000588569 0.00391125 0.01778 0.0553203 0.117866 0.172034 0.172053 0.117964 0.0556464 0.0187222 0.00627661 0.00575358 0.00987434 0.0162414 0.0234242 0.0295361 0.0327061 0.0320973 0.0284121 0.0234121 0.0188432 0.0155983 0.0136054 0.012273
 1.08665e-16 3.15075e-05 0.000306264 0.00203523 0.0092519 0.0287863 0.061334 0.0895279 0.0895718 0.0615485 0.0295071 0.0113351 0.00726916 0.0117481 0.0218091 0.0361291 0.0523324 0.0664177 0.074305 0.0740911 0.0671251 0.0569657 0.0471134 0.0393233 0.0334903 0.0286449
 1.1688e-16 3.89115e-05 0.000378234 0.0025135 0.011426 0.0355507 0.0757452 0.110556 0.110576 0.0758424 0.035878 0.0123761 0.00491554 0.00567891 0.0102738 0.0173641 0.0260463 0.0349378 0.0426166 0.0483977 0.0525757 0.0558395 0.0583902 0.0595824 0.0583737 0.0541259
 1.05637e-16 7.18992e-05 0.000698886 0.00464434 0.0211125 0.0656889 0.139957 0.204273 0.204279 0.139986 0.065785 0.0213907 0.00534458 0.0022345 0.00300945 0.00491877 0.00721864 0.00938611 0.0109552 0.0117524 0.0120027 0.0121511 0.0125317 0.0131456 0.0136903 0.0137718
pSPR Fmed_Fpbrs
0.637443   0.213174 0.213174
Fs Fmed_Fpbrs
0.244169   1.005 1.005
SSBpbr Bo_Bmed_Bpbrs
1.86034e+06  1.09285e+06  303559 303559
Ro
172410
SPR SPRFo_SPRFmed_SPRFpbrs
1.22767e+06 782571 261708
Fref
1.005
log_Ro
11.8776
likeval ReclasPelacesDesembMPH_pf_preclas_ppelaces_ptallas_desvR_qrecl_qpela
 13.1497 17.4939 0.0492119 0.000822892 228.91 120.884 82.3499 0 25.2232 4.46421e-07 0 0.251412 0 0 0
q_reclas_q_pelaces
0.909665 1
M
1
N
 195135 44927.9 142700 8863.7 0.511572
 110212 64479.1 14433.6 45843.8 2847.71
 109949 33329.9 18522.8 4146.29 13987.4
 169512 33393.3 9626.55 5349.84 5237.47
 135776 46080.9 8385.38 2417.3 2658.55
 242091 44957.3 14842.5 2700.89 1634.91
 98741.5 72586.3 12775.5 4217.77 1232.1
 44042.8 22925 14936.1 2628.78 1121.4
 43159.1 15026.7 7668.62 4996.25 1254.47
 58234.4 11852.8 3822.2 1950.58 1589.92
 110110 14620.4 2692.03 868.099 804.12
 146599 37120.8 4817.31 887.005 550.983
 121371 37088.7 8513.04 1104.76 329.775
 85380.2 31458.4 8769.51 2012.86 339.187
 84713.7 17474.8 5520.86 1539 412.77
 472528 20867.9 3874.87 1224.18 432.779
 94894.9 126839 5157.1 957.588 409.481
 713733 28498.9 36118.3 1468.51 389.281
 418409 213669 8082.77 10243.7 526.898
 333604 115018 54415.2 2058.43 2742.93
 474284 94864.7 30571 14463 1276.16
 633191 143326 27226.3 8773.87 4517.14
 128363 181354 38441.9 7302.38 3564.79
 388693 40708.4 55317.6 11725.7 3314.75
 326210 125428 12692.5 17247.4 4689.45
 146105 105133 39045.2 3951.09 6828.81
 332910 48279.6 33776.6 12544.2 3463.29
 375034 107642 15091 10557.7 5003.52
 102079 124090 34639.5 4856.3 5007.62
 76265.6 33808.8 39982.2 11161 3178.19
 340548 23988.1 10205.9 12069.4 4328.56
pred_Ctot
 12666 3638.97 11558.4 717.938 0.0414361
 12596.5 9112.82 2039.94 6479.24 402.475
 12313 4617.45 2566.16 574.429 1937.83
 28668 6910.71 1992.24 1107.17 1083.91
 8651.28 3664.64 666.872 192.243 211.429
 28783.3 6603.84 2180.28 396.746 240.159
 23897.3 21185.7 3728.84 1231.06 359.617
 2032.74 1324.77 863.131 151.913 64.804
 7081.67 3020.07 1541.27 1004.17 252.129
 12056.8 2980.5 961.15 490.503 399.811
 5860.5 973.059 179.172 57.7776 53.5194
 29830.9 9180.77 1191.45 219.38 136.273
 23320.1 8680.81 1992.56 258.579 77.1871
 25099.3 11032.1 3075.41 705.896 118.951
 18276.3 4570.96 1444.14 402.568 107.972
 82843 4471.46 830.3 262.315 92.7352
 11199.5 18497.7 752.104 139.653 59.7182
 85445.8 4214.56 5341.46 217.175 57.5699
 68453 42821.7 1619.91 2053 105.599
 48887.6 20715.4 9800.65 370.741 494.026
 54395.5 13452.6 4335.32 2051.03 180.974
 90460.7 25183.4 4783.95 1541.66 793.71
 11329.1 19887.9 4215.77 800.823 390.936
 30504.2 3976.7 5403.96 1145.48 323.817
 25833.1 12362.5 1251.02 1699.97 462.211
 9480.72 8512.88 3161.65 319.935 552.955
 25750.1 4649.35 3252.77 1208.04 333.523
 24053.6 8616.09 1207.97 845.098 400.51
 6488.52 9844.86 2748.24 385.292 397.297
 7080.76 3896.92 4608.6 1286.48 366.338
 19069.5 1678.85 714.294 844.719 302.949
F
 0.107348 0.135503 0.135506 0.135506 0.135506
 0.195948 0.247339 0.247345 0.247345 0.247345
 0.191663 0.24193 0.241936 0.241936 0.241936
 0.302523 0.381866 0.381875 0.381875 0.381875
 0.105289 0.132903 0.132906 0.132906 0.132906
 0.20454 0.258185 0.258191 0.258191 0.258191
 0.460278 0.580995 0.581008 0.581008 0.581008
 0.0753331 0.0950906 0.0950929 0.0950929 0.0950929
 0.292333 0.369003 0.369011 0.369011 0.369011
 0.382061 0.482264 0.482275 0.482275 0.482275
 0.0873025 0.110199 0.110202 0.110202 0.110202
 0.374388 0.472578 0.472589 0.472589 0.472589
 0.350188 0.442032 0.442042 0.442042 0.442042
 0.586351 0.740133 0.74015 0.74015 0.74015
 0.401064 0.506252 0.506263 0.506263 0.506263
 0.315178 0.397839 0.397848 0.397848 0.397848
 0.202903 0.256118 0.256124 0.256124 0.256124
 0.206083 0.260132 0.260138 0.260138 0.260138
 0.291367 0.367784 0.367792 0.367792 0.367792
 0.257504 0.325039 0.325047 0.325047 0.325047
 0.196684 0.248269 0.248274 0.248274 0.248274
 0.250323 0.315975 0.315982 0.315982 0.315982
 0.148431 0.18736 0.187364 0.187364 0.187364
 0.131054 0.165426 0.16543 0.16543 0.16543
 0.132312 0.167014 0.167017 0.167017 0.167017
 0.107315 0.135461 0.135464 0.135464 0.135464
 0.129062 0.162911 0.162914 0.162914 0.162914
 0.106014 0.133818 0.133821 0.133821 0.133821
 0.105024 0.132568 0.132572 0.132572 0.132572
 0.156665 0.197754 0.197758 0.197758 0.197758
 0.0920283 0.116165 0.116167 0.116167 0.116167
nmprior
 8 9 7.5 0
nm_flota  nm_reclas  nm_pelaces    nm_pelaL
inf 13.2985 15.6262 27.0784
cv_recla  cv_pelaces  cv_mph
0.328007 0.492162 0.885272
 ------------------------------------------------
Talla a la edad & desviación 
 8 13.2811 15.8009 17.003 17.5766
 0.8 1.32811 1.58009 1.7003 1.75766
