years
 1991 1992 1993 1994 1995 1996 1997 1998 1999 2000 2001 2002 2003 2004 2005 2006 2007 2008 2009 2010 2011 2012 2013 2014 2015 2016 2017 2018 2019 2020 2021
reclasobs
 0 0 0 0 0 0 0 0 0 252601 567819 844713 477998 351125 339783 2.1784e+06 2.13404e+06 4.81314e+06 1.55562e+06 2.62356e+06 3.21686e+06 3.843e+06 1.13348e+06 3.07943e+06 1.97215e+06 2.03268e+06 2.025e+06 2.42433e+06 2.27542e+06 1.05018e+06 2.36338e+06
reclaspred
 2.0881e+06 1.13884e+06 538481 269631 117034 916745 386004 214855 146701 186001 349776 517785 496794 345217 310224 1.24512e+06 992863 2.87101e+06 2.29094e+06 1.51519e+06 2.78106e+06 2.33559e+06 1.58994e+06 2.65975e+06 1.88566e+06 1.47387e+06 1.9736e+06 2.43319e+06 1.85816e+06 902316 900546
pelacesobs
 0 0 0 0 0 0 0 0 0 0 0 0 0 0 0 552880 188675 0 991730 2.46772e+06 1.41603e+06 1.21717e+06 2.29649e+06 1.80582e+06 0 1.4828e+06 1.56532e+06 1.57751e+06 1.42118e+06 867257 0
pelacespred
 935924 536353 242949 85719.2 39649.7 400162 123929 101279 51329.2 71951.9 156109 196827 209674 146634 134878 482526 387132 1.33875e+06 1.06682e+06 656963 1.19535e+06 1.04463e+06 715551 1.34393e+06 907463 707041 1.0907e+06 1.31404e+06 831938 469363 425177
mphobs
 0 0 0 0 0 0 0 0 0 0 0 498337 0 5186 125008 0 168611 109162 213762 579715 649985 157893 87575 83554 0 0 0 0 0 0 0
mphpred
 1.93834e+06 1.11592e+06 544369 254949 94484.9 53725.3 464851 154741 89746.4 47747.4 76218.2 234892 271485 209467 115769 137592 807262 593062 1.64518e+06 1.15005e+06 1.07695e+06 1.42862e+06 1.39907e+06 969512 1.4956e+06 1.14529e+06 822954 1.02721e+06 1.69227e+06 1.00408e+06 393638
desembarqueobs
 494567 514787 250237 358949 120608 361735 552515 73892 212993 205616 52469 317467 293654 387597 252695 516296 358380 742168 942051 627588 828172 859565 418607 520667 417249 300574 407403 355545 319650 289779 219260
desembarquepred
 494531 514925 249618 358904 120580 361599 552047 73882.9 212877 205530 52467.1 317380 293556 387306 252566 516083 358342 741894 941393 627122 828007 859220 418515 520596 417151 300502 407313 355465 319579 289704 219242
Reclutas
 96090.1 116875 70865.9 42133.1 24919.3 266556 37975.7 11675 25789.7 64587.9 88934 131092 100708 69497.3 60438.4 449544 41855.5 735669 346539 238962 427247 566268 59286.1 333873 237026 85200.2 279812 346074 48387.7 29431.9 142851
log_desv_Rt
 -0.132609 0.0632079 -0.437106 -0.957061 -1.48225 0.887691 -1.06095 -2.24045 -1.44792 -0.529867 -0.21 0.178006 -0.0856726 -0.456607 -0.59627 1.41034 -0.963672 1.90289 1.1501 0.778411 1.35947 1.64117 -0.615519 1.11287 0.770273 -0.252891 0.936223 1.14876 -0.818649 -1.31582 0.263904
SSB
 1.93834e+06 1.11592e+06 544369 254949 94484.9 53725.3 464851 154741 89746.4 47747.4 76218.2 234892 271485 209467 115769 137592 807262 593062 1.64518e+06 1.15005e+06 1.07695e+06 1.42862e+06 1.39907e+06 969512 1.4956e+06 1.14529e+06 822954 1.02721e+06 1.69227e+06 1.00408e+06 393638
BT
 2.59286e+06 1.74863e+06 801572 496950 193576 1.24192e+06 766964 301098 321857 360439 403675 715387 747473 738070 564629 1.52586e+06 1.17476e+06 3.75258e+06 3.35616e+06 2.09652e+06 3.43118e+06 3.21057e+06 2.01464e+06 3.58775e+06 2.48737e+06 1.90226e+06 2.93755e+06 3.38748e+06 2.18508e+06 1.3836e+06 1.18514e+06
Ftot
 0.23782 0.463624 0.470683 1.28031 1.07201 0.580954 1.30939 0.36943 1.62367 1.40926 0.209847 0.734029 0.686891 1.27592 1.0337 0.597756 0.369215 0.355522 0.460628 0.461569 0.360623 0.436161 0.268257 0.250048 0.245388 0.218501 0.263413 0.190232 0.171874 0.317492 0.308733
BD_Bspro_t
 0.962927 0.746012 0.534355 0.378418 0.181331 0.150238 0.479306 0.204035 0.171368 0.123854 0.221422 0.534191 0.440392 0.340638 0.21943 0.256523 0.54753 0.462098 0.639817 0.524058 0.466171 0.534379 0.559229 0.510168 0.644239 0.638642 0.619457 0.69344 0.772675 0.67053 0.538341
BD_Bspro
 2.48108 1.42838 0.696792 0.326335 0.120941 0.0687684 0.595009 0.198068 0.114875 0.0611167 0.0975593 0.300662 0.347501 0.268118 0.148184 0.176118 1.0333 0.75912 2.10583 1.47207 1.37849 1.82864 1.79081 1.24098 1.91437 1.46597 1.05338 1.31483 2.16611 1.28522 0.503856
BD_Bo
 1.17772 0.678023 0.330753 0.154905 0.0574082 0.032643 0.282439 0.0940189 0.0545291 0.0290109 0.0463095 0.142718 0.164952 0.12727 0.0703402 0.0835997 0.490485 0.360339 0.999596 0.698763 0.654344 0.868019 0.850063 0.589067 0.908712 0.695869 0.500019 0.624126 1.02821 0.61007 0.239171
BD_Brms
 5.61917 3.235 1.5781 0.739085 0.273907 0.155747 1.34758 0.448586 0.26017 0.138417 0.220953 0.680941 0.787022 0.607235 0.335609 0.398873 2.34021 1.71926 4.7693 3.33395 3.12202 4.14151 4.05584 2.81057 4.33567 3.32015 2.3857 2.97784 4.90582 2.91078 1.14114
Sel_flota
 0.608356 0.967228 0.99822 0.999906 0.999995
 0.608356 0.967228 0.99822 0.999906 0.999995
 0.608356 0.967228 0.99822 0.999906 0.999995
 0.608356 0.967228 0.99822 0.999906 0.999995
 0.608356 0.967228 0.99822 0.999906 0.999995
 0.608356 0.967228 0.99822 0.999906 0.999995
 0.608356 0.967228 0.99822 0.999906 0.999995
 0.608356 0.967228 0.99822 0.999906 0.999995
 0.608356 0.967228 0.99822 0.999906 0.999995
 0.608356 0.967228 0.99822 0.999906 0.999995
 0.608356 0.967228 0.99822 0.999906 0.999995
 0.608356 0.967228 0.99822 0.999906 0.999995
 0.608356 0.967228 0.99822 0.999906 0.999995
 0.608356 0.967228 0.99822 0.999906 0.999995
 0.608356 0.967228 0.99822 0.999906 0.999995
 0.608356 0.967228 0.99822 0.999906 0.999995
 0.608356 0.967228 0.99822 0.999906 0.999995
 0.608356 0.967228 0.99822 0.999906 0.999995
 0.608356 0.967228 0.99822 0.999906 0.999995
 0.608356 0.967228 0.99822 0.999906 0.999995
 0.608356 0.967228 0.99822 0.999906 0.999995
 0.608356 0.967228 0.99822 0.999906 0.999995
 0.608356 0.967228 0.99822 0.999906 0.999995
 0.608356 0.967228 0.99822 0.999906 0.999995
 0.608356 0.967228 0.99822 0.999906 0.999995
 0.608356 0.967228 0.99822 0.999906 0.999995
 0.608356 0.967228 0.99822 0.999906 0.999995
 0.608356 0.967228 0.99822 0.999906 0.999995
 0.608356 0.967228 0.99822 0.999906 0.999995
 0.608356 0.967228 0.99822 0.999906 0.999995
 0.608356 0.967228 0.99822 0.999906 0.999995
Sel_reclas
 1 1 1 1 1
 1 1 1 1 1
 1 1 1 1 1
 1 1 1 1 1
 1 1 1 1 1
 1 1 1 1 1
 1 1 1 1 1
 1 1 1 1 1
 1 1 1 1 1
 1 1 1 1 1
 1 1 1 1 1
 1 1 1 1 1
 1 1 1 1 1
 1 1 1 1 1
 1 1 1 1 1
 1 1 1 1 1
 1 1 1 1 1
 1 1 1 1 1
 1 1 1 1 1
 1 1 1 1 1
 1 1 1 1 1
 1 1 1 1 1
 1 1 1 1 1
 1 1 1 1 1
 1 1 1 1 1
 1 1 1 1 1
 1 1 1 1 1
 1 1 1 1 1
 1 1 1 1 1
 1 1 1 1 1
 1 1 1 1 1
Sel_pelaces
 1 1 1 1 1
 1 1 1 1 1
 1 1 1 1 1
 1 1 1 1 1
 1 1 1 1 1
 1 1 1 1 1
 1 1 1 1 1
 1 1 1 1 1
 1 1 1 1 1
 1 1 1 1 1
 1 1 1 1 1
 1 1 1 1 1
 1 1 1 1 1
 1 1 1 1 1
 1 1 1 1 1
 1 1 1 1 1
 1 1 1 1 1
 1 1 1 1 1
 1 1 1 1 1
 1 1 1 1 1
 1 1 1 1 1
 1 1 1 1 1
 1 1 1 1 1
 1 1 1 1 1
 1 1 1 1 1
 1 1 1 1 1
 1 1 1 1 1
 1 1 1 1 1
 1 1 1 1 1
 1 1 1 1 1
 1 1 1 1 1
pf_obs 
 0.8446 0.082 0.0669 0.0065 0
 0.8095 0.147 0.0364 0.0071 0
 0.9664 0.0169 0.016 0.0007 0
 0.9276 0.0648 0.0075 0.0001 0
 0.7033 0.2144 0.0806 0.0017 0
 0.9318 0.0425 0.0243 0.0014 0
 0.5671 0.3108 0.0964 0.0239 0.0018
 0.0768 0.2599 0.5324 0.112 0.0189
 0.490249 0.384438 0.106611 0.0170017 0.00170017
 0.7925 0.1577 0.0466 0.003 0.0002
 0.840416 0.127587 0.0312969 0.00059994 9.999e-05
 0.8084 0.0986 0.0794 0.0134 0.0002
 0.7335 0.1905 0.0724 0.0035 0.0001
 0.4001 0.4547 0.1325 0.0127 0
 0.49795 0.308269 0.164784 0.0264974 0.00249975
 0.9179 0.0499 0.0305 0.0017 0
 0.2467 0.6533 0.0926 0.0074 0
 0.9418 0.0223 0.034 0.0019 0
 0.707729 0.231977 0.0356964 0.0245975 0
 0.517169 0.277429 0.184464 0.0207286 0.00020938
 0.811772 0.124168 0.05621 0.00726502 0.000585176
 0.764997 0.148141 0.077277 0.00933861 0.000247198
 0.163321 0.427699 0.378323 0.0303852 0.000271297
 0.753843 0.0900009 0.118128 0.0371064 0.000921714
 0.721811 0.176058 0.0630433 0.0369309 0.00215725
 0.143369 0.312575 0.442814 0.0836902 0.0175525
 0.692698 0.0596174 0.167031 0.0765114 0.00414204
 0.394062 0.376323 0.152708 0.0712218 0.00568511
 0.125707 0.32114 0.495352 0.0537591 0.00404204
 0.23352 0.215282 0.420074 0.123614 0.00750983
 0 0 0 0 0
pf_pred 
 0.318032 0.233859 0.400733 0.0473754 9.50711e-07
 0.528677 0.206176 0.0930124 0.153966 0.0181689
 0.4932 0.336 0.0764164 0.0331545 0.0612288
 0.499789 0.315411 0.124192 0.0271493 0.0334588
 0.632852 0.250602 0.0750579 0.0279106 0.0135777
 0.967261 0.0254383 0.0050665 0.00144036 0.000793884
 0.285537 0.701218 0.0103875 0.0019841 0.000872953
 0.359861 0.292921 0.341139 0.004771 0.00130811
 0.738008 0.129159 0.0620283 0.0695683 0.00123718
 0.922289 0.0676764 0.00511632 0.00230111 0.00261741
 0.846325 0.14795 0.00502408 0.000357776 0.000342803
 0.739736 0.234128 0.0251948 0.000826805 0.000115076
 0.654063 0.290387 0.0501924 0.00516483 0.000192614
 0.619368 0.295382 0.0720618 0.011919 0.0012692
 0.741107 0.200937 0.0455464 0.010495 0.00191478
 0.956565 0.0369544 0.00508756 0.00109554 0.000297664
 0.190483 0.789357 0.0172586 0.00227895 0.000622663
 0.918031 0.0232009 0.0573565 0.00120842 0.000202757
 0.503397 0.472065 0.00713084 0.0169906 0.000417197
 0.513847 0.308741 0.168976 0.00245497 0.00598054
 0.733883 0.172249 0.0604572 0.0318258 0.00158533
 0.71197 0.237311 0.0332627 0.0112513 0.00620557
 0.164031 0.676161 0.132562 0.0178815 0.00936484
 0.741703 0.0631124 0.158927 0.0300852 0.00617179
 0.547932 0.374213 0.0195312 0.0475065 0.0108176
 0.328774 0.446396 0.187249 0.00944098 0.0281399
 0.747819 0.11226 0.0941204 0.0381577 0.00764366
 0.679733 0.266362 0.0244699 0.0198124 0.00962299
 0.175673 0.638325 0.155583 0.0138223 0.0165967
 0.236358 0.19563 0.443143 0.104479 0.0203899
 0.783985 0.0745141 0.0372415 0.0813747 0.0228851
pobs_RECLAS
 0 0 0 0 0
 0 0 0 0 0
 0 0 0 0 0
 0 0 0 0 0
 0 0 0 0 0
 0 0 0 0 0
 0 0 0 0 0
 0 0 0 0 0
 0 0 0 0 0
 0 0 0 0 0
 0.991045 0.00858322 0.000360255 1.14367e-05 0
 0.934742 0.0480273 0.0164251 0.00080598 0
 0.827803 0.169806 0.00239088 0 0
 0.941827 0.0461693 0.0120037 0 0
 0.791401 0.0380133 0.147996 0.0225897 0
 0.846168 0.0940531 0.0597789 0 0
 0.134021 0.677848 0.182769 0.00536245 0
 0.80878 0.0450904 0.141981 0.00414843 0
 0.846168 0.0940531 0.0597789 0 0
 0.905697 0.0802665 0.012482 0.00150086 5.37128e-05
 0.989698 0.0102097 9.19794e-05 0 0
 0.975433 0.0193895 0.00387452 0.00125025 5.28907e-05
 0.303575 0.632131 0.0575291 0.00676475 0
 0.966965 0.00978017 0.0227588 0.000495775 0
 0.843318 0.132988 0.00938335 0.0141283 0.000182051
 0.564624 0.303363 0.111486 0.0197234 0.00080311
 0.826376 0.0876187 0.0782897 0.00655872 0.00115652
 0.89761 0.0855135 0.0140674 0.00269457 0.000114338
 0.34875 0.467042 0.161289 0.0227151 0.000203297
 0.318654 0.224769 0.449479 0.00709798 0
 0.937255 0.0296025 0.0250945 0.00804832 0
ppred_RECLAS
 0.432982 0.198609 0.329519 0.0388892 7.80341e-07
 0.649324 0.156373 0.0682397 0.112758 0.0133048
 0.614581 0.258462 0.0568591 0.0246254 0.0454731
 0.633961 0.234128 0.0887105 0.0193527 0.0238478
 0.745722 0.175617 0.0506955 0.0188141 0.00915152
 0.979799 0.0158155 0.00304525 0.000864171 0.00047626
 0.406546 0.582867 0.00830677 0.00158337 0.000696564
 0.479827 0.242271 0.273046 0.00381198 0.00104507
 0.835166 0.0830145 0.038252 0.0428063 0.000761162
 0.953716 0.0405151 0.00294432 0.00132142 0.00150289
 0.898263 0.0980631 0.00322457 0.000229234 0.00021962
 0.824187 0.158701 0.0164964 0.000540346 7.51991e-05
 0.757046 0.205059 0.0342458 0.00351743 0.000131164
 0.737084 0.205782 0.0483113 0.00797421 0.000849041
 0.828748 0.134006 0.0292837 0.00673447 0.00122855
 0.973043 0.0230508 0.00306768 0.000659384 0.000179142
 0.275175 0.707346 0.0149665 0.00197281 0.000538969
 0.948642 0.0148807 0.0356026 0.000748781 0.000125624
 0.62179 0.360125 0.00526222 0.012516 0.000307296
 0.633988 0.235255 0.124551 0.00180632 0.00439994
 0.818054 0.119148 0.0404714 0.0212675 0.0010593
 0.800834 0.165058 0.0223822 0.00755751 0.0041679
 0.240634 0.618002 0.117298 0.0157951 0.00827141
 0.825178 0.0437788 0.106736 0.0201703 0.00413744
 0.661561 0.281757 0.0142382 0.0345722 0.00787164
 0.442307 0.374908 0.152278 0.0076645 0.0228428
 0.828938 0.0775434 0.0629427 0.0254736 0.00510235
 0.773487 0.189425 0.016852 0.013621 0.0066152
 0.255526 0.580659 0.137064 0.0121561 0.0145948
 0.337806 0.173835 0.381148 0.0897061 0.0175052
 0.85643 0.0506281 0.0244931 0.0534255 0.0150236
pobs_PELACES
 0 0 0 0 0
 0 0 0 0 0
 0 0 0 0 0
 0 0 0 0 0
 0 0 0 0 0
 0 0 0 0 0
 0 0 0 0 0
 0 0 0 0 0
 0 0 0 0 0
 0 0 0 0 0
 0 0 0 0 0
 0 0 0 0 0
 0 0 0 0 0
 0 0 0 0 0
 0 0 0 0 0
 0 0 0 0 0
 0.505614 0.472636 0.0217494 0 0
 0 0 0 0 0
 0.443492 0.261883 0.143347 0.151278 0
 0.227955 0.32914 0.350689 0.0885471 0.00366901
 0.970185 0.0296113 0.000203453 0 0
 0.997202 0.00247181 0.000326279 0 0
 0.445219 0.490057 0.0546422 0.010081 0
 0.90214 0.0892962 0.00764917 0.000914606 0
 0 0 0 0 0
 0.581667 0.319106 0.0959925 0.00289975 0.000334073
 0.762889 0.0836404 0.116647 0.0363945 0.000428098
 0.88444 0.0763242 0.0277011 0.0115352 0
 0.521256 0.241999 0.230069 0.00667565 0
 0.616807 0.101726 0.260614 0.0208532 0
 0 0 0 0 0
ppred_PELACES
 0.440301 0.196357 0.324992 0.0383498 7.69512e-07
 0.662329 0.150984 0.065576 0.108329 0.012782
 0.628078 0.249818 0.0546936 0.0236813 0.0437291
 0.669441 0.212448 0.079449 0.0173199 0.021342
 0.769648 0.159641 0.0455813 0.016906 0.00822315
 0.981141 0.0147842 0.00282981 0.000802774 0.000442415
 0.444492 0.54573 0.00767404 0.0014617 0.000643014
 0.491259 0.237425 0.266575 0.00372088 0.00102009
 0.860976 0.0706095 0.0320001 0.0357777 0.000636153
 0.960619 0.0345357 0.00247387 0.00110941 0.00126171
 0.900519 0.0958964 0.00314656 0.000223662 0.000214281
 0.836531 0.147666 0.0152346 0.000498813 6.94175e-05
 0.771887 0.192745 0.0319639 0.0032818 0.000122375
 0.765812 0.183818 0.0425955 0.00702577 0.00074803
 0.845732 0.120995 0.0261626 0.00601322 0.00109694
 0.974861 0.0215156 0.00284592 0.000611513 0.000166133
 0.284 0.698798 0.0147299 0.00194123 0.000530334
 0.950776 0.0142993 0.0340874 0.000716771 0.000120252
 0.634585 0.348023 0.00506149 0.0120355 0.000295494
 0.646962 0.227299 0.119772 0.00173656 0.00422998
 0.824512 0.115068 0.0389416 0.0204595 0.00101904
 0.809065 0.15836 0.0213783 0.00721679 0.00397994
 0.246582 0.613477 0.11612 0.0156341 0.00818706
 0.829682 0.0427334 0.103921 0.0196357 0.00402773
 0.668134 0.276406 0.0139327 0.033826 0.00770168
 0.448882 0.370761 0.150257 0.0075619 0.0225369
 0.833524 0.0755776 0.0611819 0.0247574 0.00495885
 0.777467 0.186158 0.0165292 0.0133587 0.00648775
 0.259493 0.577791 0.136147 0.0120737 0.0144958
 0.346816 0.171886 0.375652 0.088397 0.0172496
 0.861122 0.0490778 0.0236682 0.0516174 0.014515
pobs_pel_tallas
 0 0 0 0 0 0 0 0 0 0 0 0 0 0 0 0 0 0 0 0 0 0 0 0 0 0
 0 0 0 0 0 0 0 0 0 0 0 0 0 0 0 0 0 0 0 0 0 0 0 0 0 0
 0 0 0 0 0 0 0 0 0 0 0 0 0 0 0 0 0 0 0 0 0 0 0 0 0 0
 0 0 0 0 0 0 0 0 0 0 0 0 0 0 0 0 0 0 0 0 0 0 0 0 0 0
 0 0 0 0 0 0 0 0 0 0 0 0 0 0 0 0 0 0 0 0 0 0 0 0 0 0
 0 0 0 0 0 0 0 0 0 0 0 0 0 0 0 0 0 0 0 0 0 0 0 0 0 0
 0 0 0 0 0 0 0 0 0 0 0 0 0 0 0 0 0 0 0 0 0 0 0 0 0 0
 0 0 0 0 0 0 0 0 0 0 0 0 0 0 0 0 0 0 0 0 0 0 0 0 0 0
 0 0 0 0 0 0 0 0 0 0 0 0 0 0 0 0 0 0 0 0 0 0 0 0 0 0
 0 0 0 0 0 0 0 0 0 0 0 0 0 0 0 0 0 0 0 0 0 0 0 0 0 0
 0 0 0 0 0 0 0 0 0 0 0 0 0 0 0 0 0 0 0 0 0 0 0 0 0 0
 0 0 0 0 0 0 0 0 0 0 0 0 0 0 0 0 0 0 0 0 0 0 0 0 0 0
 0.00862536 0 0 0.000197151 0.00414017 0.0128641 0.00837892 0.0270097 0.101434 0.158115 0.152841 0.127902 0.109271 0.109419 0.0830992 0.0579132 0.0238553 0.00714673 0.00463305 0.00128148 0.00103504 0.000492878 0.000147863 0.000147863 4.92878e-05 0
 0 0 0 0 0 0 0 0 0 0 0 0 0 0 0 0 0 0 0 0 0 0 0 0 0 0
 0 0 0 0 0 0 0 0.0054083 0.00873648 0.0413646 0.0450493 0.0745869 0.0622846 0.0627006 0.0613931 0.0827291 0.12552 0.122667 0.0946155 0.0697135 0.0546179 0.0294188 0.0215738 0.0213955 0.0102223 0.00600262
 0 0 0 0 0.00359764 0.0251062 0.0480494 0.140153 0.205849 0.193036 0.1447 0.116669 0.0760912 0.0342217 0.00950174 0.001854 0.000860785 0 0 0 0.000165536 0 0.000143464 0 0 0
 0 0 0 0 0 0 0 0.000145254 0.000435761 0.0275982 0.070085 0.0708112 0.156366 0.174668 0.174014 0.160142 0.0824315 0.0480064 0.0283245 0.00493863 0.00203355 0 0 0 0 0
 0 0 0 0 0 0 0 0 0 0 0 0 0 0 0 0 0 0 0 0 0 0 0 0 0 0
 0 0 1.00437e-05 0.000401748 0.00122533 0.00171747 0.00176769 0.0269171 0.070346 0.194647 0.189555 0.159765 0.064822 0.0314167 0.0384472 0.0292271 0.0345202 0.0313363 0.0194345 0.0106764 0.0143323 0.0359363 0.0279516 0.0138201 0.00172751 0
 0 0.0021121 0.0136068 0.0755702 0.200478 0.177729 0.0527432 0.0373336 0.0318909 0.0142505 0.0149659 0.0166563 0.0217959 0.0798694 0.0677717 0.0528807 0.04013 0.0224614 0.0357745 0.0225083 0.00881397 0.00855152 0.00135912 0.000746735 0 0
 0 0 0 0 5.4009e-05 0.00500934 0.000945158 0.0243581 0.138947 0.33067 0.221406 0.137944 0.0707744 0.0437923 0.0131692 0.00525238 0.0047753 0.00276346 9.45158e-05 9.00151e-06 2.25038e-05 9.00151e-06 4.50075e-06 0 0 0
 0.000866109 0.00284123 0.00948549 0.0512746 0.133035 0.25785 0.225252 0.132002 0.0553304 0.0519788 0.0540692 0.017754 0.00435017 0.00159236 0.00146478 0.000404838 0.000125132 0.000115318 0.000107957 0.000100596 0 0 0 0 0 0
 0 0 0 0 0.00144013 0.00171154 0.00461396 0.0210425 0.0478622 0.0707936 0.0888783 0.103762 0.0637923 0.0337046 0.0602308 0.124433 0.169614 0.0934646 0.0462172 0.0250306 0.0313229 0.00938855 0.002487 0.000210481 0 0
 0 0.00764035 0.051015 0.0998891 0.058973 0.0496711 0.0374665 0.0718981 0.12319 0.153886 0.159021 0.0857701 0.0377988 0.023471 0.0147837 0.00900784 0.00315554 0.000888139 0.00291439 0.00214683 0.00393193 0.00274676 0.000635225 9.99891e-05 0 0
 0 0 0 0 0 0 0 0 0 0 0 0 0 0 0 0 0 0 0 0 0 0 0 0 0 0
 0 0 0 0 0 0 0 0 0 0 0 0 0 0 0 0 0 0 0 0 0 0 0 0 0 0
 0 0 0 0 0 0 0 0 0 0 0 0 0 0 0 0 0 0 0 0 0 0 0 0 0 0
 0 0 0 0 0 0 0 0 0 0 0 0 0 0 0 0 0 0 0 0 0 0 0 0 0 0
 0 0 0 0 0 0 0 0 0 0 0 0 0 0 0 0 0 0 0 0 0 0 0 0 0 0
 0 0 0 0 0 0 0 0 0 0 0 0 0 0 0 0 0 0 0 0 0 0 0 0 0 0
 0 0 0 0 0 0 0 0 0 0 0 0 0 0 0 0 0 0 0 0 0 0 0 0 0 0
ppred_pel_tallas
 1.13275e-16 3.62671e-05 0.000352529 0.00234268 0.0106495 0.0331346 0.0705975 0.103043 0.103063 0.0706925 0.0334549 0.0115806 0.00470262 0.00557907 0.0101814 0.0173451 0.0263107 0.0358514 0.0446434 0.0519313 0.0576932 0.062095 0.0647879 0.0648062 0.0612132 0.0539126
 1.14959e-16 5.45552e-05 0.000530296 0.00352401 0.0160196 0.0498431 0.106196 0.155 0.155015 0.106268 0.0500841 0.0167173 0.00528099 0.00438551 0.00743613 0.0123698 0.0182124 0.0237839 0.0279626 0.0303498 0.031523 0.0325659 0.0342248 0.0363605 0.0380612 0.0382314
 1.11418e-16 5.1734e-05 0.000502873 0.00334177 0.0151912 0.0472657 0.100705 0.146987 0.147012 0.100823 0.0476616 0.0163355 0.00621647 0.00678642 0.0120099 0.01984 0.0287408 0.036512 0.0409692 0.0411709 0.0380007 0.0335532 0.0298148 0.0276579 0.0267421 0.0261077
 1.07696e-16 5.5141e-05 0.00053599 0.00356184 0.0161916 0.0503783 0.107337 0.156666 0.156686 0.107438 0.050716 0.0171681 0.00601713 0.00590973 0.0103018 0.0170516 0.0248137 0.0317468 0.0360093 0.0367609 0.0346315 0.0312072 0.027968 0.0255274 0.023633 0.0216878
 1.04444e-16 6.3395e-05 0.000616222 0.00409501 0.0186153 0.0579193 0.123404 0.180115 0.18013 0.123479 0.0581726 0.0193475 0.00593491 0.00463961 0.00772495 0.0127247 0.018453 0.0234801 0.0263943 0.0265534 0.024451 0.0213358 0.0184034 0.0162001 0.0145946 0.0131535
 1.00241e-16 8.08153e-05 0.000785553 0.00522028 0.0237306 0.0738348 0.157313 0.229603 0.229604 0.15732 0.0738582 0.0237982 0.00539008 0.00115646 0.000785896 0.00117305 0.00168603 0.00212869 0.00236175 0.00232307 0.00205957 0.00169327 0.00134602 0.00108176 0.000899772 0.000765936
 1.00617e-16 3.66123e-05 0.000355885 0.00236498 0.0107509 0.0334503 0.0712713 0.104034 0.104086 0.0715277 0.0343109 0.0132351 0.00859512 0.0139378 0.0257767 0.0424133 0.0607587 0.0756991 0.0820503 0.0774257 0.0636994 0.0458317 0.0290323 0.0164298 0.00856714 0.00435954
 1.083e-16 4.04644e-05 0.000393328 0.00261381 0.011882 0.0369694 0.0787682 0.114969 0.114993 0.0788819 0.0373523 0.0129925 0.00541839 0.00657202 0.0119391 0.0200998 0.0299368 0.0396859 0.0474837 0.0523192 0.0543959 0.0545493 0.0533005 0.0504526 0.0455208 0.0384703
 1.04638e-16 7.09175e-05 0.000689343 0.00458093 0.0208242 0.064792 0.138046 0.201484 0.201491 0.13808 0.0649046 0.0211502 0.00540141 0.00248851 0.00351208 0.00575896 0.00844607 0.0109624 0.0127459 0.0135664 0.0136531 0.0134955 0.0134718 0.0136078 0.0136201 0.013156
 1.00406e-16 7.91249e-05 0.000769123 0.00511109 0.0232343 0.0722905 0.154023 0.224801 0.224805 0.154039 0.072345 0.0233918 0.00550623 0.00163116 0.00171472 0.0027055 0.00388042 0.00486068 0.00532043 0.00511347 0.00435844 0.00336155 0.00243671 0.00176093 0.00134778 0.00111382
 1.00175e-16 7.41746e-05 0.000721003 0.00479132 0.0217807 0.0677678 0.144387 0.210739 0.210748 0.144432 0.067919 0.0222174 0.00588673 0.00310949 0.00460205 0.00746893 0.0107008 0.0133482 0.0144988 0.0137334 0.0113771 0.00829281 0.00538417 0.00319029 0.00180146 0.00102957
 1.0054e-16 6.8904e-05 0.000669771 0.00445086 0.020233 0.0629524 0.134127 0.195766 0.19578 0.134197 0.0631857 0.0209067 0.00614134 0.00435829 0.00706869 0.0115625 0.016615 0.020819 0.0227876 0.0218757 0.0185594 0.0141145 0.00986353 0.00657595 0.00436393 0.00295738
 1.01322e-16 6.35794e-05 0.000618014 0.00410692 0.0186695 0.0580878 0.123763 0.180639 0.180658 0.123854 0.0583927 0.0195502 0.006318 0.00544561 0.0092343 0.015171 0.0218598 0.0275104 0.0303367 0.0295034 0.0256078 0.0202548 0.0150842 0.0110151 0.008142 0.00611415
 1.02108e-16 6.3079e-05 0.00061315 0.0040746 0.0185226 0.0576306 0.122789 0.179218 0.179235 0.122875 0.0579218 0.019364 0.00618799 0.00523076 0.00884459 0.0145528 0.0210287 0.0265907 0.0295613 0.0291545 0.0259195 0.0213272 0.0168516 0.013275 0.0106223 0.00854604
 1.01575e-16 6.96619e-05 0.000677138 0.00449982 0.0204555 0.0636448 0.135603 0.197918 0.19793 0.13566 0.0638365 0.0210093 0.00589042 0.00371518 0.00584637 0.00957303 0.0138257 0.0174739 0.0194128 0.019129 0.0169922 0.0139812 0.0110752 0.0087904 0.00713379 0.00585777
 1.00178e-16 8.0298e-05 0.000780525 0.00518686 0.0235787 0.0733622 0.156306 0.228134 0.228136 0.156316 0.0733962 0.023677 0.00543345 0.00131878 0.00110236 0.00169485 0.00243251 0.00305617 0.00336168 0.00325638 0.00280944 0.00220391 0.00162699 0.00118366 0.000883546 0.000683062
 1.00889e-16 2.33929e-05 0.000227387 0.00151107 0.00686915 0.0213728 0.0455396 0.0664804 0.0665476 0.0458679 0.022475 0.0100507 0.00949041 0.0176238 0.0329961 0.0543381 0.0778649 0.0970552 0.105279 0.0994811 0.0820481 0.0593067 0.0378955 0.0217922 0.0116808 0.00618268
 1.0108e-16 7.83142e-05 0.000761242 0.00505872 0.0229962 0.0715497 0.152444 0.222497 0.222499 0.152451 0.0715734 0.0230651 0.0052341 0.00115192 0.000843121 0.0013292 0.0020446 0.00285572 0.00367321 0.00443846 0.00512228 0.00568442 0.00603599 0.00605682 0.00566615 0.00488969
 1.01493e-16 5.227e-05 0.000508083 0.00337639 0.0153486 0.0477554 0.101749 0.148513 0.148546 0.101913 0.0483043 0.0169332 0.00735056 0.00917287 0.0164765 0.0270735 0.0388027 0.0483947 0.0525623 0.0498068 0.0413408 0.0303272 0.0200591 0.0124695 0.00782158 0.00534272
 1.04405e-16 5.32895e-05 0.000517993 0.00344224 0.015648 0.0486867 0.103733 0.151406 0.151428 0.103841 0.0490489 0.0166959 0.00607898 0.00629495 0.0110858 0.0184011 0.0268682 0.034543 0.0394439 0.0405966 0.0385194 0.0346992 0.0305335 0.0266254 0.0228601 0.0189489
 1.03378e-16 6.7914e-05 0.000660148 0.00438692 0.0199423 0.0620479 0.1322 0.192952 0.192963 0.132255 0.0622308 0.0204709 0.00571577 0.0035679 0.00561061 0.00922187 0.0134058 0.0171309 0.0193943 0.0197399 0.0185105 0.016567 0.0147102 0.0132677 0.0120981 0.0108823
 1.02055e-16 6.66417e-05 0.000647781 0.00430473 0.0195687 0.0608855 0.129724 0.189339 0.189354 0.129798 0.061136 0.020292 0.00612025 0.00461111 0.0075939 0.0124495 0.0179297 0.0225534 0.02486 0.0241811 0.0210363 0.0167758 0.0127677 0.00975852 0.00777985 0.00646713
 1.06462e-16 2.03108e-05 0.000197428 0.00131198 0.00596411 0.0185569 0.0395396 0.0577216 0.0577808 0.0398288 0.0195279 0.00876933 0.00835554 0.0155804 0.0292554 0.0483844 0.0698162 0.0880388 0.0974223 0.0953383 0.0836824 0.0675046 0.0519159 0.0397047 0.0310447 0.0247377
 1.05661e-16 6.83398e-05 0.000664288 0.00441442 0.0200673 0.062437 0.133029 0.19416 0.194164 0.13305 0.0625078 0.0202741 0.00494111 0.00183952 0.00237512 0.00401405 0.00623321 0.00879641 0.0114884 0.0141801 0.0168172 0.019277 0.0212355 0.022214 0.0218099 0.0199423
 1.05169e-16 5.50333e-05 0.000534944 0.00355489 0.01616 0.05028 0.107128 0.156362 0.156388 0.107258 0.0507165 0.0174204 0.00671745 0.00743496 0.0131487 0.0216243 0.0310903 0.038997 0.042805 0.0413932 0.0357596 0.0283818 0.0217475 0.0171773 0.0146226 0.0132427
 1.09004e-16 3.69739e-05 0.0003594 0.00238834 0.0108571 0.0337806 0.0719744 0.105056 0.105092 0.0721498 0.03437 0.0125617 0.0066745 0.00974049 0.0179247 0.0297608 0.0433015 0.0553567 0.0626658 0.0636823 0.0594041 0.0525128 0.0455725 0.039757 0.0348607 0.0301598
 1.05107e-16 6.86563e-05 0.000667364 0.00443487 0.0201603 0.0627261 0.133645 0.19506 0.195068 0.133681 0.0628474 0.0205118 0.00532164 0.0026175 0.00381459 0.00630909 0.00934504 0.0123095 0.0146229 0.0160218 0.0166769 0.0169834 0.0172029 0.017267 0.016876 0.015762
 1.02963e-16 6.40389e-05 0.000622481 0.00413661 0.0188044 0.0585077 0.124657 0.181945 0.181963 0.124745 0.0588018 0.0196539 0.00626831 0.00527443 0.00889459 0.0145926 0.0209924 0.026357 0.0289699 0.0280592 0.0242683 0.0192315 0.014601 0.0112726 0.00925739 0.00805965
 1.07741e-16 2.13742e-05 0.000207765 0.00138067 0.00627637 0.0195284 0.0416094 0.0607418 0.0607976 0.041882 0.0204438 0.00892145 0.00802417 0.0147237 0.027628 0.0457401 0.0661183 0.0836217 0.0929934 0.0917696 0.0816853 0.0673744 0.05348 0.0424658 0.034401 0.0281639
 1.22669e-16 2.85668e-05 0.000277679 0.00184528 0.00838838 0.0260994 0.0556083 0.0811655 0.0811826 0.0556923 0.0263833 0.00921556 0.00394962 0.00496444 0.00920294 0.0158854 0.024559 0.0344077 0.0445377 0.0544494 0.0640425 0.073039 0.0803909 0.0843648 0.0833758 0.0769442
 1.08329e-16 7.09295e-05 0.00068946 0.0045817 0.0208278 0.0648029 0.13807 0.201518 0.201522 0.138093 0.0648815 0.0210554 0.00515574 0.00195143 0.0024947 0.0040863 0.00606368 0.00803761 0.00969163 0.0109544 0.0120608 0.0133714 0.015071 0.0169782 0.0185998 0.0193712
pSPR Fmed_Fpbrs
0.490113   0.25959 0.25959
Fs Fmed_Fpbrs
0.465548   1.005 1.005
SSBpbr Bo_Bmed_Bpbrs
1.64585e+06  724357  344952 344952
Ro
109716
SPR SPRFo_SPRFmed_SPRFpbrs
781250 382900 202804
Fref
1.005
log_Ro
11.4256
likeval ReclasPelacesDesembMPH_pf_preclas_ppelaces_ptallas_desvR_qrecl_qpela
 20.5599 28.7059 0.0530586 0.0021498 237.19 120.269 85.8935 0 46.1586 0 0 0.137475 0 0 0
q_reclas_q_pelaces
1 1
M
1
N
 96090.1 45998 76598.8 9041.85 0.181434
 116875 30588 13444.5 22224.3 2622.39
 70865.9 32429 7186.3 3113.58 5749.65
 42133.1 19578.8 7567 1652.57 2036.53
 24919.3 7113.19 2087.77 775.511 377.242
 266556 4775.39 927.807 263.419 145.178
 37975.7 68865.7 1001.56 191.12 84.0837
 11675 6298.86 7139.75 99.7088 27.3361
 25789.7 3430.5 1621 1816.49 32.3023
 64587.9 3533.21 262.435 117.922 134.125
 88934 10081.4 332.583 23.6475 22.656
 131092 28795.9 3027.47 99.2277 13.8098
 100708 30856.5 5208.33 535.264 19.9604
 69497.3 24394.2 5841.39 965.211 102.775
 60438.4 11764.3 2612.33 601.289 109.697
 449544 11855.2 1592.41 342.454 93.0405
 41855.5 114960 2446.36 322.568 88.1263
 735669 12300.1 29591 622.533 104.445
 346539 218000 3208.29 7633.76 187.43
 238962 96329 51365.4 745.224 1815.3
 427247 66387.4 22676.4 11920 593.723
 566268 126213 17230.9 5820.26 3209.88
 59286.1 159769 30450.6 4101.36 2147.78
 333873 18526.1 45343.2 8570.51 1758.05
 237026 105493 5351.23 12996.2 2959.1
 85200.2 75104.8 30609.1 1540.91 4592.49
 279812 27442.1 22366.1 9053.8 1813.49
 346074 87695.4 7824.79 6325.57 3072.11
 48387.7 113400 26839.4 2380.72 2858.35
 29431.9 16033.6 35328.3 8317.02 1623
 142851 8925.66 4338.8 9466.47 2662.06
pred_Ctot
 8278.99 6087.79 10431.8 1233.27 0.0247488
 18577.9 7245.09 3268.49 5410.44 638.461
 11416.6 7777.75 1768.89 767.463 1417.33
 15333.5 9676.76 3810.19 832.935 1026.51
 7951.49 3148.69 943.067 350.683 170.597
 51623.9 1357.67 270.406 76.8739 42.3706
 14045.1 34491.7 510.943 97.5946 42.939
 1512.9 1231.47 1434.18 20.0578 5.49944
 11059.8 1935.57 929.556 1042.55 18.5403
 25159.8 1846.2 139.572 62.7736 71.4023
 6808.19 1190.17 40.4158 2.8781 2.75765
 30942.8 9793.46 1053.89 34.5849 4.81359
 22491 9985.44 1725.95 177.601 6.62333
 25229.6 12032.2 2935.39 485.513 51.6999
 18756.7 5085.52 1152.73 265.619 48.4612
 89224.6 3446.96 474.547 102.187 27.7649
 5420.93 22464.2 491.162 64.8565 17.7203
 92053.8 2326.42 5751.31 121.172 20.331
 54767.9 51359 775.811 1848.52 45.3897
 37834.8 22732.7 12441.8 180.761 440.35
 54160.7 12712 4461.75 2348.75 116.998
 85242.8 28412.8 3982.48 1347.1 742.981
 5718.63 23573.1 4621.51 623.405 326.488
 30153.9 2565.83 6461.18 1223.11 250.914
 21032.3 14364.1 749.701 1823.53 415.231
 6776.77 9201.23 3859.63 194.6 580.027
 26534.4 3983.25 3339.62 1353.93 271.215
 24134.1 9457.24 868.811 703.444 341.666
 3062.72 11128.7 2712.47 240.981 289.351
 3319.57 2747.57 6223.8 1467.38 286.37
 15701.1 1492.31 745.845 1629.71 458.327
F
 0.144679 0.230026 0.237396 0.237797 0.237819
 0.282049 0.44843 0.462799 0.46358 0.463622
 0.286343 0.455257 0.469845 0.470639 0.47068
 0.778884 1.23835 1.27803 1.28019 1.2803
 0.652167 1.03688 1.07011 1.07191 1.07201
 0.353427 0.561915 0.57992 0.580899 0.580951
 0.796578 1.26648 1.30706 1.30927 1.30939
 0.224745 0.357323 0.368772 0.369395 0.369428
 0.987768 1.57046 1.62078 1.62351 1.62366
 0.857331 1.36307 1.40675 1.40913 1.40925
 0.127662 0.20297 0.209473 0.209827 0.209846
 0.446551 0.709973 0.732723 0.73396 0.734026
 0.417875 0.66438 0.685668 0.686827 0.686888
 0.776214 1.2341 1.27365 1.2758 1.27591
 0.628858 0.999824 1.03186 1.0336 1.0337
 0.363649 0.578166 0.596692 0.5977 0.597753
 0.224614 0.357115 0.368558 0.36918 0.369213
 0.216284 0.343871 0.354889 0.355489 0.355521
 0.280226 0.445532 0.459808 0.460584 0.460625
 0.280799 0.446442 0.460748 0.461526 0.461567
 0.219387 0.348804 0.359981 0.360589 0.360621
 0.265341 0.421867 0.435385 0.43612 0.436159
 0.163196 0.259466 0.26778 0.268232 0.268256
 0.152118 0.241853 0.249603 0.250025 0.250047
 0.149283 0.237346 0.244951 0.245365 0.245387
 0.132926 0.21134 0.218112 0.218481 0.2185
 0.160249 0.254781 0.262944 0.263388 0.263412
 0.115729 0.183998 0.189893 0.190214 0.190231
 0.104561 0.166241 0.171568 0.171858 0.171873
 0.193148 0.307087 0.316927 0.317462 0.31749
 0.18782 0.298615 0.308183 0.308704 0.308731
nmprior
 8 9 7.5 0
nm_flota  nm_reclas  nm_pelaces    nm_pelaL
inf 13.8244 8.52143 13.0802
cv_recla  cv_pelaces  cv_mph
0.410144 0.630449 1.43088
 ------------------------------------------------
Talla a la edad & desviación 
 8 13.2811 15.8009 17.003 17.5766
 0.8 1.32811 1.58009 1.7003 1.75766
