years
 1991 1992 1993 1994 1995 1996 1997 1998 1999 2000 2001 2002 2003 2004 2005 2006 2007 2008 2009 2010 2011 2012 2013 2014 2015 2016 2017 2018 2019 2020 2021
reclasobs
 0 0 0 0 0 0 0 0 0 252601 567819 844713 477998 351125 339783 2.1784e+06 2.13404e+06 4.81314e+06 1.55562e+06 2.62356e+06 3.21686e+06 3.843e+06 1.13348e+06 3.07943e+06 1.97215e+06 2.03268e+06 2.025e+06 2.42433e+06 2.27542e+06 1.05018e+06 2.36338e+06
reclaspred
 3.51315e+06 2.01952e+06 1.03097e+06 1.10444e+06 1.15342e+06 1.73832e+06 1.21643e+06 1.0984e+06 793334 578597 555793 664753 660444 546844 555123 1.20999e+06 1.25681e+06 2.52131e+06 2.12299e+06 1.62961e+06 2.89651e+06 2.3494e+06 1.92852e+06 2.95536e+06 2.22579e+06 1.97943e+06 2.29776e+06 2.37121e+06 1.98722e+06 1.32998e+06 2.1631e+06
pelacesobs
 0 0 0 0 0 0 0 0 0 0 0 0 0 0 0 552880 188675 0 991730 2.46772e+06 1.41603e+06 1.21717e+06 2.29649e+06 1.80582e+06 0 1.4828e+06 1.56532e+06 1.57751e+06 1.42118e+06 867257 0
pelacespred
 2.60494e+06 1.69045e+06 878343 678350 733791 1.08434e+06 829755 826194 615018 427578 391978 393415 425313 374219 371270 633175 743728 1.5132e+06 1.45079e+06 1.07586e+06 1.69061e+06 1.58874e+06 1.34271e+06 2.00879e+06 1.62054e+06 1.42609e+06 1.73098e+06 1.76074e+06 1.3741e+06 1.0478e+06 1.35278e+06
mphobs
 0 0 0 0 0 0 0 0 0 0 0 498337 0 5186 125008 0 168611 109162 213762 579715 649985 157893 87575 83554 0 0 0 0 0 0 0
mphpred
 530016 357142 184170 100437 122682 140638 183365 130006 111252 78685.6 51877.1 64619.6 68502.6 60175.8 45008.2 54997.9 140957 145237 249598 197778 216571 266375 252930 214414 296141 242992 202186 211269 284363 199920 118393
desembarqueobs
 494567 514787 250237 358949 120608 361735 552515 73892 212993 205616 52469 317467 293654 387597 252695 516296 358380 742168 942051 627588 828172 859565 418607 520667 417249 300574 407403 355545 319650 289779 219260
desembarquepred
 494572 513004 251213 358964 120611 361747 552569 73894.6 213030 205653 52470.9 317533 293711 387668 252706 516302 358410 742122 941986 627540 828256 859639 418627 520692 417259 300583 407413 355544 319656 289793 219261
Reclutas
 257137 150840 147708 314895 252366 392406 166700 81110.8 69921.2 87252.1 152586 190458 161442 115005 119028 564636 150516 838899 525292 400986 599725 797552 180414 527314 431162 202754 435825 476883 150679 121914 575885
log_desv_Rt
 0.0460941 -0.487295 -0.508279 0.248724 0.0273638 0.468782 -0.387317 -1.1077 -1.25615 -1.03471 -0.475789 -0.254083 -0.419366 -0.758537 -0.724155 0.832666 -0.489447 1.22858 0.76044 0.490412 0.892957 1.17803 -0.308262 0.764281 0.562969 -0.19152 0.573726 0.663756 -0.488364 -0.700203 0.852394
SSB
 5.13615e+06 3.4609e+06 1.78471e+06 973286 1.18885e+06 1.36286e+06 1.77691e+06 1.25983e+06 1.0781e+06 762507 502718 626200 663829 583137 436155 532960 1.36596e+06 1.40742e+06 2.41875e+06 1.91658e+06 2.09869e+06 2.58132e+06 2.45104e+06 2.07779e+06 2.86977e+06 2.35473e+06 1.95929e+06 2.04731e+06 2.75564e+06 1.93734e+06 1.14729e+06
BT
 6.72489e+06 4.59629e+06 2.3791e+06 2.15487e+06 2.0402e+06 3.35874e+06 2.60896e+06 2.24234e+06 1.8014e+06 1.3181e+06 1.12952e+06 1.35964e+06 1.44247e+06 1.45638e+06 1.33258e+06 2.34644e+06 2.26414e+06 5.13989e+06 4.90475e+06 3.4162e+06 5.47074e+06 5.13183e+06 3.85622e+06 6.27776e+06 4.63605e+06 4.02029e+06 5.34688e+06 5.39511e+06 3.73508e+06 2.91826e+06 4.18199e+06
Ftot
 0.0828572 0.148196 0.142773 0.196807 0.0630756 0.126979 0.265003 0.0403804 0.160028 0.210544 0.0582635 0.285639 0.265737 0.419709 0.277736 0.265081 0.169467 0.181909 0.264592 0.230288 0.173311 0.220417 0.128587 0.108735 0.112351 0.0908551 0.108972 0.0926788 0.0945133 0.128953 0.0637151
BD_Bspro_t
 0.98683 0.900353 0.789704 0.722924 0.732961 0.790014 0.782841 0.676093 0.71879 0.688976 0.660069 0.778638 0.678279 0.603185 0.51663 0.565716 0.678358 0.672559 0.729308 0.6515 0.629608 0.673267 0.686807 0.68674 0.774798 0.780677 0.78858 0.815108 0.846662 0.797686 0.764425
BD_Bspro
 2.93746 1.97935 1.02071 0.55664 0.679927 0.779443 1.01624 0.720522 0.616582 0.436091 0.287514 0.358135 0.379656 0.333507 0.249445 0.304809 0.781215 0.804931 1.38332 1.09613 1.20028 1.47631 1.40179 1.18833 1.64127 1.34671 1.12055 1.17089 1.576 1.108 0.656157
BD_Bo
 2.07433 1.39775 0.720786 0.393079 0.48014 0.550415 0.717636 0.508807 0.435408 0.307952 0.203032 0.252902 0.268099 0.235511 0.176149 0.215246 0.551666 0.568414 0.976854 0.774045 0.847594 1.04251 0.989895 0.839153 1.15901 0.951 0.791296 0.826844 1.11291 0.782429 0.463355
BD_Brms
 14.5489 9.80354 5.05545 2.75698 3.36761 3.8605 5.03336 3.56867 3.05387 2.15992 1.42403 1.77381 1.8804 1.65183 1.23547 1.50969 3.86928 3.98675 6.85147 5.429 5.94486 7.312 6.94293 5.88566 8.12907 6.67013 5.54999 5.79932 7.80577 5.48781 3.24988
Sel_flota
 0.893309 1 1 1 1
 0.893309 1 1 1 1
 0.893309 1 1 1 1
 0.893309 1 1 1 1
 0.893309 1 1 1 1
 0.893309 1 1 1 1
 0.893309 1 1 1 1
 0.893309 1 1 1 1
 0.893309 1 1 1 1
 0.893309 1 1 1 1
 0.893309 1 1 1 1
 0.893309 1 1 1 1
 0.893309 1 1 1 1
 0.893309 1 1 1 1
 0.893309 1 1 1 1
 0.893309 1 1 1 1
 0.893309 1 1 1 1
 0.893309 1 1 1 1
 0.893309 1 1 1 1
 0.893309 1 1 1 1
 0.893309 1 1 1 1
 0.893309 1 1 1 1
 0.893309 1 1 1 1
 0.893309 1 1 1 1
 0.893309 1 1 1 1
 0.893309 1 1 1 1
 0.893309 1 1 1 1
 0.893309 1 1 1 1
 0.893309 1 1 1 1
 0.893309 1 1 1 1
 0.893309 1 1 1 1
Sel_reclas
 1 1 1 1 1
 1 1 1 1 1
 1 1 1 1 1
 1 1 1 1 1
 1 1 1 1 1
 1 1 1 1 1
 1 1 1 1 1
 1 1 1 1 1
 1 1 1 1 1
 1 1 1 1 1
 1 1 1 1 1
 1 1 1 1 1
 1 1 1 1 1
 1 1 1 1 1
 1 1 1 1 1
 1 1 1 1 1
 1 1 1 1 1
 1 1 1 1 1
 1 1 1 1 1
 1 1 1 1 1
 1 1 1 1 1
 1 1 1 1 1
 1 1 1 1 1
 1 1 1 1 1
 1 1 1 1 1
 1 1 1 1 1
 1 1 1 1 1
 1 1 1 1 1
 1 1 1 1 1
 1 1 1 1 1
 1 1 1 1 1
Sel_pelaces
 0.687895 0.917302 0.982401 0.996453 0.999293
 0.687895 0.917302 0.982401 0.996453 0.999293
 0.687895 0.917302 0.982401 0.996453 0.999293
 0.687895 0.917302 0.982401 0.996453 0.999293
 0.687895 0.917302 0.982401 0.996453 0.999293
 0.687895 0.917302 0.982401 0.996453 0.999293
 0.687895 0.917302 0.982401 0.996453 0.999293
 0.687895 0.917302 0.982401 0.996453 0.999293
 0.687895 0.917302 0.982401 0.996453 0.999293
 0.687895 0.917302 0.982401 0.996453 0.999293
 0.687895 0.917302 0.982401 0.996453 0.999293
 0.687895 0.917302 0.982401 0.996453 0.999293
 0.687895 0.917302 0.982401 0.996453 0.999293
 0.687895 0.917302 0.982401 0.996453 0.999293
 0.687895 0.917302 0.982401 0.996453 0.999293
 0.687895 0.917302 0.982401 0.996453 0.999293
 0.687895 0.917302 0.982401 0.996453 0.999293
 0.687895 0.917302 0.982401 0.996453 0.999293
 0.687895 0.917302 0.982401 0.996453 0.999293
 0.687895 0.917302 0.982401 0.996453 0.999293
 0.687895 0.917302 0.982401 0.996453 0.999293
 0.687895 0.917302 0.982401 0.996453 0.999293
 0.687895 0.917302 0.982401 0.996453 0.999293
 0.687895 0.917302 0.982401 0.996453 0.999293
 0.687895 0.917302 0.982401 0.996453 0.999293
 0.687895 0.917302 0.982401 0.996453 0.999293
 0.687895 0.917302 0.982401 0.996453 0.999293
 0.687895 0.917302 0.982401 0.996453 0.999293
 0.687895 0.917302 0.982401 0.996453 0.999293
 0.687895 0.917302 0.982401 0.996453 0.999293
 0.687895 0.917302 0.982401 0.996453 0.999293
pf_obs 
 0.8446 0.082 0.0669 0.0065 0
 0.8095 0.147 0.0364 0.0071 0
 0.9664 0.0169 0.016 0.0007 0
 0.9276 0.0648 0.0075 0.0001 0
 0.7033 0.2144 0.0806 0.0017 0
 0.9318 0.0425 0.0243 0.0014 0
 0.5671 0.3108 0.0964 0.0239 0.0018
 0.0768 0.2599 0.5324 0.112 0.0189
 0.490249 0.384438 0.106611 0.0170017 0.00170017
 0.7925 0.1577 0.0466 0.003 0.0002
 0.840416 0.127587 0.0312969 0.00059994 9.999e-05
 0.8084 0.0986 0.0794 0.0134 0.0002
 0.7335 0.1905 0.0724 0.0035 0.0001
 0.4001 0.4547 0.1325 0.0127 0
 0.49795 0.308269 0.164784 0.0264974 0.00249975
 0.9179 0.0499 0.0305 0.0017 0
 0.2467 0.6533 0.0926 0.0074 0
 0.9418 0.0223 0.034 0.0019 0
 0.707729 0.231977 0.0356964 0.0245975 0
 0.517169 0.277429 0.184464 0.0207286 0.00020938
 0.811772 0.124168 0.05621 0.00726502 0.000585176
 0.764997 0.148141 0.077277 0.00933861 0.000247198
 0.163321 0.427699 0.378323 0.0303852 0.000271297
 0.753843 0.0900009 0.118128 0.0371064 0.000921714
 0.721811 0.176058 0.0630433 0.0369309 0.00215725
 0.143369 0.312575 0.442814 0.0836902 0.0175525
 0.692698 0.0596174 0.167031 0.0765114 0.00414204
 0.394062 0.376323 0.152708 0.0712218 0.00568511
 0.125707 0.32114 0.495352 0.0537591 0.00404204
 0.23352 0.215282 0.420074 0.123614 0.00750983
 0 0 0 0 0
pf_pred 
 0.425135 0.105226 0.44658 0.0230571 7.34839e-07
 0.412177 0.266991 0.0587268 0.249237 0.0128686
 0.546984 0.200264 0.114801 0.0252513 0.1127
 0.773858 0.130477 0.0422905 0.0242429 0.0291318
 0.649091 0.278987 0.0414971 0.0134501 0.0169754
 0.730613 0.181891 0.0695627 0.0103469 0.00758631
 0.468303 0.400752 0.0884141 0.0338132 0.00871703
 0.428886 0.285967 0.214922 0.047416 0.0228088
 0.499852 0.228738 0.1359 0.102137 0.0333729
 0.651757 0.184762 0.0747665 0.044421 0.0442935
 0.777447 0.1513 0.0378039 0.0152979 0.0181517
 0.720322 0.222889 0.0386077 0.00964656 0.00853546
 0.667143 0.248303 0.067385 0.0116721 0.0054969
 0.608108 0.272496 0.0890671 0.0241712 0.00615857
 0.703394 0.190119 0.0740439 0.0242017 0.00824135
 0.915949 0.0613498 0.0145508 0.00566697 0.00248304
 0.433321 0.524416 0.0308482 0.00731652 0.00409803
 0.880408 0.0554759 0.059334 0.00349026 0.00129148
 0.617631 0.341416 0.0189971 0.0203182 0.00163745
 0.605674 0.255438 0.124013 0.00690032 0.00797498
 0.740753 0.164801 0.0611807 0.0297027 0.00356283
 0.744043 0.195504 0.0384295 0.0142666 0.00775713
 0.34045 0.506174 0.117151 0.0230281 0.0131973
 0.746486 0.0933199 0.122941 0.0284542 0.00879855
 0.628209 0.285706 0.0316884 0.041747 0.0126498
 0.4539 0.358109 0.144464 0.0160229 0.0275051
 0.733305 0.128922 0.0903455 0.036446 0.0109814
 0.689754 0.234561 0.0365866 0.025639 0.0134594
 0.374232 0.447146 0.135047 0.0210645 0.0225106
 0.463853 0.215763 0.228932 0.069142 0.0223098
 0.864435 0.0669735 0.0276036 0.0292885 0.0116999
pobs_RECLAS
 0 0 0 0 0
 0 0 0 0 0
 0 0 0 0 0
 0 0 0 0 0
 0 0 0 0 0
 0 0 0 0 0
 0 0 0 0 0
 0 0 0 0 0
 0 0 0 0 0
 0 0 0 0 0
 0.991045 0.00858322 0.000360255 1.14367e-05 0
 0.934742 0.0480273 0.0164251 0.00080598 0
 0.827803 0.169806 0.00239088 0 0
 0.941827 0.0461693 0.0120037 0 0
 0.791401 0.0380133 0.147996 0.0225897 0
 0.846168 0.0940531 0.0597789 0 0
 0.134021 0.677848 0.182769 0.00536245 0
 0.80878 0.0450904 0.141981 0.00414843 0
 0.846168 0.0940531 0.0597789 0 0
 0.905697 0.0802665 0.012482 0.00150086 5.37128e-05
 0.989698 0.0102097 9.19794e-05 0 0
 0.975433 0.0193895 0.00387452 0.00125025 5.28907e-05
 0.303575 0.632131 0.0575291 0.00676475 0
 0.966965 0.00978017 0.0227588 0.000495775 0
 0.843318 0.132988 0.00938335 0.0141283 0.000182051
 0.564624 0.303363 0.111486 0.0197234 0.00080311
 0.826376 0.0876187 0.0782897 0.00655872 0.00115652
 0.89761 0.0855135 0.0140674 0.00269457 0.000114338
 0.34875 0.467042 0.161289 0.0227151 0.000203297
 0.318654 0.224769 0.449479 0.00709798 0
 0.937255 0.0296025 0.0250945 0.00804832 0
ppred_RECLAS
 0.453107 0.100106 0.424851 0.0219352 6.99083e-07
 0.440119 0.254299 0.0559352 0.237389 0.0122569
 0.575109 0.187831 0.107673 0.0236837 0.105703
 0.793323 0.119246 0.0386503 0.0221562 0.0266242
 0.674465 0.258813 0.0384964 0.0124776 0.0157479
 0.752464 0.167137 0.0639202 0.00950763 0.00697096
 0.497185 0.378984 0.0836115 0.0319765 0.00824353
 0.456806 0.271988 0.204415 0.045098 0.0216937
 0.528428 0.215669 0.128135 0.0963014 0.0314661
 0.677386 0.171164 0.0692639 0.0411518 0.0410336
 0.796443 0.138385 0.0345771 0.0139921 0.0166024
 0.743077 0.204754 0.0354665 0.00886169 0.00784099
 0.692321 0.229521 0.0622877 0.0107892 0.00508109
 0.635813 0.253231 0.0827702 0.0224623 0.00572317
 0.726984 0.174998 0.0681549 0.0222769 0.00758589
 0.924438 0.0551535 0.0130812 0.00509461 0.00223226
 0.46163 0.498218 0.0293071 0.00695102 0.00389331
 0.891966 0.0501147 0.0536 0.00315296 0.00116667
 0.644556 0.317375 0.0176593 0.0188875 0.00152214
 0.63284 0.23784 0.115469 0.00642494 0.00742556
 0.762143 0.151203 0.0561329 0.027252 0.00326887
 0.765348 0.179231 0.0352309 0.0130791 0.00711146
 0.366511 0.486173 0.112522 0.0221181 0.0126758
 0.767424 0.0856123 0.112787 0.0261041 0.00807185
 0.654402 0.265577 0.0294559 0.0388058 0.0117586
 0.482197 0.339553 0.136978 0.0151926 0.0260798
 0.754975 0.118447 0.0830045 0.0334846 0.0100891
 0.713546 0.216573 0.0337808 0.0236728 0.0124272
 0.401221 0.427861 0.129222 0.020156 0.0215397
 0.492311 0.20431 0.216781 0.065472 0.0211256
 0.877184 0.0606747 0.0250075 0.0265339 0.0105995
pobs_PELACES
 0 0 0 0 0
 0 0 0 0 0
 0 0 0 0 0
 0 0 0 0 0
 0 0 0 0 0
 0 0 0 0 0
 0 0 0 0 0
 0 0 0 0 0
 0 0 0 0 0
 0 0 0 0 0
 0 0 0 0 0
 0 0 0 0 0
 0 0 0 0 0
 0 0 0 0 0
 0 0 0 0 0
 0 0 0 0 0
 0.505614 0.472636 0.0217494 0 0
 0 0 0 0 0
 0.443492 0.261883 0.143347 0.151278 0
 0.227955 0.32914 0.350689 0.0885471 0.00366901
 0.970185 0.0296113 0.000203453 0 0
 0.997202 0.00247181 0.000326279 0 0
 0.445219 0.490057 0.0546422 0.010081 0
 0.90214 0.0892962 0.00764917 0.000914606 0
 0 0 0 0 0
 0.581667 0.319106 0.0959925 0.00289975 0.000334073
 0.762889 0.0836404 0.116647 0.0363945 0.000428098
 0.88444 0.0763242 0.0277011 0.0115352 0
 0.521256 0.241999 0.230069 0.00667565 0
 0.616807 0.101726 0.260614 0.0208532 0
 0 0 0 0 0
ppred_PELACES
 0.370529 0.108844 0.494718 0.0259078 8.28045e-07
 0.361726 0.277254 0.0653123 0.28115 0.0145578
 0.493977 0.214057 0.131416 0.0293195 0.13123
 0.737058 0.146716 0.0509286 0.0296123 0.0356853
 0.605151 0.30897 0.0492183 0.0161809 0.0204801
 0.690957 0.203745 0.0834504 0.0125901 0.00925735
 0.423527 0.426503 0.100773 0.039091 0.0101064
 0.378401 0.300014 0.24148 0.0540374 0.026068
 0.447616 0.242243 0.154138 0.117501 0.0385023
 0.604554 0.2022 0.0876301 0.0528084 0.0528068
 0.741446 0.171441 0.0458764 0.0188301 0.0224066
 0.683283 0.248554 0.0461088 0.0116856 0.0103691
 0.62571 0.27404 0.0796473 0.0139935 0.0066089
 0.565034 0.295688 0.103507 0.0284916 0.00728005
 0.662505 0.210592 0.0878378 0.029121 0.00994476
 0.900719 0.0709939 0.0180332 0.00712367 0.00313021
 0.39145 0.560016 0.0352802 0.00848737 0.00476738
 0.857126 0.0638072 0.073088 0.00436081 0.0016182
 0.576459 0.374994 0.0223462 0.0242421 0.00195924
 0.559569 0.278172 0.144634 0.00816286 0.00946103
 0.701674 0.184502 0.0733556 0.0361229 0.00434528
 0.707687 0.219288 0.0461638 0.017383 0.00947854
 0.299907 0.528096 0.130899 0.0260985 0.0149995
 0.703439 0.104245 0.147081 0.034528 0.0107071
 0.583218 0.314376 0.0373429 0.0498999 0.0151634
 0.405807 0.379843 0.164106 0.0184618 0.0317821
 0.690532 0.143912 0.108007 0.0441941 0.013354
 0.647699 0.261293 0.0436487 0.0310254 0.0163334
 0.330469 0.468377 0.151498 0.0239685 0.025687
 0.411401 0.226639 0.257538 0.078894 0.025529
 0.8376 0.0770848 0.0340259 0.036619 0.0146699
pobs_pel_tallas
 0 0 0 0 0 0 0 0 0 0 0 0 0 0 0 0 0 0 0 0 0 0 0 0 0 0
 0 0 0 0 0 0 0 0 0 0 0 0 0 0 0 0 0 0 0 0 0 0 0 0 0 0
 0 0 0 0 0 0 0 0 0 0 0 0 0 0 0 0 0 0 0 0 0 0 0 0 0 0
 0 0 0 0 0 0 0 0 0 0 0 0 0 0 0 0 0 0 0 0 0 0 0 0 0 0
 0 0 0 0 0 0 0 0 0 0 0 0 0 0 0 0 0 0 0 0 0 0 0 0 0 0
 0 0 0 0 0 0 0 0 0 0 0 0 0 0 0 0 0 0 0 0 0 0 0 0 0 0
 0 0 0 0 0 0 0 0 0 0 0 0 0 0 0 0 0 0 0 0 0 0 0 0 0 0
 0 0 0 0 0 0 0 0 0 0 0 0 0 0 0 0 0 0 0 0 0 0 0 0 0 0
 0 0 0 0 0 0 0 0 0 0 0 0 0 0 0 0 0 0 0 0 0 0 0 0 0 0
 0 0 0 0 0 0 0 0 0 0 0 0 0 0 0 0 0 0 0 0 0 0 0 0 0 0
 0 0 0 0 0 0 0 0 0 0 0 0 0 0 0 0 0 0 0 0 0 0 0 0 0 0
 0 0 0 0 0 0 0 0 0 0 0 0 0 0 0 0 0 0 0 0 0 0 0 0 0 0
 0.00862536 0 0 0.000197151 0.00414017 0.0128641 0.00837892 0.0270097 0.101434 0.158115 0.152841 0.127902 0.109271 0.109419 0.0830992 0.0579132 0.0238553 0.00714673 0.00463305 0.00128148 0.00103504 0.000492878 0.000147863 0.000147863 4.92878e-05 0
 0 0 0 0 0 0 0 0 0 0 0 0 0 0 0 0 0 0 0 0 0 0 0 0 0 0
 0 0 0 0 0 0 0 0.0054083 0.00873648 0.0413646 0.0450493 0.0745869 0.0622846 0.0627006 0.0613931 0.0827291 0.12552 0.122667 0.0946155 0.0697135 0.0546179 0.0294188 0.0215738 0.0213955 0.0102223 0.00600262
 0 0 0 0 0.00359764 0.0251062 0.0480494 0.140153 0.205849 0.193036 0.1447 0.116669 0.0760912 0.0342217 0.00950174 0.001854 0.000860785 0 0 0 0.000165536 0 0.000143464 0 0 0
 0 0 0 0 0 0 0 0.000145254 0.000435761 0.0275982 0.070085 0.0708112 0.156366 0.174668 0.174014 0.160142 0.0824315 0.0480064 0.0283245 0.00493863 0.00203355 0 0 0 0 0
 0 0 0 0 0 0 0 0 0 0 0 0 0 0 0 0 0 0 0 0 0 0 0 0 0 0
 0 0 1.00437e-05 0.000401748 0.00122533 0.00171747 0.00176769 0.0269171 0.070346 0.194647 0.189555 0.159765 0.064822 0.0314167 0.0384472 0.0292271 0.0345202 0.0313363 0.0194345 0.0106764 0.0143323 0.0359363 0.0279516 0.0138201 0.00172751 0
 0 0.0021121 0.0136068 0.0755702 0.200478 0.177729 0.0527432 0.0373336 0.0318909 0.0142505 0.0149659 0.0166563 0.0217959 0.0798694 0.0677717 0.0528807 0.04013 0.0224614 0.0357745 0.0225083 0.00881397 0.00855152 0.00135912 0.000746735 0 0
 0 0 0 0 5.4009e-05 0.00500934 0.000945158 0.0243581 0.138947 0.33067 0.221406 0.137944 0.0707744 0.0437923 0.0131692 0.00525238 0.0047753 0.00276346 9.45158e-05 9.00151e-06 2.25038e-05 9.00151e-06 4.50075e-06 0 0 0
 0.000866109 0.00284123 0.00948549 0.0512746 0.133035 0.25785 0.225252 0.132002 0.0553304 0.0519788 0.0540692 0.017754 0.00435017 0.00159236 0.00146478 0.000404838 0.000125132 0.000115318 0.000107957 0.000100596 0 0 0 0 0 0
 0 0 0 0 0.00144013 0.00171154 0.00461396 0.0210425 0.0478622 0.0707936 0.0888783 0.103762 0.0637923 0.0337046 0.0602308 0.124433 0.169614 0.0934646 0.0462172 0.0250306 0.0313229 0.00938855 0.002487 0.000210481 0 0
 0 0.00764035 0.051015 0.0998891 0.058973 0.0496711 0.0374665 0.0718981 0.12319 0.153886 0.159021 0.0857701 0.0377988 0.023471 0.0147837 0.00900784 0.00315554 0.000888139 0.00291439 0.00214683 0.00393193 0.00274676 0.000635225 9.99891e-05 0 0
 0 0 0 0 0 0 0 0 0 0 0 0 0 0 0 0 0 0 0 0 0 0 0 0 0 0
 0 0 0 0 0 0 0 0 0 0 0 0 0 0 0 0 0 0 0 0 0 0 0 0 0 0
 0 0 0 0 0 0 0 0 0 0 0 0 0 0 0 0 0 0 0 0 0 0 0 0 0 0
 0 0 0 0 0 0 0 0 0 0 0 0 0 0 0 0 0 0 0 0 0 0 0 0 0 0
 0 0 0 0 0 0 0 0 0 0 0 0 0 0 0 0 0 0 0 0 0 0 0 0 0 0
 0 0 0 0 0 0 0 0 0 0 0 0 0 0 0 0 0 0 0 0 0 0 0 0 0 0
 0 0 0 0 0 0 0 0 0 0 0 0 0 0 0 0 0 0 0 0 0 0 0 0 0 0
ppred_pel_tallas
 1.16903e-16 3.052e-05 0.000296665 0.00197145 0.00896192 0.0278839 0.05941 0.086713 0.0867243 0.0594653 0.0280716 0.00951361 0.0033921 0.0035163 0.00649118 0.0115829 0.0187726 0.0279459 0.0388389 0.0510658 0.0638826 0.0757991 0.0845339 0.0876873 0.0838769 0.0735722
 1.32615e-16 2.97949e-05 0.000289617 0.00192461 0.00874901 0.0272216 0.0579994 0.0846575 0.0846843 0.0581307 0.027663 0.0100261 0.00513852 0.00733462 0.0134999 0.0225239 0.0330833 0.0430671 0.050477 0.0547303 0.0571302 0.0599329 0.0646629 0.0709607 0.0767348 0.0793482
 1.28996e-16 4.06883e-05 0.000395505 0.00262827 0.0119477 0.037174 0.0792038 0.115605 0.115625 0.0793057 0.0375164 0.0129395 0.00512753 0.0058844 0.0105641 0.0176662 0.0260883 0.0342116 0.0404627 0.0442737 0.046451 0.0485371 0.0516488 0.0557014 0.0595062 0.0614951
 1.10516e-16 6.07105e-05 0.000590128 0.00392161 0.0178271 0.0554667 0.118178 0.172488 0.172502 0.118248 0.0557 0.0185018 0.0056186 0.00430576 0.00715084 0.0118162 0.0172362 0.0221595 0.0253752 0.0263876 0.025722 0.0245333 0.0238236 0.0238779 0.0242637 0.0242463
 1.06588e-16 4.98456e-05 0.000484517 0.00321978 0.0146367 0.0455403 0.0970296 0.141624 0.141654 0.0971752 0.0460292 0.016049 0.00676554 0.00822764 0.0147638 0.0243516 0.0351317 0.0443081 0.0490721 0.0481541 0.0425848 0.0349849 0.0279675 0.0228952 0.0197113 0.0175902
 1.0529e-16 5.69133e-05 0.000553217 0.00367632 0.016712 0.0519975 0.110787 0.161701 0.161721 0.110883 0.0523215 0.0176491 0.00603263 0.00571118 0.00989432 0.0163758 0.0238381 0.0305086 0.0346048 0.0352876 0.0331094 0.0295341 0.0259438 0.0229411 0.0203677 0.0177927
 1.08648e-16 3.48854e-05 0.000339099 0.00225343 0.0102438 0.0318725 0.0679093 0.0991242 0.0991654 0.0681105 0.0325485 0.0121972 0.00716028 0.0110629 0.0204375 0.0338277 0.0489538 0.0620454 0.0692765 0.068891 0.0622168 0.0526741 0.0436114 0.0366811 0.0317098 0.0276528
 1.16876e-16 3.11684e-05 0.000302968 0.00201333 0.00915233 0.0284764 0.0606732 0.0885604 0.0885896 0.0608162 0.0289577 0.0105466 0.00552921 0.00803133 0.0148653 0.0249367 0.0368832 0.0484107 0.0571589 0.0620043 0.0635707 0.0634425 0.0627806 0.0615454 0.0588433 0.0538781
 1.2281e-16 3.68696e-05 0.000358386 0.0023816 0.0108264 0.0336852 0.0717707 0.104756 0.10478 0.071886 0.0340731 0.01195 0.00521373 0.00658082 0.0119737 0.0200555 0.0296531 0.0389469 0.0461373 0.0505101 0.0528296 0.0546175 0.0568914 0.0593971 0.0608508 0.0598381
 1.16813e-16 4.97964e-05 0.000484039 0.00321661 0.0146222 0.0454953 0.0969333 0.141481 0.141501 0.0970292 0.0458175 0.0155545 0.00556289 0.00562668 0.00987881 0.0164203 0.024055 0.0311366 0.0360521 0.0381536 0.0381527 0.0375608 0.037613 0.0385228 0.0395345 0.0395457
 1.07049e-16 6.1072e-05 0.000593641 0.00394496 0.0179332 0.0557969 0.118882 0.173515 0.173532 0.118963 0.0560689 0.0187194 0.00592056 0.00491377 0.00828796 0.0136646 0.0198226 0.025242 0.0284264 0.0287184 0.0266902 0.0237233 0.0211195 0.0194382 0.0184534 0.0175694
 1.04321e-16 5.62811e-05 0.000547073 0.00363549 0.0165264 0.05142 0.109557 0.159906 0.15993 0.109674 0.0518134 0.0176631 0.00648978 0.00678135 0.0119063 0.0196209 0.0283225 0.0357524 0.039647 0.0389686 0.0345137 0.0283464 0.0225296 0.0181475 0.0151869 0.0130588
 1.04891e-16 5.1539e-05 0.000500977 0.00332917 0.0151339 0.0470875 0.100326 0.146434 0.14646 0.100455 0.0475222 0.0163904 0.00648623 0.00740341 0.0131914 0.0218074 0.0315981 0.0401302 0.0449448 0.0448913 0.0407701 0.0347031 0.028772 0.0240125 0.0203569 0.0172414
 1.07152e-16 4.65411e-05 0.000452397 0.00300634 0.0136664 0.0425213 0.0905973 0.132235 0.132264 0.0907371 0.0429911 0.0150244 0.0064203 0.00792186 0.0142817 0.0236664 0.0343921 0.0438899 0.0495582 0.0501857 0.0466168 0.041054 0.0355932 0.0311748 0.0275779 0.0241249
 1.07193e-16 5.45697e-05 0.000530437 0.00352494 0.0160239 0.0498563 0.106225 0.155043 0.155063 0.106325 0.0501914 0.016993 0.00596251 0.00586799 0.0102398 0.0169691 0.0247393 0.0317458 0.0361796 0.0372084 0.0354268 0.0323417 0.0293299 0.0269154 0.0248062 0.0224377
 1.01783e-16 7.4191e-05 0.000721163 0.00479238 0.0217855 0.0677828 0.144419 0.210785 0.210791 0.144452 0.0678953 0.0221108 0.00560974 0.00250792 0.00347486 0.00564661 0.00817315 0.0103768 0.0116221 0.0116211 0.0105966 0.00911413 0.00772126 0.00667776 0.00593748 0.00531137
 1.0282e-16 3.22433e-05 0.000313416 0.00208276 0.00946798 0.0294587 0.0627668 0.0916213 0.0916752 0.0630302 0.0303428 0.0120206 0.00848663 0.0142816 0.0265264 0.0437134 0.062759 0.0784826 0.0856248 0.0817627 0.0687767 0.0516272 0.0354612 0.0232779 0.0154833 0.0109246
 1.02837e-16 7.06003e-05 0.00068626 0.00456044 0.0207311 0.0645022 0.137429 0.200583 0.200589 0.13746 0.0646052 0.0210298 0.00531507 0.00234943 0.00327549 0.00542359 0.00808532 0.0107473 0.0129157 0.014329 0.0150473 0.0152906 0.0151806 0.0146335 0.013481 0.0116797
 1.03504e-16 4.74822e-05 0.000461544 0.00306713 0.0139427 0.0433812 0.0924296 0.134911 0.134947 0.0926059 0.0439733 0.0156523 0.00735644 0.00981856 0.0177991 0.0293013 0.0420933 0.0527061 0.057647 0.05533 0.0470445 0.0361174 0.0259565 0.0184789 0.0138279 0.0111032
 1.06665e-16 4.60911e-05 0.000448021 0.00297726 0.0135342 0.0421101 0.089721 0.130956 0.130983 0.0898529 0.0425534 0.0148167 0.00620424 0.00751841 0.0135496 0.022524 0.0328988 0.0423188 0.0483757 0.0498997 0.0475502 0.0431649 0.0384512 0.0341123 0.0299395 0.0254936
 1.06523e-16 5.7796e-05 0.000561798 0.00373335 0.0169713 0.052804 0.112505 0.164208 0.164226 0.112592 0.0530975 0.0178202 0.0058684 0.00523669 0.00897794 0.0148612 0.0216642 0.0278008 0.0316928 0.032623 0.0311276 0.0285374 0.0260556 0.0241171 0.022424 0.0204355
 1.04736e-16 5.82912e-05 0.000566612 0.00376533 0.0171167 0.0532565 0.113469 0.165616 0.165637 0.113573 0.0536038 0.0181204 0.00628618 0.0060745 0.0105333 0.0173603 0.0250956 0.0317592 0.0353752 0.0350442 0.0314685 0.0264427 0.0217325 0.0182222 0.0158304 0.0139921
 1.09069e-16 2.4703e-05 0.000240122 0.0015957 0.00725385 0.0225697 0.048089 0.070198 0.070249 0.0483382 0.0234067 0.00967261 0.0076716 0.0135187 0.0252869 0.0418798 0.0605957 0.0767649 0.085623 0.0849544 0.0763587 0.0640429 0.0521697 0.0428647 0.036049 0.0305825
 1.09546e-16 5.79414e-05 0.000563211 0.00374274 0.0170139 0.0529367 0.112788 0.164619 0.164629 0.112838 0.0531061 0.017506 0.00498845 0.00331781 0.00539301 0.00909561 0.0137339 0.0186096 0.0230246 0.0266302 0.0295245 0.0319443 0.0338357 0.0347238 0.0340023 0.0313758
 1.08729e-16 4.8039e-05 0.000466956 0.00310309 0.0141062 0.0438898 0.093513 0.136491 0.136522 0.093661 0.044387 0.0155426 0.00670915 0.00834111 0.0150096 0.0247594 0.0357215 0.0450682 0.049976 0.0492097 0.0438889 0.036736 0.0304087 0.026201 0.0238735 0.0223669
 1.12063e-16 3.34259e-05 0.000324912 0.00215915 0.00981522 0.030539 0.0650679 0.0949762 0.095013 0.0652478 0.0311434 0.0115632 0.00655539 0.00995068 0.0183991 0.030586 0.0445762 0.0571468 0.0650071 0.0666156 0.0630103 0.0569038 0.0508284 0.0458411 0.0415677 0.0371287
 1.09846e-16 5.68782e-05 0.000552877 0.00367406 0.0167018 0.0519654 0.110718 0.1616 0.161614 0.110787 0.0521962 0.0173702 0.00535954 0.00425741 0.00716682 0.0119545 0.01768 0.0232199 0.0274638 0.0299124 0.0309155 0.0312752 0.0315535 0.0316736 0.0310843 0.0292475
 1.07202e-16 5.33502e-05 0.000518583 0.00344617 0.0156658 0.0487422 0.103851 0.151579 0.151605 0.103975 0.0491558 0.0168608 0.00644707 0.00707372 0.0125155 0.0206416 0.0298182 0.0376974 0.0419368 0.0414971 0.0372713 0.0314649 0.0262302 0.022615 0.0204419 0.0188967
 1.11243e-16 2.72204e-05 0.000264592 0.00175831 0.00799305 0.0248696 0.052989 0.0773484 0.0773937 0.0532103 0.0256132 0.0101425 0.00716048 0.0120801 0.0225332 0.0373824 0.0542555 0.0690848 0.0777186 0.0782243 0.0719696 0.0625305 0.0533626 0.0461016 0.0404983 0.0354884
 1.19723e-16 3.38866e-05 0.00032939 0.00218891 0.00995048 0.0309598 0.0659639 0.0962809 0.0963031 0.0660726 0.0313261 0.0110134 0.00487552 0.0062561 0.0114721 0.0193917 0.0290601 0.038928 0.0474027 0.0537349 0.0582961 0.0619187 0.0648863 0.0665021 0.0655685 0.0612847
 1.07157e-16 6.8992e-05 0.000670627 0.00445655 0.0202589 0.0630328 0.134298 0.196014 0.196022 0.134335 0.0631558 0.0206147 0.00535248 0.00263554 0.00382821 0.00629399 0.00924123 0.0120195 0.0140334 0.015058 0.0153768 0.0155539 0.0160142 0.0167613 0.0174165 0.0174874
pSPR Fmed_Fpbrs
0.747233   0.192576 0.192576
Fs Fmed_Fpbrs
0.145393   1.005 1.005
SSBpbr Bo_Bmed_Bpbrs
2.47606e+06  1.72639e+06  353026 353026
Ro
245553
SPR SPRFo_SPRFmed_SPRFpbrs
1.7485e+06 1.30654e+06 336719
Fref
1.005
log_Ro
12.2313
likeval ReclasPelacesDesembMPH_pf_preclas_ppelaces_ptallas_desvR_qrecl_qpela
 18.3618 17.7561 0.137096 0.000800693 229.876 123.544 83.6979 0 20.9395 1.2323e-05 0 0.695446 0 0 0
q_reclas_q_pelaces
0.608086 1
M
1
N
 257137 57061.6 242170 12503.3 0.398485
 150840 87846.6 19322.6 82005.1 4234.09
 147708 48610.3 27865.7 6129.29 27355.8
 314895 47832 15503.4 8887.29 10679.5
 252366 97166.8 14452.8 4684.48 5912.25
 392406 87753.6 33560.6 4991.88 3660.03
 166700 128878 28433.1 10874 2803.31
 81110.8 48398.5 36374.3 8024.91 3860.26
 69921.2 28781.8 17100.2 12851.8 4199.27
 87252.1 22296.2 9022.45 5360.51 5345.12
 152586 26594.9 6645.04 2689.01 3190.65
 190458 53286.2 9229.99 2306.21 2040.58
 161442 54286.1 14732.2 2551.85 1201.78
 115005 46841.2 15310.4 4154.96 1058.64
 119028 29079.9 11325.5 3701.81 1260.57
 564636 34166.8 8103.63 3156.04 1382.85
 150516 163921 9642.45 2286.98 1280.95
 838899 47592.8 50902.7 2994.29 1107.96
 525292 262327 14596.4 15611.5 1258.13
 400986 152565 74069.1 4121.35 4763.21
 599725 120086 44580.9 21643.6 2596.14
 797552 188982 37147.5 13790.7 7498.35
 180414 240964 55769.9 10962.5 6282.55
 527314 59168.3 77949.4 18041 5578.6
 431162 176031 19524.1 25721.4 7793.91
 202754 143469 57876.4 6419.24 11019.3
 435825 68774.5 48195.4 19442.4 5858.13
 476883 145459 22688.6 15899.6 8346.58
 150679 161496 48774.9 7607.86 8130.15
 121914 50943.7 54053.1 16325.1 5267.55
 575885 39969.5 16473.7 17479.2 6982.44
pred_Ctot
 11666.8 2887.69 12255.3 632.749 0.0201659
 11951.5 7741.66 1702.84 7226.87 373.138
 11297.3 4136.21 2371.07 521.537 2327.69
 32555.2 5489 1779.11 1019.87 1225.54
 8780.48 3773.95 561.346 181.945 229.632
 26847 6683.74 2556.14 380.206 278.765
 22644.9 19378.4 4275.27 1635.04 421.513
 1821.9 1214.79 912.984 201.423 96.8913
 5956.69 2725.85 1619.51 1217.16 397.701
 9602.44 2722.13 1101.55 654.462 652.583
 4912.57 956.04 238.877 96.6649 114.698
 27682.6 8565.8 1483.73 370.726 328.025
 21985.6 8182.81 2220.67 384.653 181.15
 23431 10499.5 3431.84 931.34 237.296
 16869.1 4559.52 1775.75 580.417 197.648
 76721.4 5138.76 1218.8 474.675 207.984
 13532.5 16377.4 963.38 228.493 127.98
 80596.5 5078.51 5431.7 319.514 118.228
 71256.2 39389.3 2191.7 2344.12 188.913
 47926.8 20212.7 9813.1 546.02 631.058
 55066.1 12251 4548.05 2208.04 264.854
 91563.7 24059.2 4729.23 1755.68 954.611
 12492.2 18573.2 4298.68 844.976 484.251
 31100.5 3887.95 5122.06 1185.48 366.57
 26240.4 11934 1323.63 1743.78 528.386
 10057.7 7935.15 3201.09 355.042 609.47
 25758.5 4528.6 3173.53 1280.23 385.741
 24114.7 8200.56 1279.11 896.371 470.556
 7765 9277.89 2802.1 437.069 467.075
 8464.49 3937.29 4177.6 1261.72 407.114
 20235 1567.74 646.155 685.594 273.875
F
 0.0740171 0.0828572 0.0828572 0.0828572 0.0828572
 0.132385 0.148196 0.148196 0.148196 0.148196
 0.12754 0.142773 0.142773 0.142773 0.142773
 0.17581 0.196807 0.196807 0.196807 0.196807
 0.056346 0.0630756 0.0630756 0.0630756 0.0630756
 0.113431 0.126979 0.126979 0.126979 0.126979
 0.23673 0.265003 0.265003 0.265003 0.265003
 0.0360722 0.0403804 0.0403804 0.0403804 0.0403804
 0.142955 0.160028 0.160028 0.160028 0.160028
 0.188081 0.210544 0.210544 0.210544 0.210544
 0.0520473 0.0582635 0.0582635 0.0582635 0.0582635
 0.255164 0.285639 0.285639 0.285639 0.285639
 0.237385 0.265737 0.265737 0.265737 0.265737
 0.37493 0.419709 0.419709 0.419709 0.419709
 0.248104 0.277736 0.277736 0.277736 0.277736
 0.236799 0.265081 0.265081 0.265081 0.265081
 0.151386 0.169467 0.169467 0.169467 0.169467
 0.162501 0.181909 0.181909 0.181909 0.181909
 0.236362 0.264592 0.264592 0.264592 0.264592
 0.205718 0.230288 0.230288 0.230288 0.230288
 0.15482 0.173311 0.173311 0.173311 0.173311
 0.196901 0.220417 0.220417 0.220417 0.220417
 0.114868 0.128587 0.128587 0.128587 0.128587
 0.097134 0.108735 0.108735 0.108735 0.108735
 0.100364 0.112351 0.112351 0.112351 0.112351
 0.0811617 0.0908551 0.0908551 0.0908551 0.0908551
 0.0973461 0.108972 0.108972 0.108972 0.108972
 0.0827908 0.0926788 0.0926788 0.0926788 0.0926788
 0.0844296 0.0945133 0.0945133 0.0945133 0.0945133
 0.115195 0.128953 0.128953 0.128953 0.128953
 0.0569173 0.0637151 0.0637151 0.0637151 0.0637151
nmprior
 8 9 7.5 0
nm_flota  nm_reclas  nm_pelaces    nm_pelaL
inf 11.7886 9.77915 15.4298
cv_recla  cv_pelaces  cv_mph
0.387599 0.495836 0.873249
 ------------------------------------------------
Talla a la edad & desviación 
 8 13.2811 15.8009 17.003 17.5766
 0.8 1.32811 1.58009 1.7003 1.75766
