    unsorted:	 2.359482103e-06 2.267451430e-06 5.959429836e-05 5.270635302e-05 8.572839959e-05 0.001099992512 2.786241122 13.22777823 40.90547861 62.55127221 157.6395316 227.5917799 258.9459823 342.2972264 474.8750081 611.1329941 661.8242972 795.8780028 867.8772745 886.0748317 934.2796426 997.7998728 1113.658447 1229.602810 1427.750878 1492.983952 1678.344400 1964.401379 1922.240674 2065.779591 2287.393088 2402.676301 2417.954229 2499.595361 2567.647510 2624.629625 2793.747300 3115.314047 3155.938779 3276.768984 3660.371909 3823.249049 4201.187806 7735.341893 38735.97426 402049.8544 397307.1175 408555.7643 387611.4286 367002.4661 429010.4484 450756.9783 456327.3878 462997.0436 352264.2829 296771.0079 158314.0359 505295.7483 575241.6611 591658.1467 633255.4100 649908.8519 684951.2784 909223.3931 963827.9794 1046200.328 1153027.352 1397952.453 1480805.951 1605631.204 1711926.665 2293561.305 2362849.129 2687636.094 2792228.549 2995130.037 3233257.682
      sorted:	 2.267451430e-06 2.359482103e-06 5.270635302e-05 5.959429836e-05 8.572839959e-05 0.001099992512 2.786241122 13.22777823 40.90547861 62.55127221 157.6395316 227.5917799 258.9459823 342.2972264 474.8750081 611.1329941 661.8242972 795.8780028 867.8772745 886.0748317 934.2796426 997.7998728 1113.658447 1229.602810 1427.750878 1492.983952 1678.344400 1922.240674 1964.401379 2065.779591 2287.393088 2402.676301 2417.954229 2499.595361 2567.647510 2624.629625 2793.747300 3115.314047 3155.938779 3276.768984 3660.371909 3823.249049 4201.187806 7735.341893 38735.97426 158314.0359 296771.0079 352264.2829 367002.4661 387611.4286 397307.1175 402049.8544 408555.7643 429010.4484 450756.9783 456327.3878 462997.0436 505295.7483 575241.6611 591658.1467 633255.4100 649908.8519 684951.2784 909223.3931 963827.9794 1046200.328 1153027.352 1397952.453 1480805.951 1605631.204 1711926.665 2293561.305 2362849.129 2687636.094 2792228.549 2995130.037 3233257.682
