years
 1991 1992 1993 1994 1995 1996 1997 1998 1999 2000 2001 2002 2003 2004 2005 2006 2007 2008 2009 2010 2011 2012 2013 2014 2015 2016 2017 2018 2019 2020 2021
reclasobs
 0 0 0 0 0 0 0 0 0 252601 567819 844713 477998 351125 339783 2.1784e+06 2.13404e+06 4.81314e+06 1.55562e+06 2.62356e+06 3.21686e+06 3.843e+06 1.13348e+06 3.07943e+06 1.97215e+06 2.03268e+06 2.025e+06 2.42433e+06 2.27542e+06 1.05018e+06 2.36338e+06
reclaspred
 3.27066e+06 1.75939e+06 890121 900515 908402 1.75972e+06 920470 765240 526787 329301 504728 719292 706798 507210 481408 1.4154e+06 1.1547e+06 3.27346e+06 2.55219e+06 1.85246e+06 3.18155e+06 2.6082e+06 1.87451e+06 3.08205e+06 2.23672e+06 1.93819e+06 2.40087e+06 2.66505e+06 2.02677e+06 1.13393e+06 1.89725e+06
pelacesobs
 0 0 0 0 0 0 0 0 0 0 0 0 0 0 0 552880 188675 0 991730 2.46772e+06 1.41603e+06 1.21717e+06 2.29649e+06 1.80582e+06 0 1.4828e+06 1.56532e+06 1.57751e+06 1.42118e+06 867257 0
pelacespred
 2.01594e+06 1.16485e+06 561662 429607 495891 950226 456088 511338 309428 166795 279077 332957 367128 255869 247452 613722 575260 1.75353e+06 1.45575e+06 963221 1.65191e+06 1.40899e+06 1.11473e+06 1.8917e+06 1.39111e+06 1.22343e+06 1.62666e+06 1.77819e+06 1.24927e+06 766599 1.08164e+06
mphobs
 0 0 0 0 0 0 0 0 0 0 0 498337 0 5186 125008 0 168611 109162 213762 579715 649985 157893 87575 83554 0 0 0 0 0 0 0
mphpred
 509273 340764 159615 89050.9 93745 116239 175291 85127.9 75782.4 43371 24569.2 61982.9 67322.9 53738.8 30454.8 38357.6 155918 125741 328038 220384 234194 287514 275480 207487 315433 254199 202892 226786 336633 204170 98466
desembarqueobs
 494567 514787 250237 358949 120608 361735 552515 73892 212993 205616 52469 317467 293654 387597 252695 516296 358380 742168 942051 627588 828172 859565 418607 520667 417249 300574 407403 355545 319650 289779 219260
desembarquepred
 494563 514082 250509 358979 120612 361724 552477 73897 213049 205665 52471.3 317504 293656 387494 252641 516178 358409 741960 941641 627278 828236 859459 418585 520675 417213 300559 407379 355498 319614 289773 219262
Reclutas
 158806 89166.2 88814.7 122111 99034.7 203609 73756.1 29354.2 30262.5 40906.7 75162.7 118399 98597.5 69870 59930.9 322968 58863.7 527475 296490 243295 316344 445351 78922.4 245207 204584 88309.9 203402 229884 61996.1 45532.4 207257
log_desv_Rt
 0.278819 -0.298362 -0.302313 0.0160656 -0.193394 0.527337 -0.488101 -1.40943 -1.37895 -1.07757 -0.46921 -0.0148047 -0.197819 -0.542229 -0.695673 0.988687 -0.71364 1.47924 0.90315 0.705409 0.967965 1.31 -0.4204 0.713239 0.532113 -0.308012 0.526318 0.64871 -0.661794 -0.97044 0.545097
SSB
 1.57859e+06 1.05627e+06 494758 276031 290582 360306 543350 263871 234903 134437 76157.2 192129 208681 166574 94400.7 118897 483298 389760 1.01682e+06 683126 725931 891209 853904 643147 977749 787940 628905 702968 1.04346e+06 632867 305215
BT
 2.31287e+06 1.59811e+06 768982 743131 602405 1.34748e+06 935987 591598 527646 372110 355694 624509 661827 683819 532497 1.12705e+06 859014 2.65688e+06 2.42438e+06 1.5437e+06 2.4729e+06 2.26893e+06 1.46819e+06 2.56299e+06 1.7841e+06 1.49655e+06 2.18273e+06 2.28672e+06 1.46298e+06 1.01941e+06 1.38818e+06
Ftot
 0.263161 0.48901 0.482991 0.747231 0.25261 0.417622 0.984673 0.180085 0.736741 1.11371 0.227334 0.84805 0.791508 1.40094 1.06609 0.799901 0.546578 0.489758 0.681222 0.64044 0.507879 0.634978 0.39179 0.34744 0.345164 0.28185 0.34353 0.275601 0.267374 0.438616 0.249552
BD_Bspro_t
 0.958981 0.731692 0.500925 0.398414 0.385581 0.489065 0.51234 0.303517 0.351813 0.276623 0.225674 0.507247 0.390111 0.296692 0.186834 0.226873 0.422981 0.361382 0.524021 0.397843 0.366993 0.412693 0.429768 0.399213 0.534838 0.540951 0.542979 0.601583 0.674863 0.561269 0.467772
BD_Bspro
 1.8449 1.23446 0.578223 0.322597 0.339602 0.421089 0.635013 0.308386 0.27453 0.157116 0.0890048 0.22454 0.243885 0.194675 0.110326 0.138955 0.56483 0.455511 1.18836 0.798368 0.848394 1.04155 0.997956 0.751645 1.14269 0.920864 0.735 0.821557 1.21949 0.73963 0.356704
BD_Bo
 1.20379 0.805476 0.377287 0.210493 0.221589 0.274758 0.414342 0.20122 0.17913 0.102518 0.0580752 0.146511 0.159133 0.127024 0.071987 0.0906672 0.368548 0.297219 0.775396 0.520931 0.553572 0.679608 0.651161 0.490444 0.745601 0.600859 0.479583 0.536062 0.795711 0.482605 0.232748
BD_Brms
 6.16631 4.12598 1.93262 1.07823 1.13507 1.40743 2.12244 1.03073 0.917577 0.525138 0.297485 0.750492 0.815149 0.650672 0.368748 0.464435 1.88786 1.52248 3.9719 2.66843 2.83563 3.48124 3.33552 2.51226 3.81928 3.07785 2.45663 2.74593 4.07597 2.4721 1.19223
Sel_flota
 0.662531 0.973891 0.998591 0.999926 0.999996
 0.662531 0.973891 0.998591 0.999926 0.999996
 0.662531 0.973891 0.998591 0.999926 0.999996
 0.662531 0.973891 0.998591 0.999926 0.999996
 0.662531 0.973891 0.998591 0.999926 0.999996
 0.662531 0.973891 0.998591 0.999926 0.999996
 0.662531 0.973891 0.998591 0.999926 0.999996
 0.662531 0.973891 0.998591 0.999926 0.999996
 0.662531 0.973891 0.998591 0.999926 0.999996
 0.662531 0.973891 0.998591 0.999926 0.999996
 0.662531 0.973891 0.998591 0.999926 0.999996
 0.662531 0.973891 0.998591 0.999926 0.999996
 0.662531 0.973891 0.998591 0.999926 0.999996
 0.662531 0.973891 0.998591 0.999926 0.999996
 0.662531 0.973891 0.998591 0.999926 0.999996
 0.662531 0.973891 0.998591 0.999926 0.999996
 0.662531 0.973891 0.998591 0.999926 0.999996
 0.662531 0.973891 0.998591 0.999926 0.999996
 0.662531 0.973891 0.998591 0.999926 0.999996
 0.662531 0.973891 0.998591 0.999926 0.999996
 0.662531 0.973891 0.998591 0.999926 0.999996
 0.662531 0.973891 0.998591 0.999926 0.999996
 0.662531 0.973891 0.998591 0.999926 0.999996
 0.662531 0.973891 0.998591 0.999926 0.999996
 0.662531 0.973891 0.998591 0.999926 0.999996
 0.662531 0.973891 0.998591 0.999926 0.999996
 0.662531 0.973891 0.998591 0.999926 0.999996
 0.662531 0.973891 0.998591 0.999926 0.999996
 0.662531 0.973891 0.998591 0.999926 0.999996
 0.662531 0.973891 0.998591 0.999926 0.999996
 0.662531 0.973891 0.998591 0.999926 0.999996
Sel_reclas
 1 1 1 1 1
 1 1 1 1 1
 1 1 1 1 1
 1 1 1 1 1
 1 1 1 1 1
 1 1 1 1 1
 1 1 1 1 1
 1 1 1 1 1
 1 1 1 1 1
 1 1 1 1 1
 1 1 1 1 1
 1 1 1 1 1
 1 1 1 1 1
 1 1 1 1 1
 1 1 1 1 1
 1 1 1 1 1
 1 1 1 1 1
 1 1 1 1 1
 1 1 1 1 1
 1 1 1 1 1
 1 1 1 1 1
 1 1 1 1 1
 1 1 1 1 1
 1 1 1 1 1
 1 1 1 1 1
 1 1 1 1 1
 1 1 1 1 1
 1 1 1 1 1
 1 1 1 1 1
 1 1 1 1 1
 1 1 1 1 1
Sel_pelaces
 0.735403 0.933277 0.985993 0.997185 0.999439
 0.735403 0.933277 0.985993 0.997185 0.999439
 0.735403 0.933277 0.985993 0.997185 0.999439
 0.735403 0.933277 0.985993 0.997185 0.999439
 0.735403 0.933277 0.985993 0.997185 0.999439
 0.735403 0.933277 0.985993 0.997185 0.999439
 0.735403 0.933277 0.985993 0.997185 0.999439
 0.735403 0.933277 0.985993 0.997185 0.999439
 0.735403 0.933277 0.985993 0.997185 0.999439
 0.735403 0.933277 0.985993 0.997185 0.999439
 0.735403 0.933277 0.985993 0.997185 0.999439
 0.735403 0.933277 0.985993 0.997185 0.999439
 0.735403 0.933277 0.985993 0.997185 0.999439
 0.735403 0.933277 0.985993 0.997185 0.999439
 0.735403 0.933277 0.985993 0.997185 0.999439
 0.735403 0.933277 0.985993 0.997185 0.999439
 0.735403 0.933277 0.985993 0.997185 0.999439
 0.735403 0.933277 0.985993 0.997185 0.999439
 0.735403 0.933277 0.985993 0.997185 0.999439
 0.735403 0.933277 0.985993 0.997185 0.999439
 0.735403 0.933277 0.985993 0.997185 0.999439
 0.735403 0.933277 0.985993 0.997185 0.999439
 0.735403 0.933277 0.985993 0.997185 0.999439
 0.735403 0.933277 0.985993 0.997185 0.999439
 0.735403 0.933277 0.985993 0.997185 0.999439
 0.735403 0.933277 0.985993 0.997185 0.999439
 0.735403 0.933277 0.985993 0.997185 0.999439
 0.735403 0.933277 0.985993 0.997185 0.999439
 0.735403 0.933277 0.985993 0.997185 0.999439
 0.735403 0.933277 0.985993 0.997185 0.999439
 0.735403 0.933277 0.985993 0.997185 0.999439
pf_obs 
 0.8446 0.082 0.0669 0.0065 0
 0.8095 0.147 0.0364 0.0071 0
 0.9664 0.0169 0.016 0.0007 0
 0.9276 0.0648 0.0075 0.0001 0
 0.7033 0.2144 0.0806 0.0017 0
 0.9318 0.0425 0.0243 0.0014 0
 0.5671 0.3108 0.0964 0.0239 0.0018
 0.0768 0.2599 0.5324 0.112 0.0189
 0.490249 0.384438 0.106611 0.0170017 0.00170017
 0.7925 0.1577 0.0466 0.003 0.0002
 0.840416 0.127587 0.0312969 0.00059994 9.999e-05
 0.8084 0.0986 0.0794 0.0134 0.0002
 0.7335 0.1905 0.0724 0.0035 0.0001
 0.4001 0.4547 0.1325 0.0127 0
 0.49795 0.308269 0.164784 0.0264974 0.00249975
 0.9179 0.0499 0.0305 0.0017 0
 0.2467 0.6533 0.0926 0.0074 0
 0.9418 0.0223 0.034 0.0019 0
 0.707729 0.231977 0.0356964 0.0245975 0
 0.517169 0.277429 0.184464 0.0207286 0.00020938
 0.811772 0.124168 0.05621 0.00726502 0.000585176
 0.764997 0.148141 0.077277 0.00933861 0.000247198
 0.163321 0.427699 0.378323 0.0303852 0.000271297
 0.753843 0.0900009 0.118128 0.0371064 0.000921714
 0.721811 0.176058 0.0630433 0.0369309 0.00215725
 0.143369 0.312575 0.442814 0.0836902 0.0175525
 0.692698 0.0596174 0.167031 0.0765114 0.00414204
 0.394062 0.376323 0.152708 0.0712218 0.00568511
 0.125707 0.32114 0.495352 0.0537591 0.00404204
 0.23352 0.215282 0.420074 0.123614 0.00750983
 0 0 0 0 0
pf_pred 
 0.507769 0.151948 0.316267 0.024015 9.04243e-07
 0.44599 0.340167 0.0672955 0.136219 0.0103285
 0.603173 0.223442 0.107794 0.020665 0.0449258
 0.730256 0.191308 0.0447832 0.0209355 0.0127167
 0.675539 0.266011 0.0418906 0.009463 0.00709712
 0.782207 0.165399 0.043171 0.00661287 0.00261023
 0.455829 0.462477 0.0624969 0.0158224 0.00337472
 0.462744 0.320079 0.185672 0.0241135 0.00739102
 0.569291 0.24336 0.112828 0.0637238 0.010797
 0.760784 0.165474 0.0423269 0.0189336 0.0124812
 0.861822 0.11786 0.0142397 0.00349232 0.00258601
 0.771267 0.206813 0.018773 0.00220665 0.000940509
 0.716017 0.242078 0.0380241 0.00332418 0.000556135
 0.674999 0.263599 0.0526243 0.00796694 0.0008114
 0.783467 0.173686 0.0350634 0.00667332 0.00111032
 0.950481 0.0429422 0.00531833 0.00103004 0.000228144
 0.372238 0.609039 0.0163154 0.0019479 0.00045991
 0.924792 0.0366274 0.0374655 0.000971681 0.000143149
 0.597113 0.383509 0.00959023 0.00950518 0.000282357
 0.645814 0.251349 0.0980562 0.00236846 0.0024127
 0.745581 0.190856 0.0455499 0.017177 0.000835977
 0.764028 0.194529 0.0313377 0.00724494 0.00286017
 0.305799 0.584013 0.0913763 0.0142312 0.00458053
 0.759726 0.0977252 0.12049 0.0182984 0.00376103
 0.627625 0.309686 0.0259423 0.0310677 0.00567898
 0.428696 0.412537 0.132698 0.0107979 0.015271
 0.740987 0.13835 0.0878119 0.0274635 0.0053869
 0.689177 0.253759 0.0308984 0.0190505 0.00711563
 0.323129 0.52208 0.127032 0.0150413 0.0127183
 0.418564 0.244763 0.261342 0.0618389 0.0134927
 0.861073 0.0741465 0.0277591 0.0287487 0.00827315
pobs_RECLAS
 0 0 0 0 0
 0 0 0 0 0
 0 0 0 0 0
 0 0 0 0 0
 0 0 0 0 0
 0 0 0 0 0
 0 0 0 0 0
 0 0 0 0 0
 0 0 0 0 0
 0 0 0 0 0
 0.991045 0.00858322 0.000360255 1.14367e-05 0
 0.934742 0.0480273 0.0164251 0.00080598 0
 0.827803 0.169806 0.00239088 0 0
 0.941827 0.0461693 0.0120037 0 0
 0.791401 0.0380133 0.147996 0.0225897 0
 0.846168 0.0940531 0.0597789 0 0
 0.134021 0.677848 0.182769 0.00536245 0
 0.80878 0.0450904 0.141981 0.00414843 0
 0.846168 0.0940531 0.0597789 0 0
 0.905697 0.0802665 0.012482 0.00150086 5.37128e-05
 0.989698 0.0102097 9.19794e-05 0 0
 0.975433 0.0193895 0.00387452 0.00125025 5.28907e-05
 0.303575 0.632131 0.0575291 0.00676475 0
 0.966965 0.00978017 0.0227588 0.000495775 0
 0.843318 0.132988 0.00938335 0.0141283 0.000182051
 0.564624 0.303363 0.111486 0.0197234 0.00080311
 0.826376 0.0876187 0.0782897 0.00655872 0.00115652
 0.89761 0.0855135 0.0140674 0.00269457 0.000114338
 0.34875 0.467042 0.161289 0.0227151 0.000203297
 0.318654 0.224769 0.449479 0.00709798 0
 0.937255 0.0296025 0.0250945 0.00804832 0
ppred_RECLAS
 0.608779 0.122932 0.249378 0.01891 7.11972e-07
 0.548859 0.279931 0.0539314 0.109014 0.00826508
 0.696903 0.172677 0.0811278 0.015531 0.0337618
 0.80522 0.13927 0.0317142 0.0148042 0.00899168
 0.756014 0.200965 0.0308451 0.00695829 0.00521825
 0.843464 0.119631 0.0304168 0.00465268 0.00183637
 0.563703 0.372405 0.0488961 0.0123601 0.00263603
 0.56254 0.263322 0.148906 0.0193125 0.00591902
 0.669457 0.189045 0.0852653 0.0480859 0.00814675
 0.832514 0.116929 0.029039 0.0129692 0.00854866
 0.902592 0.0834003 0.00982159 0.00240547 0.00178109
 0.837396 0.147415 0.0130107 0.00152703 0.000650794
 0.793555 0.1767 0.0269939 0.00235638 0.000394192
 0.767559 0.18964 0.0366912 0.00554547 0.000564733
 0.848897 0.121905 0.0239004 0.00454165 0.000755585
 0.966959 0.0287589 0.00346395 0.000669889 0.000148362
 0.470842 0.513782 0.0134008 0.00159765 0.000377184
 0.949084 0.0251347 0.0250378 0.000648446 9.55224e-05
 0.69136 0.294187 0.00715856 0.00708473 0.00021044
 0.734608 0.189814 0.0720698 0.00173827 0.00177059
 0.815347 0.139447 0.0324082 0.0122039 0.0005939
 0.830476 0.140418 0.0220163 0.00508258 0.00200635
 0.397136 0.509277 0.0776279 0.0120731 0.00388564
 0.826803 0.0715406 0.0859437 0.0130339 0.00267878
 0.715636 0.237549 0.0193892 0.0231878 0.00423828
 0.528469 0.342937 0.107504 0.00873579 0.0123538
 0.811478 0.101933 0.0630391 0.0196884 0.00386155
 0.767607 0.190639 0.0226226 0.0139289 0.00520228
 0.415794 0.453264 0.107487 0.0127096 0.010746
 0.52171 0.204451 0.212634 0.0502431 0.0109618
 0.902852 0.0524875 0.0191524 0.019808 0.00569984
pobs_PELACES
 0 0 0 0 0
 0 0 0 0 0
 0 0 0 0 0
 0 0 0 0 0
 0 0 0 0 0
 0 0 0 0 0
 0 0 0 0 0
 0 0 0 0 0
 0 0 0 0 0
 0 0 0 0 0
 0 0 0 0 0
 0 0 0 0 0
 0 0 0 0 0
 0 0 0 0 0
 0 0 0 0 0
 0 0 0 0 0
 0.505614 0.472636 0.0217494 0 0
 0 0 0 0 0
 0.443492 0.261883 0.143347 0.151278 0
 0.227955 0.32914 0.350689 0.0885471 0.00366901
 0.970185 0.0296113 0.000203453 0 0
 0.997202 0.00247181 0.000326279 0 0
 0.445219 0.490057 0.0546422 0.010081 0
 0.90214 0.0892962 0.00764917 0.000914606 0
 0 0 0 0 0
 0.581667 0.319106 0.0959925 0.00289975 0.000334073
 0.762889 0.0836404 0.116647 0.0363945 0.000428098
 0.88444 0.0763242 0.0277011 0.0115352 0
 0.521256 0.241999 0.230069 0.00667565 0
 0.616807 0.101726 0.260614 0.0208532 0
 0 0 0 0 0
ppred_PELACES
 0.548318 0.136767 0.292486 0.022428 8.46329e-07
 0.496338 0.305514 0.0619377 0.126591 0.00961931
 0.650115 0.194529 0.0961776 0.0186171 0.0405616
 0.775924 0.157726 0.0377154 0.0177995 0.0108352
 0.712683 0.234261 0.0379083 0.00864779 0.00649988
 0.81396 0.140355 0.0375738 0.00581161 0.00229895
 0.52789 0.399996 0.0550417 0.0140654 0.00300644
 0.502341 0.292942 0.174756 0.0229206 0.00704071
 0.627128 0.208357 0.0986895 0.0562701 0.0095547
 0.812154 0.12911 0.0335689 0.0151551 0.0100118
 0.881119 0.100937 0.012535 0.00310457 0.00230391
 0.815038 0.16689 0.0154543 0.00183374 0.000783261
 0.765351 0.199382 0.0319724 0.00282167 0.000473087
 0.748717 0.203286 0.0410812 0.00627557 0.000640509
 0.830295 0.135617 0.0278474 0.00534923 0.00089193
 0.961343 0.0334222 0.00422537 0.000826124 0.000183374
 0.425451 0.556991 0.0152802 0.00184194 0.000435837
 0.937676 0.0299676 0.0314126 0.000822603 0.00012145
 0.653747 0.329167 0.00841531 0.00842054 0.000250679
 0.69658 0.21387 0.0853438 0.0020812 0.00212467
 0.783393 0.161386 0.039462 0.0150255 0.000732855
 0.80325 0.161472 0.0266094 0.00621089 0.00245726
 0.348878 0.545369 0.0875448 0.0137676 0.00444098
 0.790603 0.0837703 0.106019 0.0162586 0.00334904
 0.670437 0.272585 0.0234397 0.0283456 0.0051927
 0.472392 0.377926 0.124877 0.0102614 0.0145439
 0.773973 0.119102 0.0776001 0.0245075 0.00481756
 0.725954 0.222417 0.027822 0.0173226 0.00648433
 0.362747 0.488237 0.122054 0.0145942 0.0123672
 0.465662 0.221383 0.242381 0.0579108 0.0126631
 0.879621 0.0632534 0.024335 0.0254509 0.00734011
pobs_pel_tallas
 0 0 0 0 0 0 0 0 0 0 0 0 0 0 0 0 0 0 0 0 0 0 0 0 0 0
 0 0 0 0 0 0 0 0 0 0 0 0 0 0 0 0 0 0 0 0 0 0 0 0 0 0
 0 0 0 0 0 0 0 0 0 0 0 0 0 0 0 0 0 0 0 0 0 0 0 0 0 0
 0 0 0 0 0 0 0 0 0 0 0 0 0 0 0 0 0 0 0 0 0 0 0 0 0 0
 0 0 0 0 0 0 0 0 0 0 0 0 0 0 0 0 0 0 0 0 0 0 0 0 0 0
 0 0 0 0 0 0 0 0 0 0 0 0 0 0 0 0 0 0 0 0 0 0 0 0 0 0
 0 0 0 0 0 0 0 0 0 0 0 0 0 0 0 0 0 0 0 0 0 0 0 0 0 0
 0 0 0 0 0 0 0 0 0 0 0 0 0 0 0 0 0 0 0 0 0 0 0 0 0 0
 0 0 0 0 0 0 0 0 0 0 0 0 0 0 0 0 0 0 0 0 0 0 0 0 0 0
 0 0 0 0 0 0 0 0 0 0 0 0 0 0 0 0 0 0 0 0 0 0 0 0 0 0
 0 0 0 0 0 0 0 0 0 0 0 0 0 0 0 0 0 0 0 0 0 0 0 0 0 0
 0 0 0 0 0 0 0 0 0 0 0 0 0 0 0 0 0 0 0 0 0 0 0 0 0 0
 0.00862536 0 0 0.000197151 0.00414017 0.0128641 0.00837892 0.0270097 0.101434 0.158115 0.152841 0.127902 0.109271 0.109419 0.0830992 0.0579132 0.0238553 0.00714673 0.00463305 0.00128148 0.00103504 0.000492878 0.000147863 0.000147863 4.92878e-05 0
 0 0 0 0 0 0 0 0 0 0 0 0 0 0 0 0 0 0 0 0 0 0 0 0 0 0
 0 0 0 0 0 0 0 0.0054083 0.00873648 0.0413646 0.0450493 0.0745869 0.0622846 0.0627006 0.0613931 0.0827291 0.12552 0.122667 0.0946155 0.0697135 0.0546179 0.0294188 0.0215738 0.0213955 0.0102223 0.00600262
 0 0 0 0 0.00359764 0.0251062 0.0480494 0.140153 0.205849 0.193036 0.1447 0.116669 0.0760912 0.0342217 0.00950174 0.001854 0.000860785 0 0 0 0.000165536 0 0.000143464 0 0 0
 0 0 0 0 0 0 0 0.000145254 0.000435761 0.0275982 0.070085 0.0708112 0.156366 0.174668 0.174014 0.160142 0.0824315 0.0480064 0.0283245 0.00493863 0.00203355 0 0 0 0 0
 0 0 0 0 0 0 0 0 0 0 0 0 0 0 0 0 0 0 0 0 0 0 0 0 0 0
 0 0 1.00437e-05 0.000401748 0.00122533 0.00171747 0.00176769 0.0269171 0.070346 0.194647 0.189555 0.159765 0.064822 0.0314167 0.0384472 0.0292271 0.0345202 0.0313363 0.0194345 0.0106764 0.0143323 0.0359363 0.0279516 0.0138201 0.00172751 0
 0 0.0021121 0.0136068 0.0755702 0.200478 0.177729 0.0527432 0.0373336 0.0318909 0.0142505 0.0149659 0.0166563 0.0217959 0.0798694 0.0677717 0.0528807 0.04013 0.0224614 0.0357745 0.0225083 0.00881397 0.00855152 0.00135912 0.000746735 0 0
 0 0 0 0 5.4009e-05 0.00500934 0.000945158 0.0243581 0.138947 0.33067 0.221406 0.137944 0.0707744 0.0437923 0.0131692 0.00525238 0.0047753 0.00276346 9.45158e-05 9.00151e-06 2.25038e-05 9.00151e-06 4.50075e-06 0 0 0
 0.000866109 0.00284123 0.00948549 0.0512746 0.133035 0.25785 0.225252 0.132002 0.0553304 0.0519788 0.0540692 0.017754 0.00435017 0.00159236 0.00146478 0.000404838 0.000125132 0.000115318 0.000107957 0.000100596 0 0 0 0 0 0
 0 0 0 0 0.00144013 0.00171154 0.00461396 0.0210425 0.0478622 0.0707936 0.0888783 0.103762 0.0637923 0.0337046 0.0602308 0.124433 0.169614 0.0934646 0.0462172 0.0250306 0.0313229 0.00938855 0.002487 0.000210481 0 0
 0 0.00764035 0.051015 0.0998891 0.058973 0.0496711 0.0374665 0.0718981 0.12319 0.153886 0.159021 0.0857701 0.0377988 0.023471 0.0147837 0.00900784 0.00315554 0.000888139 0.00291439 0.00214683 0.00393193 0.00274676 0.000635225 9.99891e-05 0 0
 0 0 0 0 0 0 0 0 0 0 0 0 0 0 0 0 0 0 0 0 0 0 0 0 0 0
 0 0 0 0 0 0 0 0 0 0 0 0 0 0 0 0 0 0 0 0 0 0 0 0 0 0
 0 0 0 0 0 0 0 0 0 0 0 0 0 0 0 0 0 0 0 0 0 0 0 0 0 0
 0 0 0 0 0 0 0 0 0 0 0 0 0 0 0 0 0 0 0 0 0 0 0 0 0 0
 0 0 0 0 0 0 0 0 0 0 0 0 0 0 0 0 0 0 0 0 0 0 0 0 0 0
 0 0 0 0 0 0 0 0 0 0 0 0 0 0 0 0 0 0 0 0 0 0 0 0 0 0
 0 0 0 0 0 0 0 0 0 0 0 0 0 0 0 0 0 0 0 0 0 0 0 0 0 0
ppred_pel_tallas
 1.10725e-16 4.51642e-05 0.000439013 0.00291739 0.0132621 0.0412632 0.0879162 0.128319 0.128333 0.0879829 0.0414884 0.0139179 0.0045843 0.00414571 0.00728322 0.0124854 0.0191809 0.026613 0.0339477 0.0406543 0.0465552 0.0514332 0.0546197 0.0550792 0.0520175 0.0455163
 1.16189e-16 4.08828e-05 0.000397395 0.00264083 0.0120049 0.0373517 0.0795829 0.11616 0.116189 0.0797272 0.0378364 0.0134057 0.00616137 0.00809709 0.0147083 0.024374 0.0354157 0.0452339 0.0512596 0.0524478 0.0499416 0.0462535 0.0435979 0.0426673 0.042606 0.0418989
 1.11557e-16 5.35491e-05 0.000520517 0.00345902 0.0157242 0.0489239 0.104238 0.152143 0.152162 0.104331 0.049234 0.0166214 0.00571696 0.00546927 0.00951044 0.0157924 0.0231112 0.0298469 0.0343876 0.0360194 0.0353207 0.0336649 0.0322445 0.0314045 0.0306954 0.0294058
 1.04748e-16 6.39119e-05 0.000621246 0.0041284 0.0187671 0.0583916 0.12441 0.181583 0.181598 0.124484 0.0586416 0.0194898 0.00594387 0.00458966 0.00761636 0.0125323 0.0181486 0.0230427 0.0258155 0.0258407 0.0236314 0.0204635 0.0175635 0.0154995 0.0141353 0.0129977
 1.03122e-16 5.87028e-05 0.000570612 0.00379192 0.0172375 0.0536325 0.114271 0.166786 0.166808 0.114381 0.0540031 0.0183081 0.0064797 0.0064395 0.0112091 0.0184494 0.0265985 0.0335066 0.0370217 0.0361531 0.0316525 0.0254869 0.0196435 0.0151996 0.0121964 0.0101154
 1.02093e-16 6.70449e-05 0.0006517 0.00433078 0.0196871 0.0612539 0.130508 0.190484 0.190497 0.130575 0.0614764 0.0203302 0.0059464 0.00418307 0.00678678 0.0111477 0.0161311 0.0204494 0.0228316 0.0226828 0.0204156 0.0171308 0.0139195 0.0113415 0.00938808 0.00778432
 1.03611e-16 4.34817e-05 0.000422658 0.00280871 0.012768 0.0397263 0.0846424 0.123546 0.123585 0.0848308 0.0403587 0.0145948 0.00739408 0.0104322 0.0190524 0.0314257 0.0452589 0.0568992 0.0626468 0.0607895 0.0526122 0.0415076 0.0309347 0.0228183 0.017312 0.0135898
 1.08609e-16 4.13772e-05 0.000402201 0.00267277 0.01215 0.0378034 0.0805453 0.117564 0.117593 0.0806844 0.0382711 0.0135035 0.00608025 0.00787448 0.0143313 0.0238847 0.0350027 0.0452673 0.0521975 0.0545865 0.0530922 0.0495327 0.0455215 0.0415978 0.0373937 0.0324067
 1.10162e-16 5.16558e-05 0.000502113 0.00333672 0.0151682 0.0471941 0.100553 0.146764 0.146784 0.100652 0.0475262 0.0161292 0.00575516 0.00580282 0.0101817 0.0169182 0.0247648 0.0319953 0.0368881 0.0386779 0.0379697 0.0361964 0.0345723 0.0333964 0.0321438 0.0300764
 1.04216e-16 6.68961e-05 0.000650254 0.00432117 0.0196434 0.061118 0.130219 0.190061 0.190073 0.13028 0.0613228 0.0202353 0.00580833 0.00390179 0.00625727 0.0102791 0.0148981 0.0189452 0.0212811 0.0213972 0.0197109 0.0172552 0.0150147 0.0134321 0.0123768 0.0114519
 1.01089e-16 7.25766e-05 0.000705471 0.0046881 0.0213114 0.0663078 0.141276 0.206199 0.206209 0.141324 0.0664674 0.0217723 0.00584476 0.00323009 0.00486621 0.00792716 0.0114059 0.0143302 0.0157624 0.0152726 0.0131915 0.0103848 0.0077353 0.00573446 0.00441791 0.00356446
 1.00806e-16 6.71337e-05 0.000652563 0.00433651 0.0197132 0.0613351 0.130681 0.190737 0.190753 0.13076 0.0615987 0.0204744 0.00624659 0.00481995 0.00797487 0.0130596 0.018763 0.0235028 0.0257128 0.0246684 0.0209155 0.0159063 0.0111439 0.00749909 0.00508906 0.00358987
 1.01337e-16 6.3041e-05 0.000612781 0.00407214 0.0185114 0.0575959 0.122715 0.17911 0.179129 0.122809 0.0579113 0.0194223 0.00635894 0.00560541 0.0095464 0.0156857 0.0225964 0.0284264 0.0313261 0.0304309 0.0263612 0.0207833 0.0154021 0.0111768 0.00821018 0.00613858
 1.01976e-16 6.16709e-05 0.000599463 0.00398364 0.0181091 0.0563441 0.120048 0.175218 0.175237 0.120144 0.056666 0.0190389 0.00631856 0.00569949 0.00975595 0.0160526 0.0231681 0.0292361 0.03239 0.0317565 0.0279543 0.0226399 0.0174871 0.0134049 0.0104493 0.00823796
 1.01526e-16 6.83903e-05 0.000664778 0.00441768 0.0200822 0.0624831 0.133127 0.194306 0.194319 0.133191 0.0626979 0.0207026 0.00597565 0.00406799 0.006538 0.0107167 0.015469 0.0195309 0.021659 0.0212742 0.0187913 0.0153141 0.0119532 0.0093048 0.0073932 0.00595149
 1.00245e-16 7.91846e-05 0.000769702 0.00511494 0.0232518 0.0723449 0.154139 0.224971 0.224974 0.154154 0.0723978 0.0234044 0.00549791 0.00160557 0.00166619 0.002628 0.00377506 0.00474061 0.00520961 0.00503784 0.0043328 0.00337969 0.00247091 0.0017716 0.00129864 0.000985542
 1.00842e-16 3.50439e-05 0.00034064 0.00226367 0.0102904 0.0320174 0.0682185 0.0995781 0.0996316 0.0684802 0.032896 0.0128267 0.00862505 0.0142105 0.0263262 0.0433351 0.0621122 0.0774533 0.0840788 0.0795537 0.0657732 0.0477621 0.0307876 0.017998 0.00992683 0.00547928
 1.01018e-16 7.72351e-05 0.000750753 0.00498902 0.0226793 0.0705639 0.150344 0.219432 0.219435 0.150358 0.0706121 0.0228193 0.00534225 0.00152844 0.00157343 0.00252886 0.00375095 0.0049558 0.00590121 0.00645993 0.00666345 0.00662846 0.00643459 0.00606813 0.00547116 0.00463278
 1.01214e-16 5.38483e-05 0.000523425 0.00347834 0.0158121 0.0491974 0.104821 0.152997 0.153028 0.104976 0.0497166 0.0173111 0.00723821 0.00872161 0.0155954 0.0256234 0.036734 0.0458339 0.0498137 0.0472496 0.0392752 0.0288635 0.0191127 0.0118465 0.00732653 0.00485075
 1.03086e-16 5.73764e-05 0.00055772 0.00370624 0.0168481 0.0524207 0.111689 0.163017 0.163038 0.11179 0.0527606 0.017831 0.00617739 0.00596525 0.0103651 0.0171427 0.0249149 0.0317958 0.035878 0.0362396 0.0334286 0.0289783 0.0243829 0.0203732 0.0169218 0.0137217
 1.02811e-16 6.45271e-05 0.000627226 0.00416814 0.0189478 0.0589536 0.125608 0.183331 0.183347 0.125684 0.0592094 0.019687 0.00602519 0.00468597 0.00778697 0.0128086 0.018533 0.0234918 0.0262315 0.0260809 0.0235321 0.0198669 0.0163432 0.0135865 0.0115461 0.00985453
 1.01848e-16 6.61627e-05 0.000643125 0.00427379 0.019428 0.0604479 0.128791 0.187978 0.187994 0.128867 0.0607034 0.020166 0.00612652 0.00468867 0.00775242 0.0127195 0.0183351 0.0230958 0.0255147 0.0249045 0.0217777 0.0174841 0.0133896 0.0102389 0.00807035 0.00654334
 1.04799e-16 2.87367e-05 0.000279331 0.00185626 0.00843831 0.026255 0.055941 0.0816585 0.0817111 0.0561979 0.0271177 0.0109303 0.00811208 0.013938 0.0259751 0.042912 0.0618479 0.0778429 0.0858634 0.0835648 0.072662 0.057718 0.0433802 0.0322287 0.0244784 0.0190625
 1.05279e-16 6.51209e-05 0.000632998 0.0042065 0.0191221 0.0594961 0.126763 0.185016 0.185024 0.126803 0.0596317 0.0195158 0.00520185 0.00282999 0.00430837 0.00720433 0.010803 0.0144857 0.0176424 0.0199554 0.0215004 0.0225185 0.0230763 0.0229428 0.0217834 0.0194704
 1.04468e-16 5.52231e-05 0.000536788 0.00356715 0.0162157 0.0504534 0.107497 0.156901 0.156927 0.107625 0.0508841 0.0174596 0.00668884 0.00734948 0.0129884 0.0213724 0.0307571 0.0386354 0.0425042 0.0412422 0.0357969 0.0285579 0.0219274 0.0171861 0.014314 0.0125572
 1.07191e-16 3.89104e-05 0.000378223 0.00251342 0.0114257 0.0355497 0.0757438 0.110558 0.110595 0.0759224 0.0361497 0.01316 0.00687211 0.009911 0.0181953 0.0301542 0.0437492 0.055671 0.062545 0.0627789 0.0574397 0.0493876 0.0414169 0.0349012 0.0297407 0.025203
 1.05543e-16 6.37512e-05 0.000619684 0.00411802 0.0187199 0.0582447 0.124097 0.181125 0.181137 0.124154 0.0584352 0.0192714 0.00550726 0.00366903 0.00590405 0.00978855 0.0143977 0.0187448 0.0218594 0.0232879 0.023312 0.0226428 0.0218539 0.0210367 0.0198972 0.0181133
 1.03695e-16 5.97959e-05 0.000581237 0.00386253 0.0175585 0.0546311 0.116398 0.169891 0.169913 0.116503 0.0549828 0.0185743 0.00641237 0.00614771 0.0106322 0.0174851 0.0251907 0.0317019 0.0349812 0.034107 0.029828 0.0240542 0.0187028 0.0147933 0.0123155 0.0106927
 1.07204e-16 2.98791e-05 0.000290435 0.00193005 0.00877375 0.0272986 0.0581644 0.0849025 0.0849496 0.0583947 0.0280724 0.0110098 0.00754676 0.0125649 0.0233798 0.0387044 0.055985 0.0708867 0.0789853 0.078209 0.0700148 0.0582837 0.0468817 0.037825 0.0311198 0.0257973
 1.15002e-16 3.8356e-05 0.000372834 0.00247761 0.0112629 0.0350431 0.0746639 0.108979 0.109 0.07477 0.0354005 0.0122994 0.0050962 0.00614521 0.0111658 0.0188301 0.0281329 0.0375019 0.0453112 0.0507598 0.0541702 0.0563778 0.0577697 0.0578623 0.0557338 0.0508354
 1.04514e-16 7.24532e-05 0.000704271 0.00468013 0.0212752 0.066195 0.141036 0.205847 0.205853 0.141066 0.0662958 0.0215666 0.00541334 0.00231086 0.00314169 0.00512793 0.00749845 0.00968939 0.0111894 0.0117934 0.0117231 0.0114504 0.0113597 0.0115146 0.011679 0.0115177
pSPR Fmed_Fpbrs
0.464647   0.24522 0.24522
Fs Fmed_Fpbrs
0.484868   1.005 1.005
SSBpbr Bo_Bmed_Bpbrs
1.31136e+06  543750  256003 256003
Ro
120165
SPR SPRFo_SPRFmed_SPRFpbrs
855653 397576 209823
Fref
1.005
log_Ro
11.5166
likeval ReclasPelacesDesembMPH_pf_preclas_ppelaces_ptallas_desvR_qrecl_qpela
 11.8036 16.3354 0.01983 0.000824643 230.406 119.031 84.0238 0 24.9697 1.3623e-05 4.58888e-05 0.087417 0 0 0
q_reclas_q_pelaces
1.68712 2.62152
M
1
N
 158806 33409.2 67993.9 5156.79 0.194158
 89166.2 49074.1 9511.89 19233 1458.21
 88814.7 23724.7 11213.2 2147.32 4668.01
 122111 23725.6 5452.85 2546.65 1546.81
 99034.7 27381.5 4215.78 951.191 713.335
 203609 30818.3 7876.25 1205.12 475.657
 73756.1 56798.7 7548.81 1909.46 407.244
 29354.2 14131.2 8008.87 1038.84 318.393
 30262.5 9584.29 4362.32 2461.37 417.018
 40906.7 6833.22 1720.51 768.974 506.889
 75162.7 7195.31 849.733 208.146 154.119
 118399 23784.6 2121.3 249.113 106.171
 98597.5 24833.7 3831.02 334.598 55.9755
 69870 21469.8 4226.43 639.376 65.1153
 59930.9 10160.1 2018.36 383.81 63.856
 322968 10879.4 1323.41 256.07 56.7141
 58863.7 69936.9 1836.49 219.027 51.7105
 527475 15075.9 15108.9 391.429 57.6623
 296490 140277 3442.26 3408.31 101.241
 243295 69455.3 26580.7 641.38 653.323
 316344 58554.8 13694.1 5158.51 251.042
 445351 83124.9 13135.8 3033.76 1197.61
 78922.4 107573 16476.6 2563.21 824.961
 245207 22396.2 27020.9 4098.85 842.419
 204584 71658.6 5873.92 7026.29 1284.29
 88309.9 59877.2 18835.8 1530.88 2164.93
 203402 26953.6 16740.1 5229.46 1025.68
 229884 59595.7 7096.19 4369.98 1632.15
 61996.1 70455.5 16763.1 1982.47 1676.2
 45532.4 19104.6 19977.1 4721.75 1030.18
 207257 12526.3 4584.87 4742.62 1364.72
pred_Ctot
 16291.6 4875.2 10147.3 770.512 0.0290122
 16013.8 12214.1 2416.33 4891.12 370.858
 15779 5845.25 2819.89 540.598 1175.26
 31368 8217.61 1923.65 899.281 546.244
 9780.03 3851.14 606.467 136.999 102.748
 31817.2 6727.81 1756.03 268.986 106.174
 23540.5 23883.9 3227.55 817.124 174.282
 2107.35 1457.65 845.555 109.814 33.659
 7685 3285.18 1523.09 860.224 145.751
 14313.2 3113.2 796.328 356.214 234.818
 6725.41 919.748 111.123 27.253 20.1804
 33658.9 9025.56 819.273 96.3007 41.0449
 26532.2 8970.28 1408.99 123.178 20.6077
 28742.7 11224.5 2240.84 339.247 34.5509
 20304.5 4501.28 908.71 172.947 28.7752
 87646.7 3959.83 490.419 94.9828 21.0378
 11641.1 19046.7 510.236 60.9173 14.3829
 94858.3 3756.96 3842.93 99.6678 14.6831
 70602.7 45346.2 1133.95 1123.89 33.3859
 55035.2 21419.5 8356.2 201.837 205.606
 58717.2 15030.6 3587.22 1352.75 65.8363
 100022 25466.7 4102.56 948.467 374.437
 11648.9 22247 3480.83 542.114 174.488
 32474 4177.2 5150.26 782.154 160.763
 26932.7 13289.3 1113.24 1333.18 243.697
 9654.5 9290.59 2988.45 243.175 343.911
 26661.9 4978.06 3159.61 988.178 193.829
 24616 9063.75 1103.63 680.446 254.156
 6454.58 10428.7 2537.5 300.454 254.052
 7431.82 4345.89 4640.26 1097.98 239.57
 20236.2 1742.53 652.372 675.629 194.429
F
 0.174352 0.25629 0.26279 0.263142 0.26316
 0.323984 0.476243 0.488321 0.488974 0.489008
 0.319996 0.47038 0.48231 0.482955 0.482989
 0.495063 0.727722 0.746178 0.747175 0.747228
 0.167362 0.246015 0.252254 0.252591 0.252609
 0.276688 0.406719 0.417034 0.417591 0.417621
 0.652376 0.958964 0.983285 0.984599 0.984669
 0.119312 0.175383 0.179831 0.180071 0.180084
 0.488114 0.717506 0.735703 0.736686 0.736738
 0.737865 1.08463 1.11214 1.11362 1.1137
 0.150616 0.221399 0.227014 0.227317 0.227333
 0.561859 0.825908 0.846855 0.847987 0.848046
 0.524399 0.770843 0.790393 0.79145 0.791505
 0.928166 1.36436 1.39897 1.40084 1.40093
 0.706319 1.03826 1.06459 1.06601 1.06609
 0.529959 0.779016 0.798774 0.799841 0.799898
 0.362125 0.532308 0.545808 0.546538 0.546576
 0.32448 0.476971 0.489068 0.489722 0.489756
 0.451331 0.663436 0.680262 0.681171 0.681219
 0.424311 0.623719 0.639537 0.640392 0.640437
 0.336485 0.494619 0.507163 0.507841 0.507877
 0.420693 0.6184 0.634083 0.634931 0.634976
 0.259573 0.381561 0.391238 0.391761 0.391789
 0.23019 0.338369 0.346951 0.347415 0.347439
 0.228682 0.336152 0.344678 0.345138 0.345163
 0.186734 0.274491 0.281453 0.281829 0.281849
 0.227599 0.33456 0.343046 0.343504 0.343528
 0.182594 0.268405 0.275213 0.27558 0.2756
 0.177144 0.260394 0.266998 0.267355 0.267373
 0.290597 0.427164 0.437998 0.438583 0.438614
 0.165336 0.243036 0.2492 0.249533 0.249551
nmprior
 8 9 7.5 0
nm_flota  nm_reclas  nm_pelaces    nm_pelaL
inf 16.5553 13.3241 22.3648
cv_recla  cv_pelaces  cv_mph
0.310765 0.475586 0.886213
 ------------------------------------------------
Talla a la edad & desviación 
 8 13.2811 15.8009 17.003 17.5766
 0.8 1.32811 1.58009 1.7003 1.75766
