years
 1991 1992 1993 1994 1995 1996 1997 1998 1999 2000 2001 2002 2003 2004 2005 2006 2007 2008 2009 2010 2011 2012 2013 2014 2015 2016 2017 2018 2019 2020 2021
reclasobs
 0 0 0 0 0 0 0 0 0 252601 567819 844713 477998 351125 339783 2.1784e+06 2.13404e+06 4.81314e+06 1.55562e+06 2.62356e+06 3.21686e+06 3.843e+06 1.13348e+06 3.07943e+06 1.97215e+06 2.03268e+06 2.025e+06 2.42433e+06 2.27542e+06 1.05018e+06 2.36338e+06
reclaspred
 3.74401e+06 1.57796e+06 836277 477389 166565 1.679e+06 698638 332789 192647 210244 375304 629332 588762 417534 343954 1.79149e+06 1.29004e+06 3.94234e+06 3.20632e+06 2.10123e+06 3.9171e+06 3.34308e+06 2.11328e+06 3.61596e+06 2.47262e+06 1.85449e+06 2.68783e+06 3.50675e+06 2.59275e+06 1.1413e+06 917439
pelacesobs
 0 0 0 0 0 0 0 0 0 0 0 0 0 0 0 552880 188675 0 991730 2.46772e+06 1.41603e+06 1.21717e+06 2.29649e+06 1.80582e+06 0 1.4828e+06 1.56532e+06 1.57751e+06 1.42118e+06 867257 0
pelacespred
 1.00459e+06 437311 205703 80954.3 31445 424310 132016 89009.8 35005.4 40768.9 92737.9 127606 132253 91094.4 76065.9 385995 277930 1.03533e+06 829900 499039 951040 829985 530137 1.0326e+06 665193 497782 838774 1.07126e+06 656065 331727 238143
mphobs
 0 0 0 0 0 0 0 0 0 0 0 498337 0 5186 125008 0 168611 109162 213762 579715 649985 157893 87575 83554 0 0 0 0 0 0 0
mphpred
 2.16757e+06 1.10952e+06 370069 249075 95069.6 38821.3 500224 158381 75919.2 28528.3 39735.8 134096 166503 121802 63833.6 72911 635386 415110 1.24759e+06 878632 817516 1.12028e+06 1.10555e+06 710576 1.13027e+06 828054 571575 784869 1.37934e+06 772673 261548
desembarqueobs
 494567 514787 250237 358949 120608 361735 552515 73892 212993 205616 52469 317467 293654 387597 252695 516296 358380 742168 942051 627588 828172 859565 418607 520667 417249 300574 407403 355545 319650 289779 219260
desembarquepred
 494530 514911 249561 358878 120569 361590 551970 73878 212825 205485 52463.5 317293 293458 387133 252487 515999 358291 741787 941057 626931 827871 859015 418441 520533 417078 300436 407253 355424 319528 289631 219221
Reclutas
 52498.4 43748.2 147808 34647.1 16685.2 284065 29964.6 8205.35 22672.2 54284.4 59639 120182 88119.7 67795.2 49771.9 401411 29214.8 619571 328114 219212 379298 511312 42797.1 278229 190362 67318.3 240125 302275 35777.4 20206.1 86785.9
log_desv_Rt
 -0.525802 -0.708134 0.50933 -0.941372 -1.67207 1.16262 -1.08657 -2.3818 -1.36545 -0.492347 -0.398275 0.302421 -0.00788856 -0.270094 -0.579134 1.5084 -1.11191 1.94244 1.30678 0.903453 1.45174 1.7504 -0.730114 1.14186 0.762341 -0.277153 0.994574 1.22475 -0.909268 -1.4806 -0.0231405
SSB
 2.16757e+06 1.10952e+06 370069 249075 95069.6 38821.3 500224 158381 75919.2 28528.3 39735.8 134096 166503 121802 63833.6 72911 635386 415110 1.24759e+06 878632 817516 1.12028e+06 1.10555e+06 710576 1.13027e+06 828054 571575 784869 1.37934e+06 772673 261548
BT
 2.76113e+06 1.54464e+06 710033 459900 175843 1.29895e+06 787567 273904 282167 288577 257600 555468 569519 611624 426588 1.29853e+06 922579 3.05866e+06 2.80747e+06 1.71553e+06 2.88198e+06 2.69804e+06 1.58663e+06 2.87617e+06 1.92516e+06 1.42101e+06 2.36081e+06 2.82567e+06 1.78023e+06 1.06879e+06 755580
Ftot
 0.220803 0.532251 0.540919 1.17051 1.15128 0.463193 1.18581 0.382571 1.80525 1.75013 0.29235 0.940031 0.905411 1.59584 1.35983 0.607685 0.461695 0.389066 0.529309 0.537348 0.403988 0.480669 0.33295 0.286061 0.302459 0.285177 0.301962 0.203673 0.205971 0.420055 0.459196
BD_Bspro_t
 0.965288 0.740491 0.458402 0.388546 0.175291 0.107195 0.490933 0.206367 0.149161 0.0792131 0.131245 0.403598 0.32564 0.231044 0.133345 0.154923 0.484339 0.374042 0.573361 0.454829 0.394687 0.468518 0.491571 0.42429 0.570498 0.554434 0.526902 0.630815 0.73029 0.605041 0.434344
BD_Bspro
 3.42731 1.75435 0.585145 0.393831 0.150322 0.0613834 0.790944 0.250429 0.120042 0.0451084 0.0628294 0.21203 0.263271 0.19259 0.100932 0.115285 1.00466 0.656362 1.97266 1.38927 1.29264 1.77136 1.74808 1.12355 1.78715 1.3093 0.903762 1.24102 2.18098 1.22173 0.413554
BD_Bo
 1.3532 0.692668 0.231032 0.155496 0.0593514 0.0242359 0.312288 0.0988764 0.047396 0.0178101 0.0248069 0.0837157 0.103947 0.0760402 0.039851 0.045518 0.396668 0.259151 0.778862 0.548525 0.510371 0.699384 0.690192 0.443609 0.705619 0.51695 0.356831 0.489989 0.861115 0.482376 0.163283
BD_Brms
 7.76822 3.97634 1.32627 0.892643 0.340714 0.139129 1.79272 0.567612 0.272082 0.102241 0.142407 0.48058 0.59672 0.436518 0.228769 0.261302 2.27712 1.48769 4.47115 3.14888 2.92985 4.0149 3.96213 2.54659 4.05069 2.96761 2.04843 2.81284 4.94333 2.76914 0.937346
Sel_flota
 0.742032 0.999995 1 1 1
 0.742032 0.999995 1 1 1
 0.742032 0.999995 1 1 1
 0.742032 0.999995 1 1 1
 0.742032 0.999995 1 1 1
 0.742032 0.999995 1 1 1
 0.742032 0.999995 1 1 1
 0.742032 0.999995 1 1 1
 0.742032 0.999995 1 1 1
 0.742032 0.999995 1 1 1
 0.742032 0.999995 1 1 1
 0.742032 0.999995 1 1 1
 0.742032 0.999995 1 1 1
 0.742032 0.999995 1 1 1
 0.742032 0.999995 1 1 1
 0.742032 0.999995 1 1 1
 0.742032 0.999995 1 1 1
 0.742032 0.999995 1 1 1
 0.742032 0.999995 1 1 1
 0.742032 0.999995 1 1 1
 0.742032 0.999995 1 1 1
 0.742032 0.999995 1 1 1
 0.742032 0.999995 1 1 1
 0.742032 0.999995 1 1 1
 0.742032 0.999995 1 1 1
 0.742032 0.999995 1 1 1
 0.742032 0.999995 1 1 1
 0.742032 0.999995 1 1 1
 0.742032 0.999995 1 1 1
 0.742032 0.999995 1 1 1
 0.742032 0.999995 1 1 1
Sel_reclas
 1 1 1 1 1
 1 1 1 1 1
 1 1 1 1 1
 1 1 1 1 1
 1 1 1 1 1
 1 1 1 1 1
 1 1 1 1 1
 1 1 1 1 1
 1 1 1 1 1
 1 1 1 1 1
 1 1 1 1 1
 1 1 1 1 1
 1 1 1 1 1
 1 1 1 1 1
 1 1 1 1 1
 1 1 1 1 1
 1 1 1 1 1
 1 1 1 1 1
 1 1 1 1 1
 1 1 1 1 1
 1 1 1 1 1
 1 1 1 1 1
 1 1 1 1 1
 1 1 1 1 1
 1 1 1 1 1
 1 1 1 1 1
 1 1 1 1 1
 1 1 1 1 1
 1 1 1 1 1
 1 1 1 1 1
 1 1 1 1 1
Sel_pelaces
 1 1 1 1 1
 1 1 1 1 1
 1 1 1 1 1
 1 1 1 1 1
 1 1 1 1 1
 1 1 1 1 1
 1 1 1 1 1
 1 1 1 1 1
 1 1 1 1 1
 1 1 1 1 1
 1 1 1 1 1
 1 1 1 1 1
 1 1 1 1 1
 1 1 1 1 1
 1 1 1 1 1
 1 1 1 1 1
 1 1 1 1 1
 1 1 1 1 1
 1 1 1 1 1
 1 1 1 1 1
 1 1 1 1 1
 1 1 1 1 1
 1 1 1 1 1
 1 1 1 1 1
 1 1 1 1 1
 1 1 1 1 1
 1 1 1 1 1
 1 1 1 1 1
 1 1 1 1 1
 1 1 1 1 1
 1 1 1 1 1
pf_obs 
 0.8446 0.082 0.0669 0.0065 0
 0.8095 0.147 0.0364 0.0071 0
 0.9664 0.0169 0.016 0.0007 0
 0.9276 0.0648 0.0075 0.0001 0
 0.7033 0.2144 0.0806 0.0017 0
 0.9318 0.0425 0.0243 0.0014 0
 0.5671 0.3108 0.0964 0.0239 0.0018
 0.0768 0.2599 0.5324 0.112 0.0189
 0.490249 0.384438 0.106611 0.0170017 0.00170017
 0.7925 0.1577 0.0466 0.003 0.0002
 0.840416 0.127587 0.0312969 0.00059994 9.999e-05
 0.8084 0.0986 0.0794 0.0134 0.0002
 0.7335 0.1905 0.0724 0.0035 0.0001
 0.4001 0.4547 0.1325 0.0127 0
 0.49795 0.308269 0.164784 0.0264974 0.00249975
 0.9179 0.0499 0.0305 0.0017 0
 0.2467 0.6533 0.0926 0.0074 0
 0.9418 0.0223 0.034 0.0019 0
 0.707729 0.231977 0.0356964 0.0245975 0
 0.517169 0.277429 0.184464 0.0207286 0.00020938
 0.811772 0.124168 0.05621 0.00726502 0.000585176
 0.764997 0.148141 0.077277 0.00933861 0.000247198
 0.163321 0.427699 0.378323 0.0303852 0.000271297
 0.753843 0.0900009 0.118128 0.0371064 0.000921714
 0.721811 0.176058 0.0630433 0.0369309 0.00215725
 0.143369 0.312575 0.442814 0.0836902 0.0175525
 0.692698 0.0596174 0.167031 0.0765114 0.00414204
 0.394062 0.376323 0.152708 0.0712218 0.00568511
 0.125707 0.32114 0.495352 0.0537591 0.00404204
 0.23352 0.215282 0.420074 0.123614 0.00750983
 0 0 0 0 0
pf_pred 
 0.221469 0.225044 0.491262 0.0622213 3.2401e-06
 0.372107 0.178315 0.129957 0.283689 0.0359327
 0.832257 0.07801 0.0254835 0.0185723 0.0456775
 0.407835 0.520724 0.0332241 0.0108532 0.0273635
 0.576503 0.224866 0.174667 0.0111443 0.012819
 0.983148 0.0116341 0.00277067 0.00215213 0.000295259
 0.247648 0.743563 0.00606782 0.00144505 0.00127644
 0.327433 0.236577 0.430896 0.00351628 0.0015771
 0.778051 0.0911334 0.0460148 0.0838096 0.000990666
 0.948402 0.0447417 0.00281507 0.00142136 0.00261941
 0.890442 0.106413 0.00272703 0.000171578 0.000246284
 0.835071 0.151694 0.0128549 0.000329429 5.04784e-05
 0.741629 0.229587 0.026474 0.00224346 6.63019e-05
 0.739065 0.213438 0.0422061 0.0048668 0.00042461
 0.819414 0.150761 0.0243954 0.00482399 0.000604788
 0.9767 0.0206315 0.00222758 0.000360451 8.02121e-05
 0.191917 0.795314 0.0113068 0.00122078 0.000241497
 0.941354 0.0150207 0.0429363 0.000610414 7.89431e-05
 0.590085 0.392831 0.00437574 0.0125079 0.000200818
 0.588115 0.279474 0.126892 0.00141344 0.00410514
 0.785725 0.145073 0.046955 0.0213192 0.00092718
 0.763868 0.198445 0.0255156 0.00825841 0.00391269
 0.170658 0.683961 0.122178 0.0157092 0.00749341
 0.796269 0.0460559 0.130036 0.0232286 0.0044113
 0.598332 0.339932 0.0139562 0.0394043 0.00837562
 0.383922 0.417605 0.167967 0.00689602 0.0236089
 0.810844 0.0884234 0.0682813 0.0274637 0.00498773
 0.7358 0.226748 0.0175072 0.0135191 0.00642511
 0.183998 0.648533 0.143729 0.0110973 0.012642
 0.248447 0.179444 0.454695 0.10077 0.0166438
 0.799779 0.0645668 0.0323897 0.0820718 0.021193
pobs_RECLAS
 0 0 0 0 0
 0 0 0 0 0
 0 0 0 0 0
 0 0 0 0 0
 0 0 0 0 0
 0 0 0 0 0
 0 0 0 0 0
 0 0 0 0 0
 0 0 0 0 0
 0 0 0 0 0
 0.991045 0.00858322 0.000360255 1.14367e-05 0
 0.934742 0.0480273 0.0164251 0.00080598 0
 0.827803 0.169806 0.00239088 0 0
 0.941827 0.0461693 0.0120037 0 0
 0.791401 0.0380133 0.147996 0.0225897 0
 0.846168 0.0940531 0.0597789 0 0
 0.134021 0.677848 0.182769 0.00536245 0
 0.80878 0.0450904 0.141981 0.00414843 0
 0.846168 0.0940531 0.0597789 0 0
 0.905697 0.0802665 0.012482 0.00150086 5.37128e-05
 0.989698 0.0102097 9.19794e-05 0 0
 0.975433 0.0193895 0.00387452 0.00125025 5.28907e-05
 0.303575 0.632131 0.0575291 0.00676475 0
 0.966965 0.00978017 0.0227588 0.000495775 0
 0.843318 0.132988 0.00938335 0.0141283 0.000182051
 0.564624 0.303363 0.111486 0.0197234 0.00080311
 0.826376 0.0876187 0.0782897 0.00655872 0.00115652
 0.89761 0.0855135 0.0140674 0.00269457 0.000114338
 0.34875 0.467042 0.161289 0.0227151 0.000203297
 0.318654 0.224769 0.449479 0.00709798 0
 0.937255 0.0296025 0.0250945 0.00804832 0
ppred_RECLAS
 0.278235 0.208636 0.455441 0.0576844 3.00385e-06
 0.448025 0.156756 0.114244 0.249387 0.0315881
 0.871757 0.0596403 0.0194825 0.0141989 0.0349212
 0.493272 0.445595 0.0284304 0.00928726 0.0234154
 0.657759 0.181722 0.141154 0.00900604 0.0103594
 0.987607 0.00855548 0.00203749 0.00158263 0.000217127
 0.317716 0.674313 0.00550267 0.00131046 0.00115756
 0.39872 0.211503 0.385224 0.00314358 0.00140993
 0.837937 0.0665442 0.033599 0.0611961 0.000723364
 0.964285 0.0309694 0.00194853 0.000983832 0.0018131
 0.916927 0.0806884 0.00206778 0.000130099 0.000186745
 0.876016 0.114035 0.00966359 0.000247645 3.79466e-05
 0.799936 0.177776 0.0204995 0.00173717 5.13393e-05
 0.804482 0.159928 0.0316246 0.00364665 0.000318157
 0.86646 0.111486 0.0180399 0.00356724 0.000447228
 0.982932 0.0151135 0.00163178 0.000264044 5.87583e-05
 0.244944 0.743125 0.0105648 0.00114067 0.000225649
 0.956271 0.0112 0.0320149 0.000455147 5.88628e-05
 0.663456 0.322517 0.0035925 0.010269 0.000164873
 0.661708 0.22954 0.10422 0.00116089 0.00337165
 0.833287 0.112872 0.0365324 0.016587 0.000721375
 0.81556 0.155004 0.0199298 0.00645052 0.00305614
 0.218637 0.644393 0.115109 0.0148004 0.00705987
 0.84144 0.0358444 0.101204 0.0180783 0.00343321
 0.669269 0.279898 0.0114914 0.0324451 0.00689639
 0.458319 0.367177 0.147683 0.00606324 0.0207578
 0.853441 0.0685109 0.0529044 0.0212788 0.00386449
 0.790452 0.179844 0.0138857 0.0107226 0.005096
 0.23397 0.608817 0.134927 0.0104176 0.0118678
 0.310756 0.164568 0.416997 0.0924153 0.0152639
 0.845098 0.0499525 0.0250583 0.063495 0.016396
pobs_PELACES
 0 0 0 0 0
 0 0 0 0 0
 0 0 0 0 0
 0 0 0 0 0
 0 0 0 0 0
 0 0 0 0 0
 0 0 0 0 0
 0 0 0 0 0
 0 0 0 0 0
 0 0 0 0 0
 0 0 0 0 0
 0 0 0 0 0
 0 0 0 0 0
 0 0 0 0 0
 0 0 0 0 0
 0 0 0 0 0
 0.505614 0.472636 0.0217494 0 0
 0 0 0 0 0
 0.443492 0.261883 0.143347 0.151278 0
 0.227955 0.32914 0.350689 0.0885471 0.00366901
 0.970185 0.0296113 0.000203453 0 0
 0.997202 0.00247181 0.000326279 0 0
 0.445219 0.490057 0.0546422 0.010081 0
 0.90214 0.0892962 0.00764917 0.000914606 0
 0 0 0 0 0
 0.581667 0.319106 0.0959925 0.00289975 0.000334073
 0.762889 0.0836404 0.116647 0.0363945 0.000428098
 0.88444 0.0763242 0.0277011 0.0115352 0
 0.521256 0.241999 0.230069 0.00667565 0
 0.616807 0.101726 0.260614 0.0208532 0
 0 0 0 0 0
ppred_PELACES
 0.282026 0.207541 0.453049 0.0573814 2.98807e-06
 0.459255 0.153567 0.111919 0.244314 0.0309454
 0.876818 0.0572869 0.0187137 0.0136386 0.0335432
 0.518175 0.423697 0.0270332 0.00883083 0.0222646
 0.679468 0.170195 0.1322 0.00843475 0.00970225
 0.988081 0.00822864 0.00195965 0.00152217 0.000208832
 0.339989 0.6523 0.00532303 0.00126768 0.00111977
 0.406553 0.208748 0.380206 0.00310263 0.00139157
 0.857739 0.0584135 0.0294936 0.0537186 0.000634977
 0.969076 0.0268153 0.00168715 0.000851861 0.00156989
 0.918803 0.0788661 0.00202108 0.000127161 0.000182528
 0.884449 0.106279 0.00900627 0.000230801 3.53655e-05
 0.811986 0.167068 0.0192647 0.00163253 4.82469e-05
 0.824971 0.143169 0.0283105 0.0032645 0.000284815
 0.879295 0.10077 0.016306 0.00322437 0.000404242
 0.983778 0.0143639 0.00155085 0.000250947 5.5844e-05
 0.252285 0.7359 0.0104621 0.00112958 0.000223455
 0.957635 0.0108506 0.0310161 0.000440947 5.70264e-05
 0.673442 0.312948 0.0034859 0.00996433 0.000159981
 0.671871 0.222644 0.101089 0.00112602 0.00327036
 0.83801 0.109675 0.0354974 0.0161171 0.000700938
 0.821636 0.149898 0.0192733 0.00623802 0.00295546
 0.223518 0.640368 0.11439 0.0147079 0.00701577
 0.844662 0.035116 0.0991472 0.0177109 0.00336344
 0.674943 0.275096 0.0112943 0.0318884 0.00677807
 0.464352 0.363087 0.146039 0.00599571 0.0205266
 0.856627 0.0670215 0.0517543 0.0208163 0.00378048
 0.793309 0.177392 0.0136963 0.0105763 0.00502651
 0.237128 0.606308 0.134371 0.0103747 0.0118189
 0.318467 0.162727 0.412332 0.0913814 0.0150932
 0.850147 0.0483245 0.0242416 0.0614256 0.0158616
pobs_pel_tallas
 0 0 0 0 0 0 0 0 0 0 0 0 0 0 0 0 0 0 0 0 0 0 0 0 0 0
 0 0 0 0 0 0 0 0 0 0 0 0 0 0 0 0 0 0 0 0 0 0 0 0 0 0
 0 0 0 0 0 0 0 0 0 0 0 0 0 0 0 0 0 0 0 0 0 0 0 0 0 0
 0 0 0 0 0 0 0 0 0 0 0 0 0 0 0 0 0 0 0 0 0 0 0 0 0 0
 0 0 0 0 0 0 0 0 0 0 0 0 0 0 0 0 0 0 0 0 0 0 0 0 0 0
 0 0 0 0 0 0 0 0 0 0 0 0 0 0 0 0 0 0 0 0 0 0 0 0 0 0
 0 0 0 0 0 0 0 0 0 0 0 0 0 0 0 0 0 0 0 0 0 0 0 0 0 0
 0 0 0 0 0 0 0 0 0 0 0 0 0 0 0 0 0 0 0 0 0 0 0 0 0 0
 0 0 0 0 0 0 0 0 0 0 0 0 0 0 0 0 0 0 0 0 0 0 0 0 0 0
 0 0 0 0 0 0 0 0 0 0 0 0 0 0 0 0 0 0 0 0 0 0 0 0 0 0
 0 0 0 0 0 0 0 0 0 0 0 0 0 0 0 0 0 0 0 0 0 0 0 0 0 0
 0 0 0 0 0 0 0 0 0 0 0 0 0 0 0 0 0 0 0 0 0 0 0 0 0 0
 0.00862536 0 0 0.000197151 0.00414017 0.0128641 0.00837892 0.0270097 0.101434 0.158115 0.152841 0.127902 0.109271 0.109419 0.0830992 0.0579132 0.0238553 0.00714673 0.00463305 0.00128148 0.00103504 0.000492878 0.000147863 0.000147863 4.92878e-05 0
 0 0 0 0 0 0 0 0 0 0 0 0 0 0 0 0 0 0 0 0 0 0 0 0 0 0
 0 0 0 0 0 0 0 0.0054083 0.00873648 0.0413646 0.0450493 0.0745869 0.0622846 0.0627006 0.0613931 0.0827291 0.12552 0.122667 0.0946155 0.0697135 0.0546179 0.0294188 0.0215738 0.0213955 0.0102223 0.00600262
 0 0 0 0 0.00359764 0.0251062 0.0480494 0.140153 0.205849 0.193036 0.1447 0.116669 0.0760912 0.0342217 0.00950174 0.001854 0.000860785 0 0 0 0.000165536 0 0.000143464 0 0 0
 0 0 0 0 0 0 0 0.000145254 0.000435761 0.0275982 0.070085 0.0708112 0.156366 0.174668 0.174014 0.160142 0.0824315 0.0480064 0.0283245 0.00493863 0.00203355 0 0 0 0 0
 0 0 0 0 0 0 0 0 0 0 0 0 0 0 0 0 0 0 0 0 0 0 0 0 0 0
 0 0 1.00437e-05 0.000401748 0.00122533 0.00171747 0.00176769 0.0269171 0.070346 0.194647 0.189555 0.159765 0.064822 0.0314167 0.0384472 0.0292271 0.0345202 0.0313363 0.0194345 0.0106764 0.0143323 0.0359363 0.0279516 0.0138201 0.00172751 0
 0 0.0021121 0.0136068 0.0755702 0.200478 0.177729 0.0527432 0.0373336 0.0318909 0.0142505 0.0149659 0.0166563 0.0217959 0.0798694 0.0677717 0.0528807 0.04013 0.0224614 0.0357745 0.0225083 0.00881397 0.00855152 0.00135912 0.000746735 0 0
 0 0 0 0 5.4009e-05 0.00500934 0.000945158 0.0243581 0.138947 0.33067 0.221406 0.137944 0.0707744 0.0437923 0.0131692 0.00525238 0.0047753 0.00276346 9.45158e-05 9.00151e-06 2.25038e-05 9.00151e-06 4.50075e-06 0 0 0
 0.000866109 0.00284123 0.00948549 0.0512746 0.133035 0.25785 0.225252 0.132002 0.0553304 0.0519788 0.0540692 0.017754 0.00435017 0.00159236 0.00146478 0.000404838 0.000125132 0.000115318 0.000107957 0.000100596 0 0 0 0 0 0
 0 0 0 0 0.00144013 0.00171154 0.00461396 0.0210425 0.0478622 0.0707936 0.0888783 0.103762 0.0637923 0.0337046 0.0602308 0.124433 0.169614 0.0934646 0.0462172 0.0250306 0.0313229 0.00938855 0.002487 0.000210481 0 0
 0 0.00764035 0.051015 0.0998891 0.058973 0.0496711 0.0374665 0.0718981 0.12319 0.153886 0.159021 0.0857701 0.0377988 0.023471 0.0147837 0.00900784 0.00315554 0.000888139 0.00291439 0.00214683 0.00393193 0.00274676 0.000635225 9.99891e-05 0 0
 0 0 0 0 0 0 0 0 0 0 0 0 0 0 0 0 0 0 0 0 0 0 0 0 0 0
 0 0 0 0 0 0 0 0 0 0 0 0 0 0 0 0 0 0 0 0 0 0 0 0 0 0
 0 0 0 0 0 0 0 0 0 0 0 0 0 0 0 0 0 0 0 0 0 0 0 0 0 0
 0 0 0 0 0 0 0 0 0 0 0 0 0 0 0 0 0 0 0 0 0 0 0 0 0 0
 0 0 0 0 0 0 0 0 0 0 0 0 0 0 0 0 0 0 0 0 0 0 0 0 0 0
 0 0 0 0 0 0 0 0 0 0 0 0 0 0 0 0 0 0 0 0 0 0 0 0 0 0
 0 0 0 0 0 0 0 0 0 0 0 0 0 0 0 0 0 0 0 0 0 0 0 0 0 0
ppred_pel_tallas
 1.18883e-16 2.32301e-05 0.000225805 0.00150055 0.00682132 0.0212238 0.0452202 0.0660046 0.0660252 0.0453216 0.021566 0.00781831 0.0040355 0.00586666 0.0110498 0.0190483 0.0293414 0.0408643 0.0524112 0.0632272 0.0730594 0.0815331 0.0875137 0.0892471 0.0853279 0.0757241
 1.33008e-16 3.78283e-05 0.000367704 0.00244352 0.0111079 0.0345609 0.0736363 0.107477 0.107492 0.0737098 0.0348086 0.0118266 0.00426013 0.0043762 0.0077811 0.0131598 0.0198288 0.0268797 0.0335188 0.0396684 0.0460744 0.0536536 0.0625232 0.0714824 0.0783576 0.0809666
 1.07599e-16 7.22223e-05 0.000702027 0.00466521 0.0212074 0.0659841 0.140586 0.205191 0.205196 0.140613 0.0660753 0.0214711 0.00532867 0.00215556 0.00284878 0.00463961 0.00678715 0.00878545 0.0101937 0.0108672 0.0110659 0.0112831 0.0119114 0.0129972 0.0142325 0.0151394
 1.05542e-16 4.26815e-05 0.000414879 0.00275702 0.012533 0.0389951 0.0830847 0.121273 0.121314 0.083284 0.0396641 0.0144647 0.00760342 0.0109871 0.0200995 0.0331053 0.0475578 0.0595466 0.0651277 0.0625153 0.0531819 0.0409131 0.0295938 0.0214205 0.0165606 0.0139599
 1.06347e-16 5.59669e-05 0.000544018 0.00361519 0.0164342 0.0511329 0.108945 0.159011 0.159028 0.109026 0.0514055 0.0172239 0.00560567 0.00491618 0.00843834 0.0140671 0.0207365 0.0270712 0.031673 0.0338454 0.0339047 0.0327626 0.0311665 0.02926 0.0267492 0.0233828
 1.00247e-16 8.13869e-05 0.00079111 0.0052572 0.0238985 0.074357 0.158426 0.231227 0.231228 0.158429 0.0743701 0.0239362 0.00535195 0.000998244 0.000475679 0.000660008 0.000948716 0.00120561 0.00135348 0.00135983 0.00125156 0.00109463 0.000951599 0.000849969 0.00078048 0.000717212
 1.00637e-16 2.80046e-05 0.000272215 0.00180897 0.00822334 0.0255862 0.0545164 0.0795815 0.0796442 0.0548229 0.0266147 0.0111922 0.00925434 0.0165024 0.0307843 0.0506702 0.0725715 0.090381 0.0978972 0.0922669 0.0757393 0.0542636 0.0340931 0.0189917 0.00961976 0.00467421
 1.11572e-16 3.34873e-05 0.000325508 0.00216312 0.00983323 0.0305949 0.0651865 0.0951459 0.0951666 0.0652877 0.0309363 0.010826 0.00468091 0.00590682 0.0108814 0.0185799 0.0282527 0.0386141 0.0482403 0.056254 0.0624923 0.0669571 0.0691443 0.068028 0.062796 0.053673
 1.06361e-16 7.06509e-05 0.000686752 0.00456371 0.0207459 0.0645484 0.137527 0.200726 0.200732 0.137555 0.0646418 0.0210166 0.00524579 0.00218511 0.0029447 0.00483346 0.00714432 0.00939963 0.0111832 0.0123562 0.0131408 0.0139286 0.0149511 0.0160785 0.0168859 0.0169079
 1.00407e-16 7.98215e-05 0.000775893 0.00515608 0.0234388 0.0729269 0.155378 0.22678 0.226783 0.155391 0.0729692 0.0235611 0.00546283 0.00144508 0.00134945 0.00210127 0.00301175 0.00377227 0.00412932 0.00397065 0.00339037 0.00262849 0.00193031 0.00143285 0.00114353 0.000991998
 1.00123e-16 7.56806e-05 0.000735642 0.0048886 0.0222229 0.0691437 0.147318 0.215017 0.215024 0.147355 0.0692681 0.022582 0.00578927 0.00269936 0.00379791 0.00613992 0.00879274 0.0109627 0.0118977 0.0112527 0.0092964 0.00674134 0.00433452 0.00252295 0.00138273 0.000758542
 1.00317e-16 7.28509e-05 0.000708137 0.00470582 0.021392 0.0665584 0.14181 0.206978 0.206988 0.14186 0.0667262 0.0218766 0.00592178 0.00336081 0.00510546 0.00831097 0.0119317 0.0149325 0.0163107 0.0156015 0.0131519 0.00988993 0.00678073 0.00439025 0.00280544 0.00182954
 1.00771e-16 6.68823e-05 0.000650119 0.00432027 0.0196393 0.0611054 0.130192 0.190022 0.190039 0.130271 0.0613694 0.0204018 0.00623368 0.00482565 0.00799259 0.0130957 0.01883 0.0236172 0.0258937 0.0249322 0.0212682 0.0163349 0.0116126 0.007954 0.00547294 0.0038598
 1.0123e-16 6.79518e-05 0.000660516 0.00438936 0.0199534 0.0620825 0.132274 0.19306 0.193074 0.132341 0.0623092 0.0206082 0.00603344 0.00425135 0.00689274 0.0113007 0.0163024 0.0205611 0.0227572 0.0222729 0.0195429 0.0157367 0.0120401 0.0091039 0.00697886 0.00540467
 1.00889e-16 7.24264e-05 0.00070401 0.0046784 0.0212673 0.0661706 0.140984 0.205772 0.205782 0.141031 0.06633 0.0217278 0.0058344 0.00322804 0.00486733 0.00793542 0.0114318 0.0143908 0.0158791 0.0154636 0.0134611 0.0107133 0.00807625 0.00602358 0.0045922 0.00358385
 1.00084e-16 8.10325e-05 0.000787665 0.00523431 0.0237944 0.0740333 0.157736 0.23022 0.230222 0.157743 0.074056 0.02386 0.00539879 0.00114659 0.000762286 0.00113085 0.00161848 0.00202936 0.00222463 0.00214187 0.00182766 0.00140588 0.00100419 0.000695757 0.00048948 0.000357278
 1.00642e-16 2.07806e-05 0.000201994 0.00134233 0.00610207 0.0189862 0.0404547 0.0590596 0.0591304 0.0408004 0.0201467 0.00945193 0.00974341 0.0185166 0.0347299 0.0571891 0.0819266 0.102067 0.11062 0.104364 0.0858214 0.0616808 0.0389682 0.0219084 0.0112438 0.00552367
 1.00952e-16 7.88792e-05 0.000766733 0.00509521 0.0231621 0.0720659 0.153544 0.224102 0.224103 0.153549 0.072084 0.023215 0.00523012 0.00106841 0.000672775 0.00104179 0.00161914 0.00229702 0.00301377 0.00372493 0.004396 0.00497046 0.00534711 0.00540537 0.00507137 0.00437481
 1.01208e-16 5.54706e-05 0.000539194 0.00358313 0.0162884 0.0506795 0.107979 0.157605 0.157635 0.108126 0.051173 0.0177131 0.00715631 0.00832937 0.0148209 0.024337 0.0348735 0.0434804 0.0471981 0.0446766 0.0370072 0.0270392 0.0177429 0.010868 0.00666094 0.00443237
 1.03641e-16 5.53412e-05 0.000537936 0.00357477 0.0162504 0.0505612 0.107727 0.157235 0.157256 0.107832 0.0509154 0.017275 0.00615163 0.0061797 0.0108181 0.0179211 0.0260975 0.0334093 0.0378889 0.0385777 0.0360183 0.0317473 0.0272419 0.0231939 0.0195435 0.015991
 1.02788e-16 6.90258e-05 0.000670955 0.00445873 0.0202688 0.0630637 0.134364 0.196111 0.196121 0.134416 0.0632379 0.0207723 0.0057244 0.00343976 0.00534482 0.00877259 0.0127388 0.0162493 0.0183387 0.0185644 0.0172508 0.0152258 0.013272 0.0117306 0.0104984 0.00929567
 1.01721e-16 6.76771e-05 0.000657845 0.00437161 0.0198727 0.0618315 0.131739 0.19228 0.192295 0.13181 0.0620685 0.0205572 0.00608968 0.0044081 0.00718929 0.0117763 0.0169534 0.0213116 0.0234642 0.0227753 0.0197359 0.0156276 0.0117531 0.00883057 0.00690204 0.00563231
 1.06128e-16 1.8411e-05 0.000178962 0.00118927 0.00540627 0.0168213 0.0358417 0.052325 0.0523868 0.0361435 0.0178346 0.00833361 0.00853891 0.0162286 0.0305149 0.0504574 0.0727735 0.091696 0.101333 0.0989326 0.086484 0.0692897 0.0527337 0.0397803 0.0306508 0.0241077
 1.05216e-16 6.95737e-05 0.000676282 0.00449413 0.0204297 0.0635643 0.135431 0.197666 0.197669 0.135448 0.063623 0.0206012 0.00493198 0.00165652 0.00200287 0.00338836 0.00531204 0.00759607 0.010086 0.01268 0.0153041 0.0177884 0.0197719 0.0207718 0.0204092 0.0186296
 1.04742e-16 5.55942e-05 0.000540396 0.00359112 0.0163247 0.0507924 0.10822 0.157955 0.157982 0.108349 0.0512268 0.0175788 0.00673756 0.00740443 0.0130785 0.0215011 0.0308975 0.0387215 0.0424374 0.040923 0.0351728 0.0276639 0.0208934 0.0162036 0.0135719 0.0121779
 1.08383e-16 3.82481e-05 0.000371785 0.00247065 0.0112312 0.0349447 0.0744546 0.108676 0.108711 0.0746264 0.0355219 0.0129004 0.00666748 0.00955691 0.017551 0.0291332 0.0423788 0.0541567 0.0612668 0.0621879 0.057894 0.0510134 0.0440685 0.0382275 0.0333129 0.0286377
 1.04239e-16 7.05593e-05 0.000685861 0.00455779 0.0207191 0.0644647 0.137349 0.200466 0.200473 0.137381 0.0645722 0.0210305 0.00534314 0.00241224 0.00338458 0.00557682 0.00824653 0.0108358 0.0128231 0.0139711 0.0144334 0.0145718 0.0146379 0.0145938 0.0141928 0.0132068
 1.02352e-16 6.53439e-05 0.000635166 0.0042209 0.0191876 0.0596999 0.127198 0.185652 0.185669 0.127281 0.0599801 0.0199967 0.00625122 0.00506516 0.00847235 0.013887 0.0199626 0.0250326 0.0274521 0.0264782 0.0227225 0.0177503 0.0131553 0.0098183 0.00777915 0.00658789
 1.07074e-16 1.9532e-05 0.000189858 0.00126168 0.00573544 0.0178454 0.0380237 0.0555089 0.0555674 0.0383096 0.0188057 0.00851 0.00822964 0.0154123 0.0289627 0.0479355 0.0692473 0.0874838 0.0971064 0.0955166 0.0845427 0.0690837 0.054074 0.0421716 0.0335106 0.026946
 1.2366e-16 2.62317e-05 0.000254982 0.00169444 0.0077027 0.023966 0.0510628 0.0745311 0.0745474 0.0511428 0.0242366 0.00849238 0.0037075 0.00475186 0.00886747 0.0154059 0.0240345 0.0340923 0.0448288 0.0557887 0.0667532 0.0771722 0.0856597 0.0902047 0.0891075 0.0819684
 1.09557e-16 7.00255e-05 0.000680672 0.00452331 0.0205623 0.063977 0.13631 0.198949 0.198954 0.136333 0.0640545 0.0207869 0.00508994 0.00192751 0.00246829 0.00405319 0.0060393 0.00806056 0.00982911 0.0113007 0.0127259 0.0144584 0.0166469 0.0190441 0.0210717 0.0220836
pSPR Fmed_Fpbrs
0.413521   0.224197 0.224197
Fs Fmed_Fpbrs
0.534649   1.005 1.005
SSBpbr Bo_Bmed_Bpbrs
1.60181e+06  582291  279030 279030
Ro
88817.6
SPR SPRFo_SPRFmed_SPRFpbrs
632440 261527 141791
Fref
1.005
log_Ro
11.2143
likeval ReclasPelacesDesembMPH_pf_preclas_ppelaces_ptallas_desvR_qrecl_qpela
 16.3146 49.3543 0.0864814 0.00169352 247.638 119.952 88.0807 0 53.7132 1.53361e-05 0 0.156138 0 0 0
q_reclas_q_pelaces
1.74182 1
M
1
N
 52498.4 40503.5 88416.9 11198.5 0.583151
 43748.2 16394.4 11948.3 26082.4 3303.66
 147808 10842.8 3542 2581.41 6348.82
 34647.1 36398.8 2322.37 758.64 1912.71
 16685.2 5347.63 4153.82 265.026 304.852
 284065 2612.31 622.122 483.236 66.297
 29964.6 74106.2 604.74 144.019 127.215
 8205.35 4572.73 8328.63 67.9649 30.4831
 22672.2 2272.56 1147.45 2089.92 24.7038
 54284.4 2184.93 137.472 69.4109 127.917
 59639 5449.83 139.661 8.78714 12.6131
 120182 17661.3 1496.66 38.3544 5.87704
 88119.7 22009.5 2537.93 215.069 6.35603
 67795.2 16557.7 3274.18 377.547 32.9396
 49771.9 7631.81 1234.94 244.198 30.6153
 401411 6675.28 720.723 116.622 25.9523
 29214.8 94072.3 1337.4 144.397 28.565
 619571 7629.97 21810 310.067 40.1001
 328114 170772 1902.22 5437.42 87.2995
 219212 81499.6 37003.8 412.183 1197.13
 379298 54125.6 17518.4 7953.99 345.921
 511312 103394 13294.1 4302.79 2038.59
 42797.1 131671 23520.8 3024.22 1442.57
 278229 12297.7 34721.6 6202.39 1177.88
 190362 82779.2 3398.56 9595.55 2039.59
 67318.3 55951.8 22504.6 923.942 3163.16
 240125 20041.8 15476.4 6224.81 1130.5
 302275 70604.4 5451.34 4209.54 2000.63
 35777.4 95603.2 21187.7 1635.89 1863.61
 20206.1 11296.4 28623.7 6343.62 1047.75
 86785.9 5442.79 2730.34 6918.38 1786.5
pred_Ctot
 5082.64 5164.68 11274.3 1427.95 0.0743591
 9316.41 4464.47 3253.72 7102.69 899.646
 31909.5 2990.98 977.061 712.082 1751.32
 13619.2 17389 1109.48 362.431 913.775
 6483.48 2528.9 1964.35 125.331 144.165
 53705.1 635.519 151.35 117.562 16.1287
 11884.9 35684.5 291.202 69.3498 61.258
 1311.81 947.806 1726.31 14.0874 6.31836
 11730.4 1373.98 693.746 1263.56 14.9359
 27589.7 1301.57 81.8925 41.3484 76.2006
 7483.04 894.267 22.9172 1.4419 2.06971
 40340 7327.93 620.987 15.9138 2.43847
 28757.8 8902.59 1026.57 86.9935 2.57096
 32618.1 9419.94 1862.74 214.793 18.7399
 21645.3 3982.44 644.418 127.428 15.9758
 95515.5 2017.64 217.844 35.25 7.84427
 5507.87 22824.9 324.497 35.0355 6.93078
 100542 1604.29 4585.84 65.1956 8.43156
 69546.1 46298.2 515.715 1474.15 23.668
 47060.3 22363.2 10153.8 113.102 328.489
 63632.9 11748.9 3802.71 1726.56 75.0888
 99808.3 25929.2 3333.91 1079.06 511.239
 6042.36 24216.4 4325.86 556.204 265.313
 34222.9 1979.44 5588.82 998.343 189.594
 24636.8 13997 574.659 1622.5 344.873
 8256.93 8981.33 3612.43 148.311 507.75
 31030.7 3383.93 2613.1 1051.02 190.878
 27134 8361.75 645.611 498.543 236.937
 3245.57 11439.6 2535.26 195.746 222.994
 3508.17 2533.83 6420.49 1422.92 235.018
 16285 1314.7 659.513 1671.13 431.529
F
 0.163843 0.220802 0.220803 0.220803 0.220803
 0.394947 0.532248 0.532251 0.532251 0.532251
 0.401379 0.540916 0.540919 0.540919 0.540919
 0.868559 1.17051 1.17051 1.17051 1.17051
 0.854286 1.15127 1.15128 1.15128 1.15128
 0.343704 0.463191 0.463193 0.463193 0.463193
 0.879907 1.1858 1.18581 1.18581 1.18581
 0.28388 0.382569 0.382571 0.382571 0.382571
 1.33956 1.80524 1.80525 1.80525 1.80525
 1.29865 1.75012 1.75013 1.75013 1.75013
 0.216933 0.292349 0.29235 0.29235 0.29235
 0.697533 0.940026 0.940031 0.940031 0.940031
 0.671844 0.905406 0.905411 0.905411 0.905411
 1.18417 1.59583 1.59584 1.59584 1.59584
 1.00904 1.35983 1.35983 1.35983 1.35983
 0.450922 0.607682 0.607685 0.607685 0.607685
 0.342593 0.461693 0.461695 0.461695 0.461695
 0.2887 0.389064 0.389066 0.389066 0.389066
 0.392764 0.529306 0.529309 0.529309 0.529309
 0.39873 0.537345 0.537348 0.537348 0.537348
 0.299772 0.403986 0.403988 0.403988 0.403988
 0.356672 0.480666 0.480669 0.480669 0.480669
 0.24706 0.332948 0.33295 0.33295 0.33295
 0.212266 0.286059 0.286061 0.286061 0.286061
 0.224434 0.302457 0.302459 0.302459 0.302459
 0.21161 0.285175 0.285177 0.285177 0.285177
 0.224065 0.30196 0.301962 0.301962 0.301962
 0.151132 0.203672 0.203673 0.203673 0.203673
 0.152837 0.20597 0.205971 0.205971 0.205971
 0.311694 0.420053 0.420055 0.420055 0.420055
 0.340738 0.459194 0.459196 0.459196 0.459196
nmprior
 8 9 7.5 0
nm_flota  nm_reclas  nm_pelaces    nm_pelaL
inf 14.7099 7.54223 11.2979
cv_recla  cv_pelaces  cv_mph
0.365353 0.82666 1.26999
 ------------------------------------------------
Talla a la edad & desviación 
 8 13.2811 15.8009 17.003 17.5766
 0.8 1.32811 1.58009 1.7003 1.75766
