years
 1991 1992 1993 1994 1995 1996 1997 1998 1999 2000 2001 2002 2003 2004 2005 2006 2007 2008 2009 2010 2011 2012 2013 2014 2015 2016 2017 2018 2019 2020 2021
reclasobs
 0 0 0 0 0 0 0 0 0 252601 567819 844713 477998 351125 339783 2.1784e+06 2.13404e+06 4.81314e+06 1.55562e+06 2.62356e+06 3.21686e+06 3.843e+06 1.13348e+06 3.07943e+06 1.97215e+06 2.03268e+06 2.025e+06 2.42433e+06 2.27542e+06 1.05018e+06 2.36338e+06
reclaspred
 5.60544e+06 2.03273e+06 1.03212e+06 767917 362678 2.99055e+06 1.58036e+06 880521 558629 257037 456030 814259 781877 569155 444842 1.69183e+06 961843 3.90575e+06 2.9445e+06 2.05815e+06 3.24242e+06 3.04417e+06 1.76114e+06 3.24906e+06 2.34652e+06 1.72735e+06 2.27277e+06 3.1315e+06 2.40528e+06 825803 1.28485e+06
pelacesobs
 0 0 0 0 0 0 0 0 0 0 0 0 0 0 0 552880 188675 0 991730 2.46772e+06 1.41603e+06 1.21717e+06 2.29649e+06 1.80582e+06 0 1.4828e+06 1.56532e+06 1.57751e+06 1.42118e+06 867257 0
pelacespred
 5.12872e+06 1.72421e+06 612857 307423 182317 1.51854e+06 898259 731370 308468 94523.4 230812 332492 365666 237673 182908 651544 460650 1.95197e+06 1.61077e+06 988614 1.59995e+06 1.49791e+06 1.07208e+06 1.93796e+06 1.5079e+06 1.149e+06 1.48588e+06 2.06565e+06 1.69611e+06 578472 664480
mphobs
 0 0 0 0 0 0 0 0 0 0 0 498337 0 5186 125008 0 168611 109162 213762 579715 649985 157893 87575 83554 0 0 0 0 0 0 0
mphpred
 1.0975e+06 510773 137662 110261 57430 35772.5 386401 135391 79736.5 35517.7 14758.9 61158.4 73009.4 52681.5 27735.6 30576.3 190975 79943.7 439337 232542 248460 289861 330495 166797 362097 264458 164492 230501 453690 204342 50948.9
desembarqueobs
 494567 514787 250237 358949 120608 361735 552515 73892 212993 205616 52469 317467 293654 387597 252695 516296 358380 742168 942051 627588 828172 859565 418607 520667 417249 300574 407403 355545 319650 289779 219260
desembarquepred
 494509 514570 249932 358775 120566 361597 552047 73881.5 212874 205486 52461.2 317269 293417 387070 252457 515889 358252 741608 940825 626677 827844 858789 418330 520448 416944 300388 407164 355339 319401 289456 219219
Reclutas
 56855.8 45085.5 133980 61032.9 25993.6 277318 38707 11612.3 26413.9 36133.1 44312.4 105722 82693.6 67533.8 44904.9 254611 25641.7 423962 226653 205464 224179 390287 35149 178153 137584 44926.8 135374 172103 34022.1 20275.4 97846.4
log_desv_Rt
 -0.320897 -0.552853 0.536273 -0.250002 -1.10356 1.26375 -0.705395 -1.90935 -1.08752 -0.774205 -0.570151 0.2994 0.0537281 -0.148787 -0.556868 1.17832 -1.11719 1.68823 1.06201 0.963854 1.05103 1.60547 -0.801818 0.821229 0.562822 -0.556381 0.546627 0.786677 -0.834403 -1.35201 0.221984
SSB
 1.39863e+06 650920 175434 140515 73187.8 45587.8 492422 172539 101615 45263.1 18808.4 77939.1 93041.8 67136.3 35345.7 38965.8 243375 101879 559882 296347 316632 369394 421177 212563 461450 337021 209626 293746 578174 260409 64928.3
BT
 1.87002e+06 1.01587e+06 453086 401254 168775 1.27821e+06 797826 321375 338941 241463 178916 442629 458363 538312 357865 819229 454283 1.87358e+06 1.62855e+06 971950 1.53252e+06 1.49009e+06 745479 1.55948e+06 988350 708653 1.20991e+06 1.43815e+06 835933 470890 564605
Ftot
 0.3418 0.920856 0.925122 1.57199 1.18342 0.506493 1.17324 0.327837 1.3822 2.47023 0.477076 1.42534 1.36601 2.24577 1.98699 1.19885 1.25565 0.774834 1.15136 1.13769 0.971278 1.06924 0.849554 0.649734 0.673332 0.65353 0.715348 0.461237 0.490332 1.22128 0.695125
BD_Bspro_t
 0.94678 0.623479 0.285727 0.255063 0.130269 0.108604 0.471748 0.215363 0.186073 0.113534 0.0679929 0.295411 0.219317 0.145142 0.0789931 0.0892162 0.265963 0.132323 0.374646 0.2232 0.199899 0.224286 0.261296 0.17239 0.339584 0.324609 0.279396 0.384702 0.526347 0.335582 0.160698
BD_Bspro
 2.50636 1.16646 0.314381 0.251804 0.131154 0.081694 0.882428 0.309193 0.182095 0.0811122 0.033705 0.139668 0.166732 0.120309 0.0633399 0.0698273 0.436131 0.182568 1.00332 0.531058 0.56741 0.661959 0.754755 0.380915 0.826924 0.603946 0.375653 0.526397 1.0361 0.466657 0.116353
BD_Bo
 1.10145 0.512612 0.138158 0.110658 0.0576368 0.0359013 0.387792 0.135878 0.0800235 0.0356456 0.014812 0.0613786 0.0732723 0.0528712 0.0278354 0.0306863 0.191663 0.0802315 0.440918 0.233379 0.249354 0.290905 0.331685 0.167397 0.363401 0.26541 0.165085 0.231331 0.455323 0.205077 0.0511324
BD_Brms
 5.85729 2.72598 0.734699 0.588459 0.306502 0.190916 2.06221 0.722575 0.42555 0.189557 0.0787675 0.3264 0.389648 0.281159 0.148024 0.163184 1.01923 0.426656 2.34472 1.24107 1.32602 1.54698 1.76384 0.890188 1.9325 1.4114 0.877889 1.23017 2.42133 1.09056 0.271912
Sel_flota
 0.682386 1 1 1 1
 0.682386 1 1 1 1
 0.682386 1 1 1 1
 0.682386 1 1 1 1
 0.682386 1 1 1 1
 0.682386 1 1 1 1
 0.682386 1 1 1 1
 0.682386 1 1 1 1
 0.682386 1 1 1 1
 0.682386 1 1 1 1
 0.682386 1 1 1 1
 0.682386 1 1 1 1
 0.682386 1 1 1 1
 0.682386 1 1 1 1
 0.682386 1 1 1 1
 0.682386 1 1 1 1
 0.682386 1 1 1 1
 0.682386 1 1 1 1
 0.682386 1 1 1 1
 0.682386 1 1 1 1
 0.682386 1 1 1 1
 0.682386 1 1 1 1
 0.682386 1 1 1 1
 0.682386 1 1 1 1
 0.682386 1 1 1 1
 0.682386 1 1 1 1
 0.682386 1 1 1 1
 0.682386 1 1 1 1
 0.682386 1 1 1 1
 0.682386 1 1 1 1
 0.682386 1 1 1 1
Sel_reclas
 0.736041 0.933481 0.986038 0.997194 0.999441
 0.736041 0.933481 0.986038 0.997194 0.999441
 0.736041 0.933481 0.986038 0.997194 0.999441
 0.736041 0.933481 0.986038 0.997194 0.999441
 0.736041 0.933481 0.986038 0.997194 0.999441
 0.736041 0.933481 0.986038 0.997194 0.999441
 0.736041 0.933481 0.986038 0.997194 0.999441
 0.736041 0.933481 0.986038 0.997194 0.999441
 0.736041 0.933481 0.986038 0.997194 0.999441
 0.736041 0.933481 0.986038 0.997194 0.999441
 0.736041 0.933481 0.986038 0.997194 0.999441
 0.736041 0.933481 0.986038 0.997194 0.999441
 0.736041 0.933481 0.986038 0.997194 0.999441
 0.736041 0.933481 0.986038 0.997194 0.999441
 0.736041 0.933481 0.986038 0.997194 0.999441
 0.736041 0.933481 0.986038 0.997194 0.999441
 0.736041 0.933481 0.986038 0.997194 0.999441
 0.736041 0.933481 0.986038 0.997194 0.999441
 0.736041 0.933481 0.986038 0.997194 0.999441
 0.736041 0.933481 0.986038 0.997194 0.999441
 0.736041 0.933481 0.986038 0.997194 0.999441
 0.736041 0.933481 0.986038 0.997194 0.999441
 0.736041 0.933481 0.986038 0.997194 0.999441
 0.736041 0.933481 0.986038 0.997194 0.999441
 0.736041 0.933481 0.986038 0.997194 0.999441
 0.736041 0.933481 0.986038 0.997194 0.999441
 0.736041 0.933481 0.986038 0.997194 0.999441
 0.736041 0.933481 0.986038 0.997194 0.999441
 0.736041 0.933481 0.986038 0.997194 0.999441
 0.736041 0.933481 0.986038 0.997194 0.999441
 0.736041 0.933481 0.986038 0.997194 0.999441
Sel_pelaces
 0.365539 0.743557 0.935865 0.986566 0.997302
 0.365539 0.743557 0.935865 0.986566 0.997302
 0.365539 0.743557 0.935865 0.986566 0.997302
 0.365539 0.743557 0.935865 0.986566 0.997302
 0.365539 0.743557 0.935865 0.986566 0.997302
 0.365539 0.743557 0.935865 0.986566 0.997302
 0.365539 0.743557 0.935865 0.986566 0.997302
 0.365539 0.743557 0.935865 0.986566 0.997302
 0.365539 0.743557 0.935865 0.986566 0.997302
 0.365539 0.743557 0.935865 0.986566 0.997302
 0.365539 0.743557 0.935865 0.986566 0.997302
 0.365539 0.743557 0.935865 0.986566 0.997302
 0.365539 0.743557 0.935865 0.986566 0.997302
 0.365539 0.743557 0.935865 0.986566 0.997302
 0.365539 0.743557 0.935865 0.986566 0.997302
 0.365539 0.743557 0.935865 0.986566 0.997302
 0.365539 0.743557 0.935865 0.986566 0.997302
 0.365539 0.743557 0.935865 0.986566 0.997302
 0.365539 0.743557 0.935865 0.986566 0.997302
 0.365539 0.743557 0.935865 0.986566 0.997302
 0.365539 0.743557 0.935865 0.986566 0.997302
 0.365539 0.743557 0.935865 0.986566 0.997302
 0.365539 0.743557 0.935865 0.986566 0.997302
 0.365539 0.743557 0.935865 0.986566 0.997302
 0.365539 0.743557 0.935865 0.986566 0.997302
 0.365539 0.743557 0.935865 0.986566 0.997302
 0.365539 0.743557 0.935865 0.986566 0.997302
 0.365539 0.743557 0.935865 0.986566 0.997302
 0.365539 0.743557 0.935865 0.986566 0.997302
 0.365539 0.743557 0.935865 0.986566 0.997302
 0.365539 0.743557 0.935865 0.986566 0.997302
pf_obs 
 0.8446 0.082 0.0669 0.0065 0
 0.8095 0.147 0.0364 0.0071 0
 0.9664 0.0169 0.016 0.0007 0
 0.9276 0.0648 0.0075 0.0001 0
 0.7033 0.2144 0.0806 0.0017 0
 0.9318 0.0425 0.0243 0.0014 0
 0.5671 0.3108 0.0964 0.0239 0.0018
 0.0768 0.2599 0.5324 0.112 0.0189
 0.490249 0.384438 0.106611 0.0170017 0.00170017
 0.7925 0.1577 0.0466 0.003 0.0002
 0.840416 0.127587 0.0312969 0.00059994 9.999e-05
 0.8084 0.0986 0.0794 0.0134 0.0002
 0.7335 0.1905 0.0724 0.0035 0.0001
 0.4001 0.4547 0.1325 0.0127 0
 0.49795 0.308269 0.164784 0.0264974 0.00249975
 0.9179 0.0499 0.0305 0.0017 0
 0.2467 0.6533 0.0926 0.0074 0
 0.9418 0.0223 0.034 0.0019 0
 0.707729 0.231977 0.0356964 0.0245975 0
 0.517169 0.277429 0.184464 0.0207286 0.00020938
 0.811772 0.124168 0.05621 0.00726502 0.000585176
 0.764997 0.148141 0.077277 0.00933861 0.000247198
 0.163321 0.427699 0.378323 0.0303852 0.000271297
 0.753843 0.0900009 0.118128 0.0371064 0.000921714
 0.721811 0.176058 0.0630433 0.0369309 0.00215725
 0.143369 0.312575 0.442814 0.0836902 0.0175525
 0.692698 0.0596174 0.167031 0.0765114 0.00414204
 0.394062 0.376323 0.152708 0.0712218 0.00568511
 0.125707 0.32114 0.495352 0.0537591 0.00404204
 0.23352 0.215282 0.420074 0.123614 0.00750983
 0 0 0 0 0
pf_pred 
 0.306364 0.196232 0.440521 0.0568822 9.93864e-07
 0.45746 0.221729 0.0907585 0.203744 0.0263088
 0.872965 0.0760224 0.0208482 0.00853362 0.0216308
 0.63288 0.339217 0.0166982 0.00457928 0.00662558
 0.672095 0.255742 0.0666776 0.00328226 0.00220246
 0.974002 0.0206305 0.00418605 0.00109139 8.97751e-05
 0.290349 0.698133 0.00914012 0.00185458 0.000523304
 0.358954 0.277946 0.357206 0.00467663 0.00121667
 0.7401 0.121198 0.0601388 0.0772882 0.00127512
 0.872936 0.107794 0.00898609 0.00445892 0.00582498
 0.924935 0.0710622 0.00339554 0.000283065 0.000323946
 0.871373 0.122448 0.00585007 0.000279532 4.99711e-05
 0.804981 0.181518 0.0128526 0.000614047 3.4586e-05
 0.807808 0.17102 0.0197067 0.00139536 7.04194e-05
 0.862776 0.125014 0.0108646 0.00125193 9.3118e-05
 0.977513 0.0210203 0.00133642 0.000116144 1.43788e-05
 0.32382 0.668015 0.00763278 0.000485273 4.73947e-05
 0.974198 0.0123158 0.0133233 0.000152232 1.06238e-05
 0.652813 0.341897 0.00252477 0.00273129 3.33858e-05
 0.764818 0.182923 0.0514631 0.000380033 0.000416146
 0.80814 0.164588 0.0212122 0.0059678 9.2327e-05
 0.861689 0.122093 0.0139123 0.00179303 0.000512252
 0.260017 0.680225 0.0527517 0.00601095 0.000996022
 0.873148 0.0481298 0.0723651 0.00561194 0.00074543
 0.689831 0.285302 0.00943487 0.0141857 0.00124623
 0.449757 0.433807 0.107102 0.00354182 0.00579311
 0.845696 0.089019 0.0514705 0.0127074 0.00110758
 0.785893 0.193246 0.0120347 0.00695841 0.00186768
 0.313168 0.587055 0.0900558 0.00560836 0.00411311
 0.427675 0.242498 0.281913 0.0432462 0.00466839
 0.92908 0.0415373 0.0124498 0.0144733 0.00245992
pobs_RECLAS
 0 0 0 0 0
 0 0 0 0 0
 0 0 0 0 0
 0 0 0 0 0
 0 0 0 0 0
 0 0 0 0 0
 0 0 0 0 0
 0 0 0 0 0
 0 0 0 0 0
 0 0 0 0 0
 0.991045 0.00858322 0.000360255 1.14367e-05 0
 0.934742 0.0480273 0.0164251 0.00080598 0
 0.827803 0.169806 0.00239088 0 0
 0.941827 0.0461693 0.0120037 0 0
 0.791401 0.0380133 0.147996 0.0225897 0
 0.846168 0.0940531 0.0597789 0 0
 0.134021 0.677848 0.182769 0.00536245 0
 0.80878 0.0450904 0.141981 0.00414843 0
 0.846168 0.0940531 0.0597789 0 0
 0.905697 0.0802665 0.012482 0.00150086 5.37128e-05
 0.989698 0.0102097 9.19794e-05 0 0
 0.975433 0.0193895 0.00387452 0.00125025 5.28907e-05
 0.303575 0.632131 0.0575291 0.00676475 0
 0.966965 0.00978017 0.0227588 0.000495775 0
 0.843318 0.132988 0.00938335 0.0141283 0.000182051
 0.564624 0.303363 0.111486 0.0197234 0.00080311
 0.826376 0.0876187 0.0782897 0.00655872 0.00115652
 0.89761 0.0855135 0.0140674 0.00269457 0.000114338
 0.34875 0.467042 0.161289 0.0227151 0.000203297
 0.318654 0.224769 0.449479 0.00709798 0
 0.937255 0.0296025 0.0250945 0.00804832 0
ppred_RECLAS
 0.331406 0.181636 0.430712 0.0562448 9.84943e-07
 0.494332 0.199003 0.0860424 0.195342 0.0252807
 0.889714 0.0643356 0.0186366 0.00771467 0.019599
 0.684234 0.290405 0.0151003 0.00418792 0.00607298
 0.712665 0.221311 0.0609493 0.00303422 0.00204061
 0.977562 0.0175911 0.00377031 0.000994123 8.19582e-05
 0.333553 0.655004 0.00905828 0.00185877 0.000525668
 0.387911 0.257161 0.349101 0.00462222 0.00120522
 0.774067 0.101926 0.0534238 0.069435 0.00114814
 0.903534 0.0810566 0.00713761 0.00358177 0.00468965
 0.935229 0.0611273 0.00308527 0.000260109 0.000298346
 0.893961 0.100669 0.00508038 0.000245501 4.39863e-05
 0.836249 0.151816 0.0113548 0.000548624 3.09706e-05
 0.848855 0.133653 0.016268 0.00116491 5.89219e-05
 0.891292 0.09853 0.00904505 0.00105406 7.85769e-05
 0.981524 0.0172062 0.00115552 0.000101559 1.26014e-05
 0.370865 0.621109 0.0074964 0.000481995 4.71806e-05
 0.977665 0.0103552 0.011833 0.000136734 9.56376e-06
 0.696654 0.29844 0.00232793 0.00254685 3.12015e-05
 0.79686 0.156042 0.0463721 0.000346313 0.000380075
 0.834583 0.140724 0.0191578 0.00545079 8.45185e-05
 0.882662 0.102879 0.0123829 0.00161397 0.000462136
 0.295415 0.644679 0.0528099 0.00608567 0.00101068
 0.887381 0.0412626 0.0655329 0.0051396 0.000684228
 0.724238 0.252362 0.00881542 0.0134043 0.00118024
 0.489149 0.397919 0.103772 0.00347056 0.00568933
 0.864157 0.0764639 0.0467004 0.0116602 0.00101859
 0.810815 0.169734 0.0111656 0.00652895 0.00175636
 0.347192 0.553346 0.089664 0.00564713 0.00415088
 0.470453 0.217107 0.266605 0.0413606 0.00447491
 0.938152 0.0352965 0.0111749 0.0131382 0.00223803
pobs_PELACES
 0 0 0 0 0
 0 0 0 0 0
 0 0 0 0 0
 0 0 0 0 0
 0 0 0 0 0
 0 0 0 0 0
 0 0 0 0 0
 0 0 0 0 0
 0 0 0 0 0
 0 0 0 0 0
 0 0 0 0 0
 0 0 0 0 0
 0 0 0 0 0
 0 0 0 0 0
 0 0 0 0 0
 0 0 0 0 0
 0.505614 0.472636 0.0217494 0 0
 0 0 0 0 0
 0.443492 0.261883 0.143347 0.151278 0
 0.227955 0.32914 0.350689 0.0885471 0.00366901
 0.970185 0.0296113 0.000203453 0 0
 0.997202 0.00247181 0.000326279 0 0
 0.445219 0.490057 0.0546422 0.010081 0
 0.90214 0.0892962 0.00764917 0.000914606 0
 0 0 0 0 0
 0.581667 0.319106 0.0959925 0.00289975 0.000334073
 0.762889 0.0836404 0.116647 0.0363945 0.000428098
 0.88444 0.0763242 0.0277011 0.0115352 0
 0.521256 0.241999 0.230069 0.00667565 0
 0.616807 0.101726 0.260614 0.0208532 0
 0 0 0 0 0
ppred_PELACES
 0.218784 0.185557 0.524291 0.0713665 1.26051e-06
 0.370865 0.217429 0.112016 0.265088 0.0346025
 0.835114 0.0879048 0.0303416 0.0130923 0.0335472
 0.610292 0.352337 0.0218298 0.00631087 0.00923031
 0.626203 0.275512 0.0904102 0.00469162 0.00318243
 0.964841 0.0264075 0.00674404 0.00185358 0.000154129
 0.260168 0.724609 0.0119403 0.00255402 0.000728504
 0.26895 0.276312 0.446947 0.00616854 0.00162227
 0.687759 0.125662 0.0784807 0.106325 0.00177326
 0.879613 0.0976941 0.0102505 0.00536186 0.00708077
 0.903462 0.0900923 0.00541823 0.000476153 0.000550851
 0.858029 0.133468 0.00802577 0.000404268 7.30562e-05
 0.783686 0.197752 0.0176235 0.000887595 5.05375e-05
 0.812489 0.162149 0.0235169 0.00175535 8.95514e-05
 0.86075 0.123924 0.0135553 0.0016466 0.000123806
 0.973724 0.0241449 0.00193209 0.000177009 2.21523e-05
 0.294876 0.694403 0.00998635 0.000669304 6.60796e-05
 0.964074 0.0151003 0.0205604 0.000247652 1.74709e-05
 0.616834 0.375643 0.0034914 0.00398162 4.91988e-05
 0.725109 0.20214 0.0715778 0.000557207 0.000616795
 0.771709 0.188503 0.0305777 0.00906872 0.000141828
 0.836618 0.139818 0.0200526 0.00272441 0.000786807
 0.219378 0.702443 0.0685636 0.00823594 0.00137956
 0.823899 0.0574013 0.108627 0.0088804 0.00119241
 0.632958 0.329643 0.0137206 0.0217471 0.0019313
 0.37994 0.46291 0.143845 0.00501462 0.00829131
 0.797052 0.104946 0.0763732 0.0198771 0.00175133
 0.732913 0.234467 0.0183783 0.011202 0.00303939
 0.253124 0.614636 0.118673 0.00779089 0.00577593
 0.360353 0.234677 0.343381 0.0555293 0.00605957
 0.902801 0.0506508 0.0191077 0.0234168 0.00402329
pobs_pel_tallas
 0 0 0 0 0 0 0 0 0 0 0 0 0 0 0 0 0 0 0 0 0 0 0 0 0 0
 0 0 0 0 0 0 0 0 0 0 0 0 0 0 0 0 0 0 0 0 0 0 0 0 0 0
 0 0 0 0 0 0 0 0 0 0 0 0 0 0 0 0 0 0 0 0 0 0 0 0 0 0
 0 0 0 0 0 0 0 0 0 0 0 0 0 0 0 0 0 0 0 0 0 0 0 0 0 0
 0 0 0 0 0 0 0 0 0 0 0 0 0 0 0 0 0 0 0 0 0 0 0 0 0 0
 0 0 0 0 0 0 0 0 0 0 0 0 0 0 0 0 0 0 0 0 0 0 0 0 0 0
 0 0 0 0 0 0 0 0 0 0 0 0 0 0 0 0 0 0 0 0 0 0 0 0 0 0
 0 0 0 0 0 0 0 0 0 0 0 0 0 0 0 0 0 0 0 0 0 0 0 0 0 0
 0 0 0 0 0 0 0 0 0 0 0 0 0 0 0 0 0 0 0 0 0 0 0 0 0 0
 0 0 0 0 0 0 0 0 0 0 0 0 0 0 0 0 0 0 0 0 0 0 0 0 0 0
 0 0 0 0 0 0 0 0 0 0 0 0 0 0 0 0 0 0 0 0 0 0 0 0 0 0
 0 0 0 0 0 0 0 0 0 0 0 0 0 0 0 0 0 0 0 0 0 0 0 0 0 0
 0.00862536 0 0 0.000197151 0.00414017 0.0128641 0.00837892 0.0270097 0.101434 0.158115 0.152841 0.127902 0.109271 0.109419 0.0830992 0.0579132 0.0238553 0.00714673 0.00463305 0.00128148 0.00103504 0.000492878 0.000147863 0.000147863 4.92878e-05 0
 0 0 0 0 0 0 0 0 0 0 0 0 0 0 0 0 0 0 0 0 0 0 0 0 0 0
 0 0 0 0 0 0 0 0.0054083 0.00873648 0.0413646 0.0450493 0.0745869 0.0622846 0.0627006 0.0613931 0.0827291 0.12552 0.122667 0.0946155 0.0697135 0.0546179 0.0294188 0.0215738 0.0213955 0.0102223 0.00600262
 0 0 0 0 0.00359764 0.0251062 0.0480494 0.140153 0.205849 0.193036 0.1447 0.116669 0.0760912 0.0342217 0.00950174 0.001854 0.000860785 0 0 0 0.000165536 0 0.000143464 0 0 0
 0 0 0 0 0 0 0 0.000145254 0.000435761 0.0275982 0.070085 0.0708112 0.156366 0.174668 0.174014 0.160142 0.0824315 0.0480064 0.0283245 0.00493863 0.00203355 0 0 0 0 0
 0 0 0 0 0 0 0 0 0 0 0 0 0 0 0 0 0 0 0 0 0 0 0 0 0 0
 0 0 1.00437e-05 0.000401748 0.00122533 0.00171747 0.00176769 0.0269171 0.070346 0.194647 0.189555 0.159765 0.064822 0.0314167 0.0384472 0.0292271 0.0345202 0.0313363 0.0194345 0.0106764 0.0143323 0.0359363 0.0279516 0.0138201 0.00172751 0
 0 0.0021121 0.0136068 0.0755702 0.200478 0.177729 0.0527432 0.0373336 0.0318909 0.0142505 0.0149659 0.0166563 0.0217959 0.0798694 0.0677717 0.0528807 0.04013 0.0224614 0.0357745 0.0225083 0.00881397 0.00855152 0.00135912 0.000746735 0 0
 0 0 0 0 5.4009e-05 0.00500934 0.000945158 0.0243581 0.138947 0.33067 0.221406 0.137944 0.0707744 0.0437923 0.0131692 0.00525238 0.0047753 0.00276346 9.45158e-05 9.00151e-06 2.25038e-05 9.00151e-06 4.50075e-06 0 0 0
 0.000866109 0.00284123 0.00948549 0.0512746 0.133035 0.25785 0.225252 0.132002 0.0553304 0.0519788 0.0540692 0.017754 0.00435017 0.00159236 0.00146478 0.000404838 0.000125132 0.000115318 0.000107957 0.000100596 0 0 0 0 0 0
 0 0 0 0 0.00144013 0.00171154 0.00461396 0.0210425 0.0478622 0.0707936 0.0888783 0.103762 0.0637923 0.0337046 0.0602308 0.124433 0.169614 0.0934646 0.0462172 0.0250306 0.0313229 0.00938855 0.002487 0.000210481 0 0
 0 0.00764035 0.051015 0.0998891 0.058973 0.0496711 0.0374665 0.0718981 0.12319 0.153886 0.159021 0.0857701 0.0377988 0.023471 0.0147837 0.00900784 0.00315554 0.000888139 0.00291439 0.00214683 0.00393193 0.00274676 0.000635225 9.99891e-05 0 0
 0 0 0 0 0 0 0 0 0 0 0 0 0 0 0 0 0 0 0 0 0 0 0 0 0 0
 0 0 0 0 0 0 0 0 0 0 0 0 0 0 0 0 0 0 0 0 0 0 0 0 0 0
 0 0 0 0 0 0 0 0 0 0 0 0 0 0 0 0 0 0 0 0 0 0 0 0 0 0
 0 0 0 0 0 0 0 0 0 0 0 0 0 0 0 0 0 0 0 0 0 0 0 0 0 0
 0 0 0 0 0 0 0 0 0 0 0 0 0 0 0 0 0 0 0 0 0 0 0 0 0 0
 0 0 0 0 0 0 0 0 0 0 0 0 0 0 0 0 0 0 0 0 0 0 0 0 0 0
 0 0 0 0 0 0 0 0 0 0 0 0 0 0 0 0 0 0 0 0 0 0 0 0 0 0
ppred_pel_tallas
 1.22335e-16 1.8021e-05 0.000175171 0.00116407 0.00529172 0.0164646 0.0350802 0.0512045 0.0512232 0.0351719 0.0167745 0.00619708 0.00347484 0.00534593 0.0102084 0.0178137 0.0279093 0.0397874 0.0525824 0.0656705 0.0785783 0.0903725 0.0992001 0.102685 0.099107 0.0884992
 1.35729e-16 3.05477e-05 0.000296934 0.00197323 0.00897005 0.0279093 0.0594644 0.0867945 0.0868157 0.059568 0.0282578 0.00998002 0.00452073 0.00590046 0.010802 0.0181642 0.0270393 0.0359595 0.0435681 0.04956 0.054945 0.0612322 0.069101 0.077597 0.0844335 0.0871164
 1.07889e-16 6.87873e-05 0.000668637 0.00444333 0.0201987 0.0628458 0.1339 0.195433 0.195441 0.133941 0.0629856 0.020603 0.00546025 0.00289543 0.00431863 0.00708717 0.0103411 0.0133113 0.0152817 0.015973 0.0157231 0.0152469 0.0151572 0.015614 0.016315 0.0167465
 1.02916e-16 5.0269e-05 0.000488633 0.00324714 0.014761 0.0459273 0.0978542 0.142828 0.142862 0.0980199 0.0464835 0.0163671 0.00727647 0.00927773 0.016722 0.0275124 0.0395049 0.0494234 0.0539688 0.0516328 0.0436165 0.0330541 0.0231835 0.0158693 0.0113203 0.00874841
 1.03689e-16 5.15796e-05 0.000501372 0.00333179 0.0151459 0.0471246 0.100405 0.146549 0.146576 0.100535 0.0475619 0.0164099 0.00650844 0.00744819 0.0132803 0.0219652 0.0318484 0.0404862 0.0453986 0.0454018 0.0412521 0.035024 0.0287662 0.0235217 0.0192886 0.0156181
 1.00414e-16 7.94727e-05 0.000772503 0.00513355 0.0233364 0.0726082 0.154699 0.225789 0.225791 0.154712 0.07265 0.0234574 0.00543747 0.00143676 0.00134338 0.00210129 0.00303374 0.00384517 0.0042929 0.00426572 0.00384257 0.00323177 0.00263877 0.00216752 0.00181327 0.00152058
 1.0091e-16 2.14298e-05 0.000208306 0.00138427 0.00629272 0.0195794 0.0417185 0.060904 0.0609737 0.042059 0.0207221 0.00959142 0.0096572 0.0182441 0.0342037 0.0563256 0.0806999 0.100562 0.109034 0.102947 0.0847874 0.0611317 0.0388843 0.0221859 0.0117493 0.0061335
 1.13862e-16 2.21531e-05 0.000215336 0.00143099 0.00650508 0.0202399 0.0431242 0.0629467 0.0629739 0.0432576 0.0206899 0.00781291 0.00474382 0.00754618 0.0142335 0.0242454 0.0366606 0.0496956 0.061388 0.0705765 0.0771806 0.0814855 0.083191 0.0812573 0.0747435 0.063834
 1.1326e-16 5.66498e-05 0.000550657 0.00365931 0.0166347 0.0517567 0.110274 0.16095 0.160962 0.110334 0.0519582 0.0172183 0.00513116 0.00378681 0.00627213 0.0104665 0.0155246 0.0205105 0.0245403 0.0272978 0.029212 0.0310494 0.0332324 0.0354437 0.0367968 0.0363815
 1.02057e-16 7.24526e-05 0.000704265 0.00468009 0.021275 0.0661945 0.141035 0.205846 0.205856 0.141081 0.0663489 0.021721 0.00579939 0.00314734 0.00471132 0.00767201 0.0110414 0.0138813 0.0152941 0.0148796 0.0129781 0.010446 0.00814403 0.00653088 0.00559688 0.00506431
 1.00321e-16 7.4417e-05 0.00072336 0.00480698 0.0218518 0.0679892 0.144859 0.211427 0.211436 0.144901 0.0681315 0.0222624 0.00583702 0.00296993 0.00433515 0.00703354 0.0100882 0.0126084 0.0137416 0.0130954 0.0109708 0.00816671 0.00551515 0.00350567 0.00221233 0.00145774
 1.00319e-16 7.06747e-05 0.000686983 0.00456525 0.020753 0.0645702 0.137574 0.200796 0.200809 0.137637 0.0647809 0.0213612 0.00609113 0.00401497 0.00638217 0.0104155 0.0149412 0.0186703 0.0203402 0.0193672 0.0161953 0.0120064 0.00803394 0.00500715 0.00304285 0.00188698
 1.00657e-16 6.45512e-05 0.000627461 0.0041697 0.0189549 0.0589757 0.125655 0.183401 0.18342 0.125748 0.059288 0.0198567 0.00643258 0.00556428 0.00943134 0.0154655 0.0222146 0.0278116 0.0303971 0.0291074 0.024587 0.0185583 0.0128102 0.00838825 0.00544859 0.00362339
 1.00912e-16 6.69237e-05 0.000650522 0.00432295 0.0196515 0.0611432 0.130273 0.19014 0.190156 0.130349 0.0613996 0.0203921 0.00618175 0.00470807 0.00777217 0.0127407 0.0183403 0.0230468 0.0253499 0.0245444 0.0211393 0.0165012 0.0120347 0.00853827 0.00610795 0.0044502
 1.0061e-16 7.08989e-05 0.000689162 0.00457973 0.0208188 0.064775 0.13801 0.201433 0.201445 0.138069 0.0649708 0.0213843 0.00599879 0.00378577 0.00594828 0.00971177 0.01396 0.0175047 0.0191846 0.0184612 0.0157343 0.0120711 0.00857307 0.00587458 0.00405801 0.00288844
 1.00084e-16 8.02043e-05 0.000779615 0.00518081 0.0235512 0.0732766 0.156124 0.227868 0.22787 0.156135 0.0733148 0.0236613 0.00545703 0.00138218 0.00122334 0.00189216 0.00271005 0.00339095 0.00370328 0.00354156 0.00298512 0.0022454 0.0015421 0.00100373 0.000649312 0.0004329
 1.00545e-16 2.42887e-05 0.000236095 0.00156893 0.00713219 0.0221912 0.0472833 0.0690253 0.0690921 0.0476095 0.0232863 0.0102932 0.00949628 0.0175179 0.0327761 0.0539643 0.0773059 0.0963096 0.104377 0.0984673 0.0809607 0.0581664 0.036715 0.0205948 0.0105101 0.00509634
 1.00626e-16 7.94095e-05 0.000771889 0.00512947 0.0233178 0.0725504 0.154576 0.225609 0.225611 0.154584 0.0725749 0.0233889 0.00530913 0.00116853 0.000845707 0.00130616 0.00195191 0.00261581 0.00317994 0.00357995 0.00382019 0.00393557 0.00393542 0.00378621 0.00344784 0.00292482
 1.00605e-16 5.08079e-05 0.000493871 0.00328195 0.0149193 0.0464196 0.0989032 0.14436 0.144396 0.0990797 0.047012 0.0166291 0.00756997 0.00984172 0.017766 0.0291907 0.0418117 0.0520888 0.0564543 0.0532706 0.0438358 0.0315727 0.0200715 0.0114811 0.00616004 0.0033399
 1.02278e-16 5.97263e-05 0.000580561 0.00385803 0.0175381 0.0545675 0.116263 0.169693 0.169712 0.116358 0.0548885 0.018466 0.0061902 0.00568159 0.00977622 0.0161416 0.0234168 0.0297953 0.0334557 0.0335197 0.030521 0.0259516 0.0212877 0.017285 0.013961 0.0110324
 1.01865e-16 6.35647e-05 0.000617872 0.00410597 0.0186652 0.0580744 0.123734 0.180598 0.180616 0.123823 0.0583726 0.0195266 0.00626869 0.00534019 0.00903532 0.014845 0.0213981 0.0269491 0.0297611 0.0290296 0.0253501 0.0202959 0.0154602 0.0117137 0.00910613 0.00724991
 1.01021e-16 6.89111e-05 0.000669841 0.00445133 0.0202351 0.062959 0.134141 0.195786 0.195799 0.134207 0.0631801 0.0208737 0.00605421 0.00416884 0.00671374 0.0109889 0.0158197 0.0198849 0.0218847 0.021215 0.018319 0.0143778 0.0106007 0.00766874 0.00565167 0.00428074
 1.03218e-16 1.807e-05 0.000175647 0.00116724 0.00530615 0.0165098 0.0351783 0.051358 0.0514256 0.0355089 0.0176194 0.00851053 0.00920797 0.0177196 0.0333106 0.0549697 0.0790159 0.0990046 0.108364 0.104041 0.0883211 0.0672962 0.0472682 0.0318842 0.0216371 0.0151829
 1.04242e-16 6.78635e-05 0.000659657 0.00438366 0.0199275 0.0620018 0.132102 0.192807 0.192813 0.132129 0.0620958 0.0202012 0.00507824 0.00220099 0.00306841 0.00515609 0.00786453 0.0108121 0.013626 0.016084 0.0181469 0.0197966 0.0208473 0.020946 0.0197931 0.0173911
 1.02989e-16 5.2136e-05 0.00050678 0.00336773 0.0153093 0.0476329 0.101488 0.148132 0.148163 0.101643 0.0481532 0.0168114 0.00713626 0.0087263 0.0156417 0.0257228 0.036927 0.046187 0.0504241 0.048245 0.0407985 0.0310393 0.022001 0.0154005 0.0113745 0.0091163
 1.06176e-16 3.12952e-05 0.000304201 0.00202152 0.00918958 0.0285924 0.0609208 0.0889251 0.0889698 0.0611395 0.0293269 0.0113125 0.00735587 0.0119675 0.0222357 0.0368492 0.0533995 0.0678095 0.0759035 0.0756927 0.0684696 0.0577652 0.0470823 0.0382271 0.0312202 0.0252884
 1.04521e-16 6.56522e-05 0.000638163 0.00424081 0.0192781 0.0599815 0.127797 0.186526 0.186536 0.127847 0.0601496 0.0197649 0.00546749 0.00333233 0.0052304 0.00866882 0.0127761 0.0166849 0.0195438 0.0209443 0.0211071 0.0206134 0.0199208 0.0190799 0.0178397 0.0159655
 1.02229e-16 6.03691e-05 0.00058681 0.00389956 0.0177268 0.0551549 0.117514 0.17152 0.171543 0.117624 0.0555252 0.0187962 0.00658278 0.00644103 0.0111691 0.0183447 0.0263642 0.0330388 0.036185 0.034807 0.0296988 0.0229215 0.0165866 0.0118834 0.0089079 0.00711829
 1.05341e-16 2.08497e-05 0.000202666 0.00134679 0.00612235 0.0190492 0.0405886 0.0592526 0.0593119 0.0408783 0.0200221 0.00893287 0.00840362 0.0156145 0.0293099 0.0484712 0.0699332 0.0881647 0.0975096 0.0953127 0.0834486 0.0669603 0.0509729 0.0383177 0.0292375 0.0226154
 1.16564e-16 2.96819e-05 0.000288518 0.00191731 0.00871581 0.0271182 0.0577791 0.0843352 0.0843583 0.0578923 0.0274997 0.00982399 0.00472299 0.00649287 0.0120461 0.0204765 0.0309152 0.0418445 0.0516454 0.0594458 0.0653567 0.0698147 0.0726749 0.0729744 0.0696 0.0622318
 1.03594e-16 7.43626e-05 0.000722831 0.00480346 0.0218359 0.0679395 0.144752 0.211271 0.211276 0.144776 0.0680201 0.0220692 0.00539064 0.00200948 0.00253259 0.00410884 0.00600828 0.0077677 0.00897864 0.00947899 0.00944749 0.00926084 0.00922152 0.00937181 0.00951256 0.00936885
pSPR Fmed_Fpbrs
0.262223   0.238047 0.238047
Fs Fmed_Fpbrs
0.921402   1.005 1.005
SSBpbr Bo_Bmed_Bpbrs
1.26981e+06  269482  238784 238784
Ro
78367.9
SPR SPRFo_SPRFmed_SPRFpbrs
558031 146328 132838
Fref
1.005
log_Ro
11.0892
likeval ReclasPelacesDesembMPH_pf_preclas_ppelaces_ptallas_desvR_qrecl_qpela
 14.5871 15.9706 0.0881225 0.000852193 253.194 119.214 90.3143 0 37.374 0.000103284 0.000250519 0.0165889 0 0 0
q_reclas_q_pelaces
4.22121 9.505
M
1
N
 56855.8 25941 58234.9 7519.56 0.131384
 45085.5 16564.8 6780.31 15221.1 1965.46
 133980 8847.92 2426.43 993.191 2517.52
 61032.9 26216.7 1290.54 353.914 512.065
 25993.6 7680.69 2002.52 98.5758 66.1464
 277318 4264.39 865.27 225.595 18.5568
 38707 72207.4 945.356 191.818 54.125
 11612.3 6394.38 8217.81 107.589 27.9904
 26413.9 3415.6 1694.83 2178.13 35.9355
 36133.1 3783.69 315.422 156.513 204.463
 44312.4 2463.44 117.71 9.81271 11.2299
 105722 11771.9 562.414 26.8736 4.80412
 82693.6 14705 1041.2 49.7446 2.80184
 67533.8 11977.1 1380.13 97.7215 4.93171
 44904.9 5366.36 466.374 53.7404 3.99719
 254611 4257.36 270.673 23.5233 2.91221
 25641.7 41333 472.274 30.026 2.93252
 423962 4004.35 4331.91 49.4966 3.45422
 226653 91919 678.783 734.308 8.97578
 205464 38006.3 10692.6 78.9603 86.4635
 224179 34775.9 4481.95 1260.94 19.5079
 390287 42506.6 4843.54 624.241 178.339
 35149 69217.2 5367.82 611.653 101.352
 178153 7241.83 10888.4 844.397 112.161
 137584 42067.5 1391.16 2091.67 183.756
 44926.8 31968.9 7892.73 261.011 426.917
 135374 10581.2 6117.99 1510.46 131.651
 172103 30566.3 1903.56 1100.63 295.417
 34022.1 46217.1 7089.83 441.53 323.813
 20275.4 8956.83 10412.6 1597.32 172.43
 97846.4 3241.47 971.553 1129.46 191.966
pred_Ctot
 7620.13 4880.84 10957 1414.82 0.0247202
 13983.8 6777.9 2774.34 6228.12 804.218
 41703 3631.72 995.953 407.665 1033.34
 27611.8 14799.6 728.523 199.788 289.066
 9707.85 3693.98 963.101 47.4094 31.8127
 52682.7 1115.88 226.419 59.0323 4.85584
 14367.1 34545.2 452.274 91.7691 25.8943
 1498.47 1160.3 1491.17 19.5227 5.07902
 10984.3 1798.78 892.561 1147.09 18.925
 21132.8 2609.57 217.543 107.945 141.016
 7991.82 614.007 29.3389 2.44579 2.79903
 44877.2 6306.28 301.289 14.3964 2.5736
 34116.5 7693.06 544.717 26.0244 1.46582
 37619.4 7964.35 917.734 64.9813 3.27941
 23394 3389.73 294.591 33.9458 2.52488
 95968.3 2063.69 131.205 11.4026 1.41165
 9984.58 20597.4 235.347 14.9628 1.46136
 114842 1451.83 1570.59 17.9457 1.25237
 83001.9 43470.5 321.011 347.27 4.24484
 74598.4 17841.9 5019.58 37.0675 40.5898
 72414.5 14748.1 1900.75 534.753 8.27309
 135441 19190.7 2186.74 281.83 80.516
 10241.3 26792.1 2077.74 236.754 39.2305
 41802.4 2304.24 3464.51 268.674 35.6878
 33249.9 13751.6 454.762 683.752 60.0685
 10592.8 10217.1 2522.49 83.4181 136.441
 34379.2 3618.8 2092.38 516.582 45.0251
 30136.3 7410.31 461.488 266.831 71.6191
 6284.11 11780 1807.08 112.539 82.5346
 7742.94 4390.37 5103.95 782.961 84.5201
 24273.5 1085.22 325.269 378.136 64.269
F
 0.233239 0.3418 0.3418 0.3418 0.3418
 0.628379 0.920856 0.920856 0.920856 0.920856
 0.63129 0.925122 0.925122 0.925122 0.925122
 1.0727 1.57199 1.57199 1.57199 1.57199
 0.807551 1.18342 1.18342 1.18342 1.18342
 0.345623 0.506493 0.506493 0.506493 0.506493
 0.800601 1.17324 1.17324 1.17324 1.17324
 0.223711 0.327837 0.327837 0.327837 0.327837
 0.943192 1.3822 1.3822 1.3822 1.3822
 1.68565 2.47023 2.47023 2.47023 2.47023
 0.32555 0.477076 0.477076 0.477076 0.477076
 0.97263 1.42534 1.42534 1.42534 1.42534
 0.932146 1.36601 1.36601 1.36601 1.36601
 1.53248 2.24577 2.24577 2.24577 2.24577
 1.3559 1.98699 1.98699 1.98699 1.98699
 0.818076 1.19885 1.19885 1.19885 1.19885
 0.85684 1.25565 1.25565 1.25565 1.25565
 0.528736 0.774834 0.774834 0.774834 0.774834
 0.785669 1.15136 1.15136 1.15136 1.15136
 0.776345 1.13769 1.13769 1.13769 1.13769
 0.662786 0.971278 0.971278 0.971278 0.971278
 0.729632 1.06924 1.06924 1.06924 1.06924
 0.579723 0.849554 0.849554 0.849554 0.849554
 0.443369 0.649734 0.649734 0.649734 0.649734
 0.459472 0.673332 0.673332 0.673332 0.673332
 0.44596 0.65353 0.65353 0.65353 0.65353
 0.488143 0.715348 0.715348 0.715348 0.715348
 0.314741 0.461237 0.461237 0.461237 0.461237
 0.334596 0.490332 0.490332 0.490332 0.490332
 0.833381 1.22128 1.22128 1.22128 1.22128
 0.474343 0.695125 0.695125 0.695125 0.695125
nmprior
 8 9 7.5 0
nm_flota  nm_reclas  nm_pelaces    nm_pelaL
inf 22.9798 7.0037 10.337
cv_recla  cv_pelaces  cv_mph
0.345469 0.470246 0.900895
 ------------------------------------------------
Talla a la edad & desviación 
 8 13.2811 15.8009 17.003 17.5766
 0.8 1.32811 1.58009 1.7003 1.75766
