years
 1991 1992 1993 1994 1995 1996 1997 1998 1999 2000 2001 2002 2003 2004 2005 2006 2007 2008 2009 2010 2011 2012 2013 2014 2015 2016 2017 2018 2019 2020 2021
reclasobs
 0 0 0 0 0 0 0 0 0 252601 567819 844713 477998 351125 339783 2.1784e+06 2.13404e+06 4.81314e+06 1.55562e+06 2.62356e+06 3.21686e+06 3.843e+06 1.13348e+06 3.07943e+06 1.97215e+06 2.03268e+06 2.025e+06 2.42433e+06 2.27542e+06 1.05018e+06 2.36338e+06
reclaspred
 3.36562e+06 1.90076e+06 964707 980651 987698 1.52242e+06 990983 885632 644599 470179 513449 647082 638542 508480 518212 1.27009e+06 1.23697e+06 2.7255e+06 2.2604e+06 1.7345e+06 3.04799e+06 2.46316e+06 1.97254e+06 3.01466e+06 2.27634e+06 2.02185e+06 2.37993e+06 2.51804e+06 2.06952e+06 1.31528e+06 2.04604e+06
pelacesobs
 0 0 0 0 0 0 0 0 0 0 0 0 0 0 0 552880 188675 0 991730 2.46772e+06 1.41603e+06 1.21717e+06 2.29649e+06 1.80582e+06 0 1.4828e+06 1.56532e+06 1.57751e+06 1.42118e+06 867257 0
pelacespred
 1.95114e+06 1.23084e+06 628585 521538 541711 862832 531810 573018 408483 283619 317349 334113 361020 305635 318683 644954 628037 1.58436e+06 1.362e+06 968867 1.64201e+06 1.45238e+06 1.15534e+06 1.92631e+06 1.40546e+06 1.24286e+06 1.6659e+06 1.74209e+06 1.17744e+06 850591 1.23683e+06
mphobs
 0 0 0 0 0 0 0 0 0 0 0 498337 0 5186 125008 0 168611 109162 213762 579715 649985 157893 87575 83554 0 0 0 0 0 0 0
mphpred
 3.68726e+06 2.46751e+06 1.24297e+06 678790 764792 865144 1.12345e+06 729248 641422 446611 294936 437289 467786 400133 280825 353879 1.05878e+06 1.01427e+06 1.95398e+06 1.49384e+06 1.65021e+06 2.01086e+06 1.90263e+06 1.58073e+06 2.18027e+06 1.80853e+06 1.49543e+06 1.58428e+06 2.19792e+06 1.49827e+06 835193
desembarqueobs
 494567 514787 250237 358949 120608 361735 552515 73892 212993 205616 52469 317467 293654 387597 252695 516296 358380 742168 942051 627588 828172 859565 418607 520667 417249 300574 407403 355545 319650 289779 219260
desembarquepred
 494574 513361 250972 358975 120613 361750 552572 73895.9 213040 205661 52471.5 317537 293711 387651 252697 516274 358406 742091 941908 627489 828247 859599 418619 520692 417252 300578 407406 355535 319646 289790 219262
Reclutas
 211595 121462 120923 215712 172496 283796 119468 55900.7 51097.5 66427.4 121790 158340 132549 93765.3 94985.2 489139 107144 749305 439873 354437 499798 673126 144103 420232 358595 161309 356460 399409 116232 88699.5 416890
log_desv_Rt
 0.0903884 -0.464681 -0.469132 0.109657 -0.113912 0.383969 -0.481233 -1.24071 -1.33055 -1.06818 -0.461985 -0.199543 -0.377329 -0.72349 -0.710564 0.928363 -0.590115 1.35486 0.8222 0.606247 0.94992 1.24765 -0.293757 0.776523 0.617909 -0.180963 0.611939 0.7257 -0.508695 -0.779031 0.768537
SSB
 3.68726e+06 2.46751e+06 1.24297e+06 678790 764792 865144 1.12345e+06 729248 641422 446611 294936 437289 467786 400133 280825 353879 1.05878e+06 1.01427e+06 1.95398e+06 1.49384e+06 1.65021e+06 2.01086e+06 1.90263e+06 1.58073e+06 2.18027e+06 1.80853e+06 1.49543e+06 1.58428e+06 2.19792e+06 1.49827e+06 835193
BT
 4.91547e+06 3.34635e+06 1.70029e+06 1.50448e+06 1.34315e+06 2.29673e+06 1.72292e+06 1.38499e+06 1.1533e+06 853086 777268 1.03781e+06 1.09964e+06 1.10843e+06 988302 1.90686e+06 1.72831e+06 4.30797e+06 4.04706e+06 2.79448e+06 4.45644e+06 4.15319e+06 3.02861e+06 4.92482e+06 3.62414e+06 3.13126e+06 4.25561e+06 4.37166e+06 2.97819e+06 2.24251e+06 3.03768e+06
Ftot
 0.11555 0.209491 0.203508 0.301301 0.100285 0.199642 0.433028 0.0680616 0.266682 0.350305 0.0881633 0.401809 0.375368 0.613809 0.412743 0.356186 0.232048 0.235789 0.338672 0.295756 0.225947 0.28826 0.169402 0.147459 0.149561 0.120454 0.145375 0.121253 0.121435 0.17447 0.0940743
BD_Bspro_t
 0.981712 0.865353 0.722445 0.640398 0.637258 0.705985 0.694916 0.548314 0.602759 0.563695 0.53112 0.707367 0.594691 0.508383 0.407097 0.464569 0.618528 0.596054 0.683251 0.592286 0.570886 0.615598 0.630071 0.625009 0.72352 0.732387 0.74007 0.773512 0.814867 0.752954 0.704386
BD_Bspro
 2.67876 1.79262 0.903008 0.493135 0.555614 0.628519 0.816177 0.529792 0.465987 0.324459 0.214268 0.317686 0.339842 0.290693 0.204017 0.257089 0.769196 0.736858 1.41955 1.08526 1.19886 1.46087 1.38224 1.14839 1.58395 1.31388 1.08642 1.15096 1.59677 1.08848 0.60676
BD_Bo
 1.83242 1.22625 0.617709 0.337332 0.380072 0.429943 0.558311 0.362408 0.318762 0.221948 0.146572 0.217315 0.232471 0.19885 0.139559 0.175864 0.526174 0.504053 0.971049 0.742381 0.820092 0.99932 0.945533 0.785563 1.08351 0.898769 0.743171 0.787324 1.09228 0.744583 0.415058
BD_Brms
 11.5915 7.75703 3.9075 2.13389 2.40426 2.71973 3.53176 2.29252 2.01642 1.404 0.927181 1.37469 1.47057 1.25789 0.882822 1.11248 3.32847 3.18853 6.14266 4.69615 5.18773 6.32149 5.98125 4.96931 6.85406 5.68543 4.70115 4.98045 6.90954 4.71008 2.62557
Sel_flota
 0.82046 0.988614 0.999394 0.999968 0.999998
 0.82046 0.988614 0.999394 0.999968 0.999998
 0.82046 0.988614 0.999394 0.999968 0.999998
 0.82046 0.988614 0.999394 0.999968 0.999998
 0.82046 0.988614 0.999394 0.999968 0.999998
 0.82046 0.988614 0.999394 0.999968 0.999998
 0.82046 0.988614 0.999394 0.999968 0.999998
 0.82046 0.988614 0.999394 0.999968 0.999998
 0.82046 0.988614 0.999394 0.999968 0.999998
 0.82046 0.988614 0.999394 0.999968 0.999998
 0.82046 0.988614 0.999394 0.999968 0.999998
 0.82046 0.988614 0.999394 0.999968 0.999998
 0.82046 0.988614 0.999394 0.999968 0.999998
 0.82046 0.988614 0.999394 0.999968 0.999998
 0.82046 0.988614 0.999394 0.999968 0.999998
 0.82046 0.988614 0.999394 0.999968 0.999998
 0.82046 0.988614 0.999394 0.999968 0.999998
 0.82046 0.988614 0.999394 0.999968 0.999998
 0.82046 0.988614 0.999394 0.999968 0.999998
 0.82046 0.988614 0.999394 0.999968 0.999998
 0.82046 0.988614 0.999394 0.999968 0.999998
 0.82046 0.988614 0.999394 0.999968 0.999998
 0.82046 0.988614 0.999394 0.999968 0.999998
 0.82046 0.988614 0.999394 0.999968 0.999998
 0.82046 0.988614 0.999394 0.999968 0.999998
 0.82046 0.988614 0.999394 0.999968 0.999998
 0.82046 0.988614 0.999394 0.999968 0.999998
 0.82046 0.988614 0.999394 0.999968 0.999998
 0.82046 0.988614 0.999394 0.999968 0.999998
 0.82046 0.988614 0.999394 0.999968 0.999998
 0.82046 0.988614 0.999394 0.999968 0.999998
Sel_reclas
 1 1 1 1 1
 1 1 1 1 1
 1 1 1 1 1
 1 1 1 1 1
 1 1 1 1 1
 1 1 1 1 1
 1 1 1 1 1
 1 1 1 1 1
 1 1 1 1 1
 1 1 1 1 1
 1 1 1 1 1
 1 1 1 1 1
 1 1 1 1 1
 1 1 1 1 1
 1 1 1 1 1
 1 1 1 1 1
 1 1 1 1 1
 1 1 1 1 1
 1 1 1 1 1
 1 1 1 1 1
 1 1 1 1 1
 1 1 1 1 1
 1 1 1 1 1
 1 1 1 1 1
 1 1 1 1 1
 1 1 1 1 1
 1 1 1 1 1
 1 1 1 1 1
 1 1 1 1 1
 1 1 1 1 1
 1 1 1 1 1
Sel_pelaces
 1 1 1 1 1
 1 1 1 1 1
 1 1 1 1 1
 1 1 1 1 1
 1 1 1 1 1
 1 1 1 1 1
 1 1 1 1 1
 1 1 1 1 1
 1 1 1 1 1
 1 1 1 1 1
 1 1 1 1 1
 1 1 1 1 1
 1 1 1 1 1
 1 1 1 1 1
 1 1 1 1 1
 1 1 1 1 1
 1 1 1 1 1
 1 1 1 1 1
 1 1 1 1 1
 1 1 1 1 1
 1 1 1 1 1
 1 1 1 1 1
 1 1 1 1 1
 1 1 1 1 1
 1 1 1 1 1
 1 1 1 1 1
 1 1 1 1 1
 1 1 1 1 1
 1 1 1 1 1
 1 1 1 1 1
 1 1 1 1 1
pf_obs 
 0.8446 0.082 0.0669 0.0065 0
 0.8095 0.147 0.0364 0.0071 0
 0.9664 0.0169 0.016 0.0007 0
 0.9276 0.0648 0.0075 0.0001 0
 0.7033 0.2144 0.0806 0.0017 0
 0.9318 0.0425 0.0243 0.0014 0
 0.5671 0.3108 0.0964 0.0239 0.0018
 0.0768 0.2599 0.5324 0.112 0.0189
 0.490249 0.384438 0.106611 0.0170017 0.00170017
 0.7925 0.1577 0.0466 0.003 0.0002
 0.840416 0.127587 0.0312969 0.00059994 9.999e-05
 0.8084 0.0986 0.0794 0.0134 0.0002
 0.7335 0.1905 0.0724 0.0035 0.0001
 0.4001 0.4547 0.1325 0.0127 0
 0.49795 0.308269 0.164784 0.0264974 0.00249975
 0.9179 0.0499 0.0305 0.0017 0
 0.2467 0.6533 0.0926 0.0074 0
 0.9418 0.0223 0.034 0.0019 0
 0.707729 0.231977 0.0356964 0.0245975 0
 0.517169 0.277429 0.184464 0.0207286 0.00020938
 0.811772 0.124168 0.05621 0.00726502 0.000585176
 0.764997 0.148141 0.077277 0.00933861 0.000247198
 0.163321 0.427699 0.378323 0.0303852 0.000271297
 0.753843 0.0900009 0.118128 0.0371064 0.000921714
 0.721811 0.176058 0.0630433 0.0369309 0.00215725
 0.143369 0.312575 0.442814 0.0836902 0.0175525
 0.692698 0.0596174 0.167031 0.0765114 0.00414204
 0.394062 0.376323 0.152708 0.0712218 0.00568511
 0.125707 0.32114 0.495352 0.0537591 0.00404204
 0.23352 0.215282 0.420074 0.123614 0.00750983
 0 0 0 0 0
pf_pred 
 0.434771 0.117064 0.424137 0.024027 7.78676e-07
 0.411197 0.284739 0.0635298 0.227645 0.0128888
 0.555029 0.205249 0.116655 0.0257257 0.097341
 0.745785 0.153702 0.0466622 0.0262137 0.0276366
 0.64577 0.277638 0.0465392 0.0139566 0.0160958
 0.737468 0.180538 0.0644199 0.0106808 0.00689291
 0.471244 0.409524 0.0822951 0.0290245 0.00791285
 0.443653 0.293227 0.2044 0.0405378 0.0181821
 0.521301 0.234831 0.129194 0.0890935 0.0255799
 0.681714 0.182492 0.067036 0.0364375 0.0323211
 0.801275 0.14445 0.0312904 0.0113503 0.011634
 0.728682 0.225105 0.0336936 0.00721933 0.00529979
 0.674554 0.250609 0.0622291 0.00919403 0.0034137
 0.619324 0.27438 0.0820969 0.0201248 0.00407451
 0.72404 0.186374 0.0648355 0.0191197 0.00563145
 0.927484 0.0555796 0.0114871 0.00394419 0.00150465
 0.387435 0.576261 0.0279089 0.00569557 0.00269982
 0.894231 0.0461146 0.0561587 0.00268784 0.000808027
 0.599894 0.36502 0.0153998 0.0185327 0.00115292
 0.61394 0.250804 0.123534 0.00514673 0.00657467
 0.731752 0.177732 0.059057 0.0287344 0.00272461
 0.7416 0.198913 0.0395736 0.0129953 0.0069181
 0.325438 0.525812 0.114832 0.0225689 0.0113492
 0.738476 0.0967041 0.128801 0.0278101 0.00820929
 0.629751 0.286904 0.03104 0.0408798 0.0114252
 0.437986 0.378606 0.142493 0.0152436 0.0256714
 0.729669 0.13128 0.0940147 0.0349939 0.010042
 0.68766 0.239451 0.035605 0.0252133 0.0120707
 0.347132 0.474707 0.136946 0.0201388 0.0210759
 0.429836 0.223329 0.252958 0.0721699 0.0217069
 0.855174 0.0694442 0.0297348 0.0332975 0.0123497
pobs_RECLAS
 0 0 0 0 0
 0 0 0 0 0
 0 0 0 0 0
 0 0 0 0 0
 0 0 0 0 0
 0 0 0 0 0
 0 0 0 0 0
 0 0 0 0 0
 0 0 0 0 0
 0 0 0 0 0
 0.991045 0.00858322 0.000360255 1.14367e-05 0
 0.934742 0.0480273 0.0164251 0.00080598 0
 0.827803 0.169806 0.00239088 0 0
 0.941827 0.0461693 0.0120037 0 0
 0.791401 0.0380133 0.147996 0.0225897 0
 0.846168 0.0940531 0.0597789 0 0
 0.134021 0.677848 0.182769 0.00536245 0
 0.80878 0.0450904 0.141981 0.00414843 0
 0.846168 0.0940531 0.0597789 0 0
 0.905697 0.0802665 0.012482 0.00150086 5.37128e-05
 0.989698 0.0102097 9.19794e-05 0 0
 0.975433 0.0193895 0.00387452 0.00125025 5.28907e-05
 0.303575 0.632131 0.0575291 0.00676475 0
 0.966965 0.00978017 0.0227588 0.000495775 0
 0.843318 0.132988 0.00938335 0.0141283 0.000182051
 0.564624 0.303363 0.111486 0.0197234 0.00080311
 0.826376 0.0876187 0.0782897 0.00655872 0.00115652
 0.89761 0.0855135 0.0140674 0.00269457 0.000114338
 0.34875 0.467042 0.161289 0.0227151 0.000203297
 0.318654 0.224769 0.449479 0.00709798 0
 0.937255 0.0296025 0.0250945 0.00804832 0
ppred_RECLAS
 0.483627 0.107881 0.386604 0.0218881 7.09335e-07
 0.459283 0.263043 0.058043 0.207863 0.0117684
 0.602732 0.184368 0.103635 0.022841 0.0864233
 0.781165 0.132913 0.0399018 0.0224027 0.023618
 0.688013 0.245118 0.0406409 0.0121807 0.0140473
 0.773117 0.156567 0.0552522 0.00915541 0.00590833
 0.520506 0.372336 0.0739752 0.0260744 0.00710837
 0.491574 0.269369 0.185732 0.0368142 0.0165115
 0.570041 0.212149 0.115422 0.0795492 0.0228389
 0.722982 0.159614 0.0579757 0.031494 0.0279352
 0.829921 0.124004 0.0265694 0.00963223 0.00987269
 0.765628 0.194832 0.0288337 0.00617431 0.00453249
 0.716009 0.219258 0.0538329 0.00794879 0.00295126
 0.665806 0.241671 0.0714693 0.0175088 0.00354474
 0.761779 0.161487 0.0555436 0.0163697 0.00482133
 0.939585 0.046429 0.00948838 0.00325596 0.00124206
 0.433603 0.533182 0.0255376 0.00520859 0.0024689
 0.911438 0.038855 0.0467956 0.00223839 0.000672891
 0.645314 0.323911 0.0135127 0.016252 0.00101101
 0.659122 0.222322 0.108288 0.00450886 0.00575964
 0.768077 0.154249 0.0506886 0.0246482 0.00233709
 0.777007 0.172105 0.0338598 0.0111124 0.00591557
 0.36881 0.493211 0.106532 0.0209254 0.0105224
 0.774481 0.0839758 0.110625 0.0238718 0.00704651
 0.673149 0.253921 0.0271711 0.0357637 0.00999505
 0.485639 0.347756 0.129455 0.0138408 0.0233083
 0.766272 0.114158 0.0808592 0.0300797 0.0086315
 0.727129 0.209741 0.0308472 0.0218314 0.0104513
 0.391655 0.443671 0.126596 0.0186061 0.0194712
 0.478383 0.205705 0.230442 0.0657075 0.0197625
 0.877555 0.0590578 0.0250125 0.0279931 0.010382
pobs_PELACES
 0 0 0 0 0
 0 0 0 0 0
 0 0 0 0 0
 0 0 0 0 0
 0 0 0 0 0
 0 0 0 0 0
 0 0 0 0 0
 0 0 0 0 0
 0 0 0 0 0
 0 0 0 0 0
 0 0 0 0 0
 0 0 0 0 0
 0 0 0 0 0
 0 0 0 0 0
 0 0 0 0 0
 0 0 0 0 0
 0.505614 0.472636 0.0217494 0 0
 0 0 0 0 0
 0.443492 0.261883 0.143347 0.151278 0
 0.227955 0.32914 0.350689 0.0885471 0.00366901
 0.970185 0.0296113 0.000203453 0 0
 0.997202 0.00247181 0.000326279 0 0
 0.445219 0.490057 0.0546422 0.010081 0
 0.90214 0.0892962 0.00764917 0.000914606 0
 0 0 0 0 0
 0.581667 0.319106 0.0959925 0.00289975 0.000334073
 0.762889 0.0836404 0.116647 0.0363945 0.000428098
 0.88444 0.0763242 0.0277011 0.0115352 0
 0.521256 0.241999 0.230069 0.00667565 0
 0.616807 0.101726 0.260614 0.0208532 0
 0 0 0 0 0
ppred_PELACES
 0.48531 0.107564 0.385311 0.0218144 7.06947e-07
 0.46227 0.261694 0.0577024 0.206634 0.0116988
 0.605528 0.183144 0.102872 0.022672 0.0857836
 0.784083 0.131197 0.0393446 0.0220886 0.0232868
 0.689223 0.244187 0.040472 0.0121298 0.0139886
 0.775093 0.155238 0.0547443 0.0090709 0.00585378
 0.526587 0.367743 0.0729502 0.025711 0.00700926
 0.492546 0.268885 0.185353 0.0367386 0.0164776
 0.573785 0.210405 0.114365 0.0788166 0.0226285
 0.726966 0.157403 0.0571017 0.0310172 0.0275121
 0.830623 0.123503 0.0264538 0.00959016 0.00982955
 0.769648 0.191536 0.0283055 0.00606074 0.00444911
 0.720287 0.216022 0.0529675 0.00782044 0.00290359
 0.673476 0.236269 0.0697193 0.0170781 0.00345753
 0.765996 0.158704 0.0545064 0.0160628 0.0047309
 0.940713 0.0455751 0.00930207 0.00319182 0.00121759
 0.43678 0.530217 0.0253746 0.00517512 0.00245303
 0.912526 0.0383957 0.0462036 0.00220998 0.000664348
 0.649628 0.320005 0.0133337 0.0160357 0.000997548
 0.662881 0.219951 0.10702 0.00445582 0.00569188
 0.770352 0.152778 0.050165 0.0243926 0.00231284
 0.779807 0.169984 0.0334083 0.0109637 0.00583635
 0.371032 0.49154 0.106107 0.0208413 0.0104801
 0.775965 0.083451 0.109876 0.0237095 0.0069986
 0.675 0.252514 0.0270062 0.0355457 0.00993411
 0.487344 0.346652 0.128989 0.0137907 0.0232238
 0.767761 0.113461 0.0803239 0.0298797 0.00857411
 0.728482 0.208722 0.0306841 0.0217155 0.0103958
 0.39329 0.442531 0.126217 0.0185498 0.0194123
 0.480894 0.204793 0.229277 0.0653733 0.019662
 0.878134 0.0587891 0.0248903 0.0278559 0.0103311
pobs_pel_tallas
 0 0 0 0 0 0 0 0 0 0 0 0 0 0 0 0 0 0 0 0 0 0 0 0 0 0
 0 0 0 0 0 0 0 0 0 0 0 0 0 0 0 0 0 0 0 0 0 0 0 0 0 0
 0 0 0 0 0 0 0 0 0 0 0 0 0 0 0 0 0 0 0 0 0 0 0 0 0 0
 0 0 0 0 0 0 0 0 0 0 0 0 0 0 0 0 0 0 0 0 0 0 0 0 0 0
 0 0 0 0 0 0 0 0 0 0 0 0 0 0 0 0 0 0 0 0 0 0 0 0 0 0
 0 0 0 0 0 0 0 0 0 0 0 0 0 0 0 0 0 0 0 0 0 0 0 0 0 0
 0 0 0 0 0 0 0 0 0 0 0 0 0 0 0 0 0 0 0 0 0 0 0 0 0 0
 0 0 0 0 0 0 0 0 0 0 0 0 0 0 0 0 0 0 0 0 0 0 0 0 0 0
 0 0 0 0 0 0 0 0 0 0 0 0 0 0 0 0 0 0 0 0 0 0 0 0 0 0
 0 0 0 0 0 0 0 0 0 0 0 0 0 0 0 0 0 0 0 0 0 0 0 0 0 0
 0 0 0 0 0 0 0 0 0 0 0 0 0 0 0 0 0 0 0 0 0 0 0 0 0 0
 0 0 0 0 0 0 0 0 0 0 0 0 0 0 0 0 0 0 0 0 0 0 0 0 0 0
 0.00862536 0 0 0.000197151 0.00414017 0.0128641 0.00837892 0.0270097 0.101434 0.158115 0.152841 0.127902 0.109271 0.109419 0.0830992 0.0579132 0.0238553 0.00714673 0.00463305 0.00128148 0.00103504 0.000492878 0.000147863 0.000147863 4.92878e-05 0
 0 0 0 0 0 0 0 0 0 0 0 0 0 0 0 0 0 0 0 0 0 0 0 0 0 0
 0 0 0 0 0 0 0 0.0054083 0.00873648 0.0413646 0.0450493 0.0745869 0.0622846 0.0627006 0.0613931 0.0827291 0.12552 0.122667 0.0946155 0.0697135 0.0546179 0.0294188 0.0215738 0.0213955 0.0102223 0.00600262
 0 0 0 0 0.00359764 0.0251062 0.0480494 0.140153 0.205849 0.193036 0.1447 0.116669 0.0760912 0.0342217 0.00950174 0.001854 0.000860785 0 0 0 0.000165536 0 0.000143464 0 0 0
 0 0 0 0 0 0 0 0.000145254 0.000435761 0.0275982 0.070085 0.0708112 0.156366 0.174668 0.174014 0.160142 0.0824315 0.0480064 0.0283245 0.00493863 0.00203355 0 0 0 0 0
 0 0 0 0 0 0 0 0 0 0 0 0 0 0 0 0 0 0 0 0 0 0 0 0 0 0
 0 0 1.00437e-05 0.000401748 0.00122533 0.00171747 0.00176769 0.0269171 0.070346 0.194647 0.189555 0.159765 0.064822 0.0314167 0.0384472 0.0292271 0.0345202 0.0313363 0.0194345 0.0106764 0.0143323 0.0359363 0.0279516 0.0138201 0.00172751 0
 0 0.0021121 0.0136068 0.0755702 0.200478 0.177729 0.0527432 0.0373336 0.0318909 0.0142505 0.0149659 0.0166563 0.0217959 0.0798694 0.0677717 0.0528807 0.04013 0.0224614 0.0357745 0.0225083 0.00881397 0.00855152 0.00135912 0.000746735 0 0
 0 0 0 0 5.4009e-05 0.00500934 0.000945158 0.0243581 0.138947 0.33067 0.221406 0.137944 0.0707744 0.0437923 0.0131692 0.00525238 0.0047753 0.00276346 9.45158e-05 9.00151e-06 2.25038e-05 9.00151e-06 4.50075e-06 0 0 0
 0.000866109 0.00284123 0.00948549 0.0512746 0.133035 0.25785 0.225252 0.132002 0.0553304 0.0519788 0.0540692 0.017754 0.00435017 0.00159236 0.00146478 0.000404838 0.000125132 0.000115318 0.000107957 0.000100596 0 0 0 0 0 0
 0 0 0 0 0.00144013 0.00171154 0.00461396 0.0210425 0.0478622 0.0707936 0.0888783 0.103762 0.0637923 0.0337046 0.0602308 0.124433 0.169614 0.0934646 0.0462172 0.0250306 0.0313229 0.00938855 0.002487 0.000210481 0 0
 0 0.00764035 0.051015 0.0998891 0.058973 0.0496711 0.0374665 0.0718981 0.12319 0.153886 0.159021 0.0857701 0.0377988 0.023471 0.0147837 0.00900784 0.00315554 0.000888139 0.00291439 0.00214683 0.00393193 0.00274676 0.000635225 9.99891e-05 0 0
 0 0 0 0 0 0 0 0 0 0 0 0 0 0 0 0 0 0 0 0 0 0 0 0 0 0
 0 0 0 0 0 0 0 0 0 0 0 0 0 0 0 0 0 0 0 0 0 0 0 0 0 0
 0 0 0 0 0 0 0 0 0 0 0 0 0 0 0 0 0 0 0 0 0 0 0 0 0 0
 0 0 0 0 0 0 0 0 0 0 0 0 0 0 0 0 0 0 0 0 0 0 0 0 0 0
 0 0 0 0 0 0 0 0 0 0 0 0 0 0 0 0 0 0 0 0 0 0 0 0 0 0
 0 0 0 0 0 0 0 0 0 0 0 0 0 0 0 0 0 0 0 0 0 0 0 0 0 0
 0 0 0 0 0 0 0 0 0 0 0 0 0 0 0 0 0 0 0 0 0 0 0 0 0 0
ppred_pel_tallas
 1.13335e-16 3.99743e-05 0.000388565 0.00258215 0.0117381 0.0365216 0.0778135 0.113573 0.113584 0.0778673 0.0367037 0.0122715 0.00394884 0.0034635 0.00614721 0.0107949 0.0171617 0.0249351 0.0336945 0.0430427 0.0524819 0.0610605 0.0672169 0.0692064 0.0659638 0.0577978
 1.24435e-16 3.80766e-05 0.000370119 0.00245957 0.0111809 0.0347879 0.0741203 0.108186 0.108211 0.0742441 0.035204 0.0123841 0.00548613 0.00699868 0.012694 0.021113 0.0308838 0.039919 0.0462134 0.0490879 0.0496802 0.0501321 0.0520588 0.055474 0.05887 0.0602023
 1.19807e-16 4.98766e-05 0.000484818 0.00322179 0.0146458 0.0455686 0.0970894 0.141709 0.141726 0.0971764 0.0458612 0.0154928 0.00535504 0.00516607 0.0090133 0.0150171 0.0220981 0.0288109 0.0337454 0.0363496 0.037266 0.0378136 0.0390183 0.0409584 0.0428315 0.0435312
 1.07325e-16 6.45839e-05 0.000627778 0.00417181 0.0189644 0.0590055 0.125718 0.183492 0.183504 0.12578 0.0592139 0.0195669 0.00568622 0.00394137 0.00638066 0.0105084 0.0152824 0.0195495 0.0221945 0.0227446 0.0216556 0.0199752 0.018652 0.0180278 0.017821 0.0174724
 1.04815e-16 5.67704e-05 0.000551829 0.0036671 0.0166701 0.051867 0.110509 0.161296 0.16132 0.110624 0.0522534 0.0177864 0.00646978 0.00667247 0.0116881 0.0192525 0.0277762 0.0350352 0.0388062 0.0380794 0.0336591 0.0276045 0.0219722 0.0178403 0.0151792 0.0133632
 1.0352e-16 6.38434e-05 0.000620581 0.00412398 0.018747 0.058329 0.124277 0.181389 0.181404 0.12435 0.0585756 0.0194599 0.00591604 0.00454117 0.00753476 0.0124209 0.0180395 0.0230056 0.025944 0.0262108 0.0242439 0.0212007 0.018194 0.0157414 0.013757 0.0119113
 1.05964e-16 4.33743e-05 0.000421614 0.00280178 0.0127365 0.0396281 0.0844332 0.12324 0.123276 0.0846066 0.0402104 0.0144189 0.00702679 0.00965122 0.0175909 0.0290628 0.0419807 0.0530457 0.0589198 0.0580669 0.0516476 0.0426771 0.0341553 0.0276376 0.0230825 0.0196386
 1.11891e-16 4.05704e-05 0.000394359 0.00262066 0.0119131 0.0370663 0.0789747 0.115271 0.115298 0.0791027 0.0374966 0.0131588 0.0057592 0.00728462 0.0132405 0.0221238 0.0325664 0.0424229 0.0494985 0.0527436 0.0527539 0.0510922 0.0490343 0.0468119 0.0438385 0.0394929
 1.15088e-16 4.72619e-05 0.000459403 0.00305289 0.013878 0.0431798 0.0919999 0.134281 0.134301 0.0920998 0.0435159 0.0148509 0.0055031 0.00583567 0.0103397 0.0172375 0.0253506 0.0330089 0.0385584 0.0413035 0.0418889 0.0417131 0.0418485 0.0423497 0.0423983 0.0409982
 1.09455e-16 5.98792e-05 0.000582047 0.00386791 0.017583 0.0547072 0.11656 0.170126 0.170141 0.116635 0.0549576 0.018307 0.00568874 0.00456882 0.00766717 0.0126764 0.0184865 0.0237512 0.0271558 0.0281427 0.0272415 0.0256592 0.0244568 0.023963 0.0237827 0.0232328
 1.03421e-16 6.84173e-05 0.000665041 0.00441943 0.0200901 0.0625078 0.13318 0.194383 0.194394 0.133238 0.0627035 0.0206555 0.00583956 0.00376827 0.00597122 0.00978812 0.0141534 0.0179286 0.0200069 0.0198912 0.0179869 0.0153107 0.0128543 0.0111004 0.00997454 0.00912096
 1.02227e-16 6.3395e-05 0.000616222 0.00409501 0.0186153 0.0579193 0.123404 0.180115 0.180134 0.123494 0.0582222 0.0194903 0.00629149 0.00541156 0.00917182 0.0150657 0.0217043 0.0273102 0.030116 0.0293071 0.0255007 0.0203169 0.0154009 0.0116574 0.00914044 0.00743636
 1.0286e-16 5.93291e-05 0.0005767 0.00383238 0.0174214 0.0542047 0.11549 0.168565 0.168586 0.115591 0.054547 0.0184107 0.00631712 0.00600646 0.0103876 0.0171211 0.0247555 0.0313334 0.034891 0.0345085 0.030829 0.02557 0.0204456 0.0163544 0.013308 0.0108887
 1.04371e-16 5.54734e-05 0.000539221 0.00358331 0.0162892 0.050682 0.107984 0.157611 0.157634 0.108096 0.0510569 0.0173727 0.00630596 0.00649241 0.01139 0.0188164 0.027274 0.0346622 0.0388676 0.0389036 0.0354605 0.0303586 0.0253732 0.0213701 0.0182652 0.0155568
 1.04026e-16 6.30941e-05 0.000613297 0.00407558 0.018527 0.0576444 0.122818 0.17926 0.179275 0.122893 0.0578965 0.0192558 0.00590769 0.00462165 0.00770174 0.0127012 0.0184518 0.0235442 0.026581 0.0269155 0.0250066 0.0220433 0.0191554 0.0168471 0.0149913 0.0132096
 1.00807e-16 7.74853e-05 0.000753185 0.00500518 0.0227528 0.0707925 0.150831 0.220143 0.220148 0.150853 0.0708647 0.0229614 0.00552891 0.00189735 0.00225306 0.00360897 0.00520759 0.00658329 0.00731901 0.00722499 0.00644531 0.00535298 0.00431802 0.00353058 0.00298253 0.00256568
 1.01802e-16 3.59771e-05 0.000349711 0.00232395 0.0105644 0.03287 0.0700349 0.102229 0.10228 0.0702841 0.0337067 0.0129801 0.00838383 0.0135653 0.0250958 0.0413293 0.0592929 0.0740569 0.0806209 0.0766796 0.0640223 0.0473818 0.0316918 0.019861 0.0123295 0.00803117
 1.01678e-16 7.51636e-05 0.000730617 0.00485521 0.0220711 0.0686713 0.146312 0.213547 0.213551 0.14633 0.0687333 0.0222511 0.00531003 0.00173352 0.0020091 0.00327851 0.00489187 0.00651728 0.00785761 0.00875393 0.00923575 0.00942364 0.00937731 0.00903647 0.00829919 0.00714905
 1.02244e-16 5.3509e-05 0.000520127 0.00345643 0.0157124 0.0488874 0.104161 0.152032 0.152063 0.104311 0.0493924 0.0171706 0.00711426 0.00849776 0.0151828 0.0249595 0.0358203 0.0447774 0.0488315 0.046617 0.0392387 0.0295627 0.020547 0.0138888 0.00976476 0.00743702
 1.04555e-16 5.46007e-05 0.000530738 0.00352694 0.016033 0.0498847 0.106285 0.155131 0.155152 0.10639 0.0502349 0.0170461 0.00607562 0.00611293 0.01071 0.0177589 0.0259005 0.0332404 0.0378555 0.0388121 0.036641 0.0328288 0.0287793 0.0251078 0.0216954 0.0182123
 1.04325e-16 6.34529e-05 0.000616785 0.00409875 0.0186323 0.0579722 0.123516 0.180279 0.180294 0.123589 0.0582149 0.0193339 0.00586234 0.00447527 0.00741678 0.0122282 0.0177683 0.0226837 0.0256384 0.0260233 0.0242949 0.0216057 0.0190359 0.017042 0.0154549 0.0138602
 1.03095e-16 6.42317e-05 0.000624355 0.00414906 0.018861 0.0586838 0.125033 0.182492 0.182509 0.125113 0.0589529 0.0196387 0.00610197 0.00489048 0.00817509 0.0134366 0.0194049 0.0245208 0.0272408 0.0268588 0.0239169 0.0198151 0.0159442 0.0130224 0.0110213 0.00953057
 1.07052e-16 3.05615e-05 0.000297069 0.00197413 0.00897413 0.0279221 0.0594928 0.0868414 0.0868888 0.0597246 0.0287006 0.0112235 0.00762332 0.0126389 0.0234979 0.0388718 0.056165 0.0709886 0.0788718 0.0777363 0.0690936 0.0569318 0.0452384 0.0361134 0.0295736 0.0245858
 1.06755e-16 6.39152e-05 0.000621279 0.00412862 0.0187681 0.0583945 0.124416 0.181591 0.181599 0.124456 0.0585299 0.019161 0.00512259 0.002817 0.00431005 0.00722347 0.0108662 0.0146443 0.0179763 0.0205705 0.0225135 0.0240314 0.0251431 0.0255408 0.0247997 0.0227123
 1.0609e-16 5.55989e-05 0.000540441 0.00359142 0.0163261 0.0507967 0.108229 0.157968 0.157992 0.108347 0.0511959 0.0174793 0.00648629 0.00686043 0.0120604 0.0198577 0.0286237 0.0360599 0.0398807 0.039079 0.034548 0.0284851 0.0230564 0.0193506 0.0172321 0.015898
 1.09125e-16 4.0142e-05 0.000390194 0.00259298 0.0117873 0.036675 0.0781411 0.114056 0.11409 0.078305 0.0372258 0.01338 0.00659708 0.00915181 0.0167407 0.027771 0.0403729 0.0515497 0.0582518 0.0590513 0.0549249 0.0484418 0.0420582 0.036895 0.0327257 0.0287845
 1.06795e-16 6.32395e-05 0.00061471 0.00408497 0.0185697 0.0577772 0.123101 0.179672 0.179683 0.123155 0.0579589 0.019096 0.00541151 0.0035287 0.00565104 0.00938353 0.0138448 0.0181174 0.0213048 0.0229983 0.023472 0.0233785 0.0232055 0.0229542 0.0222527 0.0207222
 1.04876e-16 6.00042e-05 0.000583262 0.00387598 0.0176197 0.0548214 0.116804 0.170482 0.170503 0.116902 0.0551517 0.0185737 0.0062712 0.00581394 0.01 0.0164541 0.0237403 0.0299549 0.0332094 0.0326608 0.0290205 0.0240663 0.019553 0.0163671 0.0144181 0.0130944
 1.08901e-16 3.23949e-05 0.00031489 0.00209255 0.00951248 0.0295971 0.0630613 0.0920487 0.0920915 0.0632702 0.030299 0.0115412 0.00718996 0.0114591 0.021246 0.0352 0.0510022 0.0647631 0.0725188 0.0724225 0.0657873 0.056068 0.0466518 0.0392204 0.0336453 0.0289642
 1.16553e-16 3.96107e-05 0.00038503 0.00255866 0.0116313 0.0361894 0.0771061 0.112543 0.112563 0.0772044 0.0365202 0.0125912 0.00498435 0.0057347 0.0103599 0.0174853 0.0261741 0.0350015 0.0425062 0.0479904 0.0517797 0.0546369 0.0568562 0.0578712 0.0566753 0.0526127
 1.05276e-16 7.23307e-05 0.00070308 0.00467222 0.0212392 0.0660831 0.140797 0.205499 0.205505 0.140825 0.0661769 0.0215105 0.00535507 0.00220038 0.00293603 0.00479366 0.00703082 0.00913279 0.0106411 0.0113821 0.0115721 0.0116452 0.0119325 0.0124461 0.012906 0.0129429
pSPR Fmed_Fpbrs
0.677569   0.208083 0.208083
Fs Fmed_Fpbrs
0.206209   1.005 1.005
SSBpbr Bo_Bmed_Bpbrs
2.01223e+06  1.26281e+06  318099 318099
Ro
193308
SPR SPRFo_SPRFmed_SPRFpbrs
1.37648e+06 932661 286422
Fref
1.005
log_Ro
11.992
likeval ReclasPelacesDesembMPH_pf_preclas_ppelaces_ptallas_desvR_qrecl_qpela
 15.1433 16.9698 0.0830762 0.00295794 229.089 121.68 82.0954 0 23.2394 2.42592e-06 0 0.42318 0 0 0
q_reclas_q_pelaces
0.80195 1
M
1
N
 211595 47660.3 170903 9676.22 0.313582
 121462 70800.7 15640.5 56014.9 3171.35
 120923 37627.1 21173.8 4666.93 17658.3
 215712 37644.3 11319.6 6355.87 6700.69
 172496 61975.4 10281.2 3081.5 3553.72
 283796 58445.4 20647.5 3421.53 2208.05
 119468 88628.7 17649.8 6221.88 1696.21
 55900.7 30807.9 21250 4212.09 1889.16
 51097.5 19447.8 10596.1 7303.39 2096.84
 66427.4 15103.6 5496.38 2986.08 2648.67
 121790 18332.9 3929.91 1424.75 1460.32
 158340 41677.7 6181.36 1323.8 971.793
 132549 41891.1 10306.1 1521.92 565.068
 93765.3 35837 10633.2 2605.41 527.484
 94985.2 20846.6 7186.19 2118.15 623.857
 489139 24905.3 5099.51 1750.09 667.615
 107144 134345 6442.72 1314.13 622.907
 749305 32582.8 39291.4 1879.57 565.026
 439873 227168 9494.19 11419.9 710.418
 354437 122562 59792.2 2489.83 3180.53
 499798 102297 33657.3 16367.5 1551.93
 673126 152753 30099.3 9879.09 5259.03
 144103 195474 42260.2 8301.33 4174.36
 420232 46133.6 60822.1 13125.4 3874.38
 358595 136978 14669.4 19309.2 5396.46
 161309 116686 43465.4 4647.32 7826.19
 356460 53758.1 38107.2 14176.5 4068.01
 399409 116390 17129 12123.1 5803.68
 116232 133020 37980.6 5582.27 5841.85
 88699.5 38704.5 43399.6 12375.5 3722.12
 416890 28278.7 11982.8 13411.1 4973.89
pred_Ctot
 12192 3282.75 11893.8 673.772 0.0218359
 12296.1 8514.59 1899.74 6807.29 385.413
 11915.5 4406.32 2504.38 552.283 2089.73
 30471.7 6280.04 1906.54 1071.05 1129.19
 8670.64 3727.8 624.874 187.392 216.115
 27468.7 6724.57 2399.47 397.831 256.743
 23242 20197.9 4058.84 1431.5 390.266
 1927.94 1274.24 888.238 176.161 79.0122
 6461.7 2910.81 1601.41 1104.34 317.072
 10737 2874.24 1055.82 573.89 509.056
 5404.01 974.211 211.03 76.5494 78.4627
 28871.4 8918.95 1334.99 286.039 209.985
 22771.8 8460.13 2100.75 310.375 115.241
 24422.8 10820.1 3237.46 793.616 160.677
 17728.3 4563.41 1587.51 468.15 137.887
 80235.9 4808.15 993.741 341.208 130.166
 11925 17736.9 859.015 175.306 83.0983
 84636.7 4364.63 5315.28 254.398 76.4777
 68997.8 41983.4 1771.24 2131.56 132.605
 49236 20113.7 9907.03 412.751 527.267
 54274.1 13182.4 4380.26 2131.23 202.084
 91360.3 24504.8 4875.2 1600.94 852.265
 11954.9 19315.6 4218.34 829.067 416.912
 30570.8 4003.27 5331.98 1151.26 339.841
 26439.9 12045.6 1303.2 1716.33 479.685
 9673.07 8361.64 3147 336.661 566.961
 25582.9 4602.81 3296.24 1226.92 352.08
 24103.3 8393.04 1248 883.756 423.091
 7024.42 9605.96 2771.17 407.519 426.482
 7565.94 3931.02 4452.55 1270.33 382.083
 19698.8 1599.64 684.936 767.002 284.472
F
 0.094804 0.114234 0.11548 0.115546 0.11555
 0.171879 0.207105 0.209364 0.209484 0.20949
 0.16697 0.20119 0.203384 0.203501 0.203507
 0.247205 0.29787 0.301118 0.301291 0.3013
 0.08228 0.0991433 0.100224 0.100282 0.100285
 0.163799 0.197369 0.199522 0.199636 0.199642
 0.355282 0.428097 0.432765 0.433014 0.433027
 0.0558419 0.0672867 0.0680204 0.0680595 0.0680615
 0.218802 0.263645 0.26652 0.266673 0.266681
 0.287411 0.346316 0.350093 0.350294 0.350304
 0.0723345 0.0871595 0.0881099 0.0881605 0.0881632
 0.329668 0.397234 0.401565 0.401796 0.401808
 0.307974 0.371094 0.375141 0.375356 0.375367
 0.503606 0.60682 0.613438 0.61379 0.613808
 0.338639 0.408044 0.412493 0.41273 0.412742
 0.292236 0.35213 0.35597 0.356174 0.356185
 0.190386 0.229405 0.231907 0.23204 0.232047
 0.193455 0.233104 0.235646 0.235781 0.235788
 0.277867 0.334815 0.338466 0.338661 0.338671
 0.242656 0.292388 0.295576 0.295746 0.295755
 0.185381 0.223375 0.22581 0.22594 0.225947
 0.236506 0.284978 0.288086 0.288251 0.28826
 0.138987 0.167473 0.169299 0.169396 0.169401
 0.120985 0.14578 0.14737 0.147455 0.147459
 0.122708 0.147858 0.14947 0.149556 0.14956
 0.098828 0.119083 0.120381 0.120451 0.120454
 0.119274 0.14372 0.145287 0.14537 0.145375
 0.099483 0.119872 0.121179 0.121249 0.121253
 0.0996326 0.120052 0.121361 0.121431 0.121435
 0.143146 0.172483 0.174364 0.174464 0.17447
 0.0771842 0.0930032 0.0940173 0.0940713 0.0940742
nmprior
 8 9 7.5 0
nm_flota  nm_reclas  nm_pelaces    nm_pelaL
inf 12.589 16.4702 28.8429
cv_recla  cv_pelaces  cv_mph
0.351994 0.484733 1.67842
 ------------------------------------------------
Talla a la edad & desviación 
 8 13.2811 15.8009 17.003 17.5766
 0.8 1.32811 1.58009 1.7003 1.75766
