years
 1991 1992 1993 1994 1995 1996 1997 1998 1999 2000 2001 2002 2003 2004 2005 2006 2007 2008 2009 2010 2011 2012 2013 2014 2015 2016 2017 2018 2019 2020 2021
reclasobs
 0 0 0 0 0 0 0 0 0 252601 567819 844713 477998 351125 339783 2.1784e+06 2.13404e+06 4.81314e+06 1.55562e+06 2.62356e+06 3.21686e+06 3.843e+06 1.13348e+06 3.07943e+06 1.97215e+06 2.03268e+06 2.025e+06 2.42433e+06 2.27542e+06 1.05018e+06 2.36338e+06
reclaspred
 3.27238e+06 1.77972e+06 900013 912146 918181 1.64283e+06 898468 761924 534063 351979 501282 695106 680997 497187 483388 1.38119e+06 1.16739e+06 3.14386e+06 2.45972e+06 1.84111e+06 3.15406e+06 2.57311e+06 1.91719e+06 3.0497e+06 2.25809e+06 1.98168e+06 2.41158e+06 2.66048e+06 2.07073e+06 1.19798e+06 1.94322e+06
pelacesobs
 0 0 0 0 0 0 0 0 0 0 0 0 0 0 0 552880 188675 0 991730 2.46772e+06 1.41603e+06 1.21717e+06 2.29649e+06 1.80582e+06 0 1.4828e+06 1.56532e+06 1.57751e+06 1.42118e+06 867257 0
pelacespred
 1.81567e+06 1.07465e+06 526905 438309 484420 899329 423663 487557 307465 184003 289022 330075 359515 264010 266884 649134 559637 1.77294e+06 1.39128e+06 943129 1.65212e+06 1.39619e+06 1.07653e+06 1.9002e+06 1.33683e+06 1.18403e+06 1.64614e+06 1.79142e+06 1.1598e+06 744598 1.14054e+06
mphobs
 0 0 0 0 0 0 0 0 0 0 0 498337 0 5186 125008 0 168611 109162 213762 579715 649985 157893 87575 83554 0 0 0 0 0 0 0
mphpred
 507965 339663 161938 89825 96214.6 116033 163534 84446.8 75815.1 46025.5 27530.6 61316 66141.9 53417.5 31621.7 40324.4 154641 128654 315344 215423 236672 286409 273647 213727 311047 256294 207467 227238 333813 209679 105028
desembarqueobs
 494567 514787 250237 358949 120608 361735 552515 73892 212993 205616 52469 317467 293654 387597 252695 516296 358380 742168 942051 627588 828172 859565 418607 520667 417249 300574 407403 355545 319650 289779 219260
desembarquepred
 494568 513936 250610 358983 120613 361736 552517 73897.3 213053 205670 52471.7 317520 293677 387546 252659 516204 358402 741998 941717 627345 828244 859499 418596 520683 417224 300565 407387 355508 319620 289778 219263
Reclutas
 165935 92383.2 92362.2 134852 109036 207796 79394 32771.5 32748.6 44220.7 82563.4 123443 102697 72409.1 64876.2 350301 63461.7 566800 310661 266924 340905 479842 90483.5 268116 232344 99889.7 226784 259198 70563.7 51594.5 238790
log_desv_Rt
 0.239352 -0.3463 -0.346527 0.031936 -0.180569 0.464314 -0.497822 -1.38268 -1.38338 -1.08305 -0.458678 -0.0564691 -0.240466 -0.589912 -0.699765 0.986548 -0.721808 1.46776 0.866456 0.71472 0.95936 1.30121 -0.367077 0.719174 0.575973 -0.268178 0.551755 0.685347 -0.615729 -0.92883 0.603338
SSB
 1.88063e+06 1.25753e+06 599542 332558 356214 429588 605450 312646 280689 170400 101926 227009 244876 197767 117073 149293 572524 476312 1.16749e+06 797558 876229 1.06037e+06 1.01312e+06 791279 1.15159e+06 948874 768103 841300 1.23587e+06 776290 388843
BT
 2.68478e+06 1.84335e+06 898142 848724 704621 1.44873e+06 1.02058e+06 680629 598794 428923 412176 681532 720674 736648 592575 1.24573e+06 982030 2.92134e+06 2.65328e+06 1.74032e+06 2.77042e+06 2.55413e+06 1.71301e+06 2.9029e+06 2.06479e+06 1.7546e+06 2.50776e+06 2.63066e+06 1.71388e+06 1.21653e+06 1.64119e+06
Ftot
 0.222372 0.411374 0.404864 0.621348 0.209052 0.369267 0.864503 0.152228 0.612775 0.88352 0.187473 0.731893 0.685896 1.20079 0.88368 0.675746 0.457883 0.420195 0.593687 0.541835 0.427004 0.538313 0.325791 0.290759 0.288636 0.232842 0.284378 0.229555 0.223268 0.353639 0.201186
BD_Bspro_t
 0.96519 0.764881 0.550786 0.449334 0.438804 0.535803 0.542535 0.341336 0.395001 0.327372 0.280374 0.54996 0.429684 0.334575 0.221928 0.26893 0.464937 0.408835 0.558945 0.436009 0.412067 0.456034 0.473172 0.450924 0.576762 0.587325 0.592119 0.643942 0.711219 0.611228 0.527878
BD_Bspro
 2.02206 1.3521 0.64463 0.357567 0.383002 0.461895 0.650983 0.336158 0.301798 0.183214 0.109591 0.244081 0.263292 0.21264 0.125877 0.16052 0.61558 0.512133 1.25529 0.857537 0.942125 1.14011 1.08931 0.850786 1.23819 1.02023 0.825868 0.904569 1.32881 0.83467 0.418086
BD_Bo
 1.33405 0.892043 0.425292 0.235903 0.252684 0.304733 0.429483 0.221779 0.19911 0.120875 0.0723024 0.161031 0.173705 0.140288 0.0830467 0.105902 0.406126 0.337877 0.828173 0.565756 0.621562 0.752183 0.718666 0.561302 0.81689 0.673094 0.544862 0.596785 0.876679 0.55067 0.27583
BD_Brms
 7.13525 4.77116 2.2747 1.26175 1.3515 1.62989 2.29712 1.1862 1.06495 0.646508 0.386715 0.861289 0.929077 0.750342 0.444181 0.566426 2.1722 1.80716 4.42955 3.02599 3.32447 4.02311 3.84384 3.00217 4.3692 3.60009 2.91424 3.19195 4.68899 2.9453 1.4753
Sel_flota
 0.695275 0.977453 0.998787 0.999936 0.999997
 0.695275 0.977453 0.998787 0.999936 0.999997
 0.695275 0.977453 0.998787 0.999936 0.999997
 0.695275 0.977453 0.998787 0.999936 0.999997
 0.695275 0.977453 0.998787 0.999936 0.999997
 0.695275 0.977453 0.998787 0.999936 0.999997
 0.695275 0.977453 0.998787 0.999936 0.999997
 0.695275 0.977453 0.998787 0.999936 0.999997
 0.695275 0.977453 0.998787 0.999936 0.999997
 0.695275 0.977453 0.998787 0.999936 0.999997
 0.695275 0.977453 0.998787 0.999936 0.999997
 0.695275 0.977453 0.998787 0.999936 0.999997
 0.695275 0.977453 0.998787 0.999936 0.999997
 0.695275 0.977453 0.998787 0.999936 0.999997
 0.695275 0.977453 0.998787 0.999936 0.999997
 0.695275 0.977453 0.998787 0.999936 0.999997
 0.695275 0.977453 0.998787 0.999936 0.999997
 0.695275 0.977453 0.998787 0.999936 0.999997
 0.695275 0.977453 0.998787 0.999936 0.999997
 0.695275 0.977453 0.998787 0.999936 0.999997
 0.695275 0.977453 0.998787 0.999936 0.999997
 0.695275 0.977453 0.998787 0.999936 0.999997
 0.695275 0.977453 0.998787 0.999936 0.999997
 0.695275 0.977453 0.998787 0.999936 0.999997
 0.695275 0.977453 0.998787 0.999936 0.999997
 0.695275 0.977453 0.998787 0.999936 0.999997
 0.695275 0.977453 0.998787 0.999936 0.999997
 0.695275 0.977453 0.998787 0.999936 0.999997
 0.695275 0.977453 0.998787 0.999936 0.999997
 0.695275 0.977453 0.998787 0.999936 0.999997
 0.695275 0.977453 0.998787 0.999936 0.999997
Sel_reclas
 1 1 1 1 1
 1 1 1 1 1
 1 1 1 1 1
 1 1 1 1 1
 1 1 1 1 1
 1 1 1 1 1
 1 1 1 1 1
 1 1 1 1 1
 1 1 1 1 1
 1 1 1 1 1
 1 1 1 1 1
 1 1 1 1 1
 1 1 1 1 1
 1 1 1 1 1
 1 1 1 1 1
 1 1 1 1 1
 1 1 1 1 1
 1 1 1 1 1
 1 1 1 1 1
 1 1 1 1 1
 1 1 1 1 1
 1 1 1 1 1
 1 1 1 1 1
 1 1 1 1 1
 1 1 1 1 1
 1 1 1 1 1
 1 1 1 1 1
 1 1 1 1 1
 1 1 1 1 1
 1 1 1 1 1
 1 1 1 1 1
Sel_pelaces
 0.968626 1 1 1 1
 0.968626 1 1 1 1
 0.968626 1 1 1 1
 0.968626 1 1 1 1
 0.968626 1 1 1 1
 0.968626 1 1 1 1
 0.968626 1 1 1 1
 0.968626 1 1 1 1
 0.968626 1 1 1 1
 0.968626 1 1 1 1
 0.968626 1 1 1 1
 0.968626 1 1 1 1
 0.968626 1 1 1 1
 0.968626 1 1 1 1
 0.968626 1 1 1 1
 0.968626 1 1 1 1
 0.968626 1 1 1 1
 0.968626 1 1 1 1
 0.968626 1 1 1 1
 0.968626 1 1 1 1
 0.968626 1 1 1 1
 0.968626 1 1 1 1
 0.968626 1 1 1 1
 0.968626 1 1 1 1
 0.968626 1 1 1 1
 0.968626 1 1 1 1
 0.968626 1 1 1 1
 0.968626 1 1 1 1
 0.968626 1 1 1 1
 0.968626 1 1 1 1
 0.968626 1 1 1 1
pf_obs 
 0.8446 0.082 0.0669 0.0065 0
 0.8095 0.147 0.0364 0.0071 0
 0.9664 0.0169 0.016 0.0007 0
 0.9276 0.0648 0.0075 0.0001 0
 0.7033 0.2144 0.0806 0.0017 0
 0.9318 0.0425 0.0243 0.0014 0
 0.5671 0.3108 0.0964 0.0239 0.0018
 0.0768 0.2599 0.5324 0.112 0.0189
 0.490249 0.384438 0.106611 0.0170017 0.00170017
 0.7925 0.1577 0.0466 0.003 0.0002
 0.840416 0.127587 0.0312969 0.00059994 9.999e-05
 0.8084 0.0986 0.0794 0.0134 0.0002
 0.7335 0.1905 0.0724 0.0035 0.0001
 0.4001 0.4547 0.1325 0.0127 0
 0.49795 0.308269 0.164784 0.0264974 0.00249975
 0.9179 0.0499 0.0305 0.0017 0
 0.2467 0.6533 0.0926 0.0074 0
 0.9418 0.0223 0.034 0.0019 0
 0.707729 0.231977 0.0356964 0.0245975 0
 0.517169 0.277429 0.184464 0.0207286 0.00020938
 0.811772 0.124168 0.05621 0.00726502 0.000585176
 0.764997 0.148141 0.077277 0.00933861 0.000247198
 0.163321 0.427699 0.378323 0.0303852 0.000271297
 0.753843 0.0900009 0.118128 0.0371064 0.000921714
 0.721811 0.176058 0.0630433 0.0369309 0.00215725
 0.143369 0.312575 0.442814 0.0836902 0.0175525
 0.692698 0.0596174 0.167031 0.0765114 0.00414204
 0.394062 0.376323 0.152708 0.0712218 0.00568511
 0.125707 0.32114 0.495352 0.0537591 0.00404204
 0.23352 0.215282 0.420074 0.123614 0.00750983
 0 0 0 0 0
pf_pred 
 0.490472 0.143707 0.341718 0.0241018 8.95882e-07
 0.434288 0.330293 0.067526 0.156844 0.011049
 0.590061 0.219277 0.112567 0.0224227 0.0556729
 0.732056 0.183144 0.0459204 0.0229684 0.0159118
 0.666165 0.27011 0.0439627 0.0107092 0.00905306
 0.766966 0.172743 0.0490008 0.00779182 0.00349815
 0.464155 0.444826 0.0679194 0.0187792 0.00432079
 0.463707 0.312988 0.186399 0.0275525 0.00935442
 0.559172 0.243838 0.116057 0.0675704 0.0133626
 0.744117 0.170073 0.0480925 0.0222354 0.0154818
 0.849215 0.124566 0.0176215 0.00482244 0.0037753
 0.75984 0.213694 0.021953 0.00303454 0.00147872
 0.705638 0.245302 0.0438004 0.00436373 0.000895631
 0.661059 0.267934 0.0594683 0.0103029 0.00123512
 0.771515 0.176571 0.0413634 0.00883883 0.00171141
 0.946085 0.045642 0.0064414 0.00146007 0.000371746
 0.362434 0.615137 0.0190736 0.00261287 0.000741857
 0.919531 0.0369757 0.042002 0.0012681 0.000222717
 0.588404 0.389007 0.0105273 0.011649 0.000412888
 0.646474 0.242884 0.104737 0.00275441 0.00315111
 0.735407 0.194938 0.048271 0.020244 0.00113971
 0.75786 0.195234 0.0347995 0.00839366 0.00371311
 0.31247 0.568325 0.0966327 0.016753 0.00581961
 0.7479 0.100727 0.125667 0.0208439 0.00486245
 0.632838 0.298686 0.0277639 0.0338059 0.00690627
 0.427185 0.409472 0.133496 0.0121114 0.0177365
 0.734277 0.13778 0.0920759 0.0293198 0.00654702
 0.689084 0.249284 0.0323352 0.0210921 0.00820541
 0.32534 0.513666 0.129693 0.0164323 0.0148697
 0.413187 0.240568 0.265102 0.0653826 0.0157602
 0.856881 0.0731796 0.0291036 0.0312758 0.00955995
pobs_RECLAS
 0 0 0 0 0
 0 0 0 0 0
 0 0 0 0 0
 0 0 0 0 0
 0 0 0 0 0
 0 0 0 0 0
 0 0 0 0 0
 0 0 0 0 0
 0 0 0 0 0
 0 0 0 0 0
 0.991045 0.00858322 0.000360255 1.14367e-05 0
 0.934742 0.0480273 0.0164251 0.00080598 0
 0.827803 0.169806 0.00239088 0 0
 0.941827 0.0461693 0.0120037 0 0
 0.791401 0.0380133 0.147996 0.0225897 0
 0.846168 0.0940531 0.0597789 0 0
 0.134021 0.677848 0.182769 0.00536245 0
 0.80878 0.0450904 0.141981 0.00414843 0
 0.846168 0.0940531 0.0597789 0 0
 0.905697 0.0802665 0.012482 0.00150086 5.37128e-05
 0.989698 0.0102097 9.19794e-05 0 0
 0.975433 0.0193895 0.00387452 0.00125025 5.28907e-05
 0.303575 0.632131 0.0575291 0.00676475 0
 0.966965 0.00978017 0.0227588 0.000495775 0
 0.843318 0.132988 0.00938335 0.0141283 0.000182051
 0.564624 0.303363 0.111486 0.0197234 0.00080311
 0.826376 0.0876187 0.0782897 0.00655872 0.00115652
 0.89761 0.0855135 0.0140674 0.00269457 0.000114338
 0.34875 0.467042 0.161289 0.0227151 0.000203297
 0.318654 0.224769 0.449479 0.00709798 0
 0.937255 0.0296025 0.0250945 0.00804832 0
ppred_RECLAS
 0.580404 0.120233 0.27966 0.0197017 7.3228e-07
 0.524626 0.280252 0.0560158 0.129952 0.00915402
 0.674346 0.176061 0.0883648 0.0175806 0.0436479
 0.798124 0.139024 0.0340551 0.0170125 0.011785
 0.739123 0.211975 0.033749 0.00821154 0.00694122
 0.824737 0.130678 0.036245 0.00575658 0.00258426
 0.558371 0.368134 0.0548605 0.0151489 0.00348528
 0.551889 0.263925 0.153775 0.0227037 0.00770774
 0.647942 0.196803 0.0915154 0.0532159 0.0105232
 0.810128 0.127251 0.0351168 0.016215 0.0112892
 0.888741 0.0922676 0.0127688 0.00349032 0.00273226
 0.820784 0.159883 0.0160398 0.00221436 0.00107898
 0.776126 0.187293 0.0326641 0.00325017 0.000667034
 0.744064 0.203419 0.0439936 0.00761137 0.000912387
 0.83167 0.130808 0.029905 0.00638202 0.00123563
 0.96206 0.0322341 0.00444346 0.00100593 0.000256103
 0.447954 0.533051 0.0161568 0.00221063 0.000627609
 0.942772 0.0266188 0.029561 0.000891413 0.00015655
 0.672487 0.309939 0.00819521 0.00905725 0.000321003
 0.724976 0.19031 0.0801982 0.00210651 0.00240974
 0.799329 0.148735 0.0360056 0.0150819 0.000849035
 0.818147 0.147283 0.0256555 0.00618054 0.00273391
 0.393032 0.503679 0.0837492 0.0145022 0.00503741
 0.809966 0.0769537 0.0938958 0.0155558 0.00362861
 0.710437 0.23656 0.0215055 0.0261546 0.00534284
 0.514995 0.348896 0.111262 0.0100823 0.0147642
 0.798339 0.105698 0.0690839 0.0219724 0.00490606
 0.759002 0.194087 0.0246256 0.0160443 0.0062413
 0.40677 0.454056 0.11214 0.0141917 0.0128414
 0.503413 0.206311 0.222312 0.0547638 0.0131997
 0.89536 0.0540979 0.0210464 0.0225907 0.0069048
pobs_PELACES
 0 0 0 0 0
 0 0 0 0 0
 0 0 0 0 0
 0 0 0 0 0
 0 0 0 0 0
 0 0 0 0 0
 0 0 0 0 0
 0 0 0 0 0
 0 0 0 0 0
 0 0 0 0 0
 0 0 0 0 0
 0 0 0 0 0
 0 0 0 0 0
 0 0 0 0 0
 0 0 0 0 0
 0 0 0 0 0
 0.505614 0.472636 0.0217494 0 0
 0 0 0 0 0
 0.443492 0.261883 0.143347 0.151278 0
 0.227955 0.32914 0.350689 0.0885471 0.00366901
 0.970185 0.0296113 0.000203453 0 0
 0.997202 0.00247181 0.000326279 0 0
 0.445219 0.490057 0.0546422 0.010081 0
 0.90214 0.0892962 0.00764917 0.000914606 0
 0 0 0 0 0
 0.581667 0.319106 0.0959925 0.00289975 0.000334073
 0.762889 0.0836404 0.116647 0.0363945 0.000428098
 0.88444 0.0763242 0.0277011 0.0115352 0
 0.521256 0.241999 0.230069 0.00667565 0
 0.616807 0.101726 0.260614 0.0208532 0
 0 0 0 0 0
ppred_PELACES
 0.577955 0.121071 0.281168 0.0198062 7.36162e-07
 0.526537 0.27947 0.0556979 0.129195 0.00910058
 0.675917 0.175446 0.0878057 0.0174667 0.0433647
 0.802499 0.1362 0.033218 0.0165904 0.0114924
 0.736778 0.213941 0.0340119 0.00827485 0.00699471
 0.825195 0.130423 0.0360804 0.00572963 0.00257215
 0.570577 0.358327 0.053075 0.014651 0.00337068
 0.547617 0.266559 0.155143 0.0229044 0.00777586
 0.654105 0.193734 0.0897004 0.0521484 0.0103119
 0.818071 0.122183 0.0335093 0.0154676 0.0107686
 0.88733 0.0934591 0.0129166 0.00353048 0.00276369
 0.826138 0.155193 0.0154893 0.00213776 0.00104164
 0.781771 0.182715 0.0317122 0.00315463 0.000647418
 0.759306 0.191638 0.0410968 0.00710695 0.000851901
 0.838798 0.125443 0.0285007 0.0060803 0.00117719
 0.963203 0.0312858 0.00429226 0.000971456 0.000247322
 0.450645 0.530512 0.0160281 0.00219264 0.000622496
 0.943247 0.0264398 0.0292755 0.000882663 0.000155012
 0.677672 0.305103 0.00803368 0.00887674 0.000314602
 0.728897 0.187817 0.0788465 0.00207058 0.00236861
 0.800717 0.147823 0.0356774 0.0149421 0.000841153
 0.820954 0.145116 0.0251823 0.00606531 0.00268292
 0.392759 0.504104 0.0836279 0.0144794 0.00502946
 0.809416 0.0772716 0.0940908 0.0155863 0.00363572
 0.709487 0.237427 0.0215406 0.0261943 0.00535093
 0.512564 0.350808 0.111688 0.0101201 0.0148194
 0.797625 0.106175 0.0692568 0.022025 0.00491778
 0.757135 0.195653 0.0247843 0.0161463 0.00628094
 0.404188 0.456203 0.112494 0.0142352 0.0128807
 0.504045 0.206352 0.221804 0.0546313 0.0131677
 0.894189 0.0547419 0.0212668 0.0228256 0.00697655
pobs_pel_tallas
 0 0 0 0 0 0 0 0 0 0 0 0 0 0 0 0 0 0 0 0 0 0 0 0 0 0
 0 0 0 0 0 0 0 0 0 0 0 0 0 0 0 0 0 0 0 0 0 0 0 0 0 0
 0 0 0 0 0 0 0 0 0 0 0 0 0 0 0 0 0 0 0 0 0 0 0 0 0 0
 0 0 0 0 0 0 0 0 0 0 0 0 0 0 0 0 0 0 0 0 0 0 0 0 0 0
 0 0 0 0 0 0 0 0 0 0 0 0 0 0 0 0 0 0 0 0 0 0 0 0 0 0
 0 0 0 0 0 0 0 0 0 0 0 0 0 0 0 0 0 0 0 0 0 0 0 0 0 0
 0 0 0 0 0 0 0 0 0 0 0 0 0 0 0 0 0 0 0 0 0 0 0 0 0 0
 0 0 0 0 0 0 0 0 0 0 0 0 0 0 0 0 0 0 0 0 0 0 0 0 0 0
 0 0 0 0 0 0 0 0 0 0 0 0 0 0 0 0 0 0 0 0 0 0 0 0 0 0
 0 0 0 0 0 0 0 0 0 0 0 0 0 0 0 0 0 0 0 0 0 0 0 0 0 0
 0 0 0 0 0 0 0 0 0 0 0 0 0 0 0 0 0 0 0 0 0 0 0 0 0 0
 0 0 0 0 0 0 0 0 0 0 0 0 0 0 0 0 0 0 0 0 0 0 0 0 0 0
 0.00862536 0 0 0.000197151 0.00414017 0.0128641 0.00837892 0.0270097 0.101434 0.158115 0.152841 0.127902 0.109271 0.109419 0.0830992 0.0579132 0.0238553 0.00714673 0.00463305 0.00128148 0.00103504 0.000492878 0.000147863 0.000147863 4.92878e-05 0
 0 0 0 0 0 0 0 0 0 0 0 0 0 0 0 0 0 0 0 0 0 0 0 0 0 0
 0 0 0 0 0 0 0 0.0054083 0.00873648 0.0413646 0.0450493 0.0745869 0.0622846 0.0627006 0.0613931 0.0827291 0.12552 0.122667 0.0946155 0.0697135 0.0546179 0.0294188 0.0215738 0.0213955 0.0102223 0.00600262
 0 0 0 0 0.00359764 0.0251062 0.0480494 0.140153 0.205849 0.193036 0.1447 0.116669 0.0760912 0.0342217 0.00950174 0.001854 0.000860785 0 0 0 0.000165536 0 0.000143464 0 0 0
 0 0 0 0 0 0 0 0.000145254 0.000435761 0.0275982 0.070085 0.0708112 0.156366 0.174668 0.174014 0.160142 0.0824315 0.0480064 0.0283245 0.00493863 0.00203355 0 0 0 0 0
 0 0 0 0 0 0 0 0 0 0 0 0 0 0 0 0 0 0 0 0 0 0 0 0 0 0
 0 0 1.00437e-05 0.000401748 0.00122533 0.00171747 0.00176769 0.0269171 0.070346 0.194647 0.189555 0.159765 0.064822 0.0314167 0.0384472 0.0292271 0.0345202 0.0313363 0.0194345 0.0106764 0.0143323 0.0359363 0.0279516 0.0138201 0.00172751 0
 0 0.0021121 0.0136068 0.0755702 0.200478 0.177729 0.0527432 0.0373336 0.0318909 0.0142505 0.0149659 0.0166563 0.0217959 0.0798694 0.0677717 0.0528807 0.04013 0.0224614 0.0357745 0.0225083 0.00881397 0.00855152 0.00135912 0.000746735 0 0
 0 0 0 0 5.4009e-05 0.00500934 0.000945158 0.0243581 0.138947 0.33067 0.221406 0.137944 0.0707744 0.0437923 0.0131692 0.00525238 0.0047753 0.00276346 9.45158e-05 9.00151e-06 2.25038e-05 9.00151e-06 4.50075e-06 0 0 0
 0.000866109 0.00284123 0.00948549 0.0512746 0.133035 0.25785 0.225252 0.132002 0.0553304 0.0519788 0.0540692 0.017754 0.00435017 0.00159236 0.00146478 0.000404838 0.000125132 0.000115318 0.000107957 0.000100596 0 0 0 0 0 0
 0 0 0 0 0.00144013 0.00171154 0.00461396 0.0210425 0.0478622 0.0707936 0.0888783 0.103762 0.0637923 0.0337046 0.0602308 0.124433 0.169614 0.0934646 0.0462172 0.0250306 0.0313229 0.00938855 0.002487 0.000210481 0 0
 0 0.00764035 0.051015 0.0998891 0.058973 0.0496711 0.0374665 0.0718981 0.12319 0.153886 0.159021 0.0857701 0.0377988 0.023471 0.0147837 0.00900784 0.00315554 0.000888139 0.00291439 0.00214683 0.00393193 0.00274676 0.000635225 9.99891e-05 0 0
 0 0 0 0 0 0 0 0 0 0 0 0 0 0 0 0 0 0 0 0 0 0 0 0 0 0
 0 0 0 0 0 0 0 0 0 0 0 0 0 0 0 0 0 0 0 0 0 0 0 0 0 0
 0 0 0 0 0 0 0 0 0 0 0 0 0 0 0 0 0 0 0 0 0 0 0 0 0 0
 0 0 0 0 0 0 0 0 0 0 0 0 0 0 0 0 0 0 0 0 0 0 0 0 0 0
 0 0 0 0 0 0 0 0 0 0 0 0 0 0 0 0 0 0 0 0 0 0 0 0 0 0
 0 0 0 0 0 0 0 0 0 0 0 0 0 0 0 0 0 0 0 0 0 0 0 0 0 0
 0 0 0 0 0 0 0 0 0 0 0 0 0 0 0 0 0 0 0 0 0 0 0 0 0 0
ppred_pel_tallas
 1.10132e-16 4.76054e-05 0.000462741 0.00307508 0.0139789 0.0434935 0.092668 0.135254 0.135266 0.0927272 0.0436936 0.014562 0.0045586 0.00376673 0.00651386 0.0111914 0.017274 0.0241258 0.0310405 0.03755 0.0434446 0.0484202 0.051738 0.0523518 0.0495002 0.0432953
 1.16176e-16 4.33702e-05 0.000421574 0.00280151 0.0127353 0.0396243 0.0844247 0.123226 0.123253 0.0845567 0.0400677 0.014017 0.00602285 0.00746776 0.0134687 0.0223185 0.0324497 0.041496 0.0471309 0.0484277 0.0464568 0.0435229 0.0416236 0.0413234 0.0417389 0.0413813
 1.1167e-16 5.56744e-05 0.000541175 0.0035963 0.0163483 0.0508656 0.108375 0.15818 0.158197 0.108458 0.0511453 0.0171577 0.00563355 0.00500691 0.00859156 0.0142605 0.0208831 0.0270021 0.0311776 0.0327826 0.0323543 0.0311387 0.0302019 0.0298246 0.0295495 0.028672
 1.04603e-16 6.61008e-05 0.000642523 0.00426979 0.0194099 0.0603914 0.128671 0.187801 0.187815 0.128735 0.0606073 0.020034 0.00583796 0.00407073 0.00659158 0.0108321 0.0156931 0.0199427 0.0223788 0.022468 0.0206592 0.0180548 0.0157066 0.014088 0.0130566 0.0121772
 1.0305e-16 6.06875e-05 0.000589904 0.00392012 0.0178203 0.0554457 0.118134 0.172424 0.172444 0.118234 0.0557841 0.018798 0.00637463 0.00594938 0.0102431 0.0168479 0.0242885 0.0305962 0.0338071 0.0330194 0.0289242 0.0233232 0.0180339 0.0140386 0.0113669 0.00953177
 1.02085e-16 6.79703e-05 0.000660695 0.00439055 0.0199588 0.0620994 0.13231 0.193113 0.193125 0.132371 0.0623062 0.0205566 0.00589231 0.00394352 0.00631573 0.0103677 0.015008 0.0190385 0.0212811 0.0211847 0.0191313 0.0161392 0.0132133 0.0108641 0.00907508 0.0075865
 1.03663e-16 4.69977e-05 0.000456835 0.00303583 0.0138005 0.0429385 0.0914863 0.133534 0.133569 0.0916551 0.0435052 0.0154374 0.00714509 0.00942819 0.0170876 0.0281811 0.0406061 0.0510942 0.0563412 0.0548191 0.0476754 0.0379316 0.0286563 0.0215385 0.0166859 0.0133442
 1.08159e-16 4.51066e-05 0.000438452 0.00291367 0.0132451 0.0412106 0.0878046 0.128159 0.128185 0.0879311 0.0416361 0.0144763 0.00601315 0.00723462 0.0130401 0.021716 0.0318133 0.041123 0.0473874 0.0495157 0.0481223 0.0448837 0.0412884 0.0378342 0.0341723 0.0298112
 1.09613e-16 5.38778e-05 0.000523711 0.00348025 0.0158207 0.0492242 0.104878 0.153077 0.153095 0.10497 0.049533 0.016714 0.00572828 0.00545048 0.00946809 0.0157199 0.0230031 0.0297056 0.0342253 0.0358532 0.03516 0.0334911 0.0319896 0.0309421 0.0298578 0.0280358
 1.04372e-16 6.73835e-05 0.000654992 0.00435265 0.0197865 0.0615633 0.131167 0.191445 0.191457 0.131225 0.0617571 0.0203469 0.00576082 0.00373441 0.00593179 0.00974274 0.0141315 0.0179944 0.0202598 0.0204518 0.0189666 0.0167752 0.0147952 0.0134251 0.0125197 0.0116871
 1.01219e-16 7.30882e-05 0.000710444 0.00472115 0.0214617 0.0667752 0.142272 0.207652 0.207661 0.142316 0.066923 0.0218885 0.00579268 0.00304965 0.00451587 0.00735058 0.0105834 0.0133133 0.014676 0.0142763 0.01242 0.0099032 0.00753307 0.00575132 0.00457852 0.00380177
 1.00878e-16 6.80479e-05 0.00066145 0.00439557 0.0199816 0.0621704 0.132461 0.193334 0.193349 0.132534 0.0624155 0.0206896 0.00617223 0.00453807 0.007425 0.0121529 0.0174659 0.0218908 0.0239741 0.0230434 0.0196055 0.0150057 0.0106331 0.00728765 0.00507015 0.00367535
 1.01388e-16 6.43935e-05 0.000625928 0.00415951 0.0189085 0.0588316 0.125348 0.182952 0.18297 0.125434 0.0591207 0.0197436 0.00625607 0.00520386 0.00876194 0.0143914 0.0207429 0.0261191 0.0288298 0.0280843 0.0244472 0.0194335 0.0145884 0.0107729 0.00806922 0.00614229
 1.02092e-16 6.25431e-05 0.000607941 0.00403998 0.0183652 0.057141 0.121746 0.177695 0.177714 0.121836 0.0574445 0.0192421 0.00624208 0.00541855 0.00920871 0.0151507 0.0218786 0.0276356 0.0306681 0.0301559 0.0266793 0.0217885 0.0170427 0.0132776 0.0105292 0.00843037
 1.01664e-16 6.90907e-05 0.000671587 0.00446293 0.0202878 0.0631231 0.134491 0.196296 0.196308 0.13455 0.0633218 0.0208621 0.00590513 0.00382268 0.00606171 0.00993306 0.0143515 0.0181501 0.0201851 0.0199243 0.0177474 0.0146626 0.0116761 0.00931599 0.00758672 0.0062348
 1.00272e-16 7.93378e-05 0.000771191 0.00512484 0.0232968 0.0724849 0.154437 0.225406 0.225409 0.154452 0.0725344 0.0234397 0.00548347 0.00155404 0.00156599 0.00246298 0.00353944 0.0044488 0.00489687 0.00474922 0.00410621 0.00323328 0.00240138 0.00176182 0.00132752 0.00103472
 1.00924e-16 3.71191e-05 0.000360811 0.00239772 0.0108997 0.0339133 0.0722578 0.105473 0.105524 0.0725071 0.0347502 0.0133156 0.00845726 0.013573 0.0250828 0.0412856 0.0591817 0.0738149 0.0801596 0.075898 0.062833 0.0457437 0.0296358 0.0174964 0.00982504 0.00557657
 1.00967e-16 7.7694e-05 0.000755214 0.00501866 0.0228141 0.0709831 0.151237 0.220736 0.220738 0.15125 0.0710258 0.0229377 0.00533088 0.001443 0.00140204 0.00224192 0.00333099 0.00441419 0.00527993 0.00581647 0.00604829 0.00607059 0.00594293 0.00564307 0.00511431 0.00434821
 1.01254e-16 5.5819e-05 0.000542581 0.00360564 0.0163907 0.0509978 0.108657 0.158595 0.158624 0.108801 0.0514791 0.0177802 0.00709083 0.00814199 0.0144628 0.0237544 0.0340571 0.042501 0.046206 0.043855 0.0364999 0.0268957 0.0179096 0.0112245 0.0070738 0.0047984
 1.02932e-16 6.00383e-05 0.000583594 0.00387819 0.0176297 0.0548526 0.11687 0.170579 0.170597 0.116959 0.0551513 0.0184933 0.00604975 0.00533653 0.00912287 0.0150805 0.0219343 0.0280282 0.0316936 0.0321228 0.0297895 0.0260216 0.022105 0.0186557 0.0156343 0.0127718
 1.02709e-16 6.5954e-05 0.000641097 0.00426031 0.0193668 0.0602573 0.128385 0.187385 0.187399 0.128455 0.0604916 0.0200439 0.00596124 0.00435861 0.00713914 0.0117323 0.0169754 0.0215191 0.0240332 0.0239058 0.0215912 0.0182661 0.0150828 0.01261 0.0107923 0.00928237
 1.01827e-16 6.76209e-05 0.000657299 0.00436799 0.0198562 0.0617802 0.13163 0.19212 0.192134 0.131698 0.0620098 0.0205196 0.00603356 0.00429455 0.00697926 0.0114412 0.0164985 0.0207971 0.0230037 0.022503 0.0197543 0.0159654 0.0123541 0.0095781 0.00766186 0.00629379
 1.04846e-16 3.23511e-05 0.000314464 0.00208973 0.00949964 0.0295572 0.0629764 0.0919261 0.0919747 0.0632139 0.0303547 0.0118034 0.0078734 0.0129431 0.0240245 0.0396872 0.0572156 0.0720472 0.0795376 0.0775257 0.0675954 0.0539527 0.0408709 0.0307066 0.0236322 0.0186452
 1.04914e-16 6.66705e-05 0.000648061 0.00430659 0.0195772 0.0609118 0.129779 0.189418 0.189426 0.129816 0.0610368 0.0199399 0.00522349 0.00267109 0.00397166 0.00662476 0.00992048 0.0132776 0.0161294 0.0181853 0.019526 0.0203935 0.0208723 0.0207659 0.0197676 0.0177437
 1.04215e-16 5.84395e-05 0.000568053 0.00377491 0.0171602 0.0533919 0.113758 0.166038 0.166061 0.11387 0.0537672 0.0182439 0.00649456 0.00650378 0.0113281 0.0186277 0.0268149 0.0337027 0.0371159 0.0360831 0.0314312 0.025238 0.0195841 0.015568 0.0131524 0.0116642
 1.06836e-16 4.22193e-05 0.000410387 0.00272717 0.0123973 0.0385728 0.0821848 0.119958 0.119992 0.0823505 0.0391296 0.0140067 0.00677172 0.00925523 0.0168857 0.0279676 0.0405611 0.0515842 0.0579012 0.0580379 0.052999 0.0454632 0.0380506 0.0320535 0.0273776 0.0233195
 1.05067e-16 6.56994e-05 0.000638621 0.00424386 0.019292 0.0600246 0.127889 0.18666 0.18667 0.12794 0.0601944 0.0197836 0.0054824 0.00335725 0.00527278 0.00872845 0.012839 0.0167187 0.0195035 0.0207907 0.0208331 0.0202654 0.019598 0.018909 0.0179306 0.0163692
 1.03448e-16 6.23643e-05 0.000606203 0.00402843 0.0183127 0.0569777 0.121398 0.177187 0.177206 0.12149 0.057287 0.0192063 0.00627167 0.00550352 0.00936439 0.0153863 0.0221698 0.0279087 0.0308132 0.0300758 0.0263574 0.0213376 0.0166986 0.0133285 0.0112071 0.00981578
 1.06971e-16 3.32925e-05 0.000323615 0.00215054 0.00977606 0.0304172 0.0648086 0.0945993 0.0946434 0.0650239 0.0311402 0.0118652 0.0073983 0.0117915 0.0218482 0.0361585 0.0522982 0.0662118 0.0737661 0.0730295 0.0653712 0.0544279 0.0438206 0.0354349 0.0292675 0.0243945
 1.14161e-16 4.15175e-05 0.000403565 0.00268183 0.0121912 0.0379316 0.080818 0.11796 0.117981 0.0809168 0.0382645 0.0131569 0.0051213 0.00578024 0.0104037 0.0175295 0.0261758 0.0348672 0.0420856 0.0470882 0.05019 0.0521928 0.0534831 0.0536262 0.0517601 0.0473491
 1.04098e-16 7.36532e-05 0.000715935 0.00475764 0.0216275 0.0672914 0.143372 0.209256 0.209261 0.143397 0.0673786 0.0218798 0.00539237 0.00210688 0.00273138 0.00444241 0.00649807 0.0084037 0.00971897 0.0102695 0.0102494 0.0100674 0.0100526 0.0102527 0.0104525 0.0103512
pSPR Fmed_Fpbrs
0.510603   0.236966 0.236966
Fs Fmed_Fpbrs
0.407207   1.005 1.005
SSBpbr Bo_Bmed_Bpbrs
1.40972e+06  649321  263569 263569
Ro
130614
SPR SPRFo_SPRFmed_SPRFpbrs
930056 474889 220391
Fref
1.005
log_Ro
11.6
likeval ReclasPelacesDesembMPH_pf_preclas_ppelaces_ptallas_desvR_qrecl_qpela
 12.1261 16.6709 0.0279487 0.000821975 229.675 119.136 83.4198 0 24.8073 6.80264e-06 1.89371e-05 0.136926 0 0 0
q_reclas_q_pelaces
1.44714 1.85728
M
1
N
 165935 35469.7 82697.9 5826.69 0.21657
 92383.2 52299.5 10499.4 24363.7 1716.23
 92362.2 25531.9 12869.9 2561.12 6358.64
 134852 25641.8 6322.98 3159.82 2188.93
 109036 32206.6 5139.15 1250.57 1057.11
 207796 34685.7 9658.46 1534.32 688.801
 79394 59134.6 8894.08 2457.18 565.334
 32771.5 16012.3 9344.67 1379.79 468.43
 32748.6 10845.2 5076.18 2952.82 583.916
 44220.7 7868.09 2191.88 1012.61 705.015
 82563.4 8801.34 1220.44 333.642 261.18
 123443 26661.5 2695.7 372.309 181.417
 102697 27300.6 4796.23 477.425 97.9845
 72409.1 23450.5 5137.04 889.378 106.615
 64876.2 11558.9 2667.59 569.578 110.279
 350301 12911 1792.65 405.987 103.363
 63461.7 80556.9 2453.63 335.803 95.3378
 566800 16980.8 18942.4 571.348 100.341
 310661 155688 4142.76 4580.1 162.329
 266924 75635.5 32058.3 842.312 963.578
 340905 67372.7 16384 6864.59 386.445
 479842 93197.4 16327.7 3934.65 1740.49
 90483.5 121411 20257.9 3508.56 1218.73
 268116 26540 32483.6 5382.48 1255.55
 232344 80580.9 7348.16 8938.16 1825.9
 99889.7 69932.9 22356.9 2026.2 2967.12
 226784 31255 20490.2 6518.04 1455.38
 259198 68462 8707.74 5674.1 2207.26
 70563.7 81287.2 20123.7 2547.05 2304.71
 51594.5 22226.4 24040.8 5923.36 1427.72
 238790 14843.1 5787.02 6212.38 1898.81
pred_Ctot
 15216.5 4458.42 10601.5 747.741 0.0277941
 14868.1 11307.8 2311.79 5369.64 378.269
 14655.8 5446.33 2795.9 556.928 1382.79
 30966.2 7747.02 1942.44 971.568 673.075
 9435.27 3825.72 622.669 151.681 128.224
 30370.4 6840.31 1940.34 308.541 138.52
 23794.6 22803.7 3481.84 962.702 221.502
 2098.58 1416.48 843.579 124.693 42.335
 7433.34 3241.46 1542.8 898.245 177.635
 13478.2 3080.54 871.102 402.751 280.422
 6446.29 945.562 133.763 36.6066 28.6578
 32424 9118.76 936.781 129.49 63.1
 25588.5 8895.38 1588.33 158.242 32.4783
 27687.2 11221.9 2490.72 431.518 51.7305
 19776.6 4526.13 1060.29 226.57 43.8694
 86223.4 4159.68 587.05 133.066 33.8799
 11224.2 19050.1 590.685 80.9176 22.9744
 92950.9 3737.69 4245.77 128.186 22.5134
 68668.1 45398 1228.56 1359.47 48.185
 54605 20515.4 8846.65 232.653 266.161
 56705.7 15031.3 3722.07 1560.98 87.8803
 97616.5 25147.2 4482.37 1081.15 478.269
 11809.2 21478.7 3652.04 633.148 219.941
 31536.3 4247.29 5298.92 878.914 205.032
 27145.3 12812 1190.92 1450.09 296.242
 9563.06 9166.54 2988.47 271.128 397.054
 26136 4904.17 3277.37 1043.61 233.036
 24487 8858.44 1149.05 749.521 291.584
 6495.24 10255.1 2589.25 328.063 296.866
 7252.96 4222.85 4653.53 1147.71 276.649
 19930.1 1702.08 676.917 727.441 222.354
F
 0.15461 0.217358 0.222102 0.222358 0.222371
 0.286018 0.402098 0.410875 0.411347 0.411372
 0.281492 0.395736 0.404374 0.404839 0.404863
 0.432008 0.607339 0.620595 0.621309 0.621346
 0.145349 0.204338 0.208798 0.209039 0.209051
 0.256742 0.360941 0.368819 0.369244 0.369266
 0.601067 0.845011 0.863455 0.864448 0.8645
 0.105841 0.148796 0.152044 0.152219 0.152228
 0.426047 0.598958 0.612032 0.612736 0.612773
 0.61429 0.8636 0.882449 0.883464 0.883518
 0.130345 0.183246 0.187245 0.187461 0.187472
 0.508867 0.715391 0.731006 0.731847 0.731891
 0.476886 0.670431 0.685064 0.685852 0.685893
 0.834881 1.17372 1.19934 1.20072 1.20079
 0.6144 0.863755 0.882608 0.883623 0.883677
 0.469829 0.660509 0.674926 0.675702 0.675743
 0.318354 0.447559 0.457328 0.457854 0.457881
 0.292151 0.41072 0.419685 0.420168 0.420193
 0.412775 0.580301 0.592967 0.593649 0.593685
 0.376725 0.529619 0.541178 0.541801 0.541834
 0.296885 0.417376 0.426486 0.426976 0.427002
 0.374276 0.526176 0.53766 0.538279 0.538311
 0.226514 0.318445 0.325396 0.32577 0.32579
 0.202158 0.284203 0.290407 0.290741 0.290758
 0.200682 0.282128 0.288286 0.288618 0.288635
 0.161889 0.227592 0.232559 0.232827 0.232841
 0.197721 0.277966 0.284033 0.28436 0.284377
 0.159604 0.224379 0.229276 0.22954 0.229554
 0.155233 0.218234 0.222997 0.223254 0.223267
 0.245877 0.345666 0.353211 0.353617 0.353638
 0.139879 0.19665 0.200942 0.201173 0.201185
nmprior
 8 9 7.5 0
nm_flota  nm_reclas  nm_pelaces    nm_pelaL
inf 15.1294 18.1587 32.4266
cv_recla  cv_pelaces  cv_mph
0.314982 0.480445 0.884779
 ------------------------------------------------
Talla a la edad & desviación 
 8 13.2811 15.8009 17.003 17.5766
 0.8 1.32811 1.58009 1.7003 1.75766
