    unsorted:	 2.339292200e-06 5.800723176e-05 9.432031891e-05 0.001099992295 3.500677986 1.356924456 6.721147453 13.38115587 57.79705507 72.08993268 156.8489137 227.0448393 213.9434719 272.4588399 519.3070641 458.2232805 629.6867054 691.8954424 794.6924869 852.8087339 915.4821357 937.5907156 974.1254962 1062.439579 1241.081502 1299.822079 1534.383196 1574.209786 1844.349970 1812.962747 2038.480703 2155.758876 2323.365841 2452.201936 2465.113483 2532.911044 2724.969294 2866.536895 3052.293485 3109.252033 3551.353681 3688.072452 4196.201140 8867.933361 40969.96206 158287.5627 383696.1041 379332.9082 391204.3808 360558.3834 358223.5664 407343.4772 429186.3429 321995.4601 443829.1227 455389.3600 254320.3038 504960.0871 607834.4653 641034.7008 678191.8467 698848.1038 708063.3618 974634.9656 1080273.057 1145929.472 1239722.408 1496280.036 1513663.424 1714076.195 1819464.105 2374774.633 2434459.796 2472301.204 2734845.087 2971101.488 3304159.738
      sorted:	 2.339292200e-06 5.800723176e-05 9.432031891e-05 0.001099992295 1.356924456 3.500677986 6.721147453 13.38115587 57.79705507 72.08993268 156.8489137 213.9434719 227.0448393 272.4588399 458.2232805 519.3070641 629.6867054 691.8954424 794.6924869 852.8087339 915.4821357 937.5907156 974.1254962 1062.439579 1241.081502 1299.822079 1534.383196 1574.209786 1812.962747 1844.349970 2038.480703 2155.758876 2323.365841 2452.201936 2465.113483 2532.911044 2724.969294 2866.536895 3052.293485 3109.252033 3551.353681 3688.072452 4196.201140 8867.933361 40969.96206 158287.5627 254320.3038 321995.4601 358223.5664 360558.3834 379332.9082 383696.1041 391204.3808 407343.4772 429186.3429 443829.1227 455389.3600 504960.0871 607834.4653 641034.7008 678191.8467 698848.1038 708063.3618 974634.9656 1080273.057 1145929.472 1239722.408 1496280.036 1513663.424 1714076.195 1819464.105 2374774.633 2434459.796 2472301.204 2734845.087 2971101.488 3304159.738
