years
 1991 1992 1993 1994 1995 1996 1997 1998 1999 2000 2001 2002 2003 2004 2005 2006 2007 2008 2009 2010 2011 2012 2013 2014 2015 2016 2017 2018 2019 2020 2021
reclasobs
 0 0 0 0 0 0 0 0 0 252601 567819 844713 477998 351125 339783 2.1784e+06 2.13404e+06 4.81314e+06 1.55562e+06 2.62356e+06 3.21686e+06 3.843e+06 1.13348e+06 3.07943e+06 1.97215e+06 2.03268e+06 2.025e+06 2.42433e+06 2.27542e+06 1.05018e+06 2.36338e+06
reclaspred
 1.0567e+06 981336 386297 111024 8287.58 537596 407804 124958 174229 60002 140915 449123 478044 180341 260133 774167 1.21851e+06 1.18145e+06 1.8943e+06 1.58923e+06 2.33848e+06 1.86869e+06 1.25634e+06 1.90541e+06 1.8482e+06 1.20272e+06 1.32287e+06 1.87378e+06 2.09646e+06 868352 223491
pelacesobs
 0 0 0 0 0 0 0 0 0 0 0 0 0 0 0 552880 188675 0 991730 2.46772e+06 1.41603e+06 1.21717e+06 2.29649e+06 1.80582e+06 0 1.4828e+06 1.56532e+06 1.57751e+06 1.42118e+06 867257 0
pelacespred
 358224 404020 170629 32069.5 856.025 239541 139142 55618.8 71083.6 14185 60975.7 176365 193399 66192.8 120679 310511 489427 476338 925517 758149 976854 884041 571374 972884 932722 587899 736904 1.03003e+06 950047 479820 101321
mphobs
 0 0 0 0 0 0 0 0 0 0 0 498337 0 5186 125008 0 168611 109162 213762 579715 649985 157893 87575 83554 0 0 0 0 0 0 0
mphpred
 407297 1.09164e+06 486474 118251 32394.3 1026.23 575811 151512 52405.2 121639 10910.9 184420 436596 223266 72502.5 232825 907686 957740 685277 1.87504e+06 1.16597e+06 1.7666e+06 1.36832e+06 721467 1.84641e+06 1.26486e+06 674607 1.12855e+06 2.03088e+06 1.1178e+06 341130
desembarqueobs
 494567 514787 250237 358949 120608 361735 552515 73892 212993 205616 52469 317467 293654 387597 252695 516296 358380 742168 942051 627588 828172 859565 418607 520667 417249 300574 407403 355545 319650 289779 219260
desembarquepred
 494182 522379 245891 358139 120409 361379 551653 73934.4 212816 206162 52573.8 317100 293822 388319 252360 515205 358145 742473 939405 626442 826798 857417 416858 519497 416718 299831 407294 355510 319531 289417 218814
Reclutas
 464216 1456.25 4832.8 79592.5 3270.54 323338 2169.99 946.693 58302.5 1883.29 85789.9 223013 59104.7 43724.5 98825.5 457079 129571 202163 1.00388e+06 13725.3 535827 446302 2277.67 469450 202731 29226.1 339383 413023 10823.6 16343 3692.29
log_desv_Rt
 2.28976 -3.47473 -2.27517 0.526325 -2.66564 1.9281 -3.07587 -3.90537 0.215051 -3.21757 0.601307 1.55663 0.228716 -0.0726855 0.742761 2.27426 1.01364 1.45848 3.06104 -1.23135 2.43322 2.2504 -3.02744 2.30097 1.46128 -0.475534 1.97653 2.17291 -1.46886 -1.05679 -2.54435
SSB
 407297 1.09164e+06 486474 118251 32394.3 1026.23 575811 151512 52405.2 121639 10910.9 184420 436596 223266 72502.5 232825 907686 957740 685277 1.87504e+06 1.16597e+06 1.7666e+06 1.36832e+06 721467 1.84641e+06 1.26486e+06 674607 1.12855e+06 2.03088e+06 1.1178e+06 341130
BT
 1.62666e+06 1.38894e+06 633665 450309 91415.6 1.42402e+06 815029 202574 493013 214210 313811 931381 790848 619433 760103 1.67272e+06 1.64446e+06 2.06068e+06 4.58034e+06 2.36986e+06 4.06828e+06 3.33466e+06 1.69881e+06 4.26231e+06 2.80939e+06 1.71638e+06 3.171e+06 3.92379e+06 2.47144e+06 1.4587e+06 476969
Ftot
 0.43652 0.486323 0.575374 2.39507 4.89836 0.6262 1.12812 0.53753 1.09169 2.28458 0.352083 0.647504 0.559601 1.70116 0.881623 0.615087 0.275723 0.5729 0.462725 0.365234 0.331146 0.424749 0.309256 0.257581 0.212558 0.234296 0.290013 0.179946 0.144412 0.310764 0.853238
BD_Bspro_t
 0.93254 0.717933 0.441715 0.192055 0.0650783 0.00342791 0.524209 0.200751 0.116033 0.244068 0.0440156 0.538845 0.564298 0.343979 0.157548 0.372883 0.588266 0.5664 0.466851 0.645983 0.483 0.580882 0.556923 0.460285 0.701423 0.668882 0.586327 0.716709 0.804895 0.694787 0.490186
BD_Bspro
 1.21646 3.26037 1.45294 0.353178 0.0967511 0.00306501 1.71976 0.452517 0.156517 0.363296 0.0325873 0.550802 1.30397 0.666823 0.216541 0.695373 2.71096 2.86046 2.0467 5.60014 3.48238 5.27625 4.08673 2.15479 5.51463 3.77772 2.01483 3.3706 6.06557 3.33849 1.01884
BD_Bo
 0.239502 0.641915 0.28606 0.069535 0.0190487 0.000603452 0.338593 0.0890933 0.0308157 0.0715272 0.00641591 0.108444 0.256731 0.131287 0.0426335 0.136908 0.533744 0.563178 0.402962 1.10258 0.685625 1.03881 0.804611 0.424243 1.08574 0.743772 0.396688 0.663616 1.19421 0.657296 0.200594
BD_Brms
 1.01512 2.72072 1.21245 0.29472 0.0807371 0.0025577 1.43511 0.377617 0.130611 0.303164 0.0271935 0.459634 1.08814 0.556452 0.1807 0.580276 2.26225 2.387 1.70793 4.67322 2.90598 4.40294 3.4103 1.79813 4.60186 3.15244 1.68134 2.8127 5.06161 2.78591 0.850206
Sel_flota
 0.5 1 1 1 1
 0.5 1 1 1 1
 0.5 1 1 1 1
 0.5 1 1 1 1
 0.5 1 1 1 1
 0.5 1 1 1 1
 0.5 1 1 1 1
 0.5 1 1 1 1
 0.5 1 1 1 1
 0.5 1 1 1 1
 0.5 1 1 1 1
 0.5 1 1 1 1
 0.5 1 1 1 1
 0.5 1 1 1 1
 0.5 1 1 1 1
 0.5 1 1 1 1
 0.5 1 1 1 1
 0.5 1 1 1 1
 0.5 1 1 1 1
 0.5 1 1 1 1
 0.5 1 1 1 1
 0.5 1 1 1 1
 0.5 1 1 1 1
 0.5 1 1 1 1
 0.5 1 1 1 1
 0.5 1 1 1 1
 0.5 1 1 1 1
 0.5 1 1 1 1
 0.5 1 1 1 1
 0.5 1 1 1 1
 0.5 1 1 1 1
Sel_reclas
 0.5 1 1 1 1
 0.5 1 1 1 1
 0.5 1 1 1 1
 0.5 1 1 1 1
 0.5 1 1 1 1
 0.5 1 1 1 1
 0.5 1 1 1 1
 0.5 1 1 1 1
 0.5 1 1 1 1
 0.5 1 1 1 1
 0.5 1 1 1 1
 0.5 1 1 1 1
 0.5 1 1 1 1
 0.5 1 1 1 1
 0.5 1 1 1 1
 0.5 1 1 1 1
 0.5 1 1 1 1
 0.5 1 1 1 1
 0.5 1 1 1 1
 0.5 1 1 1 1
 0.5 1 1 1 1
 0.5 1 1 1 1
 0.5 1 1 1 1
 0.5 1 1 1 1
 0.5 1 1 1 1
 0.5 1 1 1 1
 0.5 1 1 1 1
 0.5 1 1 1 1
 0.5 1 1 1 1
 0.5 1 1 1 1
 0.5 1 1 1 1
Sel_pelaces
 0.5 1 1 1 1
 0.5 1 1 1 1
 0.5 1 1 1 1
 0.5 1 1 1 1
 0.5 1 1 1 1
 0.5 1 1 1 1
 0.5 1 1 1 1
 0.5 1 1 1 1
 0.5 1 1 1 1
 0.5 1 1 1 1
 0.5 1 1 1 1
 0.5 1 1 1 1
 0.5 1 1 1 1
 0.5 1 1 1 1
 0.5 1 1 1 1
 0.5 1 1 1 1
 0.5 1 1 1 1
 0.5 1 1 1 1
 0.5 1 1 1 1
 0.5 1 1 1 1
 0.5 1 1 1 1
 0.5 1 1 1 1
 0.5 1 1 1 1
 0.5 1 1 1 1
 0.5 1 1 1 1
 0.5 1 1 1 1
 0.5 1 1 1 1
 0.5 1 1 1 1
 0.5 1 1 1 1
 0.5 1 1 1 1
 0.5 1 1 1 1
pf_obs 
 0.8446 0.082 0.0669 0.0065 0
 0.8095 0.147 0.0364 0.0071 0
 0.9664 0.0169 0.016 0.0007 0
 0.9276 0.0648 0.0075 0.0001 0
 0.7033 0.2144 0.0806 0.0017 0
 0.9318 0.0425 0.0243 0.0014 0
 0.5671 0.3108 0.0964 0.0239 0.0018
 0.0768 0.2599 0.5324 0.112 0.0189
 0.490249 0.384438 0.106611 0.0170017 0.00170017
 0.7925 0.1577 0.0466 0.003 0.0002
 0.840416 0.127587 0.0312969 0.00059994 9.999e-05
 0.8084 0.0986 0.0794 0.0134 0.0002
 0.7335 0.1905 0.0724 0.0035 0.0001
 0.4001 0.4547 0.1325 0.0127 0
 0.49795 0.308269 0.164784 0.0264974 0.00249975
 0.9179 0.0499 0.0305 0.0017 0
 0.2467 0.6533 0.0926 0.0074 0
 0.9418 0.0223 0.034 0.0019 0
 0.707729 0.231977 0.0356964 0.0245975 0
 0.517169 0.277429 0.184464 0.0207286 0.00020938
 0.811772 0.124168 0.05621 0.00726502 0.000585176
 0.764997 0.148141 0.077277 0.00933861 0.000247198
 0.163321 0.427699 0.378323 0.0303852 0.000271297
 0.753843 0.0900009 0.118128 0.0371064 0.000921714
 0.721811 0.176058 0.0630433 0.0369309 0.00215725
 0.143369 0.312575 0.442814 0.0836902 0.0175525
 0.692698 0.0596174 0.167031 0.0765114 0.00414204
 0.394062 0.376323 0.152708 0.0712218 0.00568511
 0.125707 0.32114 0.495352 0.0537591 0.00404204
 0.23352 0.215282 0.420074 0.123614 0.00750983
 0 0 0 0 0
pf_pred 
 0.8853 0.0725043 0.0266728 0.00981239 0.00571058
 0.00548738 0.941117 0.0337524 0.0124168 0.0072263
 0.0751085 0.0116897 0.864172 0.0309928 0.0180371
 0.873208 0.0205895 0.00134229 0.0992299 0.00562993
 0.229479 0.747244 0.00377982 0.000246417 0.0192501
 0.999293 0.000569922 0.000133053 6.7303e-07 3.47153e-06
 0.0150027 0.98471 0.000231385 5.40189e-05 1.68267e-06
 0.0463241 0.040057 0.913353 0.000214617 5.16651e-05
 0.931845 0.00700499 0.00256845 0.058564 1.7074e-05
 0.0940921 0.883179 0.00233612 0.000856563 0.0195364
 0.985044 0.00473371 0.0099662 2.63619e-05 0.000230124
 0.825581 0.173236 0.000374354 0.000788152 2.02836e-05
 0.337971 0.609357 0.0523151 0.00011305 0.000244137
 0.490136 0.279422 0.212107 0.01821 0.000124331
 0.867377 0.10257 0.0164704 0.0125025 0.00108071
 0.912178 0.0830189 0.00371446 0.00059646 0.000491904
 0.347539 0.62748 0.0236144 0.00105656 0.000309581
 0.593112 0.218243 0.181423 0.0068276 0.000394991
 0.884275 0.0898771 0.0138639 0.0115249 0.000458815
 0.0232705 0.924202 0.0407952 0.00629281 0.00543939
 0.774607 0.0113853 0.202498 0.00893847 0.0025706
 0.562028 0.387004 0.00257455 0.0457909 0.00260254
 0.00675067 0.739837 0.223922 0.00148964 0.0280006
 0.835013 0.00242461 0.121087 0.0366488 0.0048266
 0.389722 0.559128 0.000751676 0.0375394 0.0128582
 0.116361 0.509295 0.342969 0.000461078 0.0309139
 0.805505 0.0428308 0.0874134 0.0588659 0.00538507
 0.641047 0.323182 0.00787735 0.0160769 0.0118169
 0.0307451 0.765945 0.18305 0.00446172 0.015799
 0.127208 0.0541946 0.646889 0.154597 0.0171115
 0.092381 0.220025 0.042695 0.509625 0.135274
pobs_RECLAS
 0 0 0 0 0
 0 0 0 0 0
 0 0 0 0 0
 0 0 0 0 0
 0 0 0 0 0
 0 0 0 0 0
 0 0 0 0 0
 0 0 0 0 0
 0 0 0 0 0
 0 0 0 0 0
 0.991045 0.00858322 0.000360255 1.14367e-05 0
 0.934742 0.0480273 0.0164251 0.00080598 0
 0.827803 0.169806 0.00239088 0 0
 0.941827 0.0461693 0.0120037 0 0
 0.791401 0.0380133 0.147996 0.0225897 0
 0.846168 0.0940531 0.0597789 0 0
 0.134021 0.677848 0.182769 0.00536245 0
 0.80878 0.0450904 0.141981 0.00414843 0
 0.846168 0.0940531 0.0597789 0 0
 0.905697 0.0802665 0.012482 0.00150086 5.37128e-05
 0.989698 0.0102097 9.19794e-05 0 0
 0.975433 0.0193895 0.00387452 0.00125025 5.28907e-05
 0.303575 0.632131 0.0575291 0.00676475 0
 0.966965 0.00978017 0.0227588 0.000495775 0
 0.843318 0.132988 0.00938335 0.0141283 0.000182051
 0.564624 0.303363 0.111486 0.0197234 0.00080311
 0.826376 0.0876187 0.0782897 0.00655872 0.00115652
 0.89761 0.0855135 0.0140674 0.00269457 0.000114338
 0.34875 0.467042 0.161289 0.0227151 0.000203297
 0.318654 0.224769 0.449479 0.00709798 0
 0.937255 0.0296025 0.0250945 0.00804832 0
ppred_RECLAS
 0.887661 0.0710121 0.0261239 0.00961044 0.00559305
 0.00563574 0.940977 0.0337474 0.012415 0.00722522
 0.077447 0.0116602 0.861987 0.0309145 0.0179915
 0.898169 0.0165363 0.00107805 0.0796955 0.00452163
 0.379031 0.60221 0.00304619 0.000198589 0.0155138
 0.999319 0.000549223 0.000128221 6.48587e-07 3.34545e-06
 0.0162659 0.983447 0.000231088 5.39496e-05 1.68051e-06
 0.0476873 0.0399998 0.912047 0.000214311 5.15912e-05
 0.93666 0.0065101 0.00238699 0.0544266 1.58677e-05
 0.11566 0.862152 0.0022805 0.00083617 0.0190713
 0.985307 0.00465021 0.00979039 2.58968e-05 0.000226065
 0.831079 0.167776 0.000362554 0.000763309 1.96442e-05
 0.345175 0.602726 0.0517458 0.00011182 0.00024148
 0.527254 0.259081 0.196666 0.0168843 0.00011528
 0.873946 0.0974887 0.0156545 0.0118832 0.00102717
 0.915033 0.0803203 0.00359372 0.000577072 0.000475914
 0.350615 0.624522 0.0235031 0.00105158 0.000308121
 0.601053 0.213984 0.177882 0.00669435 0.000387283
 0.886831 0.0878926 0.0135578 0.0112704 0.000448684
 0.0237035 0.923792 0.0407771 0.00629002 0.00543698
 0.777526 0.0112379 0.199877 0.00882274 0.00253732
 0.567603 0.382078 0.00254178 0.045208 0.00256941
 0.0068553 0.739759 0.223899 0.00148949 0.0279977
 0.836729 0.00239939 0.119828 0.0362675 0.00477639
 0.392114 0.556937 0.00074873 0.0373923 0.0128078
 0.117519 0.508627 0.342519 0.000460473 0.0308733
 0.807745 0.0423375 0.0864067 0.0581879 0.00532305
 0.642962 0.321458 0.00783533 0.0159911 0.0117539
 0.0309405 0.76579 0.183013 0.00446082 0.0157958
 0.128948 0.0540866 0.6456 0.154289 0.0170774
 0.0971682 0.218864 0.0424698 0.506937 0.13456
pobs_PELACES
 0 0 0 0 0
 0 0 0 0 0
 0 0 0 0 0
 0 0 0 0 0
 0 0 0 0 0
 0 0 0 0 0
 0 0 0 0 0
 0 0 0 0 0
 0 0 0 0 0
 0 0 0 0 0
 0 0 0 0 0
 0 0 0 0 0
 0 0 0 0 0
 0 0 0 0 0
 0 0 0 0 0
 0 0 0 0 0
 0.505614 0.472636 0.0217494 0 0
 0 0 0 0 0
 0.443492 0.261883 0.143347 0.151278 0
 0.227955 0.32914 0.350689 0.0885471 0.00366901
 0.970185 0.0296113 0.000203453 0 0
 0.997202 0.00247181 0.000326279 0 0
 0.445219 0.490057 0.0546422 0.010081 0
 0.90214 0.0892962 0.00764917 0.000914606 0
 0 0 0 0 0
 0.581667 0.319106 0.0959925 0.00289975 0.000334073
 0.762889 0.0836404 0.116647 0.0363945 0.000428098
 0.88444 0.0763242 0.0277011 0.0115352 0
 0.521256 0.241999 0.230069 0.00667565 0
 0.616807 0.101726 0.260614 0.0208532 0
 0 0 0 0 0
ppred_PELACES
 0.894645 0.0665972 0.0244997 0.00901295 0.00524532
 0.00610373 0.940534 0.0337315 0.0124091 0.00722182
 0.084508 0.0115709 0.855389 0.0306778 0.0178538
 0.929053 0.0115211 0.000751091 0.055525 0.00315028
 0.578 0.409252 0.00207014 0.000134958 0.010543
 0.999385 0.000495342 0.000115642 5.84958e-07 3.01725e-06
 0.0195287 0.980185 0.000230322 5.37707e-05 1.67494e-06
 0.0518805 0.0398236 0.908031 0.000213367 5.13641e-05
 0.946543 0.00549436 0.00201456 0.0459346 1.3392e-05
 0.160133 0.818794 0.00216582 0.000794119 0.0181122
 0.986125 0.0043914 0.0092455 2.44555e-05 0.000213483
 0.845552 0.153401 0.000331491 0.000697909 1.79611e-05
 0.366332 0.583252 0.0500739 0.000108207 0.000233678
 0.596238 0.221275 0.167968 0.0144205 9.84578e-05
 0.88912 0.0857539 0.0137702 0.0104528 0.000903531
 0.922598 0.0731687 0.00327374 0.00052569 0.000433539
 0.361042 0.614494 0.0231257 0.0010347 0.000303174
 0.623489 0.20195 0.167878 0.00631787 0.000365503
 0.89427 0.0821149 0.0126665 0.0105295 0.00041919
 0.0251388 0.922434 0.0407171 0.00628078 0.00542899
 0.786834 0.0107677 0.191514 0.00845361 0.00243116
 0.584715 0.366957 0.00244119 0.0434189 0.00246773
 0.0072116 0.739494 0.223818 0.00148895 0.0279876
 0.842452 0.00231528 0.115627 0.0349962 0.00460895
 0.400505 0.54925 0.000738396 0.0368762 0.012631
 0.121588 0.506282 0.34094 0.00045835 0.030731
 0.815067 0.0407251 0.083116 0.0559719 0.00512033
 0.649749 0.315347 0.00768639 0.0156872 0.0115304
 0.0316629 0.765219 0.182876 0.00445749 0.015784
 0.134817 0.0537221 0.641249 0.153249 0.0169623
 0.110238 0.215696 0.041855 0.499599 0.132612
pobs_pel_tallas
 0 0 0 0 0 0 0 0 0 0 0 0 0 0 0 0 0 0 0 0 0 0 0 0 0 0
 0 0 0 0 0 0 0 0 0 0 0 0 0 0 0 0 0 0 0 0 0 0 0 0 0 0
 0 0 0 0 0 0 0 0 0 0 0 0 0 0 0 0 0 0 0 0 0 0 0 0 0 0
 0 0 0 0 0 0 0 0 0 0 0 0 0 0 0 0 0 0 0 0 0 0 0 0 0 0
 0 0 0 0 0 0 0 0 0 0 0 0 0 0 0 0 0 0 0 0 0 0 0 0 0 0
 0 0 0 0 0 0 0 0 0 0 0 0 0 0 0 0 0 0 0 0 0 0 0 0 0 0
 0 0 0 0 0 0 0 0 0 0 0 0 0 0 0 0 0 0 0 0 0 0 0 0 0 0
 0 0 0 0 0 0 0 0 0 0 0 0 0 0 0 0 0 0 0 0 0 0 0 0 0 0
 0 0 0 0 0 0 0 0 0 0 0 0 0 0 0 0 0 0 0 0 0 0 0 0 0 0
 0 0 0 0 0 0 0 0 0 0 0 0 0 0 0 0 0 0 0 0 0 0 0 0 0 0
 0 0 0 0 0 0 0 0 0 0 0 0 0 0 0 0 0 0 0 0 0 0 0 0 0 0
 0 0 0 0 0 0 0 0 0 0 0 0 0 0 0 0 0 0 0 0 0 0 0 0 0 0
 0.00862536 0 0 0.000197151 0.00414017 0.0128641 0.00837892 0.0270097 0.101434 0.158115 0.152841 0.127902 0.109271 0.109419 0.0830992 0.0579132 0.0238553 0.00714673 0.00463305 0.00128148 0.00103504 0.000492878 0.000147863 0.000147863 4.92878e-05 0
 0 0 0 0 0 0 0 0 0 0 0 0 0 0 0 0 0 0 0 0 0 0 0 0 0 0
 0 0 0 0 0 0 0 0.0054083 0.00873648 0.0413646 0.0450493 0.0745869 0.0622846 0.0627006 0.0613931 0.0827291 0.12552 0.122667 0.0946155 0.0697135 0.0546179 0.0294188 0.0215738 0.0213955 0.0102223 0.00600262
 0 0 0 0 0.00359764 0.0251062 0.0480494 0.140153 0.205849 0.193036 0.1447 0.116669 0.0760912 0.0342217 0.00950174 0.001854 0.000860785 0 0 0 0.000165536 0 0.000143464 0 0 0
 0 0 0 0 0 0 0 0.000145254 0.000435761 0.0275982 0.070085 0.0708112 0.156366 0.174668 0.174014 0.160142 0.0824315 0.0480064 0.0283245 0.00493863 0.00203355 0 0 0 0 0
 0 0 0 0 0 0 0 0 0 0 0 0 0 0 0 0 0 0 0 0 0 0 0 0 0 0
 0 0 1.00437e-05 0.000401748 0.00122533 0.00171747 0.00176769 0.0269171 0.070346 0.194647 0.189555 0.159765 0.064822 0.0314167 0.0384472 0.0292271 0.0345202 0.0313363 0.0194345 0.0106764 0.0143323 0.0359363 0.0279516 0.0138201 0.00172751 0
 0 0.0021121 0.0136068 0.0755702 0.200478 0.177729 0.0527432 0.0373336 0.0318909 0.0142505 0.0149659 0.0166563 0.0217959 0.0798694 0.0677717 0.0528807 0.04013 0.0224614 0.0357745 0.0225083 0.00881397 0.00855152 0.00135912 0.000746735 0 0
 0 0 0 0 5.4009e-05 0.00500934 0.000945158 0.0243581 0.138947 0.33067 0.221406 0.137944 0.0707744 0.0437923 0.0131692 0.00525238 0.0047753 0.00276346 9.45158e-05 9.00151e-06 2.25038e-05 9.00151e-06 4.50075e-06 0 0 0
 0.000866109 0.00284123 0.00948549 0.0512746 0.133035 0.25785 0.225252 0.132002 0.0553304 0.0519788 0.0540692 0.017754 0.00435017 0.00159236 0.00146478 0.000404838 0.000125132 0.000115318 0.000107957 0.000100596 0 0 0 0 0 0
 0 0 0 0 0.00144013 0.00171154 0.00461396 0.0210425 0.0478622 0.0707936 0.0888783 0.103762 0.0637923 0.0337046 0.0602308 0.124433 0.169614 0.0934646 0.0462172 0.0250306 0.0313229 0.00938855 0.002487 0.000210481 0 0
 0 0.00764035 0.051015 0.0998891 0.058973 0.0496711 0.0374665 0.0718981 0.12319 0.153886 0.159021 0.0857701 0.0377988 0.023471 0.0147837 0.00900784 0.00315554 0.000888139 0.00291439 0.00214683 0.00393193 0.00274676 0.000635225 9.99891e-05 0 0
 0 0 0 0 0 0 0 0 0 0 0 0 0 0 0 0 0 0 0 0 0 0 0 0 0 0
 0 0 0 0 0 0 0 0 0 0 0 0 0 0 0 0 0 0 0 0 0 0 0 0 0 0
 0 0 0 0 0 0 0 0 0 0 0 0 0 0 0 0 0 0 0 0 0 0 0 0 0 0
 0 0 0 0 0 0 0 0 0 0 0 0 0 0 0 0 0 0 0 0 0 0 0 0 0 0
 0 0 0 0 0 0 0 0 0 0 0 0 0 0 0 0 0 0 0 0 0 0 0 0 0 0
 0 0 0 0 0 0 0 0 0 0 0 0 0 0 0 0 0 0 0 0 0 0 0 0 0 0
 0 0 0 0 0 0 0 0 0 0 0 0 0 0 0 0 0 0 0 0 0 0 0 0 0 0
ppred_pel_tallas
 1.02516e-16 7.36907e-05 0.0007163 0.00476007 0.0216386 0.0673257 0.143445 0.209363 0.20937 0.143476 0.0674315 0.0219447 0.00552985 0.00240119 0.00328683 0.00535217 0.00778603 0.00996867 0.011323 0.0115897 0.0109694 0.00995907 0.00901609 0.00831994 0.00777483 0.00717926
 1.03681e-16 5.02952e-07 4.88896e-06 3.24933e-05 0.000147765 0.000460238 0.00098393 0.00145505 0.00154554 0.00142602 0.00194419 0.00443184 0.0107783 0.0234374 0.0444273 0.0732483 0.105053 0.131134 0.142619 0.135433 0.112787 0.0831397 0.0553089 0.034493 0.0214599 0.0142492
 1.30786e-16 6.96082e-06 6.76617e-05 0.000449636 0.00204398 0.00635959 0.0135499 0.0197769 0.0197794 0.0135624 0.00640568 0.00219405 0.000890212 0.00124047 0.00285146 0.00630891 0.0128182 0.0238699 0.0406959 0.0634139 0.090148 0.116736 0.137564 0.147477 0.143887 0.127903
 1.06127e-16 7.65248e-05 0.000743849 0.00494314 0.0224708 0.0699149 0.148961 0.217413 0.217415 0.148967 0.0699336 0.0225249 0.0050802 0.00104748 0.000667229 0.00102218 0.00156924 0.00221751 0.00296243 0.00387794 0.00510102 0.00674296 0.00876795 0.010923 0.0127793 0.013878
 1.01963e-16 4.76092e-05 0.000462778 0.00307532 0.01398 0.0434972 0.0926768 0.135273 0.135312 0.0928691 0.0441425 0.0158427 0.00774656 0.0106458 0.019345 0.031796 0.0455427 0.0567364 0.0614981 0.0580584 0.047855 0.0346445 0.0223603 0.0133443 0.00795569 0.00529251
 1.00005e-16 8.23181e-05 0.000800161 0.00531735 0.0241719 0.0752077 0.160238 0.233872 0.233872 0.160238 0.0752085 0.0241742 0.00532304 0.0008126 0.00010597 4.49588e-05 5.68697e-05 7.15008e-05 7.9331e-05 7.7955e-05 6.8815e-05 5.58706e-05 4.31352e-05 3.28097e-05 2.50908e-05 1.91703e-05
 1.00263e-16 1.60876e-06 1.56378e-05 0.000103923 0.000472478 0.00147056 0.00313667 0.00459782 0.00469207 0.00359708 0.00301581 0.00493276 0.0112888 0.0243954 0.0461949 0.0760829 0.108933 0.135582 0.146697 0.137981 0.112826 0.0802061 0.0495755 0.0266499 0.0124673 0.00508419
 1.26245e-16 4.27334e-06 4.15384e-05 0.000276038 0.00125483 0.00390427 0.00831865 0.0121424 0.0121476 0.00834485 0.00399628 0.00153825 0.00105395 0.00195912 0.00428671 0.0087438 0.016451 0.028673 0.0463635 0.0694153 0.0958323 0.121411 0.140542 0.148149 0.141882 0.123267
 1.04669e-16 7.79655e-05 0.000757852 0.0050362 0.0228938 0.0712312 0.151766 0.221506 0.221507 0.151768 0.0712402 0.0229203 0.00510388 0.000909621 0.000378827 0.000538637 0.000859832 0.00129303 0.00186969 0.00266285 0.00376212 0.00521083 0.00693133 0.00869059 0.0101428 0.0109415
 1.03417e-16 1.31901e-05 0.000128213 0.000852024 0.00387323 0.0120515 0.0256798 0.037497 0.0375757 0.0260645 0.0133424 0.00759964 0.010197 0.0204991 0.0386153 0.0635937 0.0910842 0.113447 0.122918 0.115953 0.0954255 0.0688566 0.0441272 0.0259409 0.0150367 0.00962911
 1.00307e-16 8.12258e-05 0.000789544 0.0052468 0.0238512 0.0742099 0.158112 0.230769 0.23077 0.158114 0.0742171 0.0238722 0.00530021 0.00090825 0.000312793 0.00040444 0.000611524 0.000845039 0.00107223 0.00127481 0.00144682 0.00158235 0.00166266 0.00165854 0.00154874 0.00133886
 1.00122e-16 6.9647e-05 0.000676994 0.00449886 0.0204512 0.0636313 0.135574 0.197877 0.197892 0.135646 0.0638732 0.0211493 0.00624948 0.00449298 0.00730033 0.0119153 0.0170558 0.0212338 0.0229861 0.0216418 0.017732 0.0126599 0.00790121 0.00434503 0.00214765 0.0010002
 1.01645e-16 3.01744e-05 0.000293306 0.00194913 0.00886048 0.0275685 0.0587398 0.0857442 0.0858003 0.0590141 0.0284896 0.0115202 0.00862238 0.0148514 0.0276496 0.0455859 0.0654822 0.0819535 0.0895176 0.0856228 0.0721702 0.0542496 0.0371561 0.0239983 0.01526 0.00987074
 1.06367e-16 4.91114e-05 0.00047738 0.00317236 0.0144211 0.0448695 0.0956 0.139535 0.139557 0.0957053 0.0452238 0.0154473 0.00575848 0.00615662 0.0109335 0.0182538 0.0268852 0.0350425 0.0408891 0.0434982 0.0432644 0.0413704 0.038805 0.0357974 0.0320307 0.0272564
 1.01621e-16 7.32356e-05 0.000711876 0.00473067 0.0215049 0.0669099 0.142559 0.208071 0.208079 0.142599 0.0670456 0.021897 0.00571512 0.00286196 0.00415976 0.0067696 0.00976602 0.0123285 0.0136772 0.0134613 0.0119645 0.00990511 0.00799277 0.00658679 0.00565718 0.0049732
 1.0024e-16 7.59932e-05 0.000738681 0.0049088 0.0223147 0.0694293 0.147927 0.215905 0.215912 0.147961 0.0695447 0.022648 0.00574495 0.00256213 0.00353348 0.00570665 0.00817889 0.0102126 0.0111129 0.0105612 0.0088049 0.00649848 0.00432473 0.00268709 0.00164775 0.0010597
 1.0098e-16 2.97387e-05 0.000289071 0.00192098 0.00873254 0.0271705 0.0578918 0.0845071 0.0845663 0.0581806 0.02814 0.0115314 0.00894123 0.0155969 0.0290509 0.0478451 0.0686021 0.0855976 0.0930144 0.088164 0.0731205 0.0533957 0.0347616 0.020661 0.0116745 0.00661456
 1.05592e-16 5.1356e-05 0.000499198 0.00331735 0.0150802 0.0469202 0.0999692 0.145912 0.145932 0.100065 0.047244 0.0160182 0.00568218 0.00569541 0.0100185 0.0167371 0.024698 0.0322841 0.0378281 0.0404712 0.0405289 0.0390071 0.0367296 0.0338572 0.0301121 0.0253414
 1.01514e-16 7.36598e-05 0.000716 0.00475807 0.0216295 0.0672975 0.143385 0.209276 0.209284 0.143423 0.0674274 0.0220049 0.00570059 0.00277439 0.00398559 0.00647983 0.00934583 0.0117944 0.0130779 0.0128605 0.0114148 0.00943058 0.00758936 0.00623679 0.00534446 0.00469061
 1.0296e-16 2.07084e-06 2.01294e-05 0.000133772 0.00060816 0.00189269 0.00403585 0.00590905 0.00599781 0.00446949 0.00334827 0.00481047 0.0106749 0.0230075 0.0435887 0.0718721 0.103099 0.128731 0.140067 0.133091 0.110923 0.0818169 0.0543845 0.0337178 0.0206047 0.0131942
 1.06789e-16 6.48104e-05 0.000629981 0.00418644 0.019031 0.0592124 0.126158 0.184132 0.184133 0.126165 0.0592356 0.0191018 0.00437845 0.00109613 0.00108752 0.00205287 0.00378152 0.00648063 0.0103447 0.0153637 0.0211448 0.0268281 0.0312318 0.0332452 0.0322959 0.0286181
 1.04937e-16 4.81623e-05 0.000468155 0.00311106 0.0141424 0.0440025 0.0937533 0.136843 0.136878 0.0939258 0.0445815 0.0158138 0.00730339 0.00961049 0.0173838 0.0285937 0.041031 0.0512914 0.0559662 0.0535445 0.0453677 0.0347914 0.0252281 0.0185572 0.014818 0.012945
 1.11534e-16 5.94165e-07 5.77556e-06 3.83841e-05 0.000174533 0.000543419 0.00116045 0.00170869 0.00178014 0.00150968 0.00171655 0.00356522 0.00855803 0.0186324 0.0354581 0.0588314 0.0852413 0.10821 0.121075 0.120677 0.109122 0.0921064 0.075282 0.0615599 0.0509422 0.042101
 1.07628e-16 6.93917e-05 0.000674512 0.00448237 0.0203762 0.0633979 0.135076 0.197147 0.197148 0.135078 0.0634056 0.0204008 0.00455348 0.000860868 0.000514943 0.000981992 0.00197266 0.00366973 0.00628959 0.00991486 0.0143506 0.0190472 0.0231743 0.0258623 0.0265156 0.0250357
 1.05998e-16 3.29892e-05 0.000320667 0.00213094 0.009687 0.0301401 0.0642187 0.0937401 0.0937929 0.0644767 0.0310064 0.0121876 0.00840273 0.0139952 0.0259547 0.0427312 0.0612676 0.0764666 0.0831869 0.0791279 0.0662803 0.0496958 0.034573 0.0238693 0.0178053 0.0149095
 1.15215e-16 1.00152e-05 9.7351e-05 0.000646934 0.0029409 0.00915049 0.0194979 0.0284681 0.0285173 0.0197386 0.00995975 0.00528357 0.00654721 0.0130432 0.0247879 0.0414609 0.0608788 0.0789499 0.0914051 0.0961216 0.0941269 0.0883988 0.0815681 0.0744982 0.066626 0.0572767
 1.08889e-16 6.7136e-05 0.000652586 0.00433666 0.0197138 0.0613371 0.130685 0.19074 0.190744 0.130705 0.0614044 0.0199101 0.00483646 0.00176714 0.00225364 0.00380446 0.00591381 0.00837674 0.0110362 0.0138496 0.016867 0.0200565 0.0231191 0.0254822 0.0265151 0.025826
 1.03827e-16 5.3519e-05 0.000520224 0.00345707 0.0157154 0.0488965 0.10418 0.15206 0.152091 0.104328 0.049394 0.0171518 0.00706028 0.00837792 0.0149532 0.0245757 0.0352596 0.0440613 0.0480341 0.045856 0.0386544 0.0293008 0.0207456 0.0146615 0.0111698 0.00944113
 1.08592e-16 2.60819e-06 2.53526e-05 0.000168481 0.000765935 0.0023835 0.00508103 0.0074314 0.00750526 0.005442 0.00359585 0.00426896 0.0089667 0.0192488 0.0365604 0.0605638 0.0875336 0.110668 0.122982 0.121181 0.10753 0.0881463 0.069191 0.0539864 0.0427263 0.0340452
 1.36759e-16 1.11047e-05 0.000107942 0.000717313 0.00326081 0.0101456 0.0216165 0.0315512 0.0315574 0.0216474 0.0102522 0.00358199 0.00157394 0.00214521 0.00437195 0.00849808 0.0152571 0.0255164 0.0400186 0.0589382 0.0812471 0.104253 0.12385 0.135705 0.136923 0.127253
 1.73808e-16 9.08023e-06 8.82631e-05 0.00058654 0.00266634 0.00829609 0.0176765 0.0258037 0.0258247 0.0177792 0.00864191 0.00366866 0.00311642 0.00566034 0.0107477 0.0181993 0.0273641 0.037094 0.0465483 0.0561432 0.067676 0.0831892 0.103205 0.125575 0.145793 0.158648
pSPR Fmed_Fpbrs
0.468283   0.285935 0.285935
Fs Fmed_Fpbrs
0.538913   1.005 1.005
SSBpbr Bo_Bmed_Bpbrs
1.7006e+06  711332  401232 401232
Ro
47021
SPR SPRFo_SPRFmed_SPRFpbrs
334821 156791 95737.1
Fref
1.005
log_Ro
10.5784
likeval ReclasPelacesDesembMPH_pf_preclas_ppelaces_ptallas_desvR_qrecl_qpela
 86.4736 40.6363 3.06841 0.00220512 364.469 199.111 123.3 0 190.965 0 0 14.8294 0 0 0
q_reclas_q_pelaces
1 1
M
1
N
 464216 20709.5 7618.62 2802.73 1631.12
 1456.25 137289 4923.77 1811.35 1054.17
 4832.8 420.086 31055.3 1113.77 648.189
 79592.5 1333.41 86.9286 6426.27 364.603
 3270.54 8840.87 44.7202 2.91543 227.754
 323338 103.911 24.2589 0.12271 0.632946
 2169.99 86973.1 20.4367 4.77114 0.148619
 946.693 454.147 10355.1 2.43322 0.585753
 58302.5 266.19 97.6013 2225.44 0.648813
 1883.29 12426.1 32.8687 12.0516 274.873
 85789.9 221.072 465.437 1.23114 10.7472
 223013 26466 57.1915 120.409 3.0988
 59104.7 59351.4 5095.49 11.0111 23.779
 43724.5 16436.6 12476.9 1071.17 7.31356
 98825.5 6871.15 1103.35 837.545 72.3966
 457079 23395.5 1046.77 168.088 138.623
 129571 123632 4652.74 208.175 60.9966
 202163 41528.1 34521.8 1299.18 75.1604
 1.00388e+06 55847.5 8614.7 7161.29 285.097
 13725.3 293028 12934.5 1995.2 1724.61
 535827 4206.47 74816.1 3302.46 949.747
 446302 167041 1111.24 19764.5 1123.32
 2277.67 132770 40184.8 267.33 5024.96
 469450 717.863 35850.7 10850.7 1429.03
 202731 151831 204.118 10193.8 3491.64
 29226.1 67060.9 45160.1 60.7119 4070.55
 339383 9563.1 19517.4 13143.4 1202.36
 413023 107999 2632.41 5372.49 3948.91
 10823.6 138869 33187.6 808.927 2864.42
 16343 3704.41 44217.4 10567.3 1169.64
 3692.29 5147.03 998.762 11921.6 3164.44
pred_Ctot
 58571.3 4796.88 1764.67 649.187 377.811
 202.673 34759.6 1246.63 458.608 266.899
 781.811 121.679 8995.25 322.607 187.75
 38555.7 909.112 59.2675 4381.4 248.585
 2248.55 7321.86 37.0365 2.41451 188.622
 56359.7 32.1433 7.50415 0.0379586 0.195793
 618.798 40615.3 9.54368 2.22806 0.0694031
 144.152 124.65 2842.19 0.667851 0.160773
 16199.2 121.775 44.6499 1018.08 0.296814
 886.312 8319.21 22.0054 8.06849 184.026
 8880.19 42.6745 89.8455 0.237653 2.07457
 40026.8 8399.05 18.1499 38.2121 0.983412
 9328.45 16819.1 1443.97 3.12033 6.73851
 16938.8 9656.69 7330.3 629.327 4.2968
 23077.5 2728.98 438.213 332.643 28.7534
 78429 7137.96 319.369 51.2836 42.2938
 10667.2 19259.5 724.808 32.4296 9.5021
 32579.7 11988.1 9965.56 375.041 21.6969
 133563 13575.3 2094.04 1740.75 69.3007
 1469.87 58377 2576.82 397.484 343.578
 52387.1 769.992 13695.1 604.513 173.851
 54922 37818.5 251.588 4474.74 254.324
 208.889 22893.1 6928.93 46.0948 866.437
 36239 105.227 5255.12 1590.53 209.472
 13033.6 18699.2 25.1386 1255.45 430.021
 2061.93 9024.8 6077.47 8.17038 547.799
 29303 1558.12 3179.97 2141.45 195.901
 22630.3 11409 278.087 567.549 417.162
 479.43 11943.9 2854.42 69.5748 246.365
 1505.7 641.472 7656.87 1829.88 202.539
 839.023 1998.31 387.764 4628.52 1228.58
F
 0.21826 0.43652 0.43652 0.43652 0.43652
 0.243161 0.486323 0.486323 0.486323 0.486323
 0.287687 0.575374 0.575374 0.575374 0.575374
 1.19753 2.39507 2.39507 2.39507 2.39507
 2.44918 4.89836 4.89836 4.89836 4.89836
 0.3131 0.6262 0.6262 0.6262 0.6262
 0.564058 1.12812 1.12812 1.12812 1.12812
 0.268765 0.53753 0.53753 0.53753 0.53753
 0.545845 1.09169 1.09169 1.09169 1.09169
 1.14229 2.28458 2.28458 2.28458 2.28458
 0.176041 0.352083 0.352083 0.352083 0.352083
 0.323752 0.647504 0.647504 0.647504 0.647504
 0.2798 0.559601 0.559601 0.559601 0.559601
 0.850578 1.70116 1.70116 1.70116 1.70116
 0.440811 0.881623 0.881623 0.881623 0.881623
 0.307544 0.615087 0.615087 0.615087 0.615087
 0.137861 0.275723 0.275723 0.275723 0.275723
 0.28645 0.5729 0.5729 0.5729 0.5729
 0.231362 0.462725 0.462725 0.462725 0.462725
 0.182617 0.365234 0.365234 0.365234 0.365234
 0.165573 0.331146 0.331146 0.331146 0.331146
 0.212374 0.424749 0.424749 0.424749 0.424749
 0.154628 0.309256 0.309256 0.309256 0.309256
 0.128791 0.257581 0.257581 0.257581 0.257581
 0.106279 0.212558 0.212558 0.212558 0.212558
 0.117148 0.234296 0.234296 0.234296 0.234296
 0.145007 0.290013 0.290013 0.290013 0.290013
 0.0899729 0.179946 0.179946 0.179946 0.179946
 0.0722058 0.144412 0.144412 0.144412 0.144412
 0.155382 0.310764 0.310764 0.310764 0.310764
 0.426619 0.853238 0.853238 0.853238 0.853238
nmprior
 8 9 7.5 0
nm_flota  nm_reclas  nm_pelaces    nm_pelaL
inf 4.86731 2.70618 3.30238
cv_recla  cv_pelaces  cv_mph
0.841137 0.750104 1.44918
 ------------------------------------------------
Talla a la edad & desviación 
 8 13.2811 15.8009 17.003 17.5766
 0.8 1.32811 1.58009 1.7003 1.75766
