years
 1991 1992 1993 1994 1995 1996 1997 1998 1999 2000 2001 2002 2003 2004 2005 2006 2007 2008 2009 2010 2011 2012 2013 2014 2015 2016 2017 2018 2019 2020 2021
reclasobs
 0 0 0 0 0 0 0 0 0 252601 567819 844713 477998 351125 339783 2.1784e+06 2.13404e+06 4.81314e+06 1.55562e+06 2.62356e+06 3.21686e+06 3.843e+06 1.13348e+06 3.07943e+06 1.97215e+06 2.03268e+06 2.025e+06 2.42433e+06 2.27542e+06 1.05018e+06 2.36338e+06
reclaspred
 3.41469e+06 1.96301e+06 996372 980754 972583 1.45535e+06 1.00819e+06 912044 671100 502458 510878 627281 628943 524204 538603 1.24726e+06 1.2683e+06 2.58605e+06 2.1903e+06 1.70663e+06 3.0279e+06 2.45017e+06 2.00623e+06 3.01637e+06 2.29006e+06 2.0303e+06 2.36875e+06 2.48429e+06 2.08016e+06 1.34975e+06 2.00672e+06
pelacesobs
 0 0 0 0 0 0 0 0 0 0 0 0 0 0 0 552880 188675 0 991730 2.46772e+06 1.41603e+06 1.21717e+06 2.29649e+06 1.80582e+06 0 1.4828e+06 1.56532e+06 1.57751e+06 1.42118e+06 867257 0
pelacespred
 1.94518e+06 1.262e+06 654748 523470 523508 807851 547366 570991 422012 304498 311675 324559 354203 320736 332534 631176 637888 1.46865e+06 1.31366e+06 956701 1.59165e+06 1.44608e+06 1.15585e+06 1.87479e+06 1.38997e+06 1.21995e+06 1.61342e+06 1.67373e+06 1.15429e+06 858046 1.18086e+06
mphobs
 0 0 0 0 0 0 0 0 0 0 0 498337 0 5186 125008 0 168611 109162 213762 579715 649985 157893 87575 83554 0 0 0 0 0 0 0
mphpred
 507054 340917 175740 94773.2 104751 114544 149080 104518 90211.1 65115.3 44157.6 58830.1 63971.6 56647.1 42838.8 52982.9 145111 143829 255021 203465 225779 275628 261423 220004 297553 246700 204161 214999 294100 205493 116943
desembarqueobs
 494567 514787 250237 358949 120608 361735 552515 73892 212993 205616 52469 317467 293654 387597 252695 516296 358380 742168 942051 627588 828172 859565 418607 520667 417249 300574 407403 355545 319650 289779 219260
desembarquepred
 494573 513144 251081 358966 120611 361746 552558 73894.6 213026 205647 52470.8 317524 293703 387654 252701 516285 358399 742116 941953 627524 828224 859597 418617 520684 417252 300577 407405 355539 319649 289787 219261
Reclutas
 264278 156359 151416 284363 226913 371074 157560 76390.6 69152.4 88901.3 161265 198827 167452 119490 126071 641380 147548 951253 570765 450435 667818 888839 195030 579872 488095 221280 492563 550802 159118 121840 571709
log_desv_Rt
 0.0318151 -0.493028 -0.525153 0.105065 -0.120619 0.371216 -0.485379 -1.20932 -1.30887 -1.05766 -0.462135 -0.25275 -0.424489 -0.761952 -0.708341 0.918437 -0.551034 1.3126 0.801793 0.56503 0.958832 1.24473 -0.272032 0.817623 0.645326 -0.145755 0.654437 0.766191 -0.475542 -0.742473 0.803446
SSB
 5.54521e+06 3.72831e+06 1.92192e+06 1.03645e+06 1.14557e+06 1.25267e+06 1.63036e+06 1.14303e+06 986562 712110 482914 643374 699603 619501 468492 579429 1.58696e+06 1.57294e+06 2.78895e+06 2.22512e+06 2.46915e+06 3.0143e+06 2.85896e+06 2.406e+06 3.25409e+06 2.69795e+06 2.23274e+06 2.35126e+06 3.21632e+06 2.2473e+06 1.2789e+06
BT
 7.22224e+06 4.92619e+06 2.54627e+06 2.13697e+06 1.92615e+06 3.13509e+06 2.41301e+06 2.06122e+06 1.68762e+06 1.26544e+06 1.13632e+06 1.40497e+06 1.50767e+06 1.52703e+06 1.4175e+06 2.62964e+06 2.51278e+06 5.79357e+06 5.50782e+06 3.91144e+06 6.23975e+06 5.86862e+06 4.41002e+06 7.04197e+06 5.24595e+06 4.53441e+06 6.05888e+06 6.20944e+06 4.30129e+06 3.28297e+06 4.31696e+06
Ftot
 0.0769376 0.13779 0.133292 0.198029 0.0671693 0.136036 0.287653 0.0438012 0.170329 0.218394 0.056933 0.27212 0.250838 0.393599 0.256593 0.230421 0.150915 0.159036 0.230813 0.19802 0.148898 0.190036 0.111415 0.0954049 0.0983633 0.0797369 0.0948272 0.0793187 0.0815065 0.114401 0.061243
BD_Bspro_t
 0.987765 0.906854 0.802044 0.735326 0.728004 0.779486 0.769914 0.655011 0.700183 0.673358 0.649512 0.781781 0.687764 0.616434 0.533723 0.5865 0.708993 0.696452 0.756077 0.68413 0.666351 0.706501 0.719333 0.71802 0.796667 0.803383 0.809782 0.835227 0.8655 0.820335 0.784261
BD_Bspro
 3.04197 2.04526 1.05432 0.568573 0.628432 0.687184 0.894374 0.627037 0.541204 0.390646 0.264915 0.35294 0.383785 0.339843 0.257003 0.317861 0.870568 0.862877 1.52995 1.22065 1.35452 1.65357 1.56836 1.31987 1.78511 1.48003 1.22483 1.28984 1.7644 1.23282 0.701574
BD_Bo
 2.07586 1.3957 0.719475 0.387999 0.428847 0.468939 0.610328 0.427895 0.369322 0.26658 0.18078 0.240849 0.261898 0.231912 0.175381 0.21691 0.594082 0.588833 1.04405 0.832979 0.924333 1.12841 1.07026 0.900691 1.21818 1.00998 0.83583 0.8802 1.20404 0.841283 0.478759
BD_Brms
 14.8844 10.0075 5.1588 2.78204 3.07493 3.3624 4.37619 3.06811 2.64812 1.91144 1.29623 1.72694 1.87787 1.66286 1.25752 1.5553 4.2597 4.22207 7.48606 5.97265 6.62768 8.09097 7.67399 6.45816 8.7346 7.24181 5.99309 6.31123 8.63322 6.03219 3.43281
Sel_flota
 0.909511 1 1 1 1
 0.909511 1 1 1 1
 0.909511 1 1 1 1
 0.909511 1 1 1 1
 0.909511 1 1 1 1
 0.909511 1 1 1 1
 0.909511 1 1 1 1
 0.909511 1 1 1 1
 0.909511 1 1 1 1
 0.909511 1 1 1 1
 0.909511 1 1 1 1
 0.909511 1 1 1 1
 0.909511 1 1 1 1
 0.909511 1 1 1 1
 0.909511 1 1 1 1
 0.909511 1 1 1 1
 0.909511 1 1 1 1
 0.909511 1 1 1 1
 0.909511 1 1 1 1
 0.909511 1 1 1 1
 0.909511 1 1 1 1
 0.909511 1 1 1 1
 0.909511 1 1 1 1
 0.909511 1 1 1 1
 0.909511 1 1 1 1
 0.909511 1 1 1 1
 0.909511 1 1 1 1
 0.909511 1 1 1 1
 0.909511 1 1 1 1
 0.909511 1 1 1 1
 0.909511 1 1 1 1
Sel_reclas
 1 1 1 1 1
 1 1 1 1 1
 1 1 1 1 1
 1 1 1 1 1
 1 1 1 1 1
 1 1 1 1 1
 1 1 1 1 1
 1 1 1 1 1
 1 1 1 1 1
 1 1 1 1 1
 1 1 1 1 1
 1 1 1 1 1
 1 1 1 1 1
 1 1 1 1 1
 1 1 1 1 1
 1 1 1 1 1
 1 1 1 1 1
 1 1 1 1 1
 1 1 1 1 1
 1 1 1 1 1
 1 1 1 1 1
 1 1 1 1 1
 1 1 1 1 1
 1 1 1 1 1
 1 1 1 1 1
 1 1 1 1 1
 1 1 1 1 1
 1 1 1 1 1
 1 1 1 1 1
 1 1 1 1 1
 1 1 1 1 1
Sel_pelaces
 1 1 1 1 1
 1 1 1 1 1
 1 1 1 1 1
 1 1 1 1 1
 1 1 1 1 1
 1 1 1 1 1
 1 1 1 1 1
 1 1 1 1 1
 1 1 1 1 1
 1 1 1 1 1
 1 1 1 1 1
 1 1 1 1 1
 1 1 1 1 1
 1 1 1 1 1
 1 1 1 1 1
 1 1 1 1 1
 1 1 1 1 1
 1 1 1 1 1
 1 1 1 1 1
 1 1 1 1 1
 1 1 1 1 1
 1 1 1 1 1
 1 1 1 1 1
 1 1 1 1 1
 1 1 1 1 1
 1 1 1 1 1
 1 1 1 1 1
 1 1 1 1 1
 1 1 1 1 1
 1 1 1 1 1
 1 1 1 1 1
pf_obs 
 0.8446 0.082 0.0669 0.0065 0
 0.8095 0.147 0.0364 0.0071 0
 0.9664 0.0169 0.016 0.0007 0
 0.9276 0.0648 0.0075 0.0001 0
 0.7033 0.2144 0.0806 0.0017 0
 0.9318 0.0425 0.0243 0.0014 0
 0.5671 0.3108 0.0964 0.0239 0.0018
 0.0768 0.2599 0.5324 0.112 0.0189
 0.490249 0.384438 0.106611 0.0170017 0.00170017
 0.7925 0.1577 0.0466 0.003 0.0002
 0.840416 0.127587 0.0312969 0.00059994 9.999e-05
 0.8084 0.0986 0.0794 0.0134 0.0002
 0.7335 0.1905 0.0724 0.0035 0.0001
 0.4001 0.4547 0.1325 0.0127 0
 0.49795 0.308269 0.164784 0.0264974 0.00249975
 0.9179 0.0499 0.0305 0.0017 0
 0.2467 0.6533 0.0926 0.0074 0
 0.9418 0.0223 0.034 0.0019 0
 0.707729 0.231977 0.0356964 0.0245975 0
 0.517169 0.277429 0.184464 0.0207286 0.00020938
 0.811772 0.124168 0.05621 0.00726502 0.000585176
 0.764997 0.148141 0.077277 0.00933861 0.000247198
 0.163321 0.427699 0.378323 0.0303852 0.000271297
 0.753843 0.0900009 0.118128 0.0371064 0.000921714
 0.721811 0.176058 0.0630433 0.0369309 0.00215725
 0.143369 0.312575 0.442814 0.0836902 0.0175525
 0.692698 0.0596174 0.167031 0.0765114 0.00414204
 0.394062 0.376323 0.152708 0.0712218 0.00568511
 0.125707 0.32114 0.495352 0.0537591 0.00404204
 0.23352 0.215282 0.420074 0.123614 0.00750983
 0 0 0 0 0
pf_pred 
 0.417206 0.108576 0.45032 0.0238974 7.20259e-07
 0.410393 0.260277 0.0613549 0.254471 0.0135045
 0.542804 0.199034 0.113963 0.0268645 0.117334
 0.749915 0.142044 0.0470343 0.0269309 0.0340759
 0.645579 0.272615 0.0464646 0.0153856 0.0199562
 0.742552 0.171914 0.0657915 0.0112135 0.00852923
 0.477579 0.39787 0.0831702 0.0318292 0.00955135
 0.4407 0.28256 0.210762 0.0440574 0.0219204
 0.521356 0.222459 0.129425 0.0965386 0.0302208
 0.6718 0.179601 0.0690642 0.040181 0.0393534
 0.792064 0.144489 0.0347198 0.0133512 0.0153753
 0.723637 0.223225 0.0369244 0.0088727 0.0073411
 0.667219 0.24793 0.0685358 0.0113368 0.00497806
 0.608224 0.27066 0.0902344 0.0249437 0.00593779
 0.705344 0.187294 0.0741719 0.0247279 0.00846277
 0.920958 0.0574982 0.0136938 0.00542299 0.0024267
 0.39569 0.561058 0.0314633 0.0074933 0.00429539
 0.885512 0.0481481 0.0615916 0.00345397 0.00129413
 0.607564 0.351459 0.0172328 0.0220444 0.0016994
 0.605399 0.249722 0.129751 0.00636198 0.00876571
 0.735556 0.166682 0.0618683 0.0321457 0.00374786
 0.74125 0.195374 0.0399465 0.0148271 0.00860213
 0.330062 0.50975 0.120953 0.0247302 0.0145046
 0.742233 0.0909196 0.126953 0.0301232 0.0097714
 0.634138 0.278379 0.030857 0.0430862 0.0135397
 0.446824 0.363456 0.144356 0.0160011 0.0293639
 0.736799 0.12408 0.0914074 0.0363048 0.0114091
 0.695511 0.230105 0.0350664 0.0258328 0.0134845
 0.355404 0.46158 0.138307 0.021077 0.0236321
 0.436565 0.213225 0.250777 0.0751425 0.0242905
 0.856217 0.0663612 0.0292992 0.0344592 0.0136631
pobs_RECLAS
 0 0 0 0 0
 0 0 0 0 0
 0 0 0 0 0
 0 0 0 0 0
 0 0 0 0 0
 0 0 0 0 0
 0 0 0 0 0
 0 0 0 0 0
 0 0 0 0 0
 0 0 0 0 0
 0.991045 0.00858322 0.000360255 1.14367e-05 0
 0.934742 0.0480273 0.0164251 0.00080598 0
 0.827803 0.169806 0.00239088 0 0
 0.941827 0.0461693 0.0120037 0 0
 0.791401 0.0380133 0.147996 0.0225897 0
 0.846168 0.0940531 0.0597789 0 0
 0.134021 0.677848 0.182769 0.00536245 0
 0.80878 0.0450904 0.141981 0.00414843 0
 0.846168 0.0940531 0.0597789 0 0
 0.905697 0.0802665 0.012482 0.00150086 5.37128e-05
 0.989698 0.0102097 9.19794e-05 0 0
 0.975433 0.0193895 0.00387452 0.00125025 5.28907e-05
 0.303575 0.632131 0.0575291 0.00676475 0
 0.966965 0.00978017 0.0227588 0.000495775 0
 0.843318 0.132988 0.00938335 0.0141283 0.000182051
 0.564624 0.303363 0.111486 0.0197234 0.00080311
 0.826376 0.0876187 0.0782897 0.00655872 0.00115652
 0.89761 0.0855135 0.0140674 0.00269457 0.000114338
 0.34875 0.467042 0.161289 0.0227151 0.000203297
 0.318654 0.224769 0.449479 0.00709798 0
 0.937255 0.0296025 0.0250945 0.00804832 0
ppred_RECLAS
 0.440583 0.10422 0.432257 0.0229388 6.91367e-07
 0.433805 0.249942 0.0589186 0.244366 0.0129683
 0.566502 0.188718 0.108056 0.025472 0.111252
 0.767588 0.132006 0.0437104 0.0250278 0.0316678
 0.667087 0.256071 0.0436449 0.0144519 0.0187452
 0.76047 0.159949 0.0612125 0.0104331 0.00793561
 0.501949 0.37931 0.0792904 0.0303445 0.00910579
 0.464277 0.270649 0.201878 0.0422002 0.0209963
 0.545321 0.211321 0.122945 0.091705 0.0287077
 0.692776 0.168123 0.0646502 0.037613 0.0368383
 0.807323 0.133887 0.0321721 0.0123715 0.0142471
 0.74268 0.207844 0.0343802 0.00826134 0.00683527
 0.688425 0.232131 0.0641684 0.0106143 0.00466084
 0.631501 0.25458 0.0848732 0.0234617 0.00558501
 0.725134 0.174715 0.0691902 0.0230671 0.00789438
 0.927732 0.052571 0.0125203 0.00495828 0.00221874
 0.418889 0.539519 0.0302554 0.00720564 0.00413049
 0.894909 0.0441962 0.0565363 0.00317047 0.00118791
 0.630417 0.330993 0.0162293 0.0207607 0.00160044
 0.628222 0.235279 0.122247 0.00599402 0.00825872
 0.753822 0.155169 0.0575949 0.0299253 0.00348899
 0.759324 0.181727 0.0371562 0.0137914 0.00800125
 0.35157 0.493385 0.11707 0.0239362 0.014039
 0.760099 0.0846177 0.118154 0.0280353 0.00909412
 0.65603 0.261722 0.0290106 0.0405081 0.0127295
 0.470527 0.347882 0.13817 0.0153155 0.0281057
 0.754917 0.115538 0.0851153 0.0338057 0.0106237
 0.715346 0.215116 0.0327821 0.02415 0.0126061
 0.377571 0.445707 0.133551 0.0203522 0.0228194
 0.460252 0.204261 0.240234 0.0719835 0.0232693
 0.867559 0.0611265 0.026988 0.031741 0.0125853
pobs_PELACES
 0 0 0 0 0
 0 0 0 0 0
 0 0 0 0 0
 0 0 0 0 0
 0 0 0 0 0
 0 0 0 0 0
 0 0 0 0 0
 0 0 0 0 0
 0 0 0 0 0
 0 0 0 0 0
 0 0 0 0 0
 0 0 0 0 0
 0 0 0 0 0
 0 0 0 0 0
 0 0 0 0 0
 0 0 0 0 0
 0.505614 0.472636 0.0217494 0 0
 0 0 0 0 0
 0.443492 0.261883 0.143347 0.151278 0
 0.227955 0.32914 0.350689 0.0885471 0.00366901
 0.970185 0.0296113 0.000203453 0 0
 0.997202 0.00247181 0.000326279 0 0
 0.445219 0.490057 0.0546422 0.010081 0
 0.90214 0.0892962 0.00764917 0.000914606 0
 0 0 0 0 0
 0.581667 0.319106 0.0959925 0.00289975 0.000334073
 0.762889 0.0836404 0.116647 0.0363945 0.000428098
 0.88444 0.0763242 0.0277011 0.0115352 0
 0.521256 0.241999 0.230069 0.00667565 0
 0.616807 0.101726 0.260614 0.0208532 0
 0 0 0 0 0
ppred_PELACES
 0.44115 0.104115 0.431819 0.0229155 6.90667e-07
 0.434816 0.249496 0.0588134 0.24393 0.0129451
 0.567479 0.188292 0.107813 0.0254146 0.111001
 0.768642 0.131407 0.0435123 0.0249143 0.0315243
 0.667532 0.255729 0.0435866 0.0144326 0.0187201
 0.761209 0.159455 0.0610236 0.0104009 0.00791112
 0.504097 0.377675 0.0789486 0.0302136 0.00906653
 0.464602 0.270484 0.201755 0.0421746 0.0209836
 0.546582 0.210735 0.122604 0.0914507 0.0286281
 0.694162 0.167364 0.0643585 0.0374433 0.0366721
 0.807587 0.133703 0.032128 0.0123545 0.0142275
 0.744229 0.206592 0.0341731 0.00821158 0.0067941
 0.69003 0.230936 0.063838 0.0105597 0.00463684
 0.634231 0.252693 0.0842443 0.0232878 0.00554362
 0.726658 0.173745 0.0688065 0.0229391 0.00785059
 0.928192 0.0522364 0.0124406 0.00492672 0.00220462
 0.419986 0.538501 0.0301983 0.00719203 0.00412269
 0.895355 0.0440087 0.0562965 0.00315702 0.00118287
 0.632021 0.329556 0.0161588 0.0206706 0.00159349
 0.629602 0.234405 0.121793 0.00597177 0.00822806
 0.754646 0.15465 0.057402 0.0298251 0.00347731
 0.76036 0.180945 0.0369963 0.0137321 0.00796682
 0.352329 0.492808 0.116933 0.0239082 0.0140226
 0.760618 0.0844346 0.117898 0.0279746 0.00907445
 0.656693 0.261218 0.0289547 0.04043 0.012705
 0.47112 0.347492 0.138016 0.0152983 0.0280742
 0.75544 0.115292 0.0849335 0.0337335 0.010601
 0.715828 0.214752 0.0327266 0.0241091 0.0125848
 0.378143 0.445297 0.133428 0.0203335 0.0227984
 0.461101 0.20394 0.239856 0.0718703 0.0232327
 0.867769 0.0610296 0.0269452 0.0316907 0.0125653
pobs_pel_tallas
 0 0 0 0 0 0 0 0 0 0 0 0 0 0 0 0 0 0 0 0 0 0 0 0 0 0
 0 0 0 0 0 0 0 0 0 0 0 0 0 0 0 0 0 0 0 0 0 0 0 0 0 0
 0 0 0 0 0 0 0 0 0 0 0 0 0 0 0 0 0 0 0 0 0 0 0 0 0 0
 0 0 0 0 0 0 0 0 0 0 0 0 0 0 0 0 0 0 0 0 0 0 0 0 0 0
 0 0 0 0 0 0 0 0 0 0 0 0 0 0 0 0 0 0 0 0 0 0 0 0 0 0
 0 0 0 0 0 0 0 0 0 0 0 0 0 0 0 0 0 0 0 0 0 0 0 0 0 0
 0 0 0 0 0 0 0 0 0 0 0 0 0 0 0 0 0 0 0 0 0 0 0 0 0 0
 0 0 0 0 0 0 0 0 0 0 0 0 0 0 0 0 0 0 0 0 0 0 0 0 0 0
 0 0 0 0 0 0 0 0 0 0 0 0 0 0 0 0 0 0 0 0 0 0 0 0 0 0
 0 0 0 0 0 0 0 0 0 0 0 0 0 0 0 0 0 0 0 0 0 0 0 0 0 0
 0 0 0 0 0 0 0 0 0 0 0 0 0 0 0 0 0 0 0 0 0 0 0 0 0 0
 0 0 0 0 0 0 0 0 0 0 0 0 0 0 0 0 0 0 0 0 0 0 0 0 0 0
 0.00862536 0 0 0.000197151 0.00414017 0.0128641 0.00837892 0.0270097 0.101434 0.158115 0.152841 0.127902 0.109271 0.109419 0.0830992 0.0579132 0.0238553 0.00714673 0.00463305 0.00128148 0.00103504 0.000492878 0.000147863 0.000147863 4.92878e-05 0
 0 0 0 0 0 0 0 0 0 0 0 0 0 0 0 0 0 0 0 0 0 0 0 0 0 0
 0 0 0 0 0 0 0 0.0054083 0.00873648 0.0413646 0.0450493 0.0745869 0.0622846 0.0627006 0.0613931 0.0827291 0.12552 0.122667 0.0946155 0.0697135 0.0546179 0.0294188 0.0215738 0.0213955 0.0102223 0.00600262
 0 0 0 0 0.00359764 0.0251062 0.0480494 0.140153 0.205849 0.193036 0.1447 0.116669 0.0760912 0.0342217 0.00950174 0.001854 0.000860785 0 0 0 0.000165536 0 0.000143464 0 0 0
 0 0 0 0 0 0 0 0.000145254 0.000435761 0.0275982 0.070085 0.0708112 0.156366 0.174668 0.174014 0.160142 0.0824315 0.0480064 0.0283245 0.00493863 0.00203355 0 0 0 0 0
 0 0 0 0 0 0 0 0 0 0 0 0 0 0 0 0 0 0 0 0 0 0 0 0 0 0
 0 0 1.00437e-05 0.000401748 0.00122533 0.00171747 0.00176769 0.0269171 0.070346 0.194647 0.189555 0.159765 0.064822 0.0314167 0.0384472 0.0292271 0.0345202 0.0313363 0.0194345 0.0106764 0.0143323 0.0359363 0.0279516 0.0138201 0.00172751 0
 0 0.0021121 0.0136068 0.0755702 0.200478 0.177729 0.0527432 0.0373336 0.0318909 0.0142505 0.0149659 0.0166563 0.0217959 0.0798694 0.0677717 0.0528807 0.04013 0.0224614 0.0357745 0.0225083 0.00881397 0.00855152 0.00135912 0.000746735 0 0
 0 0 0 0 5.4009e-05 0.00500934 0.000945158 0.0243581 0.138947 0.33067 0.221406 0.137944 0.0707744 0.0437923 0.0131692 0.00525238 0.0047753 0.00276346 9.45158e-05 9.00151e-06 2.25038e-05 9.00151e-06 4.50075e-06 0 0 0
 0.000866109 0.00284123 0.00948549 0.0512746 0.133035 0.25785 0.225252 0.132002 0.0553304 0.0519788 0.0540692 0.017754 0.00435017 0.00159236 0.00146478 0.000404838 0.000125132 0.000115318 0.000107957 0.000100596 0 0 0 0 0 0
 0 0 0 0 0.00144013 0.00171154 0.00461396 0.0210425 0.0478622 0.0707936 0.0888783 0.103762 0.0637923 0.0337046 0.0602308 0.124433 0.169614 0.0934646 0.0462172 0.0250306 0.0313229 0.00938855 0.002487 0.000210481 0 0
 0 0.00764035 0.051015 0.0998891 0.058973 0.0496711 0.0374665 0.0718981 0.12319 0.153886 0.159021 0.0857701 0.0377988 0.023471 0.0147837 0.00900784 0.00315554 0.000888139 0.00291439 0.00214683 0.00393193 0.00274676 0.000635225 9.99891e-05 0 0
 0 0 0 0 0 0 0 0 0 0 0 0 0 0 0 0 0 0 0 0 0 0 0 0 0 0
 0 0 0 0 0 0 0 0 0 0 0 0 0 0 0 0 0 0 0 0 0 0 0 0 0 0
 0 0 0 0 0 0 0 0 0 0 0 0 0 0 0 0 0 0 0 0 0 0 0 0 0 0
 0 0 0 0 0 0 0 0 0 0 0 0 0 0 0 0 0 0 0 0 0 0 0 0 0 0
 0 0 0 0 0 0 0 0 0 0 0 0 0 0 0 0 0 0 0 0 0 0 0 0 0 0
 0 0 0 0 0 0 0 0 0 0 0 0 0 0 0 0 0 0 0 0 0 0 0 0 0 0
 0 0 0 0 0 0 0 0 0 0 0 0 0 0 0 0 0 0 0 0 0 0 0 0 0 0
ppred_pel_tallas
 1.14787e-16 3.63369e-05 0.000353208 0.00234719 0.01067 0.0331984 0.070733 0.103239 0.10325 0.0707856 0.0333766 0.011193 0.00369119 0.00339015 0.00610511 0.0108186 0.0173996 0.0256559 0.0352704 0.0458669 0.056828 0.0669366 0.0742882 0.0768399 0.0733922 0.0643349
 1.28415e-16 3.58153e-05 0.000348137 0.00231349 0.0105168 0.0327219 0.0697183 0.101761 0.101785 0.0698365 0.033119 0.0116658 0.0052048 0.00668524 0.0121501 0.0202509 0.0297272 0.0386601 0.0452336 0.048904 0.0508284 0.0530362 0.0569222 0.0622131 0.067096 0.0692663
 1.24493e-16 4.67425e-05 0.000454354 0.00301934 0.0137255 0.0427052 0.0909887 0.132805 0.132823 0.0910782 0.0430062 0.0145969 0.00521473 0.00527377 0.0092804 0.0154856 0.0228292 0.0298593 0.0351716 0.0382552 0.0398259 0.0412716 0.0436273 0.0468796 0.050035 0.0517422
 1.09123e-16 6.3312e-05 0.000615415 0.00408965 0.018591 0.0578435 0.123242 0.179878 0.179891 0.123304 0.0580524 0.019195 0.00560866 0.00394068 0.0064066 0.010567 0.0154008 0.0197738 0.0225939 0.0234128 0.0227019 0.0215057 0.0207393 0.0206806 0.0209628 0.0209399
 1.05939e-16 5.49838e-05 0.000534462 0.00355169 0.0161455 0.0502347 0.107031 0.15622 0.156245 0.107152 0.0506394 0.0173148 0.00648766 0.00694682 0.0122427 0.0201785 0.0291263 0.0367693 0.0407912 0.0401473 0.0356902 0.029578 0.0239521 0.0199123 0.0173851 0.0156686
 1.04184e-16 6.26998e-05 0.000609464 0.00405011 0.0184112 0.0572842 0.122051 0.17814 0.178155 0.122126 0.0575376 0.0191441 0.00589276 0.0046421 0.00775108 0.0127926 0.0186043 0.0237779 0.0269132 0.0273558 0.0255506 0.0226662 0.019811 0.0174767 0.0155423 0.0136529
 1.0694e-16 4.15219e-05 0.000403607 0.00268211 0.0121925 0.0379357 0.0808273 0.117977 0.118014 0.0810054 0.0385339 0.013921 0.00702313 0.00988799 0.0180776 0.0298828 0.0431922 0.0546345 0.0607977 0.0601171 0.0537859 0.0448842 0.0364564 0.0300498 0.0255704 0.0221061
 1.13672e-16 3.82687e-05 0.000371986 0.00247198 0.0112373 0.0349635 0.0744943 0.108732 0.108758 0.0746231 0.0353968 0.0124923 0.00563537 0.00732109 0.0133636 0.0223669 0.033002 0.043152 0.0506487 0.0544584 0.055164 0.054269 0.0529423 0.0512854 0.0486001 0.044211
 1.17608e-16 4.50213e-05 0.000437623 0.00290816 0.0132201 0.0411327 0.0876383 0.127915 0.127935 0.0877385 0.0414697 0.0141958 0.00536657 0.00583512 0.0103878 0.0173479 0.0255766 0.0334403 0.0393278 0.042583 0.043868 0.0445548 0.0456321 0.0470201 0.047745 0.0466784
 1.11862e-16 5.71772e-05 0.000555783 0.00369338 0.0167896 0.0522386 0.111301 0.16245 0.162466 0.11138 0.052505 0.01756 0.00563155 0.00480109 0.0081627 0.0135196 0.0197497 0.0254473 0.0292408 0.030564 0.0299972 0.0288194 0.0281229 0.0281886 0.0285052 0.0282542
 1.04609e-16 6.65199e-05 0.000646597 0.00429687 0.0195329 0.0607743 0.129487 0.188992 0.189005 0.12955 0.0609863 0.0201455 0.0058359 0.00401083 0.00646937 0.0106264 0.0153893 0.0195448 0.0219094 0.0219578 0.0201329 0.0175245 0.0151779 0.0135735 0.0125832 0.0117821
 1.03013e-16 6.13012e-05 0.00059587 0.00395977 0.0180005 0.0560064 0.119328 0.174167 0.174187 0.119426 0.0563333 0.0189448 0.00633046 0.00577267 0.00989763 0.0162781 0.023473 0.0295817 0.0327102 0.0319881 0.0280804 0.0227199 0.0176528 0.0138182 0.0112394 0.00944643
 1.03745e-16 5.68369e-05 0.000552475 0.00367139 0.0166896 0.0519277 0.110638 0.161485 0.161507 0.110747 0.0522939 0.017748 0.00633054 0.00636535 0.0111198 0.018354 0.0265757 0.0337147 0.0376896 0.0375258 0.0339011 0.0286184 0.0234567 0.0193177 0.0161684 0.0135451
 1.0577e-16 5.22409e-05 0.0005078 0.00337451 0.01534 0.0477287 0.101692 0.148427 0.148452 0.101811 0.04813 0.0165001 0.00629043 0.00688643 0.0122052 0.0201968 0.0293282 0.0373846 0.0421325 0.0425324 0.0393128 0.0343755 0.0295423 0.0256494 0.0225315 0.0196159
 1.0566e-16 5.98539e-05 0.000581801 0.00386628 0.0175755 0.0546841 0.116511 0.170055 0.170071 0.116593 0.0549604 0.0183747 0.00587593 0.00498136 0.00845225 0.0139757 0.0203559 0.026084 0.0296585 0.0303892 0.0287728 0.0260702 0.0234443 0.0213557 0.0195838 0.0176675
 1.0124e-16 7.64539e-05 0.000743159 0.00493856 0.02245 0.0698502 0.148823 0.217213 0.217218 0.148848 0.069933 0.0226892 0.00553963 0.00205688 0.00257613 0.00415032 0.00600097 0.00761002 0.00850652 0.00847767 0.00768851 0.00655922 0.00549887 0.00470552 0.00415039 0.00369611
 1.02429e-16 3.45938e-05 0.000336264 0.0022346 0.0101582 0.0316062 0.0673422 0.0982988 0.0983506 0.0675954 0.0324562 0.0126123 0.008391 0.0137636 0.0255 0.0420085 0.0602924 0.0753589 0.0821423 0.0783095 0.0656745 0.0490251 0.0333377 0.0215248 0.0139967 0.00964974
 1.02153e-16 7.37492e-05 0.000716869 0.00476384 0.0216557 0.0673791 0.143558 0.209529 0.209533 0.14358 0.0674503 0.0218624 0.00528643 0.00187004 0.00229995 0.00377952 0.00565553 0.00756476 0.00917416 0.0103041 0.0109827 0.0113322 0.0113973 0.0110846 0.0102612 0.00890582
 1.02894e-16 5.20588e-05 0.00050603 0.00336275 0.0152866 0.0475625 0.101338 0.147912 0.147944 0.101493 0.0480827 0.0167886 0.00713103 0.0087255 0.0156429 0.0257285 0.0369433 0.0462234 0.050492 0.0483533 0.0409475 0.0312155 0.0221767 0.0155402 0.0114467 0.00910467
 1.05566e-16 5.18595e-05 0.000504093 0.00334988 0.0152281 0.0473803 0.10095 0.147344 0.147366 0.101061 0.0477538 0.0163087 0.00606903 0.00646174 0.01143 0.018979 0.0277179 0.0356506 0.0407456 0.0420156 0.0400156 0.0362951 0.0322958 0.0286148 0.0250817 0.0213308
 1.05276e-16 6.21592e-05 0.00060421 0.00401519 0.0182525 0.0567903 0.120998 0.176604 0.176619 0.121071 0.0570362 0.0189635 0.00580328 0.00451838 0.00752778 0.0124311 0.0181022 0.0231925 0.0263713 0.0270357 0.0256434 0.0233304 0.0211332 0.0194433 0.018026 0.0164258
 1.0384e-16 6.26298e-05 0.000608784 0.00404559 0.0183907 0.0572203 0.121914 0.177941 0.177959 0.122 0.0575069 0.0192187 0.00612522 0.00515235 0.00870278 0.014318 0.0206907 0.0261727 0.0291305 0.0288206 0.0258246 0.021629 0.0176995 0.0147752 0.0127954 0.0112953
 1.08272e-16 2.90209e-05 0.000282094 0.00187462 0.00852176 0.0265146 0.0564939 0.0824645 0.0825121 0.0567264 0.0272955 0.0107783 0.00754261 0.0126679 0.023589 0.0390484 0.0564754 0.0714978 0.0796604 0.0788946 0.0707047 0.0590428 0.0478292 0.0390799 0.0327388 0.0277354
 1.07766e-16 6.26511e-05 0.000608991 0.00404696 0.0183969 0.0572397 0.121955 0.177999 0.178008 0.121996 0.0573768 0.0187953 0.00505553 0.00283893 0.0043808 0.0073611 0.011109 0.0150446 0.0186005 0.0214949 0.0238112 0.0257481 0.0272702 0.0279986 0.0274429 0.0253579
 1.07108e-16 5.4091e-05 0.000525783 0.00349402 0.0158833 0.049419 0.105293 0.153684 0.153709 0.105416 0.0498321 0.0170766 0.0064895 0.00706609 0.0124795 0.0205589 0.0296492 0.0373846 0.0414132 0.0407068 0.036199 0.0301623 0.0248215 0.0212691 0.0193189 0.0180937
 1.10357e-16 3.88056e-05 0.000377204 0.00250666 0.0113949 0.035454 0.0755397 0.110259 0.110293 0.0757041 0.0360065 0.0129926 0.00652395 0.00917017 0.0168064 0.0279016 0.0406085 0.0519468 0.0588833 0.0600014 0.0562739 0.0502413 0.0443044 0.0395127 0.0355745 0.0316841
 1.07658e-16 6.22246e-05 0.000604846 0.00401941 0.0182717 0.05685 0.121125 0.176788 0.1768 0.12118 0.0570348 0.018807 0.00536896 0.00357052 0.00575256 0.00956476 0.0141344 0.0185432 0.0218947 0.0237851 0.0244955 0.0246761 0.0247919 0.0248002 0.024277 0.0228014
 1.05547e-16 5.89618e-05 0.00057313 0.00380865 0.0173136 0.0538691 0.114775 0.167521 0.167542 0.114876 0.054209 0.0182954 0.00627374 0.00595691 0.0102915 0.0169424 0.024456 0.0308818 0.0342854 0.0338073 0.0301846 0.0252441 0.020779 0.0176792 0.0158231 0.0145536
 1.09862e-16 3.11472e-05 0.000302762 0.00201196 0.00914611 0.0284572 0.0606326 0.0885041 0.0885472 0.060843 0.0291637 0.0111884 0.00714384 0.0115242 0.0213972 0.0354676 0.0514245 0.0653727 0.0733415 0.0734843 0.0671179 0.0576925 0.0485697 0.0413851 0.0359586 0.0312922
 1.18114e-16 3.79803e-05 0.000369182 0.00245335 0.0111526 0.0346999 0.0739325 0.107911 0.107931 0.0740304 0.0350298 0.01211 0.00487387 0.00571088 0.010353 0.0175027 0.0262621 0.0352472 0.0430383 0.048964 0.0533419 0.0568806 0.0597794 0.0613585 0.0605103 0.05652
 1.06098e-16 7.1477e-05 0.000694782 0.00461707 0.0209885 0.0653032 0.139136 0.203074 0.20308 0.139164 0.0654005 0.0212704 0.0053267 0.00225138 0.00305035 0.00499106 0.00733268 0.00955139 0.0111813 0.0120524 0.0123956 0.0126596 0.0131737 0.0139231 0.0145814 0.0147303
pSPR Fmed_Fpbrs
0.760019   0.189466 0.189466
Fs Fmed_Fpbrs
0.135407   1.005 1.005
SSBpbr Bo_Bmed_Bpbrs
2.67128e+06  1.89666e+06  372552 372552
Ro
256002
SPR SPRFo_SPRFmed_SPRFpbrs
1.8229e+06 1.38544e+06 345377
Fref
1.005
log_Ro
12.2729
likeval ReclasPelacesDesembMPH_pf_preclas_ppelaces_ptallas_desvR_qrecl_qpela
 16.4912 17.1127 0.108732 0.000810812 229.526 123.384 81.9598 0 23.1562 1.77817e-05 8.65135e-06 0.552102 0 0 0
q_reclas_q_pelaces
0.550161 0.658059
M
1
N
 264278 62733.1 260187 13807.5 0.416153
 156359 90651.7 21369.2 88629.4 4703.48
 151416 50746.1 29056.3 6849.41 29915.7
 284363 49343.3 16338.8 9355.29 11837.3
 226913 87369 14891.2 4930.86 6395.68
 371074 78529.5 30053.3 5122.29 3896.11
 157560 120624 25215 9649.78 2895.71
 76390.6 44620 33282.2 6957.26 3461.52
 69152.4 27005 15711.3 11719.1 3668.59
 88901.3 21788.8 8378.7 4874.67 4774.26
 161265 26813.2 6443.05 2477.62 2853.23
 198827 56332.3 9318.13 2239.09 1852.58
 167452 57107.7 15786.4 2611.28 1146.64
 119490 49036 16347.9 4519.09 1075.76
 126071 30730.3 12169.8 4057.24 1388.53
 641380 36725.4 8746.53 3463.79 1549.99
 147548 191340 10730.1 2555.47 1464.87
 951253 47318.1 60529.8 3394.42 1271.82
 570765 302819 14847.9 18993.6 1464.21
 450435 170213 88439.8 4336.39 5974.8
 667818 138395 51368.8 26690.4 3111.83
 888839 214560 43869.3 16283.2 9446.87
 195030 275084 65271.5 13345.5 7827.34
 579872 64833.3 90528.1 21480.4 6967.83
 488095 195593 21680.5 30273 9513.2
 221280 164194 65213.9 7228.64 13265.4
 492563 75709.8 55774.2 22152.2 6961.5
 550802 166231 25332.3 18661.9 9741.36
 159118 188526 56489.6 8608.6 9652.19
 121840 54353.7 63926.1 19154.7 6191.95
 571709 40393.2 17834.1 20974.9 8316.55
pred_Ctot
 11355 2955.08 12256.3 650.409 0.0196031
 11761.6 7459.39 1758.39 7292.98 387.032
 11036.4 4046.82 2317.13 546.215 2385.67
 30065.4 5694.78 1885.69 1079.71 1366.16
 8543.02 3607.54 614.872 203.6 264.083
 27575.4 6384.2 2443.24 416.426 316.742
 23420.4 19511.5 4078.65 1560.9 468.397
 1892.03 1213.1 904.854 189.149 94.1096
 6353.19 2710.87 1577.16 1176.41 368.268
 10289 2750.69 1057.75 615.393 602.718
 5166.05 942.395 226.452 87.0801 100.282
 28116.3 8673.2 1434.66 344.741 285.232
 21997 8173.79 2259.5 373.752 164.117
 23398.3 10412.3 3471.3 959.578 228.426
 16905.6 4489.04 1777.74 592.674 202.835
 77973.9 4868.15 1159.4 459.144 205.459
 12097 17152.6 961.894 229.085 131.318
 81940.7 4455.38 5699.37 319.612 119.753
 69497.4 40202.3 1971.2 2521.59 194.389
 47622 19643.7 10206.5 500.447 689.53
 54061.2 12250.7 4547.13 2362.61 275.457
 90448.4 23839.9 4874.33 1809.23 1049.64
 11979.4 18501 4389.9 897.565 526.436
 30682.2 3758.41 5247.95 1245.23 403.928
 26597.5 11676 1294.23 1807.16 567.895
 9843.16 8006.63 3180.04 352.492 646.862
 25910.3 4363.39 3214.44 1276.7 401.213
 24376.5 8064.82 1229.02 905.398 472.611
 7230.27 9390.31 2813.7 428.787 480.768
 7675.84 3749 4409.25 1321.18 427.084
 19668.9 1524.44 673.059 791.594 313.867
F
 0.0699756 0.0769376 0.0769376 0.0769376 0.0769376
 0.125321 0.13779 0.13779 0.13779 0.13779
 0.121231 0.133292 0.133292 0.133292 0.133292
 0.18011 0.198029 0.198029 0.198029 0.198029
 0.0610913 0.0671693 0.0671693 0.0671693 0.0671693
 0.123726 0.136036 0.136036 0.136036 0.136036
 0.261624 0.287653 0.287653 0.287653 0.287653
 0.0398377 0.0438012 0.0438012 0.0438012 0.0438012
 0.154917 0.170329 0.170329 0.170329 0.170329
 0.198632 0.218394 0.218394 0.218394 0.218394
 0.0517813 0.056933 0.056933 0.056933 0.056933
 0.247496 0.27212 0.27212 0.27212 0.27212
 0.22814 0.250838 0.250838 0.250838 0.250838
 0.357983 0.393599 0.393599 0.393599 0.393599
 0.233374 0.256593 0.256593 0.256593 0.256593
 0.20957 0.230421 0.230421 0.230421 0.230421
 0.137259 0.150915 0.150915 0.150915 0.150915
 0.144645 0.159036 0.159036 0.159036 0.159036
 0.209927 0.230813 0.230813 0.230813 0.230813
 0.180101 0.19802 0.19802 0.19802 0.19802
 0.135425 0.148898 0.148898 0.148898 0.148898
 0.17284 0.190036 0.190036 0.190036 0.190036
 0.101334 0.111415 0.111415 0.111415 0.111415
 0.0867718 0.0954049 0.0954049 0.0954049 0.0954049
 0.0894625 0.0983633 0.0983633 0.0983633 0.0983633
 0.0725217 0.0797369 0.0797369 0.0797369 0.0797369
 0.0862464 0.0948272 0.0948272 0.0948272 0.0948272
 0.0721413 0.0793187 0.0793187 0.0793187 0.0793187
 0.0741311 0.0815065 0.0815065 0.0815065 0.0815065
 0.104049 0.114401 0.114401 0.114401 0.114401
 0.0557012 0.061243 0.061243 0.061243 0.061243
nmprior
 8 9 7.5 0
nm_flota  nm_reclas  nm_pelaces    nm_pelaL
inf 12.173 14.8879 25.5505
cv_recla  cv_pelaces  cv_mph
0.367325 0.48677 0.87875
 ------------------------------------------------
Talla a la edad & desviación 
 8 13.2811 15.8009 17.003 17.5766
 0.8 1.32811 1.58009 1.7003 1.75766
