years
 1991 1992 1993 1994 1995 1996 1997 1998 1999 2000 2001 2002 2003 2004 2005 2006 2007 2008 2009 2010 2011 2012 2013 2014 2015 2016 2017 2018 2019 2020 2021
reclasobs
 0 0 0 0 0 0 0 0 0 252601 567819 844713 477998 351125 339783 2.1784e+06 2.13404e+06 4.81314e+06 1.55562e+06 2.62356e+06 3.21686e+06 3.843e+06 1.13348e+06 3.07943e+06 1.97215e+06 2.03268e+06 2.025e+06 2.42433e+06 2.27542e+06 1.05018e+06 2.36338e+06
reclaspred
 3.47129e+06 1.97876e+06 1.00711e+06 1.06166e+06 1.09507e+06 1.6665e+06 1.12949e+06 1.01425e+06 733167 532752 539489 660214 652951 530131 539448 1.23182e+06 1.22806e+06 2.61828e+06 2.18549e+06 1.67944e+06 2.95653e+06 2.39424e+06 1.94151e+06 2.96914e+06 2.24651e+06 1.9992e+06 2.33155e+06 2.43725e+06 2.02034e+06 1.3144e+06 2.12421e+06
pelacesobs
 0 0 0 0 0 0 0 0 0 0 0 0 0 0 0 552880 188675 0 991730 2.46772e+06 1.41603e+06 1.21717e+06 2.29649e+06 1.80582e+06 0 1.4828e+06 1.56532e+06 1.57751e+06 1.42118e+06 867257 0
pelacespred
 2.2555e+06 1.44216e+06 742821 619146 658443 1.01992e+06 692416 716366 518578 360107 364328 374373 403429 349074 357949 663585 689054 1.60611e+06 1.43762e+06 1.03256e+06 1.70625e+06 1.54265e+06 1.25505e+06 2.02008e+06 1.52744e+06 1.34749e+06 1.74369e+06 1.8053e+06 1.2794e+06 938968 1.35666e+06
mphobs
 0 0 0 0 0 0 0 0 0 0 0 498337 0 5186 125008 0 168611 109162 213762 579715 649985 157893 87575 83554 0 0 0 0 0 0 0
mphpred
 4.28047e+06 2.87663e+06 1.46703e+06 800672 951353 1.08871e+06 1.41525e+06 965110 835394 584855 384165 514694 546092 473100 342696 425290 1.15998e+06 1.14306e+06 2.11566e+06 1.64028e+06 1.8084e+06 2.2038e+06 2.09071e+06 1.75676e+06 2.42254e+06 2.00871e+06 1.6666e+06 1.7482e+06 2.39063e+06 1.65274e+06 947122
desembarqueobs
 494567 514787 250237 358949 120608 361735 552515 73892 212993 205616 52469 317467 293654 387597 252695 516296 358380 742168 942051 627588 828172 859565 418607 520667 417249 300574 407403 355545 319650 289779 219260
desembarquepred
 494574 513172 251107 358969 120612 361750 552575 73895.3 213036 205658 52471.2 317538 293713 387663 252702 516290 358409 742107 941952 627515 828254 859621 418624 520693 417256 300581 407410 355539 319651 289792 219262
Reclutas
 231279 133856 131572 261545 209067 331633 140496 67080.2 59036.3 74911.4 133703 170863 144075 102318 104691 510698 121788 782416 469160 371793 532251 717588 158197 457623 387494 176424 383511 425847 129292 100884 485844
log_desv_Rt
 0.0766784 -0.470178 -0.487388 0.199661 -0.0242885 0.437084 -0.421765 -1.16106 -1.28879 -1.05064 -0.47132 -0.22608 -0.396613 -0.738861 -0.715933 0.868835 -0.564659 1.29544 0.783999 0.551394 0.910171 1.20895 -0.303106 0.759102 0.592755 -0.194057 0.582424 0.687135 -0.504868 -0.75297 0.818943
SSB
 4.28047e+06 2.87663e+06 1.46703e+06 800672 951353 1.08871e+06 1.41525e+06 965110 835394 584855 384165 514694 546092 473100 342696 425290 1.15998e+06 1.14306e+06 2.11566e+06 1.64028e+06 1.8084e+06 2.2038e+06 2.09071e+06 1.75676e+06 2.42254e+06 2.00871e+06 1.6666e+06 1.7482e+06 2.39063e+06 1.65274e+06 947122
BT
 5.65856e+06 3.86169e+06 1.98028e+06 1.7877e+06 1.65329e+06 2.76952e+06 2.11786e+06 1.76587e+06 1.43816e+06 1.05384e+06 924011 1.16766e+06 1.23636e+06 1.24733e+06 1.1262e+06 2.05683e+06 1.90596e+06 4.59528e+06 4.34286e+06 3.01243e+06 4.80004e+06 4.48899e+06 3.32035e+06 5.39962e+06 3.98869e+06 3.45638e+06 4.6426e+06 4.72754e+06 3.243e+06 2.48228e+06 3.50604e+06
Ftot
 0.0991335 0.17841 0.172522 0.243424 0.078981 0.158075 0.336123 0.0519667 0.205416 0.27089 0.0720445 0.342135 0.319575 0.513451 0.34185 0.313233 0.204953 0.210647 0.305138 0.266 0.202336 0.257622 0.151191 0.129485 0.132319 0.106708 0.128394 0.108001 0.109722 0.154178 0.0779574
BD_Bspro_t
 0.984264 0.882365 0.754626 0.67952 0.685945 0.750061 0.741267 0.61544 0.664013 0.628874 0.596683 0.74168 0.633005 0.551234 0.456111 0.509869 0.640705 0.625197 0.700952 0.614808 0.593237 0.637 0.651306 0.648914 0.743636 0.751912 0.75986 0.789973 0.827078 0.770623 0.728959
BD_Bspro
 2.80632 1.88594 0.961801 0.524928 0.623716 0.713768 0.927849 0.632735 0.547692 0.383436 0.251863 0.337439 0.358023 0.310169 0.224675 0.278824 0.760493 0.749401 1.38705 1.07539 1.18561 1.44483 1.37069 1.15175 1.58824 1.31693 1.09264 1.14614 1.56732 1.08355 0.620942
BD_Bo
 1.95681 1.31504 0.67065 0.366025 0.434908 0.4977 0.646976 0.441197 0.381898 0.267365 0.17562 0.235291 0.249644 0.216276 0.156663 0.19442 0.530281 0.522547 0.967169 0.749852 0.826707 1.00746 0.955761 0.803099 1.10746 0.918277 0.761883 0.799186 1.09287 0.755543 0.432974
BD_Brms
 13.2508 8.90503 4.54142 2.4786 2.94505 3.37026 4.38111 2.98764 2.58609 1.8105 1.18924 1.59331 1.69051 1.46455 1.06087 1.31655 3.59089 3.53851 6.54935 5.07775 5.59819 6.8222 6.4721 5.43832 7.49933 6.21827 5.15922 5.41182 7.40056 5.11629 2.93196
Sel_flota
 0.86731 1 1 1 1
 0.86731 1 1 1 1
 0.86731 1 1 1 1
 0.86731 1 1 1 1
 0.86731 1 1 1 1
 0.86731 1 1 1 1
 0.86731 1 1 1 1
 0.86731 1 1 1 1
 0.86731 1 1 1 1
 0.86731 1 1 1 1
 0.86731 1 1 1 1
 0.86731 1 1 1 1
 0.86731 1 1 1 1
 0.86731 1 1 1 1
 0.86731 1 1 1 1
 0.86731 1 1 1 1
 0.86731 1 1 1 1
 0.86731 1 1 1 1
 0.86731 1 1 1 1
 0.86731 1 1 1 1
 0.86731 1 1 1 1
 0.86731 1 1 1 1
 0.86731 1 1 1 1
 0.86731 1 1 1 1
 0.86731 1 1 1 1
 0.86731 1 1 1 1
 0.86731 1 1 1 1
 0.86731 1 1 1 1
 0.86731 1 1 1 1
 0.86731 1 1 1 1
 0.86731 1 1 1 1
Sel_reclas
 1 1 1 1 1
 1 1 1 1 1
 1 1 1 1 1
 1 1 1 1 1
 1 1 1 1 1
 1 1 1 1 1
 1 1 1 1 1
 1 1 1 1 1
 1 1 1 1 1
 1 1 1 1 1
 1 1 1 1 1
 1 1 1 1 1
 1 1 1 1 1
 1 1 1 1 1
 1 1 1 1 1
 1 1 1 1 1
 1 1 1 1 1
 1 1 1 1 1
 1 1 1 1 1
 1 1 1 1 1
 1 1 1 1 1
 1 1 1 1 1
 1 1 1 1 1
 1 1 1 1 1
 1 1 1 1 1
 1 1 1 1 1
 1 1 1 1 1
 1 1 1 1 1
 1 1 1 1 1
 1 1 1 1 1
 1 1 1 1 1
Sel_pelaces
 0.913643 1 1 1 1
 0.913643 1 1 1 1
 0.913643 1 1 1 1
 0.913643 1 1 1 1
 0.913643 1 1 1 1
 0.913643 1 1 1 1
 0.913643 1 1 1 1
 0.913643 1 1 1 1
 0.913643 1 1 1 1
 0.913643 1 1 1 1
 0.913643 1 1 1 1
 0.913643 1 1 1 1
 0.913643 1 1 1 1
 0.913643 1 1 1 1
 0.913643 1 1 1 1
 0.913643 1 1 1 1
 0.913643 1 1 1 1
 0.913643 1 1 1 1
 0.913643 1 1 1 1
 0.913643 1 1 1 1
 0.913643 1 1 1 1
 0.913643 1 1 1 1
 0.913643 1 1 1 1
 0.913643 1 1 1 1
 0.913643 1 1 1 1
 0.913643 1 1 1 1
 0.913643 1 1 1 1
 0.913643 1 1 1 1
 0.913643 1 1 1 1
 0.913643 1 1 1 1
 0.913643 1 1 1 1
pf_obs 
 0.8446 0.082 0.0669 0.0065 0
 0.8095 0.147 0.0364 0.0071 0
 0.9664 0.0169 0.016 0.0007 0
 0.9276 0.0648 0.0075 0.0001 0
 0.7033 0.2144 0.0806 0.0017 0
 0.9318 0.0425 0.0243 0.0014 0
 0.5671 0.3108 0.0964 0.0239 0.0018
 0.0768 0.2599 0.5324 0.112 0.0189
 0.490249 0.384438 0.106611 0.0170017 0.00170017
 0.7925 0.1577 0.0466 0.003 0.0002
 0.840416 0.127587 0.0312969 0.00059994 9.999e-05
 0.8084 0.0986 0.0794 0.0134 0.0002
 0.7335 0.1905 0.0724 0.0035 0.0001
 0.4001 0.4547 0.1325 0.0127 0
 0.49795 0.308269 0.164784 0.0264974 0.00249975
 0.9179 0.0499 0.0305 0.0017 0
 0.2467 0.6533 0.0926 0.0074 0
 0.9418 0.0223 0.034 0.0019 0
 0.707729 0.231977 0.0356964 0.0245975 0
 0.517169 0.277429 0.184464 0.0207286 0.00020938
 0.811772 0.124168 0.05621 0.00726502 0.000585176
 0.764997 0.148141 0.077277 0.00933861 0.000247198
 0.163321 0.427699 0.378323 0.0303852 0.000271297
 0.753843 0.0900009 0.118128 0.0371064 0.000921714
 0.721811 0.176058 0.0630433 0.0369309 0.00215725
 0.143369 0.312575 0.442814 0.0836902 0.0175525
 0.692698 0.0596174 0.167031 0.0765114 0.00414204
 0.394062 0.376323 0.152708 0.0712218 0.00568511
 0.125707 0.32114 0.495352 0.0537591 0.00404204
 0.23352 0.215282 0.420074 0.123614 0.00750983
 0 0 0 0 0
pf_pred 
 0.43471 0.110353 0.431655 0.0232808 7.49035e-07
 0.414679 0.276208 0.0603434 0.236038 0.0127308
 0.552994 0.202532 0.115365 0.0252039 0.103904
 0.76523 0.138786 0.0434891 0.024772 0.027723
 0.649591 0.277885 0.0428725 0.0134343 0.0162163
 0.733841 0.181681 0.0669938 0.0103359 0.00714829
 0.470759 0.403793 0.0856315 0.0315761 0.00824078
 0.43669 0.28902 0.209274 0.0443803 0.0206359
 0.509311 0.232084 0.132684 0.096074 0.0298478
 0.665582 0.183533 0.0713646 0.0407997 0.0387204
 0.789292 0.147715 0.0345715 0.0134427 0.0149789
 0.726315 0.222465 0.0359076 0.00840385 0.00690891
 0.673601 0.24766 0.0640031 0.0103306 0.00440547
 0.616615 0.271979 0.0845308 0.0218455 0.00502969
 0.716465 0.186906 0.0685494 0.0213051 0.0067736
 0.921811 0.0586165 0.0129023 0.00473203 0.0019383
 0.410353 0.550177 0.0295895 0.00651307 0.00336717
 0.89153 0.0487247 0.0557465 0.00299814 0.00100111
 0.609731 0.353576 0.0164823 0.0188576 0.00135285
 0.615586 0.249341 0.122374 0.00570458 0.0069949
 0.737406 0.171604 0.0590185 0.0289656 0.00300594
 0.746524 0.194392 0.0386113 0.0132793 0.00719366
 0.337089 0.514482 0.11383 0.0226097 0.0119884
 0.744625 0.0950956 0.124392 0.0275221 0.00836519
 0.634758 0.282161 0.0309372 0.0404682 0.0116751
 0.447695 0.369708 0.141062 0.0154666 0.0260683
 0.7331 0.129496 0.0919772 0.0350939 0.0103332
 0.691593 0.234959 0.0356356 0.0253109 0.0125009
 0.363699 0.459919 0.134377 0.0203806 0.0216252
 0.448921 0.220044 0.239272 0.0699095 0.0218535
 0.863987 0.0662886 0.0278407 0.0302736 0.0116102
pobs_RECLAS
 0 0 0 0 0
 0 0 0 0 0
 0 0 0 0 0
 0 0 0 0 0
 0 0 0 0 0
 0 0 0 0 0
 0 0 0 0 0
 0 0 0 0 0
 0 0 0 0 0
 0 0 0 0 0
 0.991045 0.00858322 0.000360255 1.14367e-05 0
 0.934742 0.0480273 0.0164251 0.00080598 0
 0.827803 0.169806 0.00239088 0 0
 0.941827 0.0461693 0.0120037 0 0
 0.791401 0.0380133 0.147996 0.0225897 0
 0.846168 0.0940531 0.0597789 0 0
 0.134021 0.677848 0.182769 0.00536245 0
 0.80878 0.0450904 0.141981 0.00414843 0
 0.846168 0.0940531 0.0597789 0 0
 0.905697 0.0802665 0.012482 0.00150086 5.37128e-05
 0.989698 0.0102097 9.19794e-05 0 0
 0.975433 0.0193895 0.00387452 0.00125025 5.28907e-05
 0.303575 0.632131 0.0575291 0.00676475 0
 0.966965 0.00978017 0.0227588 0.000495775 0
 0.843318 0.132988 0.00938335 0.0141283 0.000182051
 0.564624 0.303363 0.111486 0.0197234 0.00080311
 0.826376 0.0876187 0.0782897 0.00655872 0.00115652
 0.89761 0.0855135 0.0140674 0.00269457 0.000114338
 0.34875 0.467042 0.161289 0.0227151 0.000203297
 0.318654 0.224769 0.449479 0.00709798 0
 0.937255 0.0296025 0.0250945 0.00804832 0
ppred_RECLAS
 0.470254 0.103414 0.404514 0.021817 7.01938e-07
 0.450155 0.259468 0.056686 0.221732 0.0119592
 0.588387 0.186496 0.106231 0.0232083 0.0956775
 0.790369 0.123924 0.0388323 0.0221194 0.0247544
 0.681467 0.252607 0.0389725 0.0122122 0.0147412
 0.761064 0.163099 0.0601416 0.00927872 0.00641716
 0.507502 0.375759 0.0796865 0.0293839 0.00766866
 0.472115 0.270844 0.196113 0.0415893 0.0193382
 0.545437 0.214997 0.122915 0.0890007 0.0276503
 0.697261 0.166147 0.0646044 0.0369348 0.0350524
 0.812121 0.131711 0.0308257 0.0119862 0.013356
 0.754585 0.199486 0.0321985 0.00753578 0.00619526
 0.705025 0.223817 0.0578413 0.00933603 0.00398134
 0.651508 0.247226 0.0768376 0.0198573 0.00457193
 0.745395 0.167836 0.0615551 0.0191313 0.00608247
 0.931752 0.0511636 0.0112618 0.00413037 0.00169185
 0.445836 0.517069 0.0278089 0.00612113 0.00316455
 0.904784 0.042771 0.0489348 0.0026318 0.000878785
 0.643998 0.322531 0.0150351 0.0172018 0.00123406
 0.649489 0.227351 0.111581 0.00520147 0.00637799
 0.764495 0.153901 0.0529301 0.0259775 0.00269584
 0.773112 0.174002 0.0345613 0.0118864 0.00643911
 0.370035 0.488913 0.108173 0.0214861 0.0113926
 0.77102 0.0852668 0.111535 0.0246775 0.00750059
 0.667445 0.256909 0.0281685 0.0368465 0.0106303
 0.483417 0.345796 0.131939 0.0144662 0.0243822
 0.7603 0.116299 0.0826037 0.0315175 0.00928011
 0.721362 0.21228 0.0321959 0.0228678 0.0112943
 0.397552 0.435449 0.127228 0.0192963 0.0204747
 0.484814 0.205712 0.223688 0.0653561 0.0204301
 0.879962 0.0585027 0.0245707 0.0267178 0.0102465
pobs_PELACES
 0 0 0 0 0
 0 0 0 0 0
 0 0 0 0 0
 0 0 0 0 0
 0 0 0 0 0
 0 0 0 0 0
 0 0 0 0 0
 0 0 0 0 0
 0 0 0 0 0
 0 0 0 0 0
 0 0 0 0 0
 0 0 0 0 0
 0 0 0 0 0
 0 0 0 0 0
 0 0 0 0 0
 0 0 0 0 0
 0.505614 0.472636 0.0217494 0 0
 0 0 0 0 0
 0.443492 0.261883 0.143347 0.151278 0
 0.227955 0.32914 0.350689 0.0885471 0.00366901
 0.970185 0.0296113 0.000203453 0 0
 0.997202 0.00247181 0.000326279 0 0
 0.445219 0.490057 0.0546422 0.010081 0
 0.90214 0.0892962 0.00764917 0.000914606 0
 0 0 0 0 0
 0.581667 0.319106 0.0959925 0.00289975 0.000334073
 0.762889 0.0836404 0.116647 0.0363945 0.000428098
 0.88444 0.0763242 0.0277011 0.0115352 0
 0.521256 0.241999 0.230069 0.00667565 0
 0.616807 0.101726 0.260614 0.0208532 0
 0 0 0 0 0
ppred_PELACES
 0.448904 0.107582 0.420817 0.0226962 7.30228e-07
 0.429829 0.269059 0.0587815 0.229929 0.0124013
 0.568207 0.19564 0.111439 0.0243461 0.100368
 0.776866 0.131907 0.0413337 0.0235442 0.026349
 0.662324 0.267788 0.0413147 0.0129462 0.0156271
 0.745571 0.173674 0.0640413 0.00988037 0.00683327
 0.488605 0.390177 0.082744 0.0305113 0.0079629
 0.450241 0.282067 0.204239 0.0433126 0.0201395
 0.525211 0.224563 0.128385 0.0929608 0.0288806
 0.680449 0.175374 0.0681921 0.038986 0.036999
 0.798459 0.141288 0.0330673 0.0128578 0.0143272
 0.740368 0.211042 0.0340638 0.00797233 0.00655415
 0.688908 0.236045 0.0610016 0.00984612 0.00419887
 0.635953 0.258261 0.0802672 0.0207436 0.004776
 0.730834 0.177435 0.0650757 0.0202255 0.00643035
 0.926717 0.0549382 0.0120927 0.00443509 0.00181667
 0.425839 0.535728 0.0288124 0.00634202 0.00327874
 0.897564 0.0460138 0.0526449 0.00283134 0.000945413
 0.626167 0.338686 0.0157882 0.0180635 0.00129587
 0.631376 0.239099 0.117347 0.00547026 0.00670757
 0.749516 0.163691 0.0562968 0.0276298 0.00286732
 0.75895 0.184862 0.0367185 0.0126283 0.00684102
 0.350746 0.503883 0.111485 0.022144 0.0117414
 0.755734 0.0909588 0.118981 0.0263248 0.00800129
 0.648427 0.271602 0.0297794 0.0389537 0.0112382
 0.462073 0.360084 0.13739 0.0150639 0.0253896
 0.744527 0.123952 0.0880394 0.0335914 0.00989078
 0.703838 0.225631 0.0342208 0.024306 0.0120046
 0.377262 0.450115 0.131513 0.0199462 0.0211643
 0.463981 0.214031 0.232733 0.067999 0.0212563
 0.870476 0.0631262 0.0265126 0.0288293 0.0110563
pobs_pel_tallas
 0 0 0 0 0 0 0 0 0 0 0 0 0 0 0 0 0 0 0 0 0 0 0 0 0 0
 0 0 0 0 0 0 0 0 0 0 0 0 0 0 0 0 0 0 0 0 0 0 0 0 0 0
 0 0 0 0 0 0 0 0 0 0 0 0 0 0 0 0 0 0 0 0 0 0 0 0 0 0
 0 0 0 0 0 0 0 0 0 0 0 0 0 0 0 0 0 0 0 0 0 0 0 0 0 0
 0 0 0 0 0 0 0 0 0 0 0 0 0 0 0 0 0 0 0 0 0 0 0 0 0 0
 0 0 0 0 0 0 0 0 0 0 0 0 0 0 0 0 0 0 0 0 0 0 0 0 0 0
 0 0 0 0 0 0 0 0 0 0 0 0 0 0 0 0 0 0 0 0 0 0 0 0 0 0
 0 0 0 0 0 0 0 0 0 0 0 0 0 0 0 0 0 0 0 0 0 0 0 0 0 0
 0 0 0 0 0 0 0 0 0 0 0 0 0 0 0 0 0 0 0 0 0 0 0 0 0 0
 0 0 0 0 0 0 0 0 0 0 0 0 0 0 0 0 0 0 0 0 0 0 0 0 0 0
 0 0 0 0 0 0 0 0 0 0 0 0 0 0 0 0 0 0 0 0 0 0 0 0 0 0
 0 0 0 0 0 0 0 0 0 0 0 0 0 0 0 0 0 0 0 0 0 0 0 0 0 0
 0.00862536 0 0 0.000197151 0.00414017 0.0128641 0.00837892 0.0270097 0.101434 0.158115 0.152841 0.127902 0.109271 0.109419 0.0830992 0.0579132 0.0238553 0.00714673 0.00463305 0.00128148 0.00103504 0.000492878 0.000147863 0.000147863 4.92878e-05 0
 0 0 0 0 0 0 0 0 0 0 0 0 0 0 0 0 0 0 0 0 0 0 0 0 0 0
 0 0 0 0 0 0 0 0.0054083 0.00873648 0.0413646 0.0450493 0.0745869 0.0622846 0.0627006 0.0613931 0.0827291 0.12552 0.122667 0.0946155 0.0697135 0.0546179 0.0294188 0.0215738 0.0213955 0.0102223 0.00600262
 0 0 0 0 0.00359764 0.0251062 0.0480494 0.140153 0.205849 0.193036 0.1447 0.116669 0.0760912 0.0342217 0.00950174 0.001854 0.000860785 0 0 0 0.000165536 0 0.000143464 0 0 0
 0 0 0 0 0 0 0 0.000145254 0.000435761 0.0275982 0.070085 0.0708112 0.156366 0.174668 0.174014 0.160142 0.0824315 0.0480064 0.0283245 0.00493863 0.00203355 0 0 0 0 0
 0 0 0 0 0 0 0 0 0 0 0 0 0 0 0 0 0 0 0 0 0 0 0 0 0 0
 0 0 1.00437e-05 0.000401748 0.00122533 0.00171747 0.00176769 0.0269171 0.070346 0.194647 0.189555 0.159765 0.064822 0.0314167 0.0384472 0.0292271 0.0345202 0.0313363 0.0194345 0.0106764 0.0143323 0.0359363 0.0279516 0.0138201 0.00172751 0
 0 0.0021121 0.0136068 0.0755702 0.200478 0.177729 0.0527432 0.0373336 0.0318909 0.0142505 0.0149659 0.0166563 0.0217959 0.0798694 0.0677717 0.0528807 0.04013 0.0224614 0.0357745 0.0225083 0.00881397 0.00855152 0.00135912 0.000746735 0 0
 0 0 0 0 5.4009e-05 0.00500934 0.000945158 0.0243581 0.138947 0.33067 0.221406 0.137944 0.0707744 0.0437923 0.0131692 0.00525238 0.0047753 0.00276346 9.45158e-05 9.00151e-06 2.25038e-05 9.00151e-06 4.50075e-06 0 0 0
 0.000866109 0.00284123 0.00948549 0.0512746 0.133035 0.25785 0.225252 0.132002 0.0553304 0.0519788 0.0540692 0.017754 0.00435017 0.00159236 0.00146478 0.000404838 0.000125132 0.000115318 0.000107957 0.000100596 0 0 0 0 0 0
 0 0 0 0 0.00144013 0.00171154 0.00461396 0.0210425 0.0478622 0.0707936 0.0888783 0.103762 0.0637923 0.0337046 0.0602308 0.124433 0.169614 0.0934646 0.0462172 0.0250306 0.0313229 0.00938855 0.002487 0.000210481 0 0
 0 0.00764035 0.051015 0.0998891 0.058973 0.0496711 0.0374665 0.0718981 0.12319 0.153886 0.159021 0.0857701 0.0377988 0.023471 0.0147837 0.00900784 0.00315554 0.000888139 0.00291439 0.00214683 0.00393193 0.00274676 0.000635225 9.99891e-05 0 0
 0 0 0 0 0 0 0 0 0 0 0 0 0 0 0 0 0 0 0 0 0 0 0 0 0 0
 0 0 0 0 0 0 0 0 0 0 0 0 0 0 0 0 0 0 0 0 0 0 0 0 0 0
 0 0 0 0 0 0 0 0 0 0 0 0 0 0 0 0 0 0 0 0 0 0 0 0 0 0
 0 0 0 0 0 0 0 0 0 0 0 0 0 0 0 0 0 0 0 0 0 0 0 0 0 0
 0 0 0 0 0 0 0 0 0 0 0 0 0 0 0 0 0 0 0 0 0 0 0 0 0 0
 0 0 0 0 0 0 0 0 0 0 0 0 0 0 0 0 0 0 0 0 0 0 0 0 0 0
 0 0 0 0 0 0 0 0 0 0 0 0 0 0 0 0 0 0 0 0 0 0 0 0 0 0
ppred_pel_tallas
 1.14448e-16 3.69757e-05 0.000359417 0.00238845 0.0108576 0.0337819 0.0719764 0.105054 0.105065 0.0720304 0.0339653 0.0113951 0.00376807 0.0034713 0.00623983 0.0110189 0.0176382 0.0258526 0.0352952 0.0455735 0.0561076 0.0657674 0.072755 0.0751133 0.0716772 0.0628116
 1.26923e-16 3.54045e-05 0.000344145 0.00228696 0.0103962 0.0323466 0.0689189 0.100595 0.100621 0.0690462 0.0327745 0.0116338 0.00540016 0.00716374 0.0130601 0.0217398 0.0318315 0.0412146 0.0478598 0.0511069 0.0521565 0.0532153 0.0559026 0.0601386 0.0642402 0.065972
 1.22693e-16 4.68025e-05 0.000454937 0.00302322 0.0137431 0.04276 0.0911055 0.132975 0.132994 0.0911985 0.0430727 0.0146482 0.00530306 0.00545868 0.00963027 0.0160625 0.0236547 0.0308803 0.0362505 0.0391959 0.0404211 0.0413434 0.0430479 0.0455814 0.0480255 0.0491227
 1.08047e-16 6.39895e-05 0.000622 0.00413341 0.0187899 0.0584624 0.124561 0.181803 0.181816 0.124623 0.058672 0.0193959 0.00565693 0.0039562 0.00642142 0.0105827 0.0154043 0.0197357 0.0224655 0.0231282 0.0221872 0.0206927 0.0195828 0.0191747 0.0191514 0.018918
 1.05204e-16 5.45548e-05 0.000530292 0.00352398 0.0160195 0.0498428 0.106196 0.155002 0.155028 0.106322 0.0502664 0.0172433 0.00659644 0.00723934 0.0128019 0.0210933 0.0304194 0.0383416 0.0424174 0.041539 0.0365961 0.0298626 0.0236152 0.0190551 0.0161588 0.0142348
 1.0404e-16 6.14117e-05 0.000596944 0.0039669 0.018033 0.0561073 0.119543 0.17448 0.174497 0.119625 0.0563833 0.0188309 0.00597278 0.00498599 0.00842694 0.0139125 0.0202185 0.0258084 0.0291483 0.0295182 0.0274016 0.02408 0.0207804 0.0180662 0.0158342 0.0137201
 1.06895e-16 4.02458e-05 0.000391204 0.00259969 0.0118178 0.0367699 0.0783435 0.114352 0.11439 0.0785275 0.0373879 0.0136036 0.00708468 0.0101903 0.0186753 0.0308759 0.0446298 0.0564557 0.0628272 0.0621229 0.0555682 0.0463366 0.0375674 0.0308603 0.0261294 0.0224523
 1.13718e-16 3.70858e-05 0.000360488 0.00239557 0.0108899 0.0338827 0.0721918 0.105372 0.105399 0.0723261 0.0343344 0.012198 0.00569207 0.0076004 0.0139153 0.0232826 0.0343249 0.0448233 0.0525036 0.0562821 0.0567756 0.0555799 0.0539561 0.0520552 0.0491816 0.0446403
 1.17973e-16 4.3261e-05 0.000420512 0.00279445 0.0127032 0.0395244 0.0842118 0.122914 0.122936 0.0843186 0.0398834 0.0137426 0.00541286 0.00616831 0.0110544 0.0184605 0.027198 0.035518 0.0416896 0.0450002 0.0461493 0.046607 0.0474533 0.0486463 0.0491985 0.0479511
 1.12184e-16 5.60477e-05 0.000544804 0.00362041 0.0164579 0.0512067 0.109102 0.159241 0.159258 0.109185 0.0514858 0.0172653 0.00565151 0.00499375 0.00855059 0.0141687 0.0206992 0.0266716 0.0306472 0.0320289 0.0314192 0.0301519 0.0293672 0.0293608 0.029606 0.0292611
 1.04705e-16 6.57681e-05 0.000639289 0.0042483 0.0193122 0.0600874 0.128023 0.186856 0.18687 0.12809 0.0603114 0.0199594 0.00587428 0.00419331 0.00682903 0.0112221 0.0162475 0.0206239 0.0230983 0.0231135 0.0211374 0.0183248 0.0157867 0.0140392 0.0129553 0.012092
 1.02946e-16 6.09832e-05 0.000592778 0.00393922 0.0179071 0.0557158 0.118709 0.173264 0.173284 0.118809 0.0560497 0.0188716 0.00636062 0.00588005 0.0101064 0.0166221 0.0239642 0.0301902 0.0333627 0.0325908 0.0285539 0.023026 0.0177974 0.0138358 0.0111728 0.00933363
 1.03519e-16 5.67445e-05 0.000551577 0.00366542 0.0166625 0.0518433 0.110458 0.161222 0.161245 0.11057 0.0522175 0.0177438 0.00638177 0.00648837 0.0113522 0.018731 0.0271011 0.0343385 0.0383066 0.0380059 0.0341362 0.0285605 0.0231279 0.0187915 0.0155396 0.0129024
 1.05271e-16 5.23826e-05 0.000509178 0.00338367 0.0153817 0.0478582 0.101968 0.14883 0.148855 0.10209 0.0482681 0.0165666 0.00636142 0.00702138 0.0124548 0.020598 0.0298796 0.038021 0.0427242 0.0429177 0.0393524 0.0339996 0.0287678 0.024565 0.0212665 0.0183072
 1.0504e-16 6.01978e-05 0.000585144 0.00388849 0.0176765 0.0549983 0.11718 0.171032 0.171049 0.117264 0.0552803 0.0184919 0.00593859 0.00507164 0.00861372 0.0142314 0.0206989 0.0264604 0.0299667 0.0305021 0.0285767 0.0255012 0.0225057 0.0201137 0.0181477 0.0161652
 1.01116e-16 7.63325e-05 0.000741979 0.00493071 0.0224143 0.0697392 0.148587 0.216868 0.216874 0.148613 0.0698263 0.0226658 0.00556242 0.00212234 0.00270183 0.00435634 0.00629301 0.0079669 0.00887929 0.00880358 0.00791321 0.00665409 0.00546495 0.00456552 0.00393702 0.00344318
 1.0216e-16 3.50759e-05 0.00034095 0.00226574 0.0102997 0.0320466 0.0682805 0.0996682 0.0997198 0.0685324 0.0328921 0.012741 0.00838988 0.0136976 0.025365 0.0417818 0.0599592 0.0749251 0.0816354 0.0777651 0.0651187 0.0484637 0.0327612 0.0209229 0.0133717 0.00902067
 1.01976e-16 7.39312e-05 0.000718638 0.0047756 0.0217092 0.0675454 0.143913 0.210046 0.21005 0.143935 0.0676196 0.0219246 0.00531973 0.00191782 0.00238458 0.00391146 0.00582768 0.00774384 0.00930142 0.0103105 0.0108137 0.0109692 0.0108664 0.0104473 0.00959467 0.0082813
 1.02574e-16 5.15766e-05 0.000501343 0.0033316 0.015145 0.0471219 0.100399 0.146543 0.146575 0.100559 0.0476565 0.0166885 0.00720367 0.00894673 0.0160695 0.0264291 0.0379395 0.0474473 0.051783 0.0495046 0.0417795 0.0316337 0.0221835 0.0152089 0.0108826 0.0084165
 1.05132e-16 5.20057e-05 0.000505514 0.00335932 0.015271 0.0475138 0.101234 0.147759 0.147782 0.101347 0.0478946 0.0163724 0.00613032 0.00657497 0.0116384 0.0193127 0.0281734 0.0361703 0.0412169 0.0423008 0.0399989 0.0359234 0.0315917 0.0276618 0.0239938 0.0202217
 1.04923e-16 6.17366e-05 0.000600102 0.00398789 0.0181284 0.0564042 0.120176 0.175403 0.175419 0.120253 0.0566643 0.0188804 0.00587852 0.00473728 0.00794844 0.0131206 0.0190797 0.0243874 0.0276201 0.0281294 0.0264016 0.0236597 0.0210405 0.0190085 0.0173623 0.0156478
 1.03532e-16 6.25137e-05 0.000607656 0.00403809 0.0183566 0.0571142 0.121688 0.177612 0.177629 0.121776 0.0574069 0.0192024 0.00616215 0.00524786 0.0088851 0.0146166 0.0211134 0.0266878 0.0296644 0.0292779 0.0261193 0.0217103 0.017559 0.0144387 0.0123091 0.010715
 1.07554e-16 2.88906e-05 0.000280827 0.00186619 0.00848348 0.0263955 0.0562402 0.0820944 0.0821431 0.0564779 0.0271937 0.0107897 0.00765834 0.0129357 0.0240939 0.0398676 0.0576183 0.0728558 0.0810045 0.0799377 0.0712023 0.058875 0.0470234 0.0377768 0.0311332 0.0260236
 1.07451e-16 6.22488e-05 0.000605081 0.00402098 0.0182788 0.0568721 0.121172 0.176856 0.176865 0.121216 0.0570196 0.0187069 0.00510416 0.00299775 0.00468889 0.00786944 0.011837 0.0159496 0.0195745 0.0223954 0.0245105 0.0261706 0.0274003 0.0278649 0.0270974 0.0248634
 1.06738e-16 5.34101e-05 0.000519166 0.00345004 0.0156834 0.048797 0.103968 0.15175 0.151776 0.104096 0.0492265 0.0169239 0.00656409 0.00731792 0.0129684 0.021365 0.0308023 0.0388159 0.0429511 0.0421278 0.0373074 0.0308507 0.025081 0.0211593 0.0189287 0.0175168
 1.09865e-16 3.80604e-05 0.000369961 0.00245852 0.0111761 0.0347732 0.0740892 0.108143 0.108178 0.0742595 0.0353455 0.0128309 0.00661911 0.00947495 0.0173959 0.0288711 0.0419898 0.0536507 0.0606946 0.0616432 0.0575071 0.0509405 0.0444705 0.0392331 0.0349708 0.0308774
 1.07615e-16 6.13257e-05 0.000596108 0.00396134 0.0180077 0.0560287 0.119376 0.174235 0.174247 0.119435 0.0562273 0.0185827 0.00541077 0.00378019 0.00616756 0.010255 0.015135 0.0198137 0.0233152 0.0251963 0.0257586 0.0257147 0.025593 0.0253863 0.0246769 0.02304
 1.05515e-16 5.79742e-05 0.00056353 0.00374486 0.0170236 0.0529668 0.112852 0.164716 0.164737 0.112959 0.0533239 0.018055 0.0063346 0.00621938 0.010807 0.0177957 0.0256839 0.0324226 0.0359753 0.0354343 0.0315694 0.0262986 0.0215099 0.0181483 0.0161021 0.0146992
 1.09493e-16 3.10746e-05 0.000302057 0.00200727 0.0091248 0.0283909 0.0604914 0.0882981 0.0883416 0.060704 0.029105 0.0111887 0.00719333 0.011641 0.021618 0.0358267 0.0519275 0.0659744 0.0739447 0.0739658 0.0673712 0.0576617 0.0482591 0.0408454 0.0352643 0.0305219
 1.17188e-16 3.82175e-05 0.000371488 0.00246867 0.0112222 0.0349166 0.0743943 0.108585 0.108606 0.074497 0.0352622 0.0122246 0.00500133 0.00595546 0.0108058 0.0182311 0.0272642 0.0364064 0.0441211 0.0496794 0.0534392 0.0562335 0.0584161 0.0594348 0.0582538 0.0541713
 1.05544e-16 7.16999e-05 0.000696949 0.00463147 0.021054 0.0655068 0.139569 0.203707 0.203713 0.139599 0.0656075 0.0213452 0.00536452 0.00230418 0.00314522 0.0051433 0.00754131 0.0097895 0.0113935 0.0121646 0.0123335 0.0123674 0.012626 0.0131296 0.0135866 0.0136082
pSPR Fmed_Fpbrs
0.709276   0.197674 0.197674
Fs Fmed_Fpbrs
0.175294   1.005 1.005
SSBpbr Bo_Bmed_Bpbrs
2.18748e+06  1.44215e+06  323034 323034
Ro
214207
SPR SPRFo_SPRFmed_SPRFpbrs
1.5253e+06 1.08186e+06 301512
Fref
1.005
log_Ro
12.0947
likeval ReclasPelacesDesembMPH_pf_preclas_ppelaces_ptallas_desvR_qrecl_qpela
 16.9528 17.4052 0.111021 0.00321493 229.486 122.455 82.3016 0 21.9408 5.55022e-06 0 0.564441 0 0 0
q_reclas_q_pelaces
0.716169 1
M
1
N
 231279 51196.6 200259 10800.8 0.347503
 133856 78072.9 17056.6 66718.4 3598.49
 131572 42183.6 24028.3 5249.48 21641.3
 261545 41676.1 13059.4 7438.81 8324.97
 209067 77904.4 12019.2 3766.27 4546.2
 331633 71819.4 26482.9 4085.82 2825.75
 140496 106371 22557.8 8318.03 2170.86
 67080.2 38615.6 27960.8 5929.6 2757.14
 59036.3 23589.9 13486.5 9765.33 3033.85
 74911.4 18174 7066.75 4040.12 3834.21
 133703 21788 5099.3 1982.8 2209.39
 170863 46207.4 7458.22 1745.53 1435.02
 144075 46717.9 12073.4 1948.74 831.038
 102318 40171.6 12485.3 3226.6 742.892
 104691 24113.3 8843.74 2748.63 873.88
 510698 28631.9 6302.29 2311.42 946.785
 121788 143181 7700.52 1694.99 876.29
 782416 37507 42912.2 2307.89 770.629
 469160 239772 11177.2 12788 917.413
 371793 132462 65010.7 3030.54 3716.02
 532251 108596 37348.6 18330.2 1902.24
 717588 164289 32632.2 11222.9 6079.69
 158197 211126 46712.2 9278.29 4919.65
 457623 51045.1 66770.8 14773.2 4490.24
 387494 150467 16497.8 21580.3 6225.94
 176424 127095 48493.3 5316.98 8961.54
 383511 59165.5 42023.5 16034.1 4721.13
 425847 126218 19143.1 13596.8 6715.4
 129292 142652 41679.5 6321.41 6707.46
 100884 43246.4 47025.4 13739.7 4294.98
 485844 32468 13636.3 14827.9 5686.63
pred_Ctot
 12129.6 3079.16 12044.4 649.6 0.0209002
 12284.3 8182.29 1787.59 6992.3 377.133
 11700.5 4285.26 2440.95 533.274 2198.45
 32012.3 5805.89 1819.3 1036.3 1159.75
 8798.88 3764.03 580.719 181.971 219.654
 27159.9 6724.13 2479.48 382.537 264.563
 22996.5 19725.2 4183.09 1542.49 402.561
 1875.63 1241.37 898.851 190.617 88.6331
 6179.14 2815.72 1609.77 1165.61 362.125
 10106.6 2786.87 1083.64 619.527 587.953
 5145.66 963.006 225.383 87.6376 97.6527
 28408.7 8701.38 1404.47 328.704 270.231
 22549 8290.47 2142.52 345.819 147.474
 24095.8 10628.2 3303.25 853.665 196.548
 17393.7 4537.53 1664.18 517.225 164.443
 78513.8 4992.57 1098.93 403.043 165.092
 12720.5 17054.9 917.245 201.899 104.379
 83824.6 4581.26 5241.47 281.896 94.1278
 70459.8 40858.9 1904.68 2179.16 156.333
 49338.2 19984.3 9808.06 457.213 560.63
 54932.8 12783.6 4396.57 2157.78 223.927
 92495.5 24085.4 4784 1645.32 891.306
 12421.9 18958.9 4194.7 833.178 441.778
 31011.9 3960.52 5180.66 1146.23 348.391
 26807.2 11916.3 1306.55 1709.06 493.065
 9932.86 8202.59 3129.7 343.152 578.368
 25780.7 4553.95 3234.54 1234.14 363.384
 24255 8240.3 1249.78 887.684 438.423
 7476.85 9454.92 2762.5 418.98 444.567
 8069.55 3955.38 4301.01 1256.65 392.825
 20189.8 1549.05 650.588 707.438 271.309
F
 0.0859795 0.0991335 0.0991335 0.0991335 0.0991335
 0.154737 0.17841 0.17841 0.17841 0.17841
 0.14963 0.172522 0.172522 0.172522 0.172522
 0.211124 0.243424 0.243424 0.243424 0.243424
 0.068501 0.078981 0.078981 0.078981 0.078981
 0.1371 0.158075 0.158075 0.158075 0.158075
 0.291523 0.336123 0.336123 0.336123 0.336123
 0.0450712 0.0519667 0.0519667 0.0519667 0.0519667
 0.17816 0.205416 0.205416 0.205416 0.205416
 0.234945 0.27089 0.27089 0.27089 0.27089
 0.0624849 0.0720445 0.0720445 0.0720445 0.0720445
 0.296737 0.342135 0.342135 0.342135 0.342135
 0.277171 0.319575 0.319575 0.319575 0.319575
 0.445321 0.513451 0.513451 0.513451 0.513451
 0.29649 0.34185 0.34185 0.34185 0.34185
 0.27167 0.313233 0.313233 0.313233 0.313233
 0.177758 0.204953 0.204953 0.204953 0.204953
 0.182696 0.210647 0.210647 0.210647 0.210647
 0.264649 0.305138 0.305138 0.305138 0.305138
 0.230704 0.266 0.266 0.266 0.266
 0.175488 0.202336 0.202336 0.202336 0.202336
 0.223438 0.257622 0.257622 0.257622 0.257622
 0.13113 0.151191 0.151191 0.151191 0.151191
 0.112303 0.129485 0.129485 0.129485 0.129485
 0.114761 0.132319 0.132319 0.132319 0.132319
 0.0925492 0.106708 0.106708 0.106708 0.106708
 0.111358 0.128394 0.128394 0.128394 0.128394
 0.0936705 0.108001 0.108001 0.108001 0.108001
 0.0951626 0.109722 0.109722 0.109722 0.109722
 0.13372 0.154178 0.154178 0.154178 0.154178
 0.0676132 0.0779574 0.0779574 0.0779574 0.0779574
nmprior
 8 9 7.5 0
nm_flota  nm_reclas  nm_pelaces    nm_pelaL
inf 12.1876 14.1787 24.097
cv_recla  cv_pelaces  cv_mph
0.372431 0.490913 1.74981
 ------------------------------------------------
Talla a la edad & desviación 
 8 13.2811 15.8009 17.003 17.5766
 0.8 1.32811 1.58009 1.7003 1.75766
