years
 1991 1992 1993 1994 1995 1996 1997 1998 1999 2000 2001 2002 2003 2004 2005 2006 2007 2008 2009 2010 2011 2012 2013 2014 2015 2016 2017 2018 2019 2020 2021
reclasobs
 0 0 0 0 0 0 0 0 0 252601 567819 844713 477998 351125 339783 2.1784e+06 2.13404e+06 4.81314e+06 1.55562e+06 2.62356e+06 3.21686e+06 3.843e+06 1.13348e+06 3.07943e+06 1.97215e+06 2.03268e+06 2.025e+06 2.42433e+06 2.27542e+06 1.05018e+06 2.36338e+06
reclaspred
 2.93774e+06 1.57769e+06 777694 533970 393320 1.26924e+06 595435 424337 315559 233037 415485 616151 600645 425389 394704 1.58629e+06 1.32574e+06 3.44457e+06 2.82768e+06 2.03305e+06 3.6663e+06 2.98343e+06 2.11547e+06 3.37468e+06 2.41194e+06 2.01446e+06 2.63515e+06 3.0836e+06 2.37849e+06 1.24368e+06 1.32433e+06
pelacesobs
 0 0 0 0 0 0 0 0 0 0 0 0 0 0 0 552880 188675 0 991730 2.46772e+06 1.41603e+06 1.21717e+06 2.29649e+06 1.80582e+06 0 1.4828e+06 1.56532e+06 1.57751e+06 1.42118e+06 867257 0
pelacespred
 935051 538932 255502 135035 112605 400009 143186 150684 92420.1 63785.6 134467 166184 180618 127594 122514 442904 372768 1.15061e+06 947353 624501 1.13631e+06 965926 692587 1.23332e+06 836786 700191 1.05468e+06 1.21091e+06 771034 460463 454254
mphobs
 0 0 0 0 0 0 0 0 0 0 0 498337 0 5186 125008 0 168611 109162 213762 579715 649985 157893 87575 83554 0 0 0 0 0 0 0
mphpred
 444423 281031 132302 68779.9 42818.4 40924.4 112592 45652.8 35583 21346.1 15514.5 47422.4 53958.6 42377.1 23668 29743.3 177232 139617 334736 244685 253809 326039 308338 224976 328697 256462 198544 238604 371863 226520 98230.9
desembarqueobs
 494567 514787 250237 358949 120608 361735 552515 73892 212993 205616 52469 317467 293654 387597 252695 516296 358380 742168 942051 627588 828172 859565 418607 520667 417249 300574 407403 355545 319650 289779 219260
desembarquepred
 494545 514579 249976 358959 120602 361648 552217 73890.5 212961 205580 52468.7 317428 293593 387376 252593 516112 358358 741917 941445 627202 828084 859310 418542 520628 417181 300520 407336 355478 319592 289731 219254
Reclutas
 138085 95623.7 85292.2 70380.6 53725.4 232040 57183.4 19612.5 29985.4 47155.6 78779.4 123232 98481.9 69442.3 59481.8 424766 54340.1 632404 355717 266995 404548 528698 76731.2 304176 233154 98331.9 267265 314689 59486.5 39616.7 152733
log_desv_Rt
 0.139003 -0.228444 -0.342782 -0.534947 -0.80498 0.658044 -0.742601 -1.8127 -1.38815 -0.935413 -0.422213 0.0252064 -0.198992 -0.548369 -0.703195 1.26267 -0.793603 1.66066 1.08527 0.798366 1.21391 1.48155 -0.448556 0.928743 0.662835 -0.200516 0.799377 0.96272 -0.703115 -1.10961 0.239827
SSB
 1.84691e+06 1.16789e+06 549815 285832 177942 170072 467902 189721 147874 88709.1 64474.4 197076 224238 176109 98358.2 123606 736533 580214 1.39108e+06 1.01685e+06 1.05477e+06 1.35493e+06 1.28138e+06 934945 1.36598e+06 1.06579e+06 825098 991576 1.54537e+06 941360 408223
BT
 2.58173e+06 1.74897e+06 829451 608341 359094 1.23755e+06 811369 414521 420369 340950 354219 645180 680977 694505 535346 1.43404e+06 1.14032e+06 3.31685e+06 3.08424e+06 2.00705e+06 3.29345e+06 3.03e+06 1.96261e+06 3.33383e+06 2.3228e+06 1.88506e+06 2.85343e+06 3.15158e+06 2.04525e+06 1.35665e+06 1.24939e+06
Ftot
 0.236198 0.448415 0.450245 0.955536 0.467755 0.519168 1.2056 0.26392 1.03744 1.35563 0.234775 0.827777 0.770249 1.38918 1.0854 0.617622 0.383844 0.387292 0.511431 0.475876 0.365627 0.457096 0.279904 0.261833 0.261154 0.220977 0.262361 0.19906 0.184861 0.320642 0.281981
BD_Bspro_t
 0.963135 0.752105 0.53242 0.408094 0.288386 0.336281 0.479614 0.238547 0.253003 0.201367 0.195503 0.503859 0.401148 0.305635 0.192727 0.235679 0.524537 0.453625 0.601724 0.495023 0.459124 0.518523 0.535182 0.498704 0.622362 0.620739 0.616876 0.684012 0.755809 0.656121 0.543468
BD_Bspro
 2.15848 1.36492 0.642567 0.334051 0.207961 0.198762 0.546836 0.221727 0.17282 0.103674 0.0753511 0.230322 0.262067 0.205818 0.114951 0.144458 0.860784 0.678094 1.62575 1.18839 1.2327 1.58351 1.49754 1.09267 1.59642 1.24559 0.96429 1.15885 1.80607 1.10017 0.477089
BD_Bo
 1.1859 0.749905 0.353036 0.183533 0.114257 0.109203 0.30044 0.12182 0.0949498 0.0569601 0.041399 0.126542 0.143983 0.113079 0.0631558 0.0793671 0.472927 0.372555 0.893211 0.652919 0.677265 0.870002 0.822771 0.600328 0.877096 0.684345 0.529795 0.636691 0.992279 0.604447 0.26212
BD_Brms
 5.88121 3.71899 1.7508 0.910189 0.566631 0.541567 1.48996 0.604139 0.470883 0.282481 0.205309 0.627558 0.714054 0.560792 0.313207 0.393604 2.34538 1.8476 4.42968 3.23801 3.35874 4.31458 4.08035 2.97719 4.34976 3.39386 2.6274 3.15753 4.92099 2.99762 1.29992
Sel_flota
 0.63789 0.97099 0.99843 0.999917 0.999996
 0.63789 0.97099 0.99843 0.999917 0.999996
 0.63789 0.97099 0.99843 0.999917 0.999996
 0.63789 0.97099 0.99843 0.999917 0.999996
 0.63789 0.97099 0.99843 0.999917 0.999996
 0.63789 0.97099 0.99843 0.999917 0.999996
 0.63789 0.97099 0.99843 0.999917 0.999996
 0.63789 0.97099 0.99843 0.999917 0.999996
 0.63789 0.97099 0.99843 0.999917 0.999996
 0.63789 0.97099 0.99843 0.999917 0.999996
 0.63789 0.97099 0.99843 0.999917 0.999996
 0.63789 0.97099 0.99843 0.999917 0.999996
 0.63789 0.97099 0.99843 0.999917 0.999996
 0.63789 0.97099 0.99843 0.999917 0.999996
 0.63789 0.97099 0.99843 0.999917 0.999996
 0.63789 0.97099 0.99843 0.999917 0.999996
 0.63789 0.97099 0.99843 0.999917 0.999996
 0.63789 0.97099 0.99843 0.999917 0.999996
 0.63789 0.97099 0.99843 0.999917 0.999996
 0.63789 0.97099 0.99843 0.999917 0.999996
 0.63789 0.97099 0.99843 0.999917 0.999996
 0.63789 0.97099 0.99843 0.999917 0.999996
 0.63789 0.97099 0.99843 0.999917 0.999996
 0.63789 0.97099 0.99843 0.999917 0.999996
 0.63789 0.97099 0.99843 0.999917 0.999996
 0.63789 0.97099 0.99843 0.999917 0.999996
 0.63789 0.97099 0.99843 0.999917 0.999996
 0.63789 0.97099 0.99843 0.999917 0.999996
 0.63789 0.97099 0.99843 0.999917 0.999996
 0.63789 0.97099 0.99843 0.999917 0.999996
 0.63789 0.97099 0.99843 0.999917 0.999996
Sel_reclas
 1 1 1 1 1
 1 1 1 1 1
 1 1 1 1 1
 1 1 1 1 1
 1 1 1 1 1
 1 1 1 1 1
 1 1 1 1 1
 1 1 1 1 1
 1 1 1 1 1
 1 1 1 1 1
 1 1 1 1 1
 1 1 1 1 1
 1 1 1 1 1
 1 1 1 1 1
 1 1 1 1 1
 1 1 1 1 1
 1 1 1 1 1
 1 1 1 1 1
 1 1 1 1 1
 1 1 1 1 1
 1 1 1 1 1
 1 1 1 1 1
 1 1 1 1 1
 1 1 1 1 1
 1 1 1 1 1
 1 1 1 1 1
 1 1 1 1 1
 1 1 1 1 1
 1 1 1 1 1
 1 1 1 1 1
 1 1 1 1 1
Sel_pelaces
 1 1 1 1 1
 1 1 1 1 1
 1 1 1 1 1
 1 1 1 1 1
 1 1 1 1 1
 1 1 1 1 1
 1 1 1 1 1
 1 1 1 1 1
 1 1 1 1 1
 1 1 1 1 1
 1 1 1 1 1
 1 1 1 1 1
 1 1 1 1 1
 1 1 1 1 1
 1 1 1 1 1
 1 1 1 1 1
 1 1 1 1 1
 1 1 1 1 1
 1 1 1 1 1
 1 1 1 1 1
 1 1 1 1 1
 1 1 1 1 1
 1 1 1 1 1
 1 1 1 1 1
 1 1 1 1 1
 1 1 1 1 1
 1 1 1 1 1
 1 1 1 1 1
 1 1 1 1 1
 1 1 1 1 1
 1 1 1 1 1
pf_obs 
 0.8446 0.082 0.0669 0.0065 0
 0.8095 0.147 0.0364 0.0071 0
 0.9664 0.0169 0.016 0.0007 0
 0.9276 0.0648 0.0075 0.0001 0
 0.7033 0.2144 0.0806 0.0017 0
 0.9318 0.0425 0.0243 0.0014 0
 0.5671 0.3108 0.0964 0.0239 0.0018
 0.0768 0.2599 0.5324 0.112 0.0189
 0.490249 0.384438 0.106611 0.0170017 0.00170017
 0.7925 0.1577 0.0466 0.003 0.0002
 0.840416 0.127587 0.0312969 0.00059994 9.999e-05
 0.8084 0.0986 0.0794 0.0134 0.0002
 0.7335 0.1905 0.0724 0.0035 0.0001
 0.4001 0.4547 0.1325 0.0127 0
 0.49795 0.308269 0.164784 0.0264974 0.00249975
 0.9179 0.0499 0.0305 0.0017 0
 0.2467 0.6533 0.0926 0.0074 0
 0.9418 0.0223 0.034 0.0019 0
 0.707729 0.231977 0.0356964 0.0245975 0
 0.517169 0.277429 0.184464 0.0207286 0.00020938
 0.811772 0.124168 0.05621 0.00726502 0.000585176
 0.764997 0.148141 0.077277 0.00933861 0.000247198
 0.163321 0.427699 0.378323 0.0303852 0.000271297
 0.753843 0.0900009 0.118128 0.0371064 0.000921714
 0.721811 0.176058 0.0630433 0.0369309 0.00215725
 0.143369 0.312575 0.442814 0.0836902 0.0175525
 0.692698 0.0596174 0.167031 0.0765114 0.00414204
 0.394062 0.376323 0.152708 0.0712218 0.00568511
 0.125707 0.32114 0.495352 0.0537591 0.00404204
 0.23352 0.215282 0.420074 0.123614 0.00750983
 0 0 0 0 0
pf_pred 
 0.424682 0.186839 0.354694 0.0337834 9.14414e-07
 0.451511 0.296272 0.0836149 0.153962 0.0146407
 0.564585 0.251155 0.10115 0.0275867 0.0555237
 0.600639 0.272756 0.0741176 0.0288383 0.0236497
 0.662131 0.248525 0.0618785 0.0160948 0.0113705
 0.894617 0.0805157 0.0184603 0.00444 0.00196699
 0.396842 0.563605 0.0304761 0.00674156 0.00233522
 0.434093 0.317088 0.233238 0.0120128 0.00356831
 0.667909 0.182854 0.0847719 0.0604354 0.00403046
 0.834175 0.131594 0.0192436 0.00852243 0.006465
 0.869394 0.118922 0.00937162 0.00130131 0.0010106
 0.766168 0.213388 0.0186666 0.00142656 0.000351331
 0.694388 0.260932 0.0409191 0.00343429 0.000326363
 0.658177 0.273796 0.058422 0.00879758 0.000806771
 0.770872 0.182902 0.0374137 0.007572 0.00124125
 0.959724 0.0348287 0.00438922 0.000857123 0.000201399
 0.257977 0.724118 0.0155609 0.00188933 0.000454717
 0.909205 0.0325511 0.0568829 0.00118265 0.000177832
 0.56422 0.410822 0.00913929 0.0154499 0.000368858
 0.573896 0.290532 0.128071 0.00275012 0.00475101
 0.72642 0.188872 0.0583919 0.024863 0.00145343
 0.717221 0.229376 0.0372457 0.0111438 0.00501354
 0.224997 0.624806 0.122625 0.0192406 0.00833108
 0.733719 0.0837143 0.148075 0.0281693 0.00632302
 0.577179 0.344557 0.0251338 0.0431058 0.0100243
 0.384703 0.419744 0.160289 0.0113374 0.0239261
 0.741172 0.128053 0.0900716 0.0333738 0.00732992
 0.676704 0.265018 0.0292893 0.0199764 0.00901237
 0.231042 0.587916 0.149216 0.0160077 0.0158177
 0.307447 0.220201 0.363663 0.0896083 0.0190809
 0.785738 0.0895862 0.0405192 0.0648178 0.0193389
pobs_RECLAS
 0 0 0 0 0
 0 0 0 0 0
 0 0 0 0 0
 0 0 0 0 0
 0 0 0 0 0
 0 0 0 0 0
 0 0 0 0 0
 0 0 0 0 0
 0 0 0 0 0
 0 0 0 0 0
 0.991045 0.00858322 0.000360255 1.14367e-05 0
 0.934742 0.0480273 0.0164251 0.00080598 0
 0.827803 0.169806 0.00239088 0 0
 0.941827 0.0461693 0.0120037 0 0
 0.791401 0.0380133 0.147996 0.0225897 0
 0.846168 0.0940531 0.0597789 0 0
 0.134021 0.677848 0.182769 0.00536245 0
 0.80878 0.0450904 0.141981 0.00414843 0
 0.846168 0.0940531 0.0597789 0 0
 0.905697 0.0802665 0.012482 0.00150086 5.37128e-05
 0.989698 0.0102097 9.19794e-05 0 0
 0.975433 0.0193895 0.00387452 0.00125025 5.28907e-05
 0.303575 0.632131 0.0575291 0.00676475 0
 0.966965 0.00978017 0.0227588 0.000495775 0
 0.843318 0.132988 0.00938335 0.0141283 0.000182051
 0.564624 0.303363 0.111486 0.0197234 0.00080311
 0.826376 0.0876187 0.0782897 0.00655872 0.00115652
 0.89761 0.0855135 0.0140674 0.00269457 0.000114338
 0.34875 0.467042 0.161289 0.0227151 0.000203297
 0.318654 0.224769 0.449479 0.00709798 0
 0.937255 0.0296025 0.0250945 0.00804832 0
ppred_RECLAS
 0.5358 0.153684 0.283549 0.026966 7.29828e-07
 0.563618 0.239002 0.0655043 0.120426 0.0114507
 0.670193 0.19265 0.0753474 0.0205173 0.0412918
 0.707467 0.201846 0.0531286 0.0206365 0.0169221
 0.753636 0.182639 0.0441575 0.0114675 0.00810074
 0.929937 0.0539064 0.011999 0.00288139 0.0012764
 0.516414 0.452863 0.023682 0.00522926 0.0018112
 0.543929 0.258765 0.184969 0.0095122 0.0028253
 0.765613 0.130974 0.0587862 0.0418371 0.00278988
 0.892476 0.0859446 0.0121416 0.0053672 0.00407109
 0.910998 0.081247 0.00622265 0.000862738 0.000669953
 0.838383 0.147884 0.01254 0.000956752 0.000235606
 0.782199 0.186791 0.0284035 0.00237994 0.000226148
 0.761022 0.192739 0.0397209 0.00597029 0.000547444
 0.844661 0.124817 0.0247114 0.00499249 0.000818326
 0.973912 0.0226513 0.0027701 0.000540073 0.00012689
 0.349303 0.635437 0.0132644 0.00160799 0.000386974
 0.940274 0.021814 0.0370282 0.00076866 0.000115572
 0.668095 0.313436 0.00676969 0.011426 0.000272768
 0.678069 0.221553 0.094833 0.00203319 0.00351217
 0.805102 0.135772 0.0407769 0.0173357 0.00101332
 0.797907 0.164842 0.025993 0.00776487 0.00349308
 0.309642 0.559661 0.106736 0.0167219 0.0072399
 0.811843 0.0603313 0.103705 0.0196985 0.00442127
 0.678162 0.263691 0.0186927 0.03201 0.00744335
 0.491658 0.349934 0.12988 0.00917254 0.0193559
 0.81689 0.0919234 0.062835 0.0232464 0.00510522
 0.763195 0.195129 0.0209614 0.0142748 0.00643956
 0.316511 0.526066 0.129785 0.0139021 0.013736
 0.410664 0.191129 0.306688 0.0754532 0.0160655
 0.851463 0.0631818 0.027769 0.0443535 0.0132322
pobs_PELACES
 0 0 0 0 0
 0 0 0 0 0
 0 0 0 0 0
 0 0 0 0 0
 0 0 0 0 0
 0 0 0 0 0
 0 0 0 0 0
 0 0 0 0 0
 0 0 0 0 0
 0 0 0 0 0
 0 0 0 0 0
 0 0 0 0 0
 0 0 0 0 0
 0 0 0 0 0
 0 0 0 0 0
 0 0 0 0 0
 0.505614 0.472636 0.0217494 0 0
 0 0 0 0 0
 0.443492 0.261883 0.143347 0.151278 0
 0.227955 0.32914 0.350689 0.0885471 0.00366901
 0.970185 0.0296113 0.000203453 0 0
 0.997202 0.00247181 0.000326279 0 0
 0.445219 0.490057 0.0546422 0.010081 0
 0.90214 0.0892962 0.00764917 0.000914606 0
 0 0 0 0 0
 0.581667 0.319106 0.0959925 0.00289975 0.000334073
 0.762889 0.0836404 0.116647 0.0363945 0.000428098
 0.88444 0.0763242 0.0277011 0.0115352 0
 0.521256 0.241999 0.230069 0.00667565 0
 0.616807 0.101726 0.260614 0.0208532 0
 0 0 0 0 0
ppred_PELACES
 0.542608 0.151648 0.279195 0.0265487 7.18533e-07
 0.576165 0.232572 0.0634837 0.116685 0.0110949
 0.681416 0.186418 0.0726133 0.0197684 0.0397841
 0.729262 0.187319 0.0488801 0.0189774 0.0155612
 0.763258 0.1757 0.0423004 0.0109827 0.00775819
 0.933633 0.0511186 0.0113251 0.00271886 0.00120439
 0.549562 0.422116 0.0218344 0.00481844 0.00166886
 0.551372 0.254805 0.181704 0.00934309 0.00277505
 0.786167 0.119995 0.0533549 0.0379525 0.00253077
 0.906175 0.0751827 0.0104917 0.00463476 0.0035154
 0.913083 0.0793583 0.00606509 0.000840796 0.000652911
 0.850417 0.13696 0.011527 0.000879103 0.00021648
 0.79644 0.174752 0.0263881 0.00221023 0.000210017
 0.788087 0.171328 0.034867 0.00523716 0.000480202
 0.859914 0.112779 0.0221098 0.00446452 0.000731764
 0.9756 0.0212012 0.0025783 0.000502527 0.000118067
 0.358972 0.626046 0.013023 0.00157843 0.000379857
 0.94274 0.0209596 0.0354535 0.000735831 0.000110635
 0.680499 0.301803 0.00648831 0.0109483 0.000261361
 0.689668 0.213858 0.0911457 0.00195368 0.00337478
 0.811487 0.131458 0.0393507 0.0167264 0.000977697
 0.806009 0.158356 0.0248671 0.00742686 0.00334098
 0.316362 0.554481 0.10548 0.0165229 0.0071537
 0.816444 0.0589519 0.101094 0.0192001 0.00430937
 0.684491 0.258621 0.0182899 0.0313163 0.00728199
 0.497887 0.345863 0.128112 0.00904674 0.0190903
 0.821341 0.0897969 0.0612358 0.0226518 0.00497461
 0.767185 0.191904 0.0205778 0.0140122 0.00632107
 0.321008 0.522808 0.128766 0.0137916 0.0136268
 0.419704 0.188572 0.301707 0.074216 0.0158019
 0.855529 0.0615459 0.0269811 0.043089 0.0128548
pobs_pel_tallas
 0 0 0 0 0 0 0 0 0 0 0 0 0 0 0 0 0 0 0 0 0 0 0 0 0 0
 0 0 0 0 0 0 0 0 0 0 0 0 0 0 0 0 0 0 0 0 0 0 0 0 0 0
 0 0 0 0 0 0 0 0 0 0 0 0 0 0 0 0 0 0 0 0 0 0 0 0 0 0
 0 0 0 0 0 0 0 0 0 0 0 0 0 0 0 0 0 0 0 0 0 0 0 0 0 0
 0 0 0 0 0 0 0 0 0 0 0 0 0 0 0 0 0 0 0 0 0 0 0 0 0 0
 0 0 0 0 0 0 0 0 0 0 0 0 0 0 0 0 0 0 0 0 0 0 0 0 0 0
 0 0 0 0 0 0 0 0 0 0 0 0 0 0 0 0 0 0 0 0 0 0 0 0 0 0
 0 0 0 0 0 0 0 0 0 0 0 0 0 0 0 0 0 0 0 0 0 0 0 0 0 0
 0 0 0 0 0 0 0 0 0 0 0 0 0 0 0 0 0 0 0 0 0 0 0 0 0 0
 0 0 0 0 0 0 0 0 0 0 0 0 0 0 0 0 0 0 0 0 0 0 0 0 0 0
 0 0 0 0 0 0 0 0 0 0 0 0 0 0 0 0 0 0 0 0 0 0 0 0 0 0
 0 0 0 0 0 0 0 0 0 0 0 0 0 0 0 0 0 0 0 0 0 0 0 0 0 0
 0.00862536 0 0 0.000197151 0.00414017 0.0128641 0.00837892 0.0270097 0.101434 0.158115 0.152841 0.127902 0.109271 0.109419 0.0830992 0.0579132 0.0238553 0.00714673 0.00463305 0.00128148 0.00103504 0.000492878 0.000147863 0.000147863 4.92878e-05 0
 0 0 0 0 0 0 0 0 0 0 0 0 0 0 0 0 0 0 0 0 0 0 0 0 0 0
 0 0 0 0 0 0 0 0.0054083 0.00873648 0.0413646 0.0450493 0.0745869 0.0622846 0.0627006 0.0613931 0.0827291 0.12552 0.122667 0.0946155 0.0697135 0.0546179 0.0294188 0.0215738 0.0213955 0.0102223 0.00600262
 0 0 0 0 0.00359764 0.0251062 0.0480494 0.140153 0.205849 0.193036 0.1447 0.116669 0.0760912 0.0342217 0.00950174 0.001854 0.000860785 0 0 0 0.000165536 0 0.000143464 0 0 0
 0 0 0 0 0 0 0 0.000145254 0.000435761 0.0275982 0.070085 0.0708112 0.156366 0.174668 0.174014 0.160142 0.0824315 0.0480064 0.0283245 0.00493863 0.00203355 0 0 0 0 0
 0 0 0 0 0 0 0 0 0 0 0 0 0 0 0 0 0 0 0 0 0 0 0 0 0 0
 0 0 1.00437e-05 0.000401748 0.00122533 0.00171747 0.00176769 0.0269171 0.070346 0.194647 0.189555 0.159765 0.064822 0.0314167 0.0384472 0.0292271 0.0345202 0.0313363 0.0194345 0.0106764 0.0143323 0.0359363 0.0279516 0.0138201 0.00172751 0
 0 0.0021121 0.0136068 0.0755702 0.200478 0.177729 0.0527432 0.0373336 0.0318909 0.0142505 0.0149659 0.0166563 0.0217959 0.0798694 0.0677717 0.0528807 0.04013 0.0224614 0.0357745 0.0225083 0.00881397 0.00855152 0.00135912 0.000746735 0 0
 0 0 0 0 5.4009e-05 0.00500934 0.000945158 0.0243581 0.138947 0.33067 0.221406 0.137944 0.0707744 0.0437923 0.0131692 0.00525238 0.0047753 0.00276346 9.45158e-05 9.00151e-06 2.25038e-05 9.00151e-06 4.50075e-06 0 0 0
 0.000866109 0.00284123 0.00948549 0.0512746 0.133035 0.25785 0.225252 0.132002 0.0553304 0.0519788 0.0540692 0.017754 0.00435017 0.00159236 0.00146478 0.000404838 0.000125132 0.000115318 0.000107957 0.000100596 0 0 0 0 0 0
 0 0 0 0 0.00144013 0.00171154 0.00461396 0.0210425 0.0478622 0.0707936 0.0888783 0.103762 0.0637923 0.0337046 0.0602308 0.124433 0.169614 0.0934646 0.0462172 0.0250306 0.0313229 0.00938855 0.002487 0.000210481 0 0
 0 0.00764035 0.051015 0.0998891 0.058973 0.0496711 0.0374665 0.0718981 0.12319 0.153886 0.159021 0.0857701 0.0377988 0.023471 0.0147837 0.00900784 0.00315554 0.000888139 0.00291439 0.00214683 0.00393193 0.00274676 0.000635225 9.99891e-05 0 0
 0 0 0 0 0 0 0 0 0 0 0 0 0 0 0 0 0 0 0 0 0 0 0 0 0 0
 0 0 0 0 0 0 0 0 0 0 0 0 0 0 0 0 0 0 0 0 0 0 0 0 0 0
 0 0 0 0 0 0 0 0 0 0 0 0 0 0 0 0 0 0 0 0 0 0 0 0 0 0
 0 0 0 0 0 0 0 0 0 0 0 0 0 0 0 0 0 0 0 0 0 0 0 0 0 0
 0 0 0 0 0 0 0 0 0 0 0 0 0 0 0 0 0 0 0 0 0 0 0 0 0 0
 0 0 0 0 0 0 0 0 0 0 0 0 0 0 0 0 0 0 0 0 0 0 0 0 0 0
 0 0 0 0 0 0 0 0 0 0 0 0 0 0 0 0 0 0 0 0 0 0 0 0 0 0
ppred_pel_tallas
 1.10759e-16 4.46939e-05 0.000434441 0.00288701 0.013124 0.0408336 0.0870008 0.126983 0.126998 0.0870744 0.0410818 0.0138462 0.00471937 0.00449885 0.00795209 0.0135661 0.0206786 0.0283754 0.0356691 0.0419716 0.0471948 0.0513247 0.0539136 0.0540678 0.0510127 0.0447466
 1.15471e-16 4.7458e-05 0.000461309 0.00306556 0.0139356 0.0433589 0.0923816 0.134838 0.134861 0.0924916 0.0437286 0.0150045 0.00575347 0.00634576 0.0112743 0.018704 0.0272868 0.035091 0.0402281 0.0419555 0.0411475 0.0396429 0.0389676 0.0394296 0.0401569 0.0398421
 1.10859e-16 5.61274e-05 0.000545578 0.00362556 0.0164813 0.0512795 0.109257 0.159468 0.159486 0.109345 0.051576 0.0173389 0.00578262 0.00526874 0.0090689 0.0150177 0.0219009 0.0281304 0.0321378 0.0332434 0.0320531 0.0299832 0.0283004 0.0274364 0.0269913 0.0262266
 1.05996e-16 6.00684e-05 0.000583886 0.00388013 0.0176385 0.0548801 0.116929 0.170664 0.170682 0.117017 0.0551772 0.0184972 0.00603762 0.00530089 0.00903996 0.0149071 0.0216059 0.0274671 0.0308364 0.0309719 0.0284767 0.0248501 0.0215273 0.0191627 0.0175825 0.0162244
 1.03681e-16 6.28686e-05 0.000611105 0.00406101 0.0184608 0.0574384 0.122379 0.17862 0.178637 0.122462 0.0577169 0.0192655 0.00608241 0.00502882 0.00846761 0.013938 0.0201641 0.0255523 0.0285211 0.0283445 0.0255681 0.0216032 0.0178371 0.0149629 0.0129226 0.0112932
 1.00817e-16 7.69021e-05 0.000747516 0.00496751 0.0225816 0.0702597 0.149696 0.218486 0.218491 0.14972 0.0703407 0.0228156 0.00555517 0.00203149 0.0025187 0.00405081 0.00584811 0.0073966 0.00822855 0.00812902 0.0072557 0.00602214 0.0048397 0.00392167 0.00326413 0.0027551
 1.01504e-16 4.52668e-05 0.000440009 0.00292402 0.0132922 0.0413571 0.0881173 0.128618 0.128659 0.0883157 0.0420234 0.0152156 0.00774904 0.010963 0.0200006 0.0329155 0.0472284 0.0590051 0.0642669 0.0611792 0.0511634 0.0379785 0.0255398 0.0161504 0.0101531 0.00669923
 1.06716e-16 4.54159e-05 0.000441458 0.00293365 0.0133359 0.0414932 0.0884066 0.129037 0.129062 0.0885278 0.0419008 0.0145162 0.00590694 0.0069677 0.0125437 0.0209347 0.0307773 0.0399966 0.0464523 0.049067 0.0483172 0.0456282 0.0422345 0.0385004 0.0341291 0.0288439
 1.05805e-16 6.47555e-05 0.000629447 0.0041829 0.0190148 0.0591623 0.126052 0.183979 0.183991 0.126109 0.0593535 0.019568 0.00557482 0.00367969 0.00589251 0.00973163 0.0142337 0.0183744 0.0211603 0.0221554 0.0217179 0.0206856 0.0197666 0.019132 0.0184661 0.0173231
 1.01382e-16 7.46405e-05 0.000725532 0.00482142 0.0219175 0.0681934 0.145294 0.212062 0.212069 0.145329 0.0683123 0.0222609 0.00568367 0.00260813 0.00365094 0.00592023 0.00852798 0.0107405 0.0118673 0.0115973 0.0101821 0.00826438 0.00648804 0.00519398 0.00437659 0.00384011
 1.00391e-16 7.52094e-05 0.000731063 0.00485817 0.0220845 0.0687132 0.146401 0.213678 0.213686 0.146438 0.0688385 0.0224464 0.00576599 0.00271143 0.00383214 0.00620533 0.00890593 0.0111448 0.0121732 0.0116468 0.009829 0.00741722 0.00513476 0.00340245 0.00227787 0.00160245
 1.00493e-16 7.00478e-05 0.000680889 0.00452475 0.0205689 0.0639974 0.136354 0.199015 0.199028 0.136418 0.0642137 0.0211934 0.00609178 0.00409947 0.00655584 0.0107095 0.0153784 0.0192487 0.0210306 0.020127 0.0169866 0.0128061 0.00882829 0.00577925 0.00376576 0.00252828
 1.01064e-16 6.56017e-05 0.000637672 0.00423756 0.0192633 0.0599355 0.127699 0.186385 0.186401 0.127782 0.0602118 0.0200616 0.00624124 0.00501177 0.00837281 0.0137378 0.0197815 0.0248689 0.027375 0.0265408 0.0229132 0.0179602 0.0131877 0.00944798 0.00683875 0.00504213
 1.01657e-16 6.49137e-05 0.000630985 0.00419312 0.0190613 0.0593069 0.12636 0.18443 0.184446 0.126441 0.0595781 0.019845 0.00616105 0.00492949 0.00823579 0.0135313 0.0195288 0.0246453 0.027307 0.0267777 0.0235779 0.0191025 0.0147605 0.0113172 0.0088199 0.00694769
 1.01239e-16 7.083e-05 0.000688493 0.00457528 0.0207986 0.0647121 0.137876 0.201237 0.201248 0.13793 0.0648907 0.0213144 0.00587052 0.00351755 0.00544821 0.00890654 0.0128503 0.0162153 0.0179652 0.0176184 0.0155221 0.0125996 0.00978141 0.0075693 0.00598621 0.0048083
 1.00151e-16 8.03589e-05 0.000781117 0.0051908 0.0235966 0.0734178 0.156424 0.228307 0.228309 0.156434 0.0734513 0.0236934 0.00543369 0.00131124 0.00108679 0.0016685 0.00239335 0.00300438 0.00329974 0.0031878 0.00273696 0.00212866 0.0015491 0.00110375 0.000803736 0.000606845
 1.00759e-16 2.95682e-05 0.000287413 0.00190997 0.00868247 0.0270147 0.0575599 0.084023 0.0840832 0.0578541 0.0280021 0.0115328 0.00905849 0.0158725 0.0295689 0.0486801 0.069755 0.086944 0.0943062 0.0891031 0.0734735 0.053086 0.0338894 0.0194497 0.0103817 0.00545231
 1.01122e-16 7.76523e-05 0.000754808 0.00501596 0.0228018 0.070945 0.151156 0.220617 0.220619 0.151166 0.0709792 0.0229012 0.00526783 0.00131255 0.00115997 0.00185466 0.00280293 0.00381193 0.00473096 0.00547235 0.00602673 0.00640796 0.00658233 0.00646048 0.005965 0.00511078
 1.01407e-16 5.60519e-05 0.000544844 0.00362068 0.0164591 0.0512106 0.109111 0.159256 0.159285 0.109252 0.0516867 0.0178335 0.00706785 0.00806117 0.014305 0.0234928 0.0336798 0.0420265 0.0456858 0.0433592 0.0360941 0.0266231 0.0177865 0.0112457 0.00721926 0.00503727
 1.03453e-16 5.68071e-05 0.000552185 0.00366947 0.0166809 0.0519005 0.11058 0.161399 0.16142 0.110681 0.0522406 0.0176644 0.0061426 0.00596552 0.0103798 0.0171792 0.0249937 0.0319498 0.0361505 0.0366769 0.0340663 0.029825 0.025409 0.0215122 0.0180844 0.0148191
 1.03013e-16 6.68412e-05 0.00064972 0.00431762 0.0196273 0.0610678 0.130112 0.189905 0.189917 0.130174 0.0612764 0.0202304 0.00583329 0.00396448 0.00638003 0.0104888 0.0152145 0.019369 0.0217869 0.0219324 0.0201978 0.0175918 0.0150799 0.0131039 0.011567 0.0101462
 1.02069e-16 6.63899e-05 0.000645334 0.00428847 0.0194948 0.0606556 0.129234 0.188624 0.188639 0.129308 0.0609061 0.0202184 0.00610518 0.00461208 0.00760256 0.0124705 0.0179744 0.0226394 0.0250094 0.0244152 0.0213669 0.0171961 0.0132471 0.0102471 0.00822078 0.006814
 1.06054e-16 2.60584e-05 0.000253297 0.00168325 0.00765185 0.023808 0.0507275 0.0740495 0.074103 0.0509889 0.0246857 0.0101874 0.00804985 0.0141582 0.0264529 0.0437399 0.06312 0.0796092 0.0881232 0.0862909 0.0758277 0.0612951 0.0473028 0.0363557 0.028593 0.022917
 1.05588e-16 6.72495e-05 0.000653689 0.00434399 0.0197472 0.0614408 0.130906 0.191063 0.191069 0.130935 0.0615371 0.0200274 0.00505472 0.00222936 0.00313066 0.00525471 0.00799695 0.010965 0.0137849 0.0162558 0.0183863 0.0202169 0.0215998 0.0221688 0.0215476 0.0196188
 1.04967e-16 5.63807e-05 0.00054804 0.00364192 0.0165557 0.051511 0.10975 0.160189 0.160214 0.109872 0.0519195 0.0177355 0.00660283 0.00700935 0.0123212 0.0202654 0.029158 0.0366188 0.0402787 0.0390884 0.0339691 0.0272128 0.0211131 0.0168766 0.014446 0.0130458
 1.07924e-16 4.10104e-05 0.000398636 0.00264908 0.0120423 0.0374683 0.0798315 0.116523 0.116557 0.0799951 0.0380179 0.0136311 0.00664319 0.00913768 0.0166962 0.0276892 0.0402375 0.0513387 0.0579337 0.0585786 0.0542313 0.0474503 0.0407022 0.0351473 0.0306232 0.0264355
 1.04904e-16 6.76528e-05 0.000657609 0.00437004 0.0198656 0.0618093 0.131692 0.192209 0.192218 0.131734 0.061953 0.0202818 0.00541889 0.00296087 0.00448216 0.00740875 0.0109158 0.0142557 0.0167095 0.0179473 0.0181853 0.0179485 0.0176408 0.017288 0.0166209 0.0153591
 1.03118e-16 6.31921e-05 0.00061425 0.00408191 0.0185558 0.057734 0.123009 0.179539 0.179558 0.123099 0.0580373 0.0194318 0.00628067 0.00541341 0.00917569 0.0150648 0.0216872 0.0272607 0.0300211 0.0291725 0.0253694 0.0202781 0.0155779 0.0121712 0.0100609 0.00874346
 1.07539e-16 2.64411e-05 0.000257017 0.00170797 0.00776422 0.0241576 0.0514723 0.0751359 0.0751864 0.051719 0.0249862 0.0101583 0.00772154 0.0133982 0.0250233 0.0414292 0.0599158 0.0758402 0.0844595 0.0835522 0.0746811 0.0620119 0.0497021 0.0399308 0.032721 0.027042
 1.18872e-16 3.45705e-05 0.000336037 0.00223309 0.0101513 0.0315846 0.0672949 0.0982228 0.0982414 0.0673861 0.0318922 0.0110457 0.00450009 0.00535805 0.0097874 0.0166898 0.025361 0.0346703 0.0434275 0.051021 0.0575552 0.0632733 0.0678125 0.0700517 0.0687346 0.0633349
 1.07292e-16 7.04688e-05 0.000684982 0.00455195 0.0206925 0.0643821 0.137173 0.200209 0.200215 0.137202 0.0644803 0.020977 0.00526856 0.00225775 0.00308299 0.00505502 0.00744661 0.00974531 0.0115021 0.0125696 0.0131997 0.0138471 0.0148166 0.0160325 0.0170809 0.0174562
pSPR Fmed_Fpbrs
0.494719   0.251642 0.251642
Fs Fmed_Fpbrs
0.447939   1.005 1.005
SSBpbr Bo_Bmed_Bpbrs
1.55739e+06  692601  314036 314036
Ro
120165
SPR SPRFo_SPRFmed_SPRFpbrs
855653 423308 215318
Fref
1.005
log_Ro
11.5166
likeval ReclasPelacesDesembMPH_pf_preclas_ppelaces_ptallas_desvR_qrecl_qpela
 12.1617 31.3937 0.0177707 0.000884944 230.64 119.192 84.363 0 34.1211 5.02621e-06 0 0.0274942 0 0 0
q_reclas_q_pelaces
1.37395 1
M
1
N
 138085 41196.1 76254.2 7253.15 0.196307
 95623.7 43693.5 12049.2 22159 2107.04
 85292.2 26426.9 10399.9 2832.86 5701.32
 70380.6 23544.1 6278.92 2440.63 2001.4
 53725.4 14074.9 3424.86 889.729 628.525
 232040 14665.7 3287.76 789.812 349.878
 57183.4 61297.4 3258.94 720.257 249.479
 19612.5 9749.6 6994.44 359.766 106.858
 29985.4 6097.12 2775.86 1977.06 131.844
 47155.6 5691.28 819.115 362.456 274.942
 78779.4 7306.08 561.373 77.845 60.4506
 123232 24950.4 2139.86 163.364 40.2307
 98481.9 26736.8 4108.79 344.475 32.7338
 69442.3 22165.5 4655.91 700.535 64.2388
 59481.8 10531.3 2116.29 427.903 70.1412
 424766 10949.6 1350.45 263.412 61.8903
 54340.1 105379 2211.34 268.149 64.5329
 632404 15649.1 26705.1 554.525 83.3767
 355717 181722 3952.53 6673.68 159.321
 266995 94433.7 40686 872.605 1507.38
 404548 72506.4 21885.6 9306.9 544.022
 528698 117865 18702.4 5588.86 2514.23
 76731.2 145306 27818.6 4359.14 1887.35
 304176 23612.1 40733.7 7738.75 1736.95
 233154 94688 6736.39 11537.9 2682.95
 98331.9 72610.7 27031.7 1909.38 4029.21
 267265 31418.3 21553.7 7975.54 1751.55
 314689 83169.8 8958.83 6101.88 2752.67
 59486.5 101963 25219 2701.73 2669.48
 39616.7 19449.6 31346.7 7713.93 1642.47
 152733 11878.3 5240.88 8372.64 2497.88
pred_Ctot
 12359.6 5437.62 10322.7 983.204 0.0266124
 15390.7 10099.1 2850.19 5248.1 499.06
 13777.5 6128.9 2468.36 673.195 1354.94
 21323 9682.96 2631.21 1023.77 839.577
 8976.2 3369.13 838.857 218.19 154.144
 42477.7 3823 876.523 210.818 93.3958
 20620.5 29285.7 1583.58 350.301 121.341
 1947.49 1422.56 1046.38 53.8935 16.0087
 9674.76 2648.66 1227.93 875.415 58.3819
 18479.6 2915.22 426.306 188.798 143.22
 7011.42 959.075 75.5795 10.4947 8.15023
 33345.3 9287.1 812.41 62.087 15.2907
 25143.2 9448.1 1481.64 124.352 11.8173
 27677.4 11513.6 2456.74 369.952 33.926
 19855.1 4710.94 963.652 195.03 31.9705
 90267.3 3275.83 412.831 80.6171 18.9427
 7610.15 21361 459.037 55.7338 13.4138
 89283.3 3196.5 5585.87 116.136 17.463
 64272.2 46798.1 1041.09 1759.94 42.0178
 45290.2 22928 10107 217.032 374.936
 54217.8 14096.8 4358.19 1855.7 108.48
 86551.9 27680.3 4494.69 1344.8 605.018
 8047.45 22347.4 4385.91 688.177 297.977
 29981.4 3420.75 6050.65 1151.06 258.373
 22925.4 13685.7 998.307 1712.15 398.162
 8266.82 9019.8 3444.43 243.627 514.143
 26392.8 4559.91 3207.41 1188.43 261.015
 23968.2 9386.71 1037.4 707.545 319.21
 4223.18 10746.4 2727.51 292.602 289.13
 4710.07 3373.46 5571.29 1372.79 292.318
 16128.7 1838.92 831.73 1330.5 396.966
F
 0.150669 0.229346 0.235827 0.236179 0.236197
 0.28604 0.435406 0.447711 0.448378 0.448413
 0.287207 0.437183 0.449538 0.450208 0.450243
 0.609527 0.927816 0.954036 0.955457 0.955532
 0.298376 0.454185 0.46702 0.467716 0.467753
 0.331172 0.504107 0.518353 0.519125 0.519166
 0.769038 1.17062 1.2037 1.2055 1.20559
 0.168352 0.256264 0.263506 0.263898 0.263919
 0.661776 1.00735 1.03582 1.03736 1.03744
 0.864746 1.31631 1.35351 1.35552 1.35563
 0.149761 0.227964 0.234406 0.234755 0.234774
 0.528031 0.803763 0.826477 0.827708 0.827773
 0.491334 0.747904 0.76904 0.770185 0.770246
 0.886141 1.34887 1.38699 1.38906 1.38917
 0.692369 1.05392 1.0837 1.08531 1.0854
 0.393975 0.599704 0.616652 0.61757 0.617619
 0.24485 0.372708 0.383241 0.383812 0.383842
 0.24705 0.376056 0.386684 0.38726 0.38729
 0.326237 0.496594 0.510628 0.511389 0.511429
 0.303556 0.46207 0.475128 0.475836 0.475874
 0.23323 0.35502 0.365053 0.365597 0.365625
 0.291577 0.443836 0.456378 0.457058 0.457094
 0.178548 0.271784 0.279465 0.279881 0.279903
 0.16702 0.254237 0.261421 0.261811 0.261831
 0.166587 0.253577 0.260744 0.261132 0.261152
 0.140959 0.214567 0.220631 0.220959 0.220977
 0.167358 0.25475 0.261949 0.26234 0.26236
 0.126979 0.193285 0.198748 0.199044 0.199059
 0.117921 0.179498 0.184571 0.184846 0.18486
 0.204534 0.31134 0.320139 0.320615 0.320641
 0.179873 0.273801 0.281539 0.281958 0.28198
nmprior
 8 9 7.5 0
nm_flota  nm_reclas  nm_pelaces    nm_pelaL
inf 16.1095 11.3009 18.3542
cv_recla  cv_pelaces  cv_mph
0.315444 0.659304 0.918044
 ------------------------------------------------
Talla a la edad & desviación 
 8 13.2811 15.8009 17.003 17.5766
 0.8 1.32811 1.58009 1.7003 1.75766
