years
 1991 1992 1993 1994 1995 1996 1997 1998 1999 2000 2001 2002 2003 2004 2005 2006 2007 2008 2009 2010 2011 2012 2013 2014 2015 2016 2017 2018 2019 2020 2021
reclasobs
 0 0 0 0 0 0 0 0 0 252601 567819 844713 477998 351125 339783 2.1784e+06 2.13404e+06 4.81314e+06 1.55562e+06 2.62356e+06 3.21686e+06 3.843e+06 1.13348e+06 3.07943e+06 1.97215e+06 2.03268e+06 2.025e+06 2.42433e+06 2.27542e+06 1.05018e+06 2.36338e+06
reclaspred
 906467 911849 475424 190122 11245.3 453563 261544 37183.9 219643 163842 387300 526445 162646 258892 530221 826875 1.24302e+06 1.07428e+06 1.87564e+06 1.75762e+06 2.56293e+06 1.94605e+06 1.52642e+06 2.53688e+06 2.1067e+06 863737 626061 2.01545e+06 2.9231e+06 1.19802e+06 321492
pelacesobs
 0 0 0 0 0 0 0 0 0 0 0 0 0 0 0 552880 188675 0 991730 2.46772e+06 1.41603e+06 1.21717e+06 2.29649e+06 1.80582e+06 0 1.4828e+06 1.56532e+06 1.57751e+06 1.42118e+06 867257 0
pelacespred
 285245 367055 203680 53554.1 1689.7 198211 76164.8 11892.1 92774.8 56364.4 178308 201240 54914.1 122162 267749 343060 507829 387514 933356 843176 1.06794e+06 935314 716187 1.3023e+06 1.11114e+06 471694 331731 1.07572e+06 1.30467e+06 697955 161285
mphobs
 0 0 0 0 0 0 0 0 0 0 0 498337 0 5186 125008 0 168611 109162 213762 579715 649985 157893 87575 83554 0 0 0 0 0 0 0
mphpred
 223748 1.0092e+06 458887 279271 29082.4 3169.3 436263 64795.8 9561.17 221563 52099.2 528655 241569 46530.5 203566 508104 779807 1.14367e+06 390254 2.05442e+06 1.30835e+06 1.90843e+06 1.39671e+06 1.08186e+06 2.42313e+06 1.12252e+06 401292 475352 2.73162e+06 1.57868e+06 470630
desembarqueobs
 494567 514787 250237 358949 120608 361735 552515 73892 212993 205616 52469 317467 293654 387597 252695 516296 358380 742168 942051 627588 828172 859565 418607 520667 417249 300574 407403 355545 319650 289779 219260
desembarquepred
 492900 512718 251450 358956 120402 360245 551012 73366.1 212091 205491 52447.1 317252 293253 383859 253004 518033 357993 743998 935938 623865 827488 857783 418667 519898 416160 300944 408073 355840 319652 289083 217748
Reclutas
 480426 1229.38 119634 1491.86 13744.5 278948 895.753 2.00833 82849.2 888.033 212729 25610.2 16786.6 140921 156874 322819 219070 2573.56 1.18478e+06 949.675 553495 418539 114827 563661 29747.9 8289.98 165580 680840 1524.84 4139.08 1452.71
log_desv_Rt
 2.91187 -3.0563 1.52163 -2.86278 -0.642171 2.36822 -3.3729 -9.47326 1.15422 -3.38155 2.09721 -0.0198171 -0.442224 1.68539 1.79264 2.51429 2.12658 -2.31751 3.81451 -3.31444 3.05345 2.77396 1.48062 3.07165 0.129951 -1.14776 1.84665 3.26052 -2.84091 -1.84233 -2.88938
SSB
 223748 1.0092e+06 458887 279271 29082.4 3169.3 436263 64795.8 9561.17 221563 52099.2 528655 241569 46530.5 203566 508104 779807 1.14367e+06 390254 2.05442e+06 1.30835e+06 1.90843e+06 1.39671e+06 1.08186e+06 2.42313e+06 1.12252e+06 401292 475352 2.73162e+06 1.57868e+06 470630
BT
 1.43777e+06 1.28899e+06 773460 419929 106943 1.23156e+06 664725 97158.2 609442 311963 806966 756572 422473 955165 1.3076e+06 1.62226e+06 1.85382e+06 1.49314e+06 4.8772e+06 2.5442e+06 4.32375e+06 3.43716e+06 2.29362e+06 5.36802e+06 3.01297e+06 1.43718e+06 1.66079e+06 4.79423e+06 3.26394e+06 1.94135e+06 615986
Ftot
 0.506728 0.512108 0.485893 1.48019 4.71614 0.735338 1.6101 1.53067 0.885197 1.05804 0.129155 0.547508 1.44121 1.31233 0.445587 0.575729 0.270816 0.622154 0.467131 0.330079 0.302987 0.408461 0.257515 0.194304 0.186446 0.324322 0.599013 0.167959 0.103992 0.226825 0.609555
BD_Bspro_t
 0.922123 0.698565 0.424943 0.333887 0.0561629 0.0110395 0.458452 0.0997857 0.0247866 0.377765 0.172907 0.734461 0.418114 0.13776 0.368827 0.554035 0.561777 0.610842 0.355811 0.676034 0.51505 0.600052 0.565007 0.562234 0.753226 0.642644 0.469205 0.543089 0.84904 0.76073 0.574179
BD_Bspro
 1.20288 5.42546 2.46699 1.50136 0.156348 0.0170382 2.34536 0.348344 0.051401 1.19113 0.280086 2.84206 1.29868 0.250149 1.09438 2.73158 4.19226 6.14841 2.09801 11.0446 7.03373 10.2597 7.50875 5.8161 13.0268 6.03466 2.15736 2.5555 14.6852 8.48702 2.53012
BD_Bo
 0.128338 0.578858 0.26321 0.160185 0.0166812 0.00181786 0.250233 0.0371658 0.00548412 0.127085 0.0298832 0.303228 0.13856 0.0266891 0.116762 0.29144 0.447284 0.655991 0.223843 1.17838 0.750448 1.09464 0.801131 0.620537 1.38987 0.643856 0.230174 0.272654 1.56681 0.905505 0.269945
BD_Brms
 0.543955 2.45346 1.1156 0.678935 0.0707023 0.00770489 1.0606 0.157525 0.0232442 0.538643 0.126658 1.28521 0.587279 0.11312 0.49489 1.23525 1.89579 2.78038 0.948746 4.99451 3.18074 4.63958 3.39555 2.63011 5.89088 2.72895 0.975582 1.15563 6.64085 3.83793 1.14415
Sel_flota
 0.5 1 1 1 1
 0.5 1 1 1 1
 0.5 1 1 1 1
 0.5 1 1 1 1
 0.5 1 1 1 1
 0.5 1 1 1 1
 0.5 1 1 1 1
 0.5 1 1 1 1
 0.5 1 1 1 1
 0.5 1 1 1 1
 0.5 1 1 1 1
 0.5 1 1 1 1
 0.5 1 1 1 1
 0.5 1 1 1 1
 0.5 1 1 1 1
 0.5 1 1 1 1
 0.5 1 1 1 1
 0.5 1 1 1 1
 0.5 1 1 1 1
 0.5 1 1 1 1
 0.5 1 1 1 1
 0.5 1 1 1 1
 0.5 1 1 1 1
 0.5 1 1 1 1
 0.5 1 1 1 1
 0.5 1 1 1 1
 0.5 1 1 1 1
 0.5 1 1 1 1
 0.5 1 1 1 1
 0.5 1 1 1 1
 0.5 1 1 1 1
Sel_reclas
 0.5 1 1 1 1
 0.5 1 1 1 1
 0.5 1 1 1 1
 0.5 1 1 1 1
 0.5 1 1 1 1
 0.5 1 1 1 1
 0.5 1 1 1 1
 0.5 1 1 1 1
 0.5 1 1 1 1
 0.5 1 1 1 1
 0.5 1 1 1 1
 0.5 1 1 1 1
 0.5 1 1 1 1
 0.5 1 1 1 1
 0.5 1 1 1 1
 0.5 1 1 1 1
 0.5 1 1 1 1
 0.5 1 1 1 1
 0.5 1 1 1 1
 0.5 1 1 1 1
 0.5 1 1 1 1
 0.5 1 1 1 1
 0.5 1 1 1 1
 0.5 1 1 1 1
 0.5 1 1 1 1
 0.5 1 1 1 1
 0.5 1 1 1 1
 0.5 1 1 1 1
 0.5 1 1 1 1
 0.5 1 1 1 1
 0.5 1 1 1 1
Sel_pelaces
 0.5 1 1 1 1
 0.5 1 1 1 1
 0.5 1 1 1 1
 0.5 1 1 1 1
 0.5 1 1 1 1
 0.5 1 1 1 1
 0.5 1 1 1 1
 0.5 1 1 1 1
 0.5 1 1 1 1
 0.5 1 1 1 1
 0.5 1 1 1 1
 0.5 1 1 1 1
 0.5 1 1 1 1
 0.5 1 1 1 1
 0.5 1 1 1 1
 0.5 1 1 1 1
 0.5 1 1 1 1
 0.5 1 1 1 1
 0.5 1 1 1 1
 0.5 1 1 1 1
 0.5 1 1 1 1
 0.5 1 1 1 1
 0.5 1 1 1 1
 0.5 1 1 1 1
 0.5 1 1 1 1
 0.5 1 1 1 1
 0.5 1 1 1 1
 0.5 1 1 1 1
 0.5 1 1 1 1
 0.5 1 1 1 1
 0.5 1 1 1 1
pf_obs 
 0.8446 0.082 0.0669 0.0065 0
 0.8095 0.147 0.0364 0.0071 0
 0.9664 0.0169 0.016 0.0007 0
 0.9276 0.0648 0.0075 0.0001 0
 0.7033 0.2144 0.0806 0.0017 0
 0.9318 0.0425 0.0243 0.0014 0
 0.5671 0.3108 0.0964 0.0239 0.0018
 0.0768 0.2599 0.5324 0.112 0.0189
 0.490249 0.384438 0.106611 0.0170017 0.00170017
 0.7925 0.1577 0.0466 0.003 0.0002
 0.840416 0.127587 0.0312969 0.00059994 9.999e-05
 0.8084 0.0986 0.0794 0.0134 0.0002
 0.7335 0.1905 0.0724 0.0035 0.0001
 0.4001 0.4547 0.1325 0.0127 0
 0.49795 0.308269 0.164784 0.0264974 0.00249975
 0.9179 0.0499 0.0305 0.0017 0
 0.2467 0.6533 0.0926 0.0074 0
 0.9418 0.0223 0.034 0.0019 0
 0.707729 0.231977 0.0356964 0.0245975 0
 0.517169 0.277429 0.184464 0.0207286 0.00020938
 0.811772 0.124168 0.05621 0.00726502 0.000585176
 0.764997 0.148141 0.077277 0.00933861 0.000247198
 0.163321 0.427699 0.378323 0.0303852 0.000271297
 0.753843 0.0900009 0.118128 0.0371064 0.000921714
 0.721811 0.176058 0.0630433 0.0369309 0.00215725
 0.143369 0.312575 0.442814 0.0836902 0.0175525
 0.692698 0.0596174 0.167031 0.0765114 0.00414204
 0.394062 0.376323 0.152708 0.0712218 0.00568511
 0.125707 0.32114 0.495352 0.0537591 0.00404204
 0.23352 0.215282 0.420074 0.123614 0.00750983
 0 0 0 0 0
pf_pred 
 0.935745 0.040617 0.0149422 0.00549692 0.00319908
 0.00478473 0.966786 0.0179708 0.00661107 0.00384749
 0.676252 0.00360042 0.311002 0.00578095 0.00336438
 0.0224581 0.810308 0.00185982 0.16065 0.00472409
 0.751374 0.0173665 0.191697 0.000439983 0.0391231
 0.996945 0.00297801 5.36681e-06 5.92406e-05 1.22263e-05
 0.00814376 0.99065 0.00117613 2.11956e-06 2.8225e-05
 0.000241007 0.0273885 0.971188 0.00115302 2.97484e-05
 0.991286 6.98992e-06 0.000238518 0.00845779 1.03004e-05
 0.0265923 0.970185 2.58528e-06 8.8218e-05 0.00313199
 0.975867 0.00171977 0.0223392 5.95278e-08 7.41476e-05
 0.160878 0.829251 0.000703395 0.00913685 3.03511e-05
 0.318069 0.2128 0.463612 0.000393249 0.00512514
 0.946407 0.0321804 0.00668192 0.0145574 0.000173277
 0.75756 0.238055 0.00263297 0.000546708 0.00120525
 0.77403 0.198264 0.0272049 0.000300895 0.000200213
 0.536461 0.413036 0.0443108 0.00608011 0.000111994
 0.0145091 0.70471 0.250189 0.0268405 0.00375076
 0.969915 0.00103664 0.0207718 0.00737451 0.000901699
 0.00144803 0.985298 0.000456703 0.00915126 0.00364617
 0.760151 0.000765754 0.23591 0.000109349 0.00306409
 0.531153 0.40981 0.000188487 0.0580681 0.000781127
 0.25737 0.534273 0.18212 8.37638e-05 0.0261527
 0.771661 0.0977496 0.0939504 0.0320253 0.00461361
 0.0672023 0.818485 0.0489361 0.0470342 0.0183424
 0.0553714 0.124836 0.719329 0.0430077 0.0574565
 0.803854 0.0224479 0.0229547 0.13227 0.0184733
 0.876305 0.112304 0.00130361 0.00133304 0.00875405
 0.00315948 0.93411 0.0569536 0.000661108 0.00511553
 0.0257396 0.00632625 0.907023 0.055302 0.00560913
 0.0311255 0.0518402 0.00595466 0.853746 0.0573334
pobs_RECLAS
 0 0 0 0 0
 0 0 0 0 0
 0 0 0 0 0
 0 0 0 0 0
 0 0 0 0 0
 0 0 0 0 0
 0 0 0 0 0
 0 0 0 0 0
 0 0 0 0 0
 0 0 0 0 0
 0.991045 0.00858322 0.000360255 1.14367e-05 0
 0.934742 0.0480273 0.0164251 0.00080598 0
 0.827803 0.169806 0.00239088 0 0
 0.941827 0.0461693 0.0120037 0 0
 0.791401 0.0380133 0.147996 0.0225897 0
 0.846168 0.0940531 0.0597789 0 0
 0.134021 0.677848 0.182769 0.00536245 0
 0.80878 0.0450904 0.141981 0.00414843 0
 0.846168 0.0940531 0.0597789 0 0
 0.905697 0.0802665 0.012482 0.00150086 5.37128e-05
 0.989698 0.0102097 9.19794e-05 0 0
 0.975433 0.0193895 0.00387452 0.00125025 5.28907e-05
 0.303575 0.632131 0.0575291 0.00676475 0
 0.966965 0.00978017 0.0227588 0.000495775 0
 0.843318 0.132988 0.00938335 0.0141283 0.000182051
 0.564624 0.303363 0.111486 0.0197234 0.00080311
 0.826376 0.0876187 0.0782897 0.00655872 0.00115652
 0.89761 0.0855135 0.0140674 0.00269457 0.000114338
 0.34875 0.467042 0.161289 0.0227151 0.000203297
 0.318654 0.224769 0.449479 0.00709798 0
 0.937255 0.0296025 0.0250945 0.00804832 0
ppred_RECLAS
 0.937422 0.0395566 0.0145521 0.0053534 0.00311556
 0.00492299 0.966652 0.0179683 0.00661016 0.00384696
 0.682091 0.00353549 0.305393 0.00567669 0.0033037
 0.0252786 0.80797 0.00185446 0.160187 0.00471046
 0.856336 0.0100349 0.110768 0.000254236 0.0226065
 0.997081 0.00284534 5.12772e-06 5.66014e-05 1.16816e-05
 0.0093287 0.989466 0.00117473 2.11703e-06 2.81913e-05
 0.000273706 0.0273876 0.971156 0.00115299 2.97474e-05
 0.991779 6.59488e-06 0.000225038 0.00797979 9.71829e-06
 0.0286057 0.968178 2.57993e-06 8.80355e-05 0.00312552
 0.976003 0.00171008 0.0222134 5.91925e-08 7.373e-05
 0.165129 0.825051 0.000699832 0.00909057 3.01974e-05
 0.343875 0.204747 0.446068 0.000378368 0.00493119
 0.951344 0.029216 0.00606639 0.0132164 0.000157315
 0.761952 0.233743 0.00258527 0.000536805 0.00118342
 0.779787 0.193213 0.0265118 0.000293229 0.000195113
 0.539756 0.4101 0.0439958 0.00603689 0.000111198
 0.0150435 0.704328 0.250054 0.0268259 0.00374872
 0.970651 0.00101129 0.020264 0.0071942 0.000879652
 0.00147242 0.985274 0.000456692 0.00915104 0.00364608
 0.762896 0.00075699 0.23321 0.000108097 0.00302902
 0.536533 0.405106 0.000186323 0.0574017 0.000772163
 0.259768 0.532548 0.181532 8.34933e-05 0.0260683
 0.773257 0.0970664 0.0932938 0.0318015 0.00458137
 0.0677478 0.818006 0.0489075 0.0470067 0.0183317
 0.0562345 0.124722 0.718671 0.0429684 0.057404
 0.809307 0.0218239 0.0223166 0.128593 0.0179598
 0.877139 0.111547 0.00129482 0.00132405 0.00869502
 0.00317395 0.934097 0.0569527 0.000661098 0.00511546
 0.0260122 0.00632448 0.906769 0.0552866 0.00560756
 0.0322218 0.0517815 0.00594793 0.85278 0.0572685
pobs_PELACES
 0 0 0 0 0
 0 0 0 0 0
 0 0 0 0 0
 0 0 0 0 0
 0 0 0 0 0
 0 0 0 0 0
 0 0 0 0 0
 0 0 0 0 0
 0 0 0 0 0
 0 0 0 0 0
 0 0 0 0 0
 0 0 0 0 0
 0 0 0 0 0
 0 0 0 0 0
 0 0 0 0 0
 0 0 0 0 0
 0.505614 0.472636 0.0217494 0 0
 0 0 0 0 0
 0.443492 0.261883 0.143347 0.151278 0
 0.227955 0.32914 0.350689 0.0885471 0.00366901
 0.970185 0.0296113 0.000203453 0 0
 0.997202 0.00247181 0.000326279 0 0
 0.445219 0.490057 0.0546422 0.010081 0
 0.90214 0.0892962 0.00764917 0.000914606 0
 0 0 0 0 0
 0.581667 0.319106 0.0959925 0.00289975 0.000334073
 0.762889 0.0836404 0.116647 0.0363945 0.000428098
 0.88444 0.0763242 0.0277011 0.0115352 0
 0.521256 0.241999 0.230069 0.00667565 0
 0.616807 0.101726 0.260614 0.0208532 0
 0 0 0 0 0
ppred_PELACES
 0.942151 0.0365673 0.0134524 0.00494884 0.00288011
 0.00535473 0.966232 0.0179605 0.00660729 0.00384529
 0.699217 0.00334503 0.288942 0.00537089 0.00312573
 0.0320475 0.802359 0.00184158 0.159074 0.00467775
 0.928465 0.00499668 0.055155 0.000126592 0.0112565
 0.997414 0.00252108 4.54334e-06 5.01509e-05 1.03503e-05
 0.012133 0.986665 0.0011714 2.11103e-06 2.81115e-05
 0.000352318 0.0273854 0.97108 0.0011529 2.97451e-05
 0.992888 5.70506e-06 0.000194675 0.00690312 8.40705e-06
 0.0338772 0.962924 2.56593e-06 8.75578e-05 0.00310855
 0.976497 0.00167487 0.021756 5.79738e-08 7.22119e-05
 0.177962 0.812368 0.000689074 0.00895083 2.97332e-05
 0.399326 0.187443 0.40837 0.000346391 0.00451444
 0.960442 0.0237528 0.00493201 0.010745 0.000127898
 0.775029 0.220902 0.00244325 0.000507314 0.00111841
 0.795665 0.179281 0.0246001 0.000272085 0.000181044
 0.550835 0.400228 0.0429367 0.00589157 0.000108521
 0.0166428 0.703185 0.249648 0.0267824 0.00374264
 0.972769 0.000938319 0.0188017 0.00667506 0.000816175
 0.00155471 0.985193 0.000456655 0.00915028 0.00364578
 0.77182 0.000728499 0.224433 0.000104029 0.00291502
 0.553245 0.390499 0.000179605 0.0553319 0.00074432
 0.268021 0.52661 0.179508 8.25624e-05 0.0257776
 0.778829 0.0946812 0.0910013 0.03102 0.00446879
 0.0697168 0.816279 0.0488042 0.0469074 0.018293
 0.0591429 0.124337 0.716457 0.042836 0.0572271
 0.824096 0.0201313 0.0205858 0.11862 0.0165669
 0.880095 0.108864 0.00126367 0.0012922 0.00848585
 0.0032287 0.934045 0.0569496 0.000661062 0.00511518
 0.0269774 0.00631822 0.905871 0.0552318 0.00560201
 0.0355101 0.0516055 0.00592772 0.849883 0.0570739
pobs_pel_tallas
 0 0 0 0 0 0 0 0 0 0 0 0 0 0 0 0 0 0 0 0 0 0 0 0 0 0
 0 0 0 0 0 0 0 0 0 0 0 0 0 0 0 0 0 0 0 0 0 0 0 0 0 0
 0 0 0 0 0 0 0 0 0 0 0 0 0 0 0 0 0 0 0 0 0 0 0 0 0 0
 0 0 0 0 0 0 0 0 0 0 0 0 0 0 0 0 0 0 0 0 0 0 0 0 0 0
 0 0 0 0 0 0 0 0 0 0 0 0 0 0 0 0 0 0 0 0 0 0 0 0 0 0
 0 0 0 0 0 0 0 0 0 0 0 0 0 0 0 0 0 0 0 0 0 0 0 0 0 0
 0 0 0 0 0 0 0 0 0 0 0 0 0 0 0 0 0 0 0 0 0 0 0 0 0 0
 0 0 0 0 0 0 0 0 0 0 0 0 0 0 0 0 0 0 0 0 0 0 0 0 0 0
 0 0 0 0 0 0 0 0 0 0 0 0 0 0 0 0 0 0 0 0 0 0 0 0 0 0
 0 0 0 0 0 0 0 0 0 0 0 0 0 0 0 0 0 0 0 0 0 0 0 0 0 0
 0 0 0 0 0 0 0 0 0 0 0 0 0 0 0 0 0 0 0 0 0 0 0 0 0 0
 0 0 0 0 0 0 0 0 0 0 0 0 0 0 0 0 0 0 0 0 0 0 0 0 0 0
 0.00862536 0 0 0.000197151 0.00414017 0.0128641 0.00837892 0.0270097 0.101434 0.158115 0.152841 0.127902 0.109271 0.109419 0.0830992 0.0579132 0.0238553 0.00714673 0.00463305 0.00128148 0.00103504 0.000492878 0.000147863 0.000147863 4.92878e-05 0
 0 0 0 0 0 0 0 0 0 0 0 0 0 0 0 0 0 0 0 0 0 0 0 0 0 0
 0 0 0 0 0 0 0 0.0054083 0.00873648 0.0413646 0.0450493 0.0745869 0.0622846 0.0627006 0.0613931 0.0827291 0.12552 0.122667 0.0946155 0.0697135 0.0546179 0.0294188 0.0215738 0.0213955 0.0102223 0.00600262
 0 0 0 0 0.00359764 0.0251062 0.0480494 0.140153 0.205849 0.193036 0.1447 0.116669 0.0760912 0.0342217 0.00950174 0.001854 0.000860785 0 0 0 0.000165536 0 0.000143464 0 0 0
 0 0 0 0 0 0 0 0.000145254 0.000435761 0.0275982 0.070085 0.0708112 0.156366 0.174668 0.174014 0.160142 0.0824315 0.0480064 0.0283245 0.00493863 0.00203355 0 0 0 0 0
 0 0 0 0 0 0 0 0 0 0 0 0 0 0 0 0 0 0 0 0 0 0 0 0 0 0
 0 0 1.00437e-05 0.000401748 0.00122533 0.00171747 0.00176769 0.0269171 0.070346 0.194647 0.189555 0.159765 0.064822 0.0314167 0.0384472 0.0292271 0.0345202 0.0313363 0.0194345 0.0106764 0.0143323 0.0359363 0.0279516 0.0138201 0.00172751 0
 0 0.0021121 0.0136068 0.0755702 0.200478 0.177729 0.0527432 0.0373336 0.0318909 0.0142505 0.0149659 0.0166563 0.0217959 0.0798694 0.0677717 0.0528807 0.04013 0.0224614 0.0357745 0.0225083 0.00881397 0.00855152 0.00135912 0.000746735 0 0
 0 0 0 0 5.4009e-05 0.00500934 0.000945158 0.0243581 0.138947 0.33067 0.221406 0.137944 0.0707744 0.0437923 0.0131692 0.00525238 0.0047753 0.00276346 9.45158e-05 9.00151e-06 2.25038e-05 9.00151e-06 4.50075e-06 0 0 0
 0.000866109 0.00284123 0.00948549 0.0512746 0.133035 0.25785 0.225252 0.132002 0.0553304 0.0519788 0.0540692 0.017754 0.00435017 0.00159236 0.00146478 0.000404838 0.000125132 0.000115318 0.000107957 0.000100596 0 0 0 0 0 0
 0 0 0 0 0.00144013 0.00171154 0.00461396 0.0210425 0.0478622 0.0707936 0.0888783 0.103762 0.0637923 0.0337046 0.0602308 0.124433 0.169614 0.0934646 0.0462172 0.0250306 0.0313229 0.00938855 0.002487 0.000210481 0 0
 0 0.00764035 0.051015 0.0998891 0.058973 0.0496711 0.0374665 0.0718981 0.12319 0.153886 0.159021 0.0857701 0.0377988 0.023471 0.0147837 0.00900784 0.00315554 0.000888139 0.00291439 0.00214683 0.00393193 0.00274676 0.000635225 9.99891e-05 0 0
 0 0 0 0 0 0 0 0 0 0 0 0 0 0 0 0 0 0 0 0 0 0 0 0 0 0
 0 0 0 0 0 0 0 0 0 0 0 0 0 0 0 0 0 0 0 0 0 0 0 0 0 0
 0 0 0 0 0 0 0 0 0 0 0 0 0 0 0 0 0 0 0 0 0 0 0 0 0 0
 0 0 0 0 0 0 0 0 0 0 0 0 0 0 0 0 0 0 0 0 0 0 0 0 0 0
 0 0 0 0 0 0 0 0 0 0 0 0 0 0 0 0 0 0 0 0 0 0 0 0 0 0
 0 0 0 0 0 0 0 0 0 0 0 0 0 0 0 0 0 0 0 0 0 0 0 0 0 0
 0 0 0 0 0 0 0 0 0 0 0 0 0 0 0 0 0 0 0 0 0 0 0 0 0 0
ppred_pel_tallas
 1.01382e-16 7.76038e-05 0.000754336 0.00501283 0.0227876 0.0709007 0.151062 0.22048 0.220483 0.151079 0.0709588 0.0229557 0.0054355 0.00167948 0.00184188 0.00294139 0.00427529 0.00547362 0.00621724 0.00636368 0.0060231 0.00546834 0.00495057 0.00456832 0.00426902 0.003942
 1.02079e-16 4.41263e-07 4.28932e-06 2.85086e-05 0.000129653 0.000403897 0.00086398 0.00128049 0.00137342 0.001318 0.00192779 0.00452868 0.0110613 0.0240576 0.0455903 0.0751285 0.107661 0.134201 0.145592 0.137623 0.113616 0.0823372 0.05297 0.0309982 0.0173239 0.00998034
 1.09407e-16 5.75935e-05 0.00055983 0.00372027 0.0169118 0.0526189 0.11211 0.163628 0.163629 0.112114 0.0526335 0.0169597 0.00386204 0.000940066 0.000986485 0.00207723 0.00423403 0.00791182 0.0135146 0.0210673 0.0299188 0.0386524 0.0453793 0.048391 0.0468695 0.0412529
 1.17003e-16 2.63988e-06 2.56606e-05 0.000170528 0.000775241 0.00241248 0.00514289 0.00752239 0.0075996 0.0055201 0.00367869 0.00443104 0.00934183 0.0200301 0.0379488 0.0626221 0.0899765 0.112728 0.123542 0.11925 0.102896 0.0818375 0.063396 0.0513494 0.0453139 0.042487
 1.03511e-16 7.64765e-05 0.000743378 0.00494001 0.0224566 0.0698707 0.148867 0.217276 0.217276 0.14887 0.0698804 0.0224857 0.0050173 0.000925912 0.000463667 0.00075139 0.00132234 0.00218036 0.00337332 0.00490902 0.00670331 0.0085452 0.010118 0.0110933 0.0112572 0.0105973
 1.00008e-16 8.21557e-05 0.000798582 0.00530686 0.0241242 0.0750594 0.159922 0.233411 0.233411 0.159923 0.0750634 0.0241357 0.00533563 0.000861308 0.000201022 0.000201603 0.000280784 0.000349432 0.000378684 0.000357372 0.000294307 0.000212577 0.00013634 7.9969e-05 4.56781e-05 2.80157e-05
 1.00291e-16 9.99584e-07 9.7164e-06 6.45735e-05 0.0002936 0.000914008 0.0019509 0.00286728 0.00296215 0.00241436 0.00246951 0.00478347 0.0113237 0.0245516 0.0465022 0.0765916 0.109665 0.136502 0.147708 0.138958 0.113664 0.0808557 0.0500427 0.0269736 0.012691 0.00524024
 1.28151e-16 2.90303e-08 2.82182e-07 1.87537e-06 8.52752e-06 2.65533e-05 5.67208e-05 8.3628e-05 8.77581e-05 7.76089e-05 0.000100991 0.000242472 0.000660406 0.00167313 0.00386406 0.00817239 0.0159081 0.0285705 0.0473264 0.0721297 0.100794 0.128686 0.149657 0.158184 0.151731 0.131956
 1.007e-16 8.17829e-05 0.000794959 0.00528278 0.0240148 0.0747188 0.159196 0.232352 0.232352 0.159196 0.0747189 0.024015 0.00528356 0.000797262 8.80702e-05 2.156e-05 3.69148e-05 7.81965e-05 0.000153555 0.000277352 0.000460482 0.0007025 0.000984543 0.00126742 0.00149852 0.00162719
 1.00782e-16 2.79062e-06 2.71259e-05 0.000180266 0.000819519 0.00255032 0.00543715 0.0079551 0.00804769 0.00588946 0.00406837 0.00520128 0.0111682 0.0239779 0.0453836 0.0747458 0.107022 0.133212 0.144151 0.135626 0.110978 0.0790298 0.0490694 0.0267039 0.0129333 0.00582007
 1.00641e-16 8.04328e-05 0.000781835 0.00519557 0.0236183 0.0734853 0.156568 0.228516 0.228516 0.156569 0.0734886 0.0236284 0.00522243 0.000845716 0.000217033 0.000271167 0.000474725 0.000787144 0.00121966 0.00176646 0.00238236 0.00297339 0.00341211 0.00358089 0.00342377 0.00297533
 1.01131e-16 1.46587e-05 0.000142488 0.000946885 0.00430445 0.0133932 0.0285384 0.041669 0.0417472 0.02892 0.0146739 0.00800139 0.0102178 0.0203513 0.0383077 0.0630791 0.0903324 0.112476 0.121789 0.114732 0.0941278 0.0674134 0.0423974 0.0237653 0.0123085 0.0063513
 1.12632e-16 3.2892e-05 0.000319722 0.00212467 0.00965843 0.0300511 0.0640277 0.0934542 0.0934728 0.0641191 0.0303597 0.0105574 0.0044093 0.00539965 0.00995074 0.0170999 0.0262547 0.0363793 0.0462945 0.0552197 0.0628553 0.0688719 0.072381 0.0720733 0.0670406 0.0575923
 1.01248e-16 7.91104e-05 0.000768981 0.00511015 0.02323 0.0722771 0.153994 0.224759 0.224762 0.154005 0.0723148 0.0233389 0.00538395 0.00136788 0.00122018 0.00190211 0.00275766 0.00352479 0.00399997 0.00410227 0.00392018 0.0036474 0.00345303 0.00338715 0.00338015 0.00331325
 1.00368e-16 6.38382e-05 0.00062053 0.00412364 0.0187455 0.0583243 0.124267 0.181375 0.181397 0.124371 0.0586726 0.019751 0.00664529 0.00611771 0.0104816 0.0171684 0.0245878 0.03063 0.0331941 0.0313156 0.0257565 0.0185297 0.0117484 0.00668086 0.00354363 0.00188944
 1.00814e-16 6.55379e-05 0.000637052 0.00423344 0.0192446 0.0598772 0.127575 0.186204 0.186221 0.12766 0.0601606 0.0200632 0.00628799 0.00512143 0.00857991 0.0140742 0.0202517 0.0254292 0.0279324 0.0269782 0.0231299 0.0179059 0.0128725 0.00892973 0.00619956 0.00436652
 1.01951e-16 4.53717e-05 0.000441029 0.00293079 0.013323 0.041453 0.0883213 0.128916 0.128954 0.0885097 0.0420853 0.0151492 0.00751358 0.0104412 0.0190252 0.031348 0.0450756 0.0565159 0.061929 0.0595768 0.0507529 0.0389071 0.0276015 0.0188871 0.0130298 0.00926791
 1.10704e-16 1.37099e-06 1.33266e-05 8.85632e-05 0.000402637 0.00125312 0.00267241 0.00391471 0.00398272 0.00300482 0.00236993 0.00363133 0.00820412 0.0177663 0.0338245 0.0561944 0.0815934 0.103938 0.116953 0.117642 0.107904 0.0929301 0.077788 0.0649609 0.0543108 0.0446552
 1.01351e-16 8.01257e-05 0.00077885 0.00517573 0.0235281 0.0732047 0.15597 0.227643 0.227644 0.155971 0.0732069 0.0235347 0.0051938 0.000823418 0.000179869 0.00021023 0.000388413 0.000685243 0.00112833 0.00173068 0.00246431 0.00324518 0.00394117 0.00440852 0.00454314 0.00432002
 1.018e-16 1.28264e-07 1.24687e-06 8.29048e-06 3.77455e-05 0.000117949 0.000254803 0.000391753 0.000486487 0.000717586 0.00167119 0.00452115 0.0112514 0.024509 0.0464391 0.0764962 0.109548 0.136402 0.1477 0.139153 0.114192 0.0818431 0.0515843 0.0290979 0.0153343 0.00824124
 1.06981e-16 6.35738e-05 0.00061796 0.00410656 0.0186678 0.0580825 0.123751 0.180618 0.180619 0.123753 0.0580909 0.0186964 0.00419499 0.000865727 0.000693966 0.00146196 0.00306289 0.00584768 0.0101401 0.01596 0.0227899 0.0295127 0.0346537 0.036896 0.0356295 0.0312242
 1.05781e-16 4.55701e-05 0.000442958 0.00294361 0.0133813 0.0416343 0.0887076 0.129479 0.129517 0.0888911 0.0422503 0.0151598 0.00740479 0.0101716 0.0184933 0.0304289 0.0436695 0.0546025 0.0596111 0.0571026 0.0485201 0.0374441 0.0274985 0.0206531 0.0168992 0.0150481
 1.09686e-16 2.20767e-05 0.000214593 0.00142605 0.00648265 0.0201702 0.0429766 0.0627363 0.0627872 0.0432255 0.0210063 0.00889956 0.00750048 0.0135003 0.0253276 0.0420276 0.0609827 0.0776042 0.0871828 0.0874826 0.079968 0.0686059 0.0572898 0.0479627 0.0405428 0.0340756
 1.06518e-16 6.41511e-05 0.000623572 0.00414385 0.0188374 0.0586101 0.124875 0.182261 0.18227 0.124921 0.0587625 0.0192794 0.00525979 0.00308099 0.00479411 0.00798938 0.0118916 0.0157746 0.0189316 0.0210299 0.0222452 0.0229971 0.0235189 0.023646 0.0229767 0.0212159
 1.09417e-16 5.74265e-06 5.58207e-05 0.000370952 0.00168634 0.00524725 0.0111827 0.016338 0.0164166 0.0115667 0.00653611 0.00540785 0.00970813 0.0204249 0.0386497 0.0637829 0.0916459 0.114773 0.125581 0.120635 0.102769 0.0792491 0.0575058 0.041701 0.0320993 0.0266611
 1.34688e-16 4.87155e-06 4.73532e-05 0.000314679 0.00143049 0.00445087 0.00948353 0.0138442 0.0138573 0.00954799 0.00467053 0.00207904 0.0019958 0.00389323 0.00782453 0.0142729 0.0236945 0.0363342 0.0522351 0.0711256 0.0919645 0.112394 0.128774 0.137229 0.135311 0.123221
 1.15299e-16 6.78797e-05 0.000659815 0.0043847 0.0199322 0.0620166 0.132133 0.192852 0.192854 0.132143 0.0620499 0.0200297 0.00463369 0.00121806 0.00117371 0.00196007 0.0031367 0.00467243 0.00665029 0.00927198 0.0127945 0.0173371 0.0226545 0.0280386 0.0324554 0.0348798
 1.01631e-16 7.24923e-05 0.000704651 0.00468265 0.0212867 0.0662308 0.141112 0.205959 0.20597 0.141163 0.0664025 0.0217823 0.00592591 0.00341544 0.00521137 0.00847652 0.0121484 0.0151645 0.0165021 0.0157061 0.0131734 0.00991032 0.00695489 0.00490156 0.00379779 0.0033454
 1.02815e-16 2.66138e-07 2.58705e-06 1.71962e-05 7.82267e-05 0.000243875 0.000522923 0.000782067 0.000871967 0.000962133 0.00171824 0.00433503 0.0106961 0.0232937 0.0441724 0.0728623 0.104576 0.13069 0.142405 0.135643 0.113516 0.0843015 0.0566308 0.0356005 0.0220125 0.0140657
 1.32631e-16 2.2221e-06 2.15996e-05 0.000143537 0.000652499 0.00203018 0.00432558 0.00631371 0.00631573 0.00433614 0.00206974 0.000784841 0.000543776 0.0011202 0.00274648 0.0062495 0.0129828 0.0246002 0.0424836 0.0668013 0.0955502 0.124245 0.146827 0.157716 0.154081 0.137057
 1.95075e-16 2.92493e-06 2.84314e-05 0.000188937 0.000858883 0.00267233 0.00569388 0.00831148 0.00831677 0.00571987 0.00276067 0.00111905 0.000862075 0.00156921 0.00315547 0.00585841 0.0101072 0.01661 0.0265617 0.0416645 0.0636185 0.093029 0.128181 0.16448 0.195189 0.21344
pSPR Fmed_Fpbrs
0.486345   0.285935 0.285935
Fs Fmed_Fpbrs
0.507109   1.005 1.005
SSBpbr Bo_Bmed_Bpbrs
1.74343e+06  760735  411336 411336
Ro
26122.8
SPR SPRFo_SPRFmed_SPRFpbrs
186011 90465.6 53187.2
Fref
1.005
log_Ro
9.99056
likeval ReclasPelacesDesembMPH_pf_preclas_ppelaces_ptallas_desvR_qrecl_qpela
 69.6378 43.8811 2.07283 0.00179053 513.583 304.12 162.263 0 367.322 0 0 1.92267 0 0 0
q_reclas_q_pelaces
1 1
M
1
N
 480426 11505.3 4232.56 1557.07 906.179
 1229.38 137182 2549.96 938.079 545.94
 119634 350.096 30241.1 562.126 327.144
 1491.86 34518.4 79.2269 6843.56 201.242
 13744.5 261.827 2890.13 6.63345 589.842
 278948 478.339 0.862037 9.51544 1.96383
 895.753 71048.2 84.3506 0.152012 2.02426
 2.00833 147.321 5223.95 6.20204 0.160015
 82849.2 0.343684 11.7276 415.857 0.506457
 888.033 19578.3 0.0521709 1.78024 63.2036
 212729 192.48 2500.24 0.00666247 8.29874
 25610.2 73364.5 62.2299 808.344 2.68519
 16786.6 7165.2 15610.3 13.2411 172.569
 140921 3004.1 623.769 1358.96 16.1758
 156874 26897.5 297.495 61.7717 136.18
 322819 46184.8 6337.26 70.0921 46.6389
 219070 89052.7 9553.64 1310.9 24.1466
 2573.56 70385.1 24988.4 2680.78 374.619
 1.18478e+06 693.652 13899.1 4934.53 603.357
 949.675 345071 159.946 3204.95 1276.96
 553495 296.213 91256.1 42.2989 1185.27
 418539 174995 80.4868 24796 333.554
 114827 125529 42789.7 19.6806 6144.67
 563661 37138.9 35695.5 12167.7 1752.89
 29747.9 188162 11249.9 10812.7 4216.75
 8289.98 9969.55 57446.6 3434.65 4588.55
 165580 2593.18 2651.73 15279.8 2134.04
 680840 45148.1 524.072 535.905 3519.27
 1524.84 230292 14041.1 162.987 1261.16
 4139.08 532.536 76352.1 4655.26 472.17
 1452.71 1359.42 156.151 22388.1 1503.47
pred_Ctot
 69385.8 3011.77 1107.97 407.598 237.213
 179.246 36217.9 673.224 247.665 144.135
 16636.7 88.5754 7651.09 142.22 82.7684
 523.156 18875.9 43.3241 3742.31 110.046
 9315.6 215.311 2376.67 5.45495 485.051
 55889.6 166.95 0.300868 3.32108 0.685417
 333.8 40605.2 48.2078 0.0868774 1.1569
 0.72168 82.0132 2908.16 3.45266 0.0890798
 19411.9 0.13688 4.6708 165.625 0.201709
 240.651 8779.84 0.0233959 0.798343 28.3435
 8453.88 14.8983 193.523 0.000515686 0.642336
 3964.18 20433.4 17.3322 225.139 0.747876
 5772.25 3861.84 8413.53 7.1366 93.0099
 45175.7 1536.1 318.954 694.884 8.27121
 20167.7 6337.48 70.0946 14.5544 32.0861
 52251.7 13384 1836.49 20.3122 13.5156
 17732 13652.4 1464.63 200.97 3.70183
 446.044 21664.4 7691.39 825.137 115.307
 158992 169.93 3405.01 1208.86 147.81
 92.5692 62987.8 29.196 585.019 233.091
 49796.4 50.1635 15454.2 7.16328 200.725
 49692.7 38340.3 17.6341 5432.64 73.0793
 8861.83 18396.2 6270.8 2.88417 900.496
 33250.2 4211.94 4048.24 1379.94 198.796
 1686.57 20541.4 1228.14 1180.41 460.338
 794.896 1792.11 10326.5 617.407 824.83
 27756.8 775.119 792.619 4567.23 637.877
 34905.5 4473.36 51.9261 53.0985 348.696
 49.0459 14500.6 884.114 10.2627 79.4106
 283.137 69.589 9977.29 608.324 61.7007
 247.294 411.874 47.3103 6783.08 455.518
F
 0.253364 0.506728 0.506728 0.506728 0.506728
 0.256054 0.512108 0.512108 0.512108 0.512108
 0.242946 0.485893 0.485893 0.485893 0.485893
 0.740095 1.48019 1.48019 1.48019 1.48019
 2.35807 4.71614 4.71614 4.71614 4.71614
 0.367669 0.735338 0.735338 0.735338 0.735338
 0.805052 1.6101 1.6101 1.6101 1.6101
 0.765334 1.53067 1.53067 1.53067 1.53067
 0.442599 0.885197 0.885197 0.885197 0.885197
 0.529018 1.05804 1.05804 1.05804 1.05804
 0.0645776 0.129155 0.129155 0.129155 0.129155
 0.273754 0.547508 0.547508 0.547508 0.547508
 0.720605 1.44121 1.44121 1.44121 1.44121
 0.656167 1.31233 1.31233 1.31233 1.31233
 0.222794 0.445587 0.445587 0.445587 0.445587
 0.287865 0.575729 0.575729 0.575729 0.575729
 0.135408 0.270816 0.270816 0.270816 0.270816
 0.311077 0.622154 0.622154 0.622154 0.622154
 0.233565 0.467131 0.467131 0.467131 0.467131
 0.165039 0.330079 0.330079 0.330079 0.330079
 0.151494 0.302987 0.302987 0.302987 0.302987
 0.20423 0.408461 0.408461 0.408461 0.408461
 0.128757 0.257515 0.257515 0.257515 0.257515
 0.097152 0.194304 0.194304 0.194304 0.194304
 0.0932229 0.186446 0.186446 0.186446 0.186446
 0.162161 0.324322 0.324322 0.324322 0.324322
 0.299506 0.599013 0.599013 0.599013 0.599013
 0.0839795 0.167959 0.167959 0.167959 0.167959
 0.0519961 0.103992 0.103992 0.103992 0.103992
 0.113413 0.226825 0.226825 0.226825 0.226825
 0.304777 0.609555 0.609555 0.609555 0.609555
nmprior
 8 9 7.5 0
nm_flota  nm_reclas  nm_pelaces    nm_pelaL
0 2.50102 2.26951 2.67374
cv_recla  cv_pelaces  cv_mph
0.754827 0.779477 1.30586
 ------------------------------------------------
Talla a la edad & desviación 
 8 13.2811 15.8009 17.003 17.5766
 0.8 1.32811 1.58009 1.7003 1.75766
