years
 1991 1992 1993 1994 1995 1996 1997 1998 1999 2000 2001 2002 2003 2004 2005 2006 2007 2008 2009 2010 2011 2012 2013 2014 2015 2016 2017 2018 2019 2020 2021
reclasobs
 0 0 0 0 0 0 0 0 0 252601 567819 844713 477998 351125 339783 2.1784e+06 2.13404e+06 4.81314e+06 1.55562e+06 2.62356e+06 3.21686e+06 3.843e+06 1.13348e+06 3.07943e+06 1.97215e+06 2.03268e+06 2.025e+06 2.42433e+06 2.27542e+06 1.05018e+06 2.36338e+06
reclaspred
 3.40786e+06 1.75595e+06 888489 792125 710335 2.193e+06 1.05206e+06 786292 526434 280455 501644 780707 767938 540736 468836 1.55668e+06 1.04793e+06 3.70725e+06 2.73977e+06 1.93644e+06 3.23942e+06 2.78547e+06 1.77804e+06 3.16799e+06 2.21966e+06 1.81622e+06 2.37312e+06 2.83733e+06 2.02036e+06 949512 1.62919e+06
pelacesobs
 0 0 0 0 0 0 0 0 0 0 0 0 0 0 0 552880 188675 0 991730 2.46772e+06 1.41603e+06 1.21717e+06 2.29649e+06 1.80582e+06 0 1.4828e+06 1.56532e+06 1.57751e+06 1.42118e+06 867257 0
pelacespred
 2.37502e+06 1.23181e+06 561635 350242 386197 1.13749e+06 543650 566994 300917 122023 258941 339772 381919 247025 212684 615425 529449 1.88455e+06 1.5516e+06 974618 1.65066e+06 1.43394e+06 1.10547e+06 1.9066e+06 1.4226e+06 1.20327e+06 1.58323e+06 1.8685e+06 1.37782e+06 683013 887396
mphobs
 0 0 0 0 0 0 0 0 0 0 0 498337 0 5186 125008 0 168611 109162 213762 579715 649985 157893 87575 83554 0 0 0 0 0 0 0
mphpred
 572293 356843 157040 88558.4 74664.4 90810.8 228215 96108.5 77578.7 38079 18111.5 62069.8 70427.7 54379.4 28261.4 33209.8 165520 106820 376879 227802 236792 288821 292797 192528 328052 255128 189094 226955 370492 199026 76810
desembarqueobs
 494567 514787 250237 358949 120608 361735 552515 73892 212993 205616 52469 317467 293654 387597 252695 516296 358380 742168 942051 627588 828172 859565 418607 520667 417249 300574 407403 355545 319650 289779 219260
desembarquepred
 494536 514463 250173 358928 120602 361662 552284 73892.4 212994 205607 52468.1 317414 293560 387302 252566 516060 358370 741815 941321 627029 828115 859199 418503 520600 417122 300508 407307 355435 319545 289697 219252
Reclutas
 128817 88504.8 87799.6 88656 65661.3 224260 61273.6 21496.2 26913.2 36200.4 59152.1 111141 90814.7 66852.8 50564.2 280441 41353.7 474206 255040 216514 265108 404076 55637.7 202925 163937 64632.3 162771 191173 45186.7 30627.4 140313
log_desv_Rt
 0.260591 -0.114747 -0.122747 -0.11304 -0.413295 0.815004 -0.482456 -1.52993 -1.30519 -1.00873 -0.517692 0.112994 -0.0889831 -0.395311 -0.674561 1.03856 -0.875642 1.56384 0.943617 0.779852 0.982331 1.4038 -0.578943 0.715031 0.501675 -0.42909 0.494543 0.655373 -0.787001 -1.17591 0.34607
SSB
 1.16455e+06 726137 319560 180207 151934 184790 464394 195571 157864 77486.6 36854.9 126305 143313 110656 57509 67578.3 336815 217367 766908 463552 481847 587720 595810 391773 667550 519159 384785 461828 753912 404997 156300
BT
 1.75646e+06 1.20911e+06 559528 529559 356063 1.22207e+06 816413 438676 412881 283860 252675 521752 552761 595526 424999 935029 619824 2.22683e+06 1.98034e+06 1.21049e+06 1.93291e+06 1.80086e+06 1.04949e+06 1.95885e+06 1.30638e+06 1.03969e+06 1.61278e+06 1.76071e+06 1.07432e+06 683648 883857
Ftot
 0.361018 0.702917 0.701983 1.18127 0.469496 0.520659 1.19966 0.250399 1.06182 1.81922 0.344478 1.14685 1.06364 1.88296 1.56865 1.07096 0.838401 0.648728 0.908725 0.893 0.728723 0.8734 0.581401 0.50191 0.502538 0.430513 0.513194 0.383274 0.379306 0.728815 0.429921
BD_Bspro_t
 0.944251 0.652569 0.392319 0.291548 0.240211 0.327247 0.464806 0.240103 0.261793 0.178093 0.12369 0.402268 0.303177 0.217624 0.122414 0.143939 0.33657 0.241714 0.451054 0.308954 0.276721 0.31564 0.340451 0.283569 0.434233 0.43271 0.418676 0.497002 0.596876 0.446589 0.31234
BD_Bspro
 1.64755 1.0273 0.452096 0.254947 0.214948 0.261431 0.656999 0.276683 0.223338 0.109624 0.0521404 0.17869 0.202751 0.156551 0.0813606 0.0956062 0.476508 0.307519 1.08498 0.655808 0.681691 0.831475 0.84292 0.554259 0.944415 0.734478 0.544374 0.65337 1.06659 0.572968 0.221125
BD_Bo
 0.981503 0.611999 0.269329 0.151881 0.128052 0.155744 0.391397 0.16483 0.13305 0.0653068 0.0310618 0.106452 0.120786 0.0932627 0.0484694 0.056956 0.283872 0.1832 0.646361 0.390688 0.406107 0.495339 0.502157 0.330192 0.562621 0.437554 0.324302 0.389235 0.635408 0.341337 0.131732
BD_Brms
 4.82837 3.01065 1.32493 0.747158 0.629935 0.766161 1.92543 0.810857 0.654523 0.321268 0.152805 0.523676 0.59419 0.458793 0.238439 0.280187 1.39647 0.901226 3.17969 1.92194 1.99779 2.43675 2.47029 1.62433 2.76774 2.15249 1.59536 1.91479 3.1258 1.67916 0.648038
Sel_flota
 0.631726 0.970231 0.998388 0.999915 0.999996
 0.631726 0.970231 0.998388 0.999915 0.999996
 0.631726 0.970231 0.998388 0.999915 0.999996
 0.631726 0.970231 0.998388 0.999915 0.999996
 0.631726 0.970231 0.998388 0.999915 0.999996
 0.631726 0.970231 0.998388 0.999915 0.999996
 0.631726 0.970231 0.998388 0.999915 0.999996
 0.631726 0.970231 0.998388 0.999915 0.999996
 0.631726 0.970231 0.998388 0.999915 0.999996
 0.631726 0.970231 0.998388 0.999915 0.999996
 0.631726 0.970231 0.998388 0.999915 0.999996
 0.631726 0.970231 0.998388 0.999915 0.999996
 0.631726 0.970231 0.998388 0.999915 0.999996
 0.631726 0.970231 0.998388 0.999915 0.999996
 0.631726 0.970231 0.998388 0.999915 0.999996
 0.631726 0.970231 0.998388 0.999915 0.999996
 0.631726 0.970231 0.998388 0.999915 0.999996
 0.631726 0.970231 0.998388 0.999915 0.999996
 0.631726 0.970231 0.998388 0.999915 0.999996
 0.631726 0.970231 0.998388 0.999915 0.999996
 0.631726 0.970231 0.998388 0.999915 0.999996
 0.631726 0.970231 0.998388 0.999915 0.999996
 0.631726 0.970231 0.998388 0.999915 0.999996
 0.631726 0.970231 0.998388 0.999915 0.999996
 0.631726 0.970231 0.998388 0.999915 0.999996
 0.631726 0.970231 0.998388 0.999915 0.999996
 0.631726 0.970231 0.998388 0.999915 0.999996
 0.631726 0.970231 0.998388 0.999915 0.999996
 0.631726 0.970231 0.998388 0.999915 0.999996
 0.631726 0.970231 0.998388 0.999915 0.999996
 0.631726 0.970231 0.998388 0.999915 0.999996
Sel_reclas
 0.99833 1 1 1 1
 0.99833 1 1 1 1
 0.99833 1 1 1 1
 0.99833 1 1 1 1
 0.99833 1 1 1 1
 0.99833 1 1 1 1
 0.99833 1 1 1 1
 0.99833 1 1 1 1
 0.99833 1 1 1 1
 0.99833 1 1 1 1
 0.99833 1 1 1 1
 0.99833 1 1 1 1
 0.99833 1 1 1 1
 0.99833 1 1 1 1
 0.99833 1 1 1 1
 0.99833 1 1 1 1
 0.99833 1 1 1 1
 0.99833 1 1 1 1
 0.99833 1 1 1 1
 0.99833 1 1 1 1
 0.99833 1 1 1 1
 0.99833 1 1 1 1
 0.99833 1 1 1 1
 0.99833 1 1 1 1
 0.99833 1 1 1 1
 0.99833 1 1 1 1
 0.99833 1 1 1 1
 0.99833 1 1 1 1
 0.99833 1 1 1 1
 0.99833 1 1 1 1
 0.99833 1 1 1 1
Sel_pelaces
 0.557086 0.863573 0.969564 0.993801 0.998762
 0.557086 0.863573 0.969564 0.993801 0.998762
 0.557086 0.863573 0.969564 0.993801 0.998762
 0.557086 0.863573 0.969564 0.993801 0.998762
 0.557086 0.863573 0.969564 0.993801 0.998762
 0.557086 0.863573 0.969564 0.993801 0.998762
 0.557086 0.863573 0.969564 0.993801 0.998762
 0.557086 0.863573 0.969564 0.993801 0.998762
 0.557086 0.863573 0.969564 0.993801 0.998762
 0.557086 0.863573 0.969564 0.993801 0.998762
 0.557086 0.863573 0.969564 0.993801 0.998762
 0.557086 0.863573 0.969564 0.993801 0.998762
 0.557086 0.863573 0.969564 0.993801 0.998762
 0.557086 0.863573 0.969564 0.993801 0.998762
 0.557086 0.863573 0.969564 0.993801 0.998762
 0.557086 0.863573 0.969564 0.993801 0.998762
 0.557086 0.863573 0.969564 0.993801 0.998762
 0.557086 0.863573 0.969564 0.993801 0.998762
 0.557086 0.863573 0.969564 0.993801 0.998762
 0.557086 0.863573 0.969564 0.993801 0.998762
 0.557086 0.863573 0.969564 0.993801 0.998762
 0.557086 0.863573 0.969564 0.993801 0.998762
 0.557086 0.863573 0.969564 0.993801 0.998762
 0.557086 0.863573 0.969564 0.993801 0.998762
 0.557086 0.863573 0.969564 0.993801 0.998762
 0.557086 0.863573 0.969564 0.993801 0.998762
 0.557086 0.863573 0.969564 0.993801 0.998762
 0.557086 0.863573 0.969564 0.993801 0.998762
 0.557086 0.863573 0.969564 0.993801 0.998762
 0.557086 0.863573 0.969564 0.993801 0.998762
 0.557086 0.863573 0.969564 0.993801 0.998762
pf_obs 
 0.8446 0.082 0.0669 0.0065 0
 0.8095 0.147 0.0364 0.0071 0
 0.9664 0.0169 0.016 0.0007 0
 0.9276 0.0648 0.0075 0.0001 0
 0.7033 0.2144 0.0806 0.0017 0
 0.9318 0.0425 0.0243 0.0014 0
 0.5671 0.3108 0.0964 0.0239 0.0018
 0.0768 0.2599 0.5324 0.112 0.0189
 0.490249 0.384438 0.106611 0.0170017 0.00170017
 0.7925 0.1577 0.0466 0.003 0.0002
 0.840416 0.127587 0.0312969 0.00059994 9.999e-05
 0.8084 0.0986 0.0794 0.0134 0.0002
 0.7335 0.1905 0.0724 0.0035 0.0001
 0.4001 0.4547 0.1325 0.0127 0
 0.49795 0.308269 0.164784 0.0264974 0.00249975
 0.9179 0.0499 0.0305 0.0017 0
 0.2467 0.6533 0.0926 0.0074 0
 0.9418 0.0223 0.034 0.0019 0
 0.707729 0.231977 0.0356964 0.0245975 0
 0.517169 0.277429 0.184464 0.0207286 0.00020938
 0.811772 0.124168 0.05621 0.00726502 0.000585176
 0.764997 0.148141 0.077277 0.00933861 0.000247198
 0.163321 0.427699 0.378323 0.0303852 0.000271297
 0.753843 0.0900009 0.118128 0.0371064 0.000921714
 0.721811 0.176058 0.0630433 0.0369309 0.00215725
 0.143369 0.312575 0.442814 0.0836902 0.0175525
 0.692698 0.0596174 0.167031 0.0765114 0.00414204
 0.394062 0.376323 0.152708 0.0712218 0.00568511
 0.125707 0.32114 0.495352 0.0537591 0.00404204
 0.23352 0.215282 0.420074 0.123614 0.00750983
 0 0 0 0 0
pf_pred 
 0.512815 0.176072 0.283405 0.0277063 9.62228e-07
 0.514724 0.308218 0.0653791 0.10175 0.0099297
 0.661319 0.221007 0.0758617 0.0154603 0.0263521
 0.712906 0.222826 0.0425323 0.0140239 0.00771225
 0.709431 0.241234 0.0387174 0.00703295 0.00358443
 0.874761 0.1005 0.0206623 0.00320043 0.000875943
 0.416263 0.53825 0.0367671 0.00728603 0.00143456
 0.444127 0.323987 0.214638 0.0139491 0.00329955
 0.623677 0.211569 0.0973035 0.0624406 0.00500917
 0.811809 0.143749 0.0255162 0.0111896 0.0077366
 0.896808 0.0938218 0.00726562 0.00121034 0.000894609
 0.815526 0.172266 0.0111333 0.000833711 0.000241093
 0.752309 0.221914 0.0241478 0.00148584 0.000143059
 0.726347 0.23363 0.0360333 0.00373849 0.000251531
 0.818612 0.156512 0.0214378 0.0030968 0.000341698
 0.964636 0.032092 0.00284541 0.000367705 5.8792e-05
 0.358559 0.629367 0.0110047 0.000930514 0.000139116
 0.949451 0.0253514 0.024743 0.000414575 4.02027e-05
 0.608807 0.379707 0.00587269 0.00551205 0.000101098
 0.688007 0.231054 0.0786654 0.0011641 0.00111001
 0.770236 0.184397 0.033976 0.0110721 0.000319308
 0.802969 0.168633 0.0229738 0.00406458 0.00135979
 0.286764 0.62863 0.0728612 0.00950553 0.00223907
 0.801747 0.0805509 0.1042 0.0116314 0.00187106
 0.646739 0.308434 0.0186078 0.0232167 0.0030026
 0.43339 0.427096 0.122379 0.00712128 0.0100147
 0.777497 0.124273 0.0746772 0.0206654 0.00288808
 0.72132 0.238414 0.0228534 0.0132437 0.00416893
 0.31185 0.556253 0.113398 0.0105076 0.00799129
 0.41575 0.248731 0.272973 0.053788 0.00875818
 0.884026 0.0649904 0.022215 0.023415 0.00535334
pobs_RECLAS
 0 0 0 0 0
 0 0 0 0 0
 0 0 0 0 0
 0 0 0 0 0
 0 0 0 0 0
 0 0 0 0 0
 0 0 0 0 0
 0 0 0 0 0
 0 0 0 0 0
 0 0 0 0 0
 0.991045 0.00858322 0.000360255 1.14367e-05 0
 0.934742 0.0480273 0.0164251 0.00080598 0
 0.827803 0.169806 0.00239088 0 0
 0.941827 0.0461693 0.0120037 0 0
 0.791401 0.0380133 0.147996 0.0225897 0
 0.846168 0.0940531 0.0597789 0 0
 0.134021 0.677848 0.182769 0.00536245 0
 0.80878 0.0450904 0.141981 0.00414843 0
 0.846168 0.0940531 0.0597789 0 0
 0.905697 0.0802665 0.012482 0.00150086 5.37128e-05
 0.989698 0.0102097 9.19794e-05 0 0
 0.975433 0.0193895 0.00387452 0.00125025 5.28907e-05
 0.303575 0.632131 0.0575291 0.00676475 0
 0.966965 0.00978017 0.0227588 0.000495775 0
 0.843318 0.132988 0.00938335 0.0141283 0.000182051
 0.564624 0.303363 0.111486 0.0197234 0.00080311
 0.826376 0.0876187 0.0782897 0.00655872 0.00115652
 0.89761 0.0855135 0.0140674 0.00269457 0.000114338
 0.34875 0.467042 0.161289 0.0227151 0.000203297
 0.318654 0.224769 0.449479 0.00709798 0
 0.937255 0.0296025 0.0250945 0.00804832 0
ppred_RECLAS
 0.624906 0.138158 0.215866 0.02107 7.3169e-07
 0.628967 0.238425 0.0490175 0.0761587 0.00743162
 0.757182 0.160198 0.053296 0.0108434 0.0184808
 0.803086 0.154012 0.0284096 0.00935015 0.00514149
 0.792953 0.172775 0.0269059 0.00487954 0.0024867
 0.916618 0.0673127 0.0134249 0.00207603 0.000568152
 0.538513 0.426658 0.0281615 0.00557042 0.00109666
 0.555627 0.262172 0.168668 0.0109443 0.00258859
 0.731032 0.153468 0.0682647 0.0437279 0.00350765
 0.882198 0.0908259 0.0155022 0.00678384 0.00468989
 0.931145 0.0627708 0.00471896 0.000784858 0.000580071
 0.878093 0.114093 0.00712755 0.000532773 0.000154053
 0.831236 0.151721 0.0159675 0.000980738 9.44182e-05
 0.822043 0.152806 0.0226486 0.00234479 0.000157744
 0.884078 0.10053 0.0132684 0.00191287 0.000211042
 0.977896 0.0201204 0.00172529 0.000222556 3.55808e-05
 0.471076 0.519277 0.00879368 0.000742284 0.000110965
 0.967782 0.0164079 0.0155253 0.000259699 2.51817e-05
 0.713591 0.278267 0.00416648 0.00390382 7.15947e-05
 0.780356 0.164018 0.0540658 0.000798689 0.000761508
 0.842177 0.127449 0.0227569 0.00740358 0.000213492
 0.867262 0.114133 0.0150561 0.00265917 0.000889535
 0.387718 0.541606 0.0608787 0.00792926 0.00186761
 0.865515 0.0556336 0.0698189 0.00778097 0.00125156
 0.741794 0.226325 0.0132466 0.0165008 0.00213385
 0.545519 0.345103 0.0959625 0.00557515 0.00783969
 0.847067 0.0865734 0.0504678 0.0139433 0.00194846
 0.801631 0.170447 0.0158585 0.00917547 0.00288807
 0.414638 0.475863 0.0941625 0.00871131 0.0066246
 0.534079 0.201977 0.214808 0.0422558 0.00687981
 0.923284 0.0435736 0.0144542 0.0152105 0.00347727
pobs_PELACES
 0 0 0 0 0
 0 0 0 0 0
 0 0 0 0 0
 0 0 0 0 0
 0 0 0 0 0
 0 0 0 0 0
 0 0 0 0 0
 0 0 0 0 0
 0 0 0 0 0
 0 0 0 0 0
 0 0 0 0 0
 0 0 0 0 0
 0 0 0 0 0
 0 0 0 0 0
 0 0 0 0 0
 0 0 0 0 0
 0.505614 0.472636 0.0217494 0 0
 0 0 0 0 0
 0.443492 0.261883 0.143347 0.151278 0
 0.227955 0.32914 0.350689 0.0885471 0.00366901
 0.970185 0.0296113 0.000203453 0 0
 0.997202 0.00247181 0.000326279 0 0
 0.445219 0.490057 0.0546422 0.010081 0
 0.90214 0.0892962 0.00764917 0.000914606 0
 0 0 0 0 0
 0.581667 0.319106 0.0959925 0.00289975 0.000334073
 0.762889 0.0836404 0.116647 0.0363945 0.000428098
 0.88444 0.0763242 0.0277011 0.0115352 0
 0.521256 0.241999 0.230069 0.00667565 0
 0.616807 0.101726 0.260614 0.0208532 0
 0 0 0 0 0
ppred_PELACES
 0.510037 0.167609 0.29304 0.0293124 1.02299e-06
 0.530751 0.287849 0.0660093 0.105085 0.0103053
 0.676315 0.204739 0.0759773 0.0158388 0.027129
 0.745564 0.193919 0.039723 0.0133924 0.0074008
 0.718741 0.229974 0.040034 0.00744013 0.00381051
 0.880322 0.0943933 0.0210344 0.00333322 0.00091675
 0.460829 0.494167 0.0362148 0.00733801 0.00145182
 0.441716 0.313653 0.226027 0.015031 0.0035729
 0.652562 0.188296 0.0931134 0.0611033 0.00492575
 0.852417 0.110838 0.0208837 0.00935872 0.00650197
 0.899813 0.0903298 0.00759988 0.00129539 0.000962162
 0.84006 0.148608 0.0103127 0.000789672 0.000229469
 0.779911 0.195622 0.0228872 0.00144012 0.000139333
 0.783985 0.182749 0.0298838 0.00316817 0.000214189
 0.852662 0.125931 0.0183908 0.00271549 0.000301076
 0.969596 0.0273924 0.00261103 0.000345045 5.54375e-05
 0.386753 0.600785 0.011334 0.000980221 0.000147262
 0.951785 0.0232269 0.0245268 0.000420389 4.09657e-05
 0.639713 0.348789 0.00581407 0.00558117 0.000102865
 0.711416 0.209436 0.0768698 0.00116342 0.00111477
 0.785163 0.169508 0.0337524 0.0112511 0.000326055
 0.820727 0.151614 0.0222737 0.00403049 0.00135496
 0.301012 0.609811 0.0765435 0.0102158 0.00241814
 0.804213 0.075637 0.106077 0.0121142 0.00195827
 0.658889 0.294126 0.0192377 0.0245565 0.00319142
 0.441528 0.411966 0.128102 0.00762673 0.010778
 0.782439 0.116861 0.0761216 0.0215511 0.00302659
 0.727967 0.2295 0.0238884 0.0141642 0.00448052
 0.318236 0.541765 0.119937 0.011371 0.00869028
 0.429293 0.231603 0.274682 0.055364 0.00905883
 0.885208 0.0616207 0.0228581 0.0246501 0.00566332
pobs_pel_tallas
 0 0 0 0 0 0 0 0 0 0 0 0 0 0 0 0 0 0 0 0 0 0 0 0 0 0
 0 0 0 0 0 0 0 0 0 0 0 0 0 0 0 0 0 0 0 0 0 0 0 0 0 0
 0 0 0 0 0 0 0 0 0 0 0 0 0 0 0 0 0 0 0 0 0 0 0 0 0 0
 0 0 0 0 0 0 0 0 0 0 0 0 0 0 0 0 0 0 0 0 0 0 0 0 0 0
 0 0 0 0 0 0 0 0 0 0 0 0 0 0 0 0 0 0 0 0 0 0 0 0 0 0
 0 0 0 0 0 0 0 0 0 0 0 0 0 0 0 0 0 0 0 0 0 0 0 0 0 0
 0 0 0 0 0 0 0 0 0 0 0 0 0 0 0 0 0 0 0 0 0 0 0 0 0 0
 0 0 0 0 0 0 0 0 0 0 0 0 0 0 0 0 0 0 0 0 0 0 0 0 0 0
 0 0 0 0 0 0 0 0 0 0 0 0 0 0 0 0 0 0 0 0 0 0 0 0 0 0
 0 0 0 0 0 0 0 0 0 0 0 0 0 0 0 0 0 0 0 0 0 0 0 0 0 0
 0 0 0 0 0 0 0 0 0 0 0 0 0 0 0 0 0 0 0 0 0 0 0 0 0 0
 0 0 0 0 0 0 0 0 0 0 0 0 0 0 0 0 0 0 0 0 0 0 0 0 0 0
 0.00862536 0 0 0.000197151 0.00414017 0.0128641 0.00837892 0.0270097 0.101434 0.158115 0.152841 0.127902 0.109271 0.109419 0.0830992 0.0579132 0.0238553 0.00714673 0.00463305 0.00128148 0.00103504 0.000492878 0.000147863 0.000147863 4.92878e-05 0
 0 0 0 0 0 0 0 0 0 0 0 0 0 0 0 0 0 0 0 0 0 0 0 0 0 0
 0 0 0 0 0 0 0 0.0054083 0.00873648 0.0413646 0.0450493 0.0745869 0.0622846 0.0627006 0.0613931 0.0827291 0.12552 0.122667 0.0946155 0.0697135 0.0546179 0.0294188 0.0215738 0.0213955 0.0102223 0.00600262
 0 0 0 0 0.00359764 0.0251062 0.0480494 0.140153 0.205849 0.193036 0.1447 0.116669 0.0760912 0.0342217 0.00950174 0.001854 0.000860785 0 0 0 0.000165536 0 0.000143464 0 0 0
 0 0 0 0 0 0 0 0.000145254 0.000435761 0.0275982 0.070085 0.0708112 0.156366 0.174668 0.174014 0.160142 0.0824315 0.0480064 0.0283245 0.00493863 0.00203355 0 0 0 0 0
 0 0 0 0 0 0 0 0 0 0 0 0 0 0 0 0 0 0 0 0 0 0 0 0 0 0
 0 0 1.00437e-05 0.000401748 0.00122533 0.00171747 0.00176769 0.0269171 0.070346 0.194647 0.189555 0.159765 0.064822 0.0314167 0.0384472 0.0292271 0.0345202 0.0313363 0.0194345 0.0106764 0.0143323 0.0359363 0.0279516 0.0138201 0.00172751 0
 0 0.0021121 0.0136068 0.0755702 0.200478 0.177729 0.0527432 0.0373336 0.0318909 0.0142505 0.0149659 0.0166563 0.0217959 0.0798694 0.0677717 0.0528807 0.04013 0.0224614 0.0357745 0.0225083 0.00881397 0.00855152 0.00135912 0.000746735 0 0
 0 0 0 0 5.4009e-05 0.00500934 0.000945158 0.0243581 0.138947 0.33067 0.221406 0.137944 0.0707744 0.0437923 0.0131692 0.00525238 0.0047753 0.00276346 9.45158e-05 9.00151e-06 2.25038e-05 9.00151e-06 4.50075e-06 0 0 0
 0.000866109 0.00284123 0.00948549 0.0512746 0.133035 0.25785 0.225252 0.132002 0.0553304 0.0519788 0.0540692 0.017754 0.00435017 0.00159236 0.00146478 0.000404838 0.000125132 0.000115318 0.000107957 0.000100596 0 0 0 0 0 0
 0 0 0 0 0.00144013 0.00171154 0.00461396 0.0210425 0.0478622 0.0707936 0.0888783 0.103762 0.0637923 0.0337046 0.0602308 0.124433 0.169614 0.0934646 0.0462172 0.0250306 0.0313229 0.00938855 0.002487 0.000210481 0 0
 0 0.00764035 0.051015 0.0998891 0.058973 0.0496711 0.0374665 0.0718981 0.12319 0.153886 0.159021 0.0857701 0.0377988 0.023471 0.0147837 0.00900784 0.00315554 0.000888139 0.00291439 0.00214683 0.00393193 0.00274676 0.000635225 9.99891e-05 0 0
 0 0 0 0 0 0 0 0 0 0 0 0 0 0 0 0 0 0 0 0 0 0 0 0 0 0
 0 0 0 0 0 0 0 0 0 0 0 0 0 0 0 0 0 0 0 0 0 0 0 0 0 0
 0 0 0 0 0 0 0 0 0 0 0 0 0 0 0 0 0 0 0 0 0 0 0 0 0 0
 0 0 0 0 0 0 0 0 0 0 0 0 0 0 0 0 0 0 0 0 0 0 0 0 0 0
 0 0 0 0 0 0 0 0 0 0 0 0 0 0 0 0 0 0 0 0 0 0 0 0 0 0
 0 0 0 0 0 0 0 0 0 0 0 0 0 0 0 0 0 0 0 0 0 0 0 0 0 0
 0 0 0 0 0 0 0 0 0 0 0 0 0 0 0 0 0 0 0 0 0 0 0 0 0 0
ppred_pel_tallas
 1.1144e-16 4.20111e-05 0.000408363 0.00271372 0.0123362 0.0383825 0.0817785 0.119362 0.119378 0.0818598 0.0386564 0.0131327 0.0047334 0.0048847 0.0087405 0.0148967 0.0226491 0.0309653 0.0387314 0.0452962 0.0505989 0.0547021 0.0572137 0.0572369 0.0539568 0.0473442
 1.14262e-16 4.37173e-05 0.000424948 0.00282393 0.0128372 0.0399414 0.0851005 0.124212 0.12424 0.0852365 0.0403982 0.0141576 0.00614238 0.00768343 0.0138726 0.0229852 0.0334046 0.0426739 0.0483591 0.0494491 0.0469829 0.0432902 0.0404433 0.0391242 0.0386055 0.0375669
 1.08425e-16 5.57073e-05 0.000541494 0.00359842 0.0163579 0.0508956 0.108439 0.158274 0.158294 0.108536 0.0512211 0.017299 0.00596469 0.00572052 0.0099315 0.0164362 0.0239223 0.0306182 0.0347573 0.035543 0.0335986 0.0304678 0.0275824 0.0255219 0.0240084 0.0224138
 1.03792e-16 6.14112e-05 0.000596939 0.00396687 0.0180328 0.0561069 0.119542 0.174479 0.174498 0.119634 0.056414 0.0189202 0.00619545 0.00546579 0.00931967 0.0153405 0.0221652 0.0280292 0.0311778 0.0308091 0.0275409 0.0229639 0.0186519 0.0154073 0.0131822 0.0114983
 1.02606e-16 5.92018e-05 0.000575463 0.00382415 0.0173841 0.0540884 0.115242 0.168203 0.168226 0.11535 0.0544523 0.0184353 0.00646351 0.0063391 0.0110109 0.0181239 0.0261359 0.0329358 0.0364092 0.0355754 0.0311575 0.0250678 0.0192412 0.0147325 0.0115993 0.0093679
 1.01121e-16 7.2511e-05 0.000704833 0.00468386 0.0212922 0.0662479 0.141148 0.206012 0.206021 0.141193 0.0663974 0.0217242 0.00576882 0.0030752 0.00457976 0.00747078 0.0107879 0.0136343 0.0151451 0.0149173 0.0132356 0.0108607 0.0085556 0.00672685 0.00538804 0.0043566
 1.02154e-16 3.79579e-05 0.000368965 0.0024519 0.011146 0.0346797 0.0738905 0.107855 0.107903 0.0741229 0.0354599 0.013399 0.00810443 0.0126994 0.0234288 0.0386018 0.0554374 0.0693626 0.0757383 0.0724204 0.0610491 0.0459709 0.0316945 0.0208461 0.0137894 0.00954185
 1.08715e-16 3.63836e-05 0.000353662 0.00235021 0.0106837 0.0332412 0.070825 0.103378 0.103408 0.0709743 0.0337431 0.0121369 0.00601136 0.00839058 0.0154302 0.0257903 0.037934 0.0493321 0.0573614 0.0607035 0.059946 0.0568318 0.0528559 0.0484331 0.0431641 0.0366852
 1.09697e-16 5.37507e-05 0.000522476 0.00347204 0.0157834 0.0491081 0.104631 0.152715 0.152734 0.10472 0.0494084 0.0166525 0.00565977 0.00531909 0.00922521 0.0153303 0.0224701 0.0290956 0.0336691 0.0355124 0.0351708 0.0339132 0.0327852 0.0319889 0.0309861 0.0290742
 1.0267e-16 7.02125e-05 0.000682491 0.00453539 0.0206172 0.0641479 0.136674 0.199482 0.199493 0.136727 0.0643234 0.0211243 0.00580881 0.00346438 0.00535958 0.00876571 0.0126604 0.0160084 0.0178089 0.0176121 0.0157839 0.013247 0.0109083 0.00922081 0.00813443 0.00733986
 1.00536e-16 7.41164e-05 0.000720438 0.00478756 0.0217636 0.0677146 0.144273 0.210573 0.210582 0.144316 0.0678573 0.0221755 0.00582118 0.00297544 0.00435267 0.00706774 0.0101487 0.0127085 0.0138975 0.0133252 0.0112907 0.00858485 0.00602552 0.00408508 0.00282327 0.0020564
 1.00454e-16 6.91947e-05 0.000672597 0.00446964 0.0203184 0.063218 0.134693 0.196592 0.196606 0.134763 0.0634527 0.0209958 0.00616915 0.00437962 0.00710062 0.0116058 0.0166564 0.0208279 0.022718 0.0216781 0.0182 0.0135931 0.009221 0.0058851 0.00370836 0.00240653
 1.00879e-16 6.42403e-05 0.000624439 0.00414962 0.0188636 0.0586916 0.125049 0.182517 0.182536 0.125142 0.0590008 0.0197563 0.00639012 0.00551382 0.00934506 0.0153341 0.0220505 0.0276577 0.0303253 0.029201 0.0249105 0.0191304 0.013593 0.00929729 0.00637854 0.00447761
 1.01264e-16 6.45758e-05 0.0006277 0.00417129 0.0189621 0.0589981 0.125702 0.18347 0.183488 0.125789 0.0592872 0.0197971 0.00626756 0.00520455 0.0087587 0.0143822 0.0207212 0.0260743 0.0287473 0.0279487 0.0242461 0.0191633 0.0142579 0.0104031 0.00768856 0.00577973
 1.00887e-16 7.02327e-05 0.000682687 0.00453669 0.0206232 0.0641664 0.136714 0.19954 0.199552 0.136773 0.0643655 0.0211983 0.00598049 0.00383448 0.00605592 0.00989999 0.0142527 0.017918 0.0197249 0.0191291 0.0165283 0.0129838 0.00958224 0.00693465 0.00510371 0.00384964
 1.00127e-16 7.98644e-05 0.00077631 0.00515885 0.0234514 0.072966 0.155462 0.226902 0.226904 0.155475 0.0730093 0.0235763 0.00547239 0.0014604 0.00137799 0.00214882 0.00308085 0.00385945 0.00422348 0.00405371 0.00343947 0.0026186 0.00183721 0.00123777 0.000839454 0.000589558
 1.00604e-16 3.18565e-05 0.000309656 0.00205778 0.0093544 0.0291053 0.0620141 0.0905235 0.0905813 0.0622964 0.0300528 0.0120895 0.00891738 0.0152645 0.0283756 0.0467074 0.0669217 0.083399 0.0904348 0.0853993 0.0703467 0.0507219 0.0322429 0.0183422 0.00961833 0.00489166
 1.00763e-16 7.83973e-05 0.000762049 0.00506409 0.0230206 0.0716256 0.152606 0.222734 0.222736 0.152617 0.0716631 0.0231291 0.0053379 0.00136492 0.00123833 0.00196194 0.00290846 0.00384301 0.00457651 0.00500971 0.00516612 0.00513515 0.00497789 0.00468403 0.00421018 0.00355028
 1.00835e-16 5.26924e-05 0.000512189 0.00340368 0.0154726 0.0481413 0.102571 0.149713 0.149747 0.102735 0.0486914 0.0170606 0.00738625 0.00919493 0.0165098 0.0271242 0.038866 0.0484508 0.052573 0.0497164 0.0410834 0.0298395 0.0192965 0.0114239 0.00653331 0.00390147
 1.02578e-16 5.85984e-05 0.000569598 0.00378518 0.0172069 0.0535371 0.114067 0.166489 0.166509 0.114166 0.0538698 0.0181686 0.00620257 0.00585777 0.0101337 0.0167427 0.0243023 0.0309495 0.0348032 0.034956 0.0319566 0.0273382 0.0226108 0.0185369 0.0151201 0.012063
 1.02201e-16 6.46729e-05 0.000628643 0.00417756 0.0189906 0.0590868 0.125891 0.183745 0.183762 0.125971 0.0593552 0.019766 0.00612487 0.00488241 0.0081515 0.0133951 0.0193403 0.024427 0.027108 0.0266674 0.0236316 0.0193845 0.0153095 0.0121352 0.00986535 0.00813789
 1.01316e-16 6.76022e-05 0.000657118 0.00436678 0.0198507 0.0617631 0.131593 0.192067 0.192082 0.131665 0.0620029 0.0205433 0.00610521 0.00445223 0.00727551 0.0119216 0.0171681 0.0215909 0.0237845 0.0230974 0.020012 0.0158073 0.0117884 0.00868321 0.0065546 0.00509972
 1.03799e-16 2.47941e-05 0.000241007 0.00160158 0.00728059 0.0226529 0.0482666 0.0704589 0.0705176 0.0485537 0.0236168 0.0100644 0.00858839 0.0154899 0.0289751 0.0478353 0.0688401 0.0864239 0.0949133 0.0916686 0.0786424 0.0610393 0.0442102 0.0312011 0.0223642 0.0165293
 1.04627e-16 6.6242e-05 0.000643896 0.00427891 0.0194513 0.0605203 0.128945 0.188201 0.188208 0.128982 0.0606431 0.0198078 0.00518102 0.00263724 0.00392237 0.00656317 0.00987542 0.0133088 0.0163205 0.0186168 0.0202348 0.0213378 0.0219243 0.0217428 0.02049 0.0180973
 1.03634e-16 5.42719e-05 0.000527542 0.0035057 0.0159364 0.0495843 0.105646 0.154199 0.154227 0.105784 0.0500488 0.0172777 0.00687123 0.0078703 0.0139875 0.0230078 0.0330706 0.0414536 0.0454318 0.0437769 0.0375093 0.0292334 0.0215964 0.0160565 0.012669 0.0106754
 1.06391e-16 3.63681e-05 0.000353511 0.00234921 0.0106792 0.0332271 0.0707954 0.103336 0.103376 0.07099 0.0338808 0.0125686 0.00709702 0.0107349 0.0198016 0.032806 0.0475501 0.0604068 0.0676711 0.0675875 0.0613195 0.0520158 0.0427847 0.0352053 0.02925 0.0241772
 1.04901e-16 6.44485e-05 0.000626463 0.00416306 0.0189247 0.0588818 0.125454 0.183107 0.183118 0.12551 0.0590687 0.0194657 0.00552584 0.00361743 0.00579202 0.00959712 0.0141091 0.0183533 0.0213698 0.0227044 0.0226252 0.0218267 0.0208784 0.0198889 0.0185998 0.0167283
 1.02927e-16 5.99617e-05 0.00058285 0.00387324 0.0176072 0.0547827 0.116721 0.170362 0.170385 0.116829 0.0551454 0.0186547 0.0065021 0.00632022 0.0109522 0.0180013 0.025904 0.0325337 0.0357701 0.0346494 0.0299436 0.0236435 0.0177689 0.013427 0.0106624 0.00891827
 1.06211e-16 2.62128e-05 0.000254798 0.00169322 0.00769718 0.0239491 0.051028 0.0744877 0.07454 0.0512834 0.0248071 0.0101764 0.00791948 0.0138569 0.0258887 0.0428343 0.0618783 0.0781762 0.0867791 0.0853654 0.0755677 0.0617608 0.0483496 0.0377039 0.0299402 0.0240362
 1.15072e-16 3.53604e-05 0.000343715 0.00228411 0.0103832 0.0323062 0.0688327 0.100468 0.100491 0.0689439 0.0326807 0.0114697 0.00503038 0.00640191 0.0117262 0.0198142 0.0296725 0.0396867 0.0481704 0.0542665 0.0582441 0.0608625 0.0624011 0.0622723 0.0595223 0.0536902
 1.04106e-16 7.29134e-05 0.000708744 0.00470985 0.0214103 0.0666155 0.141932 0.207154 0.20716 0.141961 0.0667136 0.0216941 0.00542374 0.0022727 0.00305984 0.00498822 0.00728824 0.00940542 0.0108375 0.0113809 0.0112496 0.010905 0.0107274 0.0107894 0.0108735 0.0106663
pSPR Fmed_Fpbrs
0.358716   0.253278 0.253278
Fs Fmed_Fpbrs
0.700942   1.005 1.005
SSBpbr Bo_Bmed_Bpbrs
1.1865e+06  366292  241190 241190
Ro
99266.2
SPR SPRFo_SPRFmed_SPRFpbrs
706840 253555 179027
Fref
1.005
log_Ro
11.3256
likeval ReclasPelacesDesembMPH_pf_preclas_ppelaces_ptallas_desvR_qrecl_qpela
 12.1845 15.8765 0.0211821 0.000840257 234.932 119.01 86.1745 0 27.697 3.78808e-05 0.000117501 0.0101256 0 0 0
q_reclas_q_pelaces
2.39205 4.67474
M
1
N
 128817 30223.6 47463.7 4634.06 0.160928
 88504.8 37725.3 7833.05 12176.8 1188.25
 87799.6 20884.5 7017.03 1428.42 2434.59
 88656 20730.3 3888.1 1280.8 704.326
 65661.3 15464.2 2424.18 439.796 224.133
 224260 17955.9 3607.47 558.084 152.735
 61273.6 59376.2 3985.88 789.139 155.368
 21496.2 10564.4 6820.57 442.651 104.698
 26913.2 6751.02 3048.18 1954.13 156.758
 36200.4 5062.37 886.46 388.46 268.575
 59152.1 4219.93 318.787 53.0346 39.1973
 111141 17505.2 1111.37 83.1461 24.043
 90814.7 19812.3 2116.55 130.106 12.5262
 66852.8 17062.7 2596.94 269.245 18.1146
 50564.2 7485.6 1010.04 145.79 16.0857
 280441 6905.27 601.111 77.6043 12.4074
 41353.7 52447.5 898.715 75.9101 11.3482
 474206 8957.79 8553.74 143.153 13.8812
 255040 115795 1756.12 1646.56 30.1984
 216514 52844.7 17639.7 260.761 248.631
 265108 45309.9 8173.85 2660.71 76.7273
 404076 61545.9 8219.39 1452.65 485.954
 55637.7 85614.4 9702.49 1264.28 297.788
 202925 14176.4 17917.2 1997.54 321.31
 163937 54367.5 3204.66 3993.47 516.438
 64632.3 43904.4 12282.7 713.823 1003.78
 162771 18115.1 10636.8 2939.88 410.834
 191173 43299.9 4050.46 2344.21 737.875
 45186.7 55205 10982.3 1016.31 772.872
 30627.4 13081.3 14055.9 2766.52 450.44
 140313 7109.86 2372.79 2497.77 571.024
pred_Ctot
 16916.7 5808.27 9348.96 913.975 0.0317419
 20793.5 12451.2 2641.15 4110.44 401.135
 20605.1 6886.02 2363.66 481.706 821.066
 31277.8 9776.19 1866.05 615.28 338.365
 10912.5 3710.68 595.553 108.181 55.1359
 40809.8 4688.59 963.946 149.308 40.8649
 21862 28268.8 1931 382.661 75.3429
 2013.89 1469.11 973.273 63.2519 14.9618
 8772.59 2975.92 1368.66 878.285 70.4586
 17100.6 3028.04 537.495 235.708 162.97
 7443.27 778.696 60.3028 10.0455 7.42502
 38368.9 8104.79 523.799 39.2245 11.343
 29640 8743.14 951.391 58.54 5.63633
 32252.9 10374.1 1600.03 166.005 11.1691
 21730.3 4154.67 569.074 82.2057 9.07051
 92003.8 3060.83 271.386 35.0705 5.60738
 11217.1 19689.1 344.271 29.1102 4.35209
 104186 2781.88 2715.12 45.4925 4.41156
 73741.2 45991.6 711.324 667.641 12.2454
 61747.8 20736.8 7060.13 104.477 99.6223
 64169.6 15362.4 2830.6 922.437 26.6021
 113234 23780.5 3239.76 573.185 191.757
 11137.5 24415.1 2829.83 369.182 86.9624
 35763.5 3593.13 4648.05 518.842 83.4623
 28923.8 13794 832.19 1038.31 134.284
 9946.1 9801.66 2808.54 163.43 229.833
 29249.7 4675.18 2809.39 777.44 108.651
 26503.8 8760.15 839.716 486.62 153.181
 6205.96 11069.7 2256.68 209.107 159.03
 7414.16 4435.66 4867.98 959.211 156.186
 21565.9 1585.45 541.937 571.211 130.595
F
 0.228064 0.35027 0.360436 0.360987 0.361016
 0.444051 0.681992 0.701784 0.702858 0.702914
 0.443461 0.681086 0.700851 0.701924 0.70198
 0.746238 1.1461 1.17936 1.18117 1.18126
 0.296593 0.45552 0.468739 0.469456 0.469494
 0.328914 0.50516 0.51982 0.520615 0.520657
 0.757859 1.16395 1.19773 1.19956 1.19966
 0.158184 0.242945 0.249996 0.250378 0.250398
 0.67078 1.03021 1.06011 1.06173 1.06182
 1.14925 1.76507 1.81629 1.81907 1.81922
 0.217616 0.334224 0.343923 0.344449 0.344477
 0.724494 1.11271 1.145 1.14675 1.14684
 0.671926 1.03197 1.06192 1.06355 1.06363
 1.18951 1.8269 1.87992 1.8828 1.88295
 0.990959 1.52196 1.56612 1.56852 1.56865
 0.67655 1.03907 1.06923 1.07086 1.07095
 0.52964 0.813443 0.83705 0.83833 0.838398
 0.409818 0.629416 0.647682 0.648673 0.648725
 0.574065 0.881673 0.907259 0.908647 0.908721
 0.564131 0.866416 0.89156 0.892924 0.892996
 0.460353 0.707029 0.727548 0.728661 0.728719
 0.55175 0.8474 0.871992 0.873326 0.873396
 0.367286 0.564093 0.580464 0.581352 0.581399
 0.317069 0.486969 0.501101 0.501867 0.501908
 0.317466 0.487578 0.501727 0.502495 0.502535
 0.271966 0.417697 0.429819 0.430477 0.430511
 0.324198 0.497917 0.512366 0.51315 0.513192
 0.242124 0.371864 0.382656 0.383241 0.383272
 0.239618 0.368015 0.378695 0.379274 0.379305
 0.460411 0.707119 0.72764 0.728753 0.728811
 0.271592 0.417123 0.429228 0.429884 0.429919
nmprior
 8 9 7.5 0
nm_flota  nm_reclas  nm_pelaces    nm_pelaL
inf 19.9563 10.1066 16.0519
cv_recla  cv_pelaces  cv_mph
0.315739 0.468858 0.894564
 ------------------------------------------------
Talla a la edad & desviación 
 8 13.2811 15.8009 17.003 17.5766
 0.8 1.32811 1.58009 1.7003 1.75766
