years
 1991 1992 1993 1994 1995 1996 1997 1998 1999 2000 2001 2002 2003 2004 2005 2006 2007 2008 2009 2010 2011 2012 2013 2014 2015 2016 2017 2018 2019 2020 2021
reclasobs
 0 0 0 0 0 0 0 0 0 252601 567819 844713 477998 351125 339783 2.1784e+06 2.13404e+06 4.81314e+06 1.55562e+06 2.62356e+06 3.21686e+06 3.843e+06 1.13348e+06 3.07943e+06 1.97215e+06 2.03268e+06 2.025e+06 2.42433e+06 2.27542e+06 1.05018e+06 2.36338e+06
reclaspred
 3.33553e+06 1.87481e+06 950623 958794 960429 1.49566e+06 952572 847500 616756 448172 506747 646846 637068 501511 510063 1.28506e+06 1.2378e+06 2.77424e+06 2.29239e+06 1.75277e+06 3.07731e+06 2.48618e+06 1.9766e+06 3.03116e+06 2.28284e+06 2.02526e+06 2.39489e+06 2.5448e+06 2.08067e+06 1.30992e+06 2.02511e+06
pelacesobs
 0 0 0 0 0 0 0 0 0 0 0 0 0 0 0 552880 188675 0 991730 2.46772e+06 1.41603e+06 1.21717e+06 2.29649e+06 1.80582e+06 0 1.4828e+06 1.56532e+06 1.57751e+06 1.42118e+06 867257 0
pelacespred
 1.88766e+06 1.18198e+06 600774 495009 514801 827878 492876 537084 379200 261328 304646 324340 350521 291706 304533 635692 612998 1.57895e+06 1.34693e+06 952970 1.62339e+06 1.42751e+06 1.13124e+06 1.89723e+06 1.37751e+06 1.2182e+06 1.64198e+06 1.72378e+06 1.15887e+06 828387 1.19932e+06
mphobs
 0 0 0 0 0 0 0 0 0 0 0 498337 0 5186 125008 0 168611 109162 213762 579715 649985 157893 87575 83554 0 0 0 0 0 0 0
mphpred
 506994 338898 169615 92730.1 102953 116590 151673 95789.6 84780 58531.8 38538.2 60004.9 64281 54560 37544.2 47578.9 147994 140223 275432 208859 230322 280956 265639 219390 303933 251677 207763 221128 308498 208681 115085
desembarqueobs
 494567 514787 250237 358949 120608 361735 552515 73892 212993 205616 52469 317467 293654 387597 252695 516296 358380 742168 942051 627588 828172 859565 418607 520667 417249 300574 407403 355545 319650 289779 219260
desembarquepred
 494574 513444 250917 358977 120613 361750 552570 73896.2 213043 205663 52471.6 317537 293710 387644 252694 516267 358406 742082 941887 627475 828246 859591 418618 520692 417250 300577 407405 355533 319644 289789 219263
Reclutas
 203094 115770 115737 198950 159210 265971 111250 51375.4 47633.6 62475 115552 152115 127017 89670.5 89931.4 470694 100667 722351 422415 341034 477917 643961 135933 398060 339338 152315 338196 379505 109155 82911.1 385855
log_desv_Rt
 0.104956 -0.457111 -0.457394 0.0843387 -0.138488 0.374674 -0.496933 -1.26956 -1.34518 -1.07395 -0.458998 -0.184081 -0.364396 -0.712573 -0.709667 0.945494 -0.596897 1.3738 0.837273 0.623266 0.960722 1.25892 -0.296551 0.777888 0.618283 -0.182762 0.61491 0.730154 -0.515946 -0.790946 0.746746
SSB
 3.38711e+06 2.2641e+06 1.13316e+06 619508 687802 778908 1.01329e+06 639948 566395 391037 257464 400878 429446 364502 250824 317863 988712 936794 1.8401e+06 1.39534e+06 1.53873e+06 1.877e+06 1.77467e+06 1.46569e+06 2.0305e+06 1.6814e+06 1.38801e+06 1.4773e+06 2.061e+06 1.39415e+06 768854
BT
 4.54284e+06 3.09139e+06 1.56303e+06 1.38346e+06 1.21962e+06 2.11702e+06 1.57344e+06 1.23805e+06 1.04035e+06 769977 711296 975685 1.03306e+06 1.04103e+06 919039 1.80861e+06 1.61989e+06 4.10617e+06 3.84966e+06 2.64297e+06 4.21864e+06 3.92368e+06 2.83709e+06 4.63038e+06 3.39479e+06 2.92825e+06 4.00369e+06 4.1229e+06 2.79651e+06 2.09236e+06 2.80798e+06
Ftot
 0.125719 0.228644 0.222544 0.333706 0.111734 0.220987 0.484563 0.0770455 0.301642 0.397503 0.0976419 0.43631 0.4081 0.674091 0.45692 0.38542 0.250445 0.253011 0.361794 0.317373 0.243041 0.309957 0.182506 0.159668 0.161453 0.130047 0.157195 0.130697 0.13012 0.188877 0.10371
BD_Bspro_t
 0.980124 0.85492 0.703138 0.617547 0.611702 0.683568 0.672188 0.515996 0.572384 0.530486 0.496897 0.688152 0.573187 0.484519 0.380035 0.438186 0.601904 0.576422 0.669722 0.57561 0.553525 0.599038 0.613667 0.607062 0.708991 0.717932 0.725579 0.761094 0.804982 0.739332 0.687158
BD_Bspro
 2.60132 1.73884 0.870271 0.475785 0.528235 0.598205 0.778215 0.491483 0.434994 0.300318 0.197734 0.307876 0.329816 0.279939 0.192634 0.24412 0.759335 0.719462 1.4132 1.07163 1.18175 1.44154 1.36296 1.12566 1.55944 1.29132 1.066 1.13457 1.58286 1.07071 0.590484
BD_Bo
 1.76818 1.18194 0.591547 0.323404 0.359056 0.406616 0.528974 0.334074 0.295677 0.204135 0.134405 0.209272 0.224185 0.190282 0.130939 0.165935 0.516141 0.489038 0.960593 0.728415 0.803268 0.979856 0.926439 0.76514 1.05999 0.877745 0.724589 0.771201 1.07591 0.727793 0.401368
BD_Brms
 3.21488 2.14897 1.07554 0.588007 0.652828 0.739302 0.96177 0.607408 0.537595 0.371154 0.244373 0.380495 0.407609 0.345968 0.23807 0.3017 0.938438 0.88916 1.74653 1.32439 1.46049 1.78156 1.68443 1.39116 1.92726 1.5959 1.31743 1.40218 1.9562 1.32326 0.72976
Sel_flota
 0.801188 0.987108 0.999313 0.999964 0.999998
 0.801188 0.987108 0.999313 0.999964 0.999998
 0.801188 0.987108 0.999313 0.999964 0.999998
 0.801188 0.987108 0.999313 0.999964 0.999998
 0.801188 0.987108 0.999313 0.999964 0.999998
 0.801188 0.987108 0.999313 0.999964 0.999998
 0.801188 0.987108 0.999313 0.999964 0.999998
 0.801188 0.987108 0.999313 0.999964 0.999998
 0.801188 0.987108 0.999313 0.999964 0.999998
 0.801188 0.987108 0.999313 0.999964 0.999998
 0.801188 0.987108 0.999313 0.999964 0.999998
 0.801188 0.987108 0.999313 0.999964 0.999998
 0.801188 0.987108 0.999313 0.999964 0.999998
 0.801188 0.987108 0.999313 0.999964 0.999998
 0.801188 0.987108 0.999313 0.999964 0.999998
 0.801188 0.987108 0.999313 0.999964 0.999998
 0.801188 0.987108 0.999313 0.999964 0.999998
 0.801188 0.987108 0.999313 0.999964 0.999998
 0.801188 0.987108 0.999313 0.999964 0.999998
 0.801188 0.987108 0.999313 0.999964 0.999998
 0.801188 0.987108 0.999313 0.999964 0.999998
 0.801188 0.987108 0.999313 0.999964 0.999998
 0.801188 0.987108 0.999313 0.999964 0.999998
 0.801188 0.987108 0.999313 0.999964 0.999998
 0.801188 0.987108 0.999313 0.999964 0.999998
 0.801188 0.987108 0.999313 0.999964 0.999998
 0.801188 0.987108 0.999313 0.999964 0.999998
 0.801188 0.987108 0.999313 0.999964 0.999998
 0.801188 0.987108 0.999313 0.999964 0.999998
 0.801188 0.987108 0.999313 0.999964 0.999998
 0.801188 0.987108 0.999313 0.999964 0.999998
Sel_reclas
 1 1 1 1 1
 1 1 1 1 1
 1 1 1 1 1
 1 1 1 1 1
 1 1 1 1 1
 1 1 1 1 1
 1 1 1 1 1
 1 1 1 1 1
 1 1 1 1 1
 1 1 1 1 1
 1 1 1 1 1
 1 1 1 1 1
 1 1 1 1 1
 1 1 1 1 1
 1 1 1 1 1
 1 1 1 1 1
 1 1 1 1 1
 1 1 1 1 1
 1 1 1 1 1
 1 1 1 1 1
 1 1 1 1 1
 1 1 1 1 1
 1 1 1 1 1
 1 1 1 1 1
 1 1 1 1 1
 1 1 1 1 1
 1 1 1 1 1
 1 1 1 1 1
 1 1 1 1 1
 1 1 1 1 1
 1 1 1 1 1
Sel_pelaces
 1 1 1 1 1
 1 1 1 1 1
 1 1 1 1 1
 1 1 1 1 1
 1 1 1 1 1
 1 1 1 1 1
 1 1 1 1 1
 1 1 1 1 1
 1 1 1 1 1
 1 1 1 1 1
 1 1 1 1 1
 1 1 1 1 1
 1 1 1 1 1
 1 1 1 1 1
 1 1 1 1 1
 1 1 1 1 1
 1 1 1 1 1
 1 1 1 1 1
 1 1 1 1 1
 1 1 1 1 1
 1 1 1 1 1
 1 1 1 1 1
 1 1 1 1 1
 1 1 1 1 1
 1 1 1 1 1
 1 1 1 1 1
 1 1 1 1 1
 1 1 1 1 1
 1 1 1 1 1
 1 1 1 1 1
 1 1 1 1 1
pf_obs 
 0.8446 0.082 0.0669 0.0065 0
 0.8095 0.147 0.0364 0.0071 0
 0.9664 0.0169 0.016 0.0007 0
 0.9276 0.0648 0.0075 0.0001 0
 0.7033 0.2144 0.0806 0.0017 0
 0.9318 0.0425 0.0243 0.0014 0
 0.5671 0.3108 0.0964 0.0239 0.0018
 0.0768 0.2599 0.5324 0.112 0.0189
 0.490249 0.384438 0.106611 0.0170017 0.00170017
 0.7925 0.1577 0.0466 0.003 0.0002
 0.840416 0.127587 0.0312969 0.00059994 9.999e-05
 0.8084 0.0986 0.0794 0.0134 0.0002
 0.7335 0.1905 0.0724 0.0035 0.0001
 0.4001 0.4547 0.1325 0.0127 0
 0.49795 0.308269 0.164784 0.0264974 0.00249975
 0.9179 0.0499 0.0305 0.0017 0
 0.2467 0.6533 0.0926 0.0074 0
 0.9418 0.0223 0.034 0.0019 0
 0.707729 0.231977 0.0356964 0.0245975 0
 0.517169 0.277429 0.184464 0.0207286 0.00020938
 0.811772 0.124168 0.05621 0.00726502 0.000585176
 0.764997 0.148141 0.077277 0.00933861 0.000247198
 0.163321 0.427699 0.378323 0.0303852 0.000271297
 0.753843 0.0900009 0.118128 0.0371064 0.000921714
 0.721811 0.176058 0.0630433 0.0369309 0.00215725
 0.143369 0.312575 0.442814 0.0836902 0.0175525
 0.692698 0.0596174 0.167031 0.0765114 0.00414204
 0.394062 0.376323 0.152708 0.0712218 0.00568511
 0.125707 0.32114 0.495352 0.0537591 0.00404204
 0.23352 0.215282 0.420074 0.123614 0.00750983
 0 0 0 0 0
pf_pred 
 0.438788 0.120353 0.41664 0.0242184 7.91454e-07
 0.411302 0.290693 0.0645446 0.220643 0.0128174
 0.557575 0.207002 0.117069 0.0256484 0.0927053
 0.740195 0.159346 0.0473463 0.0264213 0.0266916
 0.64579 0.277578 0.0472645 0.0138464 0.0155209
 0.739518 0.180452 0.0628885 0.0105753 0.00656636
 0.471048 0.413048 0.0806268 0.0277256 0.00755175
 0.446972 0.295795 0.20155 0.0387443 0.0169382
 0.526497 0.236645 0.127418 0.0857616 0.0236779
 0.689492 0.181797 0.0647873 0.0343999 0.029524
 0.807069 0.142766 0.0295534 0.010379 0.0102325
 0.730899 0.225509 0.0323633 0.00661652 0.00461145
 0.676584 0.25137 0.0605231 0.00855631 0.00296607
 0.622453 0.275053 0.0799266 0.0189604 0.0036068
 0.729158 0.18582 0.0622286 0.0177787 0.00501523
 0.930063 0.0543077 0.0107747 0.00355395 0.00130073
 0.382052 0.583585 0.0267722 0.00523473 0.00235673
 0.895948 0.0454399 0.0553947 0.00250707 0.000710381
 0.597726 0.368414 0.0149004 0.0179196 0.00104005
 0.614354 0.252154 0.122407 0.00487988 0.00620452
 0.730905 0.180029 0.0585194 0.0280117 0.00253461
 0.740846 0.20048 0.0394326 0.0126459 0.00659624
 0.321655 0.531422 0.114023 0.0221159 0.0107839
 0.737639 0.0974561 0.129556 0.0274383 0.00791144
 0.627474 0.289994 0.0309077 0.0405637 0.0110604
 0.435156 0.382295 0.142522 0.0149962 0.0250304
 0.728897 0.132484 0.0942058 0.0346802 0.009733
 0.685997 0.241879 0.0354806 0.0249082 0.0117348
 0.341962 0.480526 0.137145 0.0198652 0.020502
 0.425051 0.225299 0.256206 0.0722051 0.0212382
 0.852741 0.0708244 0.0301929 0.03389 0.0123517
pobs_RECLAS
 0 0 0 0 0
 0 0 0 0 0
 0 0 0 0 0
 0 0 0 0 0
 0 0 0 0 0
 0 0 0 0 0
 0 0 0 0 0
 0 0 0 0 0
 0 0 0 0 0
 0 0 0 0 0
 0.991045 0.00858322 0.000360255 1.14367e-05 0
 0.934742 0.0480273 0.0164251 0.00080598 0
 0.827803 0.169806 0.00239088 0 0
 0.941827 0.0461693 0.0120037 0 0
 0.791401 0.0380133 0.147996 0.0225897 0
 0.846168 0.0940531 0.0597789 0 0
 0.134021 0.677848 0.182769 0.00536245 0
 0.80878 0.0450904 0.141981 0.00414843 0
 0.846168 0.0940531 0.0597789 0 0
 0.905697 0.0802665 0.012482 0.00150086 5.37128e-05
 0.989698 0.0102097 9.19794e-05 0 0
 0.975433 0.0193895 0.00387452 0.00125025 5.28907e-05
 0.303575 0.632131 0.0575291 0.00676475 0
 0.966965 0.00978017 0.0227588 0.000495775 0
 0.843318 0.132988 0.00938335 0.0141283 0.000182051
 0.564624 0.303363 0.111486 0.0197234 0.00080311
 0.826376 0.0876187 0.0782897 0.00655872 0.00115652
 0.89761 0.0855135 0.0140674 0.00269457 0.000114338
 0.34875 0.467042 0.161289 0.0227151 0.000203297
 0.318654 0.224769 0.449479 0.00709798 0
 0.937255 0.0296025 0.0250945 0.00804832 0
ppred_RECLAS
 0.493627 0.10966 0.374933 0.0217797 7.11734e-07
 0.465274 0.265792 0.0582786 0.19909 0.011565
 0.610853 0.183326 0.102385 0.0224164 0.0810205
 0.78027 0.135448 0.0397365 0.0221598 0.0223856
 0.692932 0.241293 0.0405791 0.0118801 0.0133163
 0.779033 0.153673 0.0528878 0.00888763 0.00551829
 0.526484 0.370825 0.0714506 0.0245532 0.00668743
 0.500707 0.268609 0.180775 0.0347279 0.0151818
 0.581037 0.210749 0.112045 0.0753637 0.0208064
 0.734968 0.156018 0.0548916 0.0291257 0.0249965
 0.838167 0.120147 0.0245648 0.00862137 0.00849939
 0.771903 0.191551 0.0271374 0.00554432 0.00386403
 0.722731 0.216123 0.051372 0.00725766 0.0025158
 0.674449 0.238041 0.068252 0.0161794 0.00307767
 0.770794 0.157901 0.0521989 0.014903 0.00420387
 0.943055 0.0443475 0.00868654 0.00286325 0.0010479
 0.433686 0.535198 0.0242451 0.00473744 0.00213277
 0.914781 0.0374804 0.0451192 0.00204066 0.000578202
 0.648623 0.322155 0.0128641 0.0154602 0.000897277
 0.664827 0.220118 0.105507 0.00420331 0.0053441
 0.771465 0.153541 0.049285 0.0235757 0.00213315
 0.780389 0.170384 0.0330905 0.0106049 0.00553143
 0.370156 0.494774 0.10484 0.0203214 0.00990854
 0.777835 0.0831803 0.109207 0.0231135 0.0066642
 0.67606 0.25289 0.0266189 0.034912 0.009519
 0.488525 0.347579 0.127978 0.013457 0.0224606
 0.769751 0.113249 0.0795307 0.0292584 0.00821111
 0.730132 0.20849 0.0302048 0.0211905 0.00998301
 0.391671 0.44573 0.125642 0.018187 0.0187694
 0.479426 0.205569 0.230862 0.0650195 0.019124
 0.877965 0.0590833 0.0248771 0.0279049 0.01017
pobs_PELACES
 0 0 0 0 0
 0 0 0 0 0
 0 0 0 0 0
 0 0 0 0 0
 0 0 0 0 0
 0 0 0 0 0
 0 0 0 0 0
 0 0 0 0 0
 0 0 0 0 0
 0 0 0 0 0
 0 0 0 0 0
 0 0 0 0 0
 0 0 0 0 0
 0 0 0 0 0
 0 0 0 0 0
 0 0 0 0 0
 0.505614 0.472636 0.0217494 0 0
 0 0 0 0 0
 0.443492 0.261883 0.143347 0.151278 0
 0.227955 0.32914 0.350689 0.0885471 0.00366901
 0.970185 0.0296113 0.000203453 0 0
 0.997202 0.00247181 0.000326279 0 0
 0.445219 0.490057 0.0546422 0.010081 0
 0.90214 0.0892962 0.00764917 0.000914606 0
 0 0 0 0 0
 0.581667 0.319106 0.0959925 0.00289975 0.000334073
 0.762889 0.0836404 0.116647 0.0363945 0.000428098
 0.88444 0.0763242 0.0277011 0.0115352 0
 0.521256 0.241999 0.230069 0.00667565 0
 0.616807 0.101726 0.260614 0.0208532 0
 0 0 0 0 0
ppred_PELACES
 0.495654 0.109264 0.373391 0.0216896 7.08787e-07
 0.468886 0.264124 0.0578596 0.197649 0.0114812
 0.614209 0.181833 0.10146 0.0222129 0.0802848
 0.78385 0.133312 0.0390573 0.0217794 0.0220014
 0.694409 0.240155 0.0403696 0.0118185 0.0132472
 0.781405 0.152065 0.0522878 0.0087864 0.00545542
 0.533996 0.365099 0.0702101 0.0241244 0.0065706
 0.501925 0.267992 0.180304 0.0346369 0.015142
 0.585685 0.208539 0.110736 0.0744783 0.0205619
 0.739821 0.153265 0.0538366 0.0285635 0.0245139
 0.838992 0.119547 0.0244325 0.00857476 0.00845343
 0.776632 0.187634 0.0265357 0.00542089 0.00377799
 0.727793 0.212255 0.0503698 0.00711544 0.00246649
 0.683624 0.231504 0.0661976 0.0156902 0.00298457
 0.77581 0.154535 0.0509923 0.0145571 0.00410627
 0.94433 0.0433697 0.00848183 0.00279554 0.00102311
 0.437478 0.531645 0.0240598 0.00470099 0.00211635
 0.916028 0.0369534 0.0444395 0.00200981 0.000569458
 0.653694 0.317546 0.0126616 0.0152156 0.000883079
 0.66925 0.21731 0.104028 0.00414409 0.0052688
 0.774141 0.151793 0.0486763 0.0232833 0.00210668
 0.783679 0.16788 0.0325634 0.0104353 0.00544293
 0.372808 0.492769 0.104339 0.0202234 0.00986074
 0.779593 0.0825556 0.108317 0.0229244 0.00660966
 0.678258 0.251211 0.026425 0.0346565 0.00944932
 0.490561 0.346254 0.127424 0.0133984 0.0223626
 0.771513 0.112419 0.0788977 0.0290246 0.00814547
 0.731733 0.207278 0.0300135 0.0210557 0.00991948
 0.393609 0.444374 0.125194 0.0181216 0.0187019
 0.482435 0.204476 0.22946 0.064622 0.0190071
 0.878669 0.0587556 0.0247288 0.027738 0.0101091
pobs_pel_tallas
 0 0 0 0 0 0 0 0 0 0 0 0 0 0 0 0 0 0 0 0 0 0 0 0 0 0
 0 0 0 0 0 0 0 0 0 0 0 0 0 0 0 0 0 0 0 0 0 0 0 0 0 0
 0 0 0 0 0 0 0 0 0 0 0 0 0 0 0 0 0 0 0 0 0 0 0 0 0 0
 0 0 0 0 0 0 0 0 0 0 0 0 0 0 0 0 0 0 0 0 0 0 0 0 0 0
 0 0 0 0 0 0 0 0 0 0 0 0 0 0 0 0 0 0 0 0 0 0 0 0 0 0
 0 0 0 0 0 0 0 0 0 0 0 0 0 0 0 0 0 0 0 0 0 0 0 0 0 0
 0 0 0 0 0 0 0 0 0 0 0 0 0 0 0 0 0 0 0 0 0 0 0 0 0 0
 0 0 0 0 0 0 0 0 0 0 0 0 0 0 0 0 0 0 0 0 0 0 0 0 0 0
 0 0 0 0 0 0 0 0 0 0 0 0 0 0 0 0 0 0 0 0 0 0 0 0 0 0
 0 0 0 0 0 0 0 0 0 0 0 0 0 0 0 0 0 0 0 0 0 0 0 0 0 0
 0 0 0 0 0 0 0 0 0 0 0 0 0 0 0 0 0 0 0 0 0 0 0 0 0 0
 0 0 0 0 0 0 0 0 0 0 0 0 0 0 0 0 0 0 0 0 0 0 0 0 0 0
 0.00862536 0 0 0.000197151 0.00414017 0.0128641 0.00837892 0.0270097 0.101434 0.158115 0.152841 0.127902 0.109271 0.109419 0.0830992 0.0579132 0.0238553 0.00714673 0.00463305 0.00128148 0.00103504 0.000492878 0.000147863 0.000147863 4.92878e-05 0
 0 0 0 0 0 0 0 0 0 0 0 0 0 0 0 0 0 0 0 0 0 0 0 0 0 0
 0 0 0 0 0 0 0 0.0054083 0.00873648 0.0413646 0.0450493 0.0745869 0.0622846 0.0627006 0.0613931 0.0827291 0.12552 0.122667 0.0946155 0.0697135 0.0546179 0.0294188 0.0215738 0.0213955 0.0102223 0.00600262
 0 0 0 0 0.00359764 0.0251062 0.0480494 0.140153 0.205849 0.193036 0.1447 0.116669 0.0760912 0.0342217 0.00950174 0.001854 0.000860785 0 0 0 0.000165536 0 0.000143464 0 0 0
 0 0 0 0 0 0 0 0.000145254 0.000435761 0.0275982 0.070085 0.0708112 0.156366 0.174668 0.174014 0.160142 0.0824315 0.0480064 0.0283245 0.00493863 0.00203355 0 0 0 0 0
 0 0 0 0 0 0 0 0 0 0 0 0 0 0 0 0 0 0 0 0 0 0 0 0 0 0
 0 0 1.00437e-05 0.000401748 0.00122533 0.00171747 0.00176769 0.0269171 0.070346 0.194647 0.189555 0.159765 0.064822 0.0314167 0.0384472 0.0292271 0.0345202 0.0313363 0.0194345 0.0106764 0.0143323 0.0359363 0.0279516 0.0138201 0.00172751 0
 0 0.0021121 0.0136068 0.0755702 0.200478 0.177729 0.0527432 0.0373336 0.0318909 0.0142505 0.0149659 0.0166563 0.0217959 0.0798694 0.0677717 0.0528807 0.04013 0.0224614 0.0357745 0.0225083 0.00881397 0.00855152 0.00135912 0.000746735 0 0
 0 0 0 0 5.4009e-05 0.00500934 0.000945158 0.0243581 0.138947 0.33067 0.221406 0.137944 0.0707744 0.0437923 0.0131692 0.00525238 0.0047753 0.00276346 9.45158e-05 9.00151e-06 2.25038e-05 9.00151e-06 4.50075e-06 0 0 0
 0.000866109 0.00284123 0.00948549 0.0512746 0.133035 0.25785 0.225252 0.132002 0.0553304 0.0519788 0.0540692 0.017754 0.00435017 0.00159236 0.00146478 0.000404838 0.000125132 0.000115318 0.000107957 0.000100596 0 0 0 0 0 0
 0 0 0 0 0.00144013 0.00171154 0.00461396 0.0210425 0.0478622 0.0707936 0.0888783 0.103762 0.0637923 0.0337046 0.0602308 0.124433 0.169614 0.0934646 0.0462172 0.0250306 0.0313229 0.00938855 0.002487 0.000210481 0 0
 0 0.00764035 0.051015 0.0998891 0.058973 0.0496711 0.0374665 0.0718981 0.12319 0.153886 0.159021 0.0857701 0.0377988 0.023471 0.0147837 0.00900784 0.00315554 0.000888139 0.00291439 0.00214683 0.00393193 0.00274676 0.000635225 9.99891e-05 0 0
 0 0 0 0 0 0 0 0 0 0 0 0 0 0 0 0 0 0 0 0 0 0 0 0 0 0
 0 0 0 0 0 0 0 0 0 0 0 0 0 0 0 0 0 0 0 0 0 0 0 0 0 0
 0 0 0 0 0 0 0 0 0 0 0 0 0 0 0 0 0 0 0 0 0 0 0 0 0 0
 0 0 0 0 0 0 0 0 0 0 0 0 0 0 0 0 0 0 0 0 0 0 0 0 0 0
 0 0 0 0 0 0 0 0 0 0 0 0 0 0 0 0 0 0 0 0 0 0 0 0 0 0
 0 0 0 0 0 0 0 0 0 0 0 0 0 0 0 0 0 0 0 0 0 0 0 0 0 0
 0 0 0 0 0 0 0 0 0 0 0 0 0 0 0 0 0 0 0 0 0 0 0 0 0 0
ppred_pel_tallas
 1.12979e-16 4.08264e-05 0.000396847 0.00263719 0.0119883 0.0373001 0.0794722 0.115994 0.116005 0.0795266 0.0374845 0.0125281 0.00401902 0.00350186 0.0061965 0.0108524 0.0171922 0.0248649 0.033416 0.0424397 0.051472 0.0596366 0.0654676 0.0673002 0.0641037 0.056163
 1.23502e-16 3.86216e-05 0.000375415 0.00249477 0.0113409 0.0352858 0.0751811 0.109734 0.10976 0.075306 0.0357056 0.012555 0.00554827 0.00706199 0.0128022 0.0212839 0.0311117 0.0401634 0.0463935 0.0490928 0.049392 0.0494531 0.0509367 0.0539201 0.0569669 0.0580961
 1.18789e-16 5.05916e-05 0.000491768 0.00326797 0.0148557 0.0462218 0.0984812 0.14374 0.143758 0.0985675 0.0465123 0.0156965 0.00538542 0.00513791 0.00894546 0.0148986 0.0219141 0.0285492 0.0333943 0.0358894 0.0366614 0.0370143 0.037972 0.0396328 0.0412358 0.0417266
 1.07069e-16 6.45647e-05 0.000627592 0.00417057 0.0189588 0.058988 0.125681 0.183437 0.18345 0.125744 0.0591997 0.0195708 0.00570891 0.00399317 0.00647864 0.0106684 0.0155079 0.0198221 0.0224723 0.0229731 0.0217842 0.0199722 0.0185084 0.0177544 0.0174425 0.0170221
 1.04654e-16 5.71976e-05 0.000555981 0.00369469 0.0167956 0.0522573 0.111341 0.16251 0.162533 0.111454 0.0526374 0.0178934 0.00645127 0.00657603 0.0114977 0.0189374 0.027323 0.0344664 0.0381808 0.0374715 0.0331269 0.0271684 0.0216153 0.0175267 0.0148759 0.0130542
 1.03353e-16 6.43633e-05 0.000625634 0.00415756 0.0188997 0.058804 0.125289 0.182866 0.18288 0.125361 0.0590455 0.0195979 0.0059125 0.00446466 0.00737885 0.0121583 0.0176518 0.0224983 0.0253481 0.0255694 0.0235934 0.0205602 0.0175689 0.0151357 0.0131826 0.0113877
 1.05651e-16 4.39846e-05 0.000427546 0.00284119 0.0129157 0.0401857 0.0856211 0.124974 0.125009 0.0857932 0.0407637 0.0145857 0.0070349 0.00958808 0.0174582 0.0288368 0.0416416 0.0525904 0.0583626 0.0574293 0.0509444 0.0419121 0.0333287 0.0267604 0.0221849 0.0187668
 1.11308e-16 4.13429e-05 0.000401868 0.00267056 0.01214 0.0377721 0.0804784 0.117466 0.117492 0.0806059 0.0382007 0.013381 0.00579685 0.00726396 0.0131835 0.0220172 0.0323859 0.0421391 0.0490765 0.0521447 0.0519414 0.050044 0.0477584 0.0453565 0.0422886 0.0379533
 1.14198e-16 4.82421e-05 0.000468931 0.00311621 0.0141659 0.0440753 0.0939079 0.137066 0.137086 0.0940069 0.0444083 0.0151297 0.00554332 0.0057935 0.0102387 0.0170586 0.0250676 0.0325979 0.0379962 0.040561 0.0409269 0.0404893 0.0403378 0.0405677 0.0404141 0.0389285
 1.08606e-16 6.09381e-05 0.00059234 0.00393631 0.0178939 0.0556747 0.118621 0.173134 0.173149 0.118694 0.0559183 0.0185986 0.00570836 0.00447164 0.00746112 0.012326 0.0179619 0.0230482 0.026295 0.0271507 0.0261267 0.024403 0.0230283 0.0223493 0.0220129 0.0213831
 1.03027e-16 6.91067e-05 0.000671742 0.00446396 0.0202925 0.0631376 0.134522 0.196341 0.196353 0.134578 0.063327 0.0208396 0.00583805 0.00367397 0.00577862 0.00946462 0.0136776 0.0173093 0.019283 0.0191138 0.0171931 0.0145087 0.0120303 0.0102391 0.00907838 0.00821624
 1.01997e-16 6.39702e-05 0.000621813 0.00413217 0.0187842 0.0584448 0.124524 0.18175 0.181768 0.124612 0.0587415 0.0196412 0.00628339 0.00531798 0.00898294 0.0147496 0.0212419 0.0267137 0.0294298 0.0285897 0.0247985 0.0196482 0.0147598 0.011031 0.00852565 0.0068453
 1.02639e-16 5.99474e-05 0.00058271 0.00387231 0.017603 0.0547695 0.116693 0.170321 0.170342 0.116793 0.0551058 0.0185747 0.00631307 0.00591587 0.0102031 0.0168106 0.0242978 0.0307356 0.0341905 0.0337564 0.0300672 0.0248181 0.019706 0.0156277 0.012606 0.010235
 1.04049e-16 5.63092e-05 0.000547346 0.00363731 0.0165347 0.0514456 0.109611 0.159985 0.160008 0.109721 0.0518129 0.0175961 0.00630417 0.00637795 0.0111556 0.0184212 0.0266896 0.0338954 0.0379618 0.037919 0.0344455 0.029335 0.0243432 0.0203382 0.0172534 0.0146049
 1.03666e-16 6.39024e-05 0.000621155 0.00412779 0.0187643 0.0583829 0.124392 0.181556 0.181571 0.124465 0.0586283 0.0194738 0.00591091 0.00452169 0.00749527 0.0123519 0.0179327 0.0228576 0.02576 0.0260064 0.0240457 0.021045 0.0181211 0.0157845 0.0139284 0.0121931
 1.0071e-16 7.77832e-05 0.00075608 0.00502442 0.0228403 0.0710646 0.151411 0.220989 0.220994 0.151431 0.0711333 0.0230387 0.00552264 0.00184441 0.00214684 0.00343164 0.00494911 0.00625178 0.00694131 0.00683625 0.00607386 0.00501069 0.00400193 0.00323243 0.00269813 0.00229841
 1.0166e-16 3.60346e-05 0.000350269 0.00232766 0.0105812 0.0329225 0.0701467 0.102392 0.102443 0.0703966 0.0337614 0.0130033 0.00840331 0.0135998 0.0251591 0.0414305 0.0594308 0.0742135 0.0807612 0.0767604 0.064007 0.0472528 0.031455 0.0195421 0.011965 0.00765876
 1.0159e-16 7.5452e-05 0.00073342 0.00487384 0.0221558 0.0689348 0.146873 0.214366 0.21437 0.146891 0.0689945 0.022329 0.00531155 0.00169857 0.00193654 0.00315506 0.00470695 0.00627 0.00755768 0.00841661 0.00887489 0.00904856 0.0089956 0.00865899 0.00794206 0.00683042
 1.02122e-16 5.38439e-05 0.000523382 0.00347806 0.0158108 0.0491934 0.104813 0.152984 0.153014 0.104962 0.0496945 0.0172576 0.0071075 0.00843891 0.0150648 0.0247626 0.0355337 0.0444107 0.0484147 0.0461891 0.03883 0.0291842 0.0201923 0.0135462 0.00942854 0.0071122
 1.04365e-16 5.51252e-05 0.000535837 0.00356083 0.016187 0.0503639 0.107306 0.156621 0.156642 0.107409 0.0507099 0.0171878 0.00607825 0.00604912 0.0105776 0.0175341 0.0255645 0.0327924 0.0373143 0.038206 0.0359948 0.0321573 0.0280924 0.0244206 0.0210329 0.0176058
 1.04136e-16 6.3765e-05 0.000619818 0.00411891 0.018724 0.0582573 0.124124 0.181166 0.18118 0.124196 0.0584984 0.0194209 0.00587062 0.00445194 0.00736576 0.01214 0.0176332 0.0224964 0.0253986 0.0257319 0.0239507 0.0212054 0.0185796 0.0165392 0.0149278 0.0133404
 1.02951e-16 6.45506e-05 0.000627455 0.00416966 0.0189547 0.0589751 0.125653 0.183398 0.183414 0.125733 0.0592409 0.0197226 0.00609817 0.00484015 0.00807336 0.0132663 0.019156 0.0241997 0.0268713 0.0264717 0.0235359 0.0194481 0.0155858 0.0126639 0.0106606 0.0091756
 1.06834e-16 3.07078e-05 0.000298491 0.00198358 0.00901709 0.0280558 0.0597775 0.087257 0.0873046 0.0600099 0.0288362 0.0112719 0.00764608 0.0126688 0.0235505 0.0389542 0.0562733 0.0711026 0.078955 0.0777437 0.0689862 0.0566896 0.0448666 0.0356397 0.0290406 0.0240406
 1.06565e-16 6.42141e-05 0.000624184 0.00414792 0.0188558 0.0586676 0.124998 0.18244 0.182448 0.125038 0.0588014 0.0192444 0.00513103 0.00279575 0.00426321 0.00714218 0.010741 0.0144697 0.0177508 0.0202938 0.0221838 0.0236457 0.024702 0.0250544 0.0242897 0.0222086
 1.05902e-16 5.58673e-05 0.00054305 0.00360876 0.0164049 0.0510419 0.108751 0.15873 0.158755 0.108869 0.0514391 0.0175521 0.00648844 0.0068297 0.0119968 0.0197505 0.0284654 0.0358521 0.039634 0.0388069 0.0342581 0.0281749 0.0227173 0.0189758 0.0168251 0.0154744
 1.08894e-16 4.04069e-05 0.00039277 0.0026101 0.0118651 0.036917 0.0786569 0.114809 0.114842 0.0788206 0.0374672 0.0134558 0.006609 0.00914262 0.0167173 0.0277284 0.0403033 0.0514444 0.0581014 0.0588455 0.0546526 0.0480946 0.0416354 0.0364073 0.0321961 0.0282447
 1.06595e-16 6.35486e-05 0.000617715 0.00410493 0.0186604 0.0580596 0.123702 0.18055 0.180561 0.123756 0.0582396 0.0191818 0.00541897 0.00350402 0.00559756 0.00929147 0.0137046 0.0179248 0.0210612 0.0227065 0.0231322 0.0229878 0.0227625 0.0224658 0.0217376 0.0202087
 1.0471e-16 6.02719e-05 0.000585865 0.00389328 0.0176983 0.055066 0.117325 0.171243 0.171263 0.117422 0.055394 0.0186456 0.00627169 0.00577967 0.00992969 0.0163358 0.0235663 0.0297277 0.0329425 0.0323715 0.0287204 0.0237562 0.0192258 0.0160165 0.014046 0.0127134
 1.08709e-16 3.24211e-05 0.000315145 0.00209425 0.00952019 0.0296211 0.0631124 0.0921234 0.0921664 0.0633223 0.0303259 0.0115572 0.00721223 0.0115039 0.0213294 0.0353349 0.0511891 0.0649822 0.0727294 0.0725731 0.0658328 0.0559838 0.0464391 0.0389017 0.0332555 0.0285421
 1.16372e-16 3.97376e-05 0.000386263 0.00256686 0.0116686 0.0363054 0.0773531 0.112903 0.112923 0.0774512 0.0366357 0.012627 0.00498888 0.0057279 0.0103446 0.0174594 0.0261355 0.0349497 0.0424414 0.047911 0.05168 0.0545059 0.0566808 0.0576412 0.0563899 0.0522832
 1.05222e-16 7.23748e-05 0.000703509 0.00467506 0.0212522 0.0661234 0.140883 0.205624 0.20563 0.140911 0.0662171 0.0215232 0.00535745 0.00219974 0.00293386 0.00478953 0.00702368 0.00912121 0.0106231 0.0113551 0.0115331 0.0115912 0.0118615 0.0123584 0.0128044 0.012833
pSPR Fmed_Fpbrs
0.658262   0.6 0.325
Fs Fmed_Fpbrs
0.225241   0.279718 0.68275
SSBpbr Bo_Bmed_Bpbrs
1.91559e+06  1.16518e+06  1.05357e+06 526786
Ro
182859
SPR SPRFo_SPRFmed_SPRFpbrs
1.30208e+06 857107 423175
Fref
0.279718
log_Ro
11.9365
likeval ReclasPelacesDesembMPH_pf_preclas_ppelaces_ptallas_desvR_qrecl_qpela
 14.5173 16.9298 0.0725687 0.000811197 228.991 121.302 82.1842 0 23.6257 1.1091e-06 1.42496e-07 0.369945 7.20574e-16 0 0
q_reclas_q_pelaces
0.861367 1.05517
M
1
N
 203094 45648.1 156193 9073.58 0.296513
 115770 67555.3 14833.1 50676.4 2943.75
 115737 35460.4 19831.1 4342.18 15694.2
 198950 35624 10472.4 5840.74 5900.31
 159210 56019.1 9427.36 2760.09 3093.77
 265971 53554.9 18456.2 3101.73 1925.86
 111250 81968.7 15840.5 5444.27 1482.84
 51375.4 27758.9 18690.6 3590.67 1569.72
 47633.6 17768.6 9464.08 6366.37 1757.63
 62475 13761.4 4853.39 2575.57 2210.44
 115552 16714.8 3419.48 1200.15 1183.17
 152115 39310.3 5584.02 1141.01 795.214
 127017 39451.3 9400.87 1328.3 460.445
 89670.5 33695.1 9701 2300.17 437.545
 89931.4 19222.2 6372.25 1819.57 513.273
 470694 22942 4504.33 1484.9 543.45
 100667 127156 5769.11 1127.37 507.536
 722351 30300.5 36532.4 1652.43 468.202
 422415 216979 8683.42 10437 605.748
 341034 116294 55850.1 2225.25 2829.21
 477917 97290.9 31275.7 14962 1353.78
 643961 144708 28157 9024.72 4707.25
 135933 184806 39203.1 7599.28 3705.35
 398060 43204.4 56778.2 12017.6 3465
 339338 128854 13576.4 17807 4855.22
 152315 109688 40419.3 4250.3 7094.02
 338196 50489.2 35490.8 13057.3 3664.43
 379505 109693 15904.3 11158.3 5256.79
 109155 125732 35469.4 5134.51 5298.95
 82911.1 36180.4 40679 11457.4 3369.96
 385855 26217.9 11046.1 12390.9 4515.91
pred_Ctot
 12402.8 3401.91 11776.8 684.56 0.0223713
 12433.9 8787.81 1951.22 6670.15 387.476
 12122.7 4500.59 2545.28 557.641 2015.57
 30152.6 6491.1 1928.7 1076.3 1087.31
 8681.11 3731.38 635.358 186.132 208.642
 27677.6 6753.69 2353.7 395.796 245.756
 23348.8 20473.9 3996.5 1374.3 374.324
 1953.87 1293.02 881.042 169.365 74.0427
 6592.68 2963.22 1595.5 1073.89 296.489
 11053.3 2914.39 1038.61 551.466 473.3
 5531.58 978.503 202.557 71.1368 70.1327
 29182.2 9003.77 1292.15 264.174 184.119
 22994.5 8543.09 2056.94 290.796 100.805
 24704.8 10916.7 3172.24 752.527 143.152
 17951.7 4574.83 1532.05 437.706 123.474
 81053.5 4732.83 938.995 309.721 113.356
 11759.7 17962.9 824.056 161.127 72.5409
 85177.4 4319.95 5266.34 238.346 67.5356
 68793 42401.2 1714.9 2062.38 119.701
 49413.3 20281.1 9845.37 392.495 499.037
 54308 13376.6 4348.13 2081.33 188.327
 91340.7 24717.7 4861.75 1559.15 813.267
 11829.2 19543.6 4193.31 813.338 396.59
 30532.2 4033.89 5362.54 1135.72 327.469
 26303.7 12156.5 1295.65 1700.43 463.649
 9608.38 8441.2 3146.94 331.121 552.68
 25559.3 4645.63 3303.4 1216.08 341.295
 24054.5 8481.5 1244.13 873.406 411.483
 6889.4 9680.99 2763.01 400.217 413.047
 7451.52 3949.7 4491.53 1265.82 372.326
 19579.9 1626.21 693.264 778.154 283.609
F
 0.100724 0.124098 0.125633 0.125714 0.125719
 0.183187 0.225696 0.228487 0.228636 0.228644
 0.1783 0.219675 0.222392 0.222536 0.222544
 0.267361 0.329404 0.333477 0.333694 0.333706
 0.0895196 0.110293 0.111657 0.11173 0.111733
 0.177052 0.218138 0.220835 0.220979 0.220986
 0.388226 0.478316 0.48423 0.484545 0.484562
 0.0617279 0.0760522 0.0769926 0.0770427 0.0770453
 0.241672 0.297753 0.301435 0.301631 0.301641
 0.318475 0.392379 0.39723 0.397489 0.397502
 0.0782295 0.0963831 0.0975748 0.0976383 0.0976417
 0.349566 0.430685 0.436011 0.436294 0.436309
 0.326965 0.402839 0.40782 0.408085 0.408099
 0.540074 0.665401 0.673628 0.674067 0.67409
 0.366078 0.451029 0.456606 0.456903 0.456919
 0.308793 0.380451 0.385155 0.385406 0.385419
 0.200653 0.247216 0.250273 0.250436 0.250445
 0.202709 0.249749 0.252837 0.253002 0.253011
 0.289865 0.35713 0.361545 0.361781 0.361793
 0.254276 0.313282 0.317155 0.317362 0.317373
 0.194721 0.239907 0.242874 0.243032 0.24304
 0.248334 0.305961 0.309744 0.309946 0.309956
 0.146221 0.180153 0.18238 0.182499 0.182505
 0.127924 0.15761 0.159559 0.159663 0.159668
 0.129354 0.159371 0.161342 0.161447 0.161453
 0.104192 0.128371 0.129958 0.130043 0.130047
 0.125943 0.155169 0.157087 0.157189 0.157195
 0.104713 0.129012 0.130608 0.130693 0.130697
 0.10425 0.128442 0.13003 0.130115 0.13012
 0.151326 0.186442 0.188747 0.18887 0.188876
 0.083091 0.102373 0.103639 0.103706 0.10371
nmprior
 8 9 7.5 0
nm_flota  nm_reclas  nm_pelaces    nm_pelaL
inf 12.795 16.5773 29.0681
cv_recla  cv_pelaces  cv_mph
0.344641 0.484162 0.878959
 ------------------------------------------------
Talla a la edad & desviación 
 8 13.2811 15.8009 17.003 17.5766
 0.8 1.32811 1.58009 1.7003 1.75766
