years
 1991 1992 1993 1994 1995 1996 1997 1998 1999 2000 2001 2002 2003 2004 2005 2006 2007 2008 2009 2010 2011 2012 2013 2014 2015 2016 2017 2018 2019 2020 2021
reclasobs
 0 0 0 0 0 0 0 0 0 252601 567819 844713 477998 351125 339783 2.1784e+06 2.13404e+06 4.81314e+06 1.55562e+06 2.62356e+06 3.21686e+06 3.843e+06 1.13348e+06 3.07943e+06 1.97215e+06 2.03268e+06 2.025e+06 2.42433e+06 2.27542e+06 1.05018e+06 2.36338e+06
reclaspred
 4.05284e+06 1.89254e+06 955181 735096 518020 2.54274e+06 1.30342e+06 862018 556496 265441 482248 797090 782703 557945 461279 1.59455e+06 1.01272e+06 3.78267e+06 2.88667e+06 2.00028e+06 3.26059e+06 2.88446e+06 1.78559e+06 3.17752e+06 2.27191e+06 1.78506e+06 2.31506e+06 2.9315e+06 2.20534e+06 889886 1.44819e+06
pelacesobs
 0 0 0 0 0 0 0 0 0 0 0 0 0 0 0 552880 188675 0 991730 2.46772e+06 1.41603e+06 1.21717e+06 2.29649e+06 1.80582e+06 0 1.4828e+06 1.56532e+06 1.57751e+06 1.42118e+06 867257 0
pelacespred
 3.12861e+06 1.36612e+06 579215 303821 271007 1.30908e+06 696794 657250 314667 105780 248532 337466 378861 244513 201368 626426 496948 1.92116e+06 1.60859e+06 986295 1.64113e+06 1.45263e+06 1.09218e+06 1.91219e+06 1.45714e+06 1.18116e+06 1.53656e+06 1.94502e+06 1.51753e+06 625118 776404
mphobs
 0 0 0 0 0 0 0 0 0 0 0 498337 0 5186 125008 0 168611 109162 213762 579715 649985 157893 87575 83554 0 0 0 0 0 0 0
mphpred
 714739 389021 153108 92672.4 61177 60930.9 294868 114304 81357.3 37236.8 16012 62602.6 71363.3 53754.2 28128 32412.4 175760 92418 407387 232422 240762 290218 305718 177939 340562 255453 175771 227351 401858 196516 62314.1
desembarqueobs
 494567 514787 250237 358949 120608 361735 552515 73892 212993 205616 52469 317467 293654 387597 252695 516296 358380 742168 942051 627588 828172 859565 418607 520667 417249 300574 407403 355545 319650 289779 219260
desembarquepred
 494516 514589 250004 358862 120588 361623 552161 73887.6 212939 205550 52465.1 317347 293492 387183 252513 515975 358327 741708 941089 626842 828000 858995 418426 520530 417041 300456 407241 355387 319481 289597 219238
Reclutas
 96200.7 83417.8 98743.1 72461.1 43063.8 251427 51467 16854.1 26307 35207.4 51392.4 106782 86688 67148.7 47580.8 262838 32639 444681 240535 206966 242442 388016 44838.7 186774 146101 53620.8 146025 176187 38495.3 24792.3 115887
log_desv_Rt
 0.0798516 -0.0627234 0.105937 -0.203535 -0.723902 1.04057 -0.545644 -1.66199 -1.21675 -0.92533 -0.547094 0.184206 -0.0242692 -0.279675 -0.624155 1.08495 -1.00108 1.61077 0.996281 0.845972 1.00418 1.47446 -0.683512 0.743316 0.497712 -0.504647 0.497196 0.684964 -0.83605 -1.27605 0.266034
SSB
 1.1288e+06 614389 241806 146359 96618 96229.3 465691 180523 128489 58808.8 25288.1 98869.5 112705 84895.1 44423.1 51189.5 277582 145958 643395 367068 380241 458347 482827 281022 537856 403442 277599 359060 634662 310362 98413.9
BT
 1.64127e+06 1.06679e+06 482636 442277 235802 1.22943e+06 795949 378499 373027 256676 211580 474133 499124 562623 388299 861034 518793 2.01606e+06 1.7808e+06 1.06759e+06 1.70032e+06 1.60164e+06 864355 1.70792e+06 1.10401e+06 838371 1.36805e+06 1.54443e+06 915257 547818 694366
Ftot
 0.394614 0.849046 0.852108 1.50848 0.781269 0.552312 1.23422 0.2892 1.24547 2.25595 0.42427 1.34834 1.26217 2.1589 1.84566 1.21001 1.07567 0.752167 1.06407 1.06116 0.883227 1.02834 0.736841 0.608587 0.616952 0.556248 0.641912 0.450632 0.456335 0.9922 0.577283
BD_Bspro_t
 0.939217 0.614768 0.334878 0.249907 0.165147 0.202983 0.460899 0.223634 0.222429 0.140913 0.0887499 0.345521 0.254697 0.176336 0.0972885 0.113364 0.293741 0.177871 0.407673 0.261586 0.231279 0.264006 0.292125 0.218886 0.378669 0.369189 0.340831 0.433873 0.55242 0.379223 0.223673
BD_Bspro
 1.78484 0.971458 0.382339 0.23142 0.15277 0.152156 0.736341 0.285439 0.203164 0.0929872 0.039985 0.15633 0.178207 0.134234 0.0702409 0.0809397 0.438906 0.230785 1.01732 0.5804 0.601228 0.724728 0.763435 0.444346 0.850446 0.637914 0.438933 0.567739 1.00351 0.490737 0.15561
BD_Bo
 0.957445 0.521122 0.205099 0.124141 0.081951 0.0816213 0.394998 0.153119 0.108984 0.0498814 0.0214493 0.0838608 0.0955963 0.0720077 0.0376795 0.0434187 0.235444 0.123801 0.545725 0.311346 0.322519 0.388768 0.409532 0.238362 0.456207 0.342198 0.235458 0.304554 0.538318 0.263248 0.0834743
BD_Brms
 4.68095 2.54777 1.00273 0.606928 0.400659 0.399047 1.93114 0.7486 0.532823 0.24387 0.104865 0.409995 0.467371 0.352046 0.184215 0.212274 1.15109 0.605262 2.66805 1.52217 1.5768 1.90069 2.0022 1.16535 2.2304 1.67301 1.15116 1.48896 2.63184 1.28702 0.408106
Sel_flota
 0.626999 0.96964 0.998355 0.999913 0.999995
 0.626999 0.96964 0.998355 0.999913 0.999995
 0.626999 0.96964 0.998355 0.999913 0.999995
 0.626999 0.96964 0.998355 0.999913 0.999995
 0.626999 0.96964 0.998355 0.999913 0.999995
 0.626999 0.96964 0.998355 0.999913 0.999995
 0.626999 0.96964 0.998355 0.999913 0.999995
 0.626999 0.96964 0.998355 0.999913 0.999995
 0.626999 0.96964 0.998355 0.999913 0.999995
 0.626999 0.96964 0.998355 0.999913 0.999995
 0.626999 0.96964 0.998355 0.999913 0.999995
 0.626999 0.96964 0.998355 0.999913 0.999995
 0.626999 0.96964 0.998355 0.999913 0.999995
 0.626999 0.96964 0.998355 0.999913 0.999995
 0.626999 0.96964 0.998355 0.999913 0.999995
 0.626999 0.96964 0.998355 0.999913 0.999995
 0.626999 0.96964 0.998355 0.999913 0.999995
 0.626999 0.96964 0.998355 0.999913 0.999995
 0.626999 0.96964 0.998355 0.999913 0.999995
 0.626999 0.96964 0.998355 0.999913 0.999995
 0.626999 0.96964 0.998355 0.999913 0.999995
 0.626999 0.96964 0.998355 0.999913 0.999995
 0.626999 0.96964 0.998355 0.999913 0.999995
 0.626999 0.96964 0.998355 0.999913 0.999995
 0.626999 0.96964 0.998355 0.999913 0.999995
 0.626999 0.96964 0.998355 0.999913 0.999995
 0.626999 0.96964 0.998355 0.999913 0.999995
 0.626999 0.96964 0.998355 0.999913 0.999995
 0.626999 0.96964 0.998355 0.999913 0.999995
 0.626999 0.96964 0.998355 0.999913 0.999995
 0.626999 0.96964 0.998355 0.999913 0.999995
Sel_reclas
 0.811769 0.955955 0.990928 0.998184 0.999639
 0.811769 0.955955 0.990928 0.998184 0.999639
 0.811769 0.955955 0.990928 0.998184 0.999639
 0.811769 0.955955 0.990928 0.998184 0.999639
 0.811769 0.955955 0.990928 0.998184 0.999639
 0.811769 0.955955 0.990928 0.998184 0.999639
 0.811769 0.955955 0.990928 0.998184 0.999639
 0.811769 0.955955 0.990928 0.998184 0.999639
 0.811769 0.955955 0.990928 0.998184 0.999639
 0.811769 0.955955 0.990928 0.998184 0.999639
 0.811769 0.955955 0.990928 0.998184 0.999639
 0.811769 0.955955 0.990928 0.998184 0.999639
 0.811769 0.955955 0.990928 0.998184 0.999639
 0.811769 0.955955 0.990928 0.998184 0.999639
 0.811769 0.955955 0.990928 0.998184 0.999639
 0.811769 0.955955 0.990928 0.998184 0.999639
 0.811769 0.955955 0.990928 0.998184 0.999639
 0.811769 0.955955 0.990928 0.998184 0.999639
 0.811769 0.955955 0.990928 0.998184 0.999639
 0.811769 0.955955 0.990928 0.998184 0.999639
 0.811769 0.955955 0.990928 0.998184 0.999639
 0.811769 0.955955 0.990928 0.998184 0.999639
 0.811769 0.955955 0.990928 0.998184 0.999639
 0.811769 0.955955 0.990928 0.998184 0.999639
 0.811769 0.955955 0.990928 0.998184 0.999639
 0.811769 0.955955 0.990928 0.998184 0.999639
 0.811769 0.955955 0.990928 0.998184 0.999639
 0.811769 0.955955 0.990928 0.998184 0.999639
 0.811769 0.955955 0.990928 0.998184 0.999639
 0.811769 0.955955 0.990928 0.998184 0.999639
 0.811769 0.955955 0.990928 0.998184 0.999639
Sel_pelaces
 0.436531 0.795872 0.951507 0.989975 0.997992
 0.436531 0.795872 0.951507 0.989975 0.997992
 0.436531 0.795872 0.951507 0.989975 0.997992
 0.436531 0.795872 0.951507 0.989975 0.997992
 0.436531 0.795872 0.951507 0.989975 0.997992
 0.436531 0.795872 0.951507 0.989975 0.997992
 0.436531 0.795872 0.951507 0.989975 0.997992
 0.436531 0.795872 0.951507 0.989975 0.997992
 0.436531 0.795872 0.951507 0.989975 0.997992
 0.436531 0.795872 0.951507 0.989975 0.997992
 0.436531 0.795872 0.951507 0.989975 0.997992
 0.436531 0.795872 0.951507 0.989975 0.997992
 0.436531 0.795872 0.951507 0.989975 0.997992
 0.436531 0.795872 0.951507 0.989975 0.997992
 0.436531 0.795872 0.951507 0.989975 0.997992
 0.436531 0.795872 0.951507 0.989975 0.997992
 0.436531 0.795872 0.951507 0.989975 0.997992
 0.436531 0.795872 0.951507 0.989975 0.997992
 0.436531 0.795872 0.951507 0.989975 0.997992
 0.436531 0.795872 0.951507 0.989975 0.997992
 0.436531 0.795872 0.951507 0.989975 0.997992
 0.436531 0.795872 0.951507 0.989975 0.997992
 0.436531 0.795872 0.951507 0.989975 0.997992
 0.436531 0.795872 0.951507 0.989975 0.997992
 0.436531 0.795872 0.951507 0.989975 0.997992
 0.436531 0.795872 0.951507 0.989975 0.997992
 0.436531 0.795872 0.951507 0.989975 0.997992
 0.436531 0.795872 0.951507 0.989975 0.997992
 0.436531 0.795872 0.951507 0.989975 0.997992
 0.436531 0.795872 0.951507 0.989975 0.997992
 0.436531 0.795872 0.951507 0.989975 0.997992
pf_obs 
 0.8446 0.082 0.0669 0.0065 0
 0.8095 0.147 0.0364 0.0071 0
 0.9664 0.0169 0.016 0.0007 0
 0.9276 0.0648 0.0075 0.0001 0
 0.7033 0.2144 0.0806 0.0017 0
 0.9318 0.0425 0.0243 0.0014 0
 0.5671 0.3108 0.0964 0.0239 0.0018
 0.0768 0.2599 0.5324 0.112 0.0189
 0.490249 0.384438 0.106611 0.0170017 0.00170017
 0.7925 0.1577 0.0466 0.003 0.0002
 0.840416 0.127587 0.0312969 0.00059994 9.999e-05
 0.8084 0.0986 0.0794 0.0134 0.0002
 0.7335 0.1905 0.0724 0.0035 0.0001
 0.4001 0.4547 0.1325 0.0127 0
 0.49795 0.308269 0.164784 0.0264974 0.00249975
 0.9179 0.0499 0.0305 0.0017 0
 0.2467 0.6533 0.0926 0.0074 0
 0.9418 0.0223 0.034 0.0019 0
 0.707729 0.231977 0.0356964 0.0245975 0
 0.517169 0.277429 0.184464 0.0207286 0.00020938
 0.811772 0.124168 0.05621 0.00726502 0.000585176
 0.764997 0.148141 0.077277 0.00933861 0.000247198
 0.163321 0.427699 0.378323 0.0303852 0.000271297
 0.753843 0.0900009 0.118128 0.0371064 0.000921714
 0.721811 0.176058 0.0630433 0.0369309 0.00215725
 0.143369 0.312575 0.442814 0.0836902 0.0175525
 0.692698 0.0596174 0.167031 0.0765114 0.00414204
 0.394062 0.376323 0.152708 0.0712218 0.00568511
 0.125707 0.32114 0.495352 0.0537591 0.00404204
 0.23352 0.215282 0.420074 0.123614 0.00750983
 0 0 0 0 0
pf_pred 
 0.449498 0.193306 0.319787 0.0374083 1.0223e-06
 0.556877 0.256439 0.0670591 0.107117 0.0125073
 0.734043 0.186162 0.0470569 0.0117778 0.0209604
 0.685894 0.262814 0.0363849 0.0088 0.00610728
 0.710211 0.23912 0.0427946 0.00559146 0.00228358
 0.936246 0.0519811 0.00978604 0.00167883 0.000308224
 0.361466 0.614211 0.0199712 0.00361908 0.000733336
 0.407647 0.313953 0.268314 0.00828568 0.00180068
 0.668709 0.175558 0.0838319 0.0693007 0.00260044
 0.838663 0.130221 0.0169061 0.00765937 0.00655068
 0.912413 0.0816487 0.00486273 0.000585556 0.000490129
 0.840455 0.15085 0.0081249 0.000466885 0.000103077
 0.779292 0.202163 0.0175857 0.000896911 6.27318e-05
 0.7667 0.204842 0.0261808 0.00216001 0.000117534
 0.840184 0.143001 0.0148929 0.00176865 0.000153249
 0.970584 0.0272245 0.0019744 0.000192532 2.47573e-05
 0.343411 0.646779 0.00911356 0.000627797 6.88984e-05
 0.962881 0.0186107 0.0182451 0.000244927 1.86746e-05
 0.629317 0.363001 0.00393212 0.00369643 5.32845e-05
 0.71959 0.214649 0.0644637 0.000665333 0.000632817
 0.788288 0.176269 0.0274343 0.00785138 0.000157688
 0.828948 0.149396 0.0181647 0.00270385 0.000787457
 0.277359 0.652194 0.0618943 0.00717684 0.00137584
 0.836159 0.0664614 0.0882376 0.00803385 0.00110764
 0.662579 0.303629 0.014028 0.0179127 0.00185187
 0.441155 0.431723 0.114846 0.00510263 0.00717415
 0.809209 0.109746 0.0631476 0.0161726 0.00172519
 0.748149 0.222096 0.0174053 0.00962699 0.00272275
 0.310543 0.573547 0.102653 0.00776124 0.00549618
 0.422937 0.248471 0.275005 0.0474682 0.00611828
 0.906296 0.0548999 0.0171569 0.0181241 0.0035227
pobs_RECLAS
 0 0 0 0 0
 0 0 0 0 0
 0 0 0 0 0
 0 0 0 0 0
 0 0 0 0 0
 0 0 0 0 0
 0 0 0 0 0
 0 0 0 0 0
 0 0 0 0 0
 0 0 0 0 0
 0.991045 0.00858322 0.000360255 1.14367e-05 0
 0.934742 0.0480273 0.0164251 0.00080598 0
 0.827803 0.169806 0.00239088 0 0
 0.941827 0.0461693 0.0120037 0 0
 0.791401 0.0380133 0.147996 0.0225897 0
 0.846168 0.0940531 0.0597789 0 0
 0.134021 0.677848 0.182769 0.00536245 0
 0.80878 0.0450904 0.141981 0.00414843 0
 0.846168 0.0940531 0.0597789 0 0
 0.905697 0.0802665 0.012482 0.00150086 5.37128e-05
 0.989698 0.0102097 9.19794e-05 0 0
 0.975433 0.0193895 0.00387452 0.00125025 5.28907e-05
 0.303575 0.632131 0.0575291 0.00676475 0
 0.966965 0.00978017 0.0227588 0.000495775 0
 0.843318 0.132988 0.00938335 0.0141283 0.000182051
 0.564624 0.303363 0.111486 0.0197234 0.00080311
 0.826376 0.0876187 0.0782897 0.00655872 0.00115652
 0.89761 0.0855135 0.0140674 0.00269457 0.000114338
 0.34875 0.467042 0.161289 0.0227151 0.000203297
 0.318654 0.224769 0.449479 0.00709798 0
 0.937255 0.0296025 0.0250945 0.00804832 0
ppred_RECLAS
 0.520051 0.167868 0.27923 0.0328497 8.98952e-07
 0.631105 0.212866 0.0558436 0.089698 0.0104877
 0.790017 0.146724 0.0372066 0.00936417 0.0166876
 0.757938 0.202525 0.0279987 0.00680764 0.00473095
 0.769025 0.190438 0.0342051 0.00449411 0.00183792
 0.951673 0.0393607 0.00744563 0.00128453 0.000236156
 0.442539 0.536191 0.0174463 0.00317867 0.00064497
 0.476475 0.276678 0.237853 0.00738693 0.00160756
 0.738841 0.13819 0.0660281 0.0548785 0.00206205
 0.889157 0.0895635 0.0115325 0.0052506 0.00449656
 0.932846 0.0625731 0.00374666 0.000453723 0.000380301
 0.881715 0.111838 0.0060227 0.000347945 7.69217e-05
 0.832276 0.153621 0.0133696 0.00068557 4.80152e-05
 0.83384 0.146013 0.018527 0.00153616 8.36995e-05
 0.886056 0.101995 0.0105767 0.00126253 0.000109542
 0.978806 0.0196129 0.00142361 0.000139575 1.79721e-05
 0.420273 0.571047 0.00806085 0.000558322 6.13572e-05
 0.97233 0.0138465 0.0136257 0.000183937 1.40436e-05
 0.70159 0.292198 0.00317107 0.00299735 4.32659e-05
 0.780304 0.168093 0.0505774 0.000524875 0.000499904
 0.835819 0.136597 0.0213239 0.00613651 0.000123414
 0.870004 0.113494 0.0138285 0.00206971 0.000603594
 0.342207 0.593404 0.0565321 0.00659174 0.0012654
 0.872619 0.0515165 0.0687053 0.00629069 0.000868495
 0.725492 0.246822 0.0114546 0.014709 0.00152274
 0.514235 0.374806 0.100181 0.0044762 0.00630202
 0.850901 0.0855591 0.049445 0.0127345 0.00136028
 0.798559 0.177479 0.0139819 0.00777731 0.00220263
 0.375464 0.519021 0.0933796 0.00710017 0.00503493
 0.502032 0.214017 0.237425 0.0412074 0.00531854
 0.928355 0.0418383 0.0131361 0.0139549 0.00271607
pobs_PELACES
 0 0 0 0 0
 0 0 0 0 0
 0 0 0 0 0
 0 0 0 0 0
 0 0 0 0 0
 0 0 0 0 0
 0 0 0 0 0
 0 0 0 0 0
 0 0 0 0 0
 0 0 0 0 0
 0 0 0 0 0
 0 0 0 0 0
 0 0 0 0 0
 0 0 0 0 0
 0 0 0 0 0
 0 0 0 0 0
 0.505614 0.472636 0.0217494 0 0
 0 0 0 0 0
 0.443492 0.261883 0.143347 0.151278 0
 0.227955 0.32914 0.350689 0.0885471 0.00366901
 0.970185 0.0296113 0.000203453 0 0
 0.997202 0.00247181 0.000326279 0 0
 0.445219 0.490057 0.0546422 0.010081 0
 0.90214 0.0892962 0.00764917 0.000914606 0
 0 0 0 0 0
 0.581667 0.319106 0.0959925 0.00289975 0.000334073
 0.762889 0.0836404 0.116647 0.0363945 0.000428098
 0.88444 0.0763242 0.0277011 0.0115352 0
 0.521256 0.241999 0.230069 0.00667565 0
 0.616807 0.101726 0.260614 0.0208532 0
 0 0 0 0 0
ppred_PELACES
 0.399617 0.19099 0.365044 0.0443475 1.22163e-06
 0.531721 0.252242 0.0757103 0.12555 0.0147766
 0.718456 0.187605 0.0544277 0.0141424 0.0253693
 0.700759 0.244434 0.0384217 0.00964144 0.00674445
 0.695913 0.244245 0.0502241 0.00681293 0.00280465
 0.929396 0.0559083 0.0121341 0.00216158 0.000400027
 0.36959 0.60298 0.0223652 0.00420612 0.000859076
 0.361789 0.314783 0.311258 0.00998284 0.00218688
 0.66204 0.166523 0.0906908 0.077804 0.00294276
 0.866728 0.104732 0.0152248 0.00715115 0.0061644
 0.903047 0.0893875 0.00614825 0.000768859 0.000648708
 0.847674 0.142922 0.00876433 0.000522613 0.000116298
 0.7851 0.194514 0.0192926 0.00102114 7.19891e-05
 0.802838 0.170508 0.0244476 0.00209137 0.0001147
 0.859163 0.124275 0.0146057 0.00179906 0.00015712
 0.971298 0.0262786 0.00217488 0.000220103 2.85281e-05
 0.345412 0.643396 0.0103687 0.000741366 8.20108e-05
 0.958395 0.0194071 0.0218698 0.000304812 2.34262e-05
 0.6306 0.360511 0.00446717 0.00435882 6.33339e-05
 0.714511 0.211353 0.0726126 0.000777889 0.000745772
 0.779882 0.17857 0.0318834 0.0094725 0.000191765
 0.826571 0.148613 0.020682 0.0031955 0.000938065
 0.264672 0.653748 0.0713324 0.00858758 0.00165944
 0.813102 0.0693753 0.106098 0.0100305 0.00139398
 0.642825 0.315771 0.0168032 0.0222793 0.0023217
 0.413085 0.437716 0.134229 0.00619284 0.00877656
 0.788065 0.114091 0.0755838 0.0200996 0.00216122
 0.725472 0.237223 0.0214626 0.0123279 0.00351453
 0.284986 0.579234 0.119676 0.00939649 0.00670742
 0.401748 0.237012 0.30042 0.053827 0.0069932
 0.893028 0.0583715 0.0210224 0.0230599 0.00451787
pobs_pel_tallas
 0 0 0 0 0 0 0 0 0 0 0 0 0 0 0 0 0 0 0 0 0 0 0 0 0 0
 0 0 0 0 0 0 0 0 0 0 0 0 0 0 0 0 0 0 0 0 0 0 0 0 0 0
 0 0 0 0 0 0 0 0 0 0 0 0 0 0 0 0 0 0 0 0 0 0 0 0 0 0
 0 0 0 0 0 0 0 0 0 0 0 0 0 0 0 0 0 0 0 0 0 0 0 0 0 0
 0 0 0 0 0 0 0 0 0 0 0 0 0 0 0 0 0 0 0 0 0 0 0 0 0 0
 0 0 0 0 0 0 0 0 0 0 0 0 0 0 0 0 0 0 0 0 0 0 0 0 0 0
 0 0 0 0 0 0 0 0 0 0 0 0 0 0 0 0 0 0 0 0 0 0 0 0 0 0
 0 0 0 0 0 0 0 0 0 0 0 0 0 0 0 0 0 0 0 0 0 0 0 0 0 0
 0 0 0 0 0 0 0 0 0 0 0 0 0 0 0 0 0 0 0 0 0 0 0 0 0 0
 0 0 0 0 0 0 0 0 0 0 0 0 0 0 0 0 0 0 0 0 0 0 0 0 0 0
 0 0 0 0 0 0 0 0 0 0 0 0 0 0 0 0 0 0 0 0 0 0 0 0 0 0
 0 0 0 0 0 0 0 0 0 0 0 0 0 0 0 0 0 0 0 0 0 0 0 0 0 0
 0.00862536 0 0 0.000197151 0.00414017 0.0128641 0.00837892 0.0270097 0.101434 0.158115 0.152841 0.127902 0.109271 0.109419 0.0830992 0.0579132 0.0238553 0.00714673 0.00463305 0.00128148 0.00103504 0.000492878 0.000147863 0.000147863 4.92878e-05 0
 0 0 0 0 0 0 0 0 0 0 0 0 0 0 0 0 0 0 0 0 0 0 0 0 0 0
 0 0 0 0 0 0 0 0.0054083 0.00873648 0.0413646 0.0450493 0.0745869 0.0622846 0.0627006 0.0613931 0.0827291 0.12552 0.122667 0.0946155 0.0697135 0.0546179 0.0294188 0.0215738 0.0213955 0.0102223 0.00600262
 0 0 0 0 0.00359764 0.0251062 0.0480494 0.140153 0.205849 0.193036 0.1447 0.116669 0.0760912 0.0342217 0.00950174 0.001854 0.000860785 0 0 0 0.000165536 0 0.000143464 0 0 0
 0 0 0 0 0 0 0 0.000145254 0.000435761 0.0275982 0.070085 0.0708112 0.156366 0.174668 0.174014 0.160142 0.0824315 0.0480064 0.0283245 0.00493863 0.00203355 0 0 0 0 0
 0 0 0 0 0 0 0 0 0 0 0 0 0 0 0 0 0 0 0 0 0 0 0 0 0 0
 0 0 1.00437e-05 0.000401748 0.00122533 0.00171747 0.00176769 0.0269171 0.070346 0.194647 0.189555 0.159765 0.064822 0.0314167 0.0384472 0.0292271 0.0345202 0.0313363 0.0194345 0.0106764 0.0143323 0.0359363 0.0279516 0.0138201 0.00172751 0
 0 0.0021121 0.0136068 0.0755702 0.200478 0.177729 0.0527432 0.0373336 0.0318909 0.0142505 0.0149659 0.0166563 0.0217959 0.0798694 0.0677717 0.0528807 0.04013 0.0224614 0.0357745 0.0225083 0.00881397 0.00855152 0.00135912 0.000746735 0 0
 0 0 0 0 5.4009e-05 0.00500934 0.000945158 0.0243581 0.138947 0.33067 0.221406 0.137944 0.0707744 0.0437923 0.0131692 0.00525238 0.0047753 0.00276346 9.45158e-05 9.00151e-06 2.25038e-05 9.00151e-06 4.50075e-06 0 0 0
 0.000866109 0.00284123 0.00948549 0.0512746 0.133035 0.25785 0.225252 0.132002 0.0553304 0.0519788 0.0540692 0.017754 0.00435017 0.00159236 0.00146478 0.000404838 0.000125132 0.000115318 0.000107957 0.000100596 0 0 0 0 0 0
 0 0 0 0 0.00144013 0.00171154 0.00461396 0.0210425 0.0478622 0.0707936 0.0888783 0.103762 0.0637923 0.0337046 0.0602308 0.124433 0.169614 0.0934646 0.0462172 0.0250306 0.0313229 0.00938855 0.002487 0.000210481 0 0
 0 0.00764035 0.051015 0.0998891 0.058973 0.0496711 0.0374665 0.0718981 0.12319 0.153886 0.159021 0.0857701 0.0377988 0.023471 0.0147837 0.00900784 0.00315554 0.000888139 0.00291439 0.00214683 0.00393193 0.00274676 0.000635225 9.99891e-05 0 0
 0 0 0 0 0 0 0 0 0 0 0 0 0 0 0 0 0 0 0 0 0 0 0 0 0 0
 0 0 0 0 0 0 0 0 0 0 0 0 0 0 0 0 0 0 0 0 0 0 0 0 0 0
 0 0 0 0 0 0 0 0 0 0 0 0 0 0 0 0 0 0 0 0 0 0 0 0 0 0
 0 0 0 0 0 0 0 0 0 0 0 0 0 0 0 0 0 0 0 0 0 0 0 0 0 0
 0 0 0 0 0 0 0 0 0 0 0 0 0 0 0 0 0 0 0 0 0 0 0 0 0 0
 0 0 0 0 0 0 0 0 0 0 0 0 0 0 0 0 0 0 0 0 0 0 0 0 0 0
 0 0 0 0 0 0 0 0 0 0 0 0 0 0 0 0 0 0 0 0 0 0 0 0 0 0
ppred_pel_tallas
 1.15031e-16 3.29159e-05 0.000319955 0.00212621 0.00966546 0.0300729 0.0640743 0.0935223 0.0935412 0.0641671 0.0303861 0.0105769 0.00443974 0.00545561 0.010036 0.0171899 0.0262737 0.0361936 0.0457473 0.0542183 0.061482 0.0674541 0.0714541 0.072218 0.0686528 0.0606994
 1.17341e-16 4.37972e-05 0.000425724 0.00282909 0.0128606 0.0400144 0.0852557 0.124438 0.124463 0.0853751 0.0404155 0.0140207 0.00574683 0.00681505 0.0122389 0.0203296 0.0296892 0.038243 0.0439559 0.046027 0.0453937 0.0440209 0.0435206 0.0441839 0.0450369 0.0446568
 1.07331e-16 5.91783e-05 0.000575234 0.00382263 0.0173771 0.0540668 0.115196 0.168135 0.168154 0.115284 0.0543646 0.0182378 0.00598545 0.0053053 0.00906819 0.0149666 0.0217189 0.027668 0.0311725 0.0315017 0.0292631 0.0259485 0.022971 0.020951 0.0196733 0.0185337
 1.0328e-16 5.77206e-05 0.000561065 0.00372847 0.0169491 0.0527351 0.112359 0.163996 0.164019 0.112474 0.0531218 0.0180661 0.00653262 0.00668382 0.0116898 0.0192445 0.0277414 0.0349389 0.0385913 0.0376659 0.0329506 0.0265036 0.0204043 0.01578 0.0126724 0.0105341
 1.0267e-16 5.73215e-05 0.000557186 0.0037027 0.0168319 0.0523705 0.111582 0.162862 0.162885 0.111697 0.0527572 0.0179492 0.00650841 0.00668582 0.0117076 0.0192923 0.0278505 0.0351558 0.03897 0.038247 0.033732 0.0274145 0.0213017 0.0164784 0.013002 0.0104019
 1.0065e-16 7.65531e-05 0.000744124 0.00494496 0.0224791 0.0699408 0.149017 0.217495 0.2175 0.149043 0.0700294 0.0227349 0.00558747 0.00214777 0.00274538 0.00442542 0.00638586 0.00806811 0.00895764 0.00881556 0.00781133 0.00639678 0.00502557 0.00393976 0.00314778 0.00254081
 1.01367e-16 3.04427e-05 0.000295914 0.00196646 0.00893926 0.0278137 0.0592621 0.086507 0.086565 0.0595455 0.028765 0.0116857 0.00885537 0.0153176 0.0285098 0.0469539 0.0673296 0.0840229 0.0913319 0.0866267 0.0719498 0.0527125 0.0345727 0.0208914 0.0122115 0.0073384
 1.10434e-16 2.98002e-05 0.000289668 0.00192495 0.00875055 0.0272264 0.0580098 0.0846735 0.0847042 0.0581603 0.0277327 0.0102183 0.00562882 0.00844005 0.015698 0.026396 0.0391595 0.0515997 0.0611965 0.066619 0.0682467 0.067401 0.0650385 0.0611142 0.0550529 0.046689
 1.10961e-16 5.45314e-05 0.000530064 0.00352246 0.0160126 0.0498213 0.10615 0.154933 0.154949 0.106229 0.0500873 0.0167828 0.00546233 0.00478707 0.00820582 0.0136569 0.0200929 0.0261831 0.0306213 0.0328556 0.0333839 0.0332855 0.0333693 0.0336386 0.0334254 0.0319603
 1.02227e-16 7.13913e-05 0.000693949 0.00461153 0.0209634 0.0652249 0.138969 0.202831 0.202841 0.139018 0.0653905 0.0214419 0.00581303 0.00331749 0.00505606 0.00825162 0.0118951 0.0149938 0.0165922 0.0162612 0.0143546 0.0117667 0.00938861 0.00768399 0.00662998 0.00593862
 1.00388e-16 7.43828e-05 0.000723027 0.00480477 0.0218418 0.067958 0.144792 0.21133 0.211338 0.144834 0.0680991 0.0222493 0.00582705 0.00295291 0.00430412 0.0069841 0.0100212 0.0125333 0.0136762 0.0130614 0.0109867 0.00824095 0.00564379 0.0036745 0.00240164 0.00164748
 1.00362e-16 6.98218e-05 0.000678693 0.00451016 0.0205025 0.063791 0.135914 0.198373 0.198387 0.135981 0.0640166 0.0211539 0.0061442 0.00424263 0.00682894 0.0111542 0.0160024 0.0199984 0.021791 0.0207556 0.0173673 0.012891 0.00864621 0.00541219 0.00331264 0.00207484
 1.00722e-16 6.46677e-05 0.000628593 0.00417722 0.0189891 0.0590821 0.125881 0.183731 0.18375 0.125973 0.0593894 0.0198764 0.00640377 0.00548662 0.00928339 0.0152248 0.0218776 0.0274079 0.0299899 0.0287746 0.0243917 0.0185255 0.0129223 0.00859831 0.00570061 0.0038696
 1.00979e-16 6.61288e-05 0.000642795 0.0042716 0.0194181 0.0604169 0.128725 0.187882 0.187898 0.128806 0.0606866 0.0201968 0.00622615 0.00490931 0.00816806 0.013396 0.0192833 0.0242305 0.0266497 0.0257999 0.0222174 0.017341 0.0126487 0.0089804 0.00643586 0.00470393
 1.00661e-16 7.07682e-05 0.000687892 0.00457128 0.0207804 0.0646556 0.137756 0.201061 0.201073 0.137815 0.064852 0.0213476 0.00599474 0.00379435 0.00596761 0.00974589 0.0140137 0.0175818 0.0192875 0.0185911 0.0158916 0.0122541 0.00877633 0.00608737 0.00426597 0.00307693
 1.00097e-16 8.00045e-05 0.000777672 0.00516791 0.0234926 0.0730941 0.155735 0.2273 0.227302 0.155747 0.0731356 0.0236124 0.00546856 0.00143357 0.00132437 0.00205937 0.00295061 0.00369276 0.00403438 0.00386076 0.00325813 0.00245626 0.00169372 0.00110979 0.00072475 0.000488478
 1.00552e-16 2.84512e-05 0.000276556 0.00183782 0.00835448 0.0259942 0.0553857 0.0808501 0.080912 0.055688 0.0270089 0.0112834 0.00918328 0.0162902 0.0303775 0.0500081 0.071643 0.0892652 0.0967626 0.0913181 0.0751348 0.0540527 0.0342077 0.0192881 0.0099423 0.00490689
 1.00671e-16 7.89417e-05 0.000767342 0.00509926 0.0231805 0.0721231 0.153666 0.22428 0.224282 0.153675 0.0721544 0.0232713 0.00532853 0.00127246 0.00105172 0.00164869 0.00244815 0.00324554 0.00388398 0.00428047 0.00445131 0.00446427 0.00436142 0.00412638 0.0037197 0.00313919
 1.00669e-16 5.19418e-05 0.000504892 0.00335519 0.0152522 0.0474555 0.10111 0.147581 0.147615 0.10128 0.048024 0.0168933 0.00747092 0.00947746 0.0170569 0.028023 0.0401448 0.0500247 0.0542412 0.051224 0.0422171 0.0305 0.0195095 0.0112983 0.00620352 0.00348546
 1.02354e-16 5.88533e-05 0.000572075 0.00380164 0.0172817 0.05377 0.114563 0.167213 0.167233 0.114663 0.0541055 0.0182517 0.00623934 0.00590341 0.0102125 0.0168637 0.0244559 0.0310994 0.0348871 0.0349014 0.0317059 0.0268723 0.021958 0.017765 0.0143153 0.0113063
 1.01949e-16 6.42379e-05 0.000624415 0.00414946 0.0188628 0.0586894 0.125045 0.18251 0.182527 0.125129 0.058972 0.0196793 0.00619935 0.00510116 0.00857174 0.0140831 0.0203137 0.0256132 0.028342 0.0277402 0.0243666 0.0196971 0.0152196 0.0117366 0.0092807 0.00748282
 1.01115e-16 6.80836e-05 0.000661797 0.00439787 0.0199921 0.0622029 0.13253 0.193435 0.193449 0.1326 0.0624379 0.0206708 0.00610139 0.00438034 0.00712949 0.0116765 0.0168082 0.0211235 0.0232409 0.0225194 0.0194321 0.0152379 0.0112255 0.0081205 0.00599583 0.00456157
 1.03368e-16 2.18008e-05 0.000211912 0.00140823 0.00640166 0.0199183 0.0424403 0.0619561 0.0620191 0.042748 0.0209513 0.00938478 0.00889435 0.0165477 0.0310273 0.0512087 0.0736436 0.0923457 0.101211 0.0974028 0.0830323 0.0637317 0.045314 0.0311236 0.02159 0.0154653
 1.04322e-16 6.69741e-05 0.000651013 0.00432621 0.0196663 0.0611892 0.13037 0.190281 0.190288 0.130404 0.0613021 0.0199942 0.00515664 0.00248794 0.00362613 0.00607232 0.00916794 0.0124173 0.0153324 0.0176413 0.0193545 0.0205767 0.0212513 0.0211032 0.0198418 0.0174315
 1.03193e-16 5.29487e-05 0.00051468 0.00342023 0.0155479 0.0483755 0.10307 0.15044 0.150471 0.103219 0.048874 0.0169873 0.00703163 0.00839253 0.0149975 0.0246668 0.03543 0.0443552 0.0485022 0.0465406 0.0395658 0.0303907 0.0218934 0.0156877 0.0118811 0.00969226
 1.06092e-16 3.40254e-05 0.000330739 0.00219788 0.00999126 0.0310867 0.0662351 0.096681 0.0967233 0.0664419 0.0317812 0.0119985 0.00724146 0.0113581 0.0210269 0.0348371 0.0504796 0.0640954 0.0717373 0.07153 0.0647043 0.05461 0.0445672 0.0362835 0.0297661 0.0242616
 1.04592e-16 6.49119e-05 0.000630966 0.00419299 0.0190608 0.0593051 0.126356 0.184423 0.184434 0.126411 0.0594876 0.019589 0.00552378 0.00355192 0.0056589 0.00937465 0.0137843 0.0179349 0.020888 0.0221963 0.0221154 0.021315 0.0203455 0.019313 0.0179741 0.016069
 1.02512e-16 5.97562e-05 0.000580852 0.00385997 0.0175469 0.0545949 0.116321 0.169779 0.169802 0.116433 0.0549697 0.0186291 0.00657586 0.00650715 0.0113076 0.0185806 0.0267182 0.0335138 0.0367652 0.0354681 0.030422 0.0236984 0.0174124 0.0127435 0.00977103 0.00794062
 1.0568e-16 2.3474e-05 0.000228176 0.00151631 0.00689296 0.0214469 0.0456969 0.0667076 0.0667635 0.04597 0.022364 0.00954256 0.00816974 0.0147611 0.0276485 0.0457342 0.066023 0.0833172 0.0923038 0.0904884 0.0796256 0.064431 0.0496776 0.0379724 0.0294999 0.0231953
 1.15312e-16 3.30915e-05 0.000321661 0.00213755 0.00971702 0.0302334 0.0644162 0.0940223 0.0940455 0.0645302 0.0306171 0.0108309 0.00495447 0.00653989 0.0120448 0.0203883 0.0306005 0.0410604 0.050062 0.0567182 0.0612485 0.0643287 0.0661244 0.0659438 0.0627962 0.056285
 1.03699e-16 7.35576e-05 0.000715006 0.00475147 0.0215995 0.067204 0.143185 0.208985 0.20899 0.143213 0.0672969 0.0218682 0.00542741 0.00219562 0.00290067 0.00471989 0.0068915 0.00888426 0.0102192 0.0107009 0.010531 0.0101482 0.00991749 0.00991564 0.00994606 0.0097202
pSPR Fmed_Fpbrs
0.302624   0.254541 0.254541
Fs Fmed_Fpbrs
0.849045   1.005 1.005
SSBpbr Bo_Bmed_Bpbrs
1.17897e+06  297836  241148 241148
Ro
88817.6
SPR SPRFo_SPRFmed_SPRFpbrs
632440 191391 160982
Fref
1.005
log_Ro
11.2143
likeval ReclasPelacesDesembMPH_pf_preclas_ppelaces_ptallas_desvR_qrecl_qpela
 13.3311 15.8033 0.0466993 0.000838433 241.177 119.221 88.1026 0 30.7904 7.32199e-05 0.000186768 0.0129718 0 0 0
q_reclas_q_pelaces
3.36202 6.98878
M
1
N
 96200.7 28213.5 45530.9 5319.12 0.145352
 83417.8 27633.1 7079.24 11295.7 1318.84
 98743.1 18020.5 4462.66 1115.74 1985.51
 72461.1 21290.3 2901.63 701.2 486.618
 43063.8 10352.6 1814.07 236.757 96.6869
 251427 9706.81 1785.48 305.926 56.1627
 51467 65421.8 2090.25 378.433 76.6783
 16854.1 8732.79 7272.54 224.27 48.7356
 26307 5172.03 2427.02 2004.47 75.2121
 35207.4 4432.33 568.704 257.494 220.215
 51392.4 3148.03 182.952 22.0018 18.415
 106782 14490.2 767.504 44.0643 9.72787
 86688 16867.4 1442.06 73.4806 5.13914
 67148.7 14453.5 1824.91 150.465 8.18707
 47580.8 6380.72 655.457 77.784 6.73953
 262838 5502.49 392.056 38.195 4.91118
 32639 45279.9 626.205 43.094 4.72916
 444681 6116.96 5870 78.7109 6.00101
 240535 102079 1085.17 1019.1 14.6898
 206966 45408.4 13383 137.989 131.238
 242442 39142.5 5970.01 1706.71 34.2758
 388016 51263.5 6115.31 909.35 264.821
 44838.7 74909.1 6957.75 805.85 154.477
 186774 10392.4 13488.1 1226.58 169.099
 146101 46914.1 2119.04 2702.61 279.386
 53620.8 36505.7 9488.65 421.063 591.964
 146025 13917.8 7831.14 2003.24 213.678
 176187 35920.3 2747.65 1517.78 429.237
 38495.3 48862.2 8536.51 644.588 456.439
 24792.3 10637.8 11548.1 1991.26 256.644
 115887 4896.03 1495.31 1577.68 306.626
pred_Ctot
 13600.2 5848.74 9675.59 1131.84 0.0309311
 22719.5 10462.2 2735.88 4370.19 510.274
 26971 6840.18 1729.01 432.754 770.149
 30189.4 11567.7 1601.47 387.33 268.81
 10967.6 3692.65 660.864 86.3472 35.2646
 47844.9 2656.39 500.095 85.7929 15.7511
 18643.1 31678.7 1030.04 186.659 37.8227
 1793.14 1381 1180.25 36.4467 7.92076
 9591.82 2518.17 1202.47 994.035 37.3001
 18781.4 2916.22 378.602 171.527 146.699
 7753.93 693.872 41.3248 4.97621 4.16525
 41191.2 7393.26 398.206 22.8823 5.05185
 31911.1 8278.32 720.114 36.7275 2.56879
 34949.2 9337.5 1193.42 98.4619 5.35766
 22572.6 3841.9 400.117 47.517 4.11722
 93852.8 2632.54 190.92 18.6173 2.39396
 10682.7 20119.8 283.501 19.5293 2.14326
 109794 2122.12 2080.43 27.9282 2.12941
 78085.9 45041.4 487.899 458.654 6.61156
 67049.9 20000.5 6006.6 61.9944 58.9647
 68137.8 15236.3 2371.36 678.656 13.6302
 122742 22121 2689.64 400.356 116.598
 10885.2 25596 2429.1 281.662 53.9962
 38628.4 3070.35 4076.35 371.143 51.1701
 30569.4 14008.5 647.208 826.439 85.4396
 10266.5 10047 2672.67 118.747 166.956
 31597.6 4285.31 2465.76 631.501 67.3643
 28049.8 8326.91 652.565 360.938 102.082
 6197.4 11446.1 2048.6 154.888 109.685
 7630.58 4482.89 4961.6 856.416 110.385
 22909.1 1387.75 433.689 458.137 89.046
F
 0.247422 0.382633 0.393965 0.39458 0.394612
 0.532351 0.823269 0.847649 0.848972 0.849042
 0.534271 0.826239 0.850707 0.852035 0.852105
 0.945813 1.46268 1.50599 1.50835 1.50847
 0.489855 0.75755 0.779984 0.781202 0.781266
 0.346299 0.535543 0.551403 0.552264 0.552309
 0.773855 1.19675 1.23219 1.23411 1.23422
 0.181328 0.28042 0.288724 0.289175 0.289199
 0.780911 1.20766 1.24342 1.24537 1.24547
 1.41448 2.18746 2.25224 2.25575 2.25594
 0.266017 0.411389 0.423572 0.424233 0.424268
 0.845408 1.30741 1.34612 1.34822 1.34833
 0.791379 1.22385 1.26009 1.26206 1.26216
 1.35363 2.09336 2.15535 2.15871 2.15889
 1.15723 1.78963 1.84263 1.8455 1.84566
 0.758677 1.17328 1.20802 1.20991 1.21001
 0.674441 1.04301 1.0739 1.07557 1.07566
 0.471608 0.729331 0.75093 0.752102 0.752164
 0.667169 1.03176 1.06232 1.06397 1.06406
 0.665349 1.02895 1.05942 1.06107 1.06116
 0.553783 0.856413 0.881774 0.883151 0.883223
 0.644771 0.997124 1.02665 1.02825 1.02834
 0.461999 0.714471 0.735629 0.736777 0.736838
 0.381584 0.590111 0.607586 0.608534 0.608584
 0.386828 0.598221 0.615937 0.616898 0.616949
 0.348767 0.53936 0.555333 0.5562 0.556245
 0.402478 0.622424 0.640856 0.641857 0.641909
 0.282545 0.43695 0.44989 0.450592 0.450629
 0.286121 0.44248 0.455584 0.456295 0.456333
 0.622108 0.962077 0.990568 0.992114 0.992196
 0.361956 0.559757 0.576333 0.577233 0.57728
nmprior
 8 9 7.5 0
nm_flota  nm_reclas  nm_pelaces    nm_pelaL
inf 20.7336 8.37696 12.8146
cv_recla  cv_pelaces  cv_mph
0.330261 0.467776 0.893593
 ------------------------------------------------
Talla a la edad & desviación 
 8 13.2811 15.8009 17.003 17.5766
 0.8 1.32811 1.58009 1.7003 1.75766
