    unsorted:	 2.413273891e-05 -1.728072339e-05 0.001099979573 11.89393473 15.76638609 15.55799481 4.040194849 70.02155344 78.53672666 98.07621943 118.9045474 175.9385724 217.7705291 426.7049518 419.6363818 400.7886815 325.3874734 299.8067248 452.6588062 569.9529203 575.7697933 634.8666253 734.3194497 793.6782618 814.6820170 893.9908500 889.8437873 878.8375810 933.0531592 959.8893514 1013.074725 1067.084045 1092.448285 1147.944409 1214.638509 1367.607614 1369.949345 1322.553444 1459.873470 1597.227954 1797.425112 1931.880489 3804.863877 20973.77177 32309.69893 268551.8212 273157.9519 277726.0355 283542.6349 258260.0000 247154.3632 306506.8174 312191.3302 156550.9198 425966.3550 492666.7324 640641.5240 733178.8159 782534.2928 803264.6017 979185.2699 1401546.672 1592689.590 1756279.392 1809314.018 1984556.353 2231079.683 2385990.230 2641948.184 2800724.084 3035663.500 3113404.991 3192090.229 3864248.967 4074018.476 5767076.701 15447571.72
      sorted:	 -1.728072339e-05 2.413273891e-05 0.001099979573 4.040194849 11.89393473 15.55799481 15.76638609 70.02155344 78.53672666 98.07621943 118.9045474 175.9385724 217.7705291 299.8067248 325.3874734 400.7886815 419.6363818 426.7049518 452.6588062 569.9529203 575.7697933 634.8666253 734.3194497 793.6782618 814.6820170 878.8375810 889.8437873 893.9908500 933.0531592 959.8893514 1013.074725 1067.084045 1092.448285 1147.944409 1214.638509 1322.553444 1367.607614 1369.949345 1459.873470 1597.227954 1797.425112 1931.880489 3804.863877 20973.77177 32309.69893 156550.9198 247154.3632 258260.0000 268551.8212 273157.9519 277726.0355 283542.6349 306506.8174 312191.3302 425966.3550 492666.7324 640641.5240 733178.8159 782534.2928 803264.6017 979185.2699 1401546.672 1592689.590 1756279.392 1809314.018 1984556.353 2231079.683 2385990.230 2641948.184 2800724.084 3035663.500 3113404.991 3192090.229 3864248.967 4074018.476 5767076.701 15447571.72
