years
 1991 1992 1993 1994 1995 1996 1997 1998 1999 2000 2001 2002 2003 2004 2005 2006 2007 2008 2009 2010 2011 2012 2013 2014 2015 2016 2017 2018 2019 2020 2021
reclasobs
 0 0 0 0 0 0 0 0 0 252601 567819 844713 477998 351125 339783 2.1784e+06 2.13404e+06 4.81314e+06 1.55562e+06 2.62356e+06 3.21686e+06 3.843e+06 1.13348e+06 3.07943e+06 1.97215e+06 2.03268e+06 2.025e+06 2.42433e+06 2.27542e+06 1.05018e+06 2.36338e+06
reclaspred
 2.92756e+06 2.28366e+06 1.29103e+06 1.12289e+06 1.32649e+06 1.4733e+06 932987 1.02902e+06 873855 763933 660325 758382 724022 632148 756671 1.28648e+06 1.87864e+06 2.74095e+06 2.36139e+06 1.97038e+06 3.51684e+06 2.70082e+06 2.59913e+06 3.3656e+06 3.05513e+06 2.86039e+06 2.77102e+06 2.66293e+06 2.96065e+06 2.11635e+06 3.11624e+06
pelacesobs
 0 0 0 0 0 0 0 0 0 0 0 0 0 0 0 552880 188675 0 991730 2.46772e+06 1.41603e+06 1.21717e+06 2.29649e+06 1.80582e+06 0 1.4828e+06 1.56532e+06 1.57751e+06 1.42118e+06 867257 0
pelacespred
 1.27102e+06 1.10652e+06 659055 505125 597846 650163 409302 534558 463720 373531 353098 324431 333653 312852 393257 559378 795482 1.22657e+06 1.17481e+06 922653 1.45943e+06 1.35508e+06 1.24208e+06 1.71315e+06 1.58968e+06 1.41704e+06 1.54925e+06 1.53358e+06 1.37363e+06 1.10091e+06 1.54209e+06
mphobs
 0 0 0 0 0 0 0 0 0 0 0 498337 0 5186 125008 0 168611 109162 213762 579715 649985 157893 87575 83554 0 0 0 0 0 0 0
mphpred
 2.22322e+06 2.38158e+06 1.37259e+06 813884 996242 1.15158e+06 996270 631971 813780 668300 503417 614611 552641 499992 431043 694908 1.34616e+06 1.65413e+06 2.10342e+06 1.63551e+06 2.05236e+06 2.4925e+06 2.14919e+06 2.03619e+06 2.84003e+06 2.40154e+06 2.04108e+06 2.04418e+06 2.64295e+06 1.94592e+06 1.38753e+06
desembarqueobs
 494567 514787 250237 358949 120608 361735 552515 73892 212993 205616 52469 317467 293654 387597 252695 516296 358380 742168 942051 627588 828172 859565 418607 520667 417249 300574 407403 355545 319650 289779 219260
desembarquepred
 493972 507661 253128 359149 120726 361607 552238 73925.3 213035 205942 52559.9 317353 293563 388127 252941 516472 358599 741632 939886 627972 830952 862117 418728 521532 417868 300536 407460 355468 319644 290431 219325
Reclutas
 508511 81737.4 119615 275612 222234 166855 119743 114528 74776 96189.3 146443 142602 156881 126330 167322 505378 223253 637871 484447 456888 569777 646409 238862 520783 445288 213403 421330 446724 177345 186184 831031
log_desv_Rt
 0.727971 -1.1 -0.719236 0.115479 -0.0997846 -0.386387 -0.718169 -0.762697 -1.18902 -0.937197 -0.516877 -0.54346 -0.448027 -0.664615 -0.383594 0.721792 -0.0952111 0.954621 0.679493 0.620924 0.84173 0.967917 -0.0276307 0.751819 0.595207 -0.140332 0.539902 0.598427 -0.325416 -0.276781 1.21915
SSB
 2.22322e+06 2.38158e+06 1.37259e+06 813884 996242 1.15158e+06 996270 631971 813780 668300 503417 614611 552641 499992 431043 694908 1.34616e+06 1.65413e+06 2.10342e+06 1.63551e+06 2.05236e+06 2.4925e+06 2.14919e+06 2.03619e+06 2.84003e+06 2.40154e+06 2.04108e+06 2.04418e+06 2.64295e+06 1.94592e+06 1.38753e+06
BT
 3.89703e+06 3.12708e+06 1.85057e+06 1.85645e+06 1.74103e+06 2.13647e+06 1.58596e+06 1.81492e+06 1.52912e+06 1.24956e+06 1.11054e+06 1.20959e+06 1.30074e+06 1.43792e+06 1.65296e+06 2.3821e+06 2.54138e+06 4.63719e+06 4.4116e+06 3.24687e+06 5.28782e+06 4.68435e+06 3.80269e+06 6.19607e+06 4.64961e+06 4.14412e+06 5.35655e+06 5.21779e+06 3.68496e+06 3.24397e+06 5.71795e+06
Ftot
 0.159961 0.209408 0.185176 0.299951 0.0867555 0.231126 0.539937 0.0686057 0.229729 0.253388 0.0759754 0.388623 0.377466 0.562829 0.3141 0.375413 0.180614 0.254808 0.370536 0.298799 0.222916 0.299039 0.152728 0.147194 0.12992 0.100032 0.139701 0.126971 0.102725 0.130333 0.0672645
BD_Bspro_t
 0.974731 0.857988 0.722391 0.650418 0.691906 0.761969 0.67651 0.533901 0.682951 0.67319 0.662308 0.768604 0.643976 0.575768 0.522125 0.622606 0.683105 0.711942 0.71 0.629264 0.637054 0.673419 0.671782 0.697872 0.783619 0.793523 0.801631 0.818504 0.847105 0.805712 0.801058
BD_Bspro
 1.2715 1.36207 0.785011 0.465475 0.569769 0.65861 0.569785 0.361435 0.465415 0.382213 0.287913 0.351507 0.316066 0.285955 0.246521 0.39743 0.769891 0.946029 1.20298 0.935376 1.17378 1.42551 1.22916 1.16453 1.62426 1.37348 1.16733 1.1691 1.51155 1.1129 0.793552
BD_Bo
 1.02371 1.09663 0.632028 0.374764 0.458732 0.530261 0.458745 0.290999 0.374715 0.307727 0.231805 0.283006 0.254471 0.230228 0.198479 0.319979 0.619855 0.761668 0.968545 0.753091 0.945035 1.1477 0.989624 0.937589 1.30773 1.10582 0.939844 0.941268 1.21698 0.896023 0.638905
BD_Brms
 4.33894 4.64801 2.67882 1.58842 1.94431 2.24748 1.94437 1.23338 1.58821 1.30429 0.982492 1.1995 1.07856 0.975809 0.841245 1.35621 2.62722 3.22829 4.10513 3.19193 4.00548 4.86448 4.19447 3.97392 5.54273 4.68696 3.98348 3.98951 5.1581 3.79774 2.70797
Sel_flota
 0.5 1 1 1 1
 0.5 1 1 1 1
 0.5 1 1 1 1
 0.5 1 1 1 1
 0.5 1 1 1 1
 0.5 1 1 1 1
 0.5 1 1 1 1
 0.5 1 1 1 1
 0.5 1 1 1 1
 0.5 1 1 1 1
 0.5 1 1 1 1
 0.5 1 1 1 1
 0.5 1 1 1 1
 0.5 1 1 1 1
 0.5 1 1 1 1
 0.5 1 1 1 1
 0.5 1 1 1 1
 0.5 1 1 1 1
 0.5 1 1 1 1
 0.5 1 1 1 1
 0.5 1 1 1 1
 0.5 1 1 1 1
 0.5 1 1 1 1
 0.5 1 1 1 1
 0.5 1 1 1 1
 0.5 1 1 1 1
 0.5 1 1 1 1
 0.5 1 1 1 1
 0.5 1 1 1 1
 0.5 1 1 1 1
 0.5 1 1 1 1
Sel_reclas
 0.5 1 1 1 1
 0.5 1 1 1 1
 0.5 1 1 1 1
 0.5 1 1 1 1
 0.5 1 1 1 1
 0.5 1 1 1 1
 0.5 1 1 1 1
 0.5 1 1 1 1
 0.5 1 1 1 1
 0.5 1 1 1 1
 0.5 1 1 1 1
 0.5 1 1 1 1
 0.5 1 1 1 1
 0.5 1 1 1 1
 0.5 1 1 1 1
 0.5 1 1 1 1
 0.5 1 1 1 1
 0.5 1 1 1 1
 0.5 1 1 1 1
 0.5 1 1 1 1
 0.5 1 1 1 1
 0.5 1 1 1 1
 0.5 1 1 1 1
 0.5 1 1 1 1
 0.5 1 1 1 1
 0.5 1 1 1 1
 0.5 1 1 1 1
 0.5 1 1 1 1
 0.5 1 1 1 1
 0.5 1 1 1 1
 0.5 1 1 1 1
Sel_pelaces
 0.5 1 1 1 1
 0.5 1 1 1 1
 0.5 1 1 1 1
 0.5 1 1 1 1
 0.5 1 1 1 1
 0.5 1 1 1 1
 0.5 1 1 1 1
 0.5 1 1 1 1
 0.5 1 1 1 1
 0.5 1 1 1 1
 0.5 1 1 1 1
 0.5 1 1 1 1
 0.5 1 1 1 1
 0.5 1 1 1 1
 0.5 1 1 1 1
 0.5 1 1 1 1
 0.5 1 1 1 1
 0.5 1 1 1 1
 0.5 1 1 1 1
 0.5 1 1 1 1
 0.5 1 1 1 1
 0.5 1 1 1 1
 0.5 1 1 1 1
 0.5 1 1 1 1
 0.5 1 1 1 1
 0.5 1 1 1 1
 0.5 1 1 1 1
 0.5 1 1 1 1
 0.5 1 1 1 1
 0.5 1 1 1 1
 0.5 1 1 1 1
pf_obs 
 0.8446 0.082 0.0669 0.0065 0
 0.8095 0.147 0.0364 0.0071 0
 0.9664 0.0169 0.016 0.0007 0
 0.9276 0.0648 0.0075 0.0001 0
 0.7033 0.2144 0.0806 0.0017 0
 0.9318 0.0425 0.0243 0.0014 0
 0.5671 0.3108 0.0964 0.0239 0.0018
 0.0768 0.2599 0.5324 0.112 0.0189
 0.490249 0.384438 0.106611 0.0170017 0.00170017
 0.7925 0.1577 0.0466 0.003 0.0002
 0.840416 0.127587 0.0312969 0.00059994 9.999e-05
 0.8084 0.0986 0.0794 0.0134 0.0002
 0.7335 0.1905 0.0724 0.0035 0.0001
 0.4001 0.4547 0.1325 0.0127 0
 0.49795 0.308269 0.164784 0.0264974 0.00249975
 0.9179 0.0499 0.0305 0.0017 0
 0.2467 0.6533 0.0926 0.0074 0
 0.9418 0.0223 0.034 0.0019 0
 0.707729 0.231977 0.0356964 0.0245975 0
 0.517169 0.277429 0.184464 0.0207286 0.00020938
 0.811772 0.124168 0.05621 0.00726502 0.000585176
 0.764997 0.148141 0.077277 0.00933861 0.000247198
 0.163321 0.427699 0.378323 0.0303852 0.000271297
 0.753843 0.0900009 0.118128 0.0371064 0.000921714
 0.721811 0.176058 0.0630433 0.0369309 0.00215725
 0.143369 0.312575 0.442814 0.0836902 0.0175525
 0.692698 0.0596174 0.167031 0.0765114 0.00414204
 0.394062 0.376323 0.152708 0.0712218 0.00568511
 0.125707 0.32114 0.495352 0.0537591 0.00404204
 0.23352 0.215282 0.420074 0.123614 0.00750983
 0 0 0 0 0
pf_pred 
 0.605593 0.249313 0.091717 0.0337408 0.0196364
 0.158538 0.642047 0.126054 0.0463727 0.0269878
 0.39629 0.172799 0.328791 0.0645519 0.0375677
 0.67946 0.186251 0.0384375 0.0731363 0.0227155
 0.516055 0.398114 0.049872 0.0102924 0.0256661
 0.433869 0.388534 0.1461 0.018302 0.013196
 0.430302 0.354063 0.147989 0.0556481 0.0119973
 0.525278 0.304123 0.106026 0.044316 0.0202567
 0.400028 0.415814 0.117978 0.0411304 0.0250495
 0.548295 0.265657 0.128942 0.0365842 0.020522
 0.633231 0.265406 0.0596135 0.0289345 0.0128146
 0.536358 0.361311 0.0740498 0.0166325 0.0116483
 0.585678 0.299301 0.0896341 0.0183703 0.00701589
 0.528256 0.358577 0.0817501 0.0244823 0.00693388
 0.648662 0.25541 0.0729162 0.0166238 0.00638844
 0.80586 0.155755 0.0279048 0.00796644 0.00251419
 0.404246 0.537905 0.0464111 0.00831493 0.00312297
 0.724842 0.162003 0.102167 0.00881507 0.00217245
 0.517622 0.410219 0.0424849 0.0267929 0.00288145
 0.536208 0.327386 0.116001 0.0120138 0.00839125
 0.596039 0.28949 0.0808037 0.0286307 0.00503625
 0.581497 0.31774 0.0722094 0.0201554 0.00839776
 0.311661 0.51794 0.129372 0.0294011 0.0116258
 0.615913 0.186851 0.14841 0.0370702 0.0117558
 0.497313 0.387117 0.0562225 0.0446557 0.0146915
 0.323118 0.45538 0.170577 0.0247736 0.0261504
 0.590027 0.203252 0.139074 0.0520947 0.0155523
 0.543283 0.342524 0.0566131 0.0387373 0.0188422
 0.294775 0.501979 0.152429 0.0251938 0.0256238
 0.416585 0.270022 0.223073 0.0677373 0.0225827
 0.796856 0.121364 0.0378501 0.031269 0.0126605
pobs_RECLAS
 0 0 0 0 0
 0 0 0 0 0
 0 0 0 0 0
 0 0 0 0 0
 0 0 0 0 0
 0 0 0 0 0
 0 0 0 0 0
 0 0 0 0 0
 0 0 0 0 0
 0 0 0 0 0
 0.991045 0.00858322 0.000360255 1.14367e-05 0
 0.934742 0.0480273 0.0164251 0.00080598 0
 0.827803 0.169806 0.00239088 0 0
 0.941827 0.0461693 0.0120037 0 0
 0.791401 0.0380133 0.147996 0.0225897 0
 0.846168 0.0940531 0.0597789 0 0
 0.134021 0.677848 0.182769 0.00536245 0
 0.80878 0.0450904 0.141981 0.00414843 0
 0.846168 0.0940531 0.0597789 0 0
 0.905697 0.0802665 0.012482 0.00150086 5.37128e-05
 0.989698 0.0102097 9.19794e-05 0 0
 0.975433 0.0193895 0.00387452 0.00125025 5.28907e-05
 0.303575 0.632131 0.0575291 0.00676475 0
 0.966965 0.00978017 0.0227588 0.000495775 0
 0.843318 0.132988 0.00938335 0.0141283 0.000182051
 0.564624 0.303363 0.111486 0.0197234 0.00080311
 0.826376 0.0876187 0.0782897 0.00655872 0.00115652
 0.89761 0.0855135 0.0140674 0.00269457 0.000114338
 0.34875 0.467042 0.161289 0.0227151 0.000203297
 0.318654 0.224769 0.449479 0.00709798 0
 0.937255 0.0296025 0.0250945 0.00804832 0
ppred_RECLAS
 0.607339 0.248209 0.0913111 0.0335915 0.0195495
 0.15986 0.641038 0.125856 0.0462998 0.0269454
 0.39835 0.17221 0.327669 0.0643317 0.0374395
 0.682705 0.184365 0.0380484 0.0723959 0.0224856
 0.516999 0.397338 0.0497748 0.0102723 0.025616
 0.436584 0.38667 0.145399 0.0182142 0.0131327
 0.437821 0.349391 0.146036 0.0549137 0.011839
 0.526014 0.303652 0.105862 0.0442473 0.0202253
 0.402664 0.413987 0.117459 0.0409496 0.0249394
 0.551334 0.26387 0.128074 0.0363381 0.0203839
 0.633994 0.264854 0.0594895 0.0288744 0.012788
 0.541415 0.35737 0.0732422 0.0164511 0.0115212
 0.590437 0.295864 0.0886045 0.0181593 0.00693531
 0.53629 0.352471 0.080358 0.0240654 0.00681581
 0.652248 0.252803 0.0721719 0.0164541 0.00632323
 0.808895 0.15332 0.0274685 0.0078419 0.00247489
 0.406263 0.536084 0.046254 0.00828679 0.0031124
 0.7273 0.160556 0.101254 0.00873634 0.00215305
 0.522416 0.406142 0.0420626 0.0265266 0.0028528
 0.539904 0.324777 0.115076 0.011918 0.00832437
 0.598589 0.287663 0.0802936 0.0284499 0.00500446
 0.585115 0.314993 0.0715852 0.0199811 0.00832516
 0.313154 0.516817 0.129092 0.0293373 0.0116006
 0.61749 0.186084 0.1478 0.0369179 0.0117075
 0.498769 0.385996 0.0560596 0.0445263 0.0146489
 0.324081 0.454733 0.170335 0.0247384 0.0261132
 0.591551 0.202496 0.138557 0.051901 0.0154945
 0.544693 0.341467 0.0564384 0.0386178 0.0187841
 0.295716 0.501309 0.152225 0.0251602 0.0255896
 0.418007 0.269364 0.222529 0.0675723 0.0225277
 0.797324 0.121085 0.0377629 0.031197 0.0126314
pobs_PELACES
 0 0 0 0 0
 0 0 0 0 0
 0 0 0 0 0
 0 0 0 0 0
 0 0 0 0 0
 0 0 0 0 0
 0 0 0 0 0
 0 0 0 0 0
 0 0 0 0 0
 0 0 0 0 0
 0 0 0 0 0
 0 0 0 0 0
 0 0 0 0 0
 0 0 0 0 0
 0 0 0 0 0
 0 0 0 0 0
 0.505614 0.472636 0.0217494 0 0
 0 0 0 0 0
 0.443492 0.261883 0.143347 0.151278 0
 0.227955 0.32914 0.350689 0.0885471 0.00366901
 0.970185 0.0296113 0.000203453 0 0
 0.997202 0.00247181 0.000326279 0 0
 0.445219 0.490057 0.0546422 0.010081 0
 0.90214 0.0892962 0.00764917 0.000914606 0
 0 0 0 0 0
 0.581667 0.319106 0.0959925 0.00289975 0.000334073
 0.762889 0.0836404 0.116647 0.0363945 0.000428098
 0.88444 0.0763242 0.0277011 0.0115352 0
 0.521256 0.241999 0.230069 0.00667565 0
 0.616807 0.101726 0.260614 0.0208532 0
 0 0 0 0 0
ppred_PELACES
 0.613615 0.244242 0.0898516 0.0330546 0.019237
 0.164556 0.637456 0.125153 0.0460411 0.0267948
 0.405695 0.170107 0.323669 0.0635463 0.0369825
 0.693327 0.178193 0.0367746 0.0699722 0.0217328
 0.520573 0.394398 0.0494065 0.0101963 0.0254265
 0.445986 0.380217 0.142973 0.0179103 0.0129135
 0.459856 0.335696 0.140312 0.0527612 0.0113749
 0.528835 0.301844 0.105232 0.0439839 0.0201049
 0.411814 0.407646 0.11566 0.0403224 0.0245574
 0.561652 0.257801 0.125129 0.0355024 0.0199151
 0.636898 0.262753 0.0590175 0.0286453 0.0126865
 0.557288 0.345001 0.0707071 0.0158817 0.0111224
 0.605409 0.285048 0.0853655 0.0174955 0.00668178
 0.55929 0.334988 0.0763721 0.0228717 0.00647774
 0.663908 0.244326 0.0697519 0.0159024 0.0061112
 0.818288 0.145784 0.0261185 0.00745647 0.00235325
 0.413471 0.529576 0.0456924 0.00818618 0.00307461
 0.735558 0.155694 0.0981879 0.00847177 0.00208785
 0.537645 0.393191 0.0407214 0.0256808 0.00276184
 0.552125 0.316151 0.11202 0.0116015 0.00810327
 0.607394 0.281353 0.0785324 0.0278259 0.00489469
 0.597041 0.305939 0.0695275 0.0194068 0.00808586
 0.318599 0.512719 0.128068 0.0291047 0.0115086
 0.62321 0.183301 0.14559 0.0363659 0.0115324
 0.504128 0.381869 0.0554602 0.0440502 0.0144923
 0.327707 0.452293 0.169421 0.0246057 0.0259731
 0.597109 0.199741 0.136672 0.0511948 0.0152837
 0.549883 0.337574 0.055795 0.0381775 0.0185699
 0.299258 0.498788 0.15146 0.0250336 0.0254609
 0.423247 0.266938 0.220525 0.0669638 0.0223248
 0.799111 0.120017 0.0374299 0.0309219 0.01252
pobs_pel_tallas
 0 0 0 0 0 0 0 0 0 0 0 0 0 0 0 0 0 0 0 0 0 0 0 0 0 0
 0 0 0 0 0 0 0 0 0 0 0 0 0 0 0 0 0 0 0 0 0 0 0 0 0 0
 0 0 0 0 0 0 0 0 0 0 0 0 0 0 0 0 0 0 0 0 0 0 0 0 0 0
 0 0 0 0 0 0 0 0 0 0 0 0 0 0 0 0 0 0 0 0 0 0 0 0 0 0
 0 0 0 0 0 0 0 0 0 0 0 0 0 0 0 0 0 0 0 0 0 0 0 0 0 0
 0 0 0 0 0 0 0 0 0 0 0 0 0 0 0 0 0 0 0 0 0 0 0 0 0 0
 0 0 0 0 0 0 0 0 0 0 0 0 0 0 0 0 0 0 0 0 0 0 0 0 0 0
 0 0 0 0 0 0 0 0 0 0 0 0 0 0 0 0 0 0 0 0 0 0 0 0 0 0
 0 0 0 0 0 0 0 0 0 0 0 0 0 0 0 0 0 0 0 0 0 0 0 0 0 0
 0 0 0 0 0 0 0 0 0 0 0 0 0 0 0 0 0 0 0 0 0 0 0 0 0 0
 0 0 0 0 0 0 0 0 0 0 0 0 0 0 0 0 0 0 0 0 0 0 0 0 0 0
 0 0 0 0 0 0 0 0 0 0 0 0 0 0 0 0 0 0 0 0 0 0 0 0 0 0
 0.00862536 0 0 0.000197151 0.00414017 0.0128641 0.00837892 0.0270097 0.101434 0.158115 0.152841 0.127902 0.109271 0.109419 0.0830992 0.0579132 0.0238553 0.00714673 0.00463305 0.00128148 0.00103504 0.000492878 0.000147863 0.000147863 4.92878e-05 0
 0 0 0 0 0 0 0 0 0 0 0 0 0 0 0 0 0 0 0 0 0 0 0 0 0 0
 0 0 0 0 0 0 0 0.0054083 0.00873648 0.0413646 0.0450493 0.0745869 0.0622846 0.0627006 0.0613931 0.0827291 0.12552 0.122667 0.0946155 0.0697135 0.0546179 0.0294188 0.0215738 0.0213955 0.0102223 0.00600262
 0 0 0 0 0.00359764 0.0251062 0.0480494 0.140153 0.205849 0.193036 0.1447 0.116669 0.0760912 0.0342217 0.00950174 0.001854 0.000860785 0 0 0 0.000165536 0 0.000143464 0 0 0
 0 0 0 0 0 0 0 0.000145254 0.000435761 0.0275982 0.070085 0.0708112 0.156366 0.174668 0.174014 0.160142 0.0824315 0.0480064 0.0283245 0.00493863 0.00203355 0 0 0 0 0
 0 0 0 0 0 0 0 0 0 0 0 0 0 0 0 0 0 0 0 0 0 0 0 0 0 0
 0 0 1.00437e-05 0.000401748 0.00122533 0.00171747 0.00176769 0.0269171 0.070346 0.194647 0.189555 0.159765 0.064822 0.0314167 0.0384472 0.0292271 0.0345202 0.0313363 0.0194345 0.0106764 0.0143323 0.0359363 0.0279516 0.0138201 0.00172751 0
 0 0.0021121 0.0136068 0.0755702 0.200478 0.177729 0.0527432 0.0373336 0.0318909 0.0142505 0.0149659 0.0166563 0.0217959 0.0798694 0.0677717 0.0528807 0.04013 0.0224614 0.0357745 0.0225083 0.00881397 0.00855152 0.00135912 0.000746735 0 0
 0 0 0 0 5.4009e-05 0.00500934 0.000945158 0.0243581 0.138947 0.33067 0.221406 0.137944 0.0707744 0.0437923 0.0131692 0.00525238 0.0047753 0.00276346 9.45158e-05 9.00151e-06 2.25038e-05 9.00151e-06 4.50075e-06 0 0 0
 0.000866109 0.00284123 0.00948549 0.0512746 0.133035 0.25785 0.225252 0.132002 0.0553304 0.0519788 0.0540692 0.017754 0.00435017 0.00159236 0.00146478 0.000404838 0.000125132 0.000115318 0.000107957 0.000100596 0 0 0 0 0 0
 0 0 0 0 0.00144013 0.00171154 0.00461396 0.0210425 0.0478622 0.0707936 0.0888783 0.103762 0.0637923 0.0337046 0.0602308 0.124433 0.169614 0.0934646 0.0462172 0.0250306 0.0313229 0.00938855 0.002487 0.000210481 0 0
 0 0.00764035 0.051015 0.0998891 0.058973 0.0496711 0.0374665 0.0718981 0.12319 0.153886 0.159021 0.0857701 0.0377988 0.023471 0.0147837 0.00900784 0.00315554 0.000888139 0.00291439 0.00214683 0.00393193 0.00274676 0.000635225 9.99891e-05 0 0
 0 0 0 0 0 0 0 0 0 0 0 0 0 0 0 0 0 0 0 0 0 0 0 0 0 0
 0 0 0 0 0 0 0 0 0 0 0 0 0 0 0 0 0 0 0 0 0 0 0 0 0 0
 0 0 0 0 0 0 0 0 0 0 0 0 0 0 0 0 0 0 0 0 0 0 0 0 0 0
 0 0 0 0 0 0 0 0 0 0 0 0 0 0 0 0 0 0 0 0 0 0 0 0 0 0
 0 0 0 0 0 0 0 0 0 0 0 0 0 0 0 0 0 0 0 0 0 0 0 0 0 0
 0 0 0 0 0 0 0 0 0 0 0 0 0 0 0 0 0 0 0 0 0 0 0 0 0 0
 0 0 0 0 0 0 0 0 0 0 0 0 0 0 0 0 0 0 0 0 0 0 0 0 0 0
ppred_pel_tallas
 1.09226e-16 5.05427e-05 0.000491293 0.00326482 0.0148414 0.0461772 0.0983863 0.143603 0.143626 0.0985018 0.0465655 0.0159641 0.00608795 0.00667056 0.0118346 0.0196134 0.0285542 0.0365596 0.0415265 0.0425046 0.0402298 0.0365244 0.0330661 0.030513 0.0285138 0.0263296
 1.12927e-16 1.35544e-05 0.000131753 0.00087555 0.00398016 0.0123841 0.0263879 0.0385268 0.0385883 0.0266884 0.0133935 0.00689665 0.00819979 0.0161322 0.0304359 0.0503879 0.0728069 0.0920386 0.102326 0.101043 0.0902433 0.0751871 0.0610787 0.0505686 0.0434828 0.0382025
 1.22016e-16 3.34166e-05 0.000324821 0.00215855 0.00981248 0.0305304 0.0650488 0.0949441 0.094961 0.0651315 0.0308096 0.0106253 0.00422285 0.00491057 0.00897611 0.0153988 0.0236156 0.0327172 0.041737 0.0501719 0.0580458 0.0653606 0.0714569 0.074971 0.0745128 0.0695229
 1.11802e-16 5.71085e-05 0.000555115 0.00368893 0.0167694 0.0521758 0.111167 0.162255 0.162272 0.111251 0.0524586 0.0175867 0.00574306 0.00504831 0.00861849 0.0142357 0.0206978 0.0264751 0.030088 0.0309555 0.0297766 0.0280428 0.0270506 0.0271718 0.0278304 0.02803
 1.06853e-16 4.2879e-05 0.000416799 0.00276978 0.012591 0.0391756 0.0834691 0.121834 0.121872 0.0836548 0.0397991 0.014392 0.00729012 0.0102841 0.0187809 0.0309773 0.0446147 0.0561019 0.0618144 0.0601069 0.0523077 0.0418275 0.0321175 0.0250551 0.020687 0.0180187
 1.08205e-16 3.67354e-05 0.000357081 0.00237293 0.010787 0.0335626 0.0715101 0.104379 0.104416 0.0716899 0.0341668 0.012534 0.00676483 0.00996723 0.0183544 0.0304581 0.0442753 0.056518 0.063828 0.0646167 0.059925 0.0525407 0.0451412 0.0389704 0.0338364 0.0289923
 1.11352e-16 3.78778e-05 0.000368186 0.00244673 0.0111225 0.0346063 0.0737336 0.107623 0.107656 0.0738926 0.0351405 0.0126675 0.00633281 0.00887791 0.0162773 0.0270554 0.0394561 0.0506464 0.0577504 0.0594447 0.0566757 0.0518362 0.0471031 0.0432885 0.0399075 0.0360533
 1.10928e-16 4.35595e-05 0.000423414 0.00281374 0.0127909 0.0397973 0.0847933 0.123764 0.123794 0.0849361 0.0402769 0.0141778 0.00630071 0.00805434 0.0145921 0.0242032 0.0352149 0.0450401 0.0510719 0.0521338 0.0491449 0.0443801 0.0399431 0.0366752 0.0341579 0.0314767
 1.11642e-16 3.39207e-05 0.000329721 0.00219111 0.00996051 0.030991 0.0660312 0.0963827 0.096422 0.0662237 0.0316378 0.01183 0.00688899 0.0106025 0.0195954 0.032478 0.0471073 0.0599339 0.0673597 0.0677477 0.0623638 0.0544072 0.0469424 0.0413736 0.0373655 0.0338003
 1.10608e-16 4.62626e-05 0.000449689 0.00298834 0.0135846 0.0422668 0.0900549 0.131443 0.131468 0.0901771 0.0426776 0.0147731 0.00597904 0.00700303 0.012565 0.020891 0.0305422 0.0393655 0.0451864 0.0470045 0.0455254 0.0425196 0.0395564 0.0371512 0.0348515 0.0319297
 1.0679e-16 5.24605e-05 0.000509935 0.0033887 0.0154045 0.0479294 0.10212 0.149052 0.149077 0.102244 0.0483458 0.0166078 0.00641131 0.00711576 0.0126204 0.0208409 0.0301608 0.0382401 0.0427345 0.0425863 0.0386443 0.0330432 0.0278541 0.024068 0.0215098 0.0194399
 1.05604e-16 4.59032e-05 0.000446195 0.00296512 0.013479 0.0419385 0.0893556 0.130424 0.130457 0.0895183 0.0424848 0.0150575 0.00692915 0.00910577 0.01651 0.027269 0.0393892 0.0497694 0.0552735 0.0544534 0.0483902 0.0399094 0.0318309 0.0256323 0.0213014 0.0180639
 1.05422e-16 4.98668e-05 0.000484723 0.00322116 0.0146429 0.0455597 0.0970708 0.141683 0.141711 0.0972055 0.046012 0.0159502 0.0065062 0.0076678 0.0137265 0.0227046 0.0329144 0.0418359 0.0469207 0.0469778 0.0428383 0.0366965 0.0306935 0.0258762 0.0221468 0.0189034
 1.0568e-16 4.60681e-05 0.000447798 0.00297578 0.0135275 0.0420891 0.0896766 0.130892 0.130925 0.0898346 0.0426199 0.0150611 0.00682796 0.00886532 0.0160566 0.0265354 0.0383706 0.0485689 0.0541031 0.0535737 0.0480138 0.0401204 0.032562 0.0267004 0.022475 0.0191312
 1.04705e-16 5.46853e-05 0.000531561 0.00353241 0.0160578 0.049962 0.10645 0.155372 0.155396 0.106566 0.0503496 0.017178 0.00634704 0.0066853 0.0117694 0.0194429 0.0281726 0.0357843 0.0400902 0.040072 0.0364525 0.0311304 0.0259614 0.0218565 0.0187315 0.0160544
 1.01938e-16 6.74013e-05 0.000655165 0.0043538 0.0197918 0.0615796 0.131202 0.191496 0.191511 0.131271 0.0618103 0.0204583 0.00602745 0.00431035 0.00701398 0.0115013 0.0165909 0.0209257 0.0231695 0.0227062 0.019997 0.0162503 0.0126808 0.00993784 0.00803586 0.00665623
 1.02796e-16 3.40572e-05 0.000331048 0.00219993 0.0100006 0.0311159 0.0662975 0.0967738 0.0968248 0.0665467 0.0319523 0.0124158 0.00826005 0.0135523 0.0251202 0.0414128 0.0595072 0.0745226 0.081501 0.0781494 0.0662137 0.0503198 0.0352535 0.0237823 0.0162657 0.0116469
 1.04077e-16 6.0587e-05 0.000588927 0.00391363 0.0177908 0.0553539 0.117938 0.172137 0.172152 0.118012 0.0556026 0.0185106 0.00572611 0.00456441 0.00766578 0.0127203 0.0186506 0.0241435 0.0278761 0.0291958 0.0284295 0.0265136 0.02428 0.02201 0.0195326 0.0166322
 1.04319e-16 4.42852e-05 0.000430468 0.00286061 0.0130039 0.0404603 0.0862063 0.125829 0.125866 0.0863914 0.0410817 0.0147985 0.0073643 0.0102594 0.0187037 0.030832 0.0443684 0.0557127 0.0612299 0.0592604 0.0511178 0.0402049 0.0299798 0.0223482 0.017408 0.014238
 1.05849e-16 4.54778e-05 0.000442061 0.00293765 0.0133542 0.0415499 0.0885276 0.129215 0.129246 0.088677 0.042052 0.0148058 0.00658663 0.00842452 0.0152545 0.0252741 0.0366998 0.0467662 0.0526595 0.0530453 0.0487932 0.0422506 0.0356978 0.0302353 0.0257635 0.0216968
 1.05958e-16 5.00303e-05 0.000486312 0.00323172 0.0146909 0.0457091 0.0973891 0.142148 0.142175 0.097522 0.0461554 0.0159809 0.00647302 0.00757314 0.0135418 0.0223941 0.0324575 0.0412459 0.0462522 0.0463189 0.0422928 0.0363663 0.0306635 0.0261983 0.0228206 0.0198633
 1.054e-16 4.91775e-05 0.000478023 0.00317663 0.0144405 0.04493 0.0957292 0.139726 0.139755 0.0958735 0.0454147 0.0158412 0.00669467 0.00816532 0.0146706 0.0242332 0.03504 0.0443516 0.0494033 0.0489188 0.043845 0.0366503 0.0297766 0.0244706 0.0206748 0.0176911
 1.08694e-16 2.62427e-05 0.000255089 0.00169516 0.00770596 0.0239764 0.051086 0.0745719 0.0746214 0.051328 0.0247891 0.0100545 0.00759467 0.0131486 0.024557 0.0406704 0.0588528 0.0745722 0.0832061 0.0826045 0.0743168 0.062417 0.0509309 0.0419047 0.035251 0.0298636
 1.09847e-16 5.1333e-05 0.000498975 0.00331587 0.0150735 0.0468992 0.0999244 0.145846 0.145864 0.100012 0.0471932 0.0159251 0.00546337 0.00521904 0.00910997 0.015227 0.0225113 0.0295316 0.0348399 0.0377466 0.038632 0.0384661 0.0379625 0.0371037 0.0353518 0.0322312
 1.08569e-16 4.15245e-05 0.000403633 0.00268228 0.0121933 0.0379381 0.0808324 0.117985 0.118022 0.0810123 0.0385423 0.0139387 0.00706437 0.00997321 0.0182267 0.0300976 0.0434315 0.0547996 0.0607503 0.0597405 0.0530691 0.0439839 0.0356891 0.0298008 0.0261519 0.0236304
 1.11868e-16 2.69929e-05 0.00026238 0.00174361 0.00792623 0.0246617 0.0525459 0.0767015 0.0767453 0.0527599 0.0253805 0.0100045 0.00696872 0.0116964 0.0218231 0.0362472 0.0527094 0.0673261 0.0761266 0.0772523 0.0719748 0.0636331 0.055408 0.0487319 0.0432849 0.0380591
 1.11716e-16 4.91831e-05 0.000478077 0.00317699 0.0144422 0.044935 0.0957395 0.139739 0.139758 0.0958346 0.0452548 0.0153681 0.00551049 0.00560277 0.00987257 0.0164826 0.0243038 0.0317604 0.0372687 0.0401065 0.0407654 0.0404188 0.0399597 0.0394253 0.0381826 0.0355649
 1.08668e-16 4.52932e-05 0.000440266 0.00292573 0.0132999 0.0413813 0.0881683 0.128691 0.128724 0.0883275 0.0419156 0.0148437 0.00680217 0.0089075 0.0161413 0.026655 0.038498 0.0486492 0.0540753 0.053424 0.0478407 0.0401731 0.0332107 0.028329 0.0253311 0.0232006
 1.11318e-16 2.46496e-05 0.000239603 0.00159225 0.00723816 0.0225209 0.0479848 0.0700454 0.0700936 0.0482205 0.0233124 0.00952601 0.00734151 0.0128117 0.0239644 0.0397443 0.057639 0.0732997 0.0822866 0.0825359 0.0755216 0.065098 0.0550118 0.0470709 0.041052 0.0358245
 1.16926e-16 3.48624e-05 0.000338875 0.00225194 0.010237 0.0318513 0.0678636 0.0990543 0.0990804 0.0679909 0.0322799 0.0114788 0.00538394 0.00722622 0.0132632 0.0222608 0.0329807 0.0434099 0.0514901 0.05626 0.0582902 0.0589615 0.0592211 0.0588994 0.0570495 0.0528416
 1.06331e-16 6.58218e-05 0.000639811 0.00425177 0.0193279 0.0601364 0.128127 0.187008 0.18702 0.128184 0.0603271 0.0198793 0.00563816 0.00367404 0.0058517 0.00963284 0.014023 0.0179694 0.0204586 0.021061 0.0201859 0.0187691 0.0176418 0.0170761 0.0167869 0.0162635
pSPR Fmed_Fpbrs
0.735031   0.285935 0.285935
Fs Fmed_Fpbrs
0.194762   1.005 1.005
SSBpbr Bo_Bmed_Bpbrs
2.17173e+06  1.4877e+06  512388 512388
Ro
245553
SPR SPRFo_SPRFmed_SPRFpbrs
1.7485e+06 1.2852e+06 499959
Fref
1.005
log_Ro
12.2313
likeval ReclasPelacesDesembMPH_pf_preclas_ppelaces_ptallas_desvR_qrecl_qpela
 28.7015 19.562 1.8753 0.00349155 244.722 143.038 87.8746 0 19.9498 0 0 7.80457 0 0 0
q_reclas_q_pelaces
1 1
M
1
N
 508511 108150 39786 14636.4 8518.07
 81737.4 172691 33904.7 12472.8 7258.91
 119615 27080.3 51526.6 10116.3 5887.44
 275612 40112.6 8278.25 15751.3 4892.21
 222234 87270.9 10932.5 2256.2 5626.28
 166855 78284.7 29437.3 3687.63 2658.83
 119743 54683.7 22856.3 8594.62 1852.94
 114528 33628.6 11723.9 4900.27 2239.9
 74776 40711.7 11551 4027 2452.55
 96189.3 24523.5 11903 3377.19 1894.44
 146443 31175.2 7002.35 3398.72 1505.24
 142602 51865.3 10629.7 2387.55 1672.08
 156881 43195.8 12936.2 2651.24 1012.55
 126330 47787 10894.7 3262.72 924.068
 167322 35074.9 10013.4 2282.9 877.309
 505378 52608.1 9425.19 2690.76 849.2
 223253 154100 13295.9 2382.08 894.673
 637871 75038.1 47322.5 4083.04 1006.26
 484447 206589 21395.7 13493.1 1451.11
 456888 148078 52467.6 5433.87 3795.39
 569777 144755 40404.5 14316.3 2518.29
 646409 187501 42611.5 11893.9 4955.6
 238862 204775 51149.2 11624.1 4596.44
 520783 81411.8 64662.7 16151.6 5122.04
 445288 177992 25850.4 20532.1 6754.95
 213403 153509 57501.9 8351.21 8815.34
 421330 74676.6 51097.2 19140.1 5714.06
 446724 144541 23890.1 16346.7 7951.21
 177345 154232 46833.3 7740.72 7872.85
 186184 61975.3 51199.6 15547 5183.17
 831031 64172 20013.4 16533.7 6694.32
pred_Ctot
 24869.9 10238.5 3766.53 1385.63 806.405
 5180.41 20979.6 4118.95 1515.28 881.855
 6737.19 2937.7 5589.66 1097.42 638.676
 24562.7 6733.03 1389.53 2643.9 821.174
 5984.59 4616.85 578.356 119.358 297.644
 11620.1 10405.9 3912.91 490.173 353.421
 18306.1 15062.7 6295.79 2367.4 510.393
 2448.13 1417.41 494.148 206.541 94.4092
 5177.51 5381.83 1526.97 532.345 324.212
 7310.67 3542.12 1719.24 487.793 273.629
 3461.31 1450.74 325.854 158.159 70.0462
 16173.1 10894.8 2232.86 501.528 351.236
 17320.6 8851.44 2650.81 543.276 207.486
 20040.8 13603.6 3101.41 928.803 263.056
 15570.5 6130.87 1750.28 399.037 153.348
 55516.5 10730.1 1922.39 548.816 173.205
 12276.2 16335.2 1409.42 252.509 94.8387
 48737.6 10892.9 6869.58 592.716 146.073
 52577.5 41668.1 4315.41 2721.5 292.683
 40571.3 24771.2 8777.01 909.003 634.91
 38334.8 18618.8 5196.97 1841.41 323.912
 57443.9 31388.3 7133.29 1991.07 829.582
 11170.4 18563.8 4636.92 1053.78 416.689
 23499 7128.96 5662.3 1414.34 448.52
 17797.8 13854.1 2012.08 1598.13 525.776
 6608.05 9312.93 3488.46 506.641 534.799
 18071.6 6225.26 4259.61 1595.57 476.341
 17460.6 11008.4 1819.49 1244.98 605.569
 5636.18 9597.98 2914.48 481.712 489.935
 7464.63 4838.41 3997.15 1213.76 404.65
 17421.5 2653.37 827.51 683.63 276.795
F
 0.0799804 0.159961 0.159961 0.159961 0.159961
 0.104704 0.209408 0.209408 0.209408 0.209408
 0.092588 0.185176 0.185176 0.185176 0.185176
 0.149976 0.299951 0.299951 0.299951 0.299951
 0.0433777 0.0867555 0.0867555 0.0867555 0.0867555
 0.115563 0.231126 0.231126 0.231126 0.231126
 0.269969 0.539937 0.539937 0.539937 0.539937
 0.0343028 0.0686057 0.0686057 0.0686057 0.0686057
 0.114864 0.229729 0.229729 0.229729 0.229729
 0.126694 0.253388 0.253388 0.253388 0.253388
 0.0379877 0.0759754 0.0759754 0.0759754 0.0759754
 0.194312 0.388623 0.388623 0.388623 0.388623
 0.188733 0.377466 0.377466 0.377466 0.377466
 0.281415 0.562829 0.562829 0.562829 0.562829
 0.15705 0.3141 0.3141 0.3141 0.3141
 0.187707 0.375413 0.375413 0.375413 0.375413
 0.0903072 0.180614 0.180614 0.180614 0.180614
 0.127404 0.254808 0.254808 0.254808 0.254808
 0.185268 0.370536 0.370536 0.370536 0.370536
 0.1494 0.298799 0.298799 0.298799 0.298799
 0.111458 0.222916 0.222916 0.222916 0.222916
 0.14952 0.299039 0.299039 0.299039 0.299039
 0.0763638 0.152728 0.152728 0.152728 0.152728
 0.0735969 0.147194 0.147194 0.147194 0.147194
 0.06496 0.12992 0.12992 0.12992 0.12992
 0.0500161 0.100032 0.100032 0.100032 0.100032
 0.0698506 0.139701 0.139701 0.139701 0.139701
 0.0634856 0.126971 0.126971 0.126971 0.126971
 0.0513623 0.102725 0.102725 0.102725 0.102725
 0.0651665 0.130333 0.130333 0.130333 0.130333
 0.0336322 0.0672645 0.0672645 0.0672645 0.0672645
nmprior
 8 9 7.5 0
nm_flota  nm_reclas  nm_pelaces    nm_pelaL
inf 6.57045 7.29572 10.8563
cv_recla  cv_pelaces  cv_mph
0.484593 0.52044 1.82354
 ------------------------------------------------
Talla a la edad & desviación 
 8 13.2811 15.8009 17.003 17.5766
 0.8 1.32811 1.58009 1.7003 1.75766
