years
 1991 1992 1993 1994 1995 1996 1997 1998 1999 2000 2001 2002 2003 2004 2005 2006 2007 2008 2009 2010 2011 2012 2013 2014 2015 2016 2017 2018 2019 2020 2021
reclasobs
 0 0 0 0 0 0 0 0 0 252601 567819 844713 477998 351125 339783 2.1784e+06 2.13404e+06 4.81314e+06 1.55562e+06 2.62356e+06 3.21686e+06 3.843e+06 1.13348e+06 3.07943e+06 1.97215e+06 2.03268e+06 2.025e+06 2.42433e+06 2.27542e+06 1.05018e+06 2.36338e+06
reclaspred
 5.4143e+06 1.71664e+06 1.0156e+06 727947 216949 3.49543e+06 1.48953e+06 678794 381353 251029 423794 851314 764922 567142 422239 1.96534e+06 873548 4.66149e+06 2.54984e+06 2.1787e+06 3.05145e+06 3.3432e+06 1.69538e+06 3.23838e+06 2.39985e+06 1.6473e+06 2.29713e+06 3.71718e+06 2.47977e+06 764695 1.12617e+06
pelacesobs
 0 0 0 0 0 0 0 0 0 0 0 0 0 0 0 552880 188675 0 991730 2.46772e+06 1.41603e+06 1.21717e+06 2.29649e+06 1.80582e+06 0 1.4828e+06 1.56532e+06 1.57751e+06 1.42118e+06 867257 0
pelacespred
 3.6606e+06 1.08613e+06 488349 264633 82856.7 2.00322e+06 732364 452015 164007 91052.1 224773 359814 359654 247890 180039 856190 367667 2.60828e+06 1.29419e+06 945887 1.49196e+06 1.60565e+06 880378 1.95979e+06 1.32775e+06 930734 1.50026e+06 2.46357e+06 1.45171e+06 431390 587208
mphobs
 0 0 0 0 0 0 0 0 0 0 0 498337 0 5186 125008 0 168611 109162 213762 579715 649985 157893 87575 83554 0 0 0 0 0 0 0
mphpred
 1.34925e+06 586124 125145 114894 52118.5 17643.9 435831 141411 63681.4 20329.6 13800.4 53572.9 75491.5 50529 25670.6 26498.4 214531 78195.9 506082 195968 269446 268634 375240 183569 350596 296398 171281 231548 548834 246084 50691.7
desembarqueobs
 494567 514787 250237 358949 120608 361735 552515 73892 212993 205616 52469 317467 293654 387597 252695 516296 358380 742168 942051 627588 828172 859565 418607 520667 417249 300574 407403 355545 319650 289779 219260
desembarquepred
 494503 514479 249954 358635 120534 361577 551936 73874.3 212794 205431 52456.9 317190 293336 386954 252392 515789 358067 741548 940480 626643 827621 858581 418208 520355 416840 300320 407084 355281 319305 289312 219194
Reclutas
 29384.9 19321.9 152646 57085.4 15205.6 303592 24660.5 6764.27 22152.1 43182.2 39201.8 111763 79278.9 67215.4 43059.5 268701 17225.3 463935 165984 235527 201073 433996 27833 167395 160440 38079.7 132339 200627 27105.5 13466.7 83607.8
log_desv_Rt
 -0.837833 -1.25707 0.809805 -0.173766 -1.49665 1.49737 -1.01311 -2.30666 -1.12038 -0.452887 -0.549593 0.498067 0.154658 -0.0104126 -0.455733 1.37529 -1.37193 1.92143 0.893577 1.24351 1.08536 1.85472 -0.892094 0.902043 0.859605 -0.578633 0.667052 1.08313 -0.918578 -1.61809 0.207822
SSB
 1.68581e+06 732324 156361 143553 65118.7 22044.9 544543 176684 79565.8 25400.5 17242.7 66935.9 94321.7 63132.7 32073.8 33108 268042 97700.7 632316 244849 336655 335640 468838 229357 438047 370330 214005 289304 685732 307466 63336
BT
 2.14495e+06 1.04953e+06 456404 392058 137200 1.36356e+06 825814 282711 283854 238882 159140 443836 446177 528588 340492 851991 452935 2.0295e+06 1.51206e+06 976368 1.44661e+06 1.54428e+06 765556 1.50307e+06 1.01724e+06 707952 1.1934e+06 1.60484e+06 941584 498874 493810
Ftot
 0.297318 0.907754 0.909896 1.55131 1.64797 0.444349 1.11797 0.366254 1.79804 2.54943 0.512725 1.36546 1.35423 2.21912 2.05223 1.05783 1.24183 0.660887 1.21346 1.0708 0.983965 0.973976 0.795413 0.635588 0.633735 0.622133 0.690859 0.388846 0.423889 1.14229 0.778605
BD_Bspro_t
 0.953668 0.646838 0.276726 0.273628 0.118678 0.056767 0.496777 0.220278 0.153644 0.0706173 0.0633119 0.264114 0.217997 0.136466 0.0720621 0.0773498 0.283419 0.128075 0.398093 0.195227 0.211234 0.211282 0.281094 0.180082 0.326485 0.341087 0.279276 0.380371 0.56602 0.370555 0.160275
BD_Bspro
 3.48575 1.51423 0.323308 0.296825 0.134646 0.0455823 1.12595 0.365331 0.164519 0.0525208 0.0356528 0.138404 0.19503 0.13054 0.0663191 0.0684576 0.554233 0.202016 1.30745 0.506276 0.696105 0.694005 0.969419 0.474244 0.905753 0.765733 0.4425 0.598195 1.41789 0.63575 0.13096
BD_Bo
 1.20533 0.523603 0.111796 0.102638 0.0465591 0.0157618 0.389342 0.126327 0.0568886 0.0181611 0.0123283 0.0478583 0.0674389 0.0451391 0.0229324 0.0236718 0.191647 0.0698548 0.452099 0.175064 0.240705 0.239979 0.335213 0.163988 0.313198 0.264781 0.153011 0.206849 0.49029 0.219835 0.0452845
BD_Brms
 6.79862 2.95336 0.630581 0.578927 0.262614 0.0889038 2.19606 0.712543 0.320878 0.102437 0.0695373 0.269943 0.380386 0.254605 0.129349 0.13352 1.08098 0.394013 2.55004 0.987442 1.35768 1.35359 1.89076 0.924966 1.76658 1.49349 0.863052 1.16672 2.76546 1.23997 0.255425
Sel_flota
 0.735283 0.981404 0.999004 0.999948 0.999997
 0.735283 0.981404 0.999004 0.999948 0.999997
 0.735283 0.981404 0.999004 0.999948 0.999997
 0.735283 0.981404 0.999004 0.999948 0.999997
 0.735283 0.981404 0.999004 0.999948 0.999997
 0.735283 0.981404 0.999004 0.999948 0.999997
 0.735283 0.981404 0.999004 0.999948 0.999997
 0.735283 0.981404 0.999004 0.999948 0.999997
 0.735283 0.981404 0.999004 0.999948 0.999997
 0.735283 0.981404 0.999004 0.999948 0.999997
 0.735283 0.981404 0.999004 0.999948 0.999997
 0.735283 0.981404 0.999004 0.999948 0.999997
 0.735283 0.981404 0.999004 0.999948 0.999997
 0.735283 0.981404 0.999004 0.999948 0.999997
 0.735283 0.981404 0.999004 0.999948 0.999997
 0.735283 0.981404 0.999004 0.999948 0.999997
 0.735283 0.981404 0.999004 0.999948 0.999997
 0.735283 0.981404 0.999004 0.999948 0.999997
 0.735283 0.981404 0.999004 0.999948 0.999997
 0.735283 0.981404 0.999004 0.999948 0.999997
 0.735283 0.981404 0.999004 0.999948 0.999997
 0.735283 0.981404 0.999004 0.999948 0.999997
 0.735283 0.981404 0.999004 0.999948 0.999997
 0.735283 0.981404 0.999004 0.999948 0.999997
 0.735283 0.981404 0.999004 0.999948 0.999997
 0.735283 0.981404 0.999004 0.999948 0.999997
 0.735283 0.981404 0.999004 0.999948 0.999997
 0.735283 0.981404 0.999004 0.999948 0.999997
 0.735283 0.981404 0.999004 0.999948 0.999997
 0.735283 0.981404 0.999004 0.999948 0.999997
 0.735283 0.981404 0.999004 0.999948 0.999997
Sel_reclas
 0.998868 1 1 1 1
 0.998868 1 1 1 1
 0.998868 1 1 1 1
 0.998868 1 1 1 1
 0.998868 1 1 1 1
 0.998868 1 1 1 1
 0.998868 1 1 1 1
 0.998868 1 1 1 1
 0.998868 1 1 1 1
 0.998868 1 1 1 1
 0.998868 1 1 1 1
 0.998868 1 1 1 1
 0.998868 1 1 1 1
 0.998868 1 1 1 1
 0.998868 1 1 1 1
 0.998868 1 1 1 1
 0.998868 1 1 1 1
 0.998868 1 1 1 1
 0.998868 1 1 1 1
 0.998868 1 1 1 1
 0.998868 1 1 1 1
 0.998868 1 1 1 1
 0.998868 1 1 1 1
 0.998868 1 1 1 1
 0.998868 1 1 1 1
 0.998868 1 1 1 1
 0.998868 1 1 1 1
 0.998868 1 1 1 1
 0.998868 1 1 1 1
 0.998868 1 1 1 1
 0.998868 1 1 1 1
Sel_pelaces
 0.880329 1 1 1 1
 0.880329 1 1 1 1
 0.880329 1 1 1 1
 0.880329 1 1 1 1
 0.880329 1 1 1 1
 0.880329 1 1 1 1
 0.880329 1 1 1 1
 0.880329 1 1 1 1
 0.880329 1 1 1 1
 0.880329 1 1 1 1
 0.880329 1 1 1 1
 0.880329 1 1 1 1
 0.880329 1 1 1 1
 0.880329 1 1 1 1
 0.880329 1 1 1 1
 0.880329 1 1 1 1
 0.880329 1 1 1 1
 0.880329 1 1 1 1
 0.880329 1 1 1 1
 0.880329 1 1 1 1
 0.880329 1 1 1 1
 0.880329 1 1 1 1
 0.880329 1 1 1 1
 0.880329 1 1 1 1
 0.880329 1 1 1 1
 0.880329 1 1 1 1
 0.880329 1 1 1 1
 0.880329 1 1 1 1
 0.880329 1 1 1 1
 0.880329 1 1 1 1
 0.880329 1 1 1 1
pf_obs 
 0.8446 0.082 0.0669 0.0065 0
 0.8095 0.147 0.0364 0.0071 0
 0.9664 0.0169 0.016 0.0007 0
 0.9276 0.0648 0.0075 0.0001 0
 0.7033 0.2144 0.0806 0.0017 0
 0.9318 0.0425 0.0243 0.0014 0
 0.5671 0.3108 0.0964 0.0239 0.0018
 0.0768 0.2599 0.5324 0.112 0.0189
 0.490249 0.384438 0.106611 0.0170017 0.00170017
 0.7925 0.1577 0.0466 0.003 0.0002
 0.840416 0.127587 0.0312969 0.00059994 9.999e-05
 0.8084 0.0986 0.0794 0.0134 0.0002
 0.7335 0.1905 0.0724 0.0035 0.0001
 0.4001 0.4547 0.1325 0.0127 0
 0.49795 0.308269 0.164784 0.0264974 0.00249975
 0.9179 0.0499 0.0305 0.0017 0
 0.2467 0.6533 0.0926 0.0074 0
 0.9418 0.0223 0.034 0.0019 0
 0.707729 0.231977 0.0356964 0.0245975 0
 0.517169 0.277429 0.184464 0.0207286 0.00020938
 0.811772 0.124168 0.05621 0.00726502 0.000585176
 0.764997 0.148141 0.077277 0.00933861 0.000247198
 0.163321 0.427699 0.378323 0.0303852 0.000271297
 0.753843 0.0900009 0.118128 0.0371064 0.000921714
 0.721811 0.176058 0.0630433 0.0369309 0.00215725
 0.143369 0.312575 0.442814 0.0836902 0.0175525
 0.692698 0.0596174 0.167031 0.0765114 0.00414204
 0.394062 0.376323 0.152708 0.0712218 0.00568511
 0.125707 0.32114 0.495352 0.0537591 0.00404204
 0.23352 0.215282 0.420074 0.123614 0.00750983
 0 0 0 0 0
pf_pred 
 0.17484 0.187275 0.564064 0.0738191 8.94764e-07
 0.292299 0.161891 0.125842 0.371414 0.048555
 0.930042 0.0273645 0.00996045 0.00753244 0.0251008
 0.615892 0.366367 0.00706188 0.00250028 0.00817903
 0.585979 0.303702 0.105402 0.00195947 0.00295724
 0.990251 0.0069481 0.00207481 0.000693766 3.22959e-05
 0.20035 0.794145 0.00394843 0.00115341 0.00040315
 0.271355 0.206068 0.519087 0.00250452 0.000985733
 0.775772 0.0775339 0.0421223 0.103875 0.000697634
 0.938522 0.0531719 0.00295005 0.00154017 0.00381548
 0.924614 0.0730984 0.00199199 0.000105074 0.000190222
 0.899527 0.0950508 0.00526172 0.000140147 2.07496e-05
 0.804938 0.182742 0.0116753 0.000624968 1.90763e-05
 0.826649 0.151255 0.0207447 0.0012816 7.05697e-05
 0.874925 0.113025 0.0105746 0.00138529 9.00734e-05
 0.983201 0.0156184 0.00107083 9.59511e-05 1.3356e-05
 0.237693 0.754087 0.00765816 0.000509799 5.19562e-05
 0.979838 0.00674465 0.0132768 0.00013062 9.56514e-06
 0.563985 0.43006 0.00202494 0.00388938 4.10127e-05
 0.839268 0.108535 0.0515064 0.000235001 0.00045537
 0.787835 0.18924 0.0156284 0.00720031 9.63524e-05
 0.893666 0.0905685 0.0141059 0.00113223 0.000527815
 0.210493 0.733038 0.0482976 0.00731231 0.000859221
 0.869102 0.0372767 0.0870867 0.00559042 0.000944531
 0.749836 0.227013 0.00670754 0.0152972 0.00114641
 0.398962 0.488892 0.102001 0.00294212 0.00720335
 0.854107 0.0716869 0.0606292 0.01235 0.00122676
 0.826885 0.155216 0.00890642 0.00734896 0.00164349
 0.249081 0.653044 0.0879512 0.00494098 0.00498303
 0.326769 0.214618 0.399966 0.0527067 0.00594011
 0.932516 0.0296795 0.0123049 0.0222434 0.00325621
pobs_RECLAS
 0 0 0 0 0
 0 0 0 0 0
 0 0 0 0 0
 0 0 0 0 0
 0 0 0 0 0
 0 0 0 0 0
 0 0 0 0 0
 0 0 0 0 0
 0 0 0 0 0
 0 0 0 0 0
 0.991045 0.00858322 0.000360255 1.14367e-05 0
 0.934742 0.0480273 0.0164251 0.00080598 0
 0.827803 0.169806 0.00239088 0 0
 0.941827 0.0461693 0.0120037 0 0
 0.791401 0.0380133 0.147996 0.0225897 0
 0.846168 0.0940531 0.0597789 0 0
 0.134021 0.677848 0.182769 0.00536245 0
 0.80878 0.0450904 0.141981 0.00414843 0
 0.846168 0.0940531 0.0597789 0 0
 0.905697 0.0802665 0.012482 0.00150086 5.37128e-05
 0.989698 0.0102097 9.19794e-05 0 0
 0.975433 0.0193895 0.00387452 0.00125025 5.28907e-05
 0.303575 0.632131 0.0575291 0.00676475 0
 0.966965 0.00978017 0.0227588 0.000495775 0
 0.843318 0.132988 0.00938335 0.0141283 0.000182051
 0.564624 0.303363 0.111486 0.0197234 0.00080311
 0.826376 0.0876187 0.0782897 0.00655872 0.00115652
 0.89761 0.0855135 0.0140674 0.00269457 0.000114338
 0.34875 0.467042 0.161289 0.0227151 0.000203297
 0.318654 0.224769 0.449479 0.00709798 0
 0.937255 0.0296025 0.0250945 0.00804832 0
ppred_RECLAS
 0.224014 0.178638 0.528279 0.0690686 8.37139e-07
 0.366096 0.14737 0.112268 0.330997 0.0432689
 0.948791 0.0202877 0.00723708 0.00546706 0.0182172
 0.69615 0.290131 0.0054652 0.0019326 0.0063216
 0.67168 0.242341 0.082152 0.00152533 0.00230189
 0.992797 0.00516153 0.00151279 0.000505337 2.3523e-05
 0.258443 0.736559 0.00358603 0.00104637 0.000365717
 0.336856 0.190041 0.469947 0.0022652 0.000891494
 0.836197 0.0575786 0.0305299 0.0751898 0.000504949
 0.95934 0.0353071 0.0019032 0.000992099 0.00245753
 0.943191 0.055117 0.00147391 7.76686e-05 0.0001406
 0.926713 0.0694137 0.00375853 9.99919e-05 1.48034e-05
 0.853492 0.137445 0.00858983 0.000459264 1.40175e-05
 0.877573 0.107183 0.0143122 0.000882941 4.86144e-05
 0.912051 0.0796723 0.00726466 0.000950374 6.17901e-05
 0.987843 0.0113191 0.000760125 6.80351e-05 9.46968e-06
 0.303996 0.688658 0.00684469 0.000455124 4.63812e-05
 0.98529 0.00498424 0.00962383 9.45839e-05 6.9259e-06
 0.644014 0.351229 0.00161873 0.00310563 3.27461e-05
 0.879411 0.0819769 0.0381021 0.000173651 0.00033647
 0.837128 0.145597 0.0117807 0.0054217 7.25473e-05
 0.920862 0.0676081 0.0103171 0.000827211 0.000385603
 0.267623 0.680954 0.0439882 0.00665288 0.000781691
 0.901481 0.0284448 0.0651876 0.00418036 0.000706256
 0.803209 0.178906 0.00518548 0.0118139 0.000885314
 0.475075 0.428508 0.0877032 0.00252714 0.006187
 0.889571 0.0548019 0.045458 0.00925014 0.000918793
 0.865715 0.120636 0.00679504 0.00560127 0.00125258
 0.309598 0.60187 0.0795632 0.00446533 0.0045031
 0.406802 0.191852 0.350073 0.0460801 0.00519298
 0.950285 0.022115 0.00898989 0.0162339 0.00237634
pobs_PELACES
 0 0 0 0 0
 0 0 0 0 0
 0 0 0 0 0
 0 0 0 0 0
 0 0 0 0 0
 0 0 0 0 0
 0 0 0 0 0
 0 0 0 0 0
 0 0 0 0 0
 0 0 0 0 0
 0 0 0 0 0
 0 0 0 0 0
 0 0 0 0 0
 0 0 0 0 0
 0 0 0 0 0
 0 0 0 0 0
 0.505614 0.472636 0.0217494 0 0
 0 0 0 0 0
 0.443492 0.261883 0.143347 0.151278 0
 0.227955 0.32914 0.350689 0.0885471 0.00366901
 0.970185 0.0296113 0.000203453 0 0
 0.997202 0.00247181 0.000326279 0 0
 0.445219 0.490057 0.0546422 0.010081 0
 0.90214 0.0892962 0.00764917 0.000914606 0
 0 0 0 0 0
 0.581667 0.319106 0.0959925 0.00289975 0.000334073
 0.762889 0.0836404 0.116647 0.0363945 0.000428098
 0.88444 0.0763242 0.0277011 0.0115352 0
 0.521256 0.241999 0.230069 0.00667565 0
 0.616807 0.101726 0.260614 0.0208532 0
 0 0 0 0 0
ppred_PELACES
 0.206974 0.182805 0.539669 0.0705513 8.55106e-07
 0.354941 0.150596 0.114123 0.336369 0.0439705
 0.946352 0.0213247 0.00756691 0.0057146 0.0190417
 0.696169 0.290234 0.00541811 0.00191502 0.00626395
 0.673887 0.241315 0.0810252 0.00150364 0.00226909
 0.992128 0.00564515 0.00165027 0.000551184 2.5657e-05
 0.251701 0.743288 0.00359537 0.00104873 0.000366535
 0.315961 0.196326 0.484459 0.00233489 0.000918914
 0.839825 0.0566998 0.0297516 0.073232 0.000491787
 0.962448 0.0326741 0.00173538 0.0009039 0.00223896
 0.938484 0.0596885 0.00159141 8.38471e-05 0.000151784
 0.925687 0.0704146 0.00378261 0.00010059 1.48916e-05
 0.851499 0.139382 0.00864267 0.000461894 1.40975e-05
 0.883413 0.102234 0.0134765 0.000830811 4.57424e-05
 0.915322 0.0767955 0.00691939 0.000904626 5.88137e-05
 0.987354 0.01178 0.000786233 7.03488e-05 9.79154e-06
 0.298651 0.693999 0.00684821 0.000455182 4.63862e-05
 0.984239 0.0053541 0.0102984 0.000101193 7.40974e-06
 0.637645 0.357548 0.00163628 0.00313811 3.3088e-05
 0.875391 0.0848779 0.0392059 0.000178622 0.000346096
 0.830788 0.151358 0.0121771 0.00560239 7.4964e-05
 0.917414 0.0706118 0.0107147 0.000858829 0.000400335
 0.255762 0.692208 0.0445091 0.00672999 0.000790742
 0.894892 0.0304271 0.0694736 0.00445433 0.000752535
 0.791166 0.189921 0.00548451 0.0124927 0.000936174
 0.456383 0.444062 0.090559 0.00260893 0.00638716
 0.882694 0.0583337 0.0481938 0.00980473 0.000973868
 0.854343 0.130883 0.00735556 0.00606259 0.00135573
 0.290372 0.618828 0.0816037 0.00457924 0.00461794
 0.399814 0.19499 0.353447 0.0465077 0.00524106
 0.947348 0.0234824 0.00950266 0.0171557 0.00251124
pobs_pel_tallas
 0 0 0 0 0 0 0 0 0 0 0 0 0 0 0 0 0 0 0 0 0 0 0 0 0 0
 0 0 0 0 0 0 0 0 0 0 0 0 0 0 0 0 0 0 0 0 0 0 0 0 0 0
 0 0 0 0 0 0 0 0 0 0 0 0 0 0 0 0 0 0 0 0 0 0 0 0 0 0
 0 0 0 0 0 0 0 0 0 0 0 0 0 0 0 0 0 0 0 0 0 0 0 0 0 0
 0 0 0 0 0 0 0 0 0 0 0 0 0 0 0 0 0 0 0 0 0 0 0 0 0 0
 0 0 0 0 0 0 0 0 0 0 0 0 0 0 0 0 0 0 0 0 0 0 0 0 0 0
 0 0 0 0 0 0 0 0 0 0 0 0 0 0 0 0 0 0 0 0 0 0 0 0 0 0
 0 0 0 0 0 0 0 0 0 0 0 0 0 0 0 0 0 0 0 0 0 0 0 0 0 0
 0 0 0 0 0 0 0 0 0 0 0 0 0 0 0 0 0 0 0 0 0 0 0 0 0 0
 0 0 0 0 0 0 0 0 0 0 0 0 0 0 0 0 0 0 0 0 0 0 0 0 0 0
 0 0 0 0 0 0 0 0 0 0 0 0 0 0 0 0 0 0 0 0 0 0 0 0 0 0
 0 0 0 0 0 0 0 0 0 0 0 0 0 0 0 0 0 0 0 0 0 0 0 0 0 0
 0.00862536 0 0 0.000197151 0.00414017 0.0128641 0.00837892 0.0270097 0.101434 0.158115 0.152841 0.127902 0.109271 0.109419 0.0830992 0.0579132 0.0238553 0.00714673 0.00463305 0.00128148 0.00103504 0.000492878 0.000147863 0.000147863 4.92878e-05 0
 0 0 0 0 0 0 0 0 0 0 0 0 0 0 0 0 0 0 0 0 0 0 0 0 0 0
 0 0 0 0 0 0 0 0.0054083 0.00873648 0.0413646 0.0450493 0.0745869 0.0622846 0.0627006 0.0613931 0.0827291 0.12552 0.122667 0.0946155 0.0697135 0.0546179 0.0294188 0.0215738 0.0213955 0.0102223 0.00600262
 0 0 0 0 0.00359764 0.0251062 0.0480494 0.140153 0.205849 0.193036 0.1447 0.116669 0.0760912 0.0342217 0.00950174 0.001854 0.000860785 0 0 0 0.000165536 0 0.000143464 0 0 0
 0 0 0 0 0 0 0 0.000145254 0.000435761 0.0275982 0.070085 0.0708112 0.156366 0.174668 0.174014 0.160142 0.0824315 0.0480064 0.0283245 0.00493863 0.00203355 0 0 0 0 0
 0 0 0 0 0 0 0 0 0 0 0 0 0 0 0 0 0 0 0 0 0 0 0 0 0 0
 0 0 1.00437e-05 0.000401748 0.00122533 0.00171747 0.00176769 0.0269171 0.070346 0.194647 0.189555 0.159765 0.064822 0.0314167 0.0384472 0.0292271 0.0345202 0.0313363 0.0194345 0.0106764 0.0143323 0.0359363 0.0279516 0.0138201 0.00172751 0
 0 0.0021121 0.0136068 0.0755702 0.200478 0.177729 0.0527432 0.0373336 0.0318909 0.0142505 0.0149659 0.0166563 0.0217959 0.0798694 0.0677717 0.0528807 0.04013 0.0224614 0.0357745 0.0225083 0.00881397 0.00855152 0.00135912 0.000746735 0 0
 0 0 0 0 5.4009e-05 0.00500934 0.000945158 0.0243581 0.138947 0.33067 0.221406 0.137944 0.0707744 0.0437923 0.0131692 0.00525238 0.0047753 0.00276346 9.45158e-05 9.00151e-06 2.25038e-05 9.00151e-06 4.50075e-06 0 0 0
 0.000866109 0.00284123 0.00948549 0.0512746 0.133035 0.25785 0.225252 0.132002 0.0553304 0.0519788 0.0540692 0.017754 0.00435017 0.00159236 0.00146478 0.000404838 0.000125132 0.000115318 0.000107957 0.000100596 0 0 0 0 0 0
 0 0 0 0 0.00144013 0.00171154 0.00461396 0.0210425 0.0478622 0.0707936 0.0888783 0.103762 0.0637923 0.0337046 0.0602308 0.124433 0.169614 0.0934646 0.0462172 0.0250306 0.0313229 0.00938855 0.002487 0.000210481 0 0
 0 0.00764035 0.051015 0.0998891 0.058973 0.0496711 0.0374665 0.0718981 0.12319 0.153886 0.159021 0.0857701 0.0377988 0.023471 0.0147837 0.00900784 0.00315554 0.000888139 0.00291439 0.00214683 0.00393193 0.00274676 0.000635225 9.99891e-05 0 0
 0 0 0 0 0 0 0 0 0 0 0 0 0 0 0 0 0 0 0 0 0 0 0 0 0 0
 0 0 0 0 0 0 0 0 0 0 0 0 0 0 0 0 0 0 0 0 0 0 0 0 0 0
 0 0 0 0 0 0 0 0 0 0 0 0 0 0 0 0 0 0 0 0 0 0 0 0 0 0
 0 0 0 0 0 0 0 0 0 0 0 0 0 0 0 0 0 0 0 0 0 0 0 0 0 0
 0 0 0 0 0 0 0 0 0 0 0 0 0 0 0 0 0 0 0 0 0 0 0 0 0 0
 0 0 0 0 0 0 0 0 0 0 0 0 0 0 0 0 0 0 0 0 0 0 0 0 0 0
 0 0 0 0 0 0 0 0 0 0 0 0 0 0 0 0 0 0 0 0 0 0 0 0 0 0
ppred_pel_tallas
 1.22696e-16 1.70482e-05 0.000165714 0.00110123 0.00500605 0.0155758 0.0331865 0.0484405 0.048459 0.033277 0.0158819 0.0059006 0.003386 0.0052835 0.0101179 0.017694 0.0278031 0.0397905 0.0528378 0.0663327 0.0797548 0.0920681 0.101294 0.104955 0.101292 0.0903793
 1.44507e-16 2.92361e-05 0.000284185 0.00188851 0.0085849 0.0267109 0.0569109 0.0830663 0.0830811 0.0569833 0.0269548 0.00929313 0.00368128 0.00424943 0.00771806 0.013148 0.0200148 0.0275839 0.0352871 0.0432841 0.0524888 0.0638099 0.0770856 0.0905374 0.101204 0.10612
 1.0402e-16 7.79498e-05 0.0007577 0.00503518 0.0228892 0.0712168 0.151735 0.221462 0.221464 0.151745 0.0712508 0.0229876 0.00528278 0.00130068 0.00111681 0.00174421 0.00255855 0.00333952 0.00393303 0.00430133 0.00455719 0.00489325 0.0054498 0.00621696 0.00703121 0.00765315
 1.01483e-16 5.73425e-05 0.00055739 0.00370405 0.0168381 0.0523898 0.111623 0.162923 0.162951 0.111759 0.0528475 0.0181596 0.00701832 0.00778334 0.013754 0.0225776 0.0323554 0.0403476 0.0438088 0.0414857 0.0343883 0.0251591 0.0165565 0.0102123 0.00636487 0.00437876
 1.02935e-16 5.55072e-05 0.00053955 0.0035855 0.0162992 0.0507129 0.10805 0.157707 0.157731 0.108164 0.051096 0.0174065 0.00636824 0.00662516 0.0116448 0.0192449 0.0279054 0.0354768 0.0397832 0.0397813 0.0361237 0.0306168 0.0250498 0.0203413 0.0165079 0.0131835
 1.00109e-16 8.17202e-05 0.00079435 0.00527873 0.0239964 0.0746616 0.159074 0.232174 0.232174 0.159077 0.0746705 0.0240223 0.00534379 0.000936604 0.00035258 0.00045535 0.000652232 0.000828885 0.000930097 0.000932227 0.000851885 0.000732551 0.000616377 0.000523529 0.000451324 0.000387201
 1.00461e-16 2.07325e-05 0.000201527 0.00133922 0.00608795 0.0189423 0.0403611 0.0589232 0.0589947 0.0407103 0.0201142 0.00947066 0.00982216 0.0186929 0.0350598 0.0577199 0.0826568 0.102914 0.111421 0.104922 0.0859839 0.0613959 0.0383013 0.0210081 0.0102844 0.00465183
 1.14421e-16 2.60253e-05 0.000252975 0.00168111 0.00764209 0.0237775 0.0506612 0.0739456 0.0739652 0.0507574 0.0241026 0.00859007 0.00409421 0.00563148 0.0105639 0.018262 0.0282476 0.0395439 0.0509966 0.061788 0.0714645 0.0793888 0.0842512 0.0843494 0.0785925 0.0674243
 1.08301e-16 6.91753e-05 0.000672408 0.00446839 0.0203127 0.0632002 0.134655 0.196534 0.19654 0.134682 0.0632911 0.0205761 0.00513282 0.00213393 0.00287862 0.00474175 0.00705124 0.00937273 0.0113429 0.0128713 0.0142055 0.0157209 0.0175809 0.0195371 0.0210161 0.0214135
 1.00529e-16 7.92755e-05 0.000770587 0.00512082 0.0232785 0.0724281 0.154316 0.225229 0.225232 0.154331 0.0724797 0.0234274 0.00549448 0.00158568 0.0016255 0.00255727 0.00366587 0.00458923 0.00501937 0.00482001 0.00410715 0.00317546 0.00232626 0.00172814 0.00138986 0.00122325
 1.00096e-16 7.73017e-05 0.0007514 0.00499332 0.0226989 0.0706248 0.150474 0.219622 0.219628 0.150502 0.0707189 0.0229707 0.005675 0.00223767 0.00289457 0.00464868 0.00665551 0.00829848 0.00900725 0.00852065 0.00704195 0.00511004 0.00328997 0.00191967 0.00105661 0.000583313
 1.0014e-16 7.62477e-05 0.000741154 0.00492523 0.0223894 0.0696617 0.148422 0.216628 0.216634 0.148455 0.0697729 0.0227102 0.00573008 0.00249642 0.00340475 0.00549465 0.00787617 0.00983716 0.0107082 0.010181 0.00849048 0.00626251 0.00415105 0.00254417 0.00150569 0.000901807
 1.00334e-16 7.01369e-05 0.000681755 0.0045305 0.020595 0.0640788 0.136527 0.199268 0.199282 0.136593 0.0642988 0.0212303 0.0061241 0.00415749 0.00666201 0.0108784 0.0156068 0.0195043 0.021253 0.0202435 0.0169385 0.0125711 0.00842734 0.00526736 0.00321251 0.00199822
 1.00507e-16 7.27656e-05 0.000707308 0.00470031 0.0213669 0.0664805 0.141644 0.206736 0.206746 0.141692 0.0666421 0.0218337 0.00587176 0.0032641 0.00492706 0.00802605 0.0115443 0.0144934 0.0159169 0.0153694 0.0131743 0.0102002 0.00734232 0.00511337 0.00357973 0.00255603
 1.00321e-16 7.53938e-05 0.000732855 0.00487008 0.0221387 0.0688817 0.14676 0.214202 0.214209 0.146796 0.069003 0.0224889 0.00574893 0.00265027 0.00371358 0.00601111 0.00863087 0.0108085 0.0118201 0.0113314 0.00959345 0.00727493 0.00506859 0.00337682 0.00225558 0.00155768
 1.00035e-16 8.1327e-05 0.000790527 0.00525333 0.0238809 0.0743023 0.158309 0.231057 0.231058 0.158315 0.0743209 0.0239346 0.00538804 0.00108435 0.000638622 0.000925123 0.00132019 0.00165024 0.00179948 0.00171626 0.00143962 0.0010735 0.000726175 0.000461338 0.000288815 0.000186035
 1.00429e-16 2.45996e-05 0.000239117 0.00158902 0.0072235 0.0224754 0.0478886 0.0699088 0.0699755 0.0482146 0.0235697 0.0103823 0.00951062 0.0175076 0.0327489 0.053913 0.0772184 0.0961713 0.104172 0.0981813 0.0805843 0.0577025 0.0361838 0.0200339 0.0099666 0.00461422
 1.00311e-16 8.10705e-05 0.000788034 0.00523676 0.0238056 0.0740679 0.15781 0.230328 0.230328 0.157812 0.0740767 0.0238311 0.00530153 0.000931747 0.000360757 0.000485597 0.000732168 0.00100438 0.00126164 0.00148125 0.00165769 0.0017882 0.00185621 0.00183216 0.00169381 0.00144797
 1.00459e-16 5.2522e-05 0.000510533 0.00339267 0.0154226 0.0479857 0.10224 0.149229 0.149264 0.102408 0.0485494 0.0170499 0.00747347 0.00940616 0.0169093 0.0277729 0.039772 0.0495296 0.0536459 0.0505607 0.0415124 0.0297673 0.0187556 0.0105359 0.00545917 0.00279584
 1.0123e-16 7.21049e-05 0.000700885 0.00465763 0.0211729 0.0658768 0.140358 0.204858 0.204866 0.140398 0.0660119 0.0215636 0.00564016 0.00285214 0.00417628 0.00683807 0.009954 0.0127445 0.0144552 0.0147182 0.013736 0.0120894 0.0103378 0.00874512 0.00729458 0.00588295
 1.00965e-16 6.84309e-05 0.000665173 0.00442031 0.0200941 0.0625202 0.133207 0.194422 0.194436 0.133278 0.0627593 0.0207844 0.00615229 0.00444384 0.00723815 0.0118405 0.0170095 0.0213052 0.0233105 0.0223748 0.0190024 0.0145189 0.0102894 0.00709458 0.00502013 0.0037455
 1.00482e-16 7.55662e-05 0.000734531 0.00488121 0.0221893 0.0690392 0.147095 0.214692 0.214698 0.147129 0.0691508 0.0225118 0.00569087 0.00250206 0.00343252 0.00555511 0.00799478 0.010052 0.0110677 0.0107358 0.00927779 0.00728719 0.0053722 0.00387613 0.00283655 0.00212256
 1.02271e-16 2.10669e-05 0.000204778 0.00136083 0.00618616 0.0192478 0.0410119 0.0598721 0.0599387 0.0413375 0.0203405 0.00934121 0.00927603 0.0174691 0.032766 0.054022 0.0775508 0.0969554 0.105722 0.100836 0.0846002 0.0631327 0.0427991 0.0273375 0.0173088 0.0113625
 1.02587e-16 7.37111e-05 0.000716498 0.00476138 0.0216446 0.0673443 0.143484 0.20942 0.209423 0.143499 0.0673945 0.021791 0.00513379 0.00154561 0.00169559 0.00280944 0.00432558 0.00603283 0.00774851 0.00935528 0.0108043 0.0120264 0.012845 0.0130049 0.0123168 0.0108039
 1.01619e-16 6.51673e-05 0.000633449 0.0042095 0.0191358 0.0595386 0.126854 0.185151 0.185169 0.126943 0.0598383 0.020001 0.00637982 0.00536654 0.00904041 0.014807 0.0212425 0.0265468 0.0289403 0.0276194 0.0232511 0.0175497 0.0122789 0.00844292 0.00612828 0.00486774
 1.0407e-16 3.75917e-05 0.000365405 0.00242825 0.0110385 0.034345 0.0731773 0.106813 0.106856 0.0733867 0.0350481 0.0130695 0.00752822 0.0115046 0.0212098 0.0350477 0.0505817 0.0638044 0.0706335 0.0691493 0.0606957 0.0488955 0.0374274 0.0283187 0.0217404 0.016897
 1.02554e-16 7.27063e-05 0.000706732 0.00469648 0.0213495 0.0664263 0.141528 0.206566 0.206572 0.141556 0.0665199 0.0216207 0.00538025 0.00220978 0.00295772 0.00485425 0.00717168 0.00940765 0.0110929 0.011998 0.01223 0.0120831 0.0117769 0.0113129 0.0105457 0.00936425
 1.01084e-16 7.03712e-05 0.000684033 0.00454564 0.0206638 0.0642929 0.136983 0.199934 0.199946 0.137045 0.0644995 0.0212604 0.00604238 0.00394886 0.00626339 0.0102239 0.0146765 0.0183642 0.0200607 0.0192086 0.0162569 0.01237 0.00874622 0.00606859 0.00440195 0.00344311
 1.03754e-16 2.39177e-05 0.000232488 0.00154497 0.00702324 0.0218522 0.0465607 0.0679692 0.0680288 0.046852 0.0228305 0.00984855 0.00863606 0.0157096 0.0294092 0.0485579 0.0698889 0.0877569 0.0964033 0.0931424 0.0799424 0.0620685 0.0449396 0.0316491 0.0225736 0.0165561
 1.15801e-16 3.29322e-05 0.000320113 0.00212726 0.00967025 0.0300878 0.064106 0.0935686 0.093588 0.0642006 0.030407 0.0105987 0.00448279 0.00554492 0.0101981 0.0174394 0.0265917 0.0365114 0.0459537 0.0542002 0.061184 0.0669257 0.0708541 0.0717682 0.0685597 0.0610788
 1.02426e-16 7.80318e-05 0.000758497 0.00504048 0.0229133 0.0712918 0.151895 0.221695 0.221698 0.151906 0.0713292 0.0230217 0.00531355 0.00135756 0.00122474 0.00192573 0.00282673 0.00368834 0.0043323 0.00469818 0.00487926 0.00504856 0.00532594 0.00569052 0.0059966 0.0060657
pSPR Fmed_Fpbrs
0.255728   0.227291 0.227291
Fs Fmed_Fpbrs
0.907498   1.005 1.005
SSBpbr Bo_Bmed_Bpbrs
1.39862e+06  287737  247963 247963
Ro
67918.9
SPR SPRFo_SPRFmed_SPRFpbrs
483627 123677 109924
Fref
1.005
log_Ro
10.9461
likeval ReclasPelacesDesembMPH_pf_preclas_ppelaces_ptallas_desvR_qrecl_qpela
 15.5424 19.6538 0.146034 0.000927288 267.821 119.476 93.3897 0 53.1589 7.54567e-05 0.000128479 0.00704371 0 0 0
q_reclas_q_pelaces
3.42439 5.01587
M
1
N
 29384.9 24278.4 71985.7 9412.93 0.114089
 19321.9 8687.36 6671.19 19676.9 2572.28
 152646 3646.56 1311.27 990.989 3302.22
 57085.4 28763 549.256 194.37 635.814
 15205.6 6711.98 2308.56 42.8967 64.7384
 303592 1665.19 489.961 163.703 7.6203
 24660.5 80556.7 396.078 115.633 40.4159
 6764.27 3987.54 9892.53 47.6915 18.7697
 22152.1 1900.95 1024.02 2524.12 16.9519
 43182.2 2172.48 119.763 62.5048 154.841
 39201.8 2437.26 65.4708 3.45085 6.24702
 111763 9891.98 542.095 14.4312 2.13655
 79278.9 15065.1 952.801 50.975 1.5559
 67215.4 10775 1467.17 90.6067 4.98904
 43059.5 4836.66 449.052 58.8025 3.82334
 268701 3502.97 237.439 21.2627 2.95959
 17225.3 45413 456.327 30.3604 3.09409
 463935 2542.85 4938.5 48.5512 3.55522
 165984 104984 489.04 938.787 9.899
 235527 25019.5 11738.9 53.5273 103.718
 201073 39428.5 3218.03 1481.68 19.8268
 433996 35879.9 5522.45 442.987 206.503
 27833 78013.9 5074.93 767.832 90.2196
 167395 5705.14 13147.9 843.406 142.492
 160440 38591 1124.79 2563.34 192.096
 38079.7 37038 7622.24 219.697 537.875
 132339 8866.12 7399.27 1506.15 149.605
 200627 29294.2 1655.7 1365.08 305.267
 27105.5 55453 7357.9 413.031 416.528
 13466.7 7301.35 13457.4 1772.35 199.74
 83607.8 2138.95 875.474 1581.5 231.508
pred_Ctot
 3713.04 3977.12 11978.9 1567.68 0.0190019
 6274.6 3475.2 2701.36 7972.89 1042.3
 49658.4 1461.09 531.826 402.185 1340.22
 26841.7 15966.9 307.769 108.967 356.456
 7418.3 3844.77 1334.35 24.8062 37.4377
 54925.2 385.383 115.081 38.4803 1.79132
 9326.79 36969.3 183.809 53.6938 18.7676
 1031.82 783.57 1973.82 9.52342 3.74824
 11375.4 1136.9 617.653 1523.15 10.2296
 26570.6 1505.35 83.5191 43.6039 108.02
 8024.51 634.404 17.288 0.911917 1.65089
 48445.6 5119.13 283.379 7.54789 1.11751
 34178.8 7759.5 495.752 26.537 0.810006
 38675.7 7076.62 970.564 59.9612 3.30168
 23790.5 3073.3 287.539 37.668 2.44922
 97690.5 1551.84 106.398 9.53366 1.32705
 7007.76 22232.3 225.781 15.0301 1.53179
 117386 808.019 1590.58 15.6484 1.14592
 66468.3 50684.7 238.649 458.383 4.83354
 86383.3 11171.2 5301.4 24.188 46.8699
 69345.5 16656.9 1375.62 633.773 8.48096
 148551 15054.9 2344.78 188.206 87.737
 8165.76 28437.1 1873.63 283.67 33.3322
 41023.3 1759.53 4110.66 263.879 44.5837
 39224.5 11875.2 350.877 800.208 59.9696
 9169.19 11236 2344.25 67.6178 165.552
 34711.7 2913.42 2464.02 501.916 49.8568
 32278.3 6059.02 347.671 286.874 64.1552
 4705.83 12337.8 1661.64 93.3489 94.1434
 5171.07 3396.3 6329.39 834.075 94.0012
 24122 767.741 318.3 575.385 84.2306
F
 0.218613 0.291789 0.297022 0.297303 0.297318
 0.667456 0.890873 0.906849 0.907706 0.907751
 0.669031 0.892975 0.908989 0.909848 0.909893
 1.14066 1.52247 1.54977 1.55123 1.55131
 1.21172 1.61732 1.64633 1.64788 1.64796
 0.326722 0.436086 0.443906 0.444325 0.444348
 0.822025 1.09718 1.11686 1.11791 1.11797
 0.2693 0.359443 0.365889 0.366235 0.366253
 1.32206 1.7646 1.79624 1.79794 1.79803
 1.87455 2.50202 2.54689 2.5493 2.54942
 0.376998 0.50319 0.512214 0.512698 0.512723
 1.004 1.34007 1.3641 1.36539 1.36546
 0.995741 1.32904 1.35288 1.35416 1.35422
 1.63168 2.17785 2.2169 2.219 2.21911
 1.50897 2.01407 2.05019 2.05212 2.05222
 0.777803 1.03816 1.05677 1.05777 1.05783
 0.913095 1.21874 1.24059 1.24176 1.24182
 0.485939 0.648598 0.660229 0.660853 0.660886
 0.892238 1.1909 1.21225 1.2134 1.21346
 0.787339 1.05088 1.06973 1.07074 1.07079
 0.723493 0.965668 0.982985 0.983914 0.983963
 0.716148 0.955864 0.973005 0.973924 0.973973
 0.584854 0.780622 0.794621 0.795371 0.795411
 0.467337 0.623769 0.634955 0.635555 0.635587
 0.465975 0.62195 0.633104 0.633702 0.633734
 0.457444 0.610564 0.621513 0.6221 0.622131
 0.507977 0.678012 0.690171 0.690823 0.690857
 0.285912 0.381615 0.388459 0.388826 0.388845
 0.311679 0.416007 0.423467 0.423867 0.423888
 0.839907 1.12105 1.14115 1.14223 1.14229
 0.572495 0.764126 0.77783 0.778564 0.778603
nmprior
 8 9 7.5 0
nm_flota  nm_reclas  nm_pelaces    nm_pelaL
inf 23.9657 7.76999 11.7086
cv_recla  cv_pelaces  cv_mph
0.356602 0.521661 0.939751
 ------------------------------------------------
Talla a la edad & desviación 
 8 13.2811 15.8009 17.003 17.5766
 0.8 1.32811 1.58009 1.7003 1.75766
