years
 1991 1992 1993 1994 1995 1996 1997 1998 1999 2000 2001 2002 2003 2004 2005 2006 2007 2008 2009 2010 2011 2012 2013 2014 2015 2016 2017 2018 2019 2020 2021
reclasobs
 0 0 0 0 0 0 0 0 0 252601 567819 844713 477998 351125 339783 2.1784e+06 2.13404e+06 4.81314e+06 1.55562e+06 2.62356e+06 3.21686e+06 3.843e+06 1.13348e+06 3.07943e+06 1.97215e+06 2.03268e+06 2.025e+06 2.42433e+06 2.27542e+06 1.05018e+06 2.36338e+06
reclaspred
 3.53303e+06 2.03614e+06 1.04067e+06 1.12569e+06 1.18321e+06 1.77989e+06 1.25679e+06 1.13591e+06 819221 597000 563673 668897 665168 553653 561029 1.20149e+06 1.26013e+06 2.48967e+06 2.09876e+06 1.6129e+06 2.87106e+06 2.33075e+06 1.9211e+06 2.94425e+06 2.21608e+06 1.97144e+06 2.28363e+06 2.34907e+06 1.97512e+06 1.33328e+06 2.18299e+06
pelacesobs
 0 0 0 0 0 0 0 0 0 0 0 0 0 0 0 552880 188675 0 991730 2.46772e+06 1.41603e+06 1.21717e+06 2.29649e+06 1.80582e+06 0 1.4828e+06 1.56532e+06 1.57751e+06 1.42118e+06 867257 0
pelacespred
 2.72953e+06 1.77906e+06 926932 708088 771490 1.13075e+06 890772 878869 658031 457367 408556 406218 438987 388225 381850 634359 763943 1.5085e+06 1.46627e+06 1.0963e+06 1.70221e+06 1.61473e+06 1.37679e+06 2.02661e+06 1.65973e+06 1.45993e+06 1.74598e+06 1.7686e+06 1.40929e+06 1.08506e+06 1.37463e+06
mphobs
 0 0 0 0 0 0 0 0 0 0 0 498337 0 5186 125008 0 168611 109162 213762 579715 649985 157893 87575 83554 0 0 0 0 0 0 0
mphpred
 5.41776e+06 3.65438e+06 1.8908e+06 1.03137e+06 1.27738e+06 1.46902e+06 1.91775e+06 1.37432e+06 1.17141e+06 829497 546448 665189 704161 620786 468184 569007 1.42586e+06 1.48527e+06 2.50589e+06 1.99421e+06 2.18376e+06 2.68906e+06 2.5558e+06 2.17377e+06 3.00187e+06 2.45862e+06 2.04796e+06 2.13553e+06 2.8633e+06 2.02307e+06 1.21006e+06
desembarqueobs
 494567 514787 250237 358949 120608 361735 552515 73892 212993 205616 52469 317467 293654 387597 252695 516296 358380 742168 942051 627588 828172 859565 418607 520667 417249 300574 407403 355545 319650 289779 219260
desembarquepred
 494572 512947 251251 358962 120610 361746 552567 73894.3 213028 205651 52470.8 317532 293710 387669 252707 516305 358410 742126 941997 627547 828257 859644 418628 520692 417260 300583 407414 355546 319657 289794 219260
Reclutas
 266106 156790 153204 336195 269644 416035 176727 86386.8 73862.4 91582.1 158877 197120 167409 119363 123720 579168 159310 854785 540641 410621 618415 821508 187604 547671 444753 210808 450882 491984 157642 128858 607863
log_desv_Rt
 0.0387086 -0.490279 -0.513413 0.272508 0.051918 0.485586 -0.370578 -1.08635 -1.24298 -1.02795 -0.477053 -0.26137 -0.424746 -0.763013 -0.727163 0.816407 -0.474334 1.20567 0.747571 0.472486 0.881974 1.16596 -0.310851 0.76049 0.552333 -0.194236 0.566021 0.653261 -0.484859 -0.686475 0.864764
SSB
 5.41776e+06 3.65438e+06 1.8908e+06 1.03137e+06 1.27738e+06 1.46902e+06 1.91775e+06 1.37432e+06 1.17141e+06 829497 546448 665189 704161 620786 468184 569007 1.42586e+06 1.48527e+06 2.50589e+06 1.99421e+06 2.18376e+06 2.68906e+06 2.5558e+06 2.17377e+06 3.00187e+06 2.45862e+06 2.04796e+06 2.13553e+06 2.8633e+06 2.02307e+06 1.21006e+06
BT
 7.0769e+06 4.84047e+06 2.51244e+06 2.28866e+06 2.18724e+06 3.5873e+06 2.79991e+06 2.4258e+06 1.93932e+06 1.4163e+06 1.20295e+06 1.42616e+06 1.51312e+06 1.52799e+06 1.40178e+06 2.43284e+06 2.37013e+06 5.29703e+06 5.06343e+06 3.53331e+06 5.66199e+06 5.31796e+06 4.01567e+06 6.53684e+06 4.82911e+06 4.19046e+06 5.55479e+06 5.59225e+06 3.88217e+06 3.05255e+06 4.41222e+06
Ftot
 0.0785797 0.140265 0.134954 0.183815 0.05854 0.117916 0.244846 0.0371803 0.147624 0.194454 0.0545392 0.270171 0.251165 0.39483 0.261098 0.253152 0.161128 0.174796 0.254814 0.221445 0.166293 0.211373 0.123047 0.103683 0.10744 0.0868953 0.104185 0.0888516 0.0907244 0.122666 0.059905
BD_Bspro_t
 0.987506 0.905158 0.799261 0.735023 0.746898 0.802005 0.795473 0.69471 0.735341 0.706885 0.678753 0.789256 0.691423 0.618369 0.534427 0.581636 0.687962 0.684423 0.736532 0.660648 0.639071 0.682335 0.695767 0.696419 0.782547 0.78799 0.795897 0.821385 0.851606 0.804614 0.773643
BD_Bspro
 2.97205 2.0047 1.03725 0.565787 0.700742 0.805869 1.05203 0.75392 0.642606 0.455042 0.299768 0.364907 0.386286 0.340548 0.256835 0.312144 0.782192 0.814782 1.37467 1.09398 1.19796 1.47515 1.40205 1.19248 1.64675 1.34874 1.12346 1.1715 1.57074 1.10981 0.663808
BD_Bo
 2.10882 1.42244 0.735979 0.401454 0.497211 0.571804 0.746469 0.534943 0.455961 0.322875 0.2127 0.258919 0.274089 0.241636 0.182237 0.221481 0.555004 0.578128 0.975397 0.776231 0.850008 1.0467 0.994823 0.84612 1.16845 0.956996 0.797152 0.831237 1.11452 0.787462 0.471005
BD_Brms
 14.9622 10.0923 5.22181 2.84834 3.52774 4.05698 5.29624 3.79545 3.23507 2.29081 1.50912 1.83705 1.94468 1.71442 1.29298 1.57142 3.93778 4.10185 6.9205 5.50741 6.03086 7.42636 7.05833 6.00327 8.29023 6.78994 5.65584 5.89767 7.90755 5.58709 3.34181
Sel_flota
 0.901781 1 1 1 1
 0.901781 1 1 1 1
 0.901781 1 1 1 1
 0.901781 1 1 1 1
 0.901781 1 1 1 1
 0.901781 1 1 1 1
 0.901781 1 1 1 1
 0.901781 1 1 1 1
 0.901781 1 1 1 1
 0.901781 1 1 1 1
 0.901781 1 1 1 1
 0.901781 1 1 1 1
 0.901781 1 1 1 1
 0.901781 1 1 1 1
 0.901781 1 1 1 1
 0.901781 1 1 1 1
 0.901781 1 1 1 1
 0.901781 1 1 1 1
 0.901781 1 1 1 1
 0.901781 1 1 1 1
 0.901781 1 1 1 1
 0.901781 1 1 1 1
 0.901781 1 1 1 1
 0.901781 1 1 1 1
 0.901781 1 1 1 1
 0.901781 1 1 1 1
 0.901781 1 1 1 1
 0.901781 1 1 1 1
 0.901781 1 1 1 1
 0.901781 1 1 1 1
 0.901781 1 1 1 1
Sel_reclas
 1 1 1 1 1
 1 1 1 1 1
 1 1 1 1 1
 1 1 1 1 1
 1 1 1 1 1
 1 1 1 1 1
 1 1 1 1 1
 1 1 1 1 1
 1 1 1 1 1
 1 1 1 1 1
 1 1 1 1 1
 1 1 1 1 1
 1 1 1 1 1
 1 1 1 1 1
 1 1 1 1 1
 1 1 1 1 1
 1 1 1 1 1
 1 1 1 1 1
 1 1 1 1 1
 1 1 1 1 1
 1 1 1 1 1
 1 1 1 1 1
 1 1 1 1 1
 1 1 1 1 1
 1 1 1 1 1
 1 1 1 1 1
 1 1 1 1 1
 1 1 1 1 1
 1 1 1 1 1
 1 1 1 1 1
 1 1 1 1 1
Sel_pelaces
 0.645447 0.901591 0.978772 0.995709 0.999144
 0.645447 0.901591 0.978772 0.995709 0.999144
 0.645447 0.901591 0.978772 0.995709 0.999144
 0.645447 0.901591 0.978772 0.995709 0.999144
 0.645447 0.901591 0.978772 0.995709 0.999144
 0.645447 0.901591 0.978772 0.995709 0.999144
 0.645447 0.901591 0.978772 0.995709 0.999144
 0.645447 0.901591 0.978772 0.995709 0.999144
 0.645447 0.901591 0.978772 0.995709 0.999144
 0.645447 0.901591 0.978772 0.995709 0.999144
 0.645447 0.901591 0.978772 0.995709 0.999144
 0.645447 0.901591 0.978772 0.995709 0.999144
 0.645447 0.901591 0.978772 0.995709 0.999144
 0.645447 0.901591 0.978772 0.995709 0.999144
 0.645447 0.901591 0.978772 0.995709 0.999144
 0.645447 0.901591 0.978772 0.995709 0.999144
 0.645447 0.901591 0.978772 0.995709 0.999144
 0.645447 0.901591 0.978772 0.995709 0.999144
 0.645447 0.901591 0.978772 0.995709 0.999144
 0.645447 0.901591 0.978772 0.995709 0.999144
 0.645447 0.901591 0.978772 0.995709 0.999144
 0.645447 0.901591 0.978772 0.995709 0.999144
 0.645447 0.901591 0.978772 0.995709 0.999144
 0.645447 0.901591 0.978772 0.995709 0.999144
 0.645447 0.901591 0.978772 0.995709 0.999144
 0.645447 0.901591 0.978772 0.995709 0.999144
 0.645447 0.901591 0.978772 0.995709 0.999144
 0.645447 0.901591 0.978772 0.995709 0.999144
 0.645447 0.901591 0.978772 0.995709 0.999144
 0.645447 0.901591 0.978772 0.995709 0.999144
 0.645447 0.901591 0.978772 0.995709 0.999144
pf_obs 
 0.8446 0.082 0.0669 0.0065 0
 0.8095 0.147 0.0364 0.0071 0
 0.9664 0.0169 0.016 0.0007 0
 0.9276 0.0648 0.0075 0.0001 0
 0.7033 0.2144 0.0806 0.0017 0
 0.9318 0.0425 0.0243 0.0014 0
 0.5671 0.3108 0.0964 0.0239 0.0018
 0.0768 0.2599 0.5324 0.112 0.0189
 0.490249 0.384438 0.106611 0.0170017 0.00170017
 0.7925 0.1577 0.0466 0.003 0.0002
 0.840416 0.127587 0.0312969 0.00059994 9.999e-05
 0.8084 0.0986 0.0794 0.0134 0.0002
 0.7335 0.1905 0.0724 0.0035 0.0001
 0.4001 0.4547 0.1325 0.0127 0
 0.49795 0.308269 0.164784 0.0264974 0.00249975
 0.9179 0.0499 0.0305 0.0017 0
 0.2467 0.6533 0.0926 0.0074 0
 0.9418 0.0223 0.034 0.0019 0
 0.707729 0.231977 0.0356964 0.0245975 0
 0.517169 0.277429 0.184464 0.0207286 0.00020938
 0.811772 0.124168 0.05621 0.00726502 0.000585176
 0.764997 0.148141 0.077277 0.00933861 0.000247198
 0.163321 0.427699 0.378323 0.0303852 0.000271297
 0.753843 0.0900009 0.118128 0.0371064 0.000921714
 0.721811 0.176058 0.0630433 0.0369309 0.00215725
 0.143369 0.312575 0.442814 0.0836902 0.0175525
 0.692698 0.0596174 0.167031 0.0765114 0.00414204
 0.394062 0.376323 0.152708 0.0712218 0.00568511
 0.125707 0.32114 0.495352 0.0537591 0.00404204
 0.23352 0.215282 0.420074 0.123614 0.00750983
 0 0 0 0 0
pf_pred 
 0.423289 0.103597 0.450183 0.0229304 7.30503e-07
 0.412223 0.264399 0.0580897 0.252431 0.0128581
 0.545681 0.199668 0.114549 0.025167 0.114935
 0.778133 0.127149 0.0416272 0.0238814 0.0292087
 0.649657 0.279298 0.0407153 0.0133297 0.0170004
 0.729605 0.182124 0.0703702 0.0102584 0.00764178
 0.46749 0.399805 0.0893836 0.0345365 0.0087851
 0.426484 0.284979 0.216631 0.0484318 0.0234735
 0.496596 0.227776 0.136959 0.104112 0.0345573
 0.647326 0.185003 0.0758664 0.0456177 0.0461872
 0.773674 0.152332 0.0388151 0.0159174 0.0192614
 0.718811 0.22264 0.0394072 0.0100412 0.0091005
 0.665682 0.248163 0.0682164 0.0120743 0.00586496
 0.606104 0.27236 0.0902152 0.0247989 0.00652149
 0.699766 0.190949 0.0755654 0.0250299 0.00868971
 0.913944 0.0623151 0.0150995 0.00597539 0.0026664
 0.440348 0.51645 0.0312835 0.00758024 0.00433836
 0.877636 0.0573034 0.0600386 0.00363678 0.00138557
 0.619833 0.338091 0.0197044 0.0206449 0.00172699
 0.604711 0.255877 0.123982 0.00722587 0.00820408
 0.741509 0.16341 0.0615476 0.0298221 0.00371145
 0.744192 0.195076 0.0383929 0.0144605 0.00787866
 0.342601 0.503309 0.117507 0.0231266 0.0134564
 0.747095 0.0930461 0.122389 0.0285741 0.00889586
 0.627446 0.285823 0.031909 0.0419717 0.0128498
 0.456062 0.355023 0.144935 0.0161804 0.027799
 0.733374 0.128795 0.0899606 0.0367257 0.0111441
 0.68983 0.233936 0.0368257 0.0257219 0.0136871
 0.378338 0.44297 0.134772 0.0212156 0.0227038
 0.469016 0.214626 0.225424 0.0685842 0.0223502
 0.865407 0.0668394 0.0273864 0.0287642 0.0116033
pobs_RECLAS
 0 0 0 0 0
 0 0 0 0 0
 0 0 0 0 0
 0 0 0 0 0
 0 0 0 0 0
 0 0 0 0 0
 0 0 0 0 0
 0 0 0 0 0
 0 0 0 0 0
 0 0 0 0 0
 0.991045 0.00858322 0.000360255 1.14367e-05 0
 0.934742 0.0480273 0.0164251 0.00080598 0
 0.827803 0.169806 0.00239088 0 0
 0.941827 0.0461693 0.0120037 0 0
 0.791401 0.0380133 0.147996 0.0225897 0
 0.846168 0.0940531 0.0597789 0 0
 0.134021 0.677848 0.182769 0.00536245 0
 0.80878 0.0450904 0.141981 0.00414843 0
 0.846168 0.0940531 0.0597789 0 0
 0.905697 0.0802665 0.012482 0.00150086 5.37128e-05
 0.989698 0.0102097 9.19794e-05 0 0
 0.975433 0.0193895 0.00387452 0.00125025 5.28907e-05
 0.303575 0.632131 0.0575291 0.00676475 0
 0.966965 0.00978017 0.0227588 0.000495775 0
 0.843318 0.132988 0.00938335 0.0141283 0.000182051
 0.564624 0.303363 0.111486 0.0197234 0.00080311
 0.826376 0.0876187 0.0782897 0.00655872 0.00115652
 0.89761 0.0855135 0.0140674 0.00269457 0.000114338
 0.34875 0.467042 0.161289 0.0227151 0.000203297
 0.318654 0.224769 0.449479 0.00709798 0
 0.937255 0.0296025 0.0250945 0.00804832 0
ppred_RECLAS
 0.448873 0.099001 0.430212 0.0219131 6.98097e-07
 0.437792 0.252897 0.0555627 0.24145 0.0122988
 0.571467 0.188335 0.108048 0.0237386 0.108412
 0.795749 0.117054 0.0383221 0.0219853 0.0268897
 0.672918 0.260754 0.0380121 0.0124447 0.0158716
 0.749708 0.168584 0.0651384 0.00949572 0.00707364
 0.493893 0.379982 0.0849518 0.0328241 0.00834952
 0.452019 0.272291 0.206986 0.0462755 0.0224284
 0.522763 0.215936 0.12984 0.0986999 0.032761
 0.67096 0.172605 0.0707822 0.0425606 0.043092
 0.791339 0.140442 0.0357855 0.014675 0.017758
 0.739749 0.206062 0.0364729 0.0092935 0.00842286
 0.688815 0.230991 0.0634961 0.0112388 0.00545913
 0.6315 0.2548 0.0843986 0.0232 0.00610102
 0.721551 0.177094 0.0700824 0.0232137 0.00805919
 0.921915 0.0565428 0.0137008 0.00542188 0.00241941
 0.466332 0.492472 0.029831 0.00722831 0.00413694
 0.888474 0.052228 0.0547209 0.00331467 0.00126285
 0.644454 0.316194 0.0184283 0.0193079 0.00161515
 0.629636 0.239742 0.116164 0.00677023 0.00768675
 0.761106 0.151022 0.0568815 0.0275612 0.00343008
 0.763738 0.18017 0.0354593 0.0133556 0.00727665
 0.366505 0.485008 0.113235 0.0222857 0.0129671
 0.766289 0.0859843 0.1131 0.0264055 0.0082207
 0.651494 0.267374 0.0298493 0.0392626 0.0120204
 0.481991 0.338099 0.138026 0.0154091 0.0264738
 0.753267 0.119186 0.0832487 0.0339856 0.0103126
 0.711664 0.217468 0.0342334 0.0239112 0.0127236
 0.403132 0.425304 0.129397 0.0203694 0.0217983
 0.495097 0.204084 0.214351 0.0652155 0.0212524
 0.877055 0.0610547 0.0250162 0.0262748 0.0105991
pobs_PELACES
 0 0 0 0 0
 0 0 0 0 0
 0 0 0 0 0
 0 0 0 0 0
 0 0 0 0 0
 0 0 0 0 0
 0 0 0 0 0
 0 0 0 0 0
 0 0 0 0 0
 0 0 0 0 0
 0 0 0 0 0
 0 0 0 0 0
 0 0 0 0 0
 0 0 0 0 0
 0 0 0 0 0
 0 0 0 0 0
 0.505614 0.472636 0.0217494 0 0
 0 0 0 0 0
 0.443492 0.261883 0.143347 0.151278 0
 0.227955 0.32914 0.350689 0.0885471 0.00366901
 0.970185 0.0296113 0.000203453 0 0
 0.997202 0.00247181 0.000326279 0 0
 0.445219 0.490057 0.0546422 0.010081 0
 0.90214 0.0892962 0.00764917 0.000914606 0
 0 0 0 0 0
 0.581667 0.319106 0.0959925 0.00289975 0.000334073
 0.762889 0.0836404 0.116647 0.0363945 0.000428098
 0.88444 0.0763242 0.0277011 0.0115352 0
 0.521256 0.241999 0.230069 0.00667565 0
 0.616807 0.101726 0.260614 0.0208532 0
 0 0 0 0 0
ppred_PELACES
 0.353094 0.108505 0.511876 0.0265239 8.47899e-07
 0.346612 0.278416 0.0664057 0.293562 0.0150048
 0.476193 0.218259 0.135934 0.0303822 0.139231
 0.729279 0.148959 0.0529421 0.0308984 0.0379213
 0.591483 0.319548 0.0505707 0.0168427 0.0215549
 0.676511 0.211684 0.0887934 0.0131681 0.00984314
 0.407725 0.43471 0.105507 0.0414718 0.0105856
 0.361213 0.303575 0.250522 0.056978 0.0277108
 0.428175 0.245873 0.160497 0.124116 0.0413392
 0.584083 0.208566 0.0928508 0.0567964 0.0577038
 0.725082 0.179434 0.0496346 0.0207065 0.0251431
 0.668223 0.25774 0.0495251 0.0128376 0.0116751
 0.609601 0.283238 0.0845231 0.0152194 0.0074182
 0.547271 0.304523 0.109503 0.0306218 0.00808056
 0.644185 0.218988 0.0940802 0.0317019 0.011044
 0.892578 0.0758434 0.0199507 0.00803181 0.00359641
 0.384407 0.564103 0.0370951 0.009144 0.00525139
 0.845718 0.0690514 0.0785407 0.00483986 0.00185029
 0.564206 0.383497 0.0242641 0.0258622 0.00217089
 0.543163 0.286825 0.150875 0.00894537 0.0101914
 0.689227 0.190005 0.0776906 0.0382954 0.00478242
 0.695101 0.227489 0.0486048 0.0186236 0.0101819
 0.289372 0.532773 0.135034 0.027036 0.0157853
 0.690222 0.107821 0.153965 0.0365681 0.0114239
 0.567659 0.32429 0.0393025 0.0525916 0.0161567
 0.393069 0.384061 0.170212 0.0193311 0.0333266
 0.676688 0.149055 0.113024 0.0469397 0.0142926
 0.633862 0.269782 0.0461041 0.0327599 0.0174923
 0.320941 0.471574 0.155757 0.0249432 0.0267851
 0.400638 0.22977 0.261988 0.0810882 0.0265161
 0.829865 0.0805388 0.0358245 0.0382779 0.0154943
pobs_pel_tallas
 0 0 0 0 0 0 0 0 0 0 0 0 0 0 0 0 0 0 0 0 0 0 0 0 0 0
 0 0 0 0 0 0 0 0 0 0 0 0 0 0 0 0 0 0 0 0 0 0 0 0 0 0
 0 0 0 0 0 0 0 0 0 0 0 0 0 0 0 0 0 0 0 0 0 0 0 0 0 0
 0 0 0 0 0 0 0 0 0 0 0 0 0 0 0 0 0 0 0 0 0 0 0 0 0 0
 0 0 0 0 0 0 0 0 0 0 0 0 0 0 0 0 0 0 0 0 0 0 0 0 0 0
 0 0 0 0 0 0 0 0 0 0 0 0 0 0 0 0 0 0 0 0 0 0 0 0 0 0
 0 0 0 0 0 0 0 0 0 0 0 0 0 0 0 0 0 0 0 0 0 0 0 0 0 0
 0 0 0 0 0 0 0 0 0 0 0 0 0 0 0 0 0 0 0 0 0 0 0 0 0 0
 0 0 0 0 0 0 0 0 0 0 0 0 0 0 0 0 0 0 0 0 0 0 0 0 0 0
 0 0 0 0 0 0 0 0 0 0 0 0 0 0 0 0 0 0 0 0 0 0 0 0 0 0
 0 0 0 0 0 0 0 0 0 0 0 0 0 0 0 0 0 0 0 0 0 0 0 0 0 0
 0 0 0 0 0 0 0 0 0 0 0 0 0 0 0 0 0 0 0 0 0 0 0 0 0 0
 0.00862536 0 0 0.000197151 0.00414017 0.0128641 0.00837892 0.0270097 0.101434 0.158115 0.152841 0.127902 0.109271 0.109419 0.0830992 0.0579132 0.0238553 0.00714673 0.00463305 0.00128148 0.00103504 0.000492878 0.000147863 0.000147863 4.92878e-05 0
 0 0 0 0 0 0 0 0 0 0 0 0 0 0 0 0 0 0 0 0 0 0 0 0 0 0
 0 0 0 0 0 0 0 0.0054083 0.00873648 0.0413646 0.0450493 0.0745869 0.0622846 0.0627006 0.0613931 0.0827291 0.12552 0.122667 0.0946155 0.0697135 0.0546179 0.0294188 0.0215738 0.0213955 0.0102223 0.00600262
 0 0 0 0 0.00359764 0.0251062 0.0480494 0.140153 0.205849 0.193036 0.1447 0.116669 0.0760912 0.0342217 0.00950174 0.001854 0.000860785 0 0 0 0.000165536 0 0.000143464 0 0 0
 0 0 0 0 0 0 0 0.000145254 0.000435761 0.0275982 0.070085 0.0708112 0.156366 0.174668 0.174014 0.160142 0.0824315 0.0480064 0.0283245 0.00493863 0.00203355 0 0 0 0 0
 0 0 0 0 0 0 0 0 0 0 0 0 0 0 0 0 0 0 0 0 0 0 0 0 0 0
 0 0 1.00437e-05 0.000401748 0.00122533 0.00171747 0.00176769 0.0269171 0.070346 0.194647 0.189555 0.159765 0.064822 0.0314167 0.0384472 0.0292271 0.0345202 0.0313363 0.0194345 0.0106764 0.0143323 0.0359363 0.0279516 0.0138201 0.00172751 0
 0 0.0021121 0.0136068 0.0755702 0.200478 0.177729 0.0527432 0.0373336 0.0318909 0.0142505 0.0149659 0.0166563 0.0217959 0.0798694 0.0677717 0.0528807 0.04013 0.0224614 0.0357745 0.0225083 0.00881397 0.00855152 0.00135912 0.000746735 0 0
 0 0 0 0 5.4009e-05 0.00500934 0.000945158 0.0243581 0.138947 0.33067 0.221406 0.137944 0.0707744 0.0437923 0.0131692 0.00525238 0.0047753 0.00276346 9.45158e-05 9.00151e-06 2.25038e-05 9.00151e-06 4.50075e-06 0 0 0
 0.000866109 0.00284123 0.00948549 0.0512746 0.133035 0.25785 0.225252 0.132002 0.0553304 0.0519788 0.0540692 0.017754 0.00435017 0.00159236 0.00146478 0.000404838 0.000125132 0.000115318 0.000107957 0.000100596 0 0 0 0 0 0
 0 0 0 0 0.00144013 0.00171154 0.00461396 0.0210425 0.0478622 0.0707936 0.0888783 0.103762 0.0637923 0.0337046 0.0602308 0.124433 0.169614 0.0934646 0.0462172 0.0250306 0.0313229 0.00938855 0.002487 0.000210481 0 0
 0 0.00764035 0.051015 0.0998891 0.058973 0.0496711 0.0374665 0.0718981 0.12319 0.153886 0.159021 0.0857701 0.0377988 0.023471 0.0147837 0.00900784 0.00315554 0.000888139 0.00291439 0.00214683 0.00393193 0.00274676 0.000635225 9.99891e-05 0 0
 0 0 0 0 0 0 0 0 0 0 0 0 0 0 0 0 0 0 0 0 0 0 0 0 0 0
 0 0 0 0 0 0 0 0 0 0 0 0 0 0 0 0 0 0 0 0 0 0 0 0 0 0
 0 0 0 0 0 0 0 0 0 0 0 0 0 0 0 0 0 0 0 0 0 0 0 0 0 0
 0 0 0 0 0 0 0 0 0 0 0 0 0 0 0 0 0 0 0 0 0 0 0 0 0 0
 0 0 0 0 0 0 0 0 0 0 0 0 0 0 0 0 0 0 0 0 0 0 0 0 0 0
 0 0 0 0 0 0 0 0 0 0 0 0 0 0 0 0 0 0 0 0 0 0 0 0 0 0
 0 0 0 0 0 0 0 0 0 0 0 0 0 0 0 0 0 0 0 0 0 0 0 0 0 0
ppred_pel_tallas
 1.1746e-16 2.90839e-05 0.000282706 0.00187868 0.00854023 0.0265719 0.0566146 0.082633 0.0826442 0.0566698 0.0267596 0.00909232 0.00330163 0.00351159 0.0065197 0.0116646 0.018965 0.0283431 0.0395644 0.052247 0.0656067 0.0780639 0.0872188 0.0905664 0.0866738 0.0760373
 1.33967e-16 2.855e-05 0.000277516 0.0018442 0.00838346 0.0260842 0.0555762 0.0811207 0.0811477 0.0557081 0.0265276 0.00966629 0.00507293 0.00735613 0.0135664 0.0226468 0.0332884 0.043389 0.0509649 0.0554558 0.0581875 0.0614232 0.0666597 0.073468 0.0796585 0.0824983
 1.30588e-16 3.92234e-05 0.000381266 0.00253365 0.0115176 0.0358356 0.0763524 0.111443 0.111464 0.0764563 0.036185 0.0125292 0.005083 0.00598094 0.0107774 0.018033 0.0266457 0.0349767 0.0414349 0.0454545 0.0478675 0.0502471 0.0537176 0.0581619 0.0623244 0.0645578
 1.11082e-16 6.00698e-05 0.0005839 0.00388022 0.0176389 0.0548813 0.116931 0.170667 0.170682 0.117002 0.0551183 0.0183242 0.00560377 0.00435813 0.00726337 0.0120084 0.0175255 0.0225508 0.0258609 0.0269584 0.0263793 0.0252932 0.0247069 0.024893 0.0253917 0.0254384
 1.06878e-16 4.87198e-05 0.000473574 0.00314706 0.0143061 0.0445118 0.0948382 0.138426 0.138456 0.0949888 0.0450174 0.0157667 0.00681414 0.00848157 0.0152658 0.0251838 0.0363318 0.0458204 0.0507453 0.0497944 0.0440355 0.0361815 0.0289368 0.023711 0.0204431 0.0182743
 1.05603e-16 5.57234e-05 0.000541651 0.00359946 0.0163626 0.0509104 0.108471 0.15832 0.158341 0.108571 0.0512471 0.0173364 0.00604835 0.0059028 0.0102822 0.0170271 0.0247959 0.0317533 0.0360515 0.0368194 0.0346268 0.0309846 0.0273145 0.0242294 0.0215571 0.0188509
 1.09107e-16 3.35839e-05 0.000326447 0.00216936 0.00986161 0.0306834 0.0653757 0.0954265 0.0954685 0.0655808 0.0313724 0.0118529 0.00717179 0.01126 0.0208377 0.0344997 0.0499417 0.0633299 0.0707723 0.0704833 0.0638133 0.0542348 0.0451382 0.0381814 0.0331663 0.0290184
 1.17711e-16 2.97527e-05 0.000289207 0.00192189 0.00873663 0.0271831 0.0579175 0.0845384 0.084568 0.0580623 0.0276703 0.0101483 0.00548199 0.0081165 0.0150588 0.0252774 0.0374182 0.0491766 0.0581801 0.0633002 0.0651609 0.0653366 0.0649554 0.0639245 0.0612972 0.0562504
 1.24138e-16 3.52682e-05 0.00034282 0.00227816 0.0103562 0.0322221 0.0686535 0.100207 0.100231 0.0687706 0.032616 0.0114972 0.00515475 0.00666441 0.0121667 0.020394 0.0301818 0.039701 0.0471441 0.0518016 0.0544536 0.0566287 0.0593204 0.0622133 0.0639426 0.0630239
 1.18194e-16 4.81102e-05 0.000467648 0.00310769 0.0141271 0.0439548 0.0936511 0.136691 0.136711 0.09375 0.0442873 0.0150891 0.0055291 0.0057759 0.0101965 0.0169613 0.0248663 0.0322272 0.0373937 0.0397097 0.0399155 0.039564 0.0399064 0.0411261 0.0423984 0.0425452
 1.0781e-16 5.97241e-05 0.00058054 0.00385789 0.0175374 0.0545655 0.116258 0.169686 0.169703 0.116343 0.0548503 0.0183605 0.00592636 0.0051043 0.00867606 0.0143157 0.0207784 0.0264827 0.0298699 0.030258 0.0282478 0.0252803 0.0227049 0.0210865 0.0201661 0.0193007
 1.04759e-16 5.50407e-05 0.000535015 0.00355536 0.0161622 0.0502867 0.107142 0.156382 0.156407 0.107264 0.0506947 0.0173411 0.00651586 0.0070018 0.0123485 0.0203591 0.0293983 0.0371315 0.0412172 0.0405831 0.0360545 0.029765 0.0238406 0.0193885 0.0163793 0.0141919
 1.05294e-16 5.02121e-05 0.000488079 0.00324346 0.0147443 0.0458752 0.097743 0.142664 0.142692 0.0978767 0.0463246 0.0160432 0.00650738 0.00762476 0.0136379 0.0225552 0.0326934 0.0415455 0.0465759 0.0465986 0.0424382 0.036278 0.0302531 0.0254149 0.0216784 0.0184538
 1.07677e-16 4.50781e-05 0.000438175 0.00291183 0.0132368 0.0411847 0.0877494 0.128079 0.128108 0.0878934 0.0416685 0.0146358 0.00642899 0.00813424 0.0147146 0.0243948 0.0354662 0.0452929 0.0512036 0.0519548 0.0484129 0.0428328 0.0373506 0.032909 0.0292593 0.0256943
 1.0782e-16 5.30607e-05 0.000515769 0.00342747 0.0155808 0.0484777 0.103288 0.150756 0.150777 0.103391 0.0488263 0.0165889 0.00596338 0.00606946 0.0106531 0.0176663 0.0257711 0.0331014 0.0377842 0.0389588 0.0372412 0.0341859 0.031203 0.0288112 0.0266846 0.024224
 1.0201e-16 7.35205e-05 0.000714645 0.00474907 0.0215886 0.0671701 0.143113 0.20888 0.208887 0.143149 0.0672904 0.0219362 0.00562256 0.00262431 0.00370876 0.00603738 0.00874334 0.0111094 0.0124591 0.0124864 0.0114291 0.00988846 0.00844368 0.00736525 0.00659722 0.00593353
 1.03021e-16 3.16632e-05 0.000307778 0.00204529 0.00929764 0.0289287 0.0616376 0.0899733 0.0900276 0.0619029 0.0298193 0.0118691 0.00849653 0.0143797 0.026724 0.0440439 0.063242 0.0791046 0.0863382 0.0825045 0.0694961 0.0523027 0.036097 0.0238863 0.0160681 0.0114756
 1.03083e-16 6.96607e-05 0.000677126 0.00449974 0.0204552 0.0636437 0.1356 0.197913 0.19792 0.135633 0.0637551 0.0207784 0.00531621 0.00247647 0.00353664 0.0058658 0.00874338 0.0116184 0.0139566 0.0154752 0.0162411 0.0164953 0.0163731 0.0157857 0.0145511 0.0126195
 1.0376e-16 4.6473e-05 0.000451734 0.00300193 0.0136464 0.0424591 0.090465 0.132044 0.132081 0.0906454 0.0430647 0.0153949 0.00738912 0.0100227 0.0182053 0.0299768 0.0430722 0.0539496 0.0590418 0.0567294 0.0483298 0.0372389 0.0269295 0.0193476 0.0146268 0.0118397
 1.0705e-16 4.47397e-05 0.000434886 0.00288997 0.0131374 0.0408755 0.0870906 0.127117 0.127145 0.0872266 0.0413326 0.01446 0.00621802 0.00772721 0.0139736 0.0232369 0.0339491 0.0436883 0.0499756 0.051607 0.0492604 0.0448227 0.0400415 0.0356275 0.0313541 0.0267639
 1.06941e-16 5.67707e-05 0.000551832 0.00366712 0.0166702 0.0518673 0.110509 0.161295 0.161314 0.110599 0.0521696 0.0175447 0.00586673 0.00536871 0.00924968 0.0153203 0.022345 0.0286984 0.032761 0.0337975 0.0323573 0.029801 0.0273507 0.0254347 0.0237302 0.0216733
 1.05052e-16 5.72546e-05 0.000556535 0.00369837 0.0168123 0.0523093 0.111451 0.162671 0.162693 0.111559 0.0526697 0.0178536 0.00631381 0.00627136 0.0109266 0.0180154 0.0260475 0.0329738 0.0367475 0.0364375 0.0327727 0.0276118 0.0227802 0.019187 0.0167391 0.0148441
 1.09416e-16 2.38353e-05 0.000231687 0.00153965 0.00699904 0.0217769 0.0463999 0.0677328 0.0677842 0.0466513 0.0226214 0.00943959 0.00767051 0.0136312 0.0255185 0.0422714 0.0611772 0.0775327 0.0865382 0.0859616 0.0774125 0.0651214 0.0532665 0.0439687 0.0371313 0.0315982
 1.10072e-16 5.68527e-05 0.000552628 0.00367241 0.0166943 0.0519421 0.110668 0.161526 0.161537 0.11072 0.0521173 0.0172034 0.00496161 0.00340391 0.00558068 0.0094211 0.0142346 0.0193064 0.0239194 0.0277156 0.0307946 0.0333926 0.0354396 0.0364279 0.0357168 0.0329946
 1.09226e-16 4.67574e-05 0.000454499 0.00302031 0.0137299 0.0427189 0.0910184 0.132851 0.132882 0.0911712 0.0432319 0.0152117 0.0067405 0.00857817 0.0154833 0.0255478 0.0368654 0.0465248 0.0516178 0.050874 0.0454493 0.0381491 0.0317071 0.0274455 0.0251038 0.0235776
 1.12589e-16 3.23767e-05 0.000314713 0.00209138 0.00950713 0.0295804 0.0630256 0.0919955 0.0920327 0.0632075 0.0301917 0.011275 0.00653809 0.0100521 0.0186144 0.0309551 0.045135 0.0579062 0.0659513 0.0677161 0.064244 0.0582585 0.0522899 0.0473747 0.0431105 0.0386002
 1.10426e-16 5.57379e-05 0.000541793 0.0036004 0.0163669 0.0509236 0.108499 0.15836 0.158375 0.10857 0.0511627 0.0170594 0.00534666 0.0043803 0.00742398 0.0123917 0.0183342 0.0240948 0.028528 0.0311204 0.0322346 0.0326965 0.0330775 0.0332835 0.0327288 0.0308453
 1.07646e-16 5.22104e-05 0.000507504 0.00337254 0.0153311 0.0477009 0.101633 0.148341 0.148367 0.10176 0.048128 0.0165651 0.00647141 0.00727696 0.0129229 0.0213207 0.0308062 0.0389606 0.0433699 0.0429639 0.038665 0.0327462 0.0274211 0.0237595 0.0215659 0.0199908
 1.1165e-16 2.64356e-05 0.000256964 0.00170762 0.0077626 0.0241526 0.0514613 0.0751188 0.0751644 0.0516842 0.0249013 0.00992712 0.00714794 0.0121568 0.0226956 0.0376604 0.0546753 0.0696537 0.0784232 0.0790423 0.0728838 0.0635339 0.0544484 0.0472477 0.0416605 0.0366069
 1.20239e-16 3.3e-05 0.000320772 0.00213165 0.00969016 0.0301498 0.0642382 0.0937622 0.0937848 0.0643485 0.0305212 0.0107679 0.00485583 0.0063307 0.0116328 0.0196682 0.0294808 0.0395047 0.0481299 0.0546003 0.0592942 0.0630519 0.0661523 0.0678758 0.0669934 0.0626811
 1.07516e-16 6.83549e-05 0.000664434 0.0044154 0.0200718 0.0624507 0.133058 0.194204 0.194212 0.133096 0.0625792 0.0204436 0.00535158 0.0027177 0.00399683 0.0065777 0.00965954 0.0125665 0.0146772 0.0157575 0.0161031 0.0163024 0.0167973 0.0175897 0.0182817 0.0183579
pSPR Fmed_Fpbrs
0.757685   0.190943 0.190943
Fs Fmed_Fpbrs
0.137541   1.005 1.005
SSBpbr Bo_Bmed_Bpbrs
2.5691e+06  1.81811e+06  362097 362097
Ro
256002
SPR SPRFo_SPRFmed_SPRFpbrs
1.8229e+06 1.38119e+06 348071
Fref
1.005
log_Ro
12.2729
likeval ReclasPelacesDesembMPH_pf_preclas_ppelaces_ptallas_desvR_qrecl_qpela
 18.9528 18.0564 0.147014 0.00375942 230.035 123.858 84.1892 0 20.567 1.47206e-05 0 0.745258 0 0 0
q_reclas_q_pelaces
0.580606 1
M
1
N
 266106 58917.7 256029 13041 0.415453
 156790 91197.9 20036.6 87069.9 4435.1
 153204 50826.5 29159.1 6406.4 29257.3
 336195 49902.6 16337.5 9372.8 11463.6
 269644 104787 15275.6 5001.05 6378.21
 416035 94095.7 36357.2 5300.06 3948.17
 176727 137612 30765.6 11887.4 3023.81
 86386.8 52133.6 39630.1 8860.03 4294.2
 73862.4 30732.1 18478.9 14047 4662.55
 91582.1 23785.6 9754.05 5865.01 5938.23
 158877 28272.2 7203.93 2954.2 3574.84
 197120 55642.6 9848.72 2509.51 2274.41
 167409 56836.5 15623.5 2765.36 1343.25
 119363 49104.1 16265 4471.01 1175.76
 123720 30757.1 12171.7 4031.68 1399.69
 579168 35965.8 8714.81 3448.76 1538.94
 159310 169576 10271.9 2488.97 1424.5
 854785 50680.9 53099.9 3216.48 1225.44
 540641 268600 15654.4 16401.6 1372.03
 410621 158059 76585.6 4463.52 5067.78
 618415 123715 46596.4 22577.7 2809.87
 821508 195821 38539.5 14515.7 7908.73
 187604 249767 58313.1 11476.6 6677.73
 547671 61767.2 81246 18968.5 5905.37
 444753 183493 20484.9 26945 8249.35
 210808 148507 60626.7 6768.29 11628.4
 450882 71707 50085.7 20447.1 6204.49
 491984 150996 23769.5 16602.5 8834.49
 157642 167055 50825.7 8000.89 8562.15
 128858 53437.5 56125.8 17076.1 5564.73
 607863 42440 17389.1 18264 7367.56
pred_Ctot
 11574.1 2832.67 12309.5 626.991 0.0199743
 11898.2 7631.46 1676.67 7286.03 371.13
 11207.7 4100.98 2352.73 516.906 2360.65
 32904.1 5376.64 1760.25 1009.85 1235.12
 8802.56 3784.36 551.675 180.612 230.347
 26760.5 6679.96 2581.04 376.257 280.285
 22534.4 19271.8 4308.55 1664.76 423.468
 1805.48 1206.43 917.09 205.032 99.373
 5883.24 2698.49 1622.57 1233.43 409.404
 9445.39 2699.45 1107 665.627 673.936
 4839.32 952.837 242.788 99.5631 120.48
 27482.4 8512.23 1506.66 383.905 347.94
 21847.2 8144.54 2238.81 396.269 192.484
 23264.8 10454.3 3462.84 951.885 250.322
 16724.3 4563.65 1806 598.209 207.682
 76126.1 5190.48 1257.7 497.715 222.096
 13781.5 16163.3 979.076 237.238 135.777
 79817.5 5211.52 5460.27 330.751 126.012
 71485.8 38992.3 2272.53 2381 199.175
 47756.9 20207.9 9791.47 570.662 647.916
 55108.2 12144.5 4574.15 2216.35 275.831
 91533.3 23993.7 4722.21 1778.6 969.05
 12568.5 18464.1 4310.81 848.411 493.653
 31138.8 3878.15 5101.16 1190.97 370.778
 26167.3 11920.1 1330.74 1750.4 535.895
 10108 7868.59 3212.29 358.616 616.125
 25755 4523.11 3159.29 1289.75 391.365
 24103.6 8174.02 1286.74 898.757 478.246
 7880.59 9226.84 2807.23 441.909 472.909
 8607.27 3938.76 4136.92 1258.64 410.165
 20296.1 1567.56 642.284 674.597 272.128
F
 0.0708617 0.0785797 0.0785797 0.0785797 0.0785797
 0.126489 0.140265 0.140265 0.140265 0.140265
 0.121699 0.134954 0.134954 0.134954 0.134954
 0.165761 0.183815 0.183815 0.183815 0.183815
 0.0527903 0.05854 0.05854 0.05854 0.05854
 0.106334 0.117916 0.117916 0.117916 0.117916
 0.220798 0.244846 0.244846 0.244846 0.244846
 0.0335285 0.0371803 0.0371803 0.0371803 0.0371803
 0.133124 0.147624 0.147624 0.147624 0.147624
 0.175355 0.194454 0.194454 0.194454 0.194454
 0.0491824 0.0545392 0.0545392 0.0545392 0.0545392
 0.243635 0.270171 0.270171 0.270171 0.270171
 0.226496 0.251165 0.251165 0.251165 0.251165
 0.356051 0.39483 0.39483 0.39483 0.39483
 0.235453 0.261098 0.261098 0.261098 0.261098
 0.228288 0.253152 0.253152 0.253152 0.253152
 0.145302 0.161128 0.161128 0.161128 0.161128
 0.157627 0.174796 0.174796 0.174796 0.174796
 0.229787 0.254814 0.254814 0.254814 0.254814
 0.199695 0.221445 0.221445 0.221445 0.221445
 0.14996 0.166293 0.166293 0.166293 0.166293
 0.190612 0.211373 0.211373 0.211373 0.211373
 0.110962 0.123047 0.123047 0.123047 0.123047
 0.093499 0.103683 0.103683 0.103683 0.103683
 0.0968876 0.10744 0.10744 0.10744 0.10744
 0.0783606 0.0868953 0.0868953 0.0868953 0.0868953
 0.0939517 0.104185 0.104185 0.104185 0.104185
 0.0801247 0.0888516 0.0888516 0.0888516 0.0888516
 0.0818135 0.0907244 0.0907244 0.0907244 0.0907244
 0.110618 0.122666 0.122666 0.122666 0.122666
 0.0540212 0.059905 0.059905 0.059905 0.059905
nmprior
 8 9 7.5 0
nm_flota  nm_reclas  nm_pelaces    nm_pelaL
inf 11.6798 9.09852 14.1503
cv_recla  cv_pelaces  cv_mph
0.393787 0.500012 1.89219
 ------------------------------------------------
Talla a la edad & desviación 
 8 13.2811 15.8009 17.003 17.5766
 0.8 1.32811 1.58009 1.7003 1.75766
