years
 1991 1992 1993 1994 1995 1996 1997 1998 1999 2000 2001 2002 2003 2004 2005 2006 2007 2008 2009 2010 2011 2012 2013 2014 2015 2016 2017 2018 2019 2020 2021
reclasobs
 0 0 0 0 0 0 0 0 0 252601 567819 844713 477998 351125 339783 2.1784e+06 2.13404e+06 4.81314e+06 1.55562e+06 2.62356e+06 3.21686e+06 3.843e+06 1.13348e+06 3.07943e+06 1.97215e+06 2.03268e+06 2.025e+06 2.42433e+06 2.27542e+06 1.05018e+06 2.36338e+06
reclaspred
 3.46833e+06 1.98212e+06 1.00933e+06 1.05874e+06 1.0901e+06 1.65209e+06 1.13043e+06 1.01771e+06 737296 538309 539104 656622 650884 532078 541626 1.23021e+06 1.25015e+06 2.59317e+06 2.17553e+06 1.66697e+06 2.95284e+06 2.39131e+06 1.94512e+06 2.97945e+06 2.24629e+06 1.99618e+06 2.32877e+06 2.42229e+06 2.01558e+06 1.32379e+06 2.11942e+06
pelacesobs
 0 0 0 0 0 0 0 0 0 0 0 0 0 0 0 552880 188675 0 991730 2.46772e+06 1.41603e+06 1.21717e+06 2.29649e+06 1.80582e+06 0 1.4828e+06 1.56532e+06 1.57751e+06 1.42118e+06 867257 0
pelacespred
 2.35112e+06 1.51114e+06 780342 616744 656623 991050 707777 721256 529528 368141 359492 367920 397902 345703 349345 632662 700290 1.5284e+06 1.41694e+06 1.03316e+06 1.66725e+06 1.53441e+06 1.27077e+06 1.97209e+06 1.5377e+06 1.35484e+06 1.70065e+06 1.74619e+06 1.29949e+06 970881 1.30541e+06
mphobs
 0 0 0 0 0 0 0 0 0 0 0 498337 0 5186 125008 0 168611 109162 213762 579715 649985 157893 87575 83554 0 0 0 0 0 0 0
mphpred
 524117 352402 180327 98298.2 116443 132616 172499 119040 102800 72425.8 47811.8 62989.2 66994.6 58342.7 42753.3 52849.4 142848 143595 256960 201439 220791 270865 256740 216042 298411 245783 204014 214233 291105 202414 117265
desembarqueobs
 494567 514787 250237 358949 120608 361735 552515 73892 212993 205616 52469 317467 293654 387597 252695 516296 358380 742168 942051 627588 828172 859565 418607 520667 417249 300574 407403 355545 319650 289779 219260
desembarquepred
 494573 513133 251126 358968 120611 361749 552572 73895 213034 205656 52471.1 317536 293712 387664 252703 516293 358409 742112 941960 627523 828253 859626 418625 520692 417257 300581 407411 355542 319653 289793 219261
Reclutas
 239381 139064 136788 273554 218885 346785 147118 70715 62160.9 78709.7 140128 177347 149645 106347 109487 535398 133114 805491 493353 381909 561572 749118 165953 485885 403175 186456 405188 446497 136823 108303 511910
log_desv_Rt
 0.0634931 -0.479631 -0.496135 0.196933 -0.0260163 0.434141 -0.423331 -1.15591 -1.28484 -1.0488 -0.472012 -0.236455 -0.406301 -0.747854 -0.718758 0.868445 -0.523358 1.27689 0.786661 0.530618 0.916176 1.20433 -0.302862 0.771407 0.584806 -0.186372 0.589786 0.686869 -0.495877 -0.729632 0.823583
SSB
 4.56933e+06 3.07229e+06 1.57211e+06 856978 1.01516e+06 1.15617e+06 1.50387e+06 1.0378e+06 896222 631419 416830 549149 584069 508640 372729 460749 1.24537e+06 1.25188e+06 2.24022e+06 1.75618e+06 1.92489e+06 2.36144e+06 2.23829e+06 1.88348e+06 2.60159e+06 2.14277e+06 1.77863e+06 1.86771e+06 2.5379e+06 1.76468e+06 1.02233e+06
BT
 6.01709e+06 4.10638e+06 2.11205e+06 1.89114e+06 1.75276e+06 2.91541e+06 2.23864e+06 1.88501e+06 1.532e+06 1.12558e+06 984900 1.2283e+06 1.30276e+06 1.3145e+06 1.19383e+06 2.17284e+06 2.05209e+06 4.81901e+06 4.57803e+06 3.17645e+06 5.0802e+06 4.75314e+06 3.53316e+06 5.75175e+06 4.24302e+06 3.67392e+06 4.92358e+06 4.99598e+06 3.43831e+06 2.6497e+06 3.72216e+06
Ftot
 0.093043 0.167155 0.161517 0.228511 0.0742852 0.149187 0.315351 0.0485047 0.191445 0.25138 0.0673516 0.322209 0.30029 0.479719 0.318451 0.293043 0.189003 0.198502 0.287389 0.250844 0.189698 0.241486 0.14149 0.120676 0.123905 0.100155 0.120242 0.10157 0.103202 0.143638 0.0729467
BD_Bspro_t
 0.985223 0.889066 0.767522 0.695086 0.700564 0.761822 0.753198 0.632583 0.679741 0.646767 0.61629 0.754159 0.64871 0.5693 0.477088 0.529891 0.657149 0.645957 0.713222 0.631028 0.608725 0.6531 0.666889 0.665111 0.757223 0.764082 0.77194 0.800873 0.835589 0.782129 0.743583
BD_Bspro
 2.85638 1.92055 0.982761 0.535715 0.6346 0.722744 0.940101 0.648754 0.560248 0.394713 0.260569 0.343285 0.365114 0.317962 0.233001 0.288024 0.778505 0.782576 1.40041 1.09782 1.20329 1.47619 1.3992 1.17741 1.62631 1.33949 1.11186 1.16755 1.58649 1.10314 0.639083
BD_Bo
 1.9944 1.34098 0.686189 0.37405 0.443094 0.504638 0.656402 0.452976 0.391179 0.275599 0.181936 0.23969 0.254932 0.222009 0.162687 0.201105 0.543572 0.546414 0.9778 0.766528 0.840168 1.03071 0.97696 0.822094 1.13553 0.935268 0.776327 0.815211 1.10773 0.770238 0.446223
BD_Brms
 13.6232 9.15988 4.68718 2.55504 3.02666 3.44706 4.48371 3.09416 2.67204 1.88254 1.24276 1.63726 1.74137 1.51649 1.11127 1.3737 3.713 3.73242 6.6791 5.23596 5.73897 7.04053 6.67336 5.61551 7.75653 6.38858 5.30289 5.5685 7.56662 5.2613 3.04804
Sel_flota
 0.87376 1 1 1 1
 0.87376 1 1 1 1
 0.87376 1 1 1 1
 0.87376 1 1 1 1
 0.87376 1 1 1 1
 0.87376 1 1 1 1
 0.87376 1 1 1 1
 0.87376 1 1 1 1
 0.87376 1 1 1 1
 0.87376 1 1 1 1
 0.87376 1 1 1 1
 0.87376 1 1 1 1
 0.87376 1 1 1 1
 0.87376 1 1 1 1
 0.87376 1 1 1 1
 0.87376 1 1 1 1
 0.87376 1 1 1 1
 0.87376 1 1 1 1
 0.87376 1 1 1 1
 0.87376 1 1 1 1
 0.87376 1 1 1 1
 0.87376 1 1 1 1
 0.87376 1 1 1 1
 0.87376 1 1 1 1
 0.87376 1 1 1 1
 0.87376 1 1 1 1
 0.87376 1 1 1 1
 0.87376 1 1 1 1
 0.87376 1 1 1 1
 0.87376 1 1 1 1
 0.87376 1 1 1 1
Sel_reclas
 1 1 1 1 1
 1 1 1 1 1
 1 1 1 1 1
 1 1 1 1 1
 1 1 1 1 1
 1 1 1 1 1
 1 1 1 1 1
 1 1 1 1 1
 1 1 1 1 1
 1 1 1 1 1
 1 1 1 1 1
 1 1 1 1 1
 1 1 1 1 1
 1 1 1 1 1
 1 1 1 1 1
 1 1 1 1 1
 1 1 1 1 1
 1 1 1 1 1
 1 1 1 1 1
 1 1 1 1 1
 1 1 1 1 1
 1 1 1 1 1
 1 1 1 1 1
 1 1 1 1 1
 1 1 1 1 1
 1 1 1 1 1
 1 1 1 1 1
 1 1 1 1 1
 1 1 1 1 1
 1 1 1 1 1
 1 1 1 1 1
Sel_pelaces
 0.786996 0.948965 0.989427 0.997881 0.999578
 0.786996 0.948965 0.989427 0.997881 0.999578
 0.786996 0.948965 0.989427 0.997881 0.999578
 0.786996 0.948965 0.989427 0.997881 0.999578
 0.786996 0.948965 0.989427 0.997881 0.999578
 0.786996 0.948965 0.989427 0.997881 0.999578
 0.786996 0.948965 0.989427 0.997881 0.999578
 0.786996 0.948965 0.989427 0.997881 0.999578
 0.786996 0.948965 0.989427 0.997881 0.999578
 0.786996 0.948965 0.989427 0.997881 0.999578
 0.786996 0.948965 0.989427 0.997881 0.999578
 0.786996 0.948965 0.989427 0.997881 0.999578
 0.786996 0.948965 0.989427 0.997881 0.999578
 0.786996 0.948965 0.989427 0.997881 0.999578
 0.786996 0.948965 0.989427 0.997881 0.999578
 0.786996 0.948965 0.989427 0.997881 0.999578
 0.786996 0.948965 0.989427 0.997881 0.999578
 0.786996 0.948965 0.989427 0.997881 0.999578
 0.786996 0.948965 0.989427 0.997881 0.999578
 0.786996 0.948965 0.989427 0.997881 0.999578
 0.786996 0.948965 0.989427 0.997881 0.999578
 0.786996 0.948965 0.989427 0.997881 0.999578
 0.786996 0.948965 0.989427 0.997881 0.999578
 0.786996 0.948965 0.989427 0.997881 0.999578
 0.786996 0.948965 0.989427 0.997881 0.999578
 0.786996 0.948965 0.989427 0.997881 0.999578
 0.786996 0.948965 0.989427 0.997881 0.999578
 0.786996 0.948965 0.989427 0.997881 0.999578
 0.786996 0.948965 0.989427 0.997881 0.999578
 0.786996 0.948965 0.989427 0.997881 0.999578
 0.786996 0.948965 0.989427 0.997881 0.999578
pf_obs 
 0.8446 0.082 0.0669 0.0065 0
 0.8095 0.147 0.0364 0.0071 0
 0.9664 0.0169 0.016 0.0007 0
 0.9276 0.0648 0.0075 0.0001 0
 0.7033 0.2144 0.0806 0.0017 0
 0.9318 0.0425 0.0243 0.0014 0
 0.5671 0.3108 0.0964 0.0239 0.0018
 0.0768 0.2599 0.5324 0.112 0.0189
 0.490249 0.384438 0.106611 0.0170017 0.00170017
 0.7925 0.1577 0.0466 0.003 0.0002
 0.840416 0.127587 0.0312969 0.00059994 9.999e-05
 0.8084 0.0986 0.0794 0.0134 0.0002
 0.7335 0.1905 0.0724 0.0035 0.0001
 0.4001 0.4547 0.1325 0.0127 0
 0.49795 0.308269 0.164784 0.0264974 0.00249975
 0.9179 0.0499 0.0305 0.0017 0
 0.2467 0.6533 0.0926 0.0074 0
 0.9418 0.0223 0.034 0.0019 0
 0.707729 0.231977 0.0356964 0.0245975 0
 0.517169 0.277429 0.184464 0.0207286 0.00020938
 0.811772 0.124168 0.05621 0.00726502 0.000585176
 0.764997 0.148141 0.077277 0.00933861 0.000247198
 0.163321 0.427699 0.378323 0.0303852 0.000271297
 0.753843 0.0900009 0.118128 0.0371064 0.000921714
 0.721811 0.176058 0.0630433 0.0369309 0.00215725
 0.143369 0.312575 0.442814 0.0836902 0.0175525
 0.692698 0.0596174 0.167031 0.0765114 0.00414204
 0.394062 0.376323 0.152708 0.0712218 0.00568511
 0.125707 0.32114 0.495352 0.0537591 0.00404204
 0.23352 0.215282 0.420074 0.123614 0.00750983
 0 0 0 0 0
pf_pred 
 0.429614 0.109081 0.437956 0.0233472 7.45157e-07
 0.412257 0.273106 0.0601717 0.241586 0.0128793
 0.550032 0.201764 0.115333 0.0254105 0.107461
 0.764327 0.138127 0.0437389 0.0250022 0.0288042
 0.648105 0.278222 0.04318 0.0136732 0.0168204
 0.733272 0.181224 0.0676024 0.0104919 0.00740934
 0.470123 0.403162 0.0860941 0.0321158 0.00850432
 0.434603 0.288265 0.210859 0.0450283 0.0212448
 0.507724 0.230828 0.133298 0.0975042 0.0306456
 0.662392 0.183977 0.0720378 0.0416002 0.0399935
 0.786253 0.148752 0.0354185 0.0138684 0.0157081
 0.723789 0.223408 0.0367473 0.00874964 0.00730646
 0.670421 0.248677 0.0654361 0.0107633 0.00470283
 0.612672 0.272801 0.0864138 0.0227386 0.00537437
 0.711465 0.188322 0.0705813 0.0223577 0.00727362
 0.920427 0.0591256 0.0133459 0.00500191 0.00209989
 0.417673 0.542269 0.0297645 0.00671846 0.00357512
 0.886112 0.0517434 0.0578695 0.00317638 0.0010985
 0.612477 0.34892 0.0175385 0.0196149 0.00144898
 0.608359 0.254168 0.123779 0.00622175 0.00747239
 0.738846 0.16828 0.0602737 0.0293531 0.00324745
 0.743715 0.196468 0.0385446 0.0138057 0.00746717
 0.335621 0.512779 0.116216 0.0228002 0.0125835
 0.74492 0.0940754 0.124266 0.0281638 0.00857487
 0.629624 0.28567 0.0312402 0.0412659 0.0122
 0.449104 0.365011 0.143372 0.0156789 0.0268335
 0.733091 0.129326 0.0911594 0.0358064 0.0106172
 0.689633 0.235969 0.0360481 0.0254095 0.01294
 0.365146 0.456641 0.135494 0.0206989 0.0220204
 0.452534 0.218329 0.236743 0.0702464 0.0221476
 0.861976 0.0674682 0.0281375 0.0305106 0.0119074
pobs_RECLAS
 0 0 0 0 0
 0 0 0 0 0
 0 0 0 0 0
 0 0 0 0 0
 0 0 0 0 0
 0 0 0 0 0
 0 0 0 0 0
 0 0 0 0 0
 0 0 0 0 0
 0 0 0 0 0
 0.991045 0.00858322 0.000360255 1.14367e-05 0
 0.934742 0.0480273 0.0164251 0.00080598 0
 0.827803 0.169806 0.00239088 0 0
 0.941827 0.0461693 0.0120037 0 0
 0.791401 0.0380133 0.147996 0.0225897 0
 0.846168 0.0940531 0.0597789 0 0
 0.134021 0.677848 0.182769 0.00536245 0
 0.80878 0.0450904 0.141981 0.00414843 0
 0.846168 0.0940531 0.0597789 0 0
 0.905697 0.0802665 0.012482 0.00150086 5.37128e-05
 0.989698 0.0102097 9.19794e-05 0 0
 0.975433 0.0193895 0.00387452 0.00125025 5.28907e-05
 0.303575 0.632131 0.0575291 0.00676475 0
 0.966965 0.00978017 0.0227588 0.000495775 0
 0.843318 0.132988 0.00938335 0.0141283 0.000182051
 0.564624 0.303363 0.111486 0.0197234 0.00080311
 0.826376 0.0876187 0.0782897 0.00655872 0.00115652
 0.89761 0.0855135 0.0140674 0.00269457 0.000114338
 0.34875 0.467042 0.161289 0.0227151 0.000203297
 0.318654 0.224769 0.449479 0.00709798 0
 0.937255 0.0296025 0.0250945 0.00804832 0
ppred_RECLAS
 0.463209 0.102657 0.412162 0.0219721 7.01269e-07
 0.445788 0.257525 0.0567389 0.227804 0.0121445
 0.583623 0.186702 0.106723 0.0235136 0.0994386
 0.78824 0.124112 0.0393008 0.0224653 0.0258815
 0.678413 0.254259 0.0394609 0.0124955 0.0153717
 0.759143 0.163647 0.0610453 0.00947422 0.00669067
 0.50487 0.376725 0.0804484 0.0300098 0.00794664
 0.468138 0.271168 0.198352 0.0423576 0.0199848
 0.541944 0.214783 0.124032 0.0907264 0.0285154
 0.692558 0.167538 0.0656009 0.037883 0.0364199
 0.808171 0.133499 0.0317864 0.0124463 0.0140973
 0.750743 0.201607 0.0331613 0.00789582 0.00659347
 0.700353 0.226092 0.0594932 0.00978574 0.00427572
 0.645789 0.249476 0.0790254 0.0207945 0.00491486
 0.739177 0.170235 0.0638026 0.0202104 0.00657506
 0.930016 0.0520004 0.0117376 0.00439914 0.00184684
 0.451381 0.51088 0.0280416 0.00632957 0.00336818
 0.899257 0.045771 0.0511901 0.00280976 0.000971713
 0.644838 0.319783 0.0160739 0.0179769 0.00132798
 0.640733 0.233157 0.113547 0.00570744 0.0068547
 0.764449 0.151782 0.0543646 0.0264754 0.00292908
 0.769121 0.176991 0.0347235 0.0124371 0.00672693
 0.36673 0.488768 0.110775 0.0217326 0.0119943
 0.76995 0.0848438 0.112072 0.0254001 0.00773342
 0.660827 0.261603 0.0286083 0.0377894 0.0111722
 0.482954 0.342583 0.134563 0.0147155 0.0251848
 0.758906 0.116818 0.0823426 0.0323433 0.00959035
 0.717988 0.214412 0.0327548 0.0230881 0.0117578
 0.397239 0.433556 0.128645 0.0196525 0.0209072
 0.486551 0.204764 0.222033 0.0658816 0.0207715
 0.877348 0.0599541 0.0250038 0.0271126 0.0105813
pobs_PELACES
 0 0 0 0 0
 0 0 0 0 0
 0 0 0 0 0
 0 0 0 0 0
 0 0 0 0 0
 0 0 0 0 0
 0 0 0 0 0
 0 0 0 0 0
 0 0 0 0 0
 0 0 0 0 0
 0 0 0 0 0
 0 0 0 0 0
 0 0 0 0 0
 0 0 0 0 0
 0 0 0 0 0
 0 0 0 0 0
 0.505614 0.472636 0.0217494 0 0
 0 0 0 0 0
 0.443492 0.261883 0.143347 0.151278 0
 0.227955 0.32914 0.350689 0.0885471 0.00366901
 0.970185 0.0296113 0.000203453 0 0
 0.997202 0.00247181 0.000326279 0 0
 0.445219 0.490057 0.0546422 0.010081 0
 0.90214 0.0892962 0.00764917 0.000914606 0
 0 0 0 0 0
 0.581667 0.319106 0.0959925 0.00289975 0.000334073
 0.762889 0.0836404 0.116647 0.0363945 0.000428098
 0.88444 0.0763242 0.0277011 0.0115352 0
 0.521256 0.241999 0.230069 0.00667565 0
 0.616807 0.101726 0.260614 0.0208532 0
 0 0 0 0 0
ppred_PELACES
 0.40976 0.109077 0.456613 0.0245498 7.84871e-07
 0.395498 0.273583 0.0628468 0.254483 0.0135899
 0.532707 0.204108 0.121647 0.0270308 0.114507
 0.753435 0.141692 0.0467806 0.0269693 0.0311234
 0.634761 0.285974 0.0462754 0.0147786 0.0182111
 0.721686 0.186427 0.0725085 0.0113495 0.00802859
 0.458749 0.407373 0.0907024 0.034124 0.00905144
 0.417141 0.290768 0.221758 0.0477605 0.0225722
 0.491059 0.232805 0.140172 0.103408 0.0325566
 0.648829 0.187291 0.0764622 0.0445325 0.0428854
 0.775495 0.154032 0.0382393 0.0151009 0.0171331
 0.715077 0.228462 0.039181 0.00940883 0.00787029
 0.660044 0.253738 0.0696147 0.0115484 0.00505448
 0.603537 0.275576 0.0910147 0.0241539 0.0057186
 0.701021 0.192109 0.0750707 0.023983 0.00781565
 0.916848 0.0610646 0.0143713 0.00543223 0.00228443
 0.406738 0.550743 0.0315185 0.00717519 0.00382466
 0.879402 0.0535279 0.0624178 0.00345531 0.001197
 0.602651 0.356081 0.0186615 0.0210493 0.00155758
 0.595477 0.258569 0.131291 0.00665574 0.00800722
 0.727468 0.172795 0.0645299 0.0316944 0.00351243
 0.734111 0.201663 0.0412508 0.0149013 0.00807344
 0.323505 0.516839 0.122131 0.0241653 0.0133596
 0.730674 0.0965996 0.133041 0.0304101 0.00927457
 0.61632 0.292683 0.0333719 0.0444584 0.0131662
 0.433832 0.369528 0.151335 0.0166911 0.0286145
 0.719347 0.13285 0.0976362 0.0386781 0.0114883
 0.677051 0.242769 0.0386681 0.0274892 0.0140229
 0.351516 0.460626 0.142505 0.0219559 0.0233973
 0.434916 0.219386 0.248032 0.0742248 0.0234418
 0.853092 0.070081 0.0304734 0.0333258 0.0130282
pobs_pel_tallas
 0 0 0 0 0 0 0 0 0 0 0 0 0 0 0 0 0 0 0 0 0 0 0 0 0 0
 0 0 0 0 0 0 0 0 0 0 0 0 0 0 0 0 0 0 0 0 0 0 0 0 0 0
 0 0 0 0 0 0 0 0 0 0 0 0 0 0 0 0 0 0 0 0 0 0 0 0 0 0
 0 0 0 0 0 0 0 0 0 0 0 0 0 0 0 0 0 0 0 0 0 0 0 0 0 0
 0 0 0 0 0 0 0 0 0 0 0 0 0 0 0 0 0 0 0 0 0 0 0 0 0 0
 0 0 0 0 0 0 0 0 0 0 0 0 0 0 0 0 0 0 0 0 0 0 0 0 0 0
 0 0 0 0 0 0 0 0 0 0 0 0 0 0 0 0 0 0 0 0 0 0 0 0 0 0
 0 0 0 0 0 0 0 0 0 0 0 0 0 0 0 0 0 0 0 0 0 0 0 0 0 0
 0 0 0 0 0 0 0 0 0 0 0 0 0 0 0 0 0 0 0 0 0 0 0 0 0 0
 0 0 0 0 0 0 0 0 0 0 0 0 0 0 0 0 0 0 0 0 0 0 0 0 0 0
 0 0 0 0 0 0 0 0 0 0 0 0 0 0 0 0 0 0 0 0 0 0 0 0 0 0
 0 0 0 0 0 0 0 0 0 0 0 0 0 0 0 0 0 0 0 0 0 0 0 0 0 0
 0.00862536 0 0 0.000197151 0.00414017 0.0128641 0.00837892 0.0270097 0.101434 0.158115 0.152841 0.127902 0.109271 0.109419 0.0830992 0.0579132 0.0238553 0.00714673 0.00463305 0.00128148 0.00103504 0.000492878 0.000147863 0.000147863 4.92878e-05 0
 0 0 0 0 0 0 0 0 0 0 0 0 0 0 0 0 0 0 0 0 0 0 0 0 0 0
 0 0 0 0 0 0 0 0.0054083 0.00873648 0.0413646 0.0450493 0.0745869 0.0622846 0.0627006 0.0613931 0.0827291 0.12552 0.122667 0.0946155 0.0697135 0.0546179 0.0294188 0.0215738 0.0213955 0.0102223 0.00600262
 0 0 0 0 0.00359764 0.0251062 0.0480494 0.140153 0.205849 0.193036 0.1447 0.116669 0.0760912 0.0342217 0.00950174 0.001854 0.000860785 0 0 0 0.000165536 0 0.000143464 0 0 0
 0 0 0 0 0 0 0 0.000145254 0.000435761 0.0275982 0.070085 0.0708112 0.156366 0.174668 0.174014 0.160142 0.0824315 0.0480064 0.0283245 0.00493863 0.00203355 0 0 0 0 0
 0 0 0 0 0 0 0 0 0 0 0 0 0 0 0 0 0 0 0 0 0 0 0 0 0 0
 0 0 1.00437e-05 0.000401748 0.00122533 0.00171747 0.00176769 0.0269171 0.070346 0.194647 0.189555 0.159765 0.064822 0.0314167 0.0384472 0.0292271 0.0345202 0.0313363 0.0194345 0.0106764 0.0143323 0.0359363 0.0279516 0.0138201 0.00172751 0
 0 0.0021121 0.0136068 0.0755702 0.200478 0.177729 0.0527432 0.0373336 0.0318909 0.0142505 0.0149659 0.0166563 0.0217959 0.0798694 0.0677717 0.0528807 0.04013 0.0224614 0.0357745 0.0225083 0.00881397 0.00855152 0.00135912 0.000746735 0 0
 0 0 0 0 5.4009e-05 0.00500934 0.000945158 0.0243581 0.138947 0.33067 0.221406 0.137944 0.0707744 0.0437923 0.0131692 0.00525238 0.0047753 0.00276346 9.45158e-05 9.00151e-06 2.25038e-05 9.00151e-06 4.50075e-06 0 0 0
 0.000866109 0.00284123 0.00948549 0.0512746 0.133035 0.25785 0.225252 0.132002 0.0553304 0.0519788 0.0540692 0.017754 0.00435017 0.00159236 0.00146478 0.000404838 0.000125132 0.000115318 0.000107957 0.000100596 0 0 0 0 0 0
 0 0 0 0 0.00144013 0.00171154 0.00461396 0.0210425 0.0478622 0.0707936 0.0888783 0.103762 0.0637923 0.0337046 0.0602308 0.124433 0.169614 0.0934646 0.0462172 0.0250306 0.0313229 0.00938855 0.002487 0.000210481 0 0
 0 0.00764035 0.051015 0.0998891 0.058973 0.0496711 0.0374665 0.0718981 0.12319 0.153886 0.159021 0.0857701 0.0377988 0.023471 0.0147837 0.00900784 0.00315554 0.000888139 0.00291439 0.00214683 0.00393193 0.00274676 0.000635225 9.99891e-05 0 0
 0 0 0 0 0 0 0 0 0 0 0 0 0 0 0 0 0 0 0 0 0 0 0 0 0 0
 0 0 0 0 0 0 0 0 0 0 0 0 0 0 0 0 0 0 0 0 0 0 0 0 0 0
 0 0 0 0 0 0 0 0 0 0 0 0 0 0 0 0 0 0 0 0 0 0 0 0 0 0
 0 0 0 0 0 0 0 0 0 0 0 0 0 0 0 0 0 0 0 0 0 0 0 0 0 0
 0 0 0 0 0 0 0 0 0 0 0 0 0 0 0 0 0 0 0 0 0 0 0 0 0 0
 0 0 0 0 0 0 0 0 0 0 0 0 0 0 0 0 0 0 0 0 0 0 0 0 0 0
 0 0 0 0 0 0 0 0 0 0 0 0 0 0 0 0 0 0 0 0 0 0 0 0 0 0
ppred_pel_tallas
 1.15667e-16 3.37514e-05 0.000328075 0.00218018 0.00991078 0.0308362 0.0657001 0.0958936 0.0959048 0.0657552 0.031023 0.0104592 0.00358979 0.00351422 0.00640336 0.0113613 0.0182873 0.0269919 0.0371502 0.0483695 0.0599943 0.0707279 0.0785462 0.0812811 0.0776609 0.0680973
 1.29705e-16 3.25767e-05 0.000316657 0.0021043 0.00956585 0.029763 0.0634143 0.0925605 0.092587 0.0635438 0.0301984 0.0108252 0.00527291 0.00726009 0.0133014 0.0221679 0.0325106 0.0422099 0.0492474 0.0529978 0.0547111 0.0566188 0.0602944 0.0655215 0.0704183 0.0725561
 1.25652e-16 4.38784e-05 0.000426514 0.00283434 0.0128845 0.0400885 0.0854136 0.124668 0.124688 0.0855107 0.0404149 0.0138296 0.00521546 0.00565446 0.0100625 0.016807 0.0247889 0.0324418 0.0382402 0.0416161 0.0433191 0.0448188 0.047207 0.0504622 0.0535363 0.0550283
 1.09358e-16 6.20595e-05 0.00060324 0.00400874 0.0182232 0.0566991 0.120804 0.17632 0.176334 0.120871 0.0569244 0.0188745 0.00564643 0.00418815 0.0069001 0.0113892 0.0165956 0.0212983 0.0243152 0.0251565 0.0243241 0.0229394 0.0219901 0.0217849 0.0219462 0.0218019
 1.05973e-16 5.22845e-05 0.000508224 0.00337733 0.0153529 0.0477686 0.101777 0.148552 0.14858 0.101912 0.0482211 0.0166601 0.00665938 0.0076756 0.0136725 0.0225427 0.0325231 0.0410212 0.0454365 0.0445916 0.0394368 0.0323926 0.0258735 0.0211397 0.0181434 0.0161296
 1.04638e-16 5.94444e-05 0.00057782 0.00383982 0.0174553 0.0543099 0.115714 0.168891 0.168909 0.115802 0.0546063 0.0183122 0.00599444 0.00529332 0.00905016 0.0149595 0.0217588 0.0278123 0.0314821 0.0319986 0.0298749 0.0264692 0.0230717 0.0202588 0.0178999 0.015599
 1.07676e-16 3.77867e-05 0.0003673 0.00244084 0.0110957 0.0345231 0.0735566 0.107366 0.107406 0.0737488 0.0351686 0.0129607 0.00712528 0.0106035 0.0195077 0.0322688 0.0466671 0.0590829 0.0658463 0.0652714 0.0586328 0.049224 0.0402881 0.0334554 0.028603 0.0247523
 1.15084e-16 3.43594e-05 0.000333986 0.00221945 0.0100893 0.0313918 0.0668846 0.097626 0.0976543 0.0670231 0.0318578 0.0114391 0.00562203 0.00780987 0.0143738 0.0240791 0.0355531 0.0465378 0.0547144 0.0589773 0.0599456 0.0592113 0.0579925 0.0563564 0.0535213 0.0487518
 1.19985e-16 4.04479e-05 0.000393168 0.00261274 0.0118772 0.0369543 0.078736 0.114922 0.114945 0.0788467 0.0373268 0.0129557 0.00533057 0.00636159 0.0114813 0.0191996 0.0283322 0.0370947 0.0437205 0.0474923 0.0491367 0.0501475 0.0515795 0.0533011 0.0542 0.0530123
 1.13978e-16 5.34432e-05 0.000519487 0.00345218 0.0156931 0.0488272 0.104032 0.151842 0.15186 0.104121 0.0491254 0.0165559 0.00562304 0.00527585 0.00913878 0.015164 0.0221785 0.0286313 0.0330025 0.0346685 0.0342775 0.0332418 0.0327477 0.0330633 0.0335729 0.033333
 1.05557e-16 6.38765e-05 0.000620902 0.00412612 0.0187567 0.0583592 0.124341 0.181483 0.181497 0.124414 0.0586035 0.0194626 0.00589971 0.00449828 0.00744456 0.0122515 0.017752 0.0225622 0.0253244 0.0254371 0.0234107 0.0204961 0.0178873 0.0161232 0.015042 0.0141431
 1.03465e-16 5.89e-05 0.000572529 0.00380466 0.0172954 0.0538127 0.114654 0.167346 0.167368 0.114762 0.0541742 0.0183398 0.00642687 0.00629894 0.0109407 0.0180106 0.025979 0.0327548 0.0362471 0.035495 0.031232 0.0253682 0.0198245 0.0156284 0.0127971 0.0108081
 1.04088e-16 5.4367e-05 0.000528467 0.00351185 0.0159644 0.0496712 0.105831 0.154468 0.154493 0.10595 0.0500736 0.0171272 0.00643337 0.00691475 0.0122082 0.0201623 0.0291924 0.0370294 0.041386 0.0411909 0.0371901 0.031367 0.02568 0.0211231 0.0176622 0.0147877
 1.06088e-16 4.97126e-05 0.000483224 0.0032112 0.0145976 0.0454188 0.0967706 0.141245 0.141272 0.0969009 0.0458564 0.0158626 0.00639073 0.0074382 0.0132998 0.0220169 0.0319657 0.0407327 0.0458788 0.046267 0.0426905 0.0372275 0.0318733 0.0275527 0.0240993 0.020899
 1.05944e-16 5.77422e-05 0.000561275 0.00372987 0.0169555 0.0527548 0.1124 0.164056 0.164074 0.112491 0.0530603 0.0178389 0.0059514 0.00542427 0.00933297 0.015442 0.0224846 0.0287945 0.0327066 0.0334528 0.0315802 0.0284865 0.0254674 0.0230488 0.0210052 0.0188426
 1.01362e-16 7.55195e-05 0.000734077 0.0048782 0.0221756 0.0689965 0.147005 0.214559 0.214565 0.147033 0.0690933 0.0224553 0.00558075 0.0022695 0.00299679 0.00484864 0.00701032 0.00888622 0.00992529 0.00987744 0.00893474 0.00758868 0.00631946 0.00536231 0.0046884 0.00414185
 1.02418e-16 3.35026e-05 0.000325657 0.00216411 0.00983777 0.0306092 0.0652181 0.0951989 0.0952519 0.0654771 0.0314785 0.0123477 0.00846066 0.0140588 0.0260792 0.0429664 0.0616694 0.0770836 0.0840283 0.0801161 0.0671997 0.0501714 0.0341174 0.0220147 0.0142853 0.00980631
 1.02365e-16 7.24352e-05 0.000704096 0.00467896 0.0212699 0.0661786 0.141001 0.205796 0.205801 0.141026 0.066265 0.0215206 0.00531238 0.00210037 0.00276371 0.00455703 0.00679596 0.0090408 0.0108775 0.0120858 0.012713 0.0129375 0.012855 0.01239 0.0114011 0.00985688
 1.03005e-16 4.96396e-05 0.000482515 0.00320648 0.0145762 0.0453522 0.096629 0.14104 0.141074 0.0967965 0.0459144 0.0161993 0.00727836 0.00936438 0.0168974 0.0278035 0.0399259 0.0499597 0.0545802 0.052276 0.0442737 0.0337447 0.0239466 0.0167266 0.0122445 0.00965797
 1.05878e-16 4.90487e-05 0.000476771 0.00316831 0.0144027 0.0448123 0.0954782 0.139359 0.139384 0.0956008 0.0452242 0.0155944 0.00616662 0.00704527 0.0125915 0.0209146 0.0305316 0.0392407 0.0447952 0.0461036 0.0437829 0.0395555 0.0350319 0.0308914 0.0269607 0.0228398
 1.0568e-16 5.99206e-05 0.00058245 0.00387058 0.0175951 0.054745 0.116641 0.170244 0.170261 0.116722 0.0550198 0.0183896 0.00586845 0.00495576 0.00840106 0.0138876 0.0202223 0.025904 0.0294434 0.0301626 0.0285687 0.0259279 0.0234 0.0214303 0.0197704 0.0179271
 1.04103e-16 6.04678e-05 0.000587769 0.00390593 0.0177558 0.055245 0.117706 0.171799 0.171819 0.117801 0.0555644 0.0186786 0.0062236 0.00565133 0.00968924 0.015955 0.0230554 0.0291599 0.0324462 0.0320832 0.0287163 0.0240005 0.0195705 0.0162544 0.0139929 0.0122779
 1.08341e-16 2.66468e-05 0.000259016 0.00172126 0.00782462 0.0243456 0.0518726 0.0757201 0.07577 0.0521165 0.0251645 0.0101911 0.00766531 0.0132478 0.0247328 0.0409455 0.059214 0.0749522 0.0834833 0.0826329 0.0739748 0.0616539 0.0497873 0.0405017 0.0337548 0.0284418
 1.08484e-16 6.01847e-05 0.000585017 0.00388764 0.0176727 0.0549863 0.117154 0.170992 0.171002 0.117201 0.0551431 0.0181282 0.00504065 0.00313372 0.00499378 0.00840467 0.0126739 0.0171405 0.0211485 0.0243696 0.0268981 0.0289685 0.0305565 0.0312518 0.0305171 0.0280904
 1.07725e-16 5.07655e-05 0.000493459 0.00327921 0.0149068 0.0463808 0.0988203 0.144237 0.144265 0.0989582 0.0468437 0.0162439 0.00663572 0.00782212 0.0139742 0.0230373 0.0332255 0.041895 0.0464095 0.0456127 0.0405442 0.0337439 0.0277005 0.0236407 0.0213666 0.0199125
 1.10978e-16 3.57342e-05 0.000347349 0.00230826 0.010493 0.0326479 0.0695612 0.101534 0.10157 0.0697361 0.0332356 0.0121925 0.0065819 0.00970248 0.0178784 0.0296983 0.0432421 0.0553529 0.0628107 0.0641074 0.0602645 0.0539583 0.0477107 0.0426126 0.0383464 0.0340715
 1.08675e-16 5.92517e-05 0.000575947 0.00382737 0.0173987 0.0541339 0.115338 0.168342 0.168355 0.115402 0.0543468 0.0180155 0.00538231 0.00399287 0.0066151 0.0110178 0.0162807 0.0213541 0.0252039 0.0273629 0.0281531 0.0283238 0.0284128 0.0283756 0.0277303 0.0259994
 1.06308e-16 5.57679e-05 0.000542084 0.00360234 0.0163757 0.0509511 0.108557 0.158448 0.158471 0.108672 0.0513353 0.0174858 0.00638963 0.00662998 0.0116278 0.0191626 0.0276691 0.0349544 0.0388345 0.0383384 0.034295 0.0287608 0.0237513 0.0202621 0.0181507 0.0166775
 1.10392e-16 2.8954e-05 0.000281443 0.00187029 0.0085021 0.0264534 0.0563634 0.0822734 0.0823179 0.056581 0.0271844 0.0106152 0.00718051 0.011894 0.0221431 0.0367178 0.053258 0.0677458 0.0760822 0.0763587 0.0699281 0.0603364 0.0510292 0.0436675 0.0380475 0.0331395
 1.18625e-16 3.58235e-05 0.000348217 0.00231403 0.0105192 0.0327294 0.0697342 0.101784 0.101805 0.0698395 0.0330839 0.0115479 0.00491394 0.00608315 0.0111024 0.0187574 0.028099 0.0376183 0.0457657 0.0518081 0.0561016 0.0594556 0.0621587 0.0635595 0.0625264 0.058309
 1.06445e-16 7.0268e-05 0.00068303 0.00453898 0.0206335 0.0641986 0.136782 0.199639 0.199646 0.136815 0.0643104 0.020957 0.00535333 0.0024689 0.00348658 0.00571945 0.00839468 0.0109138 0.0127339 0.0136498 0.0139197 0.0140581 0.0144541 0.0151148 0.0156987 0.0157597
pSPR Fmed_Fpbrs
0.723311   0.196397 0.196397
Fs Fmed_Fpbrs
0.164186   1.005 1.005
SSBpbr Bo_Bmed_Bpbrs
2.29108e+06  1.54261e+06  335407 335407
Ro
224655
SPR SPRFo_SPRFmed_SPRFpbrs
1.59969e+06 1.15707e+06 314174
Fref
1.005
log_Ro
12.1423
likeval ReclasPelacesDesembMPH_pf_preclas_ppelaces_ptallas_desvR_qrecl_qpela
 17.1075 17.2659 0.116088 0.000802879 229.567 122.863 82.8578 0 21.7811 7.85277e-06 0 0.589795 0 0 0
q_reclas_q_pelaces
0.67227 1
M
1
N
 239381 53364.4 214255 11421.9 0.364543
 139064 81187.4 17887.5 71817.3 3828.67
 136788 44206.9 25269.7 5567.5 23544.9
 273554 43698 13837.2 7909.69 9112.5
 218885 82420.5 12791.6 4050.55 4982.87
 346785 75462.9 28150 4368.88 3085.29
 147118 111984 23913.7 8920.58 2362.18
 70715 41087.1 30054.2 6417.98 3028.07
 62160.9 24935.1 14399.4 10532.8 3310.48
 78709.7 19345.3 7574.83 4374.29 4205.35
 140128 23245.7 5534.88 2167.23 2454.72
 177347 48603.9 7994.62 1903.55 1589.57
 149645 49233.6 12955.2 2130.93 931.076
 106347 42346.4 13413.8 3529.67 834.253
 109487 25727.3 9642.34 3054.35 993.673
 535398 30494.8 6883.32 2579.8 1083.05
 133114 152469 8368.83 1889.02 1005.21
 805491 41515.4 46430.6 2548.52 881.366
 493353 249139 12522.9 14005.6 1034.61
 381909 141191 68759.8 3456.21 4150.95
 561572 112844 40417.9 19683.4 2177.65
 749118 175036 34339.9 12299.7 6652.61
 165953 223162 50577.3 9922.67 5476.35
 485885 53950.9 71265.1 16151.5 4917.57
 403175 160859 17591.2 23236.6 6869.77
 186456 133101 52280.6 5717.28 9784.82
 405188 62845.7 44298.6 17400 5159.4
 446497 134194 20500.3 14450.2 7358.9
 136823 150308 44599.4 6813.26 7248.25
 108303 45994.1 49873.2 14798.4 4665.7
 511910 35143.1 14656.4 15892.5 6202.37
pred_Ctot
 11893.8 3019.9 12124.8 646.365 0.0206296
 12088.6 8008.31 1764.42 7084.05 377.659
 11512.7 4223.11 2414.03 531.867 2249.26
 31810.9 5748.78 1820.39 1040.57 1198.81
 8741.79 3752.72 582.421 184.427 226.877
 27077.7 6692.1 2496.37 387.435 273.606
 22904.6 19642.3 4194.55 1564.7 414.335
 1861.33 1234.59 903.074 192.849 90.9881
 6135.7 2789.5 1610.87 1178.31 370.344
 9988.5 2774.27 1086.29 627.308 603.08
 5086.74 962.368 229.143 89.723 101.625
 28144.6 8687.23 1428.92 340.231 284.113
 22301.5 8272.24 2176.73 358.04 156.44
 23811.7 10602.5 3358.5 883.745 208.877
 17195.1 4551.46 1705.84 540.351 175.793
 78061 5014.42 1131.86 424.21 178.091
 12982.9 16855.7 925.191 208.835 111.128
 82232.7 4801.87 5370.38 294.774 101.943
 70682.2 40266.7 2024 2263.64 167.217
 48371.2 20209.1 9841.78 494.697 594.136
 54959.1 12517.5 4483.46 2183.43 241.561
 91641 24208.9 4749.49 1701.15 920.11
 12323.1 18827.9 4267.15 837.163 462.033
 31002.5 3915.28 5171.79 1172.13 356.874
 26382.8 11970.2 1309.04 1729.14 511.21
 9946.79 8084.29 3175.42 347.257 594.311
 25764.3 4545.15 3203.78 1258.41 373.141
 24143.4 8261.06 1262.01 889.563 453.017
 7512.93 9395.45 2787.82 425.884 453.074
 8158.09 3935.95 4267.9 1266.37 399.268
 20085.8 1572.15 655.663 710.96 277.467
F
 0.0812973 0.093043 0.093043 0.093043 0.093043
 0.146053 0.167155 0.167155 0.167155 0.167155
 0.141127 0.161517 0.161517 0.161517 0.161517
 0.199664 0.228511 0.228511 0.228511 0.228511
 0.0649075 0.0742852 0.0742852 0.0742852 0.0742852
 0.130354 0.149187 0.149187 0.149187 0.149187
 0.275541 0.315351 0.315351 0.315351 0.315351
 0.0423815 0.0485047 0.0485047 0.0485047 0.0485047
 0.167277 0.191445 0.191445 0.191445 0.191445
 0.219646 0.25138 0.25138 0.25138 0.25138
 0.0588492 0.0673516 0.0673516 0.0673516 0.0673516
 0.281533 0.322209 0.322209 0.322209 0.322209
 0.262381 0.30029 0.30029 0.30029 0.30029
 0.419159 0.479719 0.479719 0.479719 0.479719
 0.27825 0.318451 0.318451 0.318451 0.318451
 0.256049 0.293043 0.293043 0.293043 0.293043
 0.165143 0.189003 0.189003 0.189003 0.189003
 0.173443 0.198502 0.198502 0.198502 0.198502
 0.251109 0.287389 0.287389 0.287389 0.287389
 0.219177 0.250844 0.250844 0.250844 0.250844
 0.16575 0.189698 0.189698 0.189698 0.189698
 0.211001 0.241486 0.241486 0.241486 0.241486
 0.123628 0.14149 0.14149 0.14149 0.14149
 0.105442 0.120676 0.120676 0.120676 0.120676
 0.108263 0.123905 0.123905 0.123905 0.123905
 0.0875112 0.100155 0.100155 0.100155 0.100155
 0.105062 0.120242 0.120242 0.120242 0.120242
 0.0887475 0.10157 0.10157 0.10157 0.10157
 0.090174 0.103202 0.103202 0.103202 0.103202
 0.125506 0.143638 0.143638 0.143638 0.143638
 0.0637379 0.0729467 0.0729467 0.0729467 0.0729467
nmprior
 8 9 7.5 0
nm_flota  nm_reclas  nm_pelaces    nm_pelaL
inf 12.0517 11.6239 18.9856
cv_recla  cv_pelaces  cv_mph
0.374126 0.488943 0.874441
 ------------------------------------------------
Talla a la edad & desviación 
 8 13.2811 15.8009 17.003 17.5766
 0.8 1.32811 1.58009 1.7003 1.75766
