years
 1991 1992 1993 1994 1995 1996 1997 1998 1999 2000 2001 2002 2003 2004 2005 2006 2007 2008 2009 2010 2011 2012 2013 2014 2015 2016 2017 2018 2019 2020 2021
reclasobs
 0 0 0 0 0 0 0 0 0 252601 567819 844713 477998 351125 339783 2.1784e+06 2.13404e+06 4.81314e+06 1.55562e+06 2.62356e+06 3.21686e+06 3.843e+06 1.13348e+06 3.07943e+06 1.97215e+06 2.03268e+06 2.025e+06 2.42433e+06 2.27542e+06 1.05018e+06 2.36338e+06
reclaspred
 1.16878e+06 866874 432293 137518 119147 467458 214661 50802.1 29179.6 121478 249357 409752 412695 176473 292039 648492 912139 1.68556e+06 1.93745e+06 1.3048e+06 1.91201e+06 1.91358e+06 1.82102e+06 1.80216e+06 1.58697e+06 1.40784e+06 1.40658e+06 1.85002e+06 2.10361e+06 1.0164e+06 388626
pelacesobs
 0 0 0 0 0 0 0 0 0 0 0 0 0 0 0 552880 188675 0 991730 2.46772e+06 1.41603e+06 1.21717e+06 2.29649e+06 1.80582e+06 0 1.4828e+06 1.56532e+06 1.57751e+06 1.42118e+06 867257 0
pelacespred
 460165 369061 187407 38944.1 41269.1 193581 58018.3 18407 6527.17 49640.4 115000 156026 172431 63004.5 137474 256107 358438 746951 915822 605760 778960 879158 806875 877430 785503 643051 775824 1.02101e+06 952697 548395 188048
mphobs
 0 0 0 0 0 0 0 0 0 0 0 498337 0 5186 125008 0 168611 109162 213762 579715 649985 157893 87575 83554 0 0 0 0 0 0 0
mphpred
 865939 898371 497332 178962 59533.8 112174 371354 59164.9 11207 10545.3 108231 273374 312870 225372 70351.9 265536 684499 730888 1.48181e+06 1.4089e+06 1.05233e+06 1.36405e+06 1.76883e+06 1.16952e+06 1.3842e+06 1.32413e+06 830318 1.13202e+06 1.99777e+06 1.17778e+06 488448
desembarqueobs
 494567 514787 250237 358949 120608 361735 552515 73892 212993 205616 52469 317467 293654 387597 252695 516296 358380 742168 942051 627588 828172 859565 418607 520667 417249 300574 407403 355545 319650 289779 219260
desembarquepred
 492989 511276 250603 360479 120768 361834 552161 74016.5 213002 205566 52710.6 317036 295018 387978 252347 516127 359136 741728 942390 628988 829715 859047 419280 520168 416687 299727 409917 355917 319517 289824 218842
Reclutas
 268754 95693.6 31146.6 48487 65970.6 221074 15744.8 4098.14 26255.3 89941.1 94808.8 135524 105857 39688.6 110544 356920 109944 614089 530607 143752 407368 766882 23680.8 269884 336314 42174.2 314611 405677 39609.6 46560.5 12611.8
log_desv_Rt
 0.995991 -0.0366531 -1.1591 -0.71651 -0.408596 0.800693 -1.84129 -3.18727 -1.32994 -0.0986495 -0.045942 0.311345 0.0642834 -0.91674 0.107613 1.27971 0.102163 1.82234 1.67622 0.370284 1.41191 2.04453 -1.43314 1.00019 1.22024 -0.855996 1.15353 1.40775 -0.918732 -0.757052 -2.06317
SSB
 865939 898371 497332 178962 59533.8 112174 371354 59164.9 11207 10545.3 108231 273374 312870 225372 70351.9 265536 684499 730888 1.48181e+06 1.4089e+06 1.05233e+06 1.36405e+06 1.76883e+06 1.16952e+06 1.3842e+06 1.32413e+06 830318 1.13202e+06 1.99777e+06 1.17778e+06 488448
BT
 1.72704e+06 1.42646e+06 684892 438122 245702 1.12021e+06 629648 122473 216246 420429 462978 778950 820153 598495 834347 1.42082e+06 1.30253e+06 3.43372e+06 3.8321e+06 2.16326e+06 3.31341e+06 3.62852e+06 2.26974e+06 3.37654e+06 2.63157e+06 1.85765e+06 3.18895e+06 3.88298e+06 2.51785e+06 1.67067e+06 684098
Ftot
 0.392387 0.537632 0.527856 1.96958 0.907029 0.710494 1.87987 1.2173 4.54357 1.48506 0.20036 0.699964 0.64869 1.7235 0.791143 0.727221 0.366387 0.410686 0.450357 0.444154 0.403652 0.417544 0.216694 0.271502 0.24716 0.200761 0.27453 0.18243 0.143941 0.267253 0.51369
BD_Bspro_t
 0.939148 0.695081 0.476323 0.267064 0.120229 0.255716 0.405719 0.0916557 0.0279515 0.033087 0.285537 0.555266 0.46938 0.344244 0.153011 0.394093 0.519028 0.51873 0.626222 0.575351 0.460951 0.528574 0.617686 0.552576 0.627793 0.671713 0.621841 0.713177 0.801227 0.707617 0.578711
BD_Bspro
 1.22508 1.27097 0.703599 0.253186 0.0842253 0.158698 0.525372 0.0837033 0.0158551 0.014919 0.153119 0.386755 0.442632 0.318845 0.0995301 0.375667 0.968393 1.03402 2.09639 1.99324 1.48877 1.92978 2.50244 1.65457 1.95829 1.8733 1.17469 1.60153 2.82634 1.66626 0.69103
BD_Bo
 0.508926 0.527987 0.29229 0.105179 0.034989 0.0659265 0.218251 0.0347721 0.00658656 0.00619765 0.0636088 0.160666 0.183879 0.132455 0.0413469 0.15606 0.402291 0.429554 0.870884 0.828033 0.618468 0.801672 1.03957 0.687343 0.813514 0.77821 0.487991 0.665308 1.17412 0.692201 0.287069
BD_Brms
 2.15705 2.23784 1.23886 0.445796 0.148299 0.279426 0.925044 0.14738 0.0279168 0.0262684 0.269602 0.680975 0.77936 0.561403 0.175247 0.661451 1.70509 1.82064 3.6912 3.50957 2.62135 3.39785 4.40615 2.91327 3.44804 3.2984 2.06832 2.81987 4.97645 2.93386 1.21672
Sel_flota
 0.5 1 1 1 1
 0.5 1 1 1 1
 0.5 1 1 1 1
 0.5 1 1 1 1
 0.5 1 1 1 1
 0.5 1 1 1 1
 0.5 1 1 1 1
 0.5 1 1 1 1
 0.5 1 1 1 1
 0.5 1 1 1 1
 0.5 1 1 1 1
 0.5 1 1 1 1
 0.5 1 1 1 1
 0.5 1 1 1 1
 0.5 1 1 1 1
 0.5 1 1 1 1
 0.5 1 1 1 1
 0.5 1 1 1 1
 0.5 1 1 1 1
 0.5 1 1 1 1
 0.5 1 1 1 1
 0.5 1 1 1 1
 0.5 1 1 1 1
 0.5 1 1 1 1
 0.5 1 1 1 1
 0.5 1 1 1 1
 0.5 1 1 1 1
 0.5 1 1 1 1
 0.5 1 1 1 1
 0.5 1 1 1 1
 0.5 1 1 1 1
Sel_reclas
 0.5 1 1 1 1
 0.5 1 1 1 1
 0.5 1 1 1 1
 0.5 1 1 1 1
 0.5 1 1 1 1
 0.5 1 1 1 1
 0.5 1 1 1 1
 0.5 1 1 1 1
 0.5 1 1 1 1
 0.5 1 1 1 1
 0.5 1 1 1 1
 0.5 1 1 1 1
 0.5 1 1 1 1
 0.5 1 1 1 1
 0.5 1 1 1 1
 0.5 1 1 1 1
 0.5 1 1 1 1
 0.5 1 1 1 1
 0.5 1 1 1 1
 0.5 1 1 1 1
 0.5 1 1 1 1
 0.5 1 1 1 1
 0.5 1 1 1 1
 0.5 1 1 1 1
 0.5 1 1 1 1
 0.5 1 1 1 1
 0.5 1 1 1 1
 0.5 1 1 1 1
 0.5 1 1 1 1
 0.5 1 1 1 1
 0.5 1 1 1 1
Sel_pelaces
 0.5 1 1 1 1
 0.5 1 1 1 1
 0.5 1 1 1 1
 0.5 1 1 1 1
 0.5 1 1 1 1
 0.5 1 1 1 1
 0.5 1 1 1 1
 0.5 1 1 1 1
 0.5 1 1 1 1
 0.5 1 1 1 1
 0.5 1 1 1 1
 0.5 1 1 1 1
 0.5 1 1 1 1
 0.5 1 1 1 1
 0.5 1 1 1 1
 0.5 1 1 1 1
 0.5 1 1 1 1
 0.5 1 1 1 1
 0.5 1 1 1 1
 0.5 1 1 1 1
 0.5 1 1 1 1
 0.5 1 1 1 1
 0.5 1 1 1 1
 0.5 1 1 1 1
 0.5 1 1 1 1
 0.5 1 1 1 1
 0.5 1 1 1 1
 0.5 1 1 1 1
 0.5 1 1 1 1
 0.5 1 1 1 1
 0.5 1 1 1 1
pf_obs 
 0.8446 0.082 0.0669 0.0065 0
 0.8095 0.147 0.0364 0.0071 0
 0.9664 0.0169 0.016 0.0007 0
 0.9276 0.0648 0.0075 0.0001 0
 0.7033 0.2144 0.0806 0.0017 0
 0.9318 0.0425 0.0243 0.0014 0
 0.5671 0.3108 0.0964 0.0239 0.0018
 0.0768 0.2599 0.5324 0.112 0.0189
 0.490249 0.384438 0.106611 0.0170017 0.00170017
 0.7925 0.1577 0.0466 0.003 0.0002
 0.840416 0.127587 0.0312969 0.00059994 9.999e-05
 0.8084 0.0986 0.0794 0.0134 0.0002
 0.7335 0.1905 0.0724 0.0035 0.0001
 0.4001 0.4547 0.1325 0.0127 0
 0.49795 0.308269 0.164784 0.0264974 0.00249975
 0.9179 0.0499 0.0305 0.0017 0
 0.2467 0.6533 0.0926 0.0074 0
 0.9418 0.0223 0.034 0.0019 0
 0.707729 0.231977 0.0356964 0.0245975 0
 0.517169 0.277429 0.184464 0.0207286 0.00020938
 0.811772 0.124168 0.05621 0.00726502 0.000585176
 0.764997 0.148141 0.077277 0.00933861 0.000247198
 0.163321 0.427699 0.378323 0.0303852 0.000271297
 0.753843 0.0900009 0.118128 0.0371064 0.000921714
 0.721811 0.176058 0.0630433 0.0369309 0.00215725
 0.143369 0.312575 0.442814 0.0836902 0.0175525
 0.692698 0.0596174 0.167031 0.0765114 0.00414204
 0.394062 0.376323 0.152708 0.0712218 0.00568511
 0.125707 0.32114 0.495352 0.0537591 0.00404204
 0.23352 0.215282 0.420074 0.123614 0.00750983
 0 0 0 0 0
pf_pred 
 0.677362 0.203946 0.0750275 0.0276011 0.0160632
 0.350352 0.536233 0.0716923 0.0263741 0.0153491
 0.26412 0.411973 0.267359 0.0357449 0.0208027
 0.631696 0.168554 0.111828 0.072573 0.0153495
 0.83583 0.142989 0.00969357 0.00643122 0.00505643
 0.884169 0.107883 0.00692284 0.000469315 0.000556176
 0.150162 0.807448 0.0394813 0.00253352 0.000375295
 0.310425 0.277072 0.391928 0.0191639 0.00141191
 0.937445 0.0357937 0.0107528 0.0152102 0.00079852
 0.98294 0.0169646 5.4659e-05 1.64201e-05 2.44462e-05
 0.75722 0.2415 0.00127286 4.10107e-06 3.0662e-06
 0.680444 0.277621 0.041714 0.000219859 1.238e-06
 0.589088 0.345637 0.0567093 0.00852088 4.51633e-05
 0.420335 0.451002 0.108224 0.0177566 0.00268216
 0.882314 0.084962 0.0254606 0.00610963 0.00115384
 0.876593 0.117303 0.00440652 0.0013205 0.000376716
 0.380124 0.586946 0.0313012 0.00117584 0.000452886
 0.851066 0.0860876 0.0595077 0.00317348 0.000165129
 0.593841 0.37703 0.0168376 0.0116389 0.000652988
 0.279326 0.555133 0.153669 0.00686266 0.00500992
 0.710002 0.136334 0.118367 0.0327657 0.0025315
 0.742182 0.218355 0.0185523 0.0161073 0.00480323
 0.0447649 0.828452 0.107377 0.00912314 0.0102828
 0.623605 0.0342065 0.296772 0.038465 0.00695168
 0.614678 0.301443 0.0076229 0.0661355 0.0101211
 0.134636 0.670222 0.152662 0.00386052 0.0386191
 0.746251 0.0630003 0.147734 0.0336506 0.00936361
 0.643362 0.308346 0.0119897 0.0281156 0.00818613
 0.106016 0.708062 0.160747 0.00625048 0.0189248
 0.264382 0.145931 0.467049 0.106031 0.016606
 0.169094 0.363729 0.0926782 0.296614 0.0778846
pobs_RECLAS
 0 0 0 0 0
 0 0 0 0 0
 0 0 0 0 0
 0 0 0 0 0
 0 0 0 0 0
 0 0 0 0 0
 0 0 0 0 0
 0 0 0 0 0
 0 0 0 0 0
 0 0 0 0 0
 0.991045 0.00858322 0.000360255 1.14367e-05 0
 0.934742 0.0480273 0.0164251 0.00080598 0
 0.827803 0.169806 0.00239088 0 0
 0.941827 0.0461693 0.0120037 0 0
 0.791401 0.0380133 0.147996 0.0225897 0
 0.846168 0.0940531 0.0597789 0 0
 0.134021 0.677848 0.182769 0.00536245 0
 0.80878 0.0450904 0.141981 0.00414843 0
 0.846168 0.0940531 0.0597789 0 0
 0.905697 0.0802665 0.012482 0.00150086 5.37128e-05
 0.989698 0.0102097 9.19794e-05 0 0
 0.975433 0.0193895 0.00387452 0.00125025 5.28907e-05
 0.303575 0.632131 0.0575291 0.00676475 0
 0.966965 0.00978017 0.0227588 0.000495775 0
 0.843318 0.132988 0.00938335 0.0141283 0.000182051
 0.564624 0.303363 0.111486 0.0197234 0.00080311
 0.826376 0.0876187 0.0782897 0.00655872 0.00115652
 0.89761 0.0855135 0.0140674 0.00269457 0.000114338
 0.34875 0.467042 0.161289 0.0227151 0.000203297
 0.318654 0.224769 0.449479 0.00709798 0
 0.937255 0.0296025 0.0250945 0.00804832 0
ppred_RECLAS
 0.681845 0.201112 0.073985 0.0272176 0.01584
 0.357311 0.530488 0.0709243 0.0260916 0.0151847
 0.269941 0.408714 0.265244 0.0354622 0.0206382
 0.673512 0.149417 0.099131 0.0643333 0.0136068
 0.843984 0.135886 0.00921206 0.00611176 0.00480527
 0.888568 0.103786 0.00665995 0.000451494 0.000535056
 0.173491 0.785282 0.0383975 0.00246397 0.000364992
 0.330336 0.269071 0.380611 0.0186105 0.00137114
 0.96612 0.0193861 0.00582378 0.00823794 0.000432483
 0.984866 0.015049 4.84871e-05 1.4566e-05 2.16858e-05
 0.758944 0.239786 0.00126382 4.07196e-06 3.04444e-06
 0.689683 0.269595 0.040508 0.000213503 1.2022e-06
 0.598436 0.337773 0.0554192 0.00832702 4.41358e-05
 0.45762 0.421993 0.101263 0.0166145 0.00250964
 0.887447 0.0812561 0.02435 0.00584313 0.00110351
 0.881384 0.11275 0.00423546 0.00126924 0.000362093
 0.3846 0.582708 0.0310752 0.00116735 0.000449616
 0.853804 0.0845051 0.0584137 0.00311514 0.000162093
 0.599707 0.371584 0.0165944 0.0114708 0.000643556
 0.284175 0.551397 0.152635 0.00681647 0.00497621
 0.71437 0.134281 0.116584 0.0322722 0.00249337
 0.746409 0.214775 0.0182481 0.0158432 0.00472448
 0.0452059 0.82807 0.107327 0.00911893 0.0102781
 0.626721 0.0339233 0.294315 0.0381465 0.00689413
 0.617499 0.299235 0.00756708 0.0656512 0.010047
 0.135738 0.669369 0.152468 0.00385561 0.03857
 0.748794 0.0623691 0.146254 0.0333134 0.0092698
 0.645301 0.30667 0.0119245 0.0279628 0.00814163
 0.106635 0.707572 0.160636 0.00624616 0.0189117
 0.266929 0.145426 0.465432 0.105664 0.0165485
 0.17317 0.361945 0.0922235 0.295159 0.0775026
pobs_PELACES
 0 0 0 0 0
 0 0 0 0 0
 0 0 0 0 0
 0 0 0 0 0
 0 0 0 0 0
 0 0 0 0 0
 0 0 0 0 0
 0 0 0 0 0
 0 0 0 0 0
 0 0 0 0 0
 0 0 0 0 0
 0 0 0 0 0
 0 0 0 0 0
 0 0 0 0 0
 0 0 0 0 0
 0 0 0 0 0
 0.505614 0.472636 0.0217494 0 0
 0 0 0 0 0
 0.443492 0.261883 0.143347 0.151278 0
 0.227955 0.32914 0.350689 0.0885471 0.00366901
 0.970185 0.0296113 0.000203453 0 0
 0.997202 0.00247181 0.000326279 0 0
 0.445219 0.490057 0.0546422 0.010081 0
 0.90214 0.0892962 0.00764917 0.000914606 0
 0 0 0 0 0
 0.581667 0.319106 0.0959925 0.00289975 0.000334073
 0.762889 0.0836404 0.116647 0.0363945 0.000428098
 0.88444 0.0763242 0.0277011 0.0115352 0
 0.521256 0.241999 0.230069 0.00667565 0
 0.616807 0.101726 0.260614 0.0208532 0
 0 0 0 0 0
ppred_PELACES
 0.695722 0.19234 0.070758 0.0260304 0.0151491
 0.37793 0.513469 0.0686489 0.0252545 0.0146975
 0.287445 0.398915 0.258885 0.0346119 0.0201433
 0.740601 0.118714 0.078761 0.0511137 0.0108108
 0.862693 0.119592 0.00810741 0.00537888 0.00422905
 0.899657 0.0934571 0.00599715 0.000406561 0.000481807
 0.222544 0.738677 0.0361187 0.00231774 0.00034333
 0.376176 0.250653 0.354557 0.0173366 0.00127728
 0.9837 0.00932687 0.00280189 0.00396337 0.000208073
 0.988116 0.0118174 3.8075e-05 1.14381e-05 1.7029e-05
 0.76494 0.233821 0.00123238 3.97067e-06 2.96871e-06
 0.713844 0.248604 0.037354 0.000196879 1.1086e-06
 0.623866 0.316384 0.0519097 0.00779971 4.13409e-05
 0.528581 0.366782 0.0880146 0.0144407 0.0021813
 0.899842 0.0723082 0.0216686 0.00519968 0.000981989
 0.893366 0.10136 0.00380762 0.00114103 0.000325516
 0.399004 0.569069 0.0303478 0.00114002 0.000439092
 0.862061 0.0797322 0.0551145 0.0029392 0.000152938
 0.617407 0.355154 0.0158607 0.0109636 0.000615101
 0.299316 0.539734 0.149407 0.0066723 0.00487096
 0.727764 0.127984 0.111117 0.0307589 0.00237645
 0.759227 0.203919 0.0173258 0.0150424 0.00448568
 0.0467745 0.826709 0.107151 0.00910395 0.0102612
 0.637141 0.0329764 0.2861 0.0370818 0.00670169
 0.627084 0.291737 0.00737746 0.064006 0.00979521
 0.139671 0.666323 0.151774 0.00383806 0.0383945
 0.757218 0.0602776 0.14135 0.0321963 0.00895894
 0.65216 0.300739 0.011694 0.027422 0.00798418
 0.108918 0.705763 0.160225 0.00623019 0.0188634
 0.275646 0.143697 0.459898 0.104408 0.0163518
 0.185644 0.356484 0.0908322 0.290706 0.0763333
pobs_pel_tallas
 0 0 0 0 0 0 0 0 0 0 0 0 0 0 0 0 0 0 0 0 0 0 0 0 0 0
 0 0 0 0 0 0 0 0 0 0 0 0 0 0 0 0 0 0 0 0 0 0 0 0 0 0
 0 0 0 0 0 0 0 0 0 0 0 0 0 0 0 0 0 0 0 0 0 0 0 0 0 0
 0 0 0 0 0 0 0 0 0 0 0 0 0 0 0 0 0 0 0 0 0 0 0 0 0 0
 0 0 0 0 0 0 0 0 0 0 0 0 0 0 0 0 0 0 0 0 0 0 0 0 0 0
 0 0 0 0 0 0 0 0 0 0 0 0 0 0 0 0 0 0 0 0 0 0 0 0 0 0
 0 0 0 0 0 0 0 0 0 0 0 0 0 0 0 0 0 0 0 0 0 0 0 0 0 0
 0 0 0 0 0 0 0 0 0 0 0 0 0 0 0 0 0 0 0 0 0 0 0 0 0 0
 0 0 0 0 0 0 0 0 0 0 0 0 0 0 0 0 0 0 0 0 0 0 0 0 0 0
 0 0 0 0 0 0 0 0 0 0 0 0 0 0 0 0 0 0 0 0 0 0 0 0 0 0
 0 0 0 0 0 0 0 0 0 0 0 0 0 0 0 0 0 0 0 0 0 0 0 0 0 0
 0 0 0 0 0 0 0 0 0 0 0 0 0 0 0 0 0 0 0 0 0 0 0 0 0 0
 0.00862536 0 0 0.000197151 0.00414017 0.0128641 0.00837892 0.0270097 0.101434 0.158115 0.152841 0.127902 0.109271 0.109419 0.0830992 0.0579132 0.0238553 0.00714673 0.00463305 0.00128148 0.00103504 0.000492878 0.000147863 0.000147863 4.92878e-05 0
 0 0 0 0 0 0 0 0 0 0 0 0 0 0 0 0 0 0 0 0 0 0 0 0 0 0
 0 0 0 0 0 0 0 0.0054083 0.00873648 0.0413646 0.0450493 0.0745869 0.0622846 0.0627006 0.0613931 0.0827291 0.12552 0.122667 0.0946155 0.0697135 0.0546179 0.0294188 0.0215738 0.0213955 0.0102223 0.00600262
 0 0 0 0 0.00359764 0.0251062 0.0480494 0.140153 0.205849 0.193036 0.1447 0.116669 0.0760912 0.0342217 0.00950174 0.001854 0.000860785 0 0 0 0.000165536 0 0.000143464 0 0 0
 0 0 0 0 0 0 0 0.000145254 0.000435761 0.0275982 0.070085 0.0708112 0.156366 0.174668 0.174014 0.160142 0.0824315 0.0480064 0.0283245 0.00493863 0.00203355 0 0 0 0 0
 0 0 0 0 0 0 0 0 0 0 0 0 0 0 0 0 0 0 0 0 0 0 0 0 0 0
 0 0 1.00437e-05 0.000401748 0.00122533 0.00171747 0.00176769 0.0269171 0.070346 0.194647 0.189555 0.159765 0.064822 0.0314167 0.0384472 0.0292271 0.0345202 0.0313363 0.0194345 0.0106764 0.0143323 0.0359363 0.0279516 0.0138201 0.00172751 0
 0 0.0021121 0.0136068 0.0755702 0.200478 0.177729 0.0527432 0.0373336 0.0318909 0.0142505 0.0149659 0.0166563 0.0217959 0.0798694 0.0677717 0.0528807 0.04013 0.0224614 0.0357745 0.0225083 0.00881397 0.00855152 0.00135912 0.000746735 0 0
 0 0 0 0 5.4009e-05 0.00500934 0.000945158 0.0243581 0.138947 0.33067 0.221406 0.137944 0.0707744 0.0437923 0.0131692 0.00525238 0.0047753 0.00276346 9.45158e-05 9.00151e-06 2.25038e-05 9.00151e-06 4.50075e-06 0 0 0
 0.000866109 0.00284123 0.00948549 0.0512746 0.133035 0.25785 0.225252 0.132002 0.0553304 0.0519788 0.0540692 0.017754 0.00435017 0.00159236 0.00146478 0.000404838 0.000125132 0.000115318 0.000107957 0.000100596 0 0 0 0 0 0
 0 0 0 0 0.00144013 0.00171154 0.00461396 0.0210425 0.0478622 0.0707936 0.0888783 0.103762 0.0637923 0.0337046 0.0602308 0.124433 0.169614 0.0934646 0.0462172 0.0250306 0.0313229 0.00938855 0.002487 0.000210481 0 0
 0 0.00764035 0.051015 0.0998891 0.058973 0.0496711 0.0374665 0.0718981 0.12319 0.153886 0.159021 0.0857701 0.0377988 0.023471 0.0147837 0.00900784 0.00315554 0.000888139 0.00291439 0.00214683 0.00393193 0.00274676 0.000635225 9.99891e-05 0 0
 0 0 0 0 0 0 0 0 0 0 0 0 0 0 0 0 0 0 0 0 0 0 0 0 0 0
 0 0 0 0 0 0 0 0 0 0 0 0 0 0 0 0 0 0 0 0 0 0 0 0 0 0
 0 0 0 0 0 0 0 0 0 0 0 0 0 0 0 0 0 0 0 0 0 0 0 0 0 0
 0 0 0 0 0 0 0 0 0 0 0 0 0 0 0 0 0 0 0 0 0 0 0 0 0 0
 0 0 0 0 0 0 0 0 0 0 0 0 0 0 0 0 0 0 0 0 0 0 0 0 0 0
 0 0 0 0 0 0 0 0 0 0 0 0 0 0 0 0 0 0 0 0 0 0 0 0 0 0
 0 0 0 0 0 0 0 0 0 0 0 0 0 0 0 0 0 0 0 0 0 0 0 0 0 0
ppred_pel_tallas
 1.07266e-16 5.73058e-05 0.000557032 0.00370168 0.0168273 0.0523561 0.111551 0.162816 0.162834 0.111642 0.0526618 0.0177115 0.00592489 0.00542319 0.00933721 0.0154467 0.0224864 0.0287906 0.0327021 0.0334723 0.0316809 0.0287629 0.0260395 0.0240289 0.0224546 0.0207345
 1.07133e-16 3.11297e-05 0.000302592 0.00201083 0.00914098 0.0284412 0.0605989 0.0884562 0.0885057 0.0608407 0.0292532 0.0114861 0.00789755 0.0131535 0.0244383 0.0403554 0.0581408 0.0731429 0.0806424 0.0784809 0.0683516 0.0546401 0.041781 0.0321839 0.0259268 0.0217972
 1.14453e-16 2.36766e-05 0.000230145 0.00152939 0.00695243 0.0216318 0.0460902 0.0672782 0.0673169 0.0462798 0.0222694 0.00879808 0.00617789 0.0104297 0.0195464 0.0326736 0.0479919 0.062288 0.0722398 0.0762372 0.0751586 0.0713943 0.0669942 0.0625193 0.0573196 0.0506296
 1.09259e-16 6.10023e-05 0.000592964 0.00394046 0.0179127 0.0557333 0.118746 0.173316 0.173327 0.118803 0.0559234 0.0184634 0.00532848 0.00364243 0.00591022 0.00982778 0.0145177 0.0190428 0.0224977 0.0245004 0.0253873 0.0258727 0.0264508 0.0270386 0.0270994 0.0260647
 1.0152e-16 7.10589e-05 0.000690718 0.00459006 0.0208658 0.0649212 0.138322 0.201887 0.201899 0.138378 0.0651101 0.0214111 0.00595833 0.00367577 0.00573483 0.00935459 0.0134375 0.0168352 0.0184333 0.0177293 0.0151372 0.0117195 0.00856237 0.00627337 0.00489003 0.00411252
 1.0032e-16 7.41036e-05 0.000720313 0.00478674 0.0217598 0.0677029 0.144249 0.210537 0.210546 0.144292 0.0678504 0.0221858 0.00585536 0.00305113 0.00449486 0.00729806 0.0104692 0.0130874 0.0142684 0.013605 0.0114082 0.0085046 0.00575507 0.00366598 0.00231444 0.00151851
 1.01522e-16 1.83308e-05 0.000178182 0.00118408 0.00538272 0.016748 0.035686 0.0520997 0.0521708 0.0360333 0.0179137 0.00874814 0.00962611 0.0185884 0.0349273 0.0575668 0.0825811 0.103119 0.112204 0.106606 0.0888006 0.0653721 0.0432011 0.0263716 0.0155519 0.00932116
 1.12251e-16 3.09852e-05 0.000301187 0.0020015 0.00909853 0.028309 0.0603163 0.0880385 0.0880632 0.060437 0.0287157 0.0102795 0.00498964 0.00690262 0.0127971 0.0217017 0.0326386 0.0439044 0.0536653 0.0608883 0.0656388 0.0684321 0.0693015 0.0675371 0.0623323 0.0536791
 1.00517e-16 8.10261e-05 0.000787602 0.00523389 0.0237925 0.0740274 0.157723 0.230202 0.230203 0.157728 0.0740422 0.0238354 0.0053417 0.00102361 0.00053125 0.000755471 0.00109373 0.00140459 0.00160618 0.00166644 0.00161807 0.00153302 0.00147265 0.00145248 0.00144381 0.00140203
 1.00009e-16 8.13898e-05 0.000791138 0.00525739 0.0238993 0.0743597 0.158431 0.231235 0.231236 0.158437 0.0743783 0.0239531 0.00539225 0.00108511 0.000638421 0.00092326 0.00131418 0.00163576 0.00177067 0.00166692 0.00136537 0.000974071 0.00060674 0.000331973 0.000161998 7.3217e-05
 1.00097e-16 6.30071e-05 0.000612452 0.00406996 0.0185015 0.057565 0.122649 0.179015 0.179037 0.122759 0.0579337 0.0195656 0.00673849 0.00642939 0.0110854 0.0181611 0.0260015 0.0323728 0.0350464 0.0329975 0.0270322 0.0192855 0.0120048 0.00654679 0.003156 0.00137097
 1.01162e-16 5.87985e-05 0.000571542 0.0037981 0.0172656 0.0537199 0.114457 0.167058 0.167082 0.114574 0.054113 0.0184011 0.0066482 0.00679309 0.0118737 0.0195334 0.0281235 0.0353409 0.0388697 0.0376234 0.0323748 0.0252125 0.0182875 0.0128307 0.00900559 0.00638407
 1.02369e-16 5.1387e-05 0.0004995 0.00331936 0.0150893 0.0469487 0.10003 0.146003 0.146034 0.100179 0.0474492 0.0165351 0.00694878 0.00842393 0.0151052 0.0249002 0.0358857 0.0451673 0.0498197 0.0484767 0.0421238 0.0333979 0.0249881 0.0183935 0.0137538 0.0104758
 1.04452e-16 4.35386e-05 0.000423211 0.00281239 0.0127847 0.0397782 0.084753 0.123707 0.123742 0.0849261 0.0403594 0.0144641 0.0070305 0.00964028 0.0175744 0.0290526 0.0420036 0.0531442 0.0591388 0.0584217 0.0520844 0.0430477 0.0342319 0.0271757 0.0219132 0.0177472
 1.01332e-16 7.41188e-05 0.000720461 0.00478772 0.0217643 0.0677167 0.144278 0.210579 0.210586 0.144312 0.0678315 0.0220959 0.00562107 0.0025427 0.00354377 0.00576451 0.0083512 0.0106157 0.0119081 0.0119262 0.0108801 0.00932508 0.00780239 0.00657545 0.00561831 0.00477894
 1.00306e-16 7.35854e-05 0.000715276 0.00475326 0.0216076 0.0672294 0.14324 0.209065 0.209074 0.143287 0.0673894 0.0220693 0.00591135 0.00324061 0.00486149 0.00789913 0.0113216 0.0141312 0.0153667 0.014587 0.0121365 0.00892491 0.005902 0.00362945 0.00219395 0.00138999
 1.0121e-16 3.28656e-05 0.000319465 0.00212296 0.0096507 0.0300272 0.0639782 0.0933895 0.0934442 0.0642457 0.0309253 0.0122437 0.00862746 0.0145049 0.0269326 0.0443648 0.0636505 0.0795009 0.086542 0.0822857 0.0686324 0.0506416 0.0335995 0.0206405 0.0122766 0.00742075
 1.01932e-16 7.10069e-05 0.000690212 0.0045867 0.0208505 0.0648736 0.13822 0.201738 0.201746 0.138258 0.0650011 0.0212196 0.00551643 0.00273047 0.00397692 0.00654301 0.00960555 0.0124661 0.0144476 0.0152111 0.0149082 0.0139921 0.0128608 0.0116404 0.0102473 0.00859796
 1.01753e-16 5.0855e-05 0.000494329 0.00328499 0.0149331 0.0464627 0.0989949 0.144493 0.144527 0.0991618 0.0470232 0.0165513 0.0073443 0.00934726 0.0168391 0.0276923 0.0397341 0.0496476 0.0540925 0.0515378 0.0431946 0.0322374 0.0219592 0.0142769 0.00943833 0.00668121
 1.05943e-16 2.46544e-05 0.000239649 0.00159256 0.00723956 0.0225252 0.0479943 0.07006 0.0701122 0.0482491 0.023381 0.00971265 0.00780549 0.0138194 0.0258639 0.0428454 0.0620079 0.0785702 0.087631 0.0868608 0.0777991 0.0646464 0.0516055 0.0408999 0.0326265 0.0258875
 1.06727e-16 5.9945e-05 0.000582687 0.00387216 0.0176023 0.0547673 0.116688 0.170312 0.170325 0.116749 0.0549729 0.0181981 0.00537514 0.00388853 0.0064114 0.010696 0.0158511 0.0208762 0.0247734 0.0270602 0.0279745 0.0281359 0.0279669 0.0273875 0.0259937 0.0234806
 1.0282e-16 6.25366e-05 0.000607878 0.00403956 0.0183633 0.0571351 0.121733 0.177677 0.177697 0.121829 0.0574572 0.0192936 0.00637427 0.00570256 0.00973261 0.0159769 0.0229786 0.0288373 0.0316684 0.0306213 0.0263967 0.020784 0.0155973 0.0118281 0.00950462 0.00810253
 1.05953e-16 3.85293e-06 3.74519e-05 0.000248885 0.00113144 0.00352077 0.00750432 0.0109695 0.0110491 0.00789355 0.00482763 0.00490579 0.00972191 0.0207134 0.0392599 0.0648677 0.0933692 0.11725 0.128829 0.124532 0.10701 0.0833138 0.060686 0.0432416 0.0314396 0.023673
 1.13118e-16 5.24804e-05 0.000510128 0.00338998 0.0154104 0.0479474 0.102157 0.149102 0.149106 0.102175 0.0480089 0.0155938 0.003872 0.00163408 0.00239727 0.00442877 0.00765417 0.012296 0.0185373 0.0263482 0.0352475 0.044113 0.0512794 0.0550416 0.0543586 0.049339
 1.08365e-16 5.16522e-05 0.000502078 0.00333648 0.0151672 0.0471909 0.100546 0.146756 0.146784 0.100683 0.0476516 0.0164975 0.00667456 0.00778565 0.0138755 0.0228378 0.0328599 0.0412817 0.0454683 0.0442992 0.0388958 0.0319149 0.025958 0.0223009 0.0206873 0.0199933
 1.11433e-16 1.15046e-05 0.000111829 0.000743147 0.00337828 0.0105114 0.0223981 0.0327041 0.0327684 0.0227124 0.011567 0.00642813 0.00840297 0.0168474 0.0318369 0.0527227 0.0762002 0.0963515 0.107125 0.105707 0.0941473 0.0778564 0.062248 0.0501825 0.0416896 0.0353491
 1.0884e-16 6.2371e-05 0.000606269 0.00402887 0.0183147 0.0569837 0.12141 0.177203 0.177209 0.12144 0.0570836 0.0186059 0.00477052 0.00226049 0.00330752 0.0056405 0.00875499 0.012345 0.016115 0.0198998 0.0236505 0.0272268 0.0301947 0.0318743 0.0316568 0.0293565
 1.04516e-16 5.37176e-05 0.000522155 0.0034699 0.0157737 0.049078 0.104567 0.152624 0.152653 0.104708 0.0495527 0.0171444 0.00690875 0.00802334 0.0142832 0.0234863 0.0337348 0.0422405 0.0462177 0.0444254 0.0379414 0.0294776 0.0217872 0.0163805 0.0132872 0.0116587
 1.08622e-16 8.97161e-06 8.72073e-05 0.000579527 0.00263449 0.00819723 0.0174676 0.0255087 0.0255768 0.0178004 0.00931514 0.00586451 0.00869156 0.0178098 0.0337077 0.0558159 0.0806445 0.101907 0.11316 0.111378 0.0986836 0.0807697 0.0633693 0.0495706 0.0395309 0.0319219
 1.26547e-16 2.27046e-05 0.000220697 0.00146661 0.00666701 0.0207436 0.044197 0.0645099 0.0645245 0.0442685 0.0209858 0.00737583 0.00328075 0.00429673 0.00810411 0.014253 0.0226165 0.032819 0.0443876 0.0569842 0.070237 0.0831853 0.0939126 0.0999429 0.0993247 0.0916735
 1.44784e-16 1.52913e-05 0.000148637 0.000987748 0.00449018 0.0139708 0.0297675 0.0434538 0.0434884 0.0299364 0.0145383 0.00613191 0.00511909 0.00920354 0.0173246 0.0289313 0.042469 0.0552217 0.0645962 0.0698256 0.0725963 0.0758761 0.0817583 0.0899536 0.0979159 0.10228
pSPR Fmed_Fpbrs
0.473076   0.285935 0.285935
Fs Fmed_Fpbrs
0.530302   1.005 1.005
SSBpbr Bo_Bmed_Bpbrs
1.7015e+06  719865  401445 401445
Ro
99266.2
SPR SPRFo_SPRFmed_SPRFpbrs
706840 334389 202111
Fref
1.005
log_Ro
11.3256
likeval ReclasPelacesDesembMPH_pf_preclas_ppelaces_ptallas_desvR_qrecl_qpela
 61.1375 37.8399 0.997853 0.0022956 255.103 159.096 97.6703 0 67.0731 0 0 0.209813 0 0 0
q_reclas_q_pelaces
1 1
M
1
N
 268754 43720 16083.7 5916.85 3443.47
 95693.6 81255.8 10863.6 3996.49 2325.87
 31146.6 26905.6 17461 2334.47 1358.61
 48487 8800.24 5838.53 3789.05 801.4
 65970.6 6662.57 451.671 299.662 235.604
 221074 15420.4 989.531 67.0826 79.4982
 15744.8 57011.4 2787.65 178.884 26.4984
 4098.14 2262.74 3200.72 156.504 11.5305
 26255.3 820.273 246.418 348.567 18.2994
 89941.1 996.09 3.20934 0.964119 1.43538
 94808.8 15746.6 82.9945 0.267403 0.199927
 135524 31553.4 4741.07 24.9885 0.140706
 105857 35134 5764.5 866.147 4.59085
 39688.6 28155.5 6756.32 1108.52 167.444
 110544 6167.62 1848.25 443.514 83.76
 356920 27380.9 1028.57 308.231 87.9331
 109944 91277.2 4867.72 182.857 70.4292
 614089 33675.6 23278.1 1241.4 64.5947
 530607 183974 8216.04 5679.3 318.63
 143752 155842 43139.5 1926.55 1406.43
 407368 42351.8 36770.3 10178.6 786.403
 766882 122473 10405.8 9034.38 2694.08
 23680.8 228963 29676.2 2521.41 2841.91
 269884 7817.14 67820.7 8790.33 1588.65
 336314 86681.5 2192.01 19017.6 2910.37
 42174.2 109340 24905.3 629.806 6300.34
 314611 14033.2 32907.6 7495.62 2085.73
 405677 100894 3923.16 9199.73 2678.59
 39609.6 136230 30927.4 1202.58 3641.1
 46560.5 13559.7 43397.5 9852.26 1543.01
 12611.8 14986.1 3818.47 12220.9 3208.95
pred_Ctot
 30752.5 9259.22 3406.28 1253.1 729.275
 14573.7 22305.8 2982.2 1097.09 638.481
 4666.28 7278.43 4723.5 631.514 367.527
 20751.9 5537.2 3673.67 2384.11 504.249
 15772.3 2698.23 182.919 121.358 95.4158
 43005.2 5247.32 336.721 22.8271 27.0519
 6532.34 35125.6 1717.52 110.213 16.326
 1240.22 1106.96 1565.84 76.5639 5.64089
 17538.9 669.675 201.177 284.572 14.9397
 31616 545.662 1.75809 0.528148 0.786305
 5759.91 1837.01 9.68219 0.0311954 0.0233235
 26026.1 10618.7 1595.51 8.40934 0.0473518
 19029.8 11165.4 1831.93 275.257 1.45895
 15515.9 16647.9 3994.91 655.452 99.0072
 23572.5 2269.9 680.222 163.229 30.8267
 70834.4 9478.85 356.075 106.705 30.4411
 11808.6 18233.5 972.372 36.5274 14.0689
 73274.5 7411.92 5123.45 273.228 14.2171
 68879 43731.3 1952.98 1349.99 75.7395
 18426.5 36620.9 10137.2 452.715 330.494
 47843.2 9186.82 7976.08 2207.9 170.584
 92906.1 27333.7 2322.37 2016.31 601.267
 1550.76 28699.6 3719.8 316.048 356.221
 21897.3 1201.13 10420.9 1350.66 244.102
 24964.3 12242.7 309.594 2686.01 411.055
 2567.11 12779.1 2910.8 73.6084 736.35
 25795 2177.68 5106.6 1163.17 323.664
 22523.1 10794.7 419.742 984.284 286.584
 1748.95 11680.9 2651.85 103.115 312.204
 3721.84 2054.34 6574.87 1492.65 233.771
 1843.93 3966.39 1010.63 3234.51 849.315
F
 0.196194 0.392387 0.392387 0.392387 0.392387
 0.268816 0.537632 0.537632 0.537632 0.537632
 0.263928 0.527856 0.527856 0.527856 0.527856
 0.98479 1.96958 1.96958 1.96958 1.96958
 0.453515 0.907029 0.907029 0.907029 0.907029
 0.355247 0.710494 0.710494 0.710494 0.710494
 0.939937 1.87987 1.87987 1.87987 1.87987
 0.60865 1.2173 1.2173 1.2173 1.2173
 2.27179 4.54357 4.54357 4.54357 4.54357
 0.742532 1.48506 1.48506 1.48506 1.48506
 0.10018 0.20036 0.20036 0.20036 0.20036
 0.349982 0.699964 0.699964 0.699964 0.699964
 0.324345 0.64869 0.64869 0.64869 0.64869
 0.861752 1.7235 1.7235 1.7235 1.7235
 0.395572 0.791143 0.791143 0.791143 0.791143
 0.363611 0.727221 0.727221 0.727221 0.727221
 0.183194 0.366387 0.366387 0.366387 0.366387
 0.205343 0.410686 0.410686 0.410686 0.410686
 0.225179 0.450357 0.450357 0.450357 0.450357
 0.222077 0.444154 0.444154 0.444154 0.444154
 0.201826 0.403652 0.403652 0.403652 0.403652
 0.208772 0.417544 0.417544 0.417544 0.417544
 0.108347 0.216694 0.216694 0.216694 0.216694
 0.135751 0.271502 0.271502 0.271502 0.271502
 0.12358 0.24716 0.24716 0.24716 0.24716
 0.10038 0.200761 0.200761 0.200761 0.200761
 0.137265 0.27453 0.27453 0.27453 0.27453
 0.0912148 0.18243 0.18243 0.18243 0.18243
 0.0719703 0.143941 0.143941 0.143941 0.143941
 0.133627 0.267253 0.267253 0.267253 0.267253
 0.256845 0.51369 0.51369 0.51369 0.51369
nmprior
 8 9 7.5 0
nm_flota  nm_reclas  nm_pelaces    nm_pelaL
inf 5.05435 5.56795 7.84937
cv_recla  cv_pelaces  cv_mph
0.70726 0.723835 1.47861
 ------------------------------------------------
Talla a la edad & desviación 
 8 13.2811 15.8009 17.003 17.5766
 0.8 1.32811 1.58009 1.7003 1.75766
