years
 1991 1992 1993 1994 1995 1996 1997 1998 1999 2000 2001 2002 2003 2004 2005 2006 2007 2008 2009 2010 2011 2012 2013 2014 2015 2016 2017 2018 2019 2020 2021
reclasobs
 0 0 0 0 0 0 0 0 0 252601 567819 844713 477998 351125 339783 2.1784e+06 2.13404e+06 4.81314e+06 1.55562e+06 2.62356e+06 3.21686e+06 3.843e+06 1.13348e+06 3.07943e+06 1.97215e+06 2.03268e+06 2.025e+06 2.42433e+06 2.27542e+06 1.05018e+06 2.36338e+06
reclaspred
 1.07676e+06 929781 421707 162634 12101.6 529441 407736 147791 206811 116239 248314 418831 284061 242562 210847 672619 1.05061e+06 969283 1.96925e+06 1.75999e+06 2.26132e+06 1.75756e+06 1.3816e+06 1.87604e+06 1.64768e+06 1.02443e+06 1.11003e+06 1.91441e+06 2.3812e+06 1.01002e+06 251925
pelacesobs
 0 0 0 0 0 0 0 0 0 0 0 0 0 0 0 552880 188675 0 991730 2.46772e+06 1.41603e+06 1.21717e+06 2.29649e+06 1.80582e+06 0 1.4828e+06 1.56532e+06 1.57751e+06 1.42118e+06 867257 0
pelacespred
 377370 383614 183436 47179.5 1591.01 235548 138984 67140.4 87194.6 36979.9 112421 157660 109322 106340 92644.1 262042 414602 381219 960576 846046 912629 828977 613942 944175 835570 504248 607901 1.04275e+06 1.072e+06 563374 120455
mphobs
 0 0 0 0 0 0 0 0 0 0 0 498337 0 5186 125008 0 168611 109162 213762 579715 649985 157893 87575 83554 0 0 0 0 0 0 0
mphpred
 498502 1.04908e+06 456158 205351 41169.7 1615.08 565549 160450 70618.3 168689 35696.9 324203 277123 130468 145856 150409 801267 786018 563354 2.04841e+06 1.31472e+06 1.51251e+06 1.43468e+06 826432 1.72096e+06 1.06262e+06 589668 921893 2.24837e+06 1.30936e+06 387667
desembarqueobs
 494567 514787 250237 358949 120608 361735 552515 73892 212993 205616 52469 317467 293654 387597 252695 516296 358380 742168 942051 627588 828172 859565 418607 520667 417249 300574 407403 355545 319650 289779 219260
desembarquepred
 493969 517211 248841 358074 120197 361092 550390 73940.6 212793 205369 52428.3 317298 293935 389169 250479 517990 359581 744399 937243 625582 829480 858905 419233 518741 416335 300479 406688 355646 320247 290361 218722
Reclutas
 424186 2722.26 74047.7 41395.8 2760.62 318841 8487.33 4052.38 63523.1 6351.04 137374 103596 54956 103046 58796.1 439446 106848 191120 1.11339e+06 11891.5 407771 569519 6929.43 418216 152832 44476.1 282300 496351 25449.4 4077.7 2155.02
log_desv_Rt
 1.99891 -3.0498 0.253444 -0.328085 -3.03581 1.71343 -1.91269 -2.65196 0.100138 -2.20265 0.87144 0.589235 -0.0447311 0.583906 0.0228116 2.03425 0.62014 1.20164 2.9639 -1.57544 1.95944 2.29353 -2.11549 1.98473 0.978071 -0.256313 1.59171 2.15602 -0.814572 -2.64573 -3.28346
SSB
 498502 1.04908e+06 456158 205351 41169.7 1615.08 565549 160450 70618.3 168689 35696.9 324203 277123 130468 145856 150409 801267 786018 563354 2.04841e+06 1.31472e+06 1.51251e+06 1.43468e+06 826432 1.72096e+06 1.06262e+06 589668 921893 2.24837e+06 1.30936e+06 387667
BT
 1.64449e+06 1.34303e+06 701906 445137 100512 1.405e+06 816938 240339 553523 276723 524065 745577 590305 840104 596302 1.51604e+06 1.42772e+06 1.81396e+06 4.82944e+06 2.5665e+06 3.62787e+06 3.33193e+06 1.79711e+06 4.02234e+06 2.52575e+06 1.56989e+06 2.67898e+06 4.19019e+06 2.76927e+06 1.62412e+06 524767
Ftot
 0.427804 0.506976 0.538027 1.70987 4.134 0.635018 1.1274 0.459431 0.92933 1.41217 0.200649 0.683599 0.906654 1.37944 1.04665 0.708877 0.319706 0.69184 0.445184 0.330571 0.342671 0.452191 0.283609 0.260966 0.237596 0.274732 0.343713 0.176372 0.127631 0.269087 0.765496
BD_Bspro_t
 0.933841 0.712502 0.435398 0.287002 0.0797547 0.00559847 0.528613 0.212644 0.149922 0.314528 0.127154 0.643734 0.459586 0.269138 0.269695 0.277507 0.550942 0.511536 0.419305 0.663476 0.506175 0.544823 0.568327 0.484882 0.680908 0.628273 0.554825 0.67955 0.819848 0.724676 0.520274
BD_Bspro
 1.21816 2.56358 1.11469 0.501805 0.100604 0.00394669 1.382 0.392082 0.172566 0.412217 0.0872306 0.792236 0.67719 0.318818 0.356421 0.367546 1.95801 1.92075 1.37664 5.00557 3.21272 3.69604 3.50585 2.01951 4.20541 2.59667 1.44094 2.25278 5.49422 3.1996 0.947321
BD_Bo
 0.303145 0.637959 0.277395 0.124877 0.0250358 0.000982153 0.343917 0.0975714 0.0429439 0.102582 0.0217077 0.197152 0.168522 0.0793393 0.088697 0.0914656 0.48726 0.477987 0.342583 1.24566 0.799499 0.919778 0.872448 0.502564 1.04654 0.646194 0.358584 0.560615 1.36726 0.796236 0.235745
BD_Brms
 1.28486 2.70396 1.17573 0.529283 0.106113 0.0041628 1.45767 0.413551 0.182015 0.434789 0.0920071 0.835617 0.714271 0.336275 0.375938 0.387672 2.06523 2.02592 1.45202 5.27967 3.38864 3.89843 3.69782 2.13009 4.43569 2.73886 1.51984 2.37614 5.79507 3.3748 0.999194
Sel_flota
 0.5 1 1 1 1
 0.5 1 1 1 1
 0.5 1 1 1 1
 0.5 1 1 1 1
 0.5 1 1 1 1
 0.5 1 1 1 1
 0.5 1 1 1 1
 0.5 1 1 1 1
 0.5 1 1 1 1
 0.5 1 1 1 1
 0.5 1 1 1 1
 0.5 1 1 1 1
 0.5 1 1 1 1
 0.5 1 1 1 1
 0.5 1 1 1 1
 0.5 1 1 1 1
 0.5 1 1 1 1
 0.5 1 1 1 1
 0.5 1 1 1 1
 0.5 1 1 1 1
 0.5 1 1 1 1
 0.5 1 1 1 1
 0.5 1 1 1 1
 0.5 1 1 1 1
 0.5 1 1 1 1
 0.5 1 1 1 1
 0.5 1 1 1 1
 0.5 1 1 1 1
 0.5 1 1 1 1
 0.5 1 1 1 1
 0.5 1 1 1 1
Sel_reclas
 0.5 1 1 1 1
 0.5 1 1 1 1
 0.5 1 1 1 1
 0.5 1 1 1 1
 0.5 1 1 1 1
 0.5 1 1 1 1
 0.5 1 1 1 1
 0.5 1 1 1 1
 0.5 1 1 1 1
 0.5 1 1 1 1
 0.5 1 1 1 1
 0.5 1 1 1 1
 0.5 1 1 1 1
 0.5 1 1 1 1
 0.5 1 1 1 1
 0.5 1 1 1 1
 0.5 1 1 1 1
 0.5 1 1 1 1
 0.5 1 1 1 1
 0.5 1 1 1 1
 0.5 1 1 1 1
 0.5 1 1 1 1
 0.5 1 1 1 1
 0.5 1 1 1 1
 0.5 1 1 1 1
 0.5 1 1 1 1
 0.5 1 1 1 1
 0.5 1 1 1 1
 0.5 1 1 1 1
 0.5 1 1 1 1
 0.5 1 1 1 1
Sel_pelaces
 0.5 1 1 1 1
 0.5 1 1 1 1
 0.5 1 1 1 1
 0.5 1 1 1 1
 0.5 1 1 1 1
 0.5 1 1 1 1
 0.5 1 1 1 1
 0.5 1 1 1 1
 0.5 1 1 1 1
 0.5 1 1 1 1
 0.5 1 1 1 1
 0.5 1 1 1 1
 0.5 1 1 1 1
 0.5 1 1 1 1
 0.5 1 1 1 1
 0.5 1 1 1 1
 0.5 1 1 1 1
 0.5 1 1 1 1
 0.5 1 1 1 1
 0.5 1 1 1 1
 0.5 1 1 1 1
 0.5 1 1 1 1
 0.5 1 1 1 1
 0.5 1 1 1 1
 0.5 1 1 1 1
 0.5 1 1 1 1
 0.5 1 1 1 1
 0.5 1 1 1 1
 0.5 1 1 1 1
 0.5 1 1 1 1
 0.5 1 1 1 1
pf_obs 
 0.8446 0.082 0.0669 0.0065 0
 0.8095 0.147 0.0364 0.0071 0
 0.9664 0.0169 0.016 0.0007 0
 0.9276 0.0648 0.0075 0.0001 0
 0.7033 0.2144 0.0806 0.0017 0
 0.9318 0.0425 0.0243 0.0014 0
 0.5671 0.3108 0.0964 0.0239 0.0018
 0.0768 0.2599 0.5324 0.112 0.0189
 0.490249 0.384438 0.106611 0.0170017 0.00170017
 0.7925 0.1577 0.0466 0.003 0.0002
 0.840416 0.127587 0.0312969 0.00059994 9.999e-05
 0.8084 0.0986 0.0794 0.0134 0.0002
 0.7335 0.1905 0.0724 0.0035 0.0001
 0.4001 0.4547 0.1325 0.0127 0
 0.49795 0.308269 0.164784 0.0264974 0.00249975
 0.9179 0.0499 0.0305 0.0017 0
 0.2467 0.6533 0.0926 0.0074 0
 0.9418 0.0223 0.034 0.0019 0
 0.707729 0.231977 0.0356964 0.0245975 0
 0.517169 0.277429 0.184464 0.0207286 0.00020938
 0.811772 0.124168 0.05621 0.00726502 0.000585176
 0.764997 0.148141 0.077277 0.00933861 0.000247198
 0.163321 0.427699 0.378323 0.0303852 0.000271297
 0.753843 0.0900009 0.118128 0.0371064 0.000921714
 0.721811 0.176058 0.0630433 0.0369309 0.00215725
 0.143369 0.312575 0.442814 0.0836902 0.0175525
 0.692698 0.0596174 0.167031 0.0765114 0.00414204
 0.394062 0.376323 0.152708 0.0712218 0.00568511
 0.125707 0.32114 0.495352 0.0537591 0.00404204
 0.23352 0.215282 0.420074 0.123614 0.00750983
 0 0 0 0 0
pf_pred 
 0.852098 0.0934918 0.0343937 0.0126527 0.0073636
 0.0109552 0.918999 0.0442775 0.0162888 0.00947969
 0.571338 0.0108087 0.38826 0.0187064 0.0108867
 0.49898 0.380112 0.00304871 0.109512 0.00834702
 0.210676 0.61575 0.131686 0.0010562 0.0408313
 0.999015 0.000713639 0.000211912 4.53201e-05 1.44157e-05
 0.0571965 0.942422 0.000276569 8.21258e-05 2.31505e-05
 0.156423 0.125388 0.717898 0.000210679 8.01951e-05
 0.904733 0.0284842 0.00992649 0.0568331 2.30273e-05
 0.209181 0.76099 0.00891861 0.00310805 0.017802
 0.965966 0.0155702 0.0177679 0.000208235 0.000488217
 0.559196 0.433607 0.00329249 0.00375723 0.000147273
 0.476035 0.397329 0.124567 0.000945874 0.00112169
 0.78221 0.154142 0.0482652 0.0151317 0.000251155
 0.631466 0.338606 0.021182 0.00663257 0.0021139
 0.941904 0.0480678 0.00921345 0.000576362 0.000237991
 0.328842 0.654961 0.0134016 0.00256876 0.000227046
 0.62785 0.193119 0.17471 0.00357486 0.000745779
 0.907877 0.0743524 0.00922157 0.00834252 0.000206313
 0.0182108 0.940129 0.0336242 0.00417025 0.00386602
 0.698512 0.0118669 0.277331 0.00991891 0.00237064
 0.673259 0.273503 0.00209554 0.0489729 0.00217016
 0.0177931 0.810754 0.143516 0.0010996 0.0268365
 0.790805 0.00793777 0.166126 0.0294069 0.0057242
 0.345981 0.582723 0.00270528 0.0566175 0.0119731
 0.200191 0.425303 0.33368 0.0015491 0.0392765
 0.788648 0.0744186 0.0728153 0.0571287 0.00698966
 0.724102 0.246156 0.0104722 0.0102466 0.00902275
 0.0620614 0.794316 0.12814 0.00545146 0.0100309
 0.0287506 0.117336 0.723157 0.116661 0.0140954
 0.0540787 0.0570328 0.107386 0.661834 0.119668
pobs_RECLAS
 0 0 0 0 0
 0 0 0 0 0
 0 0 0 0 0
 0 0 0 0 0
 0 0 0 0 0
 0 0 0 0 0
 0 0 0 0 0
 0 0 0 0 0
 0 0 0 0 0
 0 0 0 0 0
 0.991045 0.00858322 0.000360255 1.14367e-05 0
 0.934742 0.0480273 0.0164251 0.00080598 0
 0.827803 0.169806 0.00239088 0 0
 0.941827 0.0461693 0.0120037 0 0
 0.791401 0.0380133 0.147996 0.0225897 0
 0.846168 0.0940531 0.0597789 0 0
 0.134021 0.677848 0.182769 0.00536245 0
 0.80878 0.0450904 0.141981 0.00414843 0
 0.846168 0.0940531 0.0597789 0 0
 0.905697 0.0802665 0.012482 0.00150086 5.37128e-05
 0.989698 0.0102097 9.19794e-05 0 0
 0.975433 0.0193895 0.00387452 0.00125025 5.28907e-05
 0.303575 0.632131 0.0575291 0.00676475 0
 0.966965 0.00978017 0.0227588 0.000495775 0
 0.843318 0.132988 0.00938335 0.0141283 0.000182051
 0.564624 0.303363 0.111486 0.0197234 0.00080311
 0.826376 0.0876187 0.0782897 0.00655872 0.00115652
 0.89761 0.0855135 0.0140674 0.00269457 0.000114338
 0.34875 0.467042 0.161289 0.0227151 0.000203297
 0.318654 0.224769 0.449479 0.00709798 0
 0.937255 0.0296025 0.0250945 0.00804832 0
ppred_RECLAS
 0.854959 0.0916835 0.0337285 0.012408 0.00722118
 0.0112657 0.91871 0.0442636 0.0162837 0.00947671
 0.578783 0.010621 0.381516 0.0183815 0.0106976
 0.536342 0.351767 0.00282136 0.101346 0.00772456
 0.318478 0.531654 0.113701 0.000911947 0.0352548
 0.999051 0.000687262 0.000204079 4.3645e-05 1.38828e-05
 0.0617853 0.937835 0.000275223 8.17261e-05 2.30378e-05
 0.159749 0.124894 0.715067 0.000209848 7.98789e-05
 0.910003 0.0269086 0.00937741 0.0536894 2.17536e-05
 0.228522 0.742378 0.00870049 0.00303204 0.0173666
 0.966274 0.0154292 0.017607 0.00020635 0.000483797
 0.569402 0.423568 0.00321626 0.00367024 0.000143863
 0.491174 0.38585 0.120968 0.000918545 0.00108928
 0.800276 0.141356 0.0442617 0.0138765 0.000230322
 0.648498 0.322957 0.0202031 0.00632604 0.00201621
 0.944242 0.0461338 0.00884275 0.000553173 0.000228416
 0.332406 0.651482 0.0133304 0.00255512 0.000225841
 0.637649 0.188034 0.17011 0.00348073 0.000726142
 0.909868 0.0727458 0.00902232 0.00816226 0.000201855
 0.0185128 0.93984 0.0336139 0.00416897 0.00386483
 0.702182 0.0117225 0.273955 0.00979815 0.00234178
 0.678626 0.26901 0.00206111 0.0481685 0.00213452
 0.0180393 0.810551 0.14348 0.00109932 0.0268298
 0.792899 0.00785834 0.164464 0.0291126 0.00566692
 0.348565 0.580421 0.00269459 0.0563938 0.0119257
 0.202358 0.424151 0.332776 0.0015449 0.0391701
 0.791559 0.0733936 0.0718124 0.0563419 0.00689339
 0.725727 0.244707 0.0104105 0.0101862 0.00896961
 0.0623948 0.794033 0.128095 0.00544953 0.0100274
 0.0291204 0.117291 0.722882 0.116617 0.0140901
 0.0565992 0.0568808 0.1071 0.660071 0.11935
pobs_PELACES
 0 0 0 0 0
 0 0 0 0 0
 0 0 0 0 0
 0 0 0 0 0
 0 0 0 0 0
 0 0 0 0 0
 0 0 0 0 0
 0 0 0 0 0
 0 0 0 0 0
 0 0 0 0 0
 0 0 0 0 0
 0 0 0 0 0
 0 0 0 0 0
 0 0 0 0 0
 0 0 0 0 0
 0 0 0 0 0
 0.505614 0.472636 0.0217494 0 0
 0 0 0 0 0
 0.443492 0.261883 0.143347 0.151278 0
 0.227955 0.32914 0.350689 0.0885471 0.00366901
 0.970185 0.0296113 0.000203453 0 0
 0.997202 0.00247181 0.000326279 0 0
 0.445219 0.490057 0.0546422 0.010081 0
 0.90214 0.0892962 0.00764917 0.000914606 0
 0 0 0 0 0
 0.581667 0.319106 0.0959925 0.00289975 0.000334073
 0.762889 0.0836404 0.116647 0.0363945 0.000428098
 0.88444 0.0763242 0.0277011 0.0115352 0
 0.521256 0.241999 0.230069 0.00667565 0
 0.616807 0.101726 0.260614 0.0208532 0
 0 0 0 0 0
ppred_PELACES
 0.863495 0.0862879 0.0317435 0.0116778 0.0067962
 0.0122366 0.917808 0.0442201 0.0162677 0.0094674
 0.600262 0.0100794 0.362062 0.0174442 0.0101521
 0.605337 0.299422 0.00240153 0.086265 0.00657511
 0.480344 0.405383 0.0866965 0.000695354 0.0268815
 0.999145 0.000618954 0.000183796 3.93071e-05 1.2503e-05
 0.0734888 0.926136 0.00027179 8.07067e-05 2.27504e-05
 0.170189 0.123342 0.706183 0.000207241 7.88865e-05
 0.921796 0.0233824 0.00814855 0.0466537 1.89029e-05
 0.272165 0.700382 0.0082083 0.00286051 0.0163842
 0.967336 0.0149432 0.0170524 0.00019985 0.000468557
 0.596813 0.396604 0.00301152 0.0034366 0.000134705
 0.528541 0.357513 0.112085 0.000851089 0.00100929
 0.834191 0.117352 0.0367456 0.0115202 0.000191211
 0.686787 0.287777 0.0180024 0.00563695 0.00179658
 0.950089 0.0412956 0.00791538 0.000495159 0.000204461
 0.344214 0.63996 0.0130946 0.00250993 0.000221846
 0.663589 0.174574 0.157932 0.00323155 0.00067416
 0.915713 0.068028 0.0084372 0.00763291 0.000188764
 0.0195303 0.938865 0.033579 0.00416465 0.00386082
 0.71387 0.0112624 0.263204 0.00941364 0.00224988
 0.694677 0.255574 0.00195817 0.0457627 0.00202791
 0.0188872 0.809851 0.143356 0.00109838 0.0268066
 0.79988 0.00759342 0.158919 0.0281312 0.00547588
 0.357519 0.572443 0.00265755 0.0556186 0.0117618
 0.209774 0.420207 0.329682 0.00153054 0.0388059
 0.800761 0.0701533 0.0686419 0.0538544 0.00658905
 0.731481 0.239572 0.0101921 0.00997252 0.00878143
 0.0636382 0.79298 0.127925 0.0054423 0.0100141
 0.0304023 0.117136 0.721928 0.116463 0.0140715
 0.0637336 0.0564507 0.10629 0.655079 0.118447
pobs_pel_tallas
 0 0 0 0 0 0 0 0 0 0 0 0 0 0 0 0 0 0 0 0 0 0 0 0 0 0
 0 0 0 0 0 0 0 0 0 0 0 0 0 0 0 0 0 0 0 0 0 0 0 0 0 0
 0 0 0 0 0 0 0 0 0 0 0 0 0 0 0 0 0 0 0 0 0 0 0 0 0 0
 0 0 0 0 0 0 0 0 0 0 0 0 0 0 0 0 0 0 0 0 0 0 0 0 0 0
 0 0 0 0 0 0 0 0 0 0 0 0 0 0 0 0 0 0 0 0 0 0 0 0 0 0
 0 0 0 0 0 0 0 0 0 0 0 0 0 0 0 0 0 0 0 0 0 0 0 0 0 0
 0 0 0 0 0 0 0 0 0 0 0 0 0 0 0 0 0 0 0 0 0 0 0 0 0 0
 0 0 0 0 0 0 0 0 0 0 0 0 0 0 0 0 0 0 0 0 0 0 0 0 0 0
 0 0 0 0 0 0 0 0 0 0 0 0 0 0 0 0 0 0 0 0 0 0 0 0 0 0
 0 0 0 0 0 0 0 0 0 0 0 0 0 0 0 0 0 0 0 0 0 0 0 0 0 0
 0 0 0 0 0 0 0 0 0 0 0 0 0 0 0 0 0 0 0 0 0 0 0 0 0 0
 0 0 0 0 0 0 0 0 0 0 0 0 0 0 0 0 0 0 0 0 0 0 0 0 0 0
 0.00862536 0 0 0.000197151 0.00414017 0.0128641 0.00837892 0.0270097 0.101434 0.158115 0.152841 0.127902 0.109271 0.109419 0.0830992 0.0579132 0.0238553 0.00714673 0.00463305 0.00128148 0.00103504 0.000492878 0.000147863 0.000147863 4.92878e-05 0
 0 0 0 0 0 0 0 0 0 0 0 0 0 0 0 0 0 0 0 0 0 0 0 0 0 0
 0 0 0 0 0 0 0 0.0054083 0.00873648 0.0413646 0.0450493 0.0745869 0.0622846 0.0627006 0.0613931 0.0827291 0.12552 0.122667 0.0946155 0.0697135 0.0546179 0.0294188 0.0215738 0.0213955 0.0102223 0.00600262
 0 0 0 0 0.00359764 0.0251062 0.0480494 0.140153 0.205849 0.193036 0.1447 0.116669 0.0760912 0.0342217 0.00950174 0.001854 0.000860785 0 0 0 0.000165536 0 0.000143464 0 0 0
 0 0 0 0 0 0 0 0.000145254 0.000435761 0.0275982 0.070085 0.0708112 0.156366 0.174668 0.174014 0.160142 0.0824315 0.0480064 0.0283245 0.00493863 0.00203355 0 0 0 0 0
 0 0 0 0 0 0 0 0 0 0 0 0 0 0 0 0 0 0 0 0 0 0 0 0 0 0
 0 0 1.00437e-05 0.000401748 0.00122533 0.00171747 0.00176769 0.0269171 0.070346 0.194647 0.189555 0.159765 0.064822 0.0314167 0.0384472 0.0292271 0.0345202 0.0313363 0.0194345 0.0106764 0.0143323 0.0359363 0.0279516 0.0138201 0.00172751 0
 0 0.0021121 0.0136068 0.0755702 0.200478 0.177729 0.0527432 0.0373336 0.0318909 0.0142505 0.0149659 0.0166563 0.0217959 0.0798694 0.0677717 0.0528807 0.04013 0.0224614 0.0357745 0.0225083 0.00881397 0.00855152 0.00135912 0.000746735 0 0
 0 0 0 0 5.4009e-05 0.00500934 0.000945158 0.0243581 0.138947 0.33067 0.221406 0.137944 0.0707744 0.0437923 0.0131692 0.00525238 0.0047753 0.00276346 9.45158e-05 9.00151e-06 2.25038e-05 9.00151e-06 4.50075e-06 0 0 0
 0.000866109 0.00284123 0.00948549 0.0512746 0.133035 0.25785 0.225252 0.132002 0.0553304 0.0519788 0.0540692 0.017754 0.00435017 0.00159236 0.00146478 0.000404838 0.000125132 0.000115318 0.000107957 0.000100596 0 0 0 0 0 0
 0 0 0 0 0.00144013 0.00171154 0.00461396 0.0210425 0.0478622 0.0707936 0.0888783 0.103762 0.0637923 0.0337046 0.0602308 0.124433 0.169614 0.0934646 0.0462172 0.0250306 0.0313229 0.00938855 0.002487 0.000210481 0 0
 0 0.00764035 0.051015 0.0998891 0.058973 0.0496711 0.0374665 0.0718981 0.12319 0.153886 0.159021 0.0857701 0.0377988 0.023471 0.0147837 0.00900784 0.00315554 0.000888139 0.00291439 0.00214683 0.00393193 0.00274676 0.000635225 9.99891e-05 0 0
 0 0 0 0 0 0 0 0 0 0 0 0 0 0 0 0 0 0 0 0 0 0 0 0 0 0
 0 0 0 0 0 0 0 0 0 0 0 0 0 0 0 0 0 0 0 0 0 0 0 0 0 0
 0 0 0 0 0 0 0 0 0 0 0 0 0 0 0 0 0 0 0 0 0 0 0 0 0 0
 0 0 0 0 0 0 0 0 0 0 0 0 0 0 0 0 0 0 0 0 0 0 0 0 0 0
 0 0 0 0 0 0 0 0 0 0 0 0 0 0 0 0 0 0 0 0 0 0 0 0 0 0
 0 0 0 0 0 0 0 0 0 0 0 0 0 0 0 0 0 0 0 0 0 0 0 0 0 0
 0 0 0 0 0 0 0 0 0 0 0 0 0 0 0 0 0 0 0 0 0 0 0 0 0 0
ppred_pel_tallas
 1.0326e-16 7.11249e-05 0.00069136 0.00459433 0.0208852 0.0649815 0.13845 0.202074 0.202082 0.138491 0.0651187 0.0212818 0.00559171 0.00287442 0.00423428 0.00693293 0.010088 0.0129161 0.0146708 0.0150164 0.0142127 0.0129037 0.0116819 0.0107799 0.0100736 0.00930195
 1.04745e-16 1.0081e-06 9.79919e-06 6.51233e-05 0.000296096 0.000921737 0.00196712 0.00288959 0.00297791 0.00239863 0.00237023 0.00447809 0.0105559 0.0228892 0.0433888 0.0715605 0.102692 0.128315 0.139799 0.133183 0.111587 0.0832126 0.0565796 0.0366642 0.0241392 0.0170593
 1.13919e-16 4.94428e-05 0.000480601 0.00319376 0.0145184 0.0451721 0.096244 0.140471 0.140473 0.0962518 0.0451998 0.0146057 0.00343993 0.00110761 0.00150246 0.00308837 0.00603144 0.0108856 0.0181328 0.0278154 0.039171 0.0504903 0.0594359 0.0638229 0.0625116 0.055905
 1.0991e-16 4.98608e-05 0.000484665 0.00322077 0.0146412 0.0455543 0.0970593 0.141667 0.141696 0.0972001 0.0460271 0.0160065 0.00664666 0.00796007 0.0142388 0.0234446 0.0337455 0.0424279 0.0468126 0.0457849 0.0405329 0.0338044 0.0282512 0.0251101 0.0239992 0.0236345
 1.07225e-16 3.95654e-05 0.00038459 0.00255573 0.011618 0.0361482 0.077019 0.11242 0.112459 0.0772102 0.0367902 0.0134729 0.00721391 0.0105607 0.0193872 0.0320442 0.0462879 0.0584833 0.0649411 0.0639537 0.0567879 0.0467694 0.0372334 0.0299514 0.0249457 0.0213233
 1.00012e-16 8.22983e-05 0.000799969 0.00531607 0.0241661 0.0751897 0.1602 0.233816 0.233816 0.1602 0.0751907 0.0241689 0.00532321 0.000815564 0.000111992 5.50679e-05 7.17268e-05 9.0811e-05 0.000101811 0.00010189 9.28425e-05 7.94388e-05 6.6335e-05 5.58122e-05 4.76653e-05 4.05923e-05
 1.00257e-16 6.05337e-06 5.8841e-05 0.000391023 0.00177759 0.00553122 0.0117881 0.0172238 0.0173129 0.0122232 0.00699127 0.00599193 0.0109591 0.0230943 0.0436524 0.0718882 0.102927 0.128108 0.138611 0.130378 0.106613 0.0757951 0.0468569 0.0251983 0.0117995 0.00482388
 1.20445e-16 1.40182e-05 0.000136262 0.000905512 0.00411633 0.0128075 0.0272882 0.0398307 0.0398436 0.027352 0.0130247 0.00475708 0.00256454 0.00392509 0.00769768 0.0139708 0.0230598 0.0350763 0.0498821 0.0669889 0.0851641 0.101985 0.11398 0.117738 0.111531 0.0963612
 1.04924e-16 7.59272e-05 0.000738039 0.00490453 0.0222953 0.0693689 0.147798 0.215716 0.215718 0.147809 0.0694064 0.0224039 0.00517859 0.00134119 0.00123662 0.00196661 0.00293248 0.00393129 0.00483463 0.00563913 0.00648307 0.00754278 0.00887087 0.0102988 0.0114781 0.0120324
 1.03476e-16 2.2418e-05 0.000217911 0.0014481 0.00658289 0.0204822 0.0436419 0.0637108 0.0637782 0.043971 0.0215867 0.00977119 0.00944413 0.01765 0.033061 0.0544429 0.0780094 0.0972317 0.105483 0.0997393 0.0824486 0.0600142 0.0391299 0.0237672 0.0145191 0.00984577
 1.00596e-16 7.96782e-05 0.0007745 0.00514683 0.0233967 0.0727959 0.155099 0.226372 0.226374 0.155107 0.07282 0.0234667 0.00532346 0.00116372 0.000829459 0.00127264 0.00188919 0.00250734 0.00300613 0.00332257 0.00346978 0.00349969 0.00344336 0.00328574 0.00299324 0.00256082
 1.00556e-16 4.91588e-05 0.000477841 0.00317542 0.014435 0.044913 0.0956932 0.139675 0.139713 0.0958795 0.0455383 0.0162402 0.00770241 0.0103464 0.0187505 0.0308135 0.0441324 0.0549707 0.0595597 0.0561689 0.0461694 0.0331785 0.0209932 0.0118901 0.0062548 0.0032798
 1.03583e-16 4.35353e-05 0.000423179 0.00281217 0.0127838 0.0397752 0.0847466 0.123697 0.123732 0.0849154 0.0403424 0.0144232 0.00693177 0.00943023 0.01719 0.0284537 0.0412228 0.0523253 0.0585217 0.0582575 0.05251 0.0439914 0.0354082 0.0281829 0.0223865 0.0174934
 1.02279e-16 6.87112e-05 0.000667898 0.00443842 0.0201764 0.0627763 0.133752 0.195217 0.195229 0.133807 0.0629626 0.0207149 0.00579167 0.00362754 0.00570571 0.00936617 0.0135847 0.0172912 0.0194397 0.0195431 0.0179406 0.015523 0.0131504 0.0112284 0.00969654 0.00830067
 1.01463e-16 5.65698e-05 0.000549878 0.00365414 0.0166112 0.0516837 0.110119 0.160727 0.160755 0.110254 0.052138 0.0179229 0.00694496 0.00772787 0.0136716 0.022467 0.0322528 0.0403356 0.0440115 0.0420364 0.0353775 0.0265832 0.018296 0.0120531 0.00805768 0.00571377
 1.00324e-16 7.82576e-05 0.000760692 0.00505507 0.0229796 0.0714981 0.152334 0.222337 0.222341 0.152354 0.0715634 0.0231684 0.00552916 0.00179607 0.00204584 0.00326138 0.00469737 0.00592044 0.00654546 0.00639332 0.00558961 0.00447308 0.00338857 0.00252732 0.00190723 0.00145498
 1.00831e-16 2.83526e-05 0.000275597 0.00183144 0.00832552 0.0259041 0.0551937 0.0805697 0.0806313 0.0554944 0.0269134 0.0112391 0.00913883 0.016207 0.0302242 0.0497621 0.0713061 0.0888789 0.0964086 0.0910973 0.075133 0.0543112 0.0347119 0.0199773 0.0107307 0.00570615
 1.05041e-16 5.4659e-05 0.000531305 0.00353071 0.0160501 0.0499379 0.106399 0.155295 0.155312 0.106482 0.0502182 0.0168623 0.00557934 0.00503563 0.00870298 0.0145446 0.02151 0.0282137 0.033229 0.0358106 0.0361983 0.0351978 0.0334422 0.031007 0.0276326 0.0232229
 1.01059e-16 7.54261e-05 0.000733168 0.00487216 0.0221481 0.0689111 0.146823 0.214293 0.2143 0.146855 0.0690187 0.0224589 0.00565215 0.002436 0.00330987 0.00535399 0.00770958 0.00970601 0.0107178 0.0104637 0.00917237 0.00742511 0.00580295 0.00461075 0.00383962 0.00331167
 1.02281e-16 1.60888e-06 1.5639e-05 0.000103931 0.000472511 0.00147064 0.0031367 0.00459703 0.00468736 0.00357798 0.00295187 0.0047487 0.0108297 0.0234036 0.0443412 0.0730966 0.104815 0.130789 0.14214 0.134776 0.111882 0.0818928 0.0536338 0.0323503 0.0188926 0.0113939
 1.08924e-16 5.88005e-05 0.000571562 0.00379823 0.0172662 0.0537216 0.11446 0.167057 0.167059 0.114467 0.0537479 0.0173474 0.0040215 0.00112345 0.00129542 0.00253881 0.00478987 0.0083865 0.0136255 0.0205018 0.0284566 0.0362738 0.0423006 0.0450055 0.0436219 0.0385045
 1.05055e-16 5.72197e-05 0.000556196 0.00369612 0.016802 0.0522775 0.111384 0.162573 0.162597 0.111504 0.0526808 0.0179665 0.0066175 0.00692828 0.0121442 0.0199501 0.0286564 0.0358945 0.0393185 0.0379098 0.0326281 0.0258109 0.0197935 0.0157968 0.0137284 0.0127296
 1.08991e-16 1.55588e-06 1.51238e-05 0.000100507 0.000456937 0.00142212 0.00303286 0.00444292 0.00452101 0.00341447 0.00270357 0.00415869 0.00939423 0.0203093 0.0385607 0.0637895 0.0919891 0.115877 0.127998 0.124878 0.109049 0.0872557 0.0663608 0.0501615 0.0389572 0.031151
 1.08336e-16 6.58851e-05 0.000640426 0.00425586 0.0193465 0.0601942 0.12825 0.187185 0.187186 0.128255 0.0602115 0.0193998 0.00440203 0.00100046 0.000869819 0.00164795 0.00310203 0.00543835 0.00887545 0.0134635 0.0189149 0.0245118 0.0292063 0.031942 0.032061 0.0295739
 1.07792e-16 2.94485e-05 0.00028625 0.00190223 0.00864731 0.0269053 0.0573266 0.0836814 0.0837365 0.0575956 0.0278083 0.0112542 0.00844105 0.0145448 0.0270638 0.0445804 0.0639584 0.0799138 0.0871208 0.0832151 0.0702916 0.0536046 0.0385157 0.0280058 0.0221793 0.0193917
 1.16342e-16 1.72789e-05 0.000167957 0.00111613 0.00507381 0.0157867 0.0336368 0.0491024 0.0491434 0.0338369 0.01646 0.0070237 0.00603075 0.0109631 0.0207137 0.0347229 0.051195 0.0668265 0.0781667 0.0834898 0.0835738 0.0806797 0.0766794 0.0719691 0.065864 0.0577605
 1.08515e-16 6.59577e-05 0.000641132 0.00426055 0.0193678 0.0602606 0.128392 0.187393 0.1874 0.128425 0.0603738 0.0196964 0.00509088 0.00247251 0.0036 0.00599605 0.00898697 0.0120663 0.0147741 0.0169366 0.0187399 0.020497 0.0222935 0.0238204 0.0245226 0.0239271
 1.02842e-16 6.02512e-05 0.000585663 0.00389194 0.0176922 0.0550471 0.117285 0.171185 0.171208 0.117397 0.0554253 0.0187839 0.0066307 0.00655913 0.0113897 0.0186949 0.0268355 0.0335646 0.0366454 0.0350697 0.0296806 0.0226377 0.0161586 0.0114993 0.00875506 0.0073176
 1.06135e-16 5.24196e-06 5.09538e-05 0.00033861 0.00153932 0.0047898 0.010208 0.0149149 0.0149913 0.0105815 0.00604412 0.00516242 0.00943381 0.0199081 0.0377237 0.0623713 0.0898775 0.113075 0.124625 0.121098 0.10497 0.0828782 0.0616128 0.044991 0.033411 0.0253982
 1.34925e-16 2.50422e-06 2.43419e-05 0.000161761 0.000735351 0.00228801 0.00487531 0.00711825 0.00713066 0.00493654 0.00249687 0.0013531 0.00176716 0.00371029 0.00753484 0.0138427 0.0231856 0.0359391 0.0522876 0.0720493 0.0941583 0.11609 0.13391 0.143397 0.141806 0.1292
 1.88822e-16 5.24966e-06 5.10286e-05 0.000339103 0.00154152 0.00479626 0.0102192 0.0149164 0.0149222 0.0102479 0.00489424 0.00183057 0.0010885 0.00176985 0.00352683 0.00653979 0.0112274 0.0182395 0.0286125 0.0437621 0.0650025 0.0925785 0.124654 0.156962 0.183577 0.198696
pSPR Fmed_Fpbrs
0.477814   0.285935 0.285935
Fs Fmed_Fpbrs
0.521911   1.005 1.005
SSBpbr Bo_Bmed_Bpbrs
1.64443e+06  703512  387980 387980
Ro
57470.1
SPR SPRFo_SPRFmed_SPRFpbrs
409225 195534 117012
Fref
1.005
log_Ro
10.779
likeval ReclasPelacesDesembMPH_pf_preclas_ppelaces_ptallas_desvR_qrecl_qpela
 77.9771 40.67 1.48519 0.00190708 325.152 199.559 122.584 0 144.472 0 0 1.76779 0 0 0
q_reclas_q_pelaces
1 1
M
1
N
 424186 25311.6 9311.64 3425.56 1993.6
 2722.26 125998 6070.62 2233.26 1299.7
 74047.7 777.225 27918.6 1345.12 782.83
 41395.8 20815.5 166.951 5997.05 457.094
 2760.62 6476.92 1385.18 11.1099 429.494
 318841 128.536 38.1682 8.16278 2.59646
 8487.33 85386.2 25.058 7.44085 2.0975
 4052.38 1776.91 10173.5 2.98558 1.13646
 63523.1 1184.82 412.897 2364 0.957833
 6351.04 14683.7 172.089 59.9715 343.499
 137374 1153.19 1315.97 15.4228 36.1595
 103596 45712.9 347.11 396.105 15.5262
 54956 27077.4 8489.09 64.4599 76.4417
 103046 12848.2 4023.07 1261.28 20.9347
 58796.1 19019.3 1189.78 372.547 118.736
 439446 12816.7 2456.66 153.68 63.4577
 106848 113418 2320.71 444.825 39.317
 191120 33500.2 30306.8 620.127 129.37
 1.11339e+06 49748.6 6170.08 5581.91 138.042
 11891.5 327854 11725.9 1454.3 1348.21
 407771 3708.17 86660.4 3099.45 740.777
 569519 126390 968.379 22631.1 1002.87
 6929.43 167117 29582.4 226.656 5531.7
 418216 2212.17 46297.4 8195.37 1595.27
 152832 135033 626.884 13119.8 2774.47
 44476.1 49925.8 39170.3 181.847 4610.62
 282300 14261.8 13954.5 10948.3 1339.52
 496351 87454.2 3720.56 3640.4 3205.6
 25449.4 167184 26970.5 1147.4 2111.27
 4077.7 8783.52 54134.2 8733.02 1055.16
 2155.02 1311.26 2468.94 15216.5 2751.34
pred_Ctot
 52543.7 5765.07 2120.85 780.218 454.068
 393.336 32995.9 1589.75 584.836 340.361
 11284.5 213.483 7668.52 369.47 215.023
 16094 12260.1 98.3327 3532.2 269.224
 1773.89 5184.61 1108.8 8.89318 343.8
 56260.8 40.1895 11.9341 2.55226 0.811837
 2419.04 39858.4 11.6971 3.4734 0.979116
 535.671 429.393 2458.44 0.72147 0.274628
 15494.3 487.816 169.999 973.313 0.394362
 2151.19 7825.93 91.7179 31.9628 183.074
 8357.37 134.71 153.725 1.80161 4.22397
 19491.8 15114.2 114.766 130.965 5.13346
 13134.4 10962.8 3436.97 26.0978 30.9489
 34298.3 6758.79 2116.33 663.494 11.0126
 15795.8 8470.05 529.858 165.91 52.8782
 85317.4 4353.97 834.551 52.2067 21.5572
 10108.9 20134.1 411.977 78.9661 6.97961
 36334.4 11176 10110.7 206.881 43.1591
 143018 11712.8 1452.68 1314.2 32.5006
 1160.74 59922.9 2143.17 265.808 246.416
 41158.6 699.239 16341.3 584.454 139.686
 74204 30144.4 230.962 5397.61 239.187
 585.852 26694.7 4725.38 36.2052 883.614
 32685.7 328.085 6866.35 1215.45 236.594
 10926.9 18403.8 85.4392 1788.12 378.138
 3649.15 7752.58 6082.45 28.2376 715.946
 28574.8 2696.38 2638.29 2069.93 253.254
 26675.5 9068.27 385.79 377.479 332.393
 999.747 12795.6 2064.21 87.8177 161.589
 328.067 1338.89 8251.79 1331.19 160.84
 446.857 471.267 887.337 5468.8 988.831
F
 0.213902 0.427804 0.427804 0.427804 0.427804
 0.253488 0.506976 0.506976 0.506976 0.506976
 0.269013 0.538027 0.538027 0.538027 0.538027
 0.854934 1.70987 1.70987 1.70987 1.70987
 2.067 4.134 4.134 4.134 4.134
 0.317509 0.635018 0.635018 0.635018 0.635018
 0.563699 1.1274 1.1274 1.1274 1.1274
 0.229716 0.459431 0.459431 0.459431 0.459431
 0.464665 0.92933 0.92933 0.92933 0.92933
 0.706083 1.41217 1.41217 1.41217 1.41217
 0.100324 0.200649 0.200649 0.200649 0.200649
 0.3418 0.683599 0.683599 0.683599 0.683599
 0.453327 0.906654 0.906654 0.906654 0.906654
 0.689719 1.37944 1.37944 1.37944 1.37944
 0.523324 1.04665 1.04665 1.04665 1.04665
 0.354439 0.708877 0.708877 0.708877 0.708877
 0.159853 0.319706 0.319706 0.319706 0.319706
 0.34592 0.69184 0.69184 0.69184 0.69184
 0.222592 0.445184 0.445184 0.445184 0.445184
 0.165286 0.330571 0.330571 0.330571 0.330571
 0.171335 0.342671 0.342671 0.342671 0.342671
 0.226096 0.452191 0.452191 0.452191 0.452191
 0.141804 0.283609 0.283609 0.283609 0.283609
 0.130483 0.260966 0.260966 0.260966 0.260966
 0.118798 0.237596 0.237596 0.237596 0.237596
 0.137366 0.274732 0.274732 0.274732 0.274732
 0.171856 0.343713 0.343713 0.343713 0.343713
 0.0881862 0.176372 0.176372 0.176372 0.176372
 0.0638157 0.127631 0.127631 0.127631 0.127631
 0.134543 0.269087 0.269087 0.269087 0.269087
 0.382748 0.765496 0.765496 0.765496 0.765496
nmprior
 8 9 7.5 0
nm_flota  nm_reclas  nm_pelaces    nm_pelaL
inf 4.22579 2.59544 3.14089
cv_recla  cv_pelaces  cv_mph
0.798746 0.750415 1.34769
 ------------------------------------------------
Talla a la edad & desviación 
 8 13.2811 15.8009 17.003 17.5766
 0.8 1.32811 1.58009 1.7003 1.75766
