years
 1991 1992 1993 1994 1995 1996 1997 1998 1999 2000 2001 2002 2003 2004 2005 2006 2007 2008 2009 2010 2011 2012 2013 2014 2015 2016 2017 2018 2019 2020 2021
reclasobs
 0 0 0 0 0 0 0 0 0 252601 567819 844713 477998 351125 339783 2.1784e+06 2.13404e+06 4.81314e+06 1.55562e+06 2.62356e+06 3.21686e+06 3.843e+06 1.13348e+06 3.07943e+06 1.97215e+06 2.03268e+06 2.025e+06 2.42433e+06 2.27542e+06 1.05018e+06 2.36338e+06
reclaspred
 3.36886e+06 1.9662e+06 826700 491246 95691.6 2.12792e+06 828523 258708 730249 213662 255641 752157 525454 405823 289365 1.92349e+06 1.15526e+06 6.91465e+06 4.48508e+06 1.58105e+06 3.66902e+06 3.66471e+06 2.00151e+06 4.35227e+06 2.67497e+06 1.35054e+06 2.46617e+06 5.22672e+06 3.96339e+06 1.55717e+06 325456
pelacesobs
 0 0 0 0 0 0 0 0 0 0 0 0 0 0 0 552880 188675 0 991730 2.46772e+06 1.41603e+06 1.21717e+06 2.29649e+06 1.80582e+06 0 1.4828e+06 1.56532e+06 1.57751e+06 1.42118e+06 867257 0
pelacespred
 517782 414621 189532 86634.4 12901.2 492581 148740 60463.3 159557 34094.8 56346.8 140074 98375.6 76194.8 52772 370847 219541 1.7087e+06 1.06934e+06 373821 825788 800257 440653 1.13248e+06 664574 326070 691407 1.43335e+06 913502 446129 71607.4
mphobs
 0 0 0 0 0 0 0 0 0 0 0 498337 0 5186 125008 0 168611 109162 213762 579715 649985 157893 87575 83554 0 0 0 0 0 0 0
mphpred
 169870 1.10503e+06 519674 160708 81042.5 13236.3 596099 161789 60843.5 170476 27338.7 77237.6 186373 90549.8 50955.2 49056.1 604578 316685 2.18427e+06 1.08926e+06 465715 960964 1.08717e+06 597876 1.25134e+06 754871 335889 650344 1.94618e+06 1.0756e+06 278696
desembarqueobs
 494567 514787 250237 358949 120608 361735 552515 73892 212993 205616 52469 317467 293654 387597 252695 516296 358380 742168 942051 627588 828172 859565 418607 520667 417249 300574 407403 355545 319650 289779 219260
desembarquepred
 494241 519909 247161 358266 120450 361458 551624 73849.5 212771 205296 52438 317051 293148 386720 252254 515736 358088 741618 940359 625955 827306 858427 418189 520298 416780 300153 407035 355320 319375 289308 218796
Reclutas
 530070 1451.9 5489.75 95619.2 1647.61 327221 1786.2 501.707 66994.2 2163.42 40356.7 155691 59580.1 70917.2 44291 399363 3979.16 1.03033e+06 168709 31154.4 420091 555257 4581.87 330947 138953 15828.8 234155 462357 9740.12 3681.26 3316.95
log_desv_Rt
 2.67373 -3.2264 -1.89639 0.961099 -3.09995 2.19136 -3.01919 -4.28901 0.605332 -2.82758 0.0984838 1.4486 0.488047 0.662238 0.191508 2.3906 -2.2182 3.33836 1.5289 -0.160318 2.4412 2.72016 -2.07717 2.20268 1.33486 -0.837445 1.85671 2.53706 -1.32302 -2.29602 -2.40023
SSB
 169870 1.10503e+06 519674 160708 81042.5 13236.3 596099 161789 60843.5 170476 27338.7 77237.6 186373 90549.8 50955.2 49056.1 604578 316685 2.18427e+06 1.08926e+06 465715 960964 1.08717e+06 597876 1.25134e+06 754871 335889 650344 1.94618e+06 1.0756e+06 278696
BT
 1.48045e+06 1.40172e+06 672107 524728 130825 1.45611e+06 836194 210439 560067 262475 175334 584735 486671 581647 371453 1.26036e+06 790260 4.60821e+06 3.34696e+06 1.51009e+06 2.64228e+06 2.59533e+06 1.37778e+06 3.10994e+06 1.92577e+06 1.039e+06 2.02963e+06 3.64563e+06 2.36762e+06 1.3495e+06 405697
Ftot
 0.274151 0.467627 0.525378 1.19442 1.79308 0.31708 1.08053 0.503002 0.529158 1.46103 0.378596 0.743675 0.942473 1.49003 1.39105 0.490618 0.543562 0.201935 0.377236 0.683478 0.412796 0.42568 0.373686 0.223221 0.283909 0.397579 0.306169 0.128331 0.147479 0.333751 1.09124
BD_Bspro_t
 0.957084 0.711813 0.442372 0.239349 0.142501 0.0386354 0.526556 0.209912 0.133129 0.314039 0.10002 0.340728 0.361948 0.187949 0.110684 0.111947 0.470096 0.319138 0.692247 0.495129 0.282569 0.441986 0.486657 0.378901 0.585277 0.522532 0.404035 0.593071 0.789077 0.674886 0.432692
BD_Bspro
 0.652308 4.24334 1.99557 0.617124 0.311206 0.0508278 2.28904 0.621275 0.233641 0.654633 0.104982 0.296595 0.715679 0.347714 0.195669 0.188377 2.3216 1.21608 8.38764 4.18278 1.78836 3.69013 4.17477 2.29586 4.80518 2.89873 1.28982 2.49734 7.4734 4.13033 1.0702
BD_Bo
 0.10394 0.676142 0.317977 0.0983338 0.0495882 0.00809901 0.36474 0.0989952 0.0372288 0.104311 0.016728 0.04726 0.114038 0.0554054 0.0311784 0.0300164 0.369928 0.193773 1.3365 0.666493 0.284961 0.587993 0.665216 0.365828 0.765667 0.461889 0.205523 0.397931 1.19083 0.658135 0.170528
BD_Brms
 0.803693 5.22812 2.45869 0.760345 0.38343 0.0626238 2.82027 0.765459 0.287864 0.806558 0.129345 0.365428 0.881772 0.42841 0.24108 0.232095 2.86039 1.4983 10.3342 5.15351 2.2034 4.54653 5.14363 2.82868 5.92035 3.57146 1.58916 3.07692 9.2078 5.08889 1.31857
Sel_flota
 0.964229 1 1 1 1
 0.964229 1 1 1 1
 0.964229 1 1 1 1
 0.964229 1 1 1 1
 0.964229 1 1 1 1
 0.964229 1 1 1 1
 0.964229 1 1 1 1
 0.964229 1 1 1 1
 0.964229 1 1 1 1
 0.964229 1 1 1 1
 0.964229 1 1 1 1
 0.964229 1 1 1 1
 0.964229 1 1 1 1
 0.964229 1 1 1 1
 0.964229 1 1 1 1
 0.964229 1 1 1 1
 0.964229 1 1 1 1
 0.964229 1 1 1 1
 0.964229 1 1 1 1
 0.964229 1 1 1 1
 0.964229 1 1 1 1
 0.964229 1 1 1 1
 0.964229 1 1 1 1
 0.964229 1 1 1 1
 0.964229 1 1 1 1
 0.964229 1 1 1 1
 0.964229 1 1 1 1
 0.964229 1 1 1 1
 0.964229 1 1 1 1
 0.964229 1 1 1 1
 0.964229 1 1 1 1
Sel_reclas
 1 1 1 1 1
 1 1 1 1 1
 1 1 1 1 1
 1 1 1 1 1
 1 1 1 1 1
 1 1 1 1 1
 1 1 1 1 1
 1 1 1 1 1
 1 1 1 1 1
 1 1 1 1 1
 1 1 1 1 1
 1 1 1 1 1
 1 1 1 1 1
 1 1 1 1 1
 1 1 1 1 1
 1 1 1 1 1
 1 1 1 1 1
 1 1 1 1 1
 1 1 1 1 1
 1 1 1 1 1
 1 1 1 1 1
 1 1 1 1 1
 1 1 1 1 1
 1 1 1 1 1
 1 1 1 1 1
 1 1 1 1 1
 1 1 1 1 1
 1 1 1 1 1
 1 1 1 1 1
 1 1 1 1 1
 1 1 1 1 1
Sel_pelaces
 1 1 1 1 1
 1 1 1 1 1
 1 1 1 1 1
 1 1 1 1 1
 1 1 1 1 1
 1 1 1 1 1
 1 1 1 1 1
 1 1 1 1 1
 1 1 1 1 1
 1 1 1 1 1
 1 1 1 1 1
 1 1 1 1 1
 1 1 1 1 1
 1 1 1 1 1
 1 1 1 1 1
 1 1 1 1 1
 1 1 1 1 1
 1 1 1 1 1
 1 1 1 1 1
 1 1 1 1 1
 1 1 1 1 1
 1 1 1 1 1
 1 1 1 1 1
 1 1 1 1 1
 1 1 1 1 1
 1 1 1 1 1
 1 1 1 1 1
 1 1 1 1 1
 1 1 1 1 1
 1 1 1 1 1
 1 1 1 1 1
pf_obs 
 0.8446 0.082 0.0669 0.0065 0
 0.8095 0.147 0.0364 0.0071 0
 0.9664 0.0169 0.016 0.0007 0
 0.9276 0.0648 0.0075 0.0001 0
 0.7033 0.2144 0.0806 0.0017 0
 0.9318 0.0425 0.0243 0.0014 0
 0.5671 0.3108 0.0964 0.0239 0.0018
 0.0768 0.2599 0.5324 0.112 0.0189
 0.490249 0.384438 0.106611 0.0170017 0.00170017
 0.7925 0.1577 0.0466 0.003 0.0002
 0.840416 0.127587 0.0312969 0.00059994 9.999e-05
 0.8084 0.0986 0.0794 0.0134 0.0002
 0.7335 0.1905 0.0724 0.0035 0.0001
 0.4001 0.4547 0.1325 0.0127 0
 0.49795 0.308269 0.164784 0.0264974 0.00249975
 0.9179 0.0499 0.0305 0.0017 0
 0.2467 0.6533 0.0926 0.0074 0
 0.9418 0.0223 0.034 0.0019 0
 0.707729 0.231977 0.0356964 0.0245975 0
 0.517169 0.277429 0.184464 0.0207286 0.00020938
 0.811772 0.124168 0.05621 0.00726502 0.000585176
 0.764997 0.148141 0.077277 0.00933861 0.000247198
 0.163321 0.427699 0.378323 0.0303852 0.000271297
 0.753843 0.0900009 0.118128 0.0371064 0.000921714
 0.721811 0.176058 0.0630433 0.0369309 0.00215725
 0.143369 0.312575 0.442814 0.0836902 0.0175525
 0.692698 0.0596174 0.167031 0.0765114 0.00414204
 0.394062 0.376323 0.152708 0.0712218 0.00568511
 0.125707 0.32114 0.495352 0.0537591 0.00404204
 0.23352 0.215282 0.420074 0.123614 0.00750983
 0 0 0 0 0
pf_pred 
 0.969418 0.0223128 0.00745868 0.000809943 1.0962e-07
 0.00905262 0.961862 0.021221 0.00709374 0.000770419
 0.129342 0.00825543 0.83709 0.0184683 0.00684403
 0.911998 0.0118676 0.000721889 0.0731986 0.00221341
 0.117799 0.809045 0.0098656 0.000600107 0.0626901
 0.997325 0.000338507 0.00214256 2.61267e-05 0.000167609
 0.0192523 0.978235 0.000317957 0.00201249 0.000181974
 0.0412124 0.0196147 0.936767 0.000304478 0.00210144
 0.961083 0.00167863 0.000761805 0.0363827 9.34422e-05
 0.121263 0.846089 0.00140824 0.000639095 0.0306006
 0.962927 0.0047889 0.031085 5.17383e-05 0.00114773
 0.934148 0.0635132 0.00030206 0.00196069 7.56568e-05
 0.660866 0.31789 0.0204899 9.74473e-05 0.000656942
 0.841365 0.106893 0.0485014 0.00312621 0.0001151
 0.856185 0.122368 0.0144513 0.00655714 0.000438208
 0.987447 0.0108535 0.0014459 0.000170756 8.26566e-05
 0.040045 0.948455 0.00994338 0.00132465 0.000232162
 0.979687 0.0008522 0.0192277 0.000201579 3.15608e-05
 0.339475 0.647633 0.000540865 0.0122033 0.000147967
 0.19718 0.280635 0.511993 0.000427586 0.00976438
 0.933866 0.0135923 0.0183667 0.0335083 0.000667031
 0.82934 0.159844 0.00222306 0.00300391 0.00558946
 0.0266605 0.813442 0.149764 0.00208287 0.00805146
 0.883474 0.00324436 0.0946724 0.0174302 0.00117948
 0.548802 0.400505 0.00141139 0.0411851 0.00809575
 0.180864 0.458157 0.320423 0.00112918 0.039427
 0.914684 0.0160094 0.0387645 0.0271109 0.00343144
 0.864765 0.124144 0.00208127 0.0050395 0.0039706
 0.0516264 0.8244 0.113806 0.00190795 0.0082598
 0.0579334 0.0504927 0.775025 0.10699 0.00955879
 0.166176 0.0503328 0.0419934 0.644567 0.0969303
pobs_RECLAS
 0 0 0 0 0
 0 0 0 0 0
 0 0 0 0 0
 0 0 0 0 0
 0 0 0 0 0
 0 0 0 0 0
 0 0 0 0 0
 0 0 0 0 0
 0 0 0 0 0
 0 0 0 0 0
 0.991045 0.00858322 0.000360255 1.14367e-05 0
 0.934742 0.0480273 0.0164251 0.00080598 0
 0.827803 0.169806 0.00239088 0 0
 0.941827 0.0461693 0.0120037 0 0
 0.791401 0.0380133 0.147996 0.0225897 0
 0.846168 0.0940531 0.0597789 0 0
 0.134021 0.677848 0.182769 0.00536245 0
 0.80878 0.0450904 0.141981 0.00414843 0
 0.846168 0.0940531 0.0597789 0 0
 0.905697 0.0802665 0.012482 0.00150086 5.37128e-05
 0.989698 0.0102097 9.19794e-05 0 0
 0.975433 0.0193895 0.00387452 0.00125025 5.28907e-05
 0.303575 0.632131 0.0575291 0.00676475 0
 0.966965 0.00978017 0.0227588 0.000495775 0
 0.843318 0.132988 0.00938335 0.0141283 0.000182051
 0.564624 0.303363 0.111486 0.0197234 0.00080311
 0.826376 0.0876187 0.0782897 0.00655872 0.00115652
 0.89761 0.0855135 0.0140674 0.00269457 0.000114338
 0.34875 0.467042 0.161289 0.0227151 0.000203297
 0.318654 0.224769 0.449479 0.00709798 0
 0.937255 0.0296025 0.0250945 0.00804832 0
ppred_RECLAS
 0.970509 0.0215171 0.00719269 0.00078106 1.05711e-07
 0.0094036 0.961521 0.0212135 0.00709123 0.000770146
 0.133765 0.0082135 0.832838 0.0183745 0.00680926
 0.915437 0.011404 0.000693685 0.0703388 0.00212693
 0.123051 0.804228 0.00980686 0.000596534 0.0623169
 0.997424 0.000326038 0.00206363 2.51642e-05 0.000161435
 0.0200741 0.977416 0.00031769 0.0020108 0.000181822
 0.0427644 0.0195829 0.935251 0.000303986 0.00209804
 0.962507 0.00161724 0.000733945 0.0350521 9.0025e-05
 0.126263 0.841275 0.00140023 0.000635459 0.0304265
 0.964257 0.00461704 0.0299694 4.98815e-05 0.00110654
 0.936572 0.061176 0.000290945 0.00188854 7.28728e-05
 0.67011 0.309224 0.0199314 9.4791e-05 0.000639035
 0.84746 0.102785 0.0466378 0.00300609 0.000110677
 0.861689 0.117685 0.0138983 0.00630619 0.000421437
 0.987916 0.0104484 0.00139192 0.000164382 7.95711e-05
 0.0415642 0.946954 0.00992765 0.00132255 0.000231795
 0.980413 0.000821746 0.0185406 0.000194376 3.04329e-05
 0.348029 0.639246 0.00053386 0.0120452 0.000146051
 0.203538 0.278413 0.507938 0.0004242 0.00968706
 0.93618 0.0131166 0.0177238 0.0323355 0.000643686
 0.834674 0.154847 0.00215358 0.00291002 0.00541474
 0.0276619 0.812605 0.14961 0.00208073 0.00804317
 0.887251 0.00313919 0.0916035 0.0168652 0.00114125
 0.558065 0.392283 0.00138241 0.0403396 0.00792955
 0.186566 0.454968 0.318193 0.00112132 0.0391525
 0.917571 0.0154676 0.0374525 0.0261933 0.00331531
 0.869017 0.120241 0.00201583 0.00488107 0.00384576
 0.0534642 0.822803 0.113585 0.00190426 0.0082438
 0.0600262 0.0503805 0.773304 0.106752 0.00953756
 0.172181 0.0499703 0.041691 0.639925 0.0962322
pobs_PELACES
 0 0 0 0 0
 0 0 0 0 0
 0 0 0 0 0
 0 0 0 0 0
 0 0 0 0 0
 0 0 0 0 0
 0 0 0 0 0
 0 0 0 0 0
 0 0 0 0 0
 0 0 0 0 0
 0 0 0 0 0
 0 0 0 0 0
 0 0 0 0 0
 0 0 0 0 0
 0 0 0 0 0
 0 0 0 0 0
 0.505614 0.472636 0.0217494 0 0
 0 0 0 0 0
 0.443492 0.261883 0.143347 0.151278 0
 0.227955 0.32914 0.350689 0.0885471 0.00366901
 0.970185 0.0296113 0.000203453 0 0
 0.997202 0.00247181 0.000326279 0 0
 0.445219 0.490057 0.0546422 0.010081 0
 0.90214 0.0892962 0.00764917 0.000914606 0
 0 0 0 0 0
 0.581667 0.319106 0.0959925 0.00289975 0.000334073
 0.762889 0.0836404 0.116647 0.0363945 0.000428098
 0.88444 0.0763242 0.0277011 0.0115352 0
 0.521256 0.241999 0.230069 0.00667565 0
 0.616807 0.101726 0.260614 0.0208532 0
 0 0 0 0 0
ppred_PELACES
 0.970602 0.0214496 0.00717014 0.00077861 1.05379e-07
 0.00945516 0.961471 0.0212124 0.00709086 0.000770106
 0.134485 0.00820667 0.832146 0.0183592 0.0068036
 0.916522 0.0112577 0.000684784 0.0694362 0.00209964
 0.125354 0.802117 0.00978111 0.000594968 0.0621533
 0.997433 0.000324823 0.00205594 2.50704e-05 0.000160833
 0.0203265 0.977164 0.000317609 0.00201028 0.000181775
 0.0430081 0.0195779 0.935013 0.000303908 0.0020975
 0.962731 0.00160755 0.000729545 0.034842 8.94853e-05
 0.128178 0.839431 0.00139716 0.000634066 0.0303598
 0.964411 0.00459718 0.0298405 4.9667e-05 0.00110179
 0.937091 0.0606749 0.000288562 0.00187307 7.22759e-05
 0.672565 0.306923 0.0197831 9.40856e-05 0.00063428
 0.84972 0.101263 0.0459469 0.00296155 0.000109037
 0.863634 0.11603 0.0137028 0.00621749 0.00041551
 0.987985 0.0103888 0.00138398 0.000163444 7.91171e-05
 0.0418206 0.9467 0.00992499 0.0013222 0.000231733
 0.980459 0.000819827 0.0184973 0.000193922 3.03619e-05
 0.34904 0.638254 0.000533033 0.0120265 0.000145824
 0.204849 0.277954 0.507102 0.000423502 0.00967111
 0.936471 0.0130569 0.0176432 0.0321883 0.000640756
 0.835367 0.154199 0.00214456 0.00289783 0.00539207
 0.0277808 0.812505 0.149591 0.00208048 0.00804219
 0.887514 0.00313186 0.0913896 0.0168258 0.00113859
 0.558892 0.39155 0.00137983 0.0402642 0.00791472
 0.187279 0.454569 0.317914 0.00112033 0.0391182
 0.917844 0.0154163 0.0373285 0.0261066 0.00330433
 0.869189 0.120082 0.00201318 0.00487464 0.0038407
 0.0535523 0.822726 0.113575 0.00190408 0.00824303
 0.0602488 0.0503686 0.77312 0.106727 0.0095353
 0.174025 0.049859 0.0415981 0.6385 0.0960178
pobs_pel_tallas
 0 0 0 0 0 0 0 0 0 0 0 0 0 0 0 0 0 0 0 0 0 0 0 0 0 0
 0 0 0 0 0 0 0 0 0 0 0 0 0 0 0 0 0 0 0 0 0 0 0 0 0 0
 0 0 0 0 0 0 0 0 0 0 0 0 0 0 0 0 0 0 0 0 0 0 0 0 0 0
 0 0 0 0 0 0 0 0 0 0 0 0 0 0 0 0 0 0 0 0 0 0 0 0 0 0
 0 0 0 0 0 0 0 0 0 0 0 0 0 0 0 0 0 0 0 0 0 0 0 0 0 0
 0 0 0 0 0 0 0 0 0 0 0 0 0 0 0 0 0 0 0 0 0 0 0 0 0 0
 0 0 0 0 0 0 0 0 0 0 0 0 0 0 0 0 0 0 0 0 0 0 0 0 0 0
 0 0 0 0 0 0 0 0 0 0 0 0 0 0 0 0 0 0 0 0 0 0 0 0 0 0
 0 0 0 0 0 0 0 0 0 0 0 0 0 0 0 0 0 0 0 0 0 0 0 0 0 0
 0 0 0 0 0 0 0 0 0 0 0 0 0 0 0 0 0 0 0 0 0 0 0 0 0 0
 0 0 0 0 0 0 0 0 0 0 0 0 0 0 0 0 0 0 0 0 0 0 0 0 0 0
 0 0 0 0 0 0 0 0 0 0 0 0 0 0 0 0 0 0 0 0 0 0 0 0 0 0
 0.00862536 0 0 0.000197151 0.00414017 0.0128641 0.00837892 0.0270097 0.101434 0.158115 0.152841 0.127902 0.109271 0.109419 0.0830992 0.0579132 0.0238553 0.00714673 0.00463305 0.00128148 0.00103504 0.000492878 0.000147863 0.000147863 4.92878e-05 0
 0 0 0 0 0 0 0 0 0 0 0 0 0 0 0 0 0 0 0 0 0 0 0 0 0 0
 0 0 0 0 0 0 0 0.0054083 0.00873648 0.0413646 0.0450493 0.0745869 0.0622846 0.0627006 0.0613931 0.0827291 0.12552 0.122667 0.0946155 0.0697135 0.0546179 0.0294188 0.0215738 0.0213955 0.0102223 0.00600262
 0 0 0 0 0.00359764 0.0251062 0.0480494 0.140153 0.205849 0.193036 0.1447 0.116669 0.0760912 0.0342217 0.00950174 0.001854 0.000860785 0 0 0 0.000165536 0 0.000143464 0 0 0
 0 0 0 0 0 0 0 0.000145254 0.000435761 0.0275982 0.070085 0.0708112 0.156366 0.174668 0.174014 0.160142 0.0824315 0.0480064 0.0283245 0.00493863 0.00203355 0 0 0 0 0
 0 0 0 0 0 0 0 0 0 0 0 0 0 0 0 0 0 0 0 0 0 0 0 0 0 0
 0 0 1.00437e-05 0.000401748 0.00122533 0.00171747 0.00176769 0.0269171 0.070346 0.194647 0.189555 0.159765 0.064822 0.0314167 0.0384472 0.0292271 0.0345202 0.0313363 0.0194345 0.0106764 0.0143323 0.0359363 0.0279516 0.0138201 0.00172751 0
 0 0.0021121 0.0136068 0.0755702 0.200478 0.177729 0.0527432 0.0373336 0.0318909 0.0142505 0.0149659 0.0166563 0.0217959 0.0798694 0.0677717 0.0528807 0.04013 0.0224614 0.0357745 0.0225083 0.00881397 0.00855152 0.00135912 0.000746735 0 0
 0 0 0 0 5.4009e-05 0.00500934 0.000945158 0.0243581 0.138947 0.33067 0.221406 0.137944 0.0707744 0.0437923 0.0131692 0.00525238 0.0047753 0.00276346 9.45158e-05 9.00151e-06 2.25038e-05 9.00151e-06 4.50075e-06 0 0 0
 0.000866109 0.00284123 0.00948549 0.0512746 0.133035 0.25785 0.225252 0.132002 0.0553304 0.0519788 0.0540692 0.017754 0.00435017 0.00159236 0.00146478 0.000404838 0.000125132 0.000115318 0.000107957 0.000100596 0 0 0 0 0 0
 0 0 0 0 0.00144013 0.00171154 0.00461396 0.0210425 0.0478622 0.0707936 0.0888783 0.103762 0.0637923 0.0337046 0.0602308 0.124433 0.169614 0.0934646 0.0462172 0.0250306 0.0313229 0.00938855 0.002487 0.000210481 0 0
 0 0.00764035 0.051015 0.0998891 0.058973 0.0496711 0.0374665 0.0718981 0.12319 0.153886 0.159021 0.0857701 0.0377988 0.023471 0.0147837 0.00900784 0.00315554 0.000888139 0.00291439 0.00214683 0.00393193 0.00274676 0.000635225 9.99891e-05 0 0
 0 0 0 0 0 0 0 0 0 0 0 0 0 0 0 0 0 0 0 0 0 0 0 0 0 0
 0 0 0 0 0 0 0 0 0 0 0 0 0 0 0 0 0 0 0 0 0 0 0 0 0 0
 0 0 0 0 0 0 0 0 0 0 0 0 0 0 0 0 0 0 0 0 0 0 0 0 0 0
 0 0 0 0 0 0 0 0 0 0 0 0 0 0 0 0 0 0 0 0 0 0 0 0 0 0
 0 0 0 0 0 0 0 0 0 0 0 0 0 0 0 0 0 0 0 0 0 0 0 0 0 0
 0 0 0 0 0 0 0 0 0 0 0 0 0 0 0 0 0 0 0 0 0 0 0 0 0 0
 0 0 0 0 0 0 0 0 0 0 0 0 0 0 0 0 0 0 0 0 0 0 0 0 0 0
ppred_pel_tallas
 1.00291e-16 7.99472e-05 0.000777115 0.0051642 0.0234757 0.0730417 0.155623 0.227137 0.227139 0.155633 0.0730757 0.0235741 0.00541159 0.00131816 0.00111041 0.00171674 0.00248271 0.0031579 0.00354518 0.00355248 0.00323843 0.00276343 0.00228509 0.00188232 0.0015531 0.00126186
 1.017e-16 7.79009e-07 7.57234e-06 5.03253e-05 0.000228828 0.000712467 0.0015214 0.00223992 0.0023324 0.00197321 0.00222895 0.00460652 0.0110298 0.0239454 0.0453738 0.0747763 0.107168 0.133608 0.144988 0.137111 0.113268 0.082159 0.0529 0.0309343 0.0171667 0.00966932
 1.27009e-16 1.10774e-05 0.000107676 0.000715544 0.00325276 0.0101206 0.021563 0.0314722 0.0314743 0.0215737 0.0101604 0.00338438 0.0011077 0.0011677 0.00262024 0.00586381 0.0120418 0.022603 0.0387355 0.0605189 0.0860726 0.111299 0.130738 0.139452 0.135074 0.11887
 1.07342e-16 7.54927e-05 0.000733816 0.00487646 0.0221677 0.0689719 0.146952 0.214481 0.214482 0.146957 0.0689903 0.022221 0.00501174 0.00103461 0.000664175 0.0010284 0.00160305 0.00231767 0.00319429 0.00433506 0.00589639 0.0079865 0.010532 0.0132052 0.0154793 0.0168023
 1.11066e-16 1.03254e-05 0.000100366 0.000666974 0.00303201 0.00943414 0.0201033 0.0293575 0.0294347 0.0204802 0.0106993 0.0066841 0.00982673 0.0200716 0.037868 0.0624032 0.0894708 0.111649 0.121418 0.115407 0.0965225 0.072176 0.0500358 0.0345292 0.0260745 0.0225447
 1.0009e-16 8.21573e-05 0.000798598 0.00530696 0.0241247 0.0750608 0.159925 0.233415 0.233415 0.159925 0.0750614 0.0241264 0.00531141 0.00080881 0.00010301 4.40441e-05 6.4233e-05 9.88007e-05 0.000143018 0.000195781 0.000253813 0.000310044 0.000353967 0.000374825 0.000366322 0.000329849
 1.00492e-16 1.67447e-06 1.62766e-05 0.000108168 0.000491774 0.00153059 0.00326457 0.00478443 0.00487839 0.00372356 0.0030711 0.00493837 0.0112587 0.0243216 0.0460545 0.0758531 0.108608 0.135188 0.146292 0.137641 0.112621 0.0801771 0.0497293 0.0269639 0.0128995 0.00558267
 1.27373e-16 3.54253e-06 3.44346e-05 0.00022883 0.00104023 0.00323656 0.00689596 0.0100655 0.0100689 0.00691288 0.00329754 0.0012346 0.000785456 0.00147638 0.00340442 0.00734308 0.0145653 0.0265766 0.0445668 0.0685241 0.0963243 0.123447 0.143908 0.152349 0.146313 0.127397
 1.03531e-16 7.92989e-05 0.000770814 0.00512233 0.0232854 0.0724494 0.154361 0.225295 0.225295 0.154362 0.0724522 0.0232937 0.00514418 0.000821457 0.000184786 0.000206408 0.000357443 0.000606895 0.00100074 0.00160567 0.00248286 0.00364589 0.00501645 0.00640727 0.00755489 0.00819957
 1.05457e-16 1.0558e-05 0.000102628 0.000682 0.00310032 0.00964668 0.0205563 0.0300194 0.0301001 0.0209506 0.0109702 0.00692075 0.0102628 0.020988 0.039589 0.0652061 0.0934057 0.116368 0.126153 0.119152 0.0983425 0.0714612 0.0465929 0.0285292 0.0179551 0.0129356
 1.01054e-16 7.94372e-05 0.000772158 0.00513126 0.023326 0.0725758 0.15463 0.225688 0.225688 0.154633 0.072584 0.0233503 0.00519442 0.000917166 0.000375716 0.000549683 0.000910054 0.0014055 0.00203317 0.00277749 0.00358702 0.0043558 0.00493102 0.00516142 0.00496582 0.00437786
 1.00225e-16 7.7187e-05 0.000750285 0.00498591 0.0226652 0.0705199 0.15025 0.219296 0.219302 0.150279 0.0706156 0.0229414 0.00567854 0.00226025 0.00293887 0.00472069 0.00675628 0.00841987 0.00913301 0.00863371 0.00713448 0.00518974 0.00337809 0.00204124 0.00122813 0.000804527
 1.00767e-16 5.53984e-05 0.000538492 0.00357847 0.0162672 0.0506135 0.107839 0.1574 0.157429 0.107983 0.051098 0.0176661 0.00708782 0.00819274 0.0145724 0.0239512 0.0343736 0.0429628 0.0468229 0.0446119 0.0373468 0.02774 0.0186213 0.011663 0.00713338 0.00445279
 1.01668e-16 6.99903e-05 0.000680331 0.00452104 0.020552 0.0639449 0.136242 0.198851 0.198861 0.13629 0.0641061 0.021018 0.00569318 0.00324674 0.00496627 0.00815704 0.0118768 0.0152101 0.0172616 0.017597 0.016464 0.014559 0.012548 0.0107366 0.009088 0.00746005
 1.0112e-16 7.11364e-05 0.000691471 0.00459507 0.0208885 0.064992 0.138473 0.202107 0.202119 0.138527 0.0651754 0.0214182 0.00592455 0.00359324 0.00558068 0.00910973 0.0131077 0.0164666 0.0181095 0.0175428 0.0151469 0.0119168 0.00886522 0.00655342 0.00501874 0.00400586
 1.00073e-16 8.1379e-05 0.000791033 0.00525669 0.0238962 0.0743498 0.15841 0.231204 0.231205 0.158415 0.0743662 0.0239436 0.00537575 0.0010509 0.0005748 0.000821139 0.00117416 0.00147453 0.00162085 0.00156798 0.00134906 0.00105243 0.000768739 0.000549353 0.000399898 0.000300322
 1.00701e-16 3.44491e-06 3.34858e-05 0.000222529 0.00101164 0.00314808 0.00671069 0.00981353 0.00990457 0.00715545 0.00464087 0.00532068 0.0110289 0.0235907 0.0446456 0.0735472 0.105347 0.131213 0.142147 0.134004 0.110039 0.0788721 0.0495665 0.0275786 0.013874 0.00658172
 1.00559e-16 8.07591e-05 0.000785007 0.00521665 0.0237141 0.0737834 0.157203 0.229443 0.229443 0.157204 0.0737853 0.0237199 0.00523261 0.000824342 0.000168566 0.000184882 0.000337358 0.000587487 0.00095014 0.00142332 0.00196676 0.00249498 0.00289332 0.00305728 0.00293735 0.002563
 1.0141e-16 2.87501e-05 0.000279461 0.00185712 0.00844225 0.0262673 0.0559675 0.0816991 0.0817605 0.0562673 0.0272736 0.011347 0.00914146 0.0161583 0.0301185 0.049571 0.0709961 0.0884218 0.0957918 0.0903345 0.0742771 0.0534631 0.0340146 0.0195851 0.010758 0.00617876
 1.16385e-16 1.68732e-05 0.000164013 0.00108993 0.00495467 0.015416 0.0328463 0.0479459 0.0479734 0.0329811 0.0158705 0.00627672 0.00444283 0.00759686 0.0144643 0.0247456 0.0376375 0.0514549 0.0643113 0.0750486 0.0834613 0.0895615 0.092682 0.091448 0.0847532 0.0728565
 1.0385e-16 7.71359e-05 0.000749788 0.00498261 0.0226502 0.0704732 0.150151 0.219149 0.219151 0.150157 0.0704946 0.0227125 0.00514091 0.00110181 0.000765154 0.0011955 0.00184271 0.00259811 0.0034196 0.00432057 0.00535907 0.0065693 0.0078785 0.00908025 0.00989515 0.0100854
 1.01305e-16 6.88081e-05 0.000668839 0.00444467 0.0202048 0.0628648 0.133941 0.195493 0.195508 0.134013 0.063108 0.0209069 0.00620554 0.00450806 0.00734629 0.0119999 0.0171962 0.0214522 0.0233128 0.0221206 0.0184224 0.0136294 0.0092074 0.0060107 0.00414041 0.00322555
 1.06095e-16 2.28844e-06 2.22445e-05 0.000147827 0.000672046 0.0020914 0.00445885 0.00652425 0.00660261 0.00484175 0.00337717 0.00438631 0.00947312 0.0203859 0.0386947 0.064012 0.0923117 0.116278 0.128411 0.125184 0.109078 0.0867984 0.0651881 0.0480767 0.0358638 0.027117
 1.04519e-16 7.31034e-05 0.000710591 0.00472213 0.0214661 0.066789 0.142301 0.207693 0.207693 0.142303 0.066797 0.0214911 0.00479205 0.000886761 0.000476759 0.000853032 0.00164351 0.00294896 0.00490252 0.00753514 0.0106732 0.013889 0.0165664 0.0180933 0.0180981 0.0166023
 1.05518e-16 4.60352e-05 0.000447479 0.00297366 0.0135178 0.0420592 0.089613 0.130801 0.130838 0.089797 0.0426769 0.015301 0.00744624 0.0102004 0.018538 0.0304964 0.043752 0.0546721 0.0596153 0.0569689 0.0481702 0.036815 0.026568 0.0194589 0.0155443 0.0136833
 1.16023e-16 1.5426e-05 0.000149947 0.00099645 0.00452975 0.014094 0.0300303 0.0438394 0.0438836 0.0302465 0.014821 0.00663467 0.00629895 0.0117877 0.0222998 0.0373162 0.0548567 0.0712769 0.0827814 0.0874927 0.0863355 0.0819453 0.0766039 0.0709785 0.0644523 0.0563332
 1.04259e-16 7.56016e-05 0.000734875 0.0048835 0.0221997 0.0690715 0.147164 0.214791 0.214792 0.147172 0.0690972 0.0222748 0.00507532 0.0011644 0.000923417 0.00149205 0.00234463 0.003382 0.00456171 0.00588146 0.00735787 0.00895217 0.0104999 0.0117186 0.0123082 0.0120825
 1.01228e-16 7.1594e-05 0.000695919 0.00462463 0.0210229 0.0654101 0.139363 0.203408 0.203419 0.13942 0.0655995 0.0215697 0.00599625 0.00368675 0.00574175 0.00935324 0.0134077 0.0167395 0.0182193 0.0173398 0.0145293 0.0108847 0.00753849 0.00514064 0.00375156 0.00306682
 1.05074e-16 4.41121e-06 4.28786e-05 0.000284947 0.00129538 0.00403082 0.00859103 0.0125555 0.0126348 0.00897842 0.00533154 0.00505209 0.00971403 0.0206239 0.039083 0.0645812 0.0929704 0.116773 0.128338 0.124091 0.106635 0.0829485 0.0602126 0.0425268 0.0303965 0.0223048
 1.34641e-16 4.96263e-06 4.82385e-05 0.000320562 0.00145723 0.00453403 0.00966044 0.0141009 0.014107 0.0096907 0.00463918 0.00177658 0.00118117 0.00212225 0.00451643 0.00895319 0.016382 0.0278751 0.0443023 0.065747 0.0907648 0.115953 0.13642 0.147325 0.145819 0.132299
 1.81495e-16 1.43342e-05 0.000139334 0.000925923 0.00420911 0.0130961 0.0279029 0.0407262 0.0407313 0.027928 0.0131814 0.00446006 0.0015743 0.00161964 0.00302973 0.00556304 0.00948665 0.0153424 0.0240654 0.0370094 0.0555349 0.0801093 0.109304 0.13935 0.164757 0.17994
pSPR Fmed_Fpbrs
0.387909   0.179328 0.179328
Fs Fmed_Fpbrs
0.501548   1.005 1.005
SSBpbr Bo_Bmed_Bpbrs
1.63431e+06  552249  211362 211362
Ro
36571.7
SPR SPRFo_SPRFmed_SPRFpbrs
260415 101017 46699.6
Fref
1.005
log_Ro
10.327
likeval ReclasPelacesDesembMPH_pf_preclas_ppelaces_ptallas_desvR_qrecl_qpela
 46.5594 59.8204 1.53047 0.00173075 362.029 167.886 118.14 0 204.171 2.15743e-05 0 7.05854 0 0 0
q_reclas_q_pelaces
1.93129 1
M
1
N
 530070 11809.9 3947.79 428.694 0.0580205
 1451.9 149705 3302.85 1104.07 119.908
 5489.75 340.267 34502.7 761.214 282.093
 95619.2 1216.89 74.0213 7505.67 226.96
 1647.61 11119.3 135.59 8.24768 861.593
 327221 107.57 680.859 8.30248 53.2624
 1786.2 88667.8 28.8198 182.413 16.4942
 501.707 231.821 11071.4 3.59856 24.8364
 66994.2 113.637 51.5712 2462.96 6.32568
 2163.42 14796.3 24.6272 11.1764 535.139
 40356.7 194.548 1262.82 2.10186 46.6265
 155691 10305.8 49.013 318.145 12.2762
 59580.1 27960.8 1802.24 8.57122 57.783
 70917.2 8833.59 4008.15 258.349 9.51181
 44291 6201.45 732.371 332.306 22.2077
 399363 4260.96 567.641 67.0366 32.4499
 3979.16 91542.4 959.71 127.852 22.4077
 1.03033e+06 866.713 19555.2 205.012 32.0983
 168709 311976 260.544 5878.52 71.2782
 31154.4 43139.3 78703.7 65.7287 1500.98
 420091 5929.43 8012.14 14617.4 290.981
 555257 103797 1443.59 1950.65 3629.62
 4581.87 135501 24947.2 346.959 1341.19
 330947 1175.61 34305 6315.94 427.392
 138953 98172 345.96 10095.3 1984.43
 15828.8 38876.2 27189 95.8144 3345.51
 234155 3968.83 9609.98 6720.97 850.678
 462357 64120.5 1074.98 2602.92 2050.82
 9740.12 150294 20747.7 347.835 1505.82
 3681.26 3108.22 47708.8 6586.05 588.418
 3316.95 981.615 818.976 12570.7 1890.38
pred_Ctot
 79525.4 1830.41 611.866 66.443 0.00899257
 345.466 36706.6 809.837 270.711 29.4007
 1436.74 91.7017 9298.43 205.146 76.0237
 45228.6 588.551 35.8005 3630.13 109.769
 975.704 6701.16 81.7148 4.97057 519.25
 55857.1 18.9587 119.998 1.46327 9.38726
 793.127 40300 13.0987 82.9077 7.49671
 126.745 60.3232 2880.95 0.936398 6.46279
 17635 30.8014 13.9784 667.589 1.71458
 1151.49 8034.36 13.3725 6.06877 290.58
 8036.46 39.9675 259.431 0.431801 9.57884
 53342 3626.75 17.2484 111.96 4.32018
 24160.4 11621.6 749.084 3.56254 24.0169
 38157.3 4847.76 2199.62 141.779 5.21995
 22932.6 3277.6 387.074 175.631 11.7373
 98854.9 1086.56 144.751 17.0946 8.27488
 1070.32 25350.1 265.765 35.405 6.20519
 117077 101.841 2297.79 24.0895 3.77164
 33492.5 63895.2 53.3616 1203.97 14.5984
 10020.3 14261.3 26018.5 21.7291 496.207
 90051.3 1310.69 1771.07 3231.15 64.3208
 122152 23543.1 327.432 442.442 823.263
 902.243 27528.5 5068.3 70.4885 272.477
 41227.7 151.4 4417.93 813.39 55.0412
 21508.4 15696.4 55.3144 1614.11 317.284
 3286.64 8325.56 5822.68 20.5192 716.462
 38755.6 678.325 1642.47 1148.7 145.392
 34362.7 4933.03 82.7022 200.252 157.777
 825.669 13184.8 1820.12 30.5142 132.1
 657.264 572.848 8792.79 1213.82 108.446
 1482.21 448.944 374.561 5749.22 864.57
F
 0.264345 0.274151 0.274151 0.274151 0.274151
 0.4509 0.467627 0.467627 0.467627 0.467627
 0.506585 0.525378 0.525378 0.525378 0.525378
 1.1517 1.19442 1.19442 1.19442 1.19442
 1.72894 1.79308 1.79308 1.79308 1.79308
 0.305738 0.31708 0.31708 0.31708 0.31708
 1.04188 1.08053 1.08053 1.08053 1.08053
 0.485009 0.503002 0.503002 0.503002 0.503002
 0.51023 0.529158 0.529158 0.529158 0.529158
 1.40877 1.46103 1.46103 1.46103 1.46103
 0.365053 0.378596 0.378596 0.378596 0.378596
 0.717073 0.743675 0.743675 0.743675 0.743675
 0.908759 0.942473 0.942473 0.942473 0.942473
 1.43673 1.49003 1.49003 1.49003 1.49003
 1.34129 1.39105 1.39105 1.39105 1.39105
 0.473068 0.490618 0.490618 0.490618 0.490618
 0.524118 0.543562 0.543562 0.543562 0.543562
 0.194712 0.201935 0.201935 0.201935 0.201935
 0.363742 0.377236 0.377236 0.377236 0.377236
 0.659029 0.683478 0.683478 0.683478 0.683478
 0.39803 0.412796 0.412796 0.412796 0.412796
 0.410453 0.42568 0.42568 0.42568 0.42568
 0.360319 0.373686 0.373686 0.373686 0.373686
 0.215236 0.223221 0.223221 0.223221 0.223221
 0.273754 0.283909 0.283909 0.283909 0.283909
 0.383358 0.397579 0.397579 0.397579 0.397579
 0.295217 0.306169 0.306169 0.306169 0.306169
 0.123741 0.128331 0.128331 0.128331 0.128331
 0.142204 0.147479 0.147479 0.147479 0.147479
 0.321812 0.333751 0.333751 0.333751 0.333751
 1.0522 1.09124 1.09124 1.09124 1.09124
nmprior
 8 9 7.5 0
nm_flota  nm_reclas  nm_pelaces    nm_pelaL
inf 5.25515 3.93987 5.18297
cv_recla  cv_pelaces  cv_mph
0.617204 0.910101 1.28388
 ------------------------------------------------
Talla a la edad & desviación 
 8 13.2811 15.8009 17.003 17.5766
 0.8 1.32811 1.58009 1.7003 1.75766
