years
 1991 1992 1993 1994 1995 1996 1997 1998 1999 2000 2001 2002 2003 2004 2005 2006 2007 2008 2009 2010 2011 2012 2013 2014 2015 2016 2017 2018 2019 2020 2021
reclasobs
 0 0 0 0 0 0 0 0 0 252601 567819 844713 477998 351125 339783 2.1784e+06 2.13404e+06 4.81314e+06 1.55562e+06 2.62356e+06 3.21686e+06 3.843e+06 1.13348e+06 3.07943e+06 1.97215e+06 2.03268e+06 2.025e+06 2.42433e+06 2.27542e+06 1.05018e+06 2.36338e+06
reclaspred
 5.1813e+06 1.1125e+06 1.43039e+06 857210 43874.4 3.48615e+06 1.16645e+06 251047 1.11985e+06 222932 308991 1.26435e+06 572537 831083 384902 2.08602e+06 705039 5.6792e+06 5.11198e+06 1.40382e+06 3.36736e+06 3.4553e+06 1.41609e+06 3.89851e+06 2.57579e+06 1.22424e+06 2.25233e+06 4.19378e+06 2.72474e+06 505181 807554
pelacesobs
 0 0 0 0 0 0 0 0 0 0 0 0 0 0 0 552880 188675 0 991730 2.46772e+06 1.41603e+06 1.21717e+06 2.29649e+06 1.80582e+06 0 1.4828e+06 1.56532e+06 1.57751e+06 1.42118e+06 867257 0
pelacespred
 6.54421e+06 1.22004e+06 536001 413005 13657.8 1.46424e+06 734329 253610 454717 101367 123754 450026 250573 317959 126739 680332 373607 2.46781e+06 2.97691e+06 958477 1.40847e+06 1.46005e+06 972729 2.00787e+06 1.66528e+06 923971 1.20885e+06 2.37477e+06 2.29825e+06 463775 295266
mphobs
 0 0 0 0 0 0 0 0 0 0 0 498337 0 5186 125008 0 168611 109162 213762 579715 649985 157893 87575 83554 0 0 0 0 0 0 0
mphpred
 1.54351e+06 545946 60483.8 233926 42708.8 1128.26 465282 89877.3 20109.9 113797 8553.27 38425.1 135555 32459.2 41741.9 23788.5 248368 53413.7 762390 535557 133834 345643 434546 145359 492005 339387 111630 251777 713458 263080 21117.1
desembarqueobs
 494567 514787 250237 358949 120608 361735 552515 73892 212993 205616 52469 317467 293654 387597 252695 516296 358380 742168 942051 627588 828172 859565 418607 520667 417249 300574 407403 355545 319650 289779 219260
desembarquepred
 494451 513926 250979 357572 120312 361409 551644 73846.5 212734 205303 52426.5 316956 293015 386472 252072 515378 358020 741109 939914 625228 826868 857783 418025 520067 416538 300047 406712 355117 319177 288904 219058
Reclutas
 1476.98 881.536 249973 4617.72 1211.48 294330 1223.5 358.437 61854.1 1624.91 30636.3 154992 34287.6 86727.5 35522.6 270783 2671.16 534153 316869 27806.6 277680 392478 2973.17 202977 129354 10408.4 140560 215989 6105.01 1840.35 69479.1
log_desv_Rt
 -2.87281 -3.3889 2.25855 -1.73291 -3.07096 2.4219 -3.06109 -4.28881 0.861972 -2.77735 0.159377 1.78057 0.271978 1.19996 0.307363 2.33851 -2.28029 3.01788 2.49568 0.0624665 2.36366 2.70967 -2.17318 2.05028 1.59975 -0.920196 1.68283 2.11242 -1.4537 -2.65285 0.978219
SSB
 1.60377e+06 567259 62845 243059 44376 1172.31 483446 93386 20895 118240 8887.17 39925.1 140847 33726.3 43371.4 24717.1 258064 55498.8 792152 556464 139059 359136 451510 151033 511212 352636 115988 261606 741310 273350 21941.5
BT
 1.98861e+06 833260 491336 365596 106571 1.29664e+06 714243 131125 476668 209155 120125 542317 360400 610858 326620 851358 397216 2.26756e+06 2.24804e+06 900647 1.57448e+06 1.51028e+06 633421 1.66901e+06 1.0378e+06 538240 1.13718e+06 1.67545e+06 947274 427872 376288
Ftot
 0.336028 1.38551 1.34138 1.41143 4.34197 0.920677 1.53323 0.966077 1.53445 2.54121 1.34874 1.88051 2.13826 3.22119 3.75872 2.00395 1.65078 1.10209 0.989543 1.55176 1.7287 1.53827 1.03714 0.99449 0.80225 0.919563 1.31324 0.615941 0.441433 1.67943 2.08544
BD_Bspro_t
 0.948101 0.575288 0.146995 0.386742 0.0796748 0.0035269 0.475395 0.136244 0.051318 0.239189 0.0357276 0.211069 0.288781 0.0823723 0.0941301 0.0604625 0.274926 0.0789862 0.458395 0.331284 0.102403 0.22224 0.280937 0.134834 0.367433 0.340037 0.187359 0.36688 0.591424 0.340818 0.0673623
BD_Bspro
 8.62189 3.04959 0.337856 1.30669 0.238566 0.00630236 2.59901 0.502045 0.112332 0.635659 0.0477776 0.214638 0.757194 0.181313 0.233166 0.13288 1.38736 0.298363 4.25863 2.99156 0.747585 1.93072 2.42733 0.811959 2.74829 1.89578 0.623553 1.4064 3.9853 1.46954 0.117958
BD_Bo
 1.16203 0.411014 0.0455351 0.176111 0.0321532 0.000849411 0.350286 0.0676639 0.0151397 0.085672 0.00643931 0.0289282 0.102052 0.0244368 0.0314253 0.0179091 0.186983 0.0402123 0.573963 0.403192 0.100757 0.260216 0.327147 0.109433 0.370405 0.255507 0.0840403 0.18955 0.537125 0.198059 0.015898
BD_Brms
 4.10804 1.45303 0.160977 0.622593 0.113669 0.00300287 1.23834 0.239208 0.0535223 0.30287 0.0227644 0.102268 0.360778 0.0863898 0.111096 0.0633128 0.66103 0.14216 2.02909 1.42538 0.356199 0.919925 1.15654 0.386871 1.30947 0.903276 0.297102 0.670102 1.89886 0.700184 0.056203
Sel_flota
 0.378592 0.920482 0.995474 0.999761 0.999987
 0.378592 0.920482 0.995474 0.999761 0.999987
 0.378592 0.920482 0.995474 0.999761 0.999987
 0.378592 0.920482 0.995474 0.999761 0.999987
 0.378592 0.920482 0.995474 0.999761 0.999987
 0.378592 0.920482 0.995474 0.999761 0.999987
 0.378592 0.920482 0.995474 0.999761 0.999987
 0.378592 0.920482 0.995474 0.999761 0.999987
 0.378592 0.920482 0.995474 0.999761 0.999987
 0.378592 0.920482 0.995474 0.999761 0.999987
 0.378592 0.920482 0.995474 0.999761 0.999987
 0.378592 0.920482 0.995474 0.999761 0.999987
 0.378592 0.920482 0.995474 0.999761 0.999987
 0.378592 0.920482 0.995474 0.999761 0.999987
 0.378592 0.920482 0.995474 0.999761 0.999987
 0.378592 0.920482 0.995474 0.999761 0.999987
 0.378592 0.920482 0.995474 0.999761 0.999987
 0.378592 0.920482 0.995474 0.999761 0.999987
 0.378592 0.920482 0.995474 0.999761 0.999987
 0.378592 0.920482 0.995474 0.999761 0.999987
 0.378592 0.920482 0.995474 0.999761 0.999987
 0.378592 0.920482 0.995474 0.999761 0.999987
 0.378592 0.920482 0.995474 0.999761 0.999987
 0.378592 0.920482 0.995474 0.999761 0.999987
 0.378592 0.920482 0.995474 0.999761 0.999987
 0.378592 0.920482 0.995474 0.999761 0.999987
 0.378592 0.920482 0.995474 0.999761 0.999987
 0.378592 0.920482 0.995474 0.999761 0.999987
 0.378592 0.920482 0.995474 0.999761 0.999987
 0.378592 0.920482 0.995474 0.999761 0.999987
 0.378592 0.920482 0.995474 0.999761 0.999987
Sel_reclas
 0.969748 1 1 1 1
 0.969748 1 1 1 1
 0.969748 1 1 1 1
 0.969748 1 1 1 1
 0.969748 1 1 1 1
 0.969748 1 1 1 1
 0.969748 1 1 1 1
 0.969748 1 1 1 1
 0.969748 1 1 1 1
 0.969748 1 1 1 1
 0.969748 1 1 1 1
 0.969748 1 1 1 1
 0.969748 1 1 1 1
 0.969748 1 1 1 1
 0.969748 1 1 1 1
 0.969748 1 1 1 1
 0.969748 1 1 1 1
 0.969748 1 1 1 1
 0.969748 1 1 1 1
 0.969748 1 1 1 1
 0.969748 1 1 1 1
 0.969748 1 1 1 1
 0.969748 1 1 1 1
 0.969748 1 1 1 1
 0.969748 1 1 1 1
 0.969748 1 1 1 1
 0.969748 1 1 1 1
 0.969748 1 1 1 1
 0.969748 1 1 1 1
 0.969748 1 1 1 1
 0.969748 1 1 1 1
Sel_pelaces
 0.318749 0.701911 0.922181 0.983509 0.996679
 0.318749 0.701911 0.922181 0.983509 0.996679
 0.318749 0.701911 0.922181 0.983509 0.996679
 0.318749 0.701911 0.922181 0.983509 0.996679
 0.318749 0.701911 0.922181 0.983509 0.996679
 0.318749 0.701911 0.922181 0.983509 0.996679
 0.318749 0.701911 0.922181 0.983509 0.996679
 0.318749 0.701911 0.922181 0.983509 0.996679
 0.318749 0.701911 0.922181 0.983509 0.996679
 0.318749 0.701911 0.922181 0.983509 0.996679
 0.318749 0.701911 0.922181 0.983509 0.996679
 0.318749 0.701911 0.922181 0.983509 0.996679
 0.318749 0.701911 0.922181 0.983509 0.996679
 0.318749 0.701911 0.922181 0.983509 0.996679
 0.318749 0.701911 0.922181 0.983509 0.996679
 0.318749 0.701911 0.922181 0.983509 0.996679
 0.318749 0.701911 0.922181 0.983509 0.996679
 0.318749 0.701911 0.922181 0.983509 0.996679
 0.318749 0.701911 0.922181 0.983509 0.996679
 0.318749 0.701911 0.922181 0.983509 0.996679
 0.318749 0.701911 0.922181 0.983509 0.996679
 0.318749 0.701911 0.922181 0.983509 0.996679
 0.318749 0.701911 0.922181 0.983509 0.996679
 0.318749 0.701911 0.922181 0.983509 0.996679
 0.318749 0.701911 0.922181 0.983509 0.996679
 0.318749 0.701911 0.922181 0.983509 0.996679
 0.318749 0.701911 0.922181 0.983509 0.996679
 0.318749 0.701911 0.922181 0.983509 0.996679
 0.318749 0.701911 0.922181 0.983509 0.996679
 0.318749 0.701911 0.922181 0.983509 0.996679
 0.318749 0.701911 0.922181 0.983509 0.996679
pf_obs 
 0.8446 0.082 0.0669 0.0065 0
 0.8095 0.147 0.0364 0.0071 0
 0.9664 0.0169 0.016 0.0007 0
 0.9276 0.0648 0.0075 0.0001 0
 0.7033 0.2144 0.0806 0.0017 0
 0.9318 0.0425 0.0243 0.0014 0
 0.5671 0.3108 0.0964 0.0239 0.0018
 0.0768 0.2599 0.5324 0.112 0.0189
 0.490249 0.384438 0.106611 0.0170017 0.00170017
 0.7925 0.1577 0.0466 0.003 0.0002
 0.840416 0.127587 0.0312969 0.00059994 9.999e-05
 0.8084 0.0986 0.0794 0.0134 0.0002
 0.7335 0.1905 0.0724 0.0035 0.0001
 0.4001 0.4547 0.1325 0.0127 0
 0.49795 0.308269 0.164784 0.0264974 0.00249975
 0.9179 0.0499 0.0305 0.0017 0
 0.2467 0.6533 0.0926 0.0074 0
 0.9418 0.0223 0.034 0.0019 0
 0.707729 0.231977 0.0356964 0.0245975 0
 0.517169 0.277429 0.184464 0.0207286 0.00020938
 0.811772 0.124168 0.05621 0.00726502 0.000585176
 0.764997 0.148141 0.077277 0.00933861 0.000247198
 0.163321 0.427699 0.378323 0.0303852 0.000271297
 0.753843 0.0900009 0.118128 0.0371064 0.000921714
 0.721811 0.176058 0.0630433 0.0369309 0.00215725
 0.143369 0.312575 0.442814 0.0836902 0.0175525
 0.692698 0.0596174 0.167031 0.0765114 0.00414204
 0.394062 0.376323 0.152708 0.0712218 0.00568511
 0.125707 0.32114 0.495352 0.0537591 0.00404204
 0.23352 0.215282 0.420074 0.123614 0.00750983
 0 0 0 0 0
pf_pred 
 0.00645836 0.141465 0.732037 0.12004 6.03404e-07
 0.0173438 0.0175881 0.148603 0.70194 0.114526
 0.98033 0.00141616 0.000379738 0.0027716 0.0151024
 0.0427223 0.952815 0.000369727 8.58529e-05 0.00400706
 0.116692 0.131906 0.748408 0.000250107 0.00274439
 0.999164 0.000590328 4.86937e-05 0.000196692 7.71178e-07
 0.00868699 0.991062 0.000183702 1.34284e-05 5.40888e-05
 0.0233614 0.0328846 0.94355 0.000149858 5.45812e-05
 0.967457 0.00261297 0.00113496 0.0287892 6.19434e-06
 0.0732656 0.920196 0.000610019 0.000226718 0.00570193
 0.958627 0.0134311 0.0277846 1.48215e-05 0.000142195
 0.928795 0.07047 0.000262528 0.000469906 2.63302e-06
 0.417627 0.572958 0.00933409 2.91517e-05 5.19524e-05
 0.890687 0.0863638 0.0226426 0.000304181 2.61344e-06
 0.721837 0.274355 0.00316225 0.000636806 8.49999e-06
 0.979804 0.0194902 0.000698794 5.96746e-06 1.19714e-06
 0.0307818 0.965153 0.00394596 0.000117755 1.19476e-06
 0.983824 0.00189556 0.0142299 4.94975e-05 1.47856e-06
 0.549872 0.448179 0.000255995 0.00168738 6.00081e-06
 0.132197 0.694116 0.173027 8.726e-05 0.000573212
 0.914571 0.0332439 0.0429859 0.0091644 3.46616e-05
 0.798898 0.19726 0.00165101 0.00180707 0.000383102
 0.0172289 0.924603 0.0572187 0.000410188 0.000539379
 0.883401 0.0064068 0.104405 0.00569324 9.3795e-05
 0.541435 0.442473 0.000994056 0.0143104 0.000787721
 0.102886 0.701165 0.189825 0.000380543 0.00574315
 0.882055 0.03206 0.0688363 0.0165196 0.000529163
 0.75671 0.235441 0.00236262 0.00440405 0.00108212
 0.0378585 0.863144 0.0961201 0.00086952 0.00200734
 0.0498395 0.0920146 0.77722 0.078587 0.00233908
 0.959517 0.00837945 0.00360424 0.0258346 0.00266518
pobs_RECLAS
 0 0 0 0 0
 0 0 0 0 0
 0 0 0 0 0
 0 0 0 0 0
 0 0 0 0 0
 0 0 0 0 0
 0 0 0 0 0
 0 0 0 0 0
 0 0 0 0 0
 0 0 0 0 0
 0.991045 0.00858322 0.000360255 1.14367e-05 0
 0.934742 0.0480273 0.0164251 0.00080598 0
 0.827803 0.169806 0.00239088 0 0
 0.941827 0.0461693 0.0120037 0 0
 0.791401 0.0380133 0.147996 0.0225897 0
 0.846168 0.0940531 0.0597789 0 0
 0.134021 0.677848 0.182769 0.00536245 0
 0.80878 0.0450904 0.141981 0.00414843 0
 0.846168 0.0940531 0.0597789 0 0
 0.905697 0.0802665 0.012482 0.00150086 5.37128e-05
 0.989698 0.0102097 9.19794e-05 0 0
 0.975433 0.0193895 0.00387452 0.00125025 5.28907e-05
 0.303575 0.632131 0.0575291 0.00676475 0
 0.966965 0.00978017 0.0227588 0.000495775 0
 0.843318 0.132988 0.00938335 0.0141283 0.000182051
 0.564624 0.303363 0.111486 0.0197234 0.00080311
 0.826376 0.0876187 0.0782897 0.00655872 0.00115652
 0.89761 0.0855135 0.0140674 0.00269457 0.000114338
 0.34875 0.467042 0.161289 0.0227151 0.000203297
 0.318654 0.224769 0.449479 0.00709798 0
 0.937255 0.0296025 0.0250945 0.00804832 0
ppred_RECLAS
 0.016455 0.150136 0.716447 0.116961 5.87791e-07
 0.0489065 0.0188047 0.144215 0.677558 0.110516
 0.993087 0.000546682 0.000133173 0.000966829 0.00526674
 0.105634 0.890602 0.000313521 7.24087e-05 0.00337861
 0.399234 0.104327 0.494481 0.000163571 0.00179387
 0.999676 0.00023504 1.77444e-05 7.13261e-05 2.79579e-07
 0.0229785 0.976798 0.000163849 1.19108e-05 4.79619e-05
 0.061735 0.0344348 0.903635 0.000142812 5.20015e-05
 0.988748 0.000994891 0.000391053 0.0098644 2.12182e-06
 0.196739 0.798286 0.00046727 0.000172455 0.00433561
 0.984819 0.00525368 0.00987197 5.23812e-06 5.02396e-05
 0.973437 0.0263173 8.80396e-05 0.000156641 8.77426e-07
 0.676434 0.31889 0.00463589 1.43866e-05 2.56303e-05
 0.966834 0.026963 0.0061204 8.15556e-05 7.00401e-07
 0.909115 0.0898253 0.000881514 0.000175908 2.34687e-06
 0.992857 0.00691832 0.000222085 1.88484e-06 3.77997e-07
 0.0796312 0.916884 0.00338377 0.000100404 1.01841e-06
 0.994103 0.000748871 0.00512984 1.77535e-05 5.30179e-07
 0.75556 0.243476 0.000127143 0.000833915 2.96486e-06
 0.294651 0.575161 0.129696 6.50437e-05 0.000427147
 0.969095 0.0128073 0.0149229 0.00316309 1.19598e-05
 0.914444 0.0840797 0.000636763 0.000693091 0.000146893
 0.0428579 0.905128 0.0511689 0.000364988 0.000479816
 0.954275 0.00273493 0.0407427 0.00221071 3.64114e-05
 0.746486 0.245368 0.000505433 0.00724147 0.000398508
 0.226968 0.615599 0.152538 0.000304301 0.00459132
 0.954478 0.0132621 0.0258829 0.00617869 0.000197862
 0.884204 0.112364 0.0010365 0.00192316 0.000472424
 0.0875066 0.82531 0.0846611 0.000762408 0.00175965
 0.13595 0.0918357 0.69977 0.070351 0.00209331
 0.986857 0.00298415 0.00114692 0.00816936 0.000842497
pobs_PELACES
 0 0 0 0 0
 0 0 0 0 0
 0 0 0 0 0
 0 0 0 0 0
 0 0 0 0 0
 0 0 0 0 0
 0 0 0 0 0
 0 0 0 0 0
 0 0 0 0 0
 0 0 0 0 0
 0 0 0 0 0
 0 0 0 0 0
 0 0 0 0 0
 0 0 0 0 0
 0 0 0 0 0
 0 0 0 0 0
 0.505614 0.472636 0.0217494 0 0
 0 0 0 0 0
 0.443492 0.261883 0.143347 0.151278 0
 0.227955 0.32914 0.350689 0.0885471 0.00366901
 0.970185 0.0296113 0.000203453 0 0
 0.997202 0.00247181 0.000326279 0 0
 0.445219 0.490057 0.0546422 0.010081 0
 0.90214 0.0892962 0.00764917 0.000914606 0
 0 0 0 0 0
 0.581667 0.319106 0.0959925 0.00289975 0.000334073
 0.762889 0.0836404 0.116647 0.0363945 0.000428098
 0.88444 0.0763242 0.0277011 0.0115352 0
 0.521256 0.241999 0.230069 0.00667565 0
 0.616807 0.101726 0.260614 0.0208532 0
 0 0 0 0 0
ppred_PELACES
 0.00652404 0.119702 0.744254 0.129519 6.59602e-07
 0.0226023 0.0144858 0.141036 0.705306 0.116571
 0.984603 0.000910599 0.00028192 0.0021787 0.0120261
 0.0663637 0.928301 0.000414607 0.000101919 0.00481874
 0.370569 0.0951318 0.532041 0.00018655 0.00207261
 0.999356 0.000425592 4.12621e-05 0.000176659 7.01681e-07
 0.0142799 0.985429 0.000209083 1.61748e-05 6.59963e-05
 0.0279762 0.0280362 0.94377 0.000158857 5.86142e-05
 0.976328 0.00159445 0.000792707 0.0212798 4.63802e-06
 0.152771 0.840322 0.000606844 0.000238004 0.00606254
 0.970449 0.00868613 0.0207398 1.17141e-05 0.000113845
 0.959925 0.039593 0.000166103 0.000314349 1.78416e-06
 0.588449 0.404162 0.00732151 2.41587e-05 4.3609e-05
 0.958932 0.032102 0.0088401 0.000125059 1.08813e-06
 0.901491 0.0971233 0.00114101 0.000241547 3.26482e-06
 0.989295 0.0102873 0.000412872 3.72652e-06 7.57232e-07
 0.0515708 0.943896 0.00439342 0.000138707 1.42559e-06
 0.987232 0.00130406 0.0114204 4.20869e-05 1.27358e-06
 0.633059 0.364983 0.000244349 0.00170684 6.14922e-06
 0.197532 0.623876 0.177865 9.49247e-05 0.000631652
 0.945195 0.0195818 0.0287212 0.0064768 2.48138e-05
 0.867629 0.129388 0.00123932 0.00143553 0.000308284
 0.024257 0.90879 0.065788 0.000499739 0.000665708
 0.901955 0.00462078 0.08824 0.00509915 8.51038e-05
 0.61135 0.37177 0.000986351 0.0150544 0.000839508
 0.132776 0.652423 0.207616 0.000441147 0.00674473
 0.9116 0.0213871 0.0530853 0.01349 0.000437738
 0.797999 0.193969 0.00231522 0.0045774 0.00113945
 0.0451013 0.839412 0.1119 0.00107405 0.00251205
 0.0743036 0.0793794 0.762317 0.0815418 0.00245847
 0.976161 0.0043413 0.00208187 0.0157684 0.0016477
pobs_pel_tallas
 0 0 0 0 0 0 0 0 0 0 0 0 0 0 0 0 0 0 0 0 0 0 0 0 0 0
 0 0 0 0 0 0 0 0 0 0 0 0 0 0 0 0 0 0 0 0 0 0 0 0 0 0
 0 0 0 0 0 0 0 0 0 0 0 0 0 0 0 0 0 0 0 0 0 0 0 0 0 0
 0 0 0 0 0 0 0 0 0 0 0 0 0 0 0 0 0 0 0 0 0 0 0 0 0 0
 0 0 0 0 0 0 0 0 0 0 0 0 0 0 0 0 0 0 0 0 0 0 0 0 0 0
 0 0 0 0 0 0 0 0 0 0 0 0 0 0 0 0 0 0 0 0 0 0 0 0 0 0
 0 0 0 0 0 0 0 0 0 0 0 0 0 0 0 0 0 0 0 0 0 0 0 0 0 0
 0 0 0 0 0 0 0 0 0 0 0 0 0 0 0 0 0 0 0 0 0 0 0 0 0 0
 0 0 0 0 0 0 0 0 0 0 0 0 0 0 0 0 0 0 0 0 0 0 0 0 0 0
 0 0 0 0 0 0 0 0 0 0 0 0 0 0 0 0 0 0 0 0 0 0 0 0 0 0
 0 0 0 0 0 0 0 0 0 0 0 0 0 0 0 0 0 0 0 0 0 0 0 0 0 0
 0 0 0 0 0 0 0 0 0 0 0 0 0 0 0 0 0 0 0 0 0 0 0 0 0 0
 0.00862536 0 0 0.000197151 0.00414017 0.0128641 0.00837892 0.0270097 0.101434 0.158115 0.152841 0.127902 0.109271 0.109419 0.0830992 0.0579132 0.0238553 0.00714673 0.00463305 0.00128148 0.00103504 0.000492878 0.000147863 0.000147863 4.92878e-05 0
 0 0 0 0 0 0 0 0 0 0 0 0 0 0 0 0 0 0 0 0 0 0 0 0 0 0
 0 0 0 0 0 0 0 0.0054083 0.00873648 0.0413646 0.0450493 0.0745869 0.0622846 0.0627006 0.0613931 0.0827291 0.12552 0.122667 0.0946155 0.0697135 0.0546179 0.0294188 0.0215738 0.0213955 0.0102223 0.00600262
 0 0 0 0 0.00359764 0.0251062 0.0480494 0.140153 0.205849 0.193036 0.1447 0.116669 0.0760912 0.0342217 0.00950174 0.001854 0.000860785 0 0 0 0.000165536 0 0.000143464 0 0 0
 0 0 0 0 0 0 0 0.000145254 0.000435761 0.0275982 0.070085 0.0708112 0.156366 0.174668 0.174014 0.160142 0.0824315 0.0480064 0.0283245 0.00493863 0.00203355 0 0 0 0 0
 0 0 0 0 0 0 0 0 0 0 0 0 0 0 0 0 0 0 0 0 0 0 0 0 0 0
 0 0 1.00437e-05 0.000401748 0.00122533 0.00171747 0.00176769 0.0269171 0.070346 0.194647 0.189555 0.159765 0.064822 0.0314167 0.0384472 0.0292271 0.0345202 0.0313363 0.0194345 0.0106764 0.0143323 0.0359363 0.0279516 0.0138201 0.00172751 0
 0 0.0021121 0.0136068 0.0755702 0.200478 0.177729 0.0527432 0.0373336 0.0318909 0.0142505 0.0149659 0.0166563 0.0217959 0.0798694 0.0677717 0.0528807 0.04013 0.0224614 0.0357745 0.0225083 0.00881397 0.00855152 0.00135912 0.000746735 0 0
 0 0 0 0 5.4009e-05 0.00500934 0.000945158 0.0243581 0.138947 0.33067 0.221406 0.137944 0.0707744 0.0437923 0.0131692 0.00525238 0.0047753 0.00276346 9.45158e-05 9.00151e-06 2.25038e-05 9.00151e-06 4.50075e-06 0 0 0
 0.000866109 0.00284123 0.00948549 0.0512746 0.133035 0.25785 0.225252 0.132002 0.0553304 0.0519788 0.0540692 0.017754 0.00435017 0.00159236 0.00146478 0.000404838 0.000125132 0.000115318 0.000107957 0.000100596 0 0 0 0 0 0
 0 0 0 0 0.00144013 0.00171154 0.00461396 0.0210425 0.0478622 0.0707936 0.0888783 0.103762 0.0637923 0.0337046 0.0602308 0.124433 0.169614 0.0934646 0.0462172 0.0250306 0.0313229 0.00938855 0.002487 0.000210481 0 0
 0 0.00764035 0.051015 0.0998891 0.058973 0.0496711 0.0374665 0.0718981 0.12319 0.153886 0.159021 0.0857701 0.0377988 0.023471 0.0147837 0.00900784 0.00315554 0.000888139 0.00291439 0.00214683 0.00393193 0.00274676 0.000635225 9.99891e-05 0 0
 0 0 0 0 0 0 0 0 0 0 0 0 0 0 0 0 0 0 0 0 0 0 0 0 0 0
 0 0 0 0 0 0 0 0 0 0 0 0 0 0 0 0 0 0 0 0 0 0 0 0 0 0
 0 0 0 0 0 0 0 0 0 0 0 0 0 0 0 0 0 0 0 0 0 0 0 0 0 0
 0 0 0 0 0 0 0 0 0 0 0 0 0 0 0 0 0 0 0 0 0 0 0 0 0 0
 0 0 0 0 0 0 0 0 0 0 0 0 0 0 0 0 0 0 0 0 0 0 0 0 0 0
 0 0 0 0 0 0 0 0 0 0 0 0 0 0 0 0 0 0 0 0 0 0 0 0 0 0
 0 0 0 0 0 0 0 0 0 0 0 0 0 0 0 0 0 0 0 0 0 0 0 0 0 0
ppred_pel_tallas
 1.34498e-16 5.37405e-07 5.22378e-06 3.47144e-05 0.000157814 0.000491087 0.00104678 0.00153045 0.00154315 0.0011094 0.000704747 0.000789893 0.00167779 0.0037791 0.00771645 0.0141891 0.0237847 0.036899 0.0537257 0.0740689 0.0968055 0.119296 0.137453 0.14691 0.144858 0.131422
 1.94533e-16 1.86173e-06 1.80967e-05 0.000120259 0.00054668 0.00170093 0.00362409 0.00528985 0.00529173 0.00363354 0.00173425 0.000650058 0.000407749 0.000742574 0.00167692 0.00359904 0.0072609 0.0138344 0.0248972 0.0421534 0.0667681 0.0984267 0.134531 0.170095 0.19869 0.214305
 1.02263e-16 8.11004e-05 0.000788325 0.0052387 0.0238144 0.0740953 0.157868 0.230413 0.230413 0.157868 0.0740968 0.0238188 0.00525004 0.000813922 0.000132373 9.82101e-05 0.000154007 0.000242533 0.000374852 0.000578711 0.000890097 0.0013382 0.00192385 0.00260171 0.00327783 0.00382849
 1.01075e-16 5.46648e-06 5.31362e-05 0.000353113 0.00160526 0.00499503 0.0106457 0.0155565 0.0156457 0.0110818 0.00645851 0.00582954 0.0109462 0.0231435 0.0437566 0.0720634 0.103185 0.128446 0.139014 0.130832 0.107124 0.0763971 0.0476027 0.0261381 0.0129542 0.00616778
 1.15748e-16 3.05233e-05 0.000296697 0.00197166 0.00896287 0.0278869 0.0594163 0.0867219 0.0867318 0.0594654 0.028054 0.00945568 0.00324685 0.00320641 0.00592436 0.0107009 0.017625 0.0267465 0.0379422 0.0508395 0.0645221 0.0771888 0.086245 0.0891283 0.084524 0.0731665
 1.0002e-16 8.23156e-05 0.000800137 0.00531719 0.0241712 0.0752055 0.160233 0.233865 0.233865 0.160234 0.0752062 0.0241731 0.00532208 0.000810815 0.000102623 3.94395e-05 4.89778e-05 6.17852e-05 6.92196e-05 6.95432e-05 6.44145e-05 5.75365e-05 5.22907e-05 4.99424e-05 4.94978e-05 4.88766e-05
 1.00271e-16 1.17642e-06 1.14353e-05 7.59961e-05 0.000345526 0.00107557 0.00229511 0.00336965 0.0034644 0.00275798 0.00262908 0.00482966 0.0113207 0.0245216 0.0464416 0.0764897 0.109515 0.136307 0.147481 0.138718 0.113428 0.080634 0.0498402 0.0267935 0.0125372 0.00511712
 1.27269e-16 2.30437e-06 2.23993e-05 0.000148851 0.000676659 0.00210536 0.00448584 0.00654806 0.00655221 0.0045068 0.00217994 0.000910464 0.000804988 0.00168328 0.00382388 0.00805109 0.0156141 0.0279537 0.0461885 0.0702655 0.0980635 0.125092 0.145391 0.153608 0.147285 0.128037
 1.02159e-16 8.04189e-05 0.0007817 0.00519467 0.0236142 0.0734726 0.156541 0.228476 0.228477 0.156542 0.0734753 0.0236222 0.00521513 0.000828214 0.000174612 0.00017796 0.000290938 0.000463898 0.00071758 0.00108984 0.00161922 0.00231779 0.00314133 0.00397717 0.00466447 0.00504443
 1.01283e-16 1.25837e-05 0.000122318 0.000812852 0.00369516 0.0114974 0.0244995 0.0357747 0.0358555 0.0248942 0.0128222 0.00751914 0.0104022 0.0210248 0.0396187 0.0652381 0.0934149 0.116292 0.125878 0.118504 0.0970913 0.0693444 0.0433635 0.0240273 0.0121837 0.00611229
 1.00622e-16 7.99346e-05 0.000776992 0.00516339 0.023472 0.0730301 0.155598 0.227101 0.227102 0.155603 0.0730445 0.0235139 0.0052699 0.00101423 0.000544289 0.000809093 0.00124063 0.00173142 0.00222456 0.00268355 0.00308999 0.0034193 0.00361834 0.00361614 0.00336648 0.00288779
 1.00047e-16 7.90677e-05 0.000768567 0.0051074 0.0232175 0.0722382 0.153911 0.224639 0.224643 0.15393 0.0723006 0.0233977 0.00555927 0.0017536 0.00194564 0.00308041 0.00440403 0.00548391 0.00593908 0.00559645 0.00459314 0.00329091 0.00206977 0.00115799 0.0005947 0.000299364
 1.00325e-16 4.84698e-05 0.000471144 0.00313092 0.0142327 0.0442835 0.0943522 0.137718 0.137757 0.0945421 0.0449209 0.0160727 0.00774536 0.0105311 0.0191146 0.0314198 0.0450126 0.0560896 0.0608099 0.057403 0.04725 0.0340155 0.0215495 0.0121667 0.00627563 0.00308743
 1.00277e-16 7.89859e-05 0.000767771 0.00510211 0.0231935 0.0721635 0.153752 0.224406 0.224409 0.153767 0.0722144 0.0233405 0.00547158 0.00157529 0.00161536 0.00255257 0.00368549 0.00466706 0.00520001 0.00514432 0.0045905 0.00378804 0.00298796 0.00232514 0.00180938 0.00139178
 1.00083e-16 7.42546e-05 0.000721781 0.00479649 0.0218042 0.0678409 0.144543 0.210966 0.210975 0.144588 0.067994 0.0222462 0.00590518 0.0031387 0.00465455 0.00755145 0.01081 0.0134654 0.0145904 0.0137597 0.0113071 0.00811622 0.00511584 0.00286449 0.00146026 0.000710788
 1.00016e-16 8.14869e-05 0.000792082 0.00526366 0.0239279 0.0744484 0.15862 0.231511 0.231512 0.158625 0.0744647 0.0239747 0.0053812 0.00104837 0.000567388 0.000806798 0.00114901 0.00143349 0.00155796 0.00147713 0.00122561 0.000895554 0.000583442 0.000346853 0.00019557 0.000109893
 1.00383e-16 4.24801e-06 4.12923e-05 0.000274406 0.00124747 0.00388182 0.00827397 0.0120951 0.0121859 0.00871737 0.00536999 0.00554308 0.0110466 0.0235227 0.0444985 0.0732924 0.104956 0.13067 0.141453 0.133169 0.109073 0.0777878 0.0483883 0.0263542 0.0126734 0.00548112
 1.00335e-16 8.1317e-05 0.00079043 0.00525269 0.023878 0.0742932 0.158289 0.231028 0.231028 0.15829 0.0742956 0.0238852 0.00527164 0.000834537 0.000173061 0.000178108 0.000296633 0.000472145 0.000704149 0.000987613 0.00130027 0.00159661 0.00181373 0.00189225 0.00180316 0.00156378
 1.00273e-16 5.21443e-05 0.000506861 0.00336827 0.0153117 0.0476406 0.101505 0.148156 0.148191 0.101676 0.048216 0.0169726 0.00753329 0.0095856 0.0172545 0.0283384 0.0405729 0.0505074 0.0546665 0.0514543 0.0421356 0.030052 0.0187179 0.0102517 0.00502657 0.00230675
 1.05409e-16 1.62706e-05 0.000158156 0.001051 0.00477775 0.0148657 0.0316751 0.0462434 0.0463036 0.0319696 0.0158549 0.00763668 0.00823336 0.0158572 0.0298889 0.049534 0.0716902 0.0908349 0.101288 0.100331 0.0897045 0.0742293 0.0587489 0.0458603 0.0357519 0.0274954
 1.01488e-16 7.78545e-05 0.000756773 0.00502903 0.0228612 0.0711298 0.15155 0.221191 0.221193 0.151559 0.0711616 0.0229537 0.00526331 0.00127499 0.00108193 0.00171747 0.00258817 0.0035092 0.00434364 0.00502132 0.00555313 0.0059744 0.0062679 0.00634421 0.00609946 0.00549773
 1.00266e-16 7.14654e-05 0.00069467 0.00461632 0.0209851 0.0652926 0.139113 0.203043 0.203055 0.139174 0.0654967 0.0215741 0.00609335 0.00391459 0.00617366 0.0100591 0.0144037 0.0179454 0.0194527 0.0183622 0.0151217 0.0109106 0.00696514 0.00402389 0.00220797 0.00124971
 1.02294e-16 1.99821e-06 1.94234e-05 0.000129079 0.00058683 0.00182632 0.00389439 0.00570232 0.0057898 0.00432181 0.00326113 0.00472963 0.0105227 0.0226906 0.043005 0.070951 0.101871 0.127389 0.138948 0.132574 0.111259 0.0829948 0.0561128 0.0355248 0.0220127 0.0138818
 1.03074e-16 7.42928e-05 0.000722153 0.00479896 0.0218154 0.0678757 0.144616 0.211072 0.211073 0.144619 0.0678859 0.0218465 0.0048836 0.00092863 0.000529917 0.000923681 0.00170718 0.00294404 0.00472492 0.0070468 0.00972681 0.0123639 0.0144071 0.0153394 0.0148942 0.0131805
 1.01776e-16 5.03562e-05 0.00048948 0.00325277 0.0147866 0.0460069 0.0980239 0.143076 0.143112 0.0981985 0.0465931 0.0164789 0.00749677 0.0097417 0.0175856 0.0288981 0.0414042 0.0516109 0.0560059 0.0529935 0.0438844 0.0320809 0.0211239 0.0130909 0.0082543 0.00576031
 1.07344e-16 1.09367e-05 0.000106309 0.000706462 0.00321151 0.00999254 0.0212925 0.0310902 0.0311533 0.0216007 0.0110278 0.00620379 0.00822552 0.0165468 0.031311 0.0519432 0.0752777 0.0955899 0.106983 0.106629 0.096315 0.0809837 0.0655565 0.0526027 0.0422201 0.0334201
 1.02965e-16 7.50873e-05 0.000729875 0.00485028 0.0220487 0.0686016 0.146163 0.21333 0.213332 0.146173 0.0686371 0.0221523 0.00511451 0.00131993 0.00123458 0.00202396 0.00314666 0.00445688 0.00585019 0.00726606 0.00867691 0.0100133 0.0110965 0.0116655 0.0114986 0.010544
 1.00769e-16 6.57301e-05 0.00063892 0.00424585 0.019301 0.0600528 0.127949 0.18675 0.186769 0.128041 0.0603587 0.0201841 0.00646052 0.00546725 0.00921715 0.0150856 0.0216128 0.0269444 0.0292432 0.0276712 0.0229047 0.0167105 0.0109328 0.00666063 0.00405177 0.00268183
 1.03977e-16 3.71511e-06 3.61123e-05 0.000239983 0.00109098 0.00339487 0.00723611 0.0105783 0.0106592 0.00763132 0.0047218 0.00492332 0.00985849 0.0210293 0.0398608 0.0658567 0.0947803 0.118988 0.130657 0.126124 0.10804 0.0835311 0.0599548 0.0415395 0.028856 0.020408
 1.30613e-16 6.12031e-06 5.94916e-05 0.000395343 0.00179718 0.00559173 0.0119141 0.0173908 0.0173997 0.0119578 0.00574205 0.00224651 0.00158041 0.00283568 0.00583262 0.011077 0.0193185 0.0312972 0.0475318 0.0679084 0.0910495 0.113857 0.131857 0.1406 0.137531 0.123222
 1.01922e-16 8.04051e-05 0.000781566 0.00519378 0.0236102 0.07346 0.156514 0.228437 0.228438 0.156516 0.073467 0.0236306 0.00524562 0.00089643 0.000303876 0.00039003 0.000591833 0.00083076 0.00109578 0.00140489 0.00179815 0.00230896 0.00292509 0.00356768 0.00410634 0.00440525
pSPR Fmed_Fpbrs
0.250327   0.332867 0.332867
Fs Fmed_Fpbrs
1.37396   1.005 1.005
SSBpbr Bo_Bmed_Bpbrs
1.38014e+06  276480  390397 390397
Ro
26122.8
SPR SPRFo_SPRFmed_SPRFpbrs
186011 46563.6 61917
Fref
1.005
log_Ro
9.99056
likeval ReclasPelacesDesembMPH_pf_preclas_ppelaces_ptallas_desvR_qrecl_qpela
 38.2282 24.8629 0.602856 0.000970068 415.567 146.805 121.629 0 212.271 8.67161e-05 0.000280641 0.646048 0 0 0
q_reclas_q_pelaces
3.74181 10.8412
M
1
N
 1476.98 14314 69172.2 11300.6 0.0567937
 881.536 478.443 3864.88 18212.2 2971.05
 249973 191.929 49.166 357.97 1950.32
 4617.72 55341.3 20.5408 4.75834 222.06
 1211.48 995.555 5552.93 1.85405 20.3432
 294330 86.1217 6.73014 27.1062 0.10626
 1223.5 76412.1 13.5759 0.990135 3.98772
 358.437 251.893 6854 1.08546 0.395288
 61854.1 91.4693 38.0823 963.799 0.207348
 1624.91 12728.6 8.1954 3.04119 76.4792
 30636.3 228.406 451.452 0.240237 2.30449
 154992 6763.64 24.2795 43.3728 0.243005
 34287.6 27978.2 440.69 1.37388 2.44821
 86727.5 5613.96 1437.92 19.2934 0.165752
 35522.6 9423.93 106.481 21.4204 0.2859
 270783 3149.19 108.981 0.928907 0.186331
 2671.16 46648.4 183.15 5.4537 0.0553279
 534153 525.997 3755.15 13.0266 0.389068
 316869 129469 70.1644 461.176 1.63983
 27806.6 80146.5 19155.4 9.63861 63.3086
 277680 5684.75 7067.35 1503.57 5.68618
 392478 53090.4 425.945 465.154 98.6017
 2973.17 80648.7 4740.05 33.886 44.5521
 202977 738.582 11420.8 621.019 10.2296
 129354 51243.3 108.779 1561.19 85.9223
 10408.4 35122.1 9008.13 18.006 271.704
 140560 2703.29 5542.18 1326.74 42.4931
 215989 31451.6 296.905 551.613 135.514
 6105.01 62931 6563.26 59.1608 136.551
 1840.35 1900.25 15420.7 1555.9 46.3048
 69479.1 358.487 148.986 1065.96 109.958
pred_Ctot
 112.695 2468.47 12773.6 2094.62 0.010529
 237.27 240.611 2032.94 9602.81 1566.75
 65551.5 94.6943 25.3918 185.328 1009.85
 1261.46 28133.7 10.9169 2.53497 118.316
 699.705 790.929 4487.59 1.49969 16.4558
 56325.1 33.2781 2.74497 11.0879 0.043473
 356.85 40711.5 7.54625 0.551623 2.2219
 71.4943 100.639 2887.61 0.45862 0.167039
 18051.7 48.7552 21.1772 537.175 0.11558
 684.758 8600.38 5.70139 2.11896 53.2916
 8069.46 113.059 233.883 0.124763 1.19696
 52821.2 4007.68 14.9302 26.7238 0.149742
 12827.7 17598.8 286.704 0.895417 1.59576
 42474.6 4118.47 1079.77 14.5056 0.124628
 19012.7 7226.32 83.2915 16.773 0.223884
 96689.9 1923.35 68.959 0.588886 0.118137
 825.041 25868.8 105.763 3.15616 0.032023
 119141 229.552 1723.25 5.99415 0.179054
 64514.9 52583.6 30.0352 197.976 0.704058
 8186.7 42985.2 10715.2 5.40384 35.4979
 88842.4 3229.34 4175.69 890.239 3.36706
 114766 28337.4 237.175 259.594 55.0345
 630.031 33811.1 2092.39 14.9999 19.7242
 41502.6 300.994 4905.02 267.471 4.40653
 21953.1 17940.5 40.305 580.231 31.939
 1989.74 13559.9 3671.06 7.35938 111.068
 36232.5 1316.94 2827.62 678.584 21.7366
 28942.6 9005.16 90.3656 168.446 41.389
 602.089 13727.2 1528.66 13.8286 31.9241
 575.979 1063.38 8982.09 908.206 27.032
 25533.5 222.984 95.9116 687.479 70.9225
F
 0.127218 0.309307 0.334507 0.335947 0.336023
 0.524543 1.27533 1.37924 1.38518 1.38549
 0.507834 1.23471 1.3353 1.34105 1.34136
 0.534356 1.29919 1.40504 1.41109 1.41141
 1.64384 3.9967 4.32232 4.34093 4.34191
 0.348561 0.847466 0.91651 0.920457 0.920665
 0.580469 1.41131 1.52629 1.53286 1.53321
 0.36575 0.889257 0.961705 0.965846 0.966065
 0.58093 1.41243 1.5275 1.53408 1.53443
 0.962082 2.33913 2.5297 2.5406 2.54117
 0.510623 1.24149 1.34264 1.34842 1.34872
 0.711947 1.73098 1.872 1.88006 1.88049
 0.809528 1.96823 2.12858 2.13775 2.13823
 1.21952 2.96505 3.20661 3.22042 3.22115
 1.42302 3.45984 3.74171 3.75782 3.75868
 0.75868 1.8446 1.99488 2.00347 2.00392
 0.624972 1.51951 1.64331 1.65038 1.65076
 0.417243 1.01445 1.0971 1.10183 1.10208
 0.374634 0.910857 0.985065 0.989307 0.989531
 0.587486 1.42837 1.54474 1.55139 1.55174
 0.654471 1.59123 1.72087 1.72828 1.72867
 0.582378 1.41595 1.53131 1.5379 1.53825
 0.392652 0.954664 1.03244 1.03689 1.03712
 0.376506 0.91541 0.989989 0.994252 0.994478
 0.303726 0.738457 0.798619 0.802058 0.80224
 0.34814 0.846441 0.915401 0.919343 0.919552
 0.497183 1.20881 1.3073 1.31293 1.31322
 0.23319 0.566962 0.613153 0.615793 0.615933
 0.167123 0.406331 0.439435 0.441327 0.441427
 0.63582 1.54589 1.67183 1.67903 1.67941
 0.789533 1.91961 2.076 2.08494 2.08542
nmprior
 8 9 7.5 0
nm_flota  nm_reclas  nm_pelaces    nm_pelaL
inf 7.99182 3.07148 3.84429
cv_recla  cv_pelaces  cv_mph
0.559264 0.586733 0.961184
 ------------------------------------------------
Talla a la edad & desviación 
 8 13.2811 15.8009 17.003 17.5766
 0.8 1.32811 1.58009 1.7003 1.75766
