years
 1991 1992 1993 1994 1995 1996 1997 1998 1999 2000 2001 2002 2003 2004 2005 2006 2007 2008 2009 2010 2011 2012 2013 2014 2015 2016 2017 2018 2019 2020 2021
reclasobs
 0 0 0 0 0 0 0 0 0 252601 567819 844713 477998 351125 339783 2.1784e+06 2.13404e+06 4.81314e+06 1.55562e+06 2.62356e+06 3.21686e+06 3.843e+06 1.13348e+06 3.07943e+06 1.97215e+06 2.03268e+06 2.025e+06 2.42433e+06 2.27542e+06 1.05018e+06 2.36338e+06
reclaspred
 6.77639e+06 2.04097e+06 1.05255e+06 816286 256658 3.375e+06 1.73318e+06 781768 554381 251455 424070 834429 776048 579206 430876 1.81059e+06 913247 4.08498e+06 2.96046e+06 2.11841e+06 3.19666e+06 3.20991e+06 1.72413e+06 3.33269e+06 2.43045e+06 1.6625e+06 2.2339e+06 3.38566e+06 2.62522e+06 766546 1.14324e+06
pelacesobs
 0 0 0 0 0 0 0 0 0 0 0 0 0 0 0 552880 188675 0 991730 2.46772e+06 1.41603e+06 1.21717e+06 2.29649e+06 1.80582e+06 0 1.4828e+06 1.56532e+06 1.57751e+06 1.42118e+06 867257 0
pelacespred
 6.91539e+06 1.93476e+06 595960 318893 119259 1.68784e+06 1.03221e+06 703997 284461 86517 209718 329275 351670 232580 167765 686193 431514 2.00813e+06 1.5981e+06 987172 1.54498e+06 1.54035e+06 1.0487e+06 1.96124e+06 1.55982e+06 1.1098e+06 1.42932e+06 2.20516e+06 1.90385e+06 540794 563609
mphobs
 0 0 0 0 0 0 0 0 0 0 0 498337 0 5186 125008 0 168611 109162 213762 579715 649985 157893 87575 83554 0 0 0 0 0 0 0
mphpred
 1.42875e+06 601673 118041 123119 57119.6 19823.9 467256 142320 66428.9 35604 13983.3 57513.1 75857.6 51404 27614 29008.4 208825 69899.4 475866 230803 259819 286649 360432 157508 385456 278540 153910 233536 518394 218428 42086.5
desembarqueobs
 494567 514787 250237 358949 120608 361735 552515 73892 212993 205616 52469 317467 293654 387597 252695 516296 358380 742168 942051 627588 828172 859565 418607 520667 417249 300574 407403 355545 319650 289779 219260
desembarquepred
 494502 514457 249962 358638 120535 361571 551933 73873.9 212811 205422 52456.3 317189 293337 386952 252393 515795 358158 741500 940532 626507 827672 858587 418227 520363 416841 300309 407079 355291 319319 289289 219194
Reclutas
 29418.6 19524 155420 57864.2 15537.5 293707 23875.2 6752.48 29044.1 35944.7 38865.6 107395 79231.7 67966.3 43143 253298 19400.1 417890 212401 208029 209558 399708 26034.1 174770 134658 37590.3 129464 175832 29733.4 15813.1 85882.7
log_desv_Rt
 -0.836688 -1.24667 0.827814 -0.160215 -1.47506 1.46427 -1.04547 -2.30841 -0.849498 -0.636332 -0.558205 0.458196 0.154062 0.000697202 -0.453794 1.31625 -1.25304 1.8169 1.14016 1.11937 1.12668 1.77242 -0.958909 0.945154 0.684426 -0.591569 0.645086 0.951215 -0.826042 -1.45748 0.234668
SSB
 1.57065e+06 661431 129765 135347 62792.8 21792.8 513665 156455 73026.7 39140.2 15372.2 63225.4 83391.8 56509.4 30356.7 31889.6 229566 76841.9 523129 253726 285624 315119 396231 173152 423740 306205 169197 256731 569881 240122 46266.5
BT
 2.01065e+06 970533 427984 385143 135474 1.31999e+06 790670 258907 318809 232260 155745 427437 433148 525168 339503 805329 417935 1.81606e+06 1.53524e+06 923284 1.42471e+06 1.44119e+06 674252 1.48562e+06 934811 630575 1.11897e+06 1.41487e+06 813970 431675 483040
Ftot
 0.321328 1.02311 1.02518 1.6531 1.72051 0.499913 1.214 0.414163 1.55152 2.73449 0.567269 1.54779 1.5196 2.42362 2.2227 1.24061 1.46017 0.821337 1.27646 1.23427 1.09271 1.13596 0.972234 0.704842 0.733525 0.760374 0.809003 0.478262 0.513348 1.43763 0.859048
BD_Bspro_t
 0.950066 0.621784 0.242239 0.260093 0.113625 0.055467 0.479974 0.20052 0.145019 0.101301 0.0568751 0.256704 0.200485 0.12519 0.0686251 0.0746068 0.25336 0.104018 0.358601 0.198418 0.183926 0.198679 0.247792 0.143824 0.318739 0.301688 0.238211 0.353822 0.521131 0.314898 0.121835
BD_Bspro
 3.24764 1.36765 0.268315 0.279858 0.129837 0.0450611 1.06211 0.323504 0.150998 0.0809304 0.0317851 0.130732 0.17243 0.116845 0.0627687 0.0659383 0.474675 0.158886 1.08168 0.524631 0.590587 0.651575 0.819289 0.358028 0.876171 0.633141 0.349849 0.530845 1.17835 0.496503 0.0956657
BD_Bo
 1.15037 0.484443 0.0950418 0.0991303 0.0459904 0.0159614 0.376216 0.114591 0.053486 0.0286669 0.0112588 0.0463073 0.0610775 0.0413884 0.0222337 0.0233564 0.168138 0.0562802 0.383148 0.185833 0.209196 0.230799 0.290206 0.126819 0.310354 0.224269 0.123922 0.188034 0.41739 0.175869 0.0338864
BD_Brms
 2.09158 0.880805 0.172803 0.180237 0.083619 0.0290207 0.68403 0.208346 0.0972472 0.0521216 0.0204706 0.0841951 0.11105 0.0752517 0.0404249 0.0424663 0.305705 0.102328 0.696633 0.337878 0.380356 0.419634 0.527647 0.230581 0.564281 0.407762 0.225314 0.34188 0.758891 0.319763 0.0616116
Sel_flota
 0.676465 0.975446 0.998677 0.99993 0.999996
 0.676465 0.975446 0.998677 0.99993 0.999996
 0.676465 0.975446 0.998677 0.99993 0.999996
 0.676465 0.975446 0.998677 0.99993 0.999996
 0.676465 0.975446 0.998677 0.99993 0.999996
 0.676465 0.975446 0.998677 0.99993 0.999996
 0.676465 0.975446 0.998677 0.99993 0.999996
 0.676465 0.975446 0.998677 0.99993 0.999996
 0.676465 0.975446 0.998677 0.99993 0.999996
 0.676465 0.975446 0.998677 0.99993 0.999996
 0.676465 0.975446 0.998677 0.99993 0.999996
 0.676465 0.975446 0.998677 0.99993 0.999996
 0.676465 0.975446 0.998677 0.99993 0.999996
 0.676465 0.975446 0.998677 0.99993 0.999996
 0.676465 0.975446 0.998677 0.99993 0.999996
 0.676465 0.975446 0.998677 0.99993 0.999996
 0.676465 0.975446 0.998677 0.99993 0.999996
 0.676465 0.975446 0.998677 0.99993 0.999996
 0.676465 0.975446 0.998677 0.99993 0.999996
 0.676465 0.975446 0.998677 0.99993 0.999996
 0.676465 0.975446 0.998677 0.99993 0.999996
 0.676465 0.975446 0.998677 0.99993 0.999996
 0.676465 0.975446 0.998677 0.99993 0.999996
 0.676465 0.975446 0.998677 0.99993 0.999996
 0.676465 0.975446 0.998677 0.99993 0.999996
 0.676465 0.975446 0.998677 0.99993 0.999996
 0.676465 0.975446 0.998677 0.99993 0.999996
 0.676465 0.975446 0.998677 0.99993 0.999996
 0.676465 0.975446 0.998677 0.99993 0.999996
 0.676465 0.975446 0.998677 0.99993 0.999996
 0.676465 0.975446 0.998677 0.99993 0.999996
Sel_reclas
 0.709847 0.92488 0.984117 0.996803 0.999363
 0.709847 0.92488 0.984117 0.996803 0.999363
 0.709847 0.92488 0.984117 0.996803 0.999363
 0.709847 0.92488 0.984117 0.996803 0.999363
 0.709847 0.92488 0.984117 0.996803 0.999363
 0.709847 0.92488 0.984117 0.996803 0.999363
 0.709847 0.92488 0.984117 0.996803 0.999363
 0.709847 0.92488 0.984117 0.996803 0.999363
 0.709847 0.92488 0.984117 0.996803 0.999363
 0.709847 0.92488 0.984117 0.996803 0.999363
 0.709847 0.92488 0.984117 0.996803 0.999363
 0.709847 0.92488 0.984117 0.996803 0.999363
 0.709847 0.92488 0.984117 0.996803 0.999363
 0.709847 0.92488 0.984117 0.996803 0.999363
 0.709847 0.92488 0.984117 0.996803 0.999363
 0.709847 0.92488 0.984117 0.996803 0.999363
 0.709847 0.92488 0.984117 0.996803 0.999363
 0.709847 0.92488 0.984117 0.996803 0.999363
 0.709847 0.92488 0.984117 0.996803 0.999363
 0.709847 0.92488 0.984117 0.996803 0.999363
 0.709847 0.92488 0.984117 0.996803 0.999363
 0.709847 0.92488 0.984117 0.996803 0.999363
 0.709847 0.92488 0.984117 0.996803 0.999363
 0.709847 0.92488 0.984117 0.996803 0.999363
 0.709847 0.92488 0.984117 0.996803 0.999363
 0.709847 0.92488 0.984117 0.996803 0.999363
 0.709847 0.92488 0.984117 0.996803 0.999363
 0.709847 0.92488 0.984117 0.996803 0.999363
 0.709847 0.92488 0.984117 0.996803 0.999363
 0.709847 0.92488 0.984117 0.996803 0.999363
 0.709847 0.92488 0.984117 0.996803 0.999363
Sel_pelaces
 0.328058 0.710736 0.92518 0.984185 0.996817
 0.328058 0.710736 0.92518 0.984185 0.996817
 0.328058 0.710736 0.92518 0.984185 0.996817
 0.328058 0.710736 0.92518 0.984185 0.996817
 0.328058 0.710736 0.92518 0.984185 0.996817
 0.328058 0.710736 0.92518 0.984185 0.996817
 0.328058 0.710736 0.92518 0.984185 0.996817
 0.328058 0.710736 0.92518 0.984185 0.996817
 0.328058 0.710736 0.92518 0.984185 0.996817
 0.328058 0.710736 0.92518 0.984185 0.996817
 0.328058 0.710736 0.92518 0.984185 0.996817
 0.328058 0.710736 0.92518 0.984185 0.996817
 0.328058 0.710736 0.92518 0.984185 0.996817
 0.328058 0.710736 0.92518 0.984185 0.996817
 0.328058 0.710736 0.92518 0.984185 0.996817
 0.328058 0.710736 0.92518 0.984185 0.996817
 0.328058 0.710736 0.92518 0.984185 0.996817
 0.328058 0.710736 0.92518 0.984185 0.996817
 0.328058 0.710736 0.92518 0.984185 0.996817
 0.328058 0.710736 0.92518 0.984185 0.996817
 0.328058 0.710736 0.92518 0.984185 0.996817
 0.328058 0.710736 0.92518 0.984185 0.996817
 0.328058 0.710736 0.92518 0.984185 0.996817
 0.328058 0.710736 0.92518 0.984185 0.996817
 0.328058 0.710736 0.92518 0.984185 0.996817
 0.328058 0.710736 0.92518 0.984185 0.996817
 0.328058 0.710736 0.92518 0.984185 0.996817
 0.328058 0.710736 0.92518 0.984185 0.996817
 0.328058 0.710736 0.92518 0.984185 0.996817
 0.328058 0.710736 0.92518 0.984185 0.996817
 0.328058 0.710736 0.92518 0.984185 0.996817
pf_obs 
 0.8446 0.082 0.0669 0.0065 0
 0.8095 0.147 0.0364 0.0071 0
 0.9664 0.0169 0.016 0.0007 0
 0.9276 0.0648 0.0075 0.0001 0
 0.7033 0.2144 0.0806 0.0017 0
 0.9318 0.0425 0.0243 0.0014 0
 0.5671 0.3108 0.0964 0.0239 0.0018
 0.0768 0.2599 0.5324 0.112 0.0189
 0.490249 0.384438 0.106611 0.0170017 0.00170017
 0.7925 0.1577 0.0466 0.003 0.0002
 0.840416 0.127587 0.0312969 0.00059994 9.999e-05
 0.8084 0.0986 0.0794 0.0134 0.0002
 0.7335 0.1905 0.0724 0.0035 0.0001
 0.4001 0.4547 0.1325 0.0127 0
 0.49795 0.308269 0.164784 0.0264974 0.00249975
 0.9179 0.0499 0.0305 0.0017 0
 0.2467 0.6533 0.0926 0.0074 0
 0.9418 0.0223 0.034 0.0019 0
 0.707729 0.231977 0.0356964 0.0245975 0
 0.517169 0.277429 0.184464 0.0207286 0.00020938
 0.811772 0.124168 0.05621 0.00726502 0.000585176
 0.764997 0.148141 0.077277 0.00933861 0.000247198
 0.163321 0.427699 0.378323 0.0303852 0.000271297
 0.753843 0.0900009 0.118128 0.0371064 0.000921714
 0.721811 0.176058 0.0630433 0.0369309 0.00215725
 0.143369 0.312575 0.442814 0.0836902 0.0175525
 0.692698 0.0596174 0.167031 0.0765114 0.00414204
 0.394062 0.376323 0.152708 0.0712218 0.00568511
 0.125707 0.32114 0.495352 0.0537591 0.00404204
 0.23352 0.215282 0.420074 0.123614 0.00750983
 0 0 0 0 0
pf_pred 
 0.174298 0.187096 0.56401 0.0745961 9.79973e-07
 0.297969 0.171953 0.122676 0.359873 0.0475283
 0.935044 0.0279788 0.00933292 0.0064079 0.0212363
 0.61275 0.372677 0.0064208 0.00206078 0.00609093
 0.580571 0.318686 0.0971347 0.00159236 0.00201602
 0.988916 0.00818038 0.00223232 0.000646858 2.39625e-05
 0.194652 0.799642 0.00424498 0.00112418 0.000337279
 0.277919 0.218456 0.500202 0.00254774 0.000875166
 0.824328 0.0660822 0.0338247 0.0752512 0.000514146
 0.882343 0.106418 0.00435972 0.0021269 0.00475185
 0.929336 0.0672094 0.00314602 0.00012011 0.000188765
 0.894502 0.100665 0.00460305 0.000208864 2.04709e-05
 0.812519 0.17679 0.010223 0.000445674 2.21474e-05
 0.832051 0.150146 0.016832 0.000928256 4.23703e-05
 0.873468 0.116793 0.00876505 0.000921041 5.29273e-05
 0.981531 0.0173693 0.00101941 7.20159e-05 7.97632e-06
 0.276389 0.716213 0.00697485 0.000392438 3.07241e-05
 0.980463 0.00821852 0.0112079 0.00010425 6.30922e-06
 0.652684 0.343281 0.0017318 0.00228032 2.24517e-05
 0.793756 0.159783 0.0459442 0.000222076 0.000294616
 0.811193 0.165308 0.0183761 0.00506659 5.68471e-05
 0.882176 0.104101 0.0120744 0.00129017 0.000358948
 0.214603 0.730569 0.0486667 0.00542206 0.000738928
 0.893884 0.0338237 0.0674197 0.00432641 0.000546602
 0.703129 0.27699 0.00648086 0.0124986 0.000901777
 0.427525 0.454731 0.11011 0.00249147 0.0051423
 0.867492 0.0730991 0.0475169 0.0111221 0.000769625
 0.810837 0.173348 0.00886135 0.00556437 0.00138997
 0.288848 0.618023 0.0855551 0.00424679 0.00332756
 0.389118 0.2379 0.325413 0.0437055 0.00386293
 0.942688 0.0317088 0.0102514 0.0133984 0.00195376
pobs_RECLAS
 0 0 0 0 0
 0 0 0 0 0
 0 0 0 0 0
 0 0 0 0 0
 0 0 0 0 0
 0 0 0 0 0
 0 0 0 0 0
 0 0 0 0 0
 0 0 0 0 0
 0 0 0 0 0
 0.991045 0.00858322 0.000360255 1.14367e-05 0
 0.934742 0.0480273 0.0164251 0.00080598 0
 0.827803 0.169806 0.00239088 0 0
 0.941827 0.0461693 0.0120037 0 0
 0.791401 0.0380133 0.147996 0.0225897 0
 0.846168 0.0940531 0.0597789 0 0
 0.134021 0.677848 0.182769 0.00536245 0
 0.80878 0.0450904 0.141981 0.00414843 0
 0.846168 0.0940531 0.0597789 0 0
 0.905697 0.0802665 0.012482 0.00150086 5.37128e-05
 0.989698 0.0102097 9.19794e-05 0 0
 0.975433 0.0193895 0.00387452 0.00125025 5.28907e-05
 0.303575 0.632131 0.0575291 0.00676475 0
 0.966965 0.00978017 0.0227588 0.000495775 0
 0.843318 0.132988 0.00938335 0.0141283 0.000182051
 0.564624 0.303363 0.111486 0.0197234 0.00080311
 0.826376 0.0876187 0.0782897 0.00655872 0.00115652
 0.89761 0.0855135 0.0140674 0.00269457 0.000114338
 0.34875 0.467042 0.161289 0.0227151 0.000203297
 0.318654 0.224769 0.449479 0.00709798 0
 0.937255 0.0296025 0.0250945 0.00804832 0
ppred_RECLAS
 0.186248 0.178872 0.559961 0.0749181 9.86663e-07
 0.322072 0.160623 0.118652 0.352042 0.0466099
 0.941983 0.0243557 0.00841204 0.00584157 0.0194077
 0.656595 0.329999 0.00586426 0.00190324 0.00563926
 0.625697 0.282268 0.0886981 0.00147031 0.00186611
 0.990038 0.00727495 0.00206037 0.000603927 2.2428e-05
 0.220616 0.773656 0.00424802 0.00113776 0.000342203
 0.296028 0.207444 0.493112 0.00254067 0.000874918
 0.846045 0.0564964 0.029848 0.0671505 0.000459938
 0.909174 0.0819131 0.00343161 0.00169208 0.00378969
 0.936795 0.0600013 0.00291417 0.000112541 0.000177312
 0.910399 0.0853688 0.0040292 0.000184881 1.81653e-05
 0.838195 0.152293 0.00909149 0.000400806 1.99672e-05
 0.865004 0.120355 0.0138343 0.00077124 3.529e-05
 0.89756 0.0943508 0.00727232 0.000772567 4.45049e-05
 0.984187 0.0148403 0.000900748 6.43549e-05 7.14554e-06
 0.31281 0.679932 0.0068385 0.000389105 3.05388e-05
 0.982518 0.00720128 0.0101787 9.57635e-05 5.81004e-06
 0.688456 0.307779 0.00160541 0.00213786 2.11015e-05
 0.817519 0.140287 0.041718 0.000203937 0.000271226
 0.832494 0.145974 0.0167955 0.00468355 5.26802e-05
 0.896791 0.0908044 0.0108986 0.00117778 0.000328497
 0.239191 0.705871 0.0486998 0.00548778 0.000749747
 0.903234 0.0300687 0.0621526 0.00403428 0.000510966
 0.728848 0.252233 0.00611922 0.0119368 0.000863391
 0.457922 0.427279 0.107265 0.00245497 0.00507961
 0.880294 0.0649041 0.0437306 0.0103533 0.000718213
 0.827689 0.157333 0.00834776 0.00530241 0.00132784
 0.312804 0.594179 0.0853634 0.00428618 0.00336682
 0.426112 0.218892 0.309268 0.0420058 0.00372192
 0.948692 0.0278443 0.00932855 0.012332 0.00180275
pobs_PELACES
 0 0 0 0 0
 0 0 0 0 0
 0 0 0 0 0
 0 0 0 0 0
 0 0 0 0 0
 0 0 0 0 0
 0 0 0 0 0
 0 0 0 0 0
 0 0 0 0 0
 0 0 0 0 0
 0 0 0 0 0
 0 0 0 0 0
 0 0 0 0 0
 0 0 0 0 0
 0 0 0 0 0
 0 0 0 0 0
 0.505614 0.472636 0.0217494 0 0
 0 0 0 0 0
 0.443492 0.261883 0.143347 0.151278 0
 0.227955 0.32914 0.350689 0.0885471 0.00366901
 0.970185 0.0296113 0.000203453 0 0
 0.997202 0.00247181 0.000326279 0 0
 0.445219 0.490057 0.0546422 0.010081 0
 0.90214 0.0892962 0.00764917 0.000914606 0
 0 0 0 0 0
 0.581667 0.319106 0.0959925 0.00289975 0.000334073
 0.762889 0.0836404 0.116647 0.0363945 0.000428098
 0.88444 0.0763242 0.0277011 0.0115352 0
 0.521256 0.241999 0.230069 0.00667565 0
 0.616807 0.101726 0.260614 0.0208532 0
 0 0 0 0 0
ppred_PELACES
 0.107667 0.16657 0.636357 0.0894046 1.1895e-06
 0.208533 0.156324 0.140166 0.436583 0.0583936
 0.903442 0.0351047 0.0147167 0.0107286 0.0360082
 0.57277 0.406629 0.00872873 0.00297319 0.00889939
 0.531151 0.336225 0.127559 0.00221914 0.00284526
 0.983355 0.0114368 0.00394741 0.00121492 4.558e-05
 0.160775 0.831661 0.00553477 0.00155609 0.000472802
 0.185711 0.207728 0.602169 0.00325788 0.00113338
 0.768754 0.0732437 0.0467794 0.110458 0.00076429
 0.885101 0.101243 0.00508116 0.00262835 0.00594652
 0.903108 0.0909463 0.00538031 0.000218168 0.000347244
 0.875749 0.117209 0.00668782 0.000322083 3.1969e-05
 0.781412 0.203207 0.0146687 0.000678741 3.41584e-05
 0.827244 0.150684 0.0207993 0.00121655 5.62335e-05
 0.865862 0.121542 0.011267 0.00125592 7.30865e-05
 0.976608 0.0216652 0.00159349 0.000119507 1.34048e-05
 0.239815 0.750465 0.00913106 0.000545321 4.32363e-05
 0.970165 0.0109033 0.0187354 0.000185059 1.13424e-05
 0.600462 0.393541 0.00248681 0.00347612 3.4661e-05
 0.743631 0.187857 0.0676985 0.00034739 0.000466729
 0.763873 0.199954 0.0279103 0.00817032 9.28381e-05
 0.850623 0.128031 0.018636 0.00211413 0.000595677
 0.170012 0.757942 0.0634976 0.00751173 0.00103675
 0.839287 0.0433371 0.108997 0.00742818 0.000950444
 0.630604 0.337541 0.00996174 0.0204024 0.00149081
 0.343466 0.494377 0.150949 0.00362718 0.00758178
 0.812626 0.0919828 0.0753499 0.0187291 0.00131253
 0.747775 0.225459 0.0145808 0.00972493 0.00246025
 0.218443 0.655878 0.114822 0.00605366 0.00480383
 0.311999 0.231257 0.395339 0.0563603 0.00504478
 0.915606 0.0410532 0.0167155 0.0231993 0.00342603
pobs_pel_tallas
 0 0 0 0 0 0 0 0 0 0 0 0 0 0 0 0 0 0 0 0 0 0 0 0 0 0
 0 0 0 0 0 0 0 0 0 0 0 0 0 0 0 0 0 0 0 0 0 0 0 0 0 0
 0 0 0 0 0 0 0 0 0 0 0 0 0 0 0 0 0 0 0 0 0 0 0 0 0 0
 0 0 0 0 0 0 0 0 0 0 0 0 0 0 0 0 0 0 0 0 0 0 0 0 0 0
 0 0 0 0 0 0 0 0 0 0 0 0 0 0 0 0 0 0 0 0 0 0 0 0 0 0
 0 0 0 0 0 0 0 0 0 0 0 0 0 0 0 0 0 0 0 0 0 0 0 0 0 0
 0 0 0 0 0 0 0 0 0 0 0 0 0 0 0 0 0 0 0 0 0 0 0 0 0 0
 0 0 0 0 0 0 0 0 0 0 0 0 0 0 0 0 0 0 0 0 0 0 0 0 0 0
 0 0 0 0 0 0 0 0 0 0 0 0 0 0 0 0 0 0 0 0 0 0 0 0 0 0
 0 0 0 0 0 0 0 0 0 0 0 0 0 0 0 0 0 0 0 0 0 0 0 0 0 0
 0 0 0 0 0 0 0 0 0 0 0 0 0 0 0 0 0 0 0 0 0 0 0 0 0 0
 0 0 0 0 0 0 0 0 0 0 0 0 0 0 0 0 0 0 0 0 0 0 0 0 0 0
 0.00862536 0 0 0.000197151 0.00414017 0.0128641 0.00837892 0.0270097 0.101434 0.158115 0.152841 0.127902 0.109271 0.109419 0.0830992 0.0579132 0.0238553 0.00714673 0.00463305 0.00128148 0.00103504 0.000492878 0.000147863 0.000147863 4.92878e-05 0
 0 0 0 0 0 0 0 0 0 0 0 0 0 0 0 0 0 0 0 0 0 0 0 0 0 0
 0 0 0 0 0 0 0 0.0054083 0.00873648 0.0413646 0.0450493 0.0745869 0.0622846 0.0627006 0.0613931 0.0827291 0.12552 0.122667 0.0946155 0.0697135 0.0546179 0.0294188 0.0215738 0.0213955 0.0102223 0.00600262
 0 0 0 0 0.00359764 0.0251062 0.0480494 0.140153 0.205849 0.193036 0.1447 0.116669 0.0760912 0.0342217 0.00950174 0.001854 0.000860785 0 0 0 0.000165536 0 0.000143464 0 0 0
 0 0 0 0 0 0 0 0.000145254 0.000435761 0.0275982 0.070085 0.0708112 0.156366 0.174668 0.174014 0.160142 0.0824315 0.0480064 0.0283245 0.00493863 0.00203355 0 0 0 0 0
 0 0 0 0 0 0 0 0 0 0 0 0 0 0 0 0 0 0 0 0 0 0 0 0 0 0
 0 0 1.00437e-05 0.000401748 0.00122533 0.00171747 0.00176769 0.0269171 0.070346 0.194647 0.189555 0.159765 0.064822 0.0314167 0.0384472 0.0292271 0.0345202 0.0313363 0.0194345 0.0106764 0.0143323 0.0359363 0.0279516 0.0138201 0.00172751 0
 0 0.0021121 0.0136068 0.0755702 0.200478 0.177729 0.0527432 0.0373336 0.0318909 0.0142505 0.0149659 0.0166563 0.0217959 0.0798694 0.0677717 0.0528807 0.04013 0.0224614 0.0357745 0.0225083 0.00881397 0.00855152 0.00135912 0.000746735 0 0
 0 0 0 0 5.4009e-05 0.00500934 0.000945158 0.0243581 0.138947 0.33067 0.221406 0.137944 0.0707744 0.0437923 0.0131692 0.00525238 0.0047753 0.00276346 9.45158e-05 9.00151e-06 2.25038e-05 9.00151e-06 4.50075e-06 0 0 0
 0.000866109 0.00284123 0.00948549 0.0512746 0.133035 0.25785 0.225252 0.132002 0.0553304 0.0519788 0.0540692 0.017754 0.00435017 0.00159236 0.00146478 0.000404838 0.000125132 0.000115318 0.000107957 0.000100596 0 0 0 0 0 0
 0 0 0 0 0.00144013 0.00171154 0.00461396 0.0210425 0.0478622 0.0707936 0.0888783 0.103762 0.0637923 0.0337046 0.0602308 0.124433 0.169614 0.0934646 0.0462172 0.0250306 0.0313229 0.00938855 0.002487 0.000210481 0 0
 0 0.00764035 0.051015 0.0998891 0.058973 0.0496711 0.0374665 0.0718981 0.12319 0.153886 0.159021 0.0857701 0.0377988 0.023471 0.0147837 0.00900784 0.00315554 0.000888139 0.00291439 0.00214683 0.00393193 0.00274676 0.000635225 9.99891e-05 0 0
 0 0 0 0 0 0 0 0 0 0 0 0 0 0 0 0 0 0 0 0 0 0 0 0 0 0
 0 0 0 0 0 0 0 0 0 0 0 0 0 0 0 0 0 0 0 0 0 0 0 0 0 0
 0 0 0 0 0 0 0 0 0 0 0 0 0 0 0 0 0 0 0 0 0 0 0 0 0 0
 0 0 0 0 0 0 0 0 0 0 0 0 0 0 0 0 0 0 0 0 0 0 0 0 0 0
 0 0 0 0 0 0 0 0 0 0 0 0 0 0 0 0 0 0 0 0 0 0 0 0 0 0
 0 0 0 0 0 0 0 0 0 0 0 0 0 0 0 0 0 0 0 0 0 0 0 0 0 0
 0 0 0 0 0 0 0 0 0 0 0 0 0 0 0 0 0 0 0 0 0 0 0 0 0 0
ppred_pel_tallas
 1.27373e-16 8.86839e-06 8.62039e-05 0.000572856 0.00260413 0.00810251 0.0172639 0.0252007 0.0252177 0.0173476 0.00838628 0.00343622 0.00270857 0.00490426 0.00961575 0.0170738 0.0273705 0.040209 0.055103 0.0715585 0.0888024 0.105165 0.117825 0.12354 0.120139 0.107759
 1.5775e-16 1.71766e-05 0.000166963 0.00110953 0.00504376 0.0156931 0.0334363 0.0488045 0.04882 0.0335118 0.0159477 0.00578402 0.00298704 0.00433218 0.00813181 0.0139779 0.0215269 0.030195 0.0396088 0.0501501 0.0628912 0.0786959 0.0970289 0.115396 0.129925 0.136818
 1.07604e-16 7.44153e-05 0.000723343 0.00480687 0.0218513 0.0679876 0.144855 0.211421 0.211424 0.144872 0.0680437 0.0220136 0.00521565 0.00162067 0.00179391 0.00289036 0.00426285 0.00560256 0.00667266 0.00742475 0.00805293 0.0088716 0.0100933 0.0116667 0.0132769 0.0144826
 1.02161e-16 4.71784e-05 0.000458591 0.0030475 0.0138535 0.0431036 0.0918383 0.134049 0.134088 0.0920294 0.043745 0.0157051 0.00769135 0.0105837 0.01924 0.0316375 0.0453478 0.0565613 0.0614362 0.0582174 0.0483184 0.0354356 0.0234257 0.0145659 0.00918444 0.00638978
 1.04472e-16 4.37503e-05 0.000425269 0.00282606 0.0128469 0.0399716 0.0851649 0.124308 0.12434 0.0853239 0.0405058 0.0143913 0.00670848 0.00891933 0.0162299 0.0269028 0.0390744 0.049803 0.0560804 0.0564535 0.0517965 0.044552 0.0371157 0.0306822 0.0252369 0.0202978
 1.00247e-16 8.09977e-05 0.000787326 0.00523206 0.0237842 0.0740014 0.157668 0.230121 0.230122 0.157673 0.0740196 0.0238367 0.00536408 0.00107617 0.00063142 0.000920526 0.00132956 0.00169566 0.00191316 0.00193464 0.0017925 0.00157178 0.00135363 0.00117487 0.00102777 0.000887277
 1.00609e-16 1.3243e-05 0.000128727 0.000855439 0.00388875 0.0120998 0.0257828 0.0376475 0.0377275 0.0261735 0.0134111 0.00767383 0.0103475 0.0208203 0.0392226 0.0645921 0.0925063 0.115193 0.124744 0.117519 0.0963865 0.068935 0.0431466 0.0238303 0.0118381 0.00551543
 1.17949e-16 1.52968e-05 0.000148691 0.000988102 0.00449178 0.0139757 0.0297775 0.0434655 0.0434864 0.0298801 0.0143226 0.00550492 0.00357334 0.00593126 0.0114032 0.0198811 0.0310786 0.0441347 0.0579624 0.0717047 0.0846732 0.0957431 0.102935 0.103921 0.0973018 0.0836999
 1.12576e-16 6.33213e-05 0.000615505 0.00409025 0.0185937 0.0578519 0.12326 0.179903 0.17991 0.123295 0.0579697 0.0189353 0.004953 0.00251652 0.00372732 0.00620809 0.00929624 0.0124876 0.0153565 0.0178205 0.0202061 0.0229576 0.0261906 0.0294476 0.0318452 0.0324997
 1.01443e-16 7.29046e-05 0.000708659 0.00470929 0.0214077 0.0666075 0.141915 0.207131 0.20714 0.141962 0.0667673 0.0218692 0.00586693 0.00323376 0.0048626 0.00790826 0.0113505 0.0142036 0.0155213 0.0148791 0.0126346 0.00970047 0.00701271 0.00509948 0.00399645 0.00343991
 1.0026e-16 7.43878e-05 0.000723076 0.0048051 0.0218433 0.0679626 0.144802 0.211344 0.211353 0.144845 0.0681061 0.0222577 0.00584483 0.00299074 0.00437496 0.00709879 0.0101807 0.0127214 0.0138593 0.0131972 0.0110384 0.0081892 0.00549092 0.00344031 0.00211573 0.0013417
 1.00261e-16 7.21343e-05 0.000701171 0.00465953 0.0211815 0.0659037 0.140415 0.204943 0.204954 0.14047 0.0660887 0.0217157 0.0059994 0.00362337 0.00561378 0.00914508 0.0131161 0.0163862 0.0178452 0.0169805 0.0141825 0.010491 0.00699165 0.00432724 0.00260172 0.0015919
 1.0055e-16 6.43639e-05 0.00062564 0.0041576 0.0188999 0.0588046 0.12529 0.182869 0.182888 0.125386 0.0591254 0.0198262 0.00648165 0.00569505 0.0096802 0.01587 0.0227806 0.0284884 0.0310773 0.0296591 0.0249037 0.0185982 0.0126042 0.0080176 0.00500971 0.00319835
 1.00771e-16 6.8139e-05 0.000662335 0.00440145 0.0200084 0.0622536 0.132638 0.193593 0.193607 0.132709 0.0624918 0.0206964 0.00612841 0.0044318 0.00722545 0.0118328 0.0170275 0.0213858 0.0235015 0.0227183 0.0195108 0.0151544 0.0109622 0.00768482 0.00541764 0.00388927
 1.00495e-16 7.13199e-05 0.000693255 0.00460692 0.0209424 0.0651597 0.13883 0.202629 0.202641 0.138887 0.0653517 0.0214968 0.00599796 0.00372817 0.00583005 0.0095118 0.0136629 0.0171124 0.0187174 0.0179488 0.0152028 0.011536 0.00804326 0.00536055 0.00357708 0.00246193
 1.00066e-16 8.04419e-05 0.000781924 0.00519616 0.023621 0.0734937 0.156586 0.228543 0.228545 0.156596 0.0735279 0.0237198 0.00544396 0.00132245 0.00110577 0.00169747 0.00242969 0.00303866 0.0033158 0.00316631 0.00266162 0.00199216 0.00135609 0.000869764 0.000550973 0.000358582
 1.00518e-16 1.97534e-05 0.00019201 0.00127598 0.00580047 0.0180478 0.0384554 0.0561419 0.0562141 0.038808 0.0192312 0.00921644 0.00984273 0.0188673 0.0354112 0.0583099 0.0835242 0.104041 0.112726 0.106293 0.0873173 0.0626265 0.0393975 0.0219516 0.0110558 0.00523381
 1.00565e-16 7.99112e-05 0.000776765 0.00516188 0.0234652 0.0730088 0.155553 0.227034 0.227035 0.155558 0.0730266 0.0235169 0.00529299 0.00106714 0.00064353 0.00096893 0.00146099 0.00198804 0.00246925 0.00285841 0.00314952 0.00334822 0.00343553 0.00336451 0.00309591 0.00263985
 1.00527e-16 4.94593e-05 0.000480762 0.00319484 0.0145233 0.0451875 0.0962782 0.140529 0.140567 0.0964631 0.0458081 0.0163144 0.00768668 0.0102726 0.018605 0.0305724 0.0437849 0.0545333 0.0590772 0.0556994 0.0457615 0.0328551 0.020751 0.0117112 0.00611975 0.00317482
 1.02116e-16 6.12519e-05 0.00059539 0.00395658 0.017986 0.0559614 0.119232 0.174027 0.174045 0.119321 0.0562597 0.0188485 0.00612436 0.00533712 0.00909412 0.0150083 0.0217767 0.0277175 0.031139 0.0312245 0.0284664 0.0242455 0.0199261 0.016205 0.0130973 0.010344
 1.01692e-16 6.29192e-05 0.000611597 0.00406428 0.0184756 0.0574847 0.122478 0.178764 0.178783 0.122572 0.0578008 0.0193889 0.00635663 0.00561576 0.00956654 0.0157153 0.0226309 0.0284552 0.0313367 0.0304184 0.0263402 0.0207934 0.0155018 0.0114232 0.00863402 0.00672607
 1.00884e-16 7.00647e-05 0.000681054 0.00452585 0.0205738 0.0640129 0.136387 0.199063 0.199075 0.136447 0.0642154 0.0211586 0.00599365 0.00388521 0.00615505 0.0100637 0.0144874 0.0182106 0.020042 0.0194276 0.0167714 0.0131535 0.00968028 0.00697629 0.00510836 0.00383478
 1.02955e-16 1.40038e-05 0.000136122 0.000904582 0.00411214 0.0127948 0.0272634 0.039807 0.03988 0.0276199 0.0139918 0.00756847 0.00957672 0.0190551 0.0359078 0.0592438 0.0851119 0.106542 0.116424 0.111459 0.0941351 0.0710768 0.0491564 0.0323797 0.0213194 0.0145208
 1.04063e-16 6.9131e-05 0.000671978 0.00446553 0.0202997 0.0631598 0.134569 0.196408 0.196412 0.13459 0.0632317 0.0205093 0.00499961 0.00186342 0.00240658 0.00406354 0.00629866 0.00885925 0.0115039 0.0140682 0.0164606 0.0185319 0.0199616 0.0203215 0.0193085 0.0169666
 1.02673e-16 5.19421e-05 0.000504895 0.00335521 0.0152523 0.0474558 0.101111 0.147581 0.147613 0.101269 0.0479884 0.01679 0.00721237 0.00891657 0.0160024 0.0263091 0.0377471 0.0471663 0.0514042 0.0490287 0.0412215 0.0310275 0.0215849 0.0146873 0.0105028 0.00821618
 1.0613e-16 2.82909e-05 0.000274998 0.00182746 0.00830739 0.0258476 0.0550729 0.0803905 0.0804383 0.0553064 0.0266319 0.0105742 0.00752324 0.0127277 0.023733 0.0393319 0.0569816 0.0723234 0.080889 0.0805476 0.0726797 0.0610675 0.0494738 0.0398569 0.032267 0.0258976
 1.04299e-16 6.69349e-05 0.000650631 0.00432367 0.0196548 0.0611534 0.130294 0.19017 0.190179 0.130338 0.061301 0.0200824 0.00540193 0.00302093 0.00461693 0.00765342 0.011315 0.0148506 0.0175278 0.0189915 0.0194168 0.0192706 0.0188951 0.018279 0.0171717 0.0153747
 1.01871e-16 6.15933e-05 0.000598709 0.00397863 0.0180863 0.0562733 0.119897 0.174998 0.175019 0.120003 0.0566293 0.0191142 0.00655754 0.00622447 0.0107343 0.0176182 0.0253038 0.0316763 0.0346285 0.0331993 0.0281567 0.0214972 0.0152743 0.0106568 0.00775612 0.00605754
 1.04902e-16 1.7993e-05 0.000174898 0.00116226 0.00528352 0.0164393 0.0350281 0.0511378 0.051201 0.0353371 0.0174771 0.00828121 0.00868811 0.0166079 0.0312385 0.0516433 0.0744539 0.0937456 0.103459 0.100753 0.0876471 0.0695804 0.0521058 0.0383298 0.0285687 0.0216384
 1.17974e-16 2.5699e-05 0.000249804 0.00166003 0.00754629 0.0234794 0.0500262 0.0730195 0.0730424 0.0501382 0.0238572 0.00864475 0.00444522 0.00642218 0.0120187 0.0205345 0.0312239 0.0426981 0.0534472 0.0626173 0.0701843 0.0762901 0.0804121 0.0812621 0.0775868 0.0691679
 1.034e-16 7.54173e-05 0.000733083 0.00487159 0.0221456 0.068903 0.146805 0.214268 0.214272 0.146825 0.0689685 0.0223349 0.00534834 0.00177841 0.00207454 0.00334785 0.00490706 0.0063726 0.00742242 0.00793449 0.0080581 0.00809299 0.00826544 0.00857875 0.00883539 0.00878214
pSPR Fmed_Fpbrs
0.236892   0.6 0.325
Fs Fmed_Fpbrs
1.02268   0.303657 0.753767
SSBpbr Bo_Bmed_Bpbrs
1.36534e+06  255172  750939 375469
Ro
67918.9
SPR SPRFo_SPRFmed_SPRFpbrs
483627 114568 157179
Fref
0.303657
log_Ro
10.9461
likeval ReclasPelacesDesembMPH_pf_preclas_ppelaces_ptallas_desvR_qrecl_qpela
 16.3072 16.6408 0.147068 0.000876858 268.596 119.772 93.7071 0 49.9527 0.000122552 0.000295619 0.00613117 9.13968e-16 0 0
q_reclas_q_pelaces
4.80047 11.5436
M
1
N
 29418.6 22751.6 67187.4 8876.5 0.116604
 19524 8708.15 6117.76 17931.9 2368.16
 155420 3595.01 1180.89 810.131 2684.73
 57864.2 28577.8 486.527 156.054 461.225
 15537.5 6957.6 2096.18 34.3423 43.478
 293707 1784.95 477.863 138.33 5.12406
 23875.2 77046.5 403.231 106.706 32.0127
 6752.48 3863.66 8673.05 44.1291 15.1578
 29044.1 1877.13 948.97 2109.83 14.4147
 35944.7 3740.69 152.03 74.1369 165.631
 38865.6 2079.65 95.553 3.64446 5.72733
 107395 9741.28 439.928 19.9487 1.95512
 79231.7 13866.6 791.826 34.4969 1.71424
 67966.3 10427.2 1158.58 63.8637 2.91499
 43143 4852.61 360.707 37.8843 2.17695
 253298 3528.74 204.21 14.4155 1.59657
 19400.1 40259.2 387.049 21.7624 1.70372
 417890 2657.86 3564.49 33.1258 2.00467
 212401 88200.3 438.828 577.395 5.68474
 208029 32950.1 9341.73 45.1204 59.8565
 209558 33206.2 3636.52 1001.85 11.2403
 399708 36811.8 4207.45 449.223 124.977
 26034.1 68190.1 4471.64 497.78 67.8353
 174770 4961.58 9717.59 623.01 78.7077
 134658 39911.6 917.767 1768.32 127.579
 37590.3 30160.6 7178.96 162.291 334.946
 129464 8267.89 5284.79 1235.88 85.5167
 175832 27553.7 1381.6 866.667 216.48
 29733.4 46805.5 6357.4 315.25 247.001
 15813.1 7729.24 10436 1400.67 123.794
 85882.7 2199.72 699.548 913.502 133.201
pred_Ctot
 3697.96 3969.49 11966.2 1582.66 0.0207915
 6515.23 3759.84 2682.37 7868.78 1039.23
 51942.6 1554.25 518.453 355.965 1179.7
 26874.4 16345.1 281.608 90.3829 267.14
 7397.02 4060.36 1237.59 20.2881 25.686
 54752.9 452.92 123.596 35.8143 1.32672
 9023.61 37069.6 196.788 52.1145 15.6355
 1066.98 838.691 1920.36 9.78122 3.35991
 12957.6 1038.74 531.689 1182.87 8.08184
 21981.7 2651.19 108.613 52.9871 118.382
 8076.76 584.11 27.3417 1.04386 1.64053
 47838.3 5383.63 246.173 11.1701 1.09479
 34876.5 7588.55 438.812 19.1301 0.950655
 39202.4 7074.19 793.046 43.7351 1.99629
 23791.2 3181.16 238.739 25.087 1.44162
 97208.2 1720.2 100.96 7.13225 0.789953
 8319.54 21558.6 209.949 11.8127 0.92482
 117753 987.039 1346.06 12.5204 0.757733
 83152.2 43734.1 220.632 290.513 2.86036
 79548.8 16013.2 4604.45 22.256 29.5259
 73419.8 14961.7 1663.19 458.569 5.14514
 144054 16999 1971.68 210.676 58.6141
 8360.47 28461.4 1895.95 211.232 28.787
 43540.4 1647.53 3283.96 210.736 26.6246
 34655.8 13652.3 319.429 616.03 44.4468
 9959.59 10593.4 2565.11 58.041 119.794
 36045.3 3037.35 1974.38 462.134 31.9788
 31539.7 6742.83 344.686 216.441 54.0666
 5671.67 12135.2 1679.92 83.3878 65.3384
 6711.82 4103.5 5612.98 753.867 66.6308
 25070.6 843.289 272.633 356.328 51.9599
F
 0.217368 0.313439 0.320903 0.321306 0.321327
 0.692098 0.997987 1.02176 1.02304 1.02311
 0.6935 1.00001 1.02383 1.02511 1.02518
 1.11827 1.61251 1.65091 1.65299 1.6531
 1.16387 1.67826 1.71823 1.72039 1.7205
 0.338174 0.487638 0.499252 0.499878 0.499911
 0.821227 1.18419 1.21239 1.21391 1.21399
 0.280167 0.403994 0.413615 0.414134 0.414161
 1.04955 1.51342 1.54946 1.55141 1.55151
 1.84978 2.66734 2.73087 2.7343 2.73448
 0.383738 0.553341 0.566519 0.56723 0.567267
 1.04703 1.50979 1.54574 1.54768 1.54779
 1.02796 1.48229 1.51759 1.51949 1.5196
 1.63949 2.36411 2.42041 2.42345 2.42361
 1.50358 2.16812 2.21976 2.22255 2.22269
 0.839228 1.21015 1.23897 1.24052 1.2406
 0.987754 1.42432 1.45824 1.46007 1.46016
 0.555606 0.80117 0.820251 0.82128 0.821334
 0.863482 1.24512 1.27477 1.27637 1.27646
 0.834944 1.20397 1.23264 1.23419 1.23427
 0.73918 1.06588 1.09126 1.09263 1.09271
 0.768436 1.10806 1.13445 1.13588 1.13595
 0.657682 0.948361 0.970947 0.972166 0.97223
 0.476801 0.687535 0.703909 0.704793 0.704839
 0.496204 0.715514 0.732554 0.733474 0.733522
 0.514367 0.741704 0.759368 0.760321 0.760371
 0.547263 0.789139 0.807933 0.808947 0.809
 0.323528 0.466519 0.477629 0.478229 0.47826
 0.347262 0.500743 0.512668 0.513312 0.513346
 0.972507 1.40233 1.43573 1.43753 1.43763
 0.581116 0.837955 0.857911 0.858988 0.859045
nmprior
 8 9 7.5 0
nm_flota  nm_reclas  nm_pelaces    nm_pelaL
inf 18.9102 5.70828 8.08736
cv_recla  cv_pelaces  cv_mph
0.365271 0.480011 0.913839
 ------------------------------------------------
Talla a la edad & desviación 
 8 13.2811 15.8009 17.003 17.5766
 0.8 1.32811 1.58009 1.7003 1.75766
