years
 1991 1992 1993 1994 1995 1996 1997 1998 1999 2000 2001 2002 2003 2004 2005 2006 2007 2008 2009 2010 2011 2012 2013 2014 2015 2016 2017 2018 2019 2020 2021
reclasobs
 0 0 0 0 0 0 0 0 0 252601 567819 844713 477998 351125 339783 2.1784e+06 2.13404e+06 4.81314e+06 1.55562e+06 2.62356e+06 3.21686e+06 3.843e+06 1.13348e+06 3.07943e+06 1.97215e+06 2.03268e+06 2.025e+06 2.42433e+06 2.27542e+06 1.05018e+06 2.36338e+06
reclaspred
 2.50869e+06 1.9754e+06 1.05683e+06 758404 870950 1.51617e+06 1.39801e+06 1.24222e+06 759654 462723 448098 608314 599002 497032 602540 1.01209e+06 1.43984e+06 2.29389e+06 2.25612e+06 1.96329e+06 3.44958e+06 2.48581e+06 2.16192e+06 2.68718e+06 2.35322e+06 2.22269e+06 2.38287e+06 2.31394e+06 2.49788e+06 1.57321e+06 2.20528e+06
pelacesobs
 0 0 0 0 0 0 0 0 0 0 0 0 0 0 0 552880 188675 0 991730 2.46772e+06 1.41603e+06 1.21717e+06 2.29649e+06 1.80582e+06 0 1.4828e+06 1.56532e+06 1.57751e+06 1.42118e+06 867257 0
pelacespred
 1.06588e+06 939414 534136 336097 385791 677659 622023 604905 399528 230065 230634 249741 265612 238147 307606 428650 597737 1.02175e+06 1.10247e+06 914769 1.42154e+06 1.2495e+06 1.03058e+06 1.36214e+06 1.21437e+06 1.1032e+06 1.3185e+06 1.32258e+06 1.15292e+06 821320 1.08952e+06
mphobs
 0 0 0 0 0 0 0 0 0 0 0 498337 0 5186 125008 0 168611 109162 213762 579715 649985 157893 87575 83554 0 0 0 0 0 0 0
mphpred
 1.83699e+06 2.08327e+06 1.15657e+06 613477 617927 798514 1.36108e+06 1.02959e+06 831188 450146 288822 448763 465676 390574 327815 544210 1.03598e+06 1.24654e+06 1.85839e+06 1.63451e+06 2.04225e+06 2.39439e+06 1.8961e+06 1.60074e+06 2.26007e+06 1.76688e+06 1.66339e+06 1.79014e+06 2.2743e+06 1.58148e+06 929498
desembarqueobs
 494567 514787 250237 358949 120608 361735 552515 73892 212993 205616 52469 317467 293654 387597 252695 516296 358380 742168 942051 627588 828172 859565 418607 520667 417249 300574 407403 355545 319650 289779 219260
desembarquepred
 494473 510240 251867 359047 120629 361978 553113 73927.9 212984 205637 52460.7 317709 293772 387560 252122 516183 358731 741723 941718 627355 827319 858913 418450 520848 417446 300516 406949 355246 319459 289642 218872
Reclutas
 487926 58165.3 78218.7 181137 186554 373575 159348 49356.7 30487.1 66802.1 128308 150738 127361 110814 143758 420291 178498 636085 537916 443305 538200 550897 167152 438515 317808 220636 394501 386532 128817 101808 626130
log_desv_Rt
 0.87323 -1.25365 -0.957426 -0.117679 -0.0882145 0.606185 -0.245842 -1.41786 -1.89963 -1.1152 -0.462505 -0.301389 -0.469912 -0.609078 -0.3488 0.724013 -0.132359 1.1384 0.970768 0.777323 0.971295 0.994613 -0.19803 0.766459 0.444512 0.0795779 0.660688 0.64028 -0.458545 -0.693846 1.12262
SSB
 1.83699e+06 2.08327e+06 1.15657e+06 613477 617927 798514 1.36108e+06 1.02959e+06 831188 450146 288822 448763 465676 390574 327815 544210 1.03598e+06 1.24654e+06 1.85839e+06 1.63451e+06 2.04225e+06 2.39439e+06 1.8961e+06 1.60074e+06 2.26007e+06 1.76688e+06 1.66339e+06 1.79014e+06 2.2743e+06 1.58148e+06 929498
BT
 3.39205e+06 2.71015e+06 1.53198e+06 1.33375e+06 1.20696e+06 2.61523e+06 2.10827e+06 1.67829e+06 1.23683e+06 864828 794114 1.03609e+06 1.08428e+06 1.21125e+06 1.37272e+06 1.94976e+06 1.99409e+06 4.14359e+06 4.31092e+06 3.2092e+06 5.1221e+06 4.33606e+06 3.14367e+06 5.09181e+06 3.61431e+06 3.44033e+06 4.72532e+06 4.54684e+06 3.10775e+06 2.40717e+06 4.17547e+06
Ftot
 0.186508 0.242509 0.224224 0.438332 0.1316 0.225523 0.367488 0.0568484 0.262972 0.411685 0.111518 0.481514 0.453219 0.705557 0.39114 0.473425 0.234686 0.303602 0.388294 0.299527 0.226178 0.322887 0.182969 0.183651 0.167947 0.128466 0.162017 0.145826 0.12148 0.174135 0.0947088
BD_Bspro_t
 0.9706 0.839635 0.683143 0.580093 0.586759 0.703003 0.740122 0.634398 0.662833 0.571649 0.540268 0.719016 0.600227 0.51003 0.4515 0.562665 0.623624 0.651712 0.68337 0.62439 0.629232 0.660342 0.643414 0.648429 0.744746 0.742223 0.76972 0.797966 0.8256 0.768918 0.732962
BD_Bspro
 1.26611 1.43586 0.797146 0.422827 0.425894 0.55036 0.938095 0.709625 0.57288 0.310254 0.199065 0.309301 0.320958 0.269195 0.22594 0.375086 0.714026 0.859154 1.28086 1.12656 1.40758 1.65029 1.30685 1.10328 1.55771 1.21779 1.14646 1.23382 1.56752 1.09 0.640638
BD_Bo
 0.939631 1.06561 0.591594 0.313797 0.316073 0.408444 0.696198 0.526641 0.425157 0.230252 0.147734 0.229544 0.238196 0.199781 0.167679 0.278366 0.529907 0.637612 0.950578 0.836062 1.04462 1.22474 0.969864 0.818789 1.15604 0.903771 0.850831 0.915666 1.16332 0.808934 0.475443
BD_Brms
 3.98258 4.51651 2.50744 1.33001 1.33966 1.73117 2.9508 2.23214 1.80201 0.97591 0.626164 0.972912 1.00958 0.846759 0.710698 1.17984 2.24598 2.70249 4.02897 3.5436 4.42757 5.19101 4.11072 3.47039 4.8998 3.83058 3.6062 3.881 4.93066 3.42862 2.01514
Sel_flota
 0.5 1 1 1 1
 0.5 1 1 1 1
 0.5 1 1 1 1
 0.5 1 1 1 1
 0.5 1 1 1 1
 0.5 1 1 1 1
 0.5 1 1 1 1
 0.5 1 1 1 1
 0.5 1 1 1 1
 0.5 1 1 1 1
 0.5 1 1 1 1
 0.5 1 1 1 1
 0.5 1 1 1 1
 0.5 1 1 1 1
 0.5 1 1 1 1
 0.5 1 1 1 1
 0.5 1 1 1 1
 0.5 1 1 1 1
 0.5 1 1 1 1
 0.5 1 1 1 1
 0.5 1 1 1 1
 0.5 1 1 1 1
 0.5 1 1 1 1
 0.5 1 1 1 1
 0.5 1 1 1 1
 0.5 1 1 1 1
 0.5 1 1 1 1
 0.5 1 1 1 1
 0.5 1 1 1 1
 0.5 1 1 1 1
 0.5 1 1 1 1
Sel_reclas
 0.5 1 1 1 1
 0.5 1 1 1 1
 0.5 1 1 1 1
 0.5 1 1 1 1
 0.5 1 1 1 1
 0.5 1 1 1 1
 0.5 1 1 1 1
 0.5 1 1 1 1
 0.5 1 1 1 1
 0.5 1 1 1 1
 0.5 1 1 1 1
 0.5 1 1 1 1
 0.5 1 1 1 1
 0.5 1 1 1 1
 0.5 1 1 1 1
 0.5 1 1 1 1
 0.5 1 1 1 1
 0.5 1 1 1 1
 0.5 1 1 1 1
 0.5 1 1 1 1
 0.5 1 1 1 1
 0.5 1 1 1 1
 0.5 1 1 1 1
 0.5 1 1 1 1
 0.5 1 1 1 1
 0.5 1 1 1 1
 0.5 1 1 1 1
 0.5 1 1 1 1
 0.5 1 1 1 1
 0.5 1 1 1 1
 0.5 1 1 1 1
Sel_pelaces
 0.5 1 1 1 1
 0.5 1 1 1 1
 0.5 1 1 1 1
 0.5 1 1 1 1
 0.5 1 1 1 1
 0.5 1 1 1 1
 0.5 1 1 1 1
 0.5 1 1 1 1
 0.5 1 1 1 1
 0.5 1 1 1 1
 0.5 1 1 1 1
 0.5 1 1 1 1
 0.5 1 1 1 1
 0.5 1 1 1 1
 0.5 1 1 1 1
 0.5 1 1 1 1
 0.5 1 1 1 1
 0.5 1 1 1 1
 0.5 1 1 1 1
 0.5 1 1 1 1
 0.5 1 1 1 1
 0.5 1 1 1 1
 0.5 1 1 1 1
 0.5 1 1 1 1
 0.5 1 1 1 1
 0.5 1 1 1 1
 0.5 1 1 1 1
 0.5 1 1 1 1
 0.5 1 1 1 1
 0.5 1 1 1 1
 0.5 1 1 1 1
pf_obs 
 0.8446 0.082 0.0669 0.0065 0
 0.8095 0.147 0.0364 0.0071 0
 0.9664 0.0169 0.016 0.0007 0
 0.9276 0.0648 0.0075 0.0001 0
 0.7033 0.2144 0.0806 0.0017 0
 0.9318 0.0425 0.0243 0.0014 0
 0.5671 0.3108 0.0964 0.0239 0.0018
 0.0768 0.2599 0.5324 0.112 0.0189
 0.490249 0.384438 0.106611 0.0170017 0.00170017
 0.7925 0.1577 0.0466 0.003 0.0002
 0.840416 0.127587 0.0312969 0.00059994 9.999e-05
 0.8084 0.0986 0.0794 0.0134 0.0002
 0.7335 0.1905 0.0724 0.0035 0.0001
 0.4001 0.4547 0.1325 0.0127 0
 0.49795 0.308269 0.164784 0.0264974 0.00249975
 0.9179 0.0499 0.0305 0.0017 0
 0.2467 0.6533 0.0926 0.0074 0
 0.9418 0.0223 0.034 0.0019 0
 0.707729 0.231977 0.0356964 0.0245975 0
 0.517169 0.277429 0.184464 0.0207286 0.00020938
 0.811772 0.124168 0.05621 0.00726502 0.000585176
 0.764997 0.148141 0.077277 0.00933861 0.000247198
 0.163321 0.427699 0.378323 0.0303852 0.000271297
 0.753843 0.0900009 0.118128 0.0371064 0.000921714
 0.721811 0.176058 0.0630433 0.0369309 0.00215725
 0.143369 0.312575 0.442814 0.0836902 0.0175525
 0.692698 0.0596174 0.167031 0.0765114 0.00414204
 0.394062 0.376323 0.152708 0.0712218 0.00568511
 0.125707 0.32114 0.495352 0.0537591 0.00404204
 0.23352 0.215282 0.420074 0.123614 0.00750983
 0 0 0 0 0
pf_pred 
 0.640921 0.226981 0.0835018 0.0307186 0.0178775
 0.128652 0.688782 0.115404 0.0424548 0.0247077
 0.34221 0.158494 0.394683 0.0661284 0.0384852
 0.668933 0.174333 0.0377649 0.0940426 0.0249267
 0.595418 0.332549 0.0379308 0.00821676 0.0258849
 0.696336 0.228867 0.06148 0.00701245 0.00630455
 0.366998 0.525798 0.0807983 0.0217046 0.00470138
 0.224144 0.437871 0.280745 0.0431415 0.0140992
 0.252068 0.276791 0.265898 0.170483 0.0347596
 0.608339 0.165153 0.083825 0.0805262 0.0621568
 0.718742 0.219022 0.0262434 0.0133201 0.0226728
 0.609262 0.328533 0.0484407 0.0058042 0.00796049
 0.555622 0.348023 0.0810152 0.0119453 0.00339433
 0.556878 0.328631 0.089666 0.0208731 0.00395217
 0.672609 0.248137 0.0587774 0.0160372 0.00444013
 0.813346 0.15347 0.0251505 0.00595753 0.00207554
 0.410941 0.535836 0.0437605 0.00717143 0.00229055
 0.776239 0.134123 0.0815386 0.00665907 0.00143984
 0.560735 0.388184 0.0306178 0.0186137 0.00184882
 0.517163 0.358108 0.110224 0.00869386 0.00581029
 0.584427 0.291278 0.0921864 0.0283746 0.00373375
 0.554955 0.33402 0.0778183 0.0246287 0.00857812
 0.269445 0.535637 0.146292 0.0340824 0.0145437
 0.639741 0.157724 0.148497 0.0405572 0.0134808
 0.468697 0.419455 0.0489676 0.0461028 0.0167768
 0.40635 0.385661 0.164204 0.0191693 0.0246154
 0.611282 0.228212 0.104272 0.0443961 0.0118381
 0.533095 0.35831 0.0637549 0.0291301 0.01571
 0.260305 0.52111 0.167745 0.0298473 0.0209923
 0.332818 0.281408 0.271775 0.0874846 0.0265145
 0.82651 0.0888805 0.035687 0.0344655 0.0144569
pobs_RECLAS
 0 0 0 0 0
 0 0 0 0 0
 0 0 0 0 0
 0 0 0 0 0
 0 0 0 0 0
 0 0 0 0 0
 0 0 0 0 0
 0 0 0 0 0
 0 0 0 0 0
 0 0 0 0 0
 0.991045 0.00858322 0.000360255 1.14367e-05 0
 0.934742 0.0480273 0.0164251 0.00080598 0
 0.827803 0.169806 0.00239088 0 0
 0.941827 0.0461693 0.0120037 0 0
 0.791401 0.0380133 0.147996 0.0225897 0
 0.846168 0.0940531 0.0597789 0 0
 0.134021 0.677848 0.182769 0.00536245 0
 0.80878 0.0450904 0.141981 0.00414843 0
 0.846168 0.0940531 0.0597789 0 0
 0.905697 0.0802665 0.012482 0.00150086 5.37128e-05
 0.989698 0.0102097 9.19794e-05 0 0
 0.975433 0.0193895 0.00387452 0.00125025 5.28907e-05
 0.303575 0.632131 0.0575291 0.00676475 0
 0.966965 0.00978017 0.0227588 0.000495775 0
 0.843318 0.132988 0.00938335 0.0141283 0.000182051
 0.564624 0.303363 0.111486 0.0197234 0.00080311
 0.826376 0.0876187 0.0782897 0.00655872 0.00115652
 0.89761 0.0855135 0.0140674 0.00269457 0.000114338
 0.34875 0.467042 0.161289 0.0227151 0.000203297
 0.318654 0.224769 0.449479 0.00709798 0
 0.937255 0.0296025 0.0250945 0.00804832 0
ppred_RECLAS
 0.642914 0.225721 0.0830383 0.0305481 0.0177783
 0.129966 0.687743 0.11523 0.0423908 0.0246705
 0.344617 0.157914 0.393239 0.0658865 0.0383444
 0.674133 0.171594 0.0371717 0.0925653 0.0245351
 0.596841 0.33138 0.0377974 0.00818788 0.025794
 0.698602 0.227159 0.0610211 0.0069601 0.00625749
 0.371428 0.522118 0.0802329 0.0215528 0.00466848
 0.224566 0.437633 0.280592 0.043118 0.0140916
 0.254492 0.275894 0.265037 0.16993 0.034647
 0.613528 0.162965 0.0827144 0.0794593 0.0613333
 0.719739 0.218245 0.0261503 0.0132728 0.0225924
 0.615551 0.323245 0.0476611 0.00571078 0.00783236
 0.56168 0.343278 0.0799107 0.0117825 0.00334805
 0.567529 0.320732 0.0875108 0.0203714 0.00385718
 0.677109 0.244726 0.0579694 0.0158168 0.0043791
 0.817253 0.150258 0.0246242 0.00583286 0.0020321
 0.413666 0.533358 0.0435581 0.00713827 0.00227996
 0.77886 0.132552 0.0805836 0.00658108 0.00142297
 0.565736 0.383765 0.0302692 0.0184018 0.00182778
 0.520886 0.355347 0.109374 0.00862683 0.00576549
 0.587043 0.289445 0.0916062 0.028196 0.00371025
 0.558976 0.331002 0.0771152 0.0244062 0.00850062
 0.271119 0.534409 0.145957 0.0340043 0.0145104
 0.641703 0.156865 0.147688 0.0403363 0.0134074
 0.47062 0.417938 0.0487904 0.045936 0.0167161
 0.407739 0.384759 0.16382 0.0191245 0.0245578
 0.613043 0.227178 0.1038 0.044195 0.0117845
 0.534739 0.357048 0.0635304 0.0290276 0.0156547
 0.26135 0.520374 0.167509 0.0298052 0.0209626
 0.334604 0.280654 0.271048 0.0872504 0.0264435
 0.827104 0.0885762 0.0355648 0.0343475 0.0144074
pobs_PELACES
 0 0 0 0 0
 0 0 0 0 0
 0 0 0 0 0
 0 0 0 0 0
 0 0 0 0 0
 0 0 0 0 0
 0 0 0 0 0
 0 0 0 0 0
 0 0 0 0 0
 0 0 0 0 0
 0 0 0 0 0
 0 0 0 0 0
 0 0 0 0 0
 0 0 0 0 0
 0 0 0 0 0
 0 0 0 0 0
 0.505614 0.472636 0.0217494 0 0
 0 0 0 0 0
 0.443492 0.261883 0.143347 0.151278 0
 0.227955 0.32914 0.350689 0.0885471 0.00366901
 0.970185 0.0296113 0.000203453 0 0
 0.997202 0.00247181 0.000326279 0 0
 0.445219 0.490057 0.0546422 0.010081 0
 0.90214 0.0892962 0.00764917 0.000914606 0
 0 0 0 0 0
 0.581667 0.319106 0.0959925 0.00289975 0.000334073
 0.762889 0.0836404 0.116647 0.0363945 0.000428098
 0.88444 0.0763242 0.0277011 0.0115352 0
 0.521256 0.241999 0.230069 0.00667565 0
 0.616807 0.101726 0.260614 0.0208532 0
 0 0 0 0 0
ppred_PELACES
 0.649947 0.221275 0.0814027 0.0299464 0.0174281
 0.134558 0.684113 0.114622 0.0421671 0.0245402
 0.35302 0.155889 0.388197 0.0650417 0.0378527
 0.689817 0.163336 0.0353826 0.0881102 0.0233543
 0.602054 0.327095 0.0373086 0.00808199 0.0254604
 0.706379 0.221298 0.0594466 0.00678052 0.00609603
 0.385691 0.51027 0.0784123 0.0210637 0.00456254
 0.226204 0.436708 0.279999 0.043027 0.0140618
 0.262811 0.272815 0.262079 0.168034 0.0342603
 0.629505 0.156228 0.0792949 0.0761744 0.0587977
 0.723436 0.215367 0.0258054 0.0130978 0.0222944
 0.634171 0.307589 0.0453526 0.00543418 0.007453
 0.579998 0.328932 0.0765712 0.0112901 0.00320814
 0.595847 0.29973 0.0817805 0.0190374 0.00360461
 0.691055 0.234156 0.0554657 0.0151337 0.00418996
 0.828631 0.140902 0.0230909 0.00546967 0.00190557
 0.423088 0.524787 0.0428581 0.00702355 0.00224332
 0.787367 0.127453 0.0774835 0.0063279 0.00136823
 0.581405 0.369918 0.029177 0.0177378 0.00176183
 0.533205 0.346211 0.106562 0.00840502 0.00561725
 0.596059 0.283125 0.0896061 0.0275804 0.00362924
 0.572065 0.321178 0.0748264 0.0236818 0.00824832
 0.277126 0.530005 0.144754 0.0337241 0.0143908
 0.64864 0.153828 0.144829 0.0395553 0.0131478
 0.477529 0.412483 0.0481536 0.0453365 0.0164979
 0.412867 0.381427 0.162401 0.0189588 0.0243452
 0.619365 0.223467 0.102104 0.0434729 0.011592
 0.54072 0.352458 0.0627137 0.0286544 0.0154534
 0.265238 0.517635 0.166627 0.0296483 0.0208523
 0.341031 0.277943 0.26843 0.0864076 0.0261881
 0.829327 0.0874372 0.0351075 0.0339058 0.0142222
pobs_pel_tallas
 0 0 0 0 0 0 0 0 0 0 0 0 0 0 0 0 0 0 0 0 0 0 0 0 0 0
 0 0 0 0 0 0 0 0 0 0 0 0 0 0 0 0 0 0 0 0 0 0 0 0 0 0
 0 0 0 0 0 0 0 0 0 0 0 0 0 0 0 0 0 0 0 0 0 0 0 0 0 0
 0 0 0 0 0 0 0 0 0 0 0 0 0 0 0 0 0 0 0 0 0 0 0 0 0 0
 0 0 0 0 0 0 0 0 0 0 0 0 0 0 0 0 0 0 0 0 0 0 0 0 0 0
 0 0 0 0 0 0 0 0 0 0 0 0 0 0 0 0 0 0 0 0 0 0 0 0 0 0
 0 0 0 0 0 0 0 0 0 0 0 0 0 0 0 0 0 0 0 0 0 0 0 0 0 0
 0 0 0 0 0 0 0 0 0 0 0 0 0 0 0 0 0 0 0 0 0 0 0 0 0 0
 0 0 0 0 0 0 0 0 0 0 0 0 0 0 0 0 0 0 0 0 0 0 0 0 0 0
 0 0 0 0 0 0 0 0 0 0 0 0 0 0 0 0 0 0 0 0 0 0 0 0 0 0
 0 0 0 0 0 0 0 0 0 0 0 0 0 0 0 0 0 0 0 0 0 0 0 0 0 0
 0 0 0 0 0 0 0 0 0 0 0 0 0 0 0 0 0 0 0 0 0 0 0 0 0 0
 0.00862536 0 0 0.000197151 0.00414017 0.0128641 0.00837892 0.0270097 0.101434 0.158115 0.152841 0.127902 0.109271 0.109419 0.0830992 0.0579132 0.0238553 0.00714673 0.00463305 0.00128148 0.00103504 0.000492878 0.000147863 0.000147863 4.92878e-05 0
 0 0 0 0 0 0 0 0 0 0 0 0 0 0 0 0 0 0 0 0 0 0 0 0 0 0
 0 0 0 0 0 0 0 0.0054083 0.00873648 0.0413646 0.0450493 0.0745869 0.0622846 0.0627006 0.0613931 0.0827291 0.12552 0.122667 0.0946155 0.0697135 0.0546179 0.0294188 0.0215738 0.0213955 0.0102223 0.00600262
 0 0 0 0 0.00359764 0.0251062 0.0480494 0.140153 0.205849 0.193036 0.1447 0.116669 0.0760912 0.0342217 0.00950174 0.001854 0.000860785 0 0 0 0.000165536 0 0.000143464 0 0 0
 0 0 0 0 0 0 0 0.000145254 0.000435761 0.0275982 0.070085 0.0708112 0.156366 0.174668 0.174014 0.160142 0.0824315 0.0480064 0.0283245 0.00493863 0.00203355 0 0 0 0 0
 0 0 0 0 0 0 0 0 0 0 0 0 0 0 0 0 0 0 0 0 0 0 0 0 0 0
 0 0 1.00437e-05 0.000401748 0.00122533 0.00171747 0.00176769 0.0269171 0.070346 0.194647 0.189555 0.159765 0.064822 0.0314167 0.0384472 0.0292271 0.0345202 0.0313363 0.0194345 0.0106764 0.0143323 0.0359363 0.0279516 0.0138201 0.00172751 0
 0 0.0021121 0.0136068 0.0755702 0.200478 0.177729 0.0527432 0.0373336 0.0318909 0.0142505 0.0149659 0.0166563 0.0217959 0.0798694 0.0677717 0.0528807 0.04013 0.0224614 0.0357745 0.0225083 0.00881397 0.00855152 0.00135912 0.000746735 0 0
 0 0 0 0 5.4009e-05 0.00500934 0.000945158 0.0243581 0.138947 0.33067 0.221406 0.137944 0.0707744 0.0437923 0.0131692 0.00525238 0.0047753 0.00276346 9.45158e-05 9.00151e-06 2.25038e-05 9.00151e-06 4.50075e-06 0 0 0
 0.000866109 0.00284123 0.00948549 0.0512746 0.133035 0.25785 0.225252 0.132002 0.0553304 0.0519788 0.0540692 0.017754 0.00435017 0.00159236 0.00146478 0.000404838 0.000125132 0.000115318 0.000107957 0.000100596 0 0 0 0 0 0
 0 0 0 0 0.00144013 0.00171154 0.00461396 0.0210425 0.0478622 0.0707936 0.0888783 0.103762 0.0637923 0.0337046 0.0602308 0.124433 0.169614 0.0934646 0.0462172 0.0250306 0.0313229 0.00938855 0.002487 0.000210481 0 0
 0 0.00764035 0.051015 0.0998891 0.058973 0.0496711 0.0374665 0.0718981 0.12319 0.153886 0.159021 0.0857701 0.0377988 0.023471 0.0147837 0.00900784 0.00315554 0.000888139 0.00291439 0.00214683 0.00393193 0.00274676 0.000635225 9.99891e-05 0 0
 0 0 0 0 0 0 0 0 0 0 0 0 0 0 0 0 0 0 0 0 0 0 0 0 0 0
 0 0 0 0 0 0 0 0 0 0 0 0 0 0 0 0 0 0 0 0 0 0 0 0 0 0
 0 0 0 0 0 0 0 0 0 0 0 0 0 0 0 0 0 0 0 0 0 0 0 0 0 0
 0 0 0 0 0 0 0 0 0 0 0 0 0 0 0 0 0 0 0 0 0 0 0 0 0 0
 0 0 0 0 0 0 0 0 0 0 0 0 0 0 0 0 0 0 0 0 0 0 0 0 0 0
 0 0 0 0 0 0 0 0 0 0 0 0 0 0 0 0 0 0 0 0 0 0 0 0 0 0
 0 0 0 0 0 0 0 0 0 0 0 0 0 0 0 0 0 0 0 0 0 0 0 0 0 0
ppred_pel_tallas
 1.08359e-16 5.35354e-05 0.000520383 0.00345813 0.0157202 0.0489114 0.104212 0.152104 0.152126 0.104316 0.0492631 0.0167373 0.0060158 0.0061186 0.0107295 0.0177697 0.0258692 0.0331218 0.0376217 0.0385078 0.0364469 0.03309 0.0299568 0.0276438 0.0258326 0.0238538
 1.11865e-16 1.10835e-05 0.000107736 0.000715944 0.00325462 0.0101267 0.0215784 0.0315081 0.0315741 0.0219008 0.0112093 0.00638209 0.00856834 0.0172564 0.0326001 0.0539328 0.0778266 0.0981666 0.108725 0.106658 0.0941918 0.0770639 0.0610076 0.0490357 0.0410948 0.0355037
 1.24171e-16 2.90778e-05 0.000282647 0.00187829 0.00853843 0.0265663 0.0566029 0.0826169 0.0826325 0.0566795 0.0268252 0.00929391 0.00380351 0.00458119 0.00847427 0.0147007 0.0228999 0.0324184 0.0425244 0.0527866 0.063033 0.0728121 0.0808978 0.0854553 0.0848927 0.0787743
 1.13852e-16 5.68194e-05 0.000552305 0.00367026 0.0166845 0.0519117 0.110604 0.161433 0.161449 0.110681 0.0521711 0.0174345 0.00555613 0.00467997 0.00792958 0.0131131 0.0191211 0.0245864 0.0282051 0.0295035 0.029166 0.0285594 0.0287996 0.0300749 0.0316501 0.0324075
 1.0628e-16 4.95905e-05 0.000482037 0.00320331 0.0145618 0.0453073 0.0965332 0.1409 0.140931 0.0966872 0.0458243 0.016055 0.00695116 0.00866237 0.0155821 0.0256742 0.0369649 0.0464622 0.0511607 0.0497044 0.043214 0.0345447 0.0265835 0.0208977 0.0175101 0.0155536
 1.03484e-16 5.81836e-05 0.000565565 0.00375838 0.0170851 0.0531581 0.11326 0.16531 0.165332 0.113364 0.0535089 0.018099 0.00630571 0.00613341 0.010653 0.0175729 0.0254328 0.0322404 0.035995 0.0357591 0.0321849 0.0270117 0.021964 0.0179293 0.0148949 0.0124237
 1.05278e-16 3.1769e-05 0.000308806 0.00205212 0.00932869 0.0290253 0.0618433 0.0902723 0.0903215 0.0620836 0.0298324 0.0116601 0.00790488 0.0130873 0.0243057 0.0401462 0.0578621 0.0728326 0.0803585 0.0782641 0.0681765 0.0543839 0.0412369 0.0311236 0.02419 0.0193677
 1.14887e-16 1.86322e-05 0.000181111 0.00120355 0.0054712 0.0170231 0.0362712 0.0529477 0.0529902 0.0364787 0.017721 0.00749134 0.00629128 0.0113436 0.0213821 0.0357475 0.0524929 0.0680985 0.0789191 0.0831845 0.0818529 0.0775438 0.0725111 0.0673852 0.0614764 0.0539734
 1.30283e-16 2.16475e-05 0.000210421 0.00139832 0.00635659 0.0197779 0.0421398 0.0615099 0.0615366 0.0422705 0.0202178 0.00763276 0.00462223 0.0073171 0.0137233 0.0231973 0.034711 0.0464282 0.0565046 0.0641973 0.0701948 0.0757515 0.0813386 0.0859835 0.0877974 0.085161
 1.19918e-16 5.18515e-05 0.000504015 0.00334936 0.0152257 0.0473729 0.100934 0.147319 0.147334 0.101008 0.0476226 0.0159486 0.00517059 0.00450235 0.00771379 0.0128559 0.0189677 0.0248533 0.0293786 0.0321595 0.0338214 0.0355095 0.0380101 0.0411703 0.0439924 0.0452255
 1.05887e-16 5.95885e-05 0.000579221 0.00384913 0.0174976 0.0544416 0.115994 0.169302 0.169322 0.116096 0.0547822 0.0184812 0.00631827 0.00596975 0.0102987 0.0169372 0.0244103 0.0307448 0.0339857 0.0332695 0.0293575 0.0241341 0.0194719 0.0163358 0.014643 0.0137185
 1.03194e-16 5.22359e-05 0.000507752 0.00337419 0.0153386 0.0477242 0.101683 0.148415 0.148445 0.101827 0.0482107 0.0167436 0.00690111 0.00820732 0.0146759 0.0241816 0.0348336 0.0438121 0.0482738 0.0469025 0.0406832 0.0322186 0.0241621 0.0179902 0.0138202 0.0110167
 1.03969e-16 4.77738e-05 0.000464378 0.00308596 0.0140283 0.0436475 0.0929968 0.135738 0.13577 0.093152 0.0441686 0.0155341 0.00686785 0.00872763 0.0157626 0.0260387 0.0376338 0.0475914 0.0529152 0.0522001 0.0464309 0.0382413 0.0302696 0.0239152 0.0192191 0.0155531
 1.04956e-16 4.90792e-05 0.000477068 0.00317028 0.0144117 0.0448402 0.0955378 0.139446 0.139475 0.0956793 0.0453155 0.0157854 0.00662156 0.00802158 0.0144079 0.023821 0.0344962 0.0437692 0.0489442 0.0487621 0.0441077 0.0373225 0.0307091 0.0254219 0.0213963 0.0180108
 1.03888e-16 5.69213e-05 0.000553296 0.00367684 0.0167144 0.0520049 0.110803 0.161725 0.161747 0.110913 0.0523759 0.0177867 0.00637015 0.00643894 0.0112529 0.0185607 0.0268434 0.0339913 0.0378877 0.0375519 0.0336989 0.0282028 0.0229173 0.0187877 0.0157751 0.0133648
 1.01574e-16 6.82533e-05 0.000663446 0.00440884 0.0200419 0.062358 0.132861 0.193917 0.193931 0.132927 0.0625809 0.0206859 0.00602549 0.00419347 0.00677494 0.0110989 0.0159973 0.0201492 0.0222561 0.0217179 0.0189814 0.0152248 0.0116408 0.00888019 0.0069781 0.00563882
 1.02455e-16 3.48493e-05 0.000338748 0.0022511 0.0102332 0.0318396 0.0678395 0.0990243 0.0990748 0.0680863 0.0326683 0.0126263 0.00825541 0.0134376 0.0248864 0.0410201 0.0589292 0.0737697 0.0806216 0.077208 0.065261 0.0493755 0.0343126 0.0228375 0.0153262 0.0107423
 1.03135e-16 6.48544e-05 0.000630408 0.00418928 0.0190439 0.0592527 0.126245 0.18426 0.184273 0.126305 0.0594561 0.0196328 0.0056719 0.0038816 0.00628224 0.0103944 0.0152253 0.0196815 0.0226732 0.0236637 0.0229258 0.0212396 0.0193071 0.0173797 0.015332 0.0129896
 1.03014e-16 4.78897e-05 0.000465504 0.00309344 0.0140624 0.0437534 0.0932226 0.136069 0.136104 0.0933966 0.0443377 0.0157495 0.00732666 0.00970137 0.0175731 0.0289364 0.0415876 0.0521087 0.0570528 0.0548424 0.0467222 0.0359374 0.0258183 0.0182491 0.0133999 0.0104424
 1.04958e-16 4.39195e-05 0.000426913 0.00283699 0.0128966 0.0401261 0.0854942 0.124788 0.124822 0.0856577 0.0406754 0.0144843 0.00682659 0.00915012 0.0166513 0.0275635 0.0399448 0.0507334 0.0568112 0.0566992 0.0513726 0.0434766 0.0356258 0.0291533 0.0240456 0.0196937
 1.06039e-16 4.90967e-05 0.000477237 0.00317141 0.0144168 0.0448561 0.0955717 0.139495 0.139523 0.0957055 0.0453056 0.015716 0.00643679 0.00761916 0.0136529 0.0225983 0.0327959 0.0417618 0.0469859 0.0473005 0.0435287 0.0378211 0.0322467 0.0277701 0.024224 0.0209703
 1.06013e-16 4.71203e-05 0.000458027 0.00304375 0.0138365 0.0430505 0.0917248 0.133882 0.133913 0.0918764 0.0435595 0.0153072 0.00673797 0.00853101 0.0154042 0.0254579 0.0368249 0.0466405 0.0520111 0.0516033 0.0464119 0.0390184 0.0319661 0.0265354 0.0226378 0.0195215
 1.10131e-16 2.28266e-05 0.000221883 0.00147449 0.00670286 0.0208554 0.0444364 0.064867 0.0649182 0.0446867 0.0216959 0.00913207 0.00757778 0.0135642 0.0254175 0.042129 0.0610262 0.077458 0.0866749 0.0864691 0.078425 0.0666969 0.055355 0.0464147 0.0397094 0.0340688
 1.10411e-16 5.34277e-05 0.000519336 0.00345117 0.0156885 0.0488129 0.104002 0.151797 0.151812 0.104075 0.0490604 0.0164061 0.00526247 0.00450673 0.00772441 0.0129434 0.0192464 0.0254806 0.0304861 0.0337127 0.03545 0.0364048 0.0370035 0.0370384 0.0359079 0.0331557
 1.08834e-16 3.93335e-05 0.000382336 0.00254076 0.0115499 0.0359363 0.0765676 0.111761 0.111801 0.0767619 0.0365886 0.0134339 0.00726981 0.0107066 0.01965 0.0324334 0.0467496 0.0588756 0.0650637 0.0636431 0.0560431 0.0458323 0.0365553 0.0300358 0.0261361 0.0236431
 1.10806e-16 3.40074e-05 0.000330564 0.00219672 0.00998598 0.0310703 0.0661999 0.0966284 0.0966654 0.0663805 0.0316771 0.0117408 0.00661007 0.00999289 0.0184666 0.0306898 0.0447085 0.0572742 0.065067 0.0665227 0.0626708 0.0562334 0.0497686 0.0443724 0.0397215 0.034992
 1.09326e-16 5.10163e-05 0.000495897 0.00329541 0.0149805 0.0466099 0.0993081 0.144948 0.144969 0.099414 0.0469659 0.0160102 0.0058864 0.0061726 0.010893 0.0180885 0.0264337 0.0340528 0.0390649 0.0406165 0.0393408 0.0367949 0.0343489 0.0324341 0.030616 0.0282091
 1.07389e-16 4.45385e-05 0.00043293 0.00287697 0.0130783 0.0406917 0.0866993 0.126547 0.126581 0.0868654 0.0412497 0.0146903 0.00692467 0.00927419 0.0168512 0.0278298 0.0401877 0.0507621 0.0563652 0.0555526 0.0494817 0.0410953 0.0333052 0.0275955 0.0238586 0.0211588
 1.11443e-16 2.18474e-05 0.000212364 0.00141124 0.00641531 0.0199607 0.0425302 0.0620846 0.0621346 0.0427748 0.0207824 0.00879069 0.00738114 0.0132692 0.0248914 0.0413049 0.059942 0.0763087 0.0858089 0.0862966 0.0792715 0.0686762 0.0583271 0.0500425 0.0435739 0.0377871
 1.20915e-16 2.80904e-05 0.000273048 0.0018145 0.00824849 0.0256643 0.0546814 0.0798148 0.079842 0.0548144 0.0261118 0.00954629 0.00509116 0.0074892 0.0139193 0.0234576 0.0349444 0.0463856 0.0557316 0.0620263 0.0658072 0.0683233 0.0702621 0.0711189 0.0696608 0.0649436
 1.06843e-16 6.83106e-05 0.000664003 0.00441254 0.0200588 0.0624103 0.132972 0.194078 0.194087 0.133013 0.0625496 0.0204618 0.0054267 0.00288666 0.00431588 0.00709807 0.0103915 0.0134474 0.0155674 0.016475 0.016481 0.016238 0.0162704 0.0166526 0.017037 0.0169367
pSPR Fmed_Fpbrs
0.697125   0.285935 0.285935
Fs Fmed_Fpbrs
0.231388   1.005 1.005
SSBpbr Bo_Bmed_Bpbrs
1.95501e+06  1.26514e+06  461257 461257
Ro
203758
SPR SPRFo_SPRFmed_SPRFpbrs
1.45089e+06 1.01145e+06 414862
Fref
1.005
log_Ro
12.0447
likeval ReclasPelacesDesembMPH_pf_preclas_ppelaces_ptallas_desvR_qrecl_qpela
 18.994 18.3744 0.691226 0.00307366 240.72 140.197 89.5618 0 28.5099 0 0 3.19297 0 0 0
q_reclas_q_pelaces
1 1
M
1
N
 487926 89741.6 33014.1 12145.2 7068.23
 58165.3 163516 27396.8 10078.7 5865.59
 78218.7 18954.4 47200.4 7908.34 4602.47
 181137 25723.3 5572.31 13876.2 3678
 186554 53521.8 6104.73 1322.44 4166.03
 373575 64258.9 17261.7 1968.88 1770.12
 159348 122776 18866.7 5068.11 1097.79
 49356.7 48781.4 31276.6 4806.21 1570.74
 30487.1 17648.5 16953.9 10870.2 2216.31
 66802.1 9833.73 4991.2 4794.78 3701.01
 128308 20003.2 2396.8 1216.52 2070.7
 150738 44641.8 6582.24 788.688 1081.69
 127361 43588.3 10146.8 1496.1 425.124
 110814 37353 10191.7 2372.49 449.214
 143758 28647.8 6785.96 1851.53 512.621
 420291 43491.4 7127.34 1688.29 588.181
 178498 122026 9965.6 1633.15 521.629
 636085 58395.2 35500.6 2899.25 626.882
 537916 201046 15857.3 9640.26 957.529
 443305 162968 50161 3956.41 2644.15
 538200 140400 44435.1 13676.9 1799.72
 550897 176821 41195 13037.8 4541.03
 167152 172449 47099.1 10972.9 4682.38
 438515 56116 52833 14429.6 4796.28
 317808 147167 17180.4 16175.3 5886.19
 220636 107498 45769.7 5343.19 6861.23
 394501 76117.6 34778.8 14807.8 3948.49
 386532 133836 23813.7 10880.7 5868
 128817 132198 42554.6 7571.85 5325.44
 101808 44596.3 43069.8 13864.2 4201.9
 626130 34330.1 13784.1 13312.3 5583.98
pred_Ctot
 27672 9800 3605.22 1326.29 771.868
 4240.34 22702.1 3803.7 1399.3 814.363
 5292.05 2451 6103.51 1022.63 595.148
 22941.1 5978.76 1295.15 3225.2 854.863
 7550.18 4216.88 480.98 104.192 328.233
 25414.7 8353.15 2243.88 255.939 230.102
 17162.5 24588.7 3778.5 1015.01 219.858
 876.371 1712.02 1097.67 168.677 55.1261
 2400.06 2635.46 2531.74 1623.25 330.962
 7988.77 2168.81 1100.8 1057.48 816.25
 4418.71 1346.51 161.34 81.8897 139.389
 20791.4 11211.4 1653.07 198.072 271.657
 16628.4 10415.5 2424.59 357.495 101.584
 21427.5 12645 3450.16 803.152 152.071
 16401.6 6050.82 1433.29 391.069 108.273
 57089.4 10772.2 1765.33 418.163 145.683
 12613.1 16446.5 1343.15 220.114 70.3045
 57335.8 9906.84 6022.73 491.863 106.352
 60959.8 42201.1 3328.58 2023.57 200.993
 39455.2 27320.6 8409.18 663.268 443.276
 36715.8 18299.1 5791.47 1782.59 234.567
 52605.1 31662.3 7376.52 2334.59 813.134
 9306.68 18501 5052.96 1177.21 502.343
 24503.1 6041.09 5687.66 1553.4 516.337
 16292.3 14580.6 1702.15 1602.57 583.174
 8722.54 8278.45 3524.73 411.48 528.384
 19533.7 7292.59 3332.05 1418.69 378.292
 17284 11617.1 2067.06 944.456 509.348
 4822.61 9654.46 3107.78 552.974 388.918
 5404.57 4569.72 4413.3 1420.64 430.563
 18376.7 1976.17 793.467 766.307 321.436
F
 0.0932538 0.186508 0.186508 0.186508 0.186508
 0.121255 0.242509 0.242509 0.242509 0.242509
 0.112112 0.224224 0.224224 0.224224 0.224224
 0.219166 0.438332 0.438332 0.438332 0.438332
 0.0657998 0.1316 0.1316 0.1316 0.1316
 0.112761 0.225523 0.225523 0.225523 0.225523
 0.183744 0.367488 0.367488 0.367488 0.367488
 0.0284242 0.0568484 0.0568484 0.0568484 0.0568484
 0.131486 0.262972 0.262972 0.262972 0.262972
 0.205842 0.411685 0.411685 0.411685 0.411685
 0.0557588 0.111518 0.111518 0.111518 0.111518
 0.240757 0.481514 0.481514 0.481514 0.481514
 0.226609 0.453219 0.453219 0.453219 0.453219
 0.352779 0.705557 0.705557 0.705557 0.705557
 0.19557 0.39114 0.39114 0.39114 0.39114
 0.236713 0.473425 0.473425 0.473425 0.473425
 0.117343 0.234686 0.234686 0.234686 0.234686
 0.151801 0.303602 0.303602 0.303602 0.303602
 0.194147 0.388294 0.388294 0.388294 0.388294
 0.149763 0.299527 0.299527 0.299527 0.299527
 0.113089 0.226178 0.226178 0.226178 0.226178
 0.161443 0.322887 0.322887 0.322887 0.322887
 0.0914846 0.182969 0.182969 0.182969 0.182969
 0.0918254 0.183651 0.183651 0.183651 0.183651
 0.0839733 0.167947 0.167947 0.167947 0.167947
 0.0642329 0.128466 0.128466 0.128466 0.128466
 0.0810085 0.162017 0.162017 0.162017 0.162017
 0.0729129 0.145826 0.145826 0.145826 0.145826
 0.0607399 0.12148 0.12148 0.12148 0.12148
 0.0870674 0.174135 0.174135 0.174135 0.174135
 0.0473544 0.0947088 0.0947088 0.0947088 0.0947088
nmprior
 8 9 7.5 0
nm_flota  nm_reclas  nm_pelaces    nm_pelaL
inf 7.13188 7.09424 10.4975
cv_recla  cv_pelaces  cv_mph
0.394215 0.504395 1.71093
 ------------------------------------------------
Talla a la edad & desviación 
 8 13.2811 15.8009 17.003 17.5766
 0.8 1.32811 1.58009 1.7003 1.75766
