years
 1991 1992 1993 1994 1995 1996 1997 1998 1999 2000 2001 2002 2003 2004 2005 2006 2007 2008 2009 2010 2011 2012 2013 2014 2015 2016 2017 2018 2019 2020 2021
reclasobs
 0 0 0 0 0 0 0 0 0 252601 567819 844713 477998 351125 339783 2.1784e+06 2.13404e+06 4.81314e+06 1.55562e+06 2.62356e+06 3.21686e+06 3.843e+06 1.13348e+06 3.07943e+06 1.97215e+06 2.03268e+06 2.025e+06 2.42433e+06 2.27542e+06 1.05018e+06 2.36338e+06
reclaspred
 1.91072e+06 1.41397e+06 726198 458125 445267 711675 508981 459767 325594 244319 330955 466954 446916 314712 407619 862511 1.32014e+06 2.00804e+06 2.01423e+06 1.67898e+06 2.86836e+06 2.20486e+06 1.8958e+06 2.30131e+06 2.00381e+06 1.7453e+06 1.82717e+06 1.96168e+06 2.18613e+06 1.34264e+06 1.12695e+06
pelacesobs
 0 0 0 0 0 0 0 0 0 0 0 0 0 0 0 552880 188675 0 991730 2.46772e+06 1.41603e+06 1.21717e+06 2.29649e+06 1.80582e+06 0 1.4828e+06 1.56532e+06 1.57751e+06 1.42118e+06 867257 0
pelacespred
 801614 652406 350856 184247 190123 300287 186822 216885 152175 104644 159789 181196 192664 136532 199312 354483 537766 882455 974100 775992 1.17958e+06 1.07637e+06 884841 1.15738e+06 1.02345e+06 854523 1.00681e+06 1.102e+06 996352 696689 562574
mphobs
 0 0 0 0 0 0 0 0 0 0 0 498337 0 5186 125008 0 168611 109162 213762 579715 649985 157893 87575 83554 0 0 0 0 0 0 0
mphpred
 1.44686e+06 1.51428e+06 800682 405211 325647 379153 555886 327218 307867 212750 152525 366172 324615 281904 178150 367285 944367 1.12901e+06 1.57307e+06 1.49355e+06 1.64385e+06 2.02221e+06 1.73229e+06 1.33558e+06 1.93481e+06 1.48563e+06 1.21616e+06 1.3975e+06 1.99352e+06 1.35806e+06 780005
desembarqueobs
 494567 514787 250237 358949 120608 361735 552515 73892 212993 205616 52469 317467 293654 387597 252695 516296 358380 742168 942051 627588 828172 859565 418607 520667 417249 300574 407403 355545 319650 289779 219260
desembarquepred
 494509 512291 250996 358181 120497 361676 552431 73809.6 213054 206312 52449.5 316967 294102 388147 252758 516846 358842 742086 941254 627625 828845 859376 418636 520093 417162 300817 407799 355380 319225 289284 219659
Reclutas
 365356 62104.3 67730.1 108698 101171 201235 93232.2 34505.8 37957.3 54532.4 124488 109396 123137 75093.5 119166 432686 162418 547752 551995 335577 501175 565362 111605 393383 276538 141581 338512 369142 107924 91900.5 212097
log_desv_Rt
 0.813519 -0.958539 -0.871824 -0.398779 -0.470545 0.217119 -0.552261 -1.54623 -1.45089 -1.08856 -0.263145 -0.392384 -0.274055 -0.768621 -0.306836 0.982657 0.00281631 1.21847 1.22618 0.728496 1.1296 1.25011 -0.372388 0.887429 0.534994 -0.134479 0.737204 0.823827 -0.405931 -0.566649 0.26969
SSB
 1.44686e+06 1.51428e+06 800682 405211 325647 379153 555886 327218 307867 212750 152525 366172 324615 281904 178150 367285 944367 1.12901e+06 1.57307e+06 1.49355e+06 1.64385e+06 2.02221e+06 1.73229e+06 1.33558e+06 1.93481e+06 1.48563e+06 1.21616e+06 1.3975e+06 1.99352e+06 1.35806e+06 780005
BT
 2.64228e+06 2.05557e+06 1.09767e+06 869167 650963 1.3652e+06 1.00112e+06 714367 670745 527201 619065 813396 899610 865732 1.02756e+06 1.76905e+06 1.82039e+06 3.64605e+06 4.02094e+06 2.7593e+06 4.4705e+06 3.92845e+06 2.67091e+06 4.45419e+06 3.11739e+06 2.63903e+06 3.81192e+06 3.97437e+06 2.7156e+06 2.0967e+06 1.98206e+06
Ftot
 0.243719 0.336987 0.322104 0.70385 0.254562 0.470967 0.944165 0.152239 0.596292 0.756872 0.150695 0.616704 0.60077 1.07084 0.573204 0.554344 0.25557 0.345742 0.43336 0.348633 0.271582 0.363112 0.208197 0.213694 0.196615 0.163249 0.211035 0.171812 0.138489 0.203267 0.184612
BD_Bspro_t
 0.961755 0.792157 0.599825 0.473683 0.427278 0.52927 0.535114 0.357671 0.419793 0.378748 0.369715 0.655691 0.505019 0.42303 0.309933 0.46908 0.596945 0.620047 0.644772 0.599931 0.576159 0.621009 0.619127 0.601965 0.710878 0.705406 0.710555 0.756041 0.804798 0.739656 0.691152
BD_Bspro
 1.25457 1.31304 0.694272 0.351359 0.282369 0.328764 0.482009 0.283731 0.266952 0.184476 0.132254 0.317508 0.281474 0.24444 0.154474 0.318473 0.818861 0.978967 1.36401 1.29506 1.42538 1.75346 1.50207 1.15808 1.67768 1.28819 1.05453 1.21177 1.72858 1.17758 0.676343
BD_Bo
 0.837853 0.876896 0.463662 0.234651 0.188577 0.219562 0.321905 0.189487 0.178281 0.1232 0.0883246 0.212044 0.187979 0.163246 0.103164 0.212689 0.546867 0.653792 0.910939 0.864889 0.951925 1.17103 1.00314 0.773412 1.12042 0.860303 0.704259 0.809268 1.15441 0.786432 0.451688
BD_Brms
 3.5512 3.71668 1.96521 0.994556 0.799273 0.9306 1.36438 0.803129 0.755634 0.522177 0.374359 0.898737 0.79674 0.691911 0.437255 0.901471 2.31787 2.77106 3.86097 3.66578 4.03468 4.96334 4.25177 3.27806 4.74883 3.64635 2.98496 3.43004 4.89292 3.33325 1.91446
Sel_flota
 0.5 1 1 1 1
 0.5 1 1 1 1
 0.5 1 1 1 1
 0.5 1 1 1 1
 0.5 1 1 1 1
 0.5 1 1 1 1
 0.5 1 1 1 1
 0.5 1 1 1 1
 0.5 1 1 1 1
 0.5 1 1 1 1
 0.5 1 1 1 1
 0.5 1 1 1 1
 0.5 1 1 1 1
 0.5 1 1 1 1
 0.5 1 1 1 1
 0.5 1 1 1 1
 0.5 1 1 1 1
 0.5 1 1 1 1
 0.5 1 1 1 1
 0.5 1 1 1 1
 0.5 1 1 1 1
 0.5 1 1 1 1
 0.5 1 1 1 1
 0.5 1 1 1 1
 0.5 1 1 1 1
 0.5 1 1 1 1
 0.5 1 1 1 1
 0.5 1 1 1 1
 0.5 1 1 1 1
 0.5 1 1 1 1
 0.5 1 1 1 1
Sel_reclas
 0.5 1 1 1 1
 0.5 1 1 1 1
 0.5 1 1 1 1
 0.5 1 1 1 1
 0.5 1 1 1 1
 0.5 1 1 1 1
 0.5 1 1 1 1
 0.5 1 1 1 1
 0.5 1 1 1 1
 0.5 1 1 1 1
 0.5 1 1 1 1
 0.5 1 1 1 1
 0.5 1 1 1 1
 0.5 1 1 1 1
 0.5 1 1 1 1
 0.5 1 1 1 1
 0.5 1 1 1 1
 0.5 1 1 1 1
 0.5 1 1 1 1
 0.5 1 1 1 1
 0.5 1 1 1 1
 0.5 1 1 1 1
 0.5 1 1 1 1
 0.5 1 1 1 1
 0.5 1 1 1 1
 0.5 1 1 1 1
 0.5 1 1 1 1
 0.5 1 1 1 1
 0.5 1 1 1 1
 0.5 1 1 1 1
 0.5 1 1 1 1
Sel_pelaces
 0.5 1 1 1 1
 0.5 1 1 1 1
 0.5 1 1 1 1
 0.5 1 1 1 1
 0.5 1 1 1 1
 0.5 1 1 1 1
 0.5 1 1 1 1
 0.5 1 1 1 1
 0.5 1 1 1 1
 0.5 1 1 1 1
 0.5 1 1 1 1
 0.5 1 1 1 1
 0.5 1 1 1 1
 0.5 1 1 1 1
 0.5 1 1 1 1
 0.5 1 1 1 1
 0.5 1 1 1 1
 0.5 1 1 1 1
 0.5 1 1 1 1
 0.5 1 1 1 1
 0.5 1 1 1 1
 0.5 1 1 1 1
 0.5 1 1 1 1
 0.5 1 1 1 1
 0.5 1 1 1 1
 0.5 1 1 1 1
 0.5 1 1 1 1
 0.5 1 1 1 1
 0.5 1 1 1 1
 0.5 1 1 1 1
 0.5 1 1 1 1
pf_obs 
 0.8446 0.082 0.0669 0.0065 0
 0.8095 0.147 0.0364 0.0071 0
 0.9664 0.0169 0.016 0.0007 0
 0.9276 0.0648 0.0075 0.0001 0
 0.7033 0.2144 0.0806 0.0017 0
 0.9318 0.0425 0.0243 0.0014 0
 0.5671 0.3108 0.0964 0.0239 0.0018
 0.0768 0.2599 0.5324 0.112 0.0189
 0.490249 0.384438 0.106611 0.0170017 0.00170017
 0.7925 0.1577 0.0466 0.003 0.0002
 0.840416 0.127587 0.0312969 0.00059994 9.999e-05
 0.8084 0.0986 0.0794 0.0134 0.0002
 0.7335 0.1905 0.0724 0.0035 0.0001
 0.4001 0.4547 0.1325 0.0127 0
 0.49795 0.308269 0.164784 0.0264974 0.00249975
 0.9179 0.0499 0.0305 0.0017 0
 0.2467 0.6533 0.0926 0.0074 0
 0.9418 0.0223 0.034 0.0019 0
 0.707729 0.231977 0.0356964 0.0245975 0
 0.517169 0.277429 0.184464 0.0207286 0.00020938
 0.811772 0.124168 0.05621 0.00726502 0.000585176
 0.764997 0.148141 0.077277 0.00933861 0.000247198
 0.163321 0.427699 0.378323 0.0303852 0.000271297
 0.753843 0.0900009 0.118128 0.0371064 0.000921714
 0.721811 0.176058 0.0630433 0.0369309 0.00215725
 0.143369 0.312575 0.442814 0.0836902 0.0175525
 0.692698 0.0596174 0.167031 0.0765114 0.00414204
 0.394062 0.376323 0.152708 0.0712218 0.00568511
 0.125707 0.32114 0.495352 0.0537591 0.00404204
 0.23352 0.215282 0.420074 0.123614 0.00750983
 0 0 0 0 0
pf_pred 
 0.62969 0.234081 0.0861135 0.0316794 0.0184367
 0.179762 0.644116 0.11133 0.0409561 0.0238355
 0.379292 0.202748 0.328215 0.0567294 0.0330152
 0.626749 0.214171 0.051962 0.0841176 0.0230004
 0.604407 0.319238 0.0438124 0.0106297 0.0219129
 0.720885 0.214158 0.0524193 0.00719404 0.00534353
 0.447658 0.473013 0.0608672 0.0148984 0.00356338
 0.363489 0.436874 0.170965 0.0219997 0.00667279
 0.496118 0.27429 0.157582 0.0616677 0.0103423
 0.680614 0.224516 0.0516426 0.0296692 0.0135579
 0.797645 0.170739 0.0222251 0.00511216 0.00427909
 0.563735 0.389063 0.0398269 0.00518427 0.00219062
 0.639025 0.273501 0.0780104 0.00798564 0.00147873
 0.523294 0.386099 0.0686505 0.0195811 0.00237562
 0.756669 0.183938 0.0481039 0.00855314 0.00273559
 0.865696 0.11835 0.0120594 0.0031538 0.000740114
 0.399464 0.563657 0.032498 0.00331141 0.00106924
 0.766831 0.137444 0.0898465 0.00518016 0.000698272
 0.609244 0.343672 0.027754 0.0181426 0.00118703
 0.461922 0.419997 0.103853 0.00838691 0.00584117
 0.626044 0.245318 0.100408 0.0248281 0.0034015
 0.596751 0.316181 0.057117 0.023378 0.00657267
 0.204828 0.610347 0.144918 0.026179 0.0137276
 0.66278 0.119386 0.167202 0.0396997 0.0109322
 0.471811 0.426392 0.0360388 0.0504732 0.0152843
 0.341875 0.430705 0.18359 0.0155171 0.0283129
 0.657488 0.178657 0.107234 0.0457088 0.0109125
 0.578151 0.338934 0.0432492 0.025959 0.0137068
 0.248561 0.557972 0.155441 0.0198348 0.0181914
 0.345276 0.26712 0.287811 0.0801788 0.0196145
 0.655762 0.181888 0.0662366 0.0713674 0.0247453
pobs_RECLAS
 0 0 0 0 0
 0 0 0 0 0
 0 0 0 0 0
 0 0 0 0 0
 0 0 0 0 0
 0 0 0 0 0
 0 0 0 0 0
 0 0 0 0 0
 0 0 0 0 0
 0 0 0 0 0
 0.991045 0.00858322 0.000360255 1.14367e-05 0
 0.934742 0.0480273 0.0164251 0.00080598 0
 0.827803 0.169806 0.00239088 0 0
 0.941827 0.0461693 0.0120037 0 0
 0.791401 0.0380133 0.147996 0.0225897 0
 0.846168 0.0940531 0.0597789 0 0
 0.134021 0.677848 0.182769 0.00536245 0
 0.80878 0.0450904 0.141981 0.00414843 0
 0.846168 0.0940531 0.0597789 0 0
 0.905697 0.0802665 0.012482 0.00150086 5.37128e-05
 0.989698 0.0102097 9.19794e-05 0 0
 0.975433 0.0193895 0.00387452 0.00125025 5.28907e-05
 0.303575 0.632131 0.0575291 0.00676475 0
 0.966965 0.00978017 0.0227588 0.000495775 0
 0.843318 0.132988 0.00938335 0.0141283 0.000182051
 0.564624 0.303363 0.111486 0.0197234 0.00080311
 0.826376 0.0876187 0.0782897 0.00655872 0.00115652
 0.89761 0.0855135 0.0140674 0.00269457 0.000114338
 0.34875 0.467042 0.161289 0.0227151 0.000203297
 0.318654 0.224769 0.449479 0.00709798 0
 0.937255 0.0296025 0.0250945 0.00804832 0
ppred_RECLAS
 0.632423 0.232353 0.0854779 0.0314455 0.0183006
 0.182304 0.64212 0.110985 0.0408292 0.0237616
 0.383124 0.201496 0.326189 0.0563791 0.0328113
 0.636784 0.208412 0.050565 0.0818561 0.0223821
 0.607354 0.31686 0.043486 0.0105505 0.0217496
 0.726041 0.210202 0.0514509 0.00706114 0.00524482
 0.463553 0.459401 0.0591156 0.0144697 0.00346084
 0.365093 0.435773 0.170534 0.0219443 0.00665598
 0.504806 0.269561 0.154865 0.0606045 0.010164
 0.69085 0.217321 0.0499875 0.0287184 0.0131234
 0.798748 0.169808 0.0221039 0.00508429 0.00425577
 0.57264 0.381122 0.039014 0.00507846 0.00214591
 0.647078 0.267399 0.07627 0.00780748 0.00144574
 0.542292 0.370712 0.0659145 0.0188008 0.00228095
 0.762699 0.17938 0.0469119 0.00834118 0.0026678
 0.869334 0.115145 0.0117328 0.00306839 0.00072007
 0.402442 0.560862 0.0323369 0.00329499 0.00106393
 0.769976 0.13559 0.0886343 0.00511027 0.000688851
 0.614765 0.338817 0.0273619 0.0178863 0.00117026
 0.466362 0.416531 0.102996 0.0083177 0.00579297
 0.629153 0.243278 0.0995736 0.0246217 0.00337322
 0.601255 0.31265 0.0564792 0.0231169 0.00649928
 0.206431 0.609117 0.144626 0.0261262 0.0136999
 0.665035 0.118587 0.166084 0.0394343 0.0108591
 0.474105 0.424541 0.0358824 0.0502541 0.0152179
 0.343559 0.429603 0.18312 0.0154774 0.0282404
 0.659728 0.177489 0.106532 0.0454098 0.0108411
 0.58008 0.337384 0.0430514 0.0258403 0.0136441
 0.249729 0.557105 0.155199 0.019804 0.0181631
 0.347438 0.266238 0.286861 0.079914 0.0195498
 0.657695 0.180867 0.0658647 0.0709667 0.0246064
pobs_PELACES
 0 0 0 0 0
 0 0 0 0 0
 0 0 0 0 0
 0 0 0 0 0
 0 0 0 0 0
 0 0 0 0 0
 0 0 0 0 0
 0 0 0 0 0
 0 0 0 0 0
 0 0 0 0 0
 0 0 0 0 0
 0 0 0 0 0
 0 0 0 0 0
 0 0 0 0 0
 0 0 0 0 0
 0 0 0 0 0
 0.505614 0.472636 0.0217494 0 0
 0 0 0 0 0
 0.443492 0.261883 0.143347 0.151278 0
 0.227955 0.32914 0.350689 0.0885471 0.00366901
 0.970185 0.0296113 0.000203453 0 0
 0.997202 0.00247181 0.000326279 0 0
 0.445219 0.490057 0.0546422 0.010081 0
 0.90214 0.0892962 0.00764917 0.000914606 0
 0 0 0 0 0
 0.581667 0.319106 0.0959925 0.00289975 0.000334073
 0.762889 0.0836404 0.116647 0.0363945 0.000428098
 0.88444 0.0763242 0.0277011 0.0115352 0
 0.521256 0.241999 0.230069 0.00667565 0
 0.616807 0.101726 0.260614 0.0208532 0
 0 0 0 0 0
ppred_PELACES
 0.641721 0.226476 0.0833158 0.0306502 0.0178377
 0.19074 0.635496 0.10984 0.040408 0.0235165
 0.395761 0.197369 0.319507 0.0552242 0.0321392
 0.663196 0.193258 0.0468881 0.0759038 0.0207545
 0.617324 0.308814 0.0423817 0.0102826 0.0211974
 0.741224 0.198553 0.0485995 0.00666982 0.00495416
 0.502435 0.426103 0.0548309 0.0134209 0.00320999
 0.370935 0.431763 0.168965 0.0217424 0.00659473
 0.529369 0.256189 0.147184 0.0575983 0.00965982
 0.716868 0.199031 0.0457805 0.0263014 0.0120189
 0.802715 0.166461 0.0216682 0.00498406 0.00417187
 0.597338 0.359096 0.0367593 0.00478496 0.00202189
 0.669372 0.250507 0.071452 0.00731428 0.00135441
 0.585711 0.335546 0.0596618 0.0170173 0.00206457
 0.77939 0.166763 0.0436123 0.00775451 0.00248016
 0.879377 0.106295 0.010831 0.00283254 0.000664722
 0.412624 0.551306 0.0317859 0.00323885 0.00104581
 0.779924 0.129726 0.0848011 0.00488927 0.00065906
 0.631554 0.32405 0.0261694 0.0171068 0.00111925
 0.480702 0.405338 0.100229 0.00809419 0.0056373
 0.639547 0.23646 0.096783 0.0239317 0.00327868
 0.615528 0.301459 0.0544575 0.0222894 0.00626663
 0.212116 0.604754 0.14359 0.0259391 0.0136018
 0.672844 0.115823 0.162213 0.038515 0.010606
 0.482199 0.418006 0.0353301 0.0494806 0.0149837
 0.34966 0.425611 0.181418 0.0153335 0.027978
 0.667501 0.173434 0.104099 0.0443726 0.0105934
 0.58697 0.331848 0.0423451 0.0254164 0.0134203
 0.254035 0.553908 0.154308 0.0196903 0.0180589
 0.35508 0.26312 0.283501 0.0789781 0.0193208
 0.664519 0.177261 0.0645516 0.0695518 0.0241158
pobs_pel_tallas
 0 0 0 0 0 0 0 0 0 0 0 0 0 0 0 0 0 0 0 0 0 0 0 0 0 0
 0 0 0 0 0 0 0 0 0 0 0 0 0 0 0 0 0 0 0 0 0 0 0 0 0 0
 0 0 0 0 0 0 0 0 0 0 0 0 0 0 0 0 0 0 0 0 0 0 0 0 0 0
 0 0 0 0 0 0 0 0 0 0 0 0 0 0 0 0 0 0 0 0 0 0 0 0 0 0
 0 0 0 0 0 0 0 0 0 0 0 0 0 0 0 0 0 0 0 0 0 0 0 0 0 0
 0 0 0 0 0 0 0 0 0 0 0 0 0 0 0 0 0 0 0 0 0 0 0 0 0 0
 0 0 0 0 0 0 0 0 0 0 0 0 0 0 0 0 0 0 0 0 0 0 0 0 0 0
 0 0 0 0 0 0 0 0 0 0 0 0 0 0 0 0 0 0 0 0 0 0 0 0 0 0
 0 0 0 0 0 0 0 0 0 0 0 0 0 0 0 0 0 0 0 0 0 0 0 0 0 0
 0 0 0 0 0 0 0 0 0 0 0 0 0 0 0 0 0 0 0 0 0 0 0 0 0 0
 0 0 0 0 0 0 0 0 0 0 0 0 0 0 0 0 0 0 0 0 0 0 0 0 0 0
 0 0 0 0 0 0 0 0 0 0 0 0 0 0 0 0 0 0 0 0 0 0 0 0 0 0
 0.00862536 0 0 0.000197151 0.00414017 0.0128641 0.00837892 0.0270097 0.101434 0.158115 0.152841 0.127902 0.109271 0.109419 0.0830992 0.0579132 0.0238553 0.00714673 0.00463305 0.00128148 0.00103504 0.000492878 0.000147863 0.000147863 4.92878e-05 0
 0 0 0 0 0 0 0 0 0 0 0 0 0 0 0 0 0 0 0 0 0 0 0 0 0 0
 0 0 0 0 0 0 0 0.0054083 0.00873648 0.0413646 0.0450493 0.0745869 0.0622846 0.0627006 0.0613931 0.0827291 0.12552 0.122667 0.0946155 0.0697135 0.0546179 0.0294188 0.0215738 0.0213955 0.0102223 0.00600262
 0 0 0 0 0.00359764 0.0251062 0.0480494 0.140153 0.205849 0.193036 0.1447 0.116669 0.0760912 0.0342217 0.00950174 0.001854 0.000860785 0 0 0 0.000165536 0 0.000143464 0 0 0
 0 0 0 0 0 0 0 0.000145254 0.000435761 0.0275982 0.070085 0.0708112 0.156366 0.174668 0.174014 0.160142 0.0824315 0.0480064 0.0283245 0.00493863 0.00203355 0 0 0 0 0
 0 0 0 0 0 0 0 0 0 0 0 0 0 0 0 0 0 0 0 0 0 0 0 0 0 0
 0 0 1.00437e-05 0.000401748 0.00122533 0.00171747 0.00176769 0.0269171 0.070346 0.194647 0.189555 0.159765 0.064822 0.0314167 0.0384472 0.0292271 0.0345202 0.0313363 0.0194345 0.0106764 0.0143323 0.0359363 0.0279516 0.0138201 0.00172751 0
 0 0.0021121 0.0136068 0.0755702 0.200478 0.177729 0.0527432 0.0373336 0.0318909 0.0142505 0.0149659 0.0166563 0.0217959 0.0798694 0.0677717 0.0528807 0.04013 0.0224614 0.0357745 0.0225083 0.00881397 0.00855152 0.00135912 0.000746735 0 0
 0 0 0 0 5.4009e-05 0.00500934 0.000945158 0.0243581 0.138947 0.33067 0.221406 0.137944 0.0707744 0.0437923 0.0131692 0.00525238 0.0047753 0.00276346 9.45158e-05 9.00151e-06 2.25038e-05 9.00151e-06 4.50075e-06 0 0 0
 0.000866109 0.00284123 0.00948549 0.0512746 0.133035 0.25785 0.225252 0.132002 0.0553304 0.0519788 0.0540692 0.017754 0.00435017 0.00159236 0.00146478 0.000404838 0.000125132 0.000115318 0.000107957 0.000100596 0 0 0 0 0 0
 0 0 0 0 0.00144013 0.00171154 0.00461396 0.0210425 0.0478622 0.0707936 0.0888783 0.103762 0.0637923 0.0337046 0.0602308 0.124433 0.169614 0.0934646 0.0462172 0.0250306 0.0313229 0.00938855 0.002487 0.000210481 0 0
 0 0.00764035 0.051015 0.0998891 0.058973 0.0496711 0.0374665 0.0718981 0.12319 0.153886 0.159021 0.0857701 0.0377988 0.023471 0.0147837 0.00900784 0.00315554 0.000888139 0.00291439 0.00214683 0.00393193 0.00274676 0.000635225 9.99891e-05 0 0
 0 0 0 0 0 0 0 0 0 0 0 0 0 0 0 0 0 0 0 0 0 0 0 0 0 0
 0 0 0 0 0 0 0 0 0 0 0 0 0 0 0 0 0 0 0 0 0 0 0 0 0 0
 0 0 0 0 0 0 0 0 0 0 0 0 0 0 0 0 0 0 0 0 0 0 0 0 0 0
 0 0 0 0 0 0 0 0 0 0 0 0 0 0 0 0 0 0 0 0 0 0 0 0 0 0
 0 0 0 0 0 0 0 0 0 0 0 0 0 0 0 0 0 0 0 0 0 0 0 0 0 0
 0 0 0 0 0 0 0 0 0 0 0 0 0 0 0 0 0 0 0 0 0 0 0 0 0 0
 0 0 0 0 0 0 0 0 0 0 0 0 0 0 0 0 0 0 0 0 0 0 0 0 0 0
ppred_pel_tallas
 1.08555e-16 5.28577e-05 0.000513796 0.00341436 0.0155212 0.0482923 0.102893 0.150179 0.150201 0.103 0.0486523 0.0165623 0.00603214 0.00624358 0.0109797 0.0181871 0.0264771 0.0339003 0.0385059 0.0394128 0.0373035 0.0338676 0.0306609 0.0282935 0.0264397 0.0244144
 1.11365e-16 1.57111e-05 0.000152718 0.00101487 0.00461347 0.0143545 0.0305861 0.0446542 0.0447155 0.0308856 0.0153603 0.00751911 0.00831058 0.0160866 0.030299 0.0501248 0.0723486 0.0912942 0.101185 0.0993821 0.0879518 0.0722068 0.0574479 0.0464451 0.0391261 0.0339194
 1.20248e-16 3.25983e-05 0.000316867 0.0021057 0.0095722 0.0297828 0.0634561 0.09262 0.0926395 0.0635515 0.0301048 0.0105083 0.00447855 0.00557323 0.01024 0.0174655 0.0265344 0.0362596 0.0453854 0.0532599 0.0599857 0.0658258 0.0704326 0.0726865 0.0713315 0.0658508
 1.12527e-16 5.46266e-05 0.00053099 0.00352862 0.0160406 0.0499083 0.106336 0.155204 0.155223 0.106427 0.0502152 0.0169277 0.00575874 0.00541072 0.00935699 0.0154787 0.0225314 0.0288719 0.0329013 0.0339838 0.032854 0.0310891 0.0300489 0.0301044 0.0306307 0.030584
 1.05921e-16 5.08482e-05 0.000494263 0.00328455 0.0149311 0.0464564 0.0989814 0.144472 0.144502 0.0991269 0.0469448 0.0163418 0.00682559 0.00822499 0.014735 0.0242859 0.0349976 0.0440555 0.0486325 0.0474482 0.0415411 0.0335656 0.0261937 0.0208572 0.0175572 0.0154932
 1.02961e-16 6.10537e-05 0.000593463 0.00394377 0.0179278 0.0557803 0.118846 0.173464 0.173483 0.11894 0.0560949 0.0188371 0.00622763 0.00558429 0.00955462 0.0157384 0.0227573 0.0288084 0.0320892 0.0317584 0.0284119 0.0236331 0.0189993 0.0153325 0.012633 0.0105002
 1.03581e-16 4.1385e-05 0.000402277 0.00267327 0.0121523 0.0378107 0.0805611 0.11759 0.117631 0.0807618 0.0384843 0.0140979 0.00755643 0.0110608 0.0202796 0.0334496 0.0481549 0.0604995 0.066534 0.0644307 0.0555648 0.0435695 0.0321588 0.0234137 0.0175198 0.0136018
 1.08283e-16 3.05535e-05 0.000296991 0.00197361 0.00897178 0.0279148 0.0594769 0.086817 0.0868588 0.0596811 0.0286011 0.0109562 0.00696297 0.0112158 0.0208462 0.0346201 0.0503463 0.0643053 0.0726832 0.0736611 0.0683878 0.0599807 0.0514337 0.0441377 0.0378987 0.0319416
 1.11724e-16 4.36035e-05 0.000423841 0.00281658 0.0128038 0.0398374 0.0848787 0.123888 0.123913 0.0850003 0.0402465 0.0139879 0.00579823 0.00696415 0.0125574 0.020935 0.0307293 0.039863 0.046233 0.0488713 0.0484366 0.0465563 0.0445827 0.0428026 0.0406034 0.0372275
 1.06044e-16 5.90475e-05 0.000573963 0.00381419 0.0173388 0.0539474 0.114941 0.167764 0.167784 0.115035 0.0542629 0.0182505 0.00610471 0.00558058 0.00958677 0.0158072 0.0228906 0.0290592 0.0325507 0.0325788 0.0297976 0.0258234 0.0222062 0.0196573 0.0179913 0.0165943
 1.01874e-16 6.61186e-05 0.000642697 0.00427095 0.0194151 0.0604077 0.128706 0.187853 0.187869 0.128784 0.0606709 0.0201752 0.00617881 0.00480721 0.00797423 0.0130757 0.0188236 0.0236593 0.0260415 0.0252623 0.0218652 0.0172737 0.0129373 0.00966029 0.00749742 0.00608339
 1.01975e-16 4.9202e-05 0.000478261 0.00317822 0.0144477 0.0449524 0.0957772 0.139797 0.139831 0.0959462 0.0455198 0.0160861 0.00728945 0.00944906 0.0170743 0.0281174 0.0404234 0.0506713 0.0555044 0.0533666 0.0454266 0.0347921 0.0246719 0.0169134 0.0117513 0.00848543
 1.03089e-16 5.51354e-05 0.000535935 0.00356148 0.01619 0.0503732 0.107326 0.156651 0.156675 0.107445 0.0507705 0.0173382 0.00644619 0.00684189 0.0120564 0.0199095 0.0288253 0.0365583 0.0408403 0.0405971 0.0365429 0.0306152 0.0247401 0.0199168 0.0161588 0.01303
 1.03864e-16 4.82443e-05 0.000468952 0.00311635 0.0141665 0.0440774 0.0939127 0.137075 0.137108 0.0940709 0.0446084 0.0157006 0.00696816 0.00888086 0.0160339 0.0264571 0.0381689 0.0481266 0.0532548 0.0521277 0.0457992 0.0370468 0.02867 0.0221772 0.0176252 0.0143108
 1.02499e-16 6.41973e-05 0.000624021 0.00414684 0.0188509 0.0586524 0.124966 0.182394 0.18241 0.125044 0.0589167 0.0196149 0.00606614 0.00481897 0.00804609 0.0132391 0.0191558 0.0242777 0.0270955 0.0269033 0.0241944 0.0202819 0.0164664 0.0134156 0.0111167 0.00923741
 1.00737e-16 7.24332e-05 0.000704076 0.00467883 0.0212693 0.0661768 0.140997 0.205791 0.205802 0.141047 0.0663447 0.0217543 0.0058959 0.00335985 0.00511299 0.00832967 0.0119722 0.0150131 0.016458 0.0158491 0.0135352 0.0104364 0.00749947 0.00526338 0.00378666 0.00285096
 1.01561e-16 3.39874e-05 0.000330369 0.00219542 0.00998011 0.0310521 0.0661618 0.0965761 0.0966292 0.066421 0.0319223 0.0124925 0.00849797 0.0140762 0.0261024 0.0430001 0.0617076 0.077107 0.0840006 0.079984 0.0668976 0.0496325 0.0332885 0.0208746 0.0128603 0.00817576
 1.03083e-16 6.42414e-05 0.000624449 0.00414968 0.0188639 0.0586926 0.125051 0.182518 0.182531 0.125113 0.0588998 0.0194639 0.00566067 0.00393912 0.00640664 0.0106125 0.0155656 0.0201624 0.0232983 0.0244226 0.0237945 0.0221769 0.0202489 0.0182427 0.0160313 0.0134659
 1.02744e-16 5.20204e-05 0.000505656 0.00336027 0.0152753 0.0475273 0.101263 0.147803 0.147834 0.101416 0.0480391 0.0167533 0.00706893 0.00859732 0.0154069 0.0253556 0.0364453 0.0456764 0.050032 0.0481325 0.0410683 0.0316785 0.0228726 0.01629 0.0120691 0.00947774
 1.04762e-16 3.95949e-05 0.000384876 0.00255764 0.0116267 0.0361752 0.0770764 0.112504 0.112543 0.0772677 0.0368175 0.0134827 0.00721965 0.0105722 0.0194165 0.0321125 0.0464304 0.058747 0.0653717 0.0645652 0.0575218 0.04746 0.0376074 0.0296805 0.0237477 0.0190733
 1.05809e-16 5.26787e-05 0.000512055 0.00340279 0.0154686 0.0481287 0.102544 0.149671 0.149694 0.102656 0.0485048 0.0165562 0.00613788 0.00649954 0.0114733 0.0190132 0.0276862 0.0354496 0.0402404 0.0410876 0.0386291 0.0345511 0.0304345 0.0269508 0.0238943 0.020762
 1.04945e-16 5.07003e-05 0.000492825 0.00327499 0.0148877 0.0463212 0.0986933 0.144052 0.144081 0.0988354 0.0467984 0.0162663 0.00673671 0.00805381 0.0144225 0.0237953 0.0343507 0.0433646 0.0480951 0.0472863 0.0419055 0.0344522 0.0274179 0.0221004 0.0184674 0.0157979
 1.09202e-16 1.74718e-05 0.000169832 0.0011286 0.00513048 0.0159631 0.0340133 0.0496556 0.049714 0.0342986 0.0169214 0.00789946 0.00808365 0.0153678 0.0289251 0.0479063 0.0692776 0.0876799 0.0976351 0.0965893 0.0863735 0.0718304 0.0577789 0.0467225 0.0386408 0.0322774
 1.10369e-16 5.54213e-05 0.000538714 0.00357995 0.0162739 0.0506343 0.107882 0.157459 0.157471 0.107938 0.0508224 0.0168205 0.00496353 0.00359785 0.00597933 0.0100963 0.0152399 0.020638 0.0255121 0.0294718 0.032626 0.0352417 0.0372665 0.0381829 0.0373277 0.0343807
 1.08625e-16 3.97182e-05 0.000386075 0.00256561 0.0116629 0.0362878 0.0773165 0.112854 0.112894 0.0775133 0.0369484 0.0135706 0.00735342 0.0108356 0.0198792 0.0327889 0.0472088 0.059345 0.0653833 0.0636333 0.0555765 0.044894 0.0352578 0.0285807 0.024743 0.022481
 1.11617e-16 2.88011e-05 0.000279957 0.00186041 0.0084572 0.0263137 0.0560656 0.0818381 0.0818793 0.0562671 0.0269907 0.0104152 0.00678457 0.0110602 0.0205928 0.0342345 0.0498645 0.0638587 0.0725041 0.0740448 0.0696218 0.0622724 0.0548644 0.0486495 0.0433046 0.0379469
 1.09292e-16 5.49812e-05 0.000534437 0.00355152 0.0161447 0.0502323 0.107026 0.156211 0.156228 0.107108 0.0505094 0.016947 0.00557234 0.00496884 0.00854463 0.0142183 0.0209011 0.0271856 0.0316701 0.03372 0.0337896 0.0329662 0.0321217 0.0313822 0.0302545 0.028158
 1.06127e-16 4.8348e-05 0.00046996 0.00312305 0.0141969 0.0441721 0.0941146 0.13737 0.137402 0.0942709 0.0446969 0.0157127 0.0069279 0.00877655 0.0158262 0.0260943 0.0376055 0.0473433 0.0522767 0.0510386 0.0447527 0.0362713 0.0284505 0.0227972 0.0192731 0.0169893
 1.09626e-16 2.09246e-05 0.000203395 0.00135163 0.00614436 0.0191177 0.0407342 0.059464 0.0595175 0.0409957 0.0199961 0.00868308 0.00772997 0.0141466 0.0265579 0.0440196 0.0637529 0.0808871 0.0904396 0.0900769 0.08143 0.0688298 0.0565496 0.0467545 0.0393602 0.0332369
 1.19439e-16 2.92476e-05 0.000284297 0.00188925 0.00858829 0.0267215 0.0569339 0.0831021 0.0831278 0.05706 0.0271461 0.00982002 0.00500106 0.00714385 0.0132525 0.0223767 0.0334387 0.0445924 0.0539257 0.0605175 0.0647892 0.0677651 0.0699096 0.0706054 0.0686648 0.0633149
 1.12965e-16 5.47356e-05 0.00053205 0.00353566 0.0160726 0.0500079 0.106548 0.155513 0.15553 0.106632 0.0502901 0.0168888 0.00558914 0.00503072 0.00864663 0.0143384 0.0209676 0.0270675 0.0312114 0.032829 0.0325559 0.0317399 0.031486 0.0319931 0.0325992 0.0323406
pSPR Fmed_Fpbrs
0.610139   0.285935 0.285935
Fs Fmed_Fpbrs
0.32792   1.005 1.005
SSBpbr Bo_Bmed_Bpbrs
1.72687e+06  967284  407429 407429
Ro
161961
SPR SPRFo_SPRFmed_SPRFpbrs
1.15327e+06 703653 329760
Fref
1.005
log_Ro
11.8151
likeval ReclasPelacesDesembMPH_pf_preclas_ppelaces_ptallas_desvR_qrecl_qpela
 23.1851 25.5034 0.366712 0.00267226 236.977 139.27 88.6351 0 27.8777 0 0 1.06423 0 0 0
q_reclas_q_pelaces
1 1
M
1
N
 365356 71332.7 26241.8 9653.83 5618.3
 62104.3 118987 20565.9 7565.78 4403.11
 67730.1 19304.2 31250.2 5401.34 3143.46
 108698 21210.1 5145.99 8330.49 2277.82
 101171 28124.8 3859.85 936.475 1930.52
 201235 32770.5 8021.2 1100.83 817.669
 93232.2 58497.8 7527.49 1842.5 440.686
 34505.8 21391.9 8371.43 1077.23 326.739
 37957.3 11763.6 6758.3 2644.77 443.555
 54532.4 10363.8 2383.85 1369.55 625.839
 124488 13740.7 1788.62 411.414 344.371
 109396 42472.7 4347.78 565.95 239.143
 123137 29565.8 8433.05 863.26 159.853
 75093.5 33545.9 5964.65 1701.29 206.404
 119166 16172.6 4229.48 752.025 240.523
 432686 32914.6 3353.86 877.109 205.834
 162418 120643 6955.78 708.764 228.856
 547752 52582.7 34372.9 1981.8 267.141
 551995 169517 13689.7 8948.87 585.503
 335577 163507 40430.7 3265.08 2274.01
 501175 103703 42445.7 10495.6 1437.92
 565362 160961 29077.1 11901.3 3346.02
 111605 173454 41184.1 7439.77 3901.22
 393383 36998.1 51816.8 12303.1 3387.95
 276538 130052 10992.1 15394.6 4661.79
 141581 92207.5 39303.8 3321.97 6061.36
 338512 48002.4 28812 12281.2 2932
 369142 112061 14299.4 8582.78 4531.85
 107924 124621 34717 4430.02 4062.98
 91900.5 37046.7 39916.4 11119.9 2720.33
 212097 30541.1 11121.8 11983.4 4155.01
pred_Ctot
 26761.4 9948.26 3659.76 1346.35 783.545
 6171.67 22114 3822.23 1406.12 818.329
 6452.88 3449.36 5583.92 965.136 561.687
 20974.4 7167.3 1738.93 2815.03 769.718
 7723.04 4079.19 559.829 135.825 280
 27205.7 8082.18 1978.27 271.498 201.661
 23038.5 24343.4 3132.5 766.74 183.388
 1608.68 1933.46 756.633 97.3634 29.5316
 6337.43 3503.78 2012.96 787.746 132.113
 11199 3694.23 849.738 488.183 223.084
 5746.64 1230.09 160.121 36.8306 30.8288
 18814.3 12984.7 1329.19 173.021 73.1105
 20695.3 8857.53 2526.43 258.621 47.8899
 20546.4 15159.6 2695.46 768.825 93.2754
 19213.3 4670.55 1221.45 217.181 69.4619
 67719.4 9258.01 943.352 246.707 57.8957
 12445 17560.2 1012.45 103.164 33.3111
 55748.6 9992.2 6531.84 376.598 50.7644
 69186.2 39027.6 3151.77 2060.29 134.8
 34419.4 31295.5 7738.48 624.939 435.247
 40674.7 15938.5 6523.64 1613.11 220.999
 60220 31906.8 5763.85 2359.14 663.268
 7034.23 20960.6 4976.79 899.04 471.433
 25420 4578.87 6412.81 1522.63 419.291
 16499.1 14910.8 1260.27 1765.04 534.486
 7061.92 8896.85 3792.32 320.528 584.845
 21613.9 5873.08 3525.14 1502.61 358.73
 19344 11340.2 1447.05 868.548 458.608
 4590.02 10303.7 2870.42 366.276 335.929
 5660.85 4379.47 4718.71 1314.54 321.584
 11911.1 3303.79 1203.11 1296.3 449.469
F
 0.12186 0.243719 0.243719 0.243719 0.243719
 0.168494 0.336987 0.336987 0.336987 0.336987
 0.161052 0.322104 0.322104 0.322104 0.322104
 0.351925 0.70385 0.70385 0.70385 0.70385
 0.127281 0.254562 0.254562 0.254562 0.254562
 0.235484 0.470967 0.470967 0.470967 0.470967
 0.472082 0.944165 0.944165 0.944165 0.944165
 0.0761197 0.152239 0.152239 0.152239 0.152239
 0.298146 0.596292 0.596292 0.596292 0.596292
 0.378436 0.756872 0.756872 0.756872 0.756872
 0.0753474 0.150695 0.150695 0.150695 0.150695
 0.308352 0.616704 0.616704 0.616704 0.616704
 0.300385 0.60077 0.60077 0.60077 0.60077
 0.535418 1.07084 1.07084 1.07084 1.07084
 0.286602 0.573204 0.573204 0.573204 0.573204
 0.277172 0.554344 0.554344 0.554344 0.554344
 0.127785 0.25557 0.25557 0.25557 0.25557
 0.172871 0.345742 0.345742 0.345742 0.345742
 0.21668 0.43336 0.43336 0.43336 0.43336
 0.174316 0.348633 0.348633 0.348633 0.348633
 0.135791 0.271582 0.271582 0.271582 0.271582
 0.181556 0.363112 0.363112 0.363112 0.363112
 0.104099 0.208197 0.208197 0.208197 0.208197
 0.106847 0.213694 0.213694 0.213694 0.213694
 0.0983076 0.196615 0.196615 0.196615 0.196615
 0.0816245 0.163249 0.163249 0.163249 0.163249
 0.105517 0.211035 0.211035 0.211035 0.211035
 0.0859058 0.171812 0.171812 0.171812 0.171812
 0.0692447 0.138489 0.138489 0.138489 0.138489
 0.101634 0.203267 0.203267 0.203267 0.203267
 0.092306 0.184612 0.184612 0.184612 0.184612
nmprior
 8 9 7.5 0
nm_flota  nm_reclas  nm_pelaces    nm_pelaL
inf 7.12603 6.71539 9.82846
cv_recla  cv_pelaces  cv_mph
0.435542 0.594243 1.59531
 ------------------------------------------------
Talla a la edad & desviación 
 8 13.2811 15.8009 17.003 17.5766
 0.8 1.32811 1.58009 1.7003 1.75766
