years
 1991 1992 1993 1994 1995 1996 1997 1998 1999 2000 2001 2002 2003 2004 2005 2006 2007 2008 2009 2010 2011 2012 2013 2014 2015 2016 2017 2018 2019 2020 2021
reclasobs
 0 0 0 0 0 0 0 0 0 252601 567819 844713 477998 351125 339783 2.1784e+06 2.13404e+06 4.81314e+06 1.55562e+06 2.62356e+06 3.21686e+06 3.843e+06 1.13348e+06 3.07943e+06 1.97215e+06 2.03268e+06 2.025e+06 2.42433e+06 2.27542e+06 1.05018e+06 2.36338e+06
reclaspred
 2.72728e+06 1.06224e+06 553917 284619 60515.8 928888 311763 86960.4 355963 150407 268508 480901 432038 297827 237230 1.17831e+06 819905 3.21256e+06 2.4121e+06 1.20845e+06 2.42987e+06 2.24102e+06 1.36168e+06 2.55327e+06 1.71426e+06 1.11305e+06 1.6856e+06 2.38048e+06 1.75792e+06 725699 536452
pelacesobs
 0 0 0 0 0 0 0 0 0 0 0 0 0 0 0 552880 188675 0 991730 2.46772e+06 1.41603e+06 1.21717e+06 2.29649e+06 1.80582e+06 0 1.4828e+06 1.56532e+06 1.57751e+06 1.42118e+06 867257 0
pelacespred
 1.33497e+06 550707 252869 83184.4 18172.4 408054 96018.9 36073.3 147232 51758.1 119670 180531 176313 120743 96690.5 451646 314939 1.51981e+06 1.1237e+06 544869 1.05474e+06 983878 601163 1.28995e+06 828304 531303 928227 1.27428e+06 784743 384560 247186
mphobs
 0 0 0 0 0 0 0 0 0 0 0 498337 0 5186 125008 0 168611 109162 213762 579715 649985 157893 87575 83554 0 0 0 0 0 0 0
mphpred
 2.89638e+06 1.42812e+06 419826 295687 89597.2 17552.6 462775 97813.9 34196.7 168247 47587.5 175467 249740 175219 91830.9 96637.6 752180 467645 1.90949e+06 1.19698e+06 798640 1.25057e+06 1.33065e+06 816964 1.43418e+06 1.00302e+06 591408 873816 1.66162e+06 918012 284420
desembarqueobs
 494567 514787 250237 358949 120608 361735 552515 73892 212993 205616 52469 317467 293654 387597 252695 516296 358380 742168 942051 627588 828172 859565 418607 520667 417249 300574 407403 355545 319650 289779 219260
desembarquepred
 494539 514986 249410 358819 120539 361549 551754 73862.1 212853 205425 52462 317256 293429 387077 252464 516000 358279 741847 941088 626780 827775 858964 418422 520516 417050 300415 407237 355427 319523 289603 219196
Reclutas
 15146.8 9598.2 185290 15358.7 6128.27 281924 10448 2577.22 67472 14581.1 74990.2 144839 88144.4 68501.5 51942.1 442415 16422.8 878653 296459 126205 438235 591390 22291.3 343819 197274 45972.1 267586 360741 23677.2 11343 86032.4
log_desv_Rt
 -1.50052 -1.95674 1.00361 -1.48663 -2.4054 1.42332 -1.87191 -3.2716 -0.00660245 -1.53859 0.0990432 0.757306 0.260661 0.00854125 -0.268184 1.87393 -1.41964 2.56008 1.47359 0.619595 1.86444 2.16416 -1.11412 1.6218 1.06628 -0.390279 1.37112 1.66984 -1.0538 -1.78971 0.236409
SSB
 2.89638e+06 1.42812e+06 419826 295687 89597.2 17552.6 462775 97813.9 34196.7 168247 47587.5 175467 249740 175219 91830.9 96637.6 752180 467645 1.90949e+06 1.19698e+06 798640 1.25057e+06 1.33065e+06 816964 1.43418e+06 1.00302e+06 591408 873816 1.66162e+06 918012 284420
BT
 3.53006e+06 1.8279e+06 826374 460155 150688 1.26255e+06 708595 153772 530299 304092 320281 678311 669934 681612 475588 1.44972e+06 1.00963e+06 4.17414e+06 3.47925e+06 1.86152e+06 3.13958e+06 3.04129e+06 1.74946e+06 3.46834e+06 2.30168e+06 1.50316e+06 2.56973e+06 3.28883e+06 2.07567e+06 1.19918e+06 778662
Ftot
 0.171882 0.446657 0.455422 1.08149 1.57916 0.434292 1.41845 0.768477 0.646135 1.18024 0.216741 0.672673 0.668759 1.22271 1.05475 0.481106 0.408381 0.255257 0.382829 0.496341 0.356499 0.393033 0.290295 0.218623 0.241447 0.261381 0.259037 0.161291 0.172939 0.373288 0.42234
BD_Bspro_t
 0.972874 0.784527 0.505185 0.447816 0.171003 0.0552534 0.473012 0.142207 0.0804397 0.315503 0.15656 0.506381 0.431639 0.305544 0.181678 0.196397 0.526391 0.406589 0.668979 0.525823 0.394264 0.501433 0.539173 0.458817 0.62496 0.598656 0.539097 0.657608 0.764739 0.643993 0.459323
BD_Bspro
 5.98887 2.95294 0.868077 0.611395 0.185261 0.0362935 0.956884 0.20225 0.0707088 0.347886 0.0983971 0.362814 0.516389 0.362302 0.189879 0.199818 1.55529 0.966954 3.94826 2.475 1.65135 2.58582 2.7514 1.68924 2.96547 2.07395 1.22286 1.8068 3.43575 1.89818 0.588097
BD_Bo
 1.63245 0.804913 0.236621 0.166654 0.0504985 0.00989292 0.260828 0.0551295 0.0192738 0.0948269 0.0268211 0.0988961 0.140758 0.0987565 0.0517574 0.0544666 0.423941 0.263573 1.07622 0.674637 0.450127 0.704844 0.749978 0.460455 0.808328 0.565319 0.333327 0.492497 0.936518 0.517407 0.160304
BD_Brms
 10.4876 5.17111 1.52015 1.07066 0.324424 0.0635563 1.67567 0.354176 0.123823 0.609209 0.17231 0.635351 0.904288 0.634454 0.332512 0.349917 2.72358 1.6933 6.91409 4.33416 2.89181 4.52822 4.81818 2.95816 5.19305 3.63185 2.14144 3.16401 6.01659 3.32404 1.02986
Sel_flota
 0.827922 1 1 1 1
 0.827922 1 1 1 1
 0.827922 1 1 1 1
 0.827922 1 1 1 1
 0.827922 1 1 1 1
 0.827922 1 1 1 1
 0.827922 1 1 1 1
 0.827922 1 1 1 1
 0.827922 1 1 1 1
 0.827922 1 1 1 1
 0.827922 1 1 1 1
 0.827922 1 1 1 1
 0.827922 1 1 1 1
 0.827922 1 1 1 1
 0.827922 1 1 1 1
 0.827922 1 1 1 1
 0.827922 1 1 1 1
 0.827922 1 1 1 1
 0.827922 1 1 1 1
 0.827922 1 1 1 1
 0.827922 1 1 1 1
 0.827922 1 1 1 1
 0.827922 1 1 1 1
 0.827922 1 1 1 1
 0.827922 1 1 1 1
 0.827922 1 1 1 1
 0.827922 1 1 1 1
 0.827922 1 1 1 1
 0.827922 1 1 1 1
 0.827922 1 1 1 1
 0.827922 1 1 1 1
Sel_reclas
 1 1 1 1 1
 1 1 1 1 1
 1 1 1 1 1
 1 1 1 1 1
 1 1 1 1 1
 1 1 1 1 1
 1 1 1 1 1
 1 1 1 1 1
 1 1 1 1 1
 1 1 1 1 1
 1 1 1 1 1
 1 1 1 1 1
 1 1 1 1 1
 1 1 1 1 1
 1 1 1 1 1
 1 1 1 1 1
 1 1 1 1 1
 1 1 1 1 1
 1 1 1 1 1
 1 1 1 1 1
 1 1 1 1 1
 1 1 1 1 1
 1 1 1 1 1
 1 1 1 1 1
 1 1 1 1 1
 1 1 1 1 1
 1 1 1 1 1
 1 1 1 1 1
 1 1 1 1 1
 1 1 1 1 1
 1 1 1 1 1
Sel_pelaces
 1 1 1 1 1
 1 1 1 1 1
 1 1 1 1 1
 1 1 1 1 1
 1 1 1 1 1
 1 1 1 1 1
 1 1 1 1 1
 1 1 1 1 1
 1 1 1 1 1
 1 1 1 1 1
 1 1 1 1 1
 1 1 1 1 1
 1 1 1 1 1
 1 1 1 1 1
 1 1 1 1 1
 1 1 1 1 1
 1 1 1 1 1
 1 1 1 1 1
 1 1 1 1 1
 1 1 1 1 1
 1 1 1 1 1
 1 1 1 1 1
 1 1 1 1 1
 1 1 1 1 1
 1 1 1 1 1
 1 1 1 1 1
 1 1 1 1 1
 1 1 1 1 1
 1 1 1 1 1
 1 1 1 1 1
 1 1 1 1 1
pf_obs 
 0.8446 0.082 0.0669 0.0065 0
 0.8095 0.147 0.0364 0.0071 0
 0.9664 0.0169 0.016 0.0007 0
 0.9276 0.0648 0.0075 0.0001 0
 0.7033 0.2144 0.0806 0.0017 0
 0.9318 0.0425 0.0243 0.0014 0
 0.5671 0.3108 0.0964 0.0239 0.0018
 0.0768 0.2599 0.5324 0.112 0.0189
 0.490249 0.384438 0.106611 0.0170017 0.00170017
 0.7925 0.1577 0.0466 0.003 0.0002
 0.840416 0.127587 0.0312969 0.00059994 9.999e-05
 0.8084 0.0986 0.0794 0.0134 0.0002
 0.7335 0.1905 0.0724 0.0035 0.0001
 0.4001 0.4547 0.1325 0.0127 0
 0.49795 0.308269 0.164784 0.0264974 0.00249975
 0.9179 0.0499 0.0305 0.0017 0
 0.2467 0.6533 0.0926 0.0074 0
 0.9418 0.0223 0.034 0.0019 0
 0.707729 0.231977 0.0356964 0.0245975 0
 0.517169 0.277429 0.184464 0.0207286 0.00020938
 0.811772 0.124168 0.05621 0.00726502 0.000585176
 0.764997 0.148141 0.077277 0.00933861 0.000247198
 0.163321 0.427699 0.378323 0.0303852 0.000271297
 0.753843 0.0900009 0.118128 0.0371064 0.000921714
 0.721811 0.176058 0.0630433 0.0369309 0.00215725
 0.143369 0.312575 0.442814 0.0836902 0.0175525
 0.692698 0.0596174 0.167031 0.0765114 0.00414204
 0.394062 0.376323 0.152708 0.0712218 0.00568511
 0.125707 0.32114 0.495352 0.0537591 0.00404204
 0.23352 0.215282 0.420074 0.123614 0.00750983
 0 0 0 0 0
pf_pred 
 0.066076 0.222335 0.632539 0.07905 6.30151e-07
 0.119348 0.0704634 0.192878 0.548734 0.0685772
 0.904698 0.0139582 0.00650855 0.0178157 0.0570197
 0.211187 0.728281 0.0088656 0.00413393 0.047532
 0.390511 0.163089 0.412145 0.00501717 0.0292385
 0.994767 0.00252504 0.000724624 0.00183121 0.000152203
 0.114086 0.882244 0.00177108 0.000508254 0.00139118
 0.226156 0.119963 0.651172 0.00130721 0.00140194
 0.96987 0.0083588 0.00337505 0.0183201 7.62193e-05
 0.464832 0.522631 0.00347798 0.00140431 0.00765443
 0.944529 0.0302572 0.0246228 0.000163858 0.000426786
 0.838262 0.154396 0.00400461 0.00325889 7.81732e-05
 0.684748 0.274484 0.0389171 0.0010094 0.00084114
 0.706788 0.216463 0.0668242 0.00947451 0.000450521
 0.793838 0.158751 0.0350009 0.0108051 0.00160482
 0.975483 0.0205859 0.00302686 0.000667353 0.000236617
 0.111418 0.871352 0.0144672 0.00212719 0.000635285
 0.959113 0.00558151 0.0346205 0.000574811 0.000109759
 0.481998 0.500787 0.00235003 0.0145766 0.00028823
 0.422887 0.311152 0.257123 0.00120659 0.00763214
 0.853533 0.0706937 0.0408536 0.0337596 0.00116051
 0.78653 0.187769 0.0124049 0.00716871 0.00612755
 0.0897144 0.748822 0.142024 0.00938275 0.010057
 0.830427 0.0185298 0.124251 0.0235659 0.00322561
 0.574519 0.365125 0.00659531 0.0442248 0.0095359
 0.289805 0.444408 0.228084 0.00411992 0.0335829
 0.84769 0.0511999 0.0632704 0.0324724 0.00536775
 0.768591 0.202134 0.00984094 0.012161 0.00727311
 0.120662 0.706182 0.15125 0.00736364 0.0145419
 0.155518 0.121898 0.580295 0.124288 0.0180005
 0.817937 0.0342007 0.0213434 0.101605 0.0249136
pobs_RECLAS
 0 0 0 0 0
 0 0 0 0 0
 0 0 0 0 0
 0 0 0 0 0
 0 0 0 0 0
 0 0 0 0 0
 0 0 0 0 0
 0 0 0 0 0
 0 0 0 0 0
 0 0 0 0 0
 0.991045 0.00858322 0.000360255 1.14367e-05 0
 0.934742 0.0480273 0.0164251 0.00080598 0
 0.827803 0.169806 0.00239088 0 0
 0.941827 0.0461693 0.0120037 0 0
 0.791401 0.0380133 0.147996 0.0225897 0
 0.846168 0.0940531 0.0597789 0 0
 0.134021 0.677848 0.182769 0.00536245 0
 0.80878 0.0450904 0.141981 0.00414843 0
 0.846168 0.0940531 0.0597789 0 0
 0.905697 0.0802665 0.012482 0.00150086 5.37128e-05
 0.989698 0.0102097 9.19794e-05 0 0
 0.975433 0.0193895 0.00387452 0.00125025 5.28907e-05
 0.303575 0.632131 0.0575291 0.00676475 0
 0.966965 0.00978017 0.0227588 0.000495775 0
 0.843318 0.132988 0.00938335 0.0141283 0.000182051
 0.564624 0.303363 0.111486 0.0197234 0.00080311
 0.826376 0.0876187 0.0782897 0.00655872 0.00115652
 0.89761 0.0855135 0.0140674 0.00269457 0.000114338
 0.34875 0.467042 0.161289 0.0227151 0.000203297
 0.318654 0.224769 0.449479 0.00709798 0
 0.937255 0.0296025 0.0250945 0.00804832 0
ppred_RECLAS
 0.0789308 0.219275 0.623832 0.0779619 6.21477e-07
 0.141723 0.068673 0.187977 0.534792 0.0668348
 0.92044 0.0116526 0.00543347 0.0148729 0.0476012
 0.249745 0.692682 0.00843224 0.00393186 0.0452086
 0.448722 0.147512 0.372782 0.00453799 0.026446
 0.9957 0.00207494 0.000595455 0.00150479 0.000125071
 0.1397 0.856735 0.00171987 0.000493559 0.00135095
 0.264366 0.11404 0.619019 0.00124266 0.00133272
 0.975268 0.00686118 0.00277035 0.0150377 6.25633e-05
 0.520191 0.468569 0.0031182 0.00125904 0.00686264
 0.953793 0.0252044 0.0205109 0.000136495 0.000355515
 0.864025 0.129803 0.00336673 0.00273979 6.57213e-05
 0.726977 0.237717 0.0337041 0.000874192 0.000728468
 0.750875 0.183916 0.0567766 0.00804994 0.000382781
 0.827071 0.133161 0.0293589 0.00906337 0.00134613
 0.979807 0.0169555 0.00249305 0.00054966 0.000194888
 0.132423 0.850755 0.0141253 0.00207691 0.000620268
 0.966054 0.00463404 0.0287436 0.000477237 9.11269e-05
 0.530958 0.453454 0.00212791 0.0131988 0.000260988
 0.472005 0.28467 0.235239 0.0011039 0.00698257
 0.876317 0.0596968 0.0344985 0.028508 0.00097998
 0.817635 0.160409 0.0105973 0.00612415 0.0052347
 0.106866 0.734713 0.139348 0.00920595 0.00986748
 0.855841 0.0157527 0.10563 0.0200341 0.00274219
 0.620877 0.325343 0.00587672 0.0394062 0.00849691
 0.331155 0.418533 0.214804 0.00388004 0.0316276
 0.871009 0.0433609 0.0535834 0.0275007 0.00454592
 0.80088 0.17393 0.0084678 0.0104641 0.00625826
 0.142519 0.688629 0.147491 0.00718062 0.0141804
 0.183 0.117931 0.561411 0.120243 0.0174148
 0.845457 0.029031 0.0181172 0.0862467 0.0211477
pobs_PELACES
 0 0 0 0 0
 0 0 0 0 0
 0 0 0 0 0
 0 0 0 0 0
 0 0 0 0 0
 0 0 0 0 0
 0 0 0 0 0
 0 0 0 0 0
 0 0 0 0 0
 0 0 0 0 0
 0 0 0 0 0
 0 0 0 0 0
 0 0 0 0 0
 0 0 0 0 0
 0 0 0 0 0
 0 0 0 0 0
 0.505614 0.472636 0.0217494 0 0
 0 0 0 0 0
 0.443492 0.261883 0.143347 0.151278 0
 0.227955 0.32914 0.350689 0.0885471 0.00366901
 0.970185 0.0296113 0.000203453 0 0
 0.997202 0.00247181 0.000326279 0 0
 0.445219 0.490057 0.0546422 0.010081 0
 0.90214 0.0892962 0.00764917 0.000914606 0
 0 0 0 0 0
 0.581667 0.319106 0.0959925 0.00289975 0.000334073
 0.762889 0.0836404 0.116647 0.0363945 0.000428098
 0.88444 0.0763242 0.0277011 0.0115352 0
 0.521256 0.241999 0.230069 0.00667565 0
 0.616807 0.101726 0.260614 0.0208532 0
 0 0 0 0 0
ppred_PELACES
 0.0796434 0.219105 0.623349 0.0779016 6.20996e-07
 0.144836 0.0684239 0.187295 0.532852 0.0665924
 0.922313 0.0113782 0.00530553 0.0145227 0.0464803
 0.261428 0.681896 0.00830093 0.00387064 0.0445046
 0.470992 0.141553 0.357722 0.00435467 0.0253777
 0.995804 0.0020246 0.00058101 0.00146828 0.000122037
 0.149665 0.846812 0.00169995 0.000487843 0.00133531
 0.272939 0.112711 0.611805 0.00122818 0.00131719
 0.976138 0.00661989 0.00267293 0.0145089 6.03632e-05
 0.53689 0.452261 0.00300968 0.00121522 0.00662379
 0.954332 0.0249102 0.0202715 0.000134902 0.000351365
 0.86845 0.125578 0.00325715 0.00265062 6.35822e-05
 0.734449 0.231211 0.0327817 0.000850266 0.000708531
 0.763636 0.174495 0.0538683 0.0076376 0.000363174
 0.83547 0.126693 0.0279329 0.00862315 0.00128075
 0.98034 0.0165075 0.00242718 0.000535138 0.000189739
 0.13511 0.84812 0.0140815 0.00207048 0.000618347
 0.966526 0.00456959 0.0283438 0.000470599 8.98595e-05
 0.536369 0.448223 0.00210337 0.0130466 0.000257977
 0.479034 0.28088 0.232107 0.0010892 0.00688961
 0.878494 0.0586458 0.0338911 0.0280061 0.000962727
 0.820939 0.157502 0.0104053 0.00601319 0.00513985
 0.10845 0.73341 0.139101 0.00918963 0.00984999
 0.857366 0.0155861 0.104512 0.0198221 0.00271318
 0.624099 0.322578 0.00582677 0.0390714 0.0084247
 0.334451 0.416471 0.213746 0.00386093 0.0314717
 0.872653 0.0428084 0.0529006 0.0271502 0.004488
 0.802337 0.172658 0.00840585 0.0103876 0.00621248
 0.143723 0.687662 0.147284 0.00717053 0.0141605
 0.186191 0.117471 0.559218 0.119774 0.0173467
 0.848565 0.0284472 0.0177529 0.0845124 0.0207224
pobs_pel_tallas
 0 0 0 0 0 0 0 0 0 0 0 0 0 0 0 0 0 0 0 0 0 0 0 0 0 0
 0 0 0 0 0 0 0 0 0 0 0 0 0 0 0 0 0 0 0 0 0 0 0 0 0 0
 0 0 0 0 0 0 0 0 0 0 0 0 0 0 0 0 0 0 0 0 0 0 0 0 0 0
 0 0 0 0 0 0 0 0 0 0 0 0 0 0 0 0 0 0 0 0 0 0 0 0 0 0
 0 0 0 0 0 0 0 0 0 0 0 0 0 0 0 0 0 0 0 0 0 0 0 0 0 0
 0 0 0 0 0 0 0 0 0 0 0 0 0 0 0 0 0 0 0 0 0 0 0 0 0 0
 0 0 0 0 0 0 0 0 0 0 0 0 0 0 0 0 0 0 0 0 0 0 0 0 0 0
 0 0 0 0 0 0 0 0 0 0 0 0 0 0 0 0 0 0 0 0 0 0 0 0 0 0
 0 0 0 0 0 0 0 0 0 0 0 0 0 0 0 0 0 0 0 0 0 0 0 0 0 0
 0 0 0 0 0 0 0 0 0 0 0 0 0 0 0 0 0 0 0 0 0 0 0 0 0 0
 0 0 0 0 0 0 0 0 0 0 0 0 0 0 0 0 0 0 0 0 0 0 0 0 0 0
 0 0 0 0 0 0 0 0 0 0 0 0 0 0 0 0 0 0 0 0 0 0 0 0 0 0
 0.00862536 0 0 0.000197151 0.00414017 0.0128641 0.00837892 0.0270097 0.101434 0.158115 0.152841 0.127902 0.109271 0.109419 0.0830992 0.0579132 0.0238553 0.00714673 0.00463305 0.00128148 0.00103504 0.000492878 0.000147863 0.000147863 4.92878e-05 0
 0 0 0 0 0 0 0 0 0 0 0 0 0 0 0 0 0 0 0 0 0 0 0 0 0 0
 0 0 0 0 0 0 0 0.0054083 0.00873648 0.0413646 0.0450493 0.0745869 0.0622846 0.0627006 0.0613931 0.0827291 0.12552 0.122667 0.0946155 0.0697135 0.0546179 0.0294188 0.0215738 0.0213955 0.0102223 0.00600262
 0 0 0 0 0.00359764 0.0251062 0.0480494 0.140153 0.205849 0.193036 0.1447 0.116669 0.0760912 0.0342217 0.00950174 0.001854 0.000860785 0 0 0 0.000165536 0 0.000143464 0 0 0
 0 0 0 0 0 0 0 0.000145254 0.000435761 0.0275982 0.070085 0.0708112 0.156366 0.174668 0.174014 0.160142 0.0824315 0.0480064 0.0283245 0.00493863 0.00203355 0 0 0 0 0
 0 0 0 0 0 0 0 0 0 0 0 0 0 0 0 0 0 0 0 0 0 0 0 0 0 0
 0 0 1.00437e-05 0.000401748 0.00122533 0.00171747 0.00176769 0.0269171 0.070346 0.194647 0.189555 0.159765 0.064822 0.0314167 0.0384472 0.0292271 0.0345202 0.0313363 0.0194345 0.0106764 0.0143323 0.0359363 0.0279516 0.0138201 0.00172751 0
 0 0.0021121 0.0136068 0.0755702 0.200478 0.177729 0.0527432 0.0373336 0.0318909 0.0142505 0.0149659 0.0166563 0.0217959 0.0798694 0.0677717 0.0528807 0.04013 0.0224614 0.0357745 0.0225083 0.00881397 0.00855152 0.00135912 0.000746735 0 0
 0 0 0 0 5.4009e-05 0.00500934 0.000945158 0.0243581 0.138947 0.33067 0.221406 0.137944 0.0707744 0.0437923 0.0131692 0.00525238 0.0047753 0.00276346 9.45158e-05 9.00151e-06 2.25038e-05 9.00151e-06 4.50075e-06 0 0 0
 0.000866109 0.00284123 0.00948549 0.0512746 0.133035 0.25785 0.225252 0.132002 0.0553304 0.0519788 0.0540692 0.017754 0.00435017 0.00159236 0.00146478 0.000404838 0.000125132 0.000115318 0.000107957 0.000100596 0 0 0 0 0 0
 0 0 0 0 0.00144013 0.00171154 0.00461396 0.0210425 0.0478622 0.0707936 0.0888783 0.103762 0.0637923 0.0337046 0.0602308 0.124433 0.169614 0.0934646 0.0462172 0.0250306 0.0313229 0.00938855 0.002487 0.000210481 0 0
 0 0.00764035 0.051015 0.0998891 0.058973 0.0496711 0.0374665 0.0718981 0.12319 0.153886 0.159021 0.0857701 0.0377988 0.023471 0.0147837 0.00900784 0.00315554 0.000888139 0.00291439 0.00214683 0.00393193 0.00274676 0.000635225 9.99891e-05 0 0
 0 0 0 0 0 0 0 0 0 0 0 0 0 0 0 0 0 0 0 0 0 0 0 0 0 0
 0 0 0 0 0 0 0 0 0 0 0 0 0 0 0 0 0 0 0 0 0 0 0 0 0 0
 0 0 0 0 0 0 0 0 0 0 0 0 0 0 0 0 0 0 0 0 0 0 0 0 0 0
 0 0 0 0 0 0 0 0 0 0 0 0 0 0 0 0 0 0 0 0 0 0 0 0 0 0
 0 0 0 0 0 0 0 0 0 0 0 0 0 0 0 0 0 0 0 0 0 0 0 0 0 0
 0 0 0 0 0 0 0 0 0 0 0 0 0 0 0 0 0 0 0 0 0 0 0 0 0 0
 0 0 0 0 0 0 0 0 0 0 0 0 0 0 0 0 0 0 0 0 0 0 0 0 0 0
ppred_pel_tallas
 1.25858e-16 6.56017e-06 6.37672e-05 0.000423756 0.00192635 0.0059937 0.012771 0.0186443 0.0186663 0.0128792 0.00635978 0.0029957 0.00315323 0.00617194 0.0120456 0.0210468 0.0329808 0.047023 0.0621463 0.0776012 0.0928082 0.106643 0.116906 0.120803 0.116337 0.103603
 1.7013e-16 1.193e-05 0.000115964 0.000770621 0.00350314 0.0108996 0.023223 0.0338961 0.0339032 0.0232578 0.0110179 0.00385154 0.00167131 0.00217175 0.00418966 0.00765604 0.0128743 0.0203073 0.0306814 0.044989 0.0640662 0.0877559 0.114118 0.139314 0.158475 0.167279
 1.09479e-16 7.59697e-05 0.000738453 0.00490728 0.0223078 0.0694078 0.147881 0.215836 0.215837 0.147886 0.0694262 0.0223613 0.00504288 0.00103889 0.000660521 0.00101162 0.00155314 0.00219586 0.00293964 0.00387121 0.00515696 0.00696091 0.00931863 0.0120425 0.0147205 0.0168215
 1.08334e-16 2.15336e-05 0.000209314 0.00139097 0.00632319 0.0196742 0.0419203 0.0611976 0.0612632 0.0422407 0.0207496 0.00942786 0.00917772 0.0171868 0.0322037 0.0530471 0.0760506 0.09489 0.103165 0.0979957 0.0818403 0.0609835 0.0419361 0.0284692 0.0209668 0.0176694
 1.15091e-16 3.8795e-05 0.000377101 0.00250597 0.0113918 0.0354442 0.0755181 0.110224 0.110238 0.0755876 0.035679 0.0120767 0.00425043 0.00426861 0.00767323 0.0132584 0.02057 0.0289322 0.0375707 0.045958 0.0538134 0.0606807 0.0655519 0.0670597 0.0642156 0.0571162
 1.00186e-16 8.20231e-05 0.000797293 0.00529829 0.0240853 0.0749382 0.159664 0.233034 0.233034 0.159665 0.0749415 0.0240946 0.00532175 0.000848681 0.000180204 0.000169697 0.000240461 0.000311137 0.000361276 0.00038518 0.000391191 0.000395252 0.0004093 0.000433278 0.000455946 0.000462407
 1.00541e-16 1.23279e-05 0.000119831 0.000796324 0.00362003 0.0112637 0.0240015 0.0350479 0.0351293 0.0243992 0.0125987 0.0074736 0.0104599 0.0211842 0.0399251 0.0657431 0.0941369 0.117186 0.126832 0.119367 0.097721 0.0696434 0.0432898 0.0235832 0.0114043 0.00506184
 1.18031e-16 2.24817e-05 0.00021853 0.00145221 0.00660154 0.0205399 0.0437628 0.0638756 0.0638874 0.0438208 0.0207373 0.00718333 0.00295646 0.00364708 0.00695652 0.0125624 0.0206375 0.031218 0.044132 0.0589359 0.0745868 0.0890417 0.0993465 0.102572 0.0972086 0.0840966
 1.01545e-16 8.04032e-05 0.000781548 0.00519366 0.0236096 0.0734583 0.156511 0.228432 0.228433 0.156514 0.0734689 0.0236404 0.0052715 0.000953062 0.000411043 0.00056593 0.000841739 0.00113638 0.00141297 0.0016733 0.00195791 0.00231508 0.00275394 0.00321732 0.00359542 0.00377228
 1.01446e-16 4.4223e-05 0.000429864 0.0028566 0.0129857 0.0404036 0.0860857 0.125654 0.125697 0.0862982 0.0411167 0.0150442 0.00801882 0.0116832 0.0213699 0.0351371 0.0503275 0.0626923 0.0679398 0.0641057 0.0527661 0.0380599 0.0243263 0.0141588 0.00797697 0.00482179
 1.00665e-16 7.86071e-05 0.000764089 0.00507764 0.0230822 0.0718173 0.153014 0.22333 0.223332 0.153026 0.0718573 0.0231979 0.00536914 0.00140446 0.00130652 0.00206594 0.00303878 0.00396653 0.0046378 0.00494577 0.00493005 0.00471745 0.00441409 0.00404498 0.00357984 0.00300111
 1.00403e-16 7.15331e-05 0.000695328 0.0046207 0.021005 0.0653545 0.139245 0.203235 0.203247 0.139304 0.0655526 0.0215769 0.00605506 0.00382284 0.00600036 0.0097781 0.0140121 0.0174809 0.018994 0.0180069 0.0149509 0.0109599 0.00721698 0.00442087 0.00267567 0.00171805
 1.01211e-16 6.04956e-05 0.000588039 0.00390773 0.017764 0.0552704 0.11776 0.171879 0.171902 0.117869 0.055636 0.0188198 0.00655783 0.00637263 0.0110445 0.0181573 0.0261355 0.0328305 0.0360877 0.0348994 0.0299918 0.0233187 0.0168917 0.0118611 0.00837472 0.00601959
 1.02427e-16 6.28997e-05 0.000611407 0.00406302 0.0184699 0.0574668 0.12244 0.178708 0.178725 0.122522 0.0577437 0.0192702 0.00607408 0.00500874 0.00843521 0.0139 0.0201436 0.0255923 0.0286746 0.0286465 0.0259984 0.0220587 0.0181353 0.0148881 0.0123003 0.0100618
 1.01921e-16 6.88166e-05 0.000668922 0.00444522 0.0202073 0.0628726 0.133957 0.195517 0.195529 0.134017 0.0630733 0.0207873 0.00590172 0.00385126 0.0061209 0.0100318 0.0144955 0.0183359 0.0204014 0.02016 0.0180015 0.0149487 0.0120171 0.00973106 0.00807804 0.00678138
 1.00161e-16 8.07493e-05 0.000784912 0.00521602 0.0237113 0.0737746 0.157185 0.229416 0.229417 0.157192 0.0738007 0.0237867 0.00540531 0.00119816 0.000865638 0.00130342 0.00187011 0.00235216 0.00259235 0.00251984 0.00218739 0.00173433 0.0013025 0.000970484 0.000744116 0.000589345
 1.00936e-16 1.1129e-05 0.000108178 0.000718885 0.003268 0.0101684 0.0216678 0.0316419 0.0317235 0.0220663 0.0115059 0.00712895 0.0104019 0.021218 0.0400193 0.0659238 0.0944515 0.117694 0.127601 0.12046 0.0991795 0.0714557 0.0453715 0.0257787 0.0135195 0.0069166
 1.00882e-16 7.96115e-05 0.000773852 0.00514252 0.0233771 0.072735 0.15497 0.226183 0.226183 0.154972 0.0727431 0.0234011 0.00520481 0.000916594 0.000370466 0.000537787 0.000885987 0.00136063 0.00195603 0.00265519 0.00340828 0.00411475 0.00463042 0.00481338 0.00458973 0.00399636
 1.01528e-16 4.41801e-05 0.000429446 0.00285382 0.0129731 0.0403643 0.086002 0.125532 0.125575 0.0862126 0.0410711 0.0150133 0.00797041 0.0115837 0.0211835 0.034834 0.0499038 0.062189 0.0674463 0.0637397 0.0526371 0.0382338 0.0248063 0.0148842 0.00883696 0.00568115
 1.08046e-16 3.94574e-05 0.00038354 0.00254876 0.0115863 0.0360495 0.0768082 0.11211 0.112137 0.0769421 0.0364998 0.0128907 0.005837 0.00760813 0.0138955 0.0232604 0.0343156 0.044832 0.0524866 0.0560835 0.0560677 0.0538566 0.0506245 0.046626 0.0414949 0.0350168
 1.03965e-16 7.23604e-05 0.000703369 0.00467413 0.0212479 0.0661103 0.140855 0.205583 0.205589 0.140883 0.066204 0.0215194 0.00535806 0.00220475 0.00294869 0.00482672 0.007105 0.00927673 0.0108825 0.0117291 0.011988 0.0120294 0.0121239 0.0122579 0.0121871 0.0116402
 1.01814e-16 6.76197e-05 0.000657288 0.00436791 0.0198559 0.0617791 0.131628 0.192117 0.192133 0.131702 0.0620278 0.020574 0.00616969 0.00458795 0.00752502 0.0123137 0.017687 0.0221506 0.0242358 0.0232772 0.019818 0.0152581 0.0110324 0.00794996 0.00607175 0.0050141
 1.06791e-16 8.93301e-06 8.68321e-05 0.000577033 0.00262315 0.00816198 0.0173926 0.0253998 0.0254705 0.0177383 0.00932278 0.00597654 0.0089968 0.0184748 0.0349526 0.0578247 0.0834229 0.105158 0.116283 0.113637 0.099468 0.0798129 0.0608036 0.0458245 0.0351538 0.0274287
 1.05468e-16 7.06201e-05 0.000686453 0.00456172 0.0207369 0.0645203 0.137467 0.200638 0.20064 0.137476 0.0645483 0.0208202 0.00477879 0.00118691 0.00109912 0.00190941 0.00322084 0.00504907 0.00743626 0.0103697 0.0136968 0.017041 0.019812 0.0213722 0.021296 0.0195674
 1.05595e-16 5.14063e-05 0.000499688 0.0033206 0.015095 0.0469663 0.100068 0.146058 0.146089 0.100219 0.0474753 0.0165647 0.00700766 0.00854144 0.015304 0.0251691 0.0361418 0.0452367 0.0494743 0.0475429 0.0406299 0.0316784 0.0236611 0.0181845 0.0152261 0.0137939
 1.11988e-16 2.75483e-05 0.00026778 0.00177949 0.00808934 0.0251692 0.053627 0.0782787 0.0783191 0.0538245 0.0258328 0.0100091 0.00660999 0.010851 0.020239 0.0337073 0.0492324 0.063324 0.0723879 0.0746944 0.0712667 0.0649015 0.0581942 0.0522066 0.046585 0.0405755
 1.0502e-16 7.18793e-05 0.000698692 0.00464305 0.0211067 0.0656707 0.139918 0.204216 0.20422 0.139939 0.0657401 0.0213082 0.00515315 0.00182592 0.00225325 0.00371854 0.00560376 0.00758744 0.00939329 0.010905 0.012202 0.0134204 0.0145543 0.0153807 0.0155721 0.0148973
 1.0238e-16 6.60874e-05 0.000642393 0.00426893 0.019406 0.0603792 0.128645 0.187764 0.187781 0.128726 0.0606518 0.020193 0.0062434 0.00494938 0.00823641 0.0134879 0.0193693 0.0242494 0.0265221 0.0254673 0.021695 0.0167563 0.0122343 0.00901069 0.00712785 0.00612677
 1.07542e-16 1.18384e-05 0.000115074 0.000764708 0.00347629 0.0108164 0.0230479 0.033653 0.0337194 0.0233722 0.0119053 0.00662245 0.00866542 0.0173737 0.0328217 0.0543264 0.0784512 0.099049 0.109824 0.10782 0.0951185 0.0773013 0.0600108 0.0463145 0.036408 0.0290105
 1.31116e-16 1.53363e-05 0.000149074 0.000990653 0.00450337 0.0140117 0.0298539 0.0435752 0.0435874 0.029914 0.0142159 0.00510448 0.00254239 0.00367873 0.00713664 0.0128678 0.0210946 0.0318932 0.0452169 0.0608847 0.0782282 0.0955498 0.109985 0.118237 0.117942 0.108822
 1.12502e-16 6.98952e-05 0.000679406 0.00451489 0.020524 0.0638579 0.136056 0.198579 0.198581 0.13607 0.0639041 0.0206582 0.00485481 0.00143261 0.00153499 0.00252355 0.00387155 0.00542271 0.00712008 0.00906599 0.0115073 0.014659 0.0184616 0.0224475 0.0258291 0.0277747
pSPR Fmed_Fpbrs
0.450646   0.205656 0.205656
Fs Fmed_Fpbrs
0.44894   1.005 1.005
SSBpbr Bo_Bmed_Bpbrs
1.77426e+06  710848  276173 276173
Ro
67918.9
SPR SPRFo_SPRFmed_SPRFpbrs
483627 217945 99460.8
Fref
1.005
log_Ro
10.9461
likeval ReclasPelacesDesembMPH_pf_preclas_ppelaces_ptallas_desvR_qrecl_qpela
 37.8868 39.046 0.122854 0.00200882 290.46 128.151 94.7664 0 99.1697 0 0 0.231524 0 0 0
q_reclas_q_pelaces
1 1
M
1
N
 15146.8 42705.7 121497 15183.8 0.121038
 9598.2 4833.09 13229.5 37637.7 4703.72
 185290 2439.47 1137.5 3113.65 9965.31
 15358.7 46752.4 569.132 265.38 3051.34
 6128.27 2307.79 5832.07 70.9956 413.74
 281924 609.87 175.017 442.29 36.7612
 10448 72390.8 145.322 41.7038 114.15
 2577.22 1187.73 6447.11 12.9424 13.8803
 67472 501.813 202.618 1099.83 4.57575
 14581.1 14537.9 96.7462 39.0634 212.922
 74990.2 2018.95 1642.99 10.9337 28.4779
 144839 23055.7 598.002 486.644 11.6735
 88144.4 30529.7 4328.59 112.272 93.5564
 68501.5 18639.7 5754.26 815.855 38.7946
 51942.1 9157.26 2018.96 623.274 92.5715
 442415 7979.5 1173.27 258.679 91.7172
 16422.8 109282 1814.43 266.785 79.6751
 878653 4308.38 26723.6 443.698 84.7229
 296459 261663 1227.9 7616.3 150.601
 126205 79436.4 65642.8 308.04 1948.47
 438235 30783.5 17789.6 14700.6 505.34
 591390 120013 7928.62 4581.91 3916.45
 22291.3 157130 29801.8 1968.84 2110.32
 343819 6448.54 43240.6 8201.15 1122.54
 197274 105542 1906.43 12783.5 2756.43
 45972.1 59423.8 30498.1 550.893 4490.52
 267586 13621.3 16832.5 8638.98 1428.04
 360741 79438 3867.45 4779.21 2858.3
 23677.2 116120 24870.6 1210.83 2391.17
 11343 7548.37 35934 7696.36 1114.66
 86032.4 3063.47 1911.8 9101.1 2231.59
pred_Ctot
 1284.86 4323.33 12299.8 1537.14 0.0122533
 1932.61 1141.02 3123.29 8885.69 1110.48
 37933.2 585.254 272.898 746.997 2390.79
 6165.32 21261.2 258.819 120.685 1387.64
 3126.81 1305.85 3300.04 40.1724 234.112
 55415 140.661 40.3663 102.01 8.47867
 5001.41 38676.7 77.6423 22.2814 60.9878
 807.006 428.072 2323.62 4.66459 5.00264
 18448.2 158.995 64.1979 348.472 1.44979
 6208.51 6980.5 46.4534 18.7566 102.236
 7901.48 253.117 205.982 1.37076 3.57028
 40889.1 7531.2 195.339 158.963 3.81316
 24769.2 9928.82 1407.74 36.5128 30.4263
 29853.6 9143.06 2822.55 400.189 19.0293
 20494 4098.37 903.597 278.949 41.4308
 94894.7 2002.6 294.452 64.9199 23.018
 3061.02 23938.9 397.463 58.4411 17.4534
 107642 626.418 3885.49 64.5116 12.3183
 52231.2 54267.2 254.658 1579.57 31.2337
 27791.4 20448.4 16897.7 79.2954 501.572
 72519.8 6006.44 3471.1 2868.36 98.6016
 106616 25452.4 1681.5 971.732 830.6
 3069.86 25623.3 4859.79 321.06 344.131
 36518.7 814.862 5464.05 1036.33 141.849
 22965.4 14595.2 263.636 1767.81 381.181
 5755.36 8825.68 4529.61 81.8191 666.936
 33225.1 2006.77 2479.87 1272.75 210.388
 28817.6 7578.84 368.977 455.965 272.699
 2020.08 11822.6 2532.18 123.279 243.455
 1954.71 1532.14 7293.73 1562.17 226.249
 16508.8 690.286 430.782 2050.73 502.84
F
 0.142305 0.171882 0.171882 0.171882 0.171882
 0.369797 0.446657 0.446657 0.446657 0.446657
 0.377054 0.455422 0.455422 0.455422 0.455422
 0.895393 1.08149 1.08149 1.08149 1.08149
 1.30742 1.57916 1.57916 1.57916 1.57916
 0.35956 0.434292 0.434292 0.434292 0.434292
 1.17436 1.41845 1.41845 1.41845 1.41845
 0.636239 0.768477 0.768477 0.768477 0.768477
 0.53495 0.646135 0.646135 0.646135 0.646135
 0.97715 1.18024 1.18024 1.18024 1.18024
 0.179444 0.216741 0.216741 0.216741 0.216741
 0.556921 0.672673 0.672673 0.672673 0.672673
 0.553681 0.668759 0.668759 0.668759 0.668759
 1.01231 1.22271 1.22271 1.22271 1.22271
 0.873254 1.05475 1.05475 1.05475 1.05475
 0.398319 0.481106 0.481106 0.481106 0.481106
 0.338107 0.408381 0.408381 0.408381 0.408381
 0.211333 0.255257 0.255257 0.255257 0.255257
 0.316953 0.382829 0.382829 0.382829 0.382829
 0.410932 0.496341 0.496341 0.496341 0.496341
 0.295154 0.356499 0.356499 0.356499 0.356499
 0.3254 0.393033 0.393033 0.393033 0.393033
 0.240342 0.290295 0.290295 0.290295 0.290295
 0.181003 0.218623 0.218623 0.218623 0.218623
 0.199899 0.241447 0.241447 0.241447 0.241447
 0.216403 0.261381 0.261381 0.261381 0.261381
 0.214463 0.259037 0.259037 0.259037 0.259037
 0.133537 0.161291 0.161291 0.161291 0.161291
 0.14318 0.172939 0.172939 0.172939 0.172939
 0.309054 0.373288 0.373288 0.373288 0.373288
 0.349665 0.42234 0.42234 0.42234 0.42234
nmprior
 8 9 7.5 0
nm_flota  nm_reclas  nm_pelaces    nm_pelaL
inf 8.61522 5.62958 7.95373
cv_recla  cv_pelaces  cv_mph
0.556761 0.73528 1.38317
 ------------------------------------------------
Talla a la edad & desviación 
 8 13.2811 15.8009 17.003 17.5766
 0.8 1.32811 1.58009 1.7003 1.75766
