    unsorted:	 1.023415343e-05 0.001099983469 9.873339875 21.26707641 17.15126604 13.00371444 26.29690867 3.909079396 102.5729290 67.31918239 95.93819091 167.0898889 205.2836504 219.5017514 229.6061811 330.7188649 325.1531341 318.2617790 296.7565608 366.7525640 414.4320113 622.2071131 624.5802758 645.7819865 652.8946976 658.9980045 664.7362718 585.6840207 560.3334532 688.5734696 483.2238443 732.9310679 780.3739302 812.4822924 860.0779045 934.1153969 975.7043412 1001.741405 1096.123315 1112.672832 1225.726061 1335.434658 1385.568419 6191.549569 30876.66741 151237.2878 173684.3304 191387.3178 193444.3820 212438.7428 218820.5107 224153.3747 230635.5432 242906.5845 271376.1456 286149.5407 331962.4486 428170.9200 668594.6061 845066.4115 997335.6546 1091585.044 1501315.774 1683981.452 1884903.725 2013256.199 2236855.750 2555694.265 2842198.294 2881572.933 3254719.578 3473858.874 4103549.840 4314655.134 4688449.778 5574333.114 6760266.667
      sorted:	 1.023415343e-05 0.001099983469 3.909079396 9.873339875 13.00371444 17.15126604 21.26707641 26.29690867 67.31918239 95.93819091 102.5729290 167.0898889 205.2836504 219.5017514 229.6061811 296.7565608 318.2617790 325.1531341 330.7188649 366.7525640 414.4320113 483.2238443 560.3334532 585.6840207 622.2071131 624.5802758 645.7819865 652.8946976 658.9980045 664.7362718 688.5734696 732.9310679 780.3739302 812.4822924 860.0779045 934.1153969 975.7043412 1001.741405 1096.123315 1112.672832 1225.726061 1335.434658 1385.568419 6191.549569 30876.66741 151237.2878 173684.3304 191387.3178 193444.3820 212438.7428 218820.5107 224153.3747 230635.5432 242906.5845 271376.1456 286149.5407 331962.4486 428170.9200 668594.6061 845066.4115 997335.6546 1091585.044 1501315.774 1683981.452 1884903.725 2013256.199 2236855.750 2555694.265 2842198.294 2881572.933 3254719.578 3473858.874 4103549.840 4314655.134 4688449.778 5574333.114 6760266.667
