years
 1991 1992 1993 1994 1995 1996 1997 1998 1999 2000 2001 2002 2003 2004 2005 2006 2007 2008 2009 2010 2011 2012 2013 2014 2015 2016 2017 2018 2019 2020 2021
reclasobs
 0 0 0 0 0 0 0 0 0 252601 567819 844713 477998 351125 339783 2.1784e+06 2.13404e+06 4.81314e+06 1.55562e+06 2.62356e+06 3.21686e+06 3.843e+06 1.13348e+06 3.07943e+06 1.97215e+06 2.03268e+06 2.025e+06 2.42433e+06 2.27542e+06 1.05018e+06 2.36338e+06
reclaspred
 3.34781e+06 1.88987e+06 958511 963326 963536 1.4863e+06 963594 860736 628189 459813 507634 642296 634204 504817 514957 1.27632e+06 1.24441e+06 2.73482e+06 2.27181e+06 1.7431e+06 3.06742e+06 2.47822e+06 1.98283e+06 3.02849e+06 2.28479e+06 2.02739e+06 2.39053e+06 2.5325e+06 2.08116e+06 1.31947e+06 2.02478e+06
pelacesobs
 0 0 0 0 0 0 0 0 0 0 0 0 0 0 0 552880 188675 0 991730 2.46772e+06 1.41603e+06 1.21717e+06 2.29649e+06 1.80582e+06 0 1.4828e+06 1.56532e+06 1.57751e+06 1.42118e+06 867257 0
pelacespred
 1.89754e+06 1.1965e+06 610686 500630 516819 822897 503705 544099 388225 270460 306104 323938 350421 296566 309550 633973 618118 1.55517e+06 1.33984e+06 953383 1.61666e+06 1.43064e+06 1.13631e+06 1.89262e+06 1.38029e+06 1.21913e+06 1.6366e+06 1.71339e+06 1.15818e+06 835320 1.19744e+06
mphobs
 0 0 0 0 0 0 0 0 0 0 0 498337 0 5186 125008 0 168611 109162 213762 579715 649985 157893 87575 83554 0 0 0 0 0 0 0
mphpred
 506877 339039 170683 93092.3 103422 116309 151094 97592.8 85986.7 59999.4 39784.8 59795.5 64161.5 54885.1 38504 48600.6 147351 141123 271159 207834 229453 279983 264790 219665 302780 250808 207236 220030 305614 208201 115686
desembarqueobs
 494567 514787 250237 358949 120608 361735 552515 73892 212993 205616 52469 317467 293654 387597 252695 516296 358380 742168 942051 627588 828172 859565 418607 520667 417249 300574 407403 355545 319650 289779 219260
desembarquepred
 494574 513384 250951 358975 120613 361750 552569 73895.9 213039 205660 52471.4 317536 293710 387648 252696 516271 358405 742090 941902 627486 828243 859595 418618 520691 417251 300577 407405 355535 319646 289789 219262
Reclutas
 211223 121247 120765 211330 168993 280415 117869 55030.7 50729.3 66253.4 122033 158467 132478 93686.3 95036.2 494971 107567 754606 443856 356457 505075 678448 144534 424066 360661 162339 360326 403937 116465 88679.8 413156
log_desv_Rt
 0.0886315 -0.466458 -0.47044 0.0891339 -0.13443 0.371985 -0.49471 -1.25639 -1.33778 -1.0708 -0.459993 -0.19874 -0.377871 -0.724333 -0.710026 0.940215 -0.586175 1.36191 0.831215 0.611928 0.960423 1.25552 -0.290769 0.785603 0.623654 -0.174599 0.622725 0.736975 -0.506694 -0.779252 0.75954
SSB
 3.69254e+06 2.46987e+06 1.24341e+06 678168 753415 847299 1.1007e+06 710953 626404 437089 289828 435604 467409 399832 280498 354050 1.07343e+06 1.02806e+06 1.97537e+06 1.51405e+06 1.67154e+06 2.03964e+06 1.92897e+06 1.60024e+06 2.20572e+06 1.82711e+06 1.50969e+06 1.6029e+06 2.22637e+06 1.51672e+06 842761
BT
 4.92084e+06 3.34856e+06 1.70058e+06 1.49059e+06 1.3211e+06 2.26086e+06 1.69222e+06 1.35541e+06 1.13294e+06 841005 772074 1.03618e+06 1.09895e+06 1.10764e+06 988268 1.92435e+06 1.74732e+06 4.34612e+06 4.08696e+06 2.82389e+06 4.50741e+06 4.20056e+06 3.06187e+06 4.97542e+06 3.65992e+06 3.15931e+06 4.29902e+06 4.42162e+06 3.01232e+06 2.2642e+06 3.02847e+06
Ftot
 0.115468 0.209436 0.203591 0.30473 0.102201 0.20348 0.442449 0.0696585 0.272212 0.356328 0.0888123 0.40277 0.375952 0.615071 0.413402 0.353135 0.229348 0.233869 0.335278 0.292724 0.223385 0.285034 0.167531 0.146057 0.148176 0.119449 0.144034 0.119981 0.12003 0.172867 0.0945462
BD_Bspro_t
 0.981725 0.865462 0.722577 0.640144 0.634165 0.702278 0.69085 0.542167 0.597065 0.558303 0.526573 0.706242 0.594188 0.50802 0.406751 0.464779 0.62164 0.599111 0.685607 0.595511 0.574104 0.619017 0.633397 0.628101 0.725992 0.734557 0.742095 0.775643 0.816832 0.755249 0.706372
BD_Bspro
 2.6826 1.79433 0.903324 0.492682 0.547349 0.615555 0.799649 0.516501 0.455077 0.317541 0.210557 0.316462 0.339568 0.290474 0.203779 0.257214 0.779839 0.746878 1.43509 1.09994 1.21436 1.48178 1.40138 1.16256 1.60244 1.32738 1.09678 1.16449 1.61743 1.10188 0.612258
BD_Bo
 1.82643 1.22166 0.615021 0.335439 0.372658 0.419096 0.544435 0.351655 0.309835 0.216195 0.143356 0.215461 0.231192 0.197767 0.138741 0.175122 0.530947 0.508506 0.977066 0.748887 0.826788 1.00886 0.954116 0.791519 1.09101 0.903736 0.746732 0.792833 1.10122 0.750208 0.416851
BD_Brms
 11.5232 7.70761 3.88025 2.11633 2.35115 2.64413 3.43492 2.21864 1.95479 1.36401 0.904455 1.35937 1.45863 1.24774 0.875338 1.10487 3.34982 3.20823 6.16445 4.72483 5.21632 6.36503 6.01965 4.9938 6.88331 5.7018 4.71124 5.0021 6.94773 4.73317 2.62997
Sel_flota
 0.818522 0.988465 0.999386 0.999968 0.999998
 0.818522 0.988465 0.999386 0.999968 0.999998
 0.818522 0.988465 0.999386 0.999968 0.999998
 0.818522 0.988465 0.999386 0.999968 0.999998
 0.818522 0.988465 0.999386 0.999968 0.999998
 0.818522 0.988465 0.999386 0.999968 0.999998
 0.818522 0.988465 0.999386 0.999968 0.999998
 0.818522 0.988465 0.999386 0.999968 0.999998
 0.818522 0.988465 0.999386 0.999968 0.999998
 0.818522 0.988465 0.999386 0.999968 0.999998
 0.818522 0.988465 0.999386 0.999968 0.999998
 0.818522 0.988465 0.999386 0.999968 0.999998
 0.818522 0.988465 0.999386 0.999968 0.999998
 0.818522 0.988465 0.999386 0.999968 0.999998
 0.818522 0.988465 0.999386 0.999968 0.999998
 0.818522 0.988465 0.999386 0.999968 0.999998
 0.818522 0.988465 0.999386 0.999968 0.999998
 0.818522 0.988465 0.999386 0.999968 0.999998
 0.818522 0.988465 0.999386 0.999968 0.999998
 0.818522 0.988465 0.999386 0.999968 0.999998
 0.818522 0.988465 0.999386 0.999968 0.999998
 0.818522 0.988465 0.999386 0.999968 0.999998
 0.818522 0.988465 0.999386 0.999968 0.999998
 0.818522 0.988465 0.999386 0.999968 0.999998
 0.818522 0.988465 0.999386 0.999968 0.999998
 0.818522 0.988465 0.999386 0.999968 0.999998
 0.818522 0.988465 0.999386 0.999968 0.999998
 0.818522 0.988465 0.999386 0.999968 0.999998
 0.818522 0.988465 0.999386 0.999968 0.999998
 0.818522 0.988465 0.999386 0.999968 0.999998
 0.818522 0.988465 0.999386 0.999968 0.999998
Sel_reclas
 1 1 1 1 1
 1 1 1 1 1
 1 1 1 1 1
 1 1 1 1 1
 1 1 1 1 1
 1 1 1 1 1
 1 1 1 1 1
 1 1 1 1 1
 1 1 1 1 1
 1 1 1 1 1
 1 1 1 1 1
 1 1 1 1 1
 1 1 1 1 1
 1 1 1 1 1
 1 1 1 1 1
 1 1 1 1 1
 1 1 1 1 1
 1 1 1 1 1
 1 1 1 1 1
 1 1 1 1 1
 1 1 1 1 1
 1 1 1 1 1
 1 1 1 1 1
 1 1 1 1 1
 1 1 1 1 1
 1 1 1 1 1
 1 1 1 1 1
 1 1 1 1 1
 1 1 1 1 1
 1 1 1 1 1
 1 1 1 1 1
Sel_pelaces
 1 1 1 1 1
 1 1 1 1 1
 1 1 1 1 1
 1 1 1 1 1
 1 1 1 1 1
 1 1 1 1 1
 1 1 1 1 1
 1 1 1 1 1
 1 1 1 1 1
 1 1 1 1 1
 1 1 1 1 1
 1 1 1 1 1
 1 1 1 1 1
 1 1 1 1 1
 1 1 1 1 1
 1 1 1 1 1
 1 1 1 1 1
 1 1 1 1 1
 1 1 1 1 1
 1 1 1 1 1
 1 1 1 1 1
 1 1 1 1 1
 1 1 1 1 1
 1 1 1 1 1
 1 1 1 1 1
 1 1 1 1 1
 1 1 1 1 1
 1 1 1 1 1
 1 1 1 1 1
 1 1 1 1 1
 1 1 1 1 1
pf_obs 
 0.8446 0.082 0.0669 0.0065 0
 0.8095 0.147 0.0364 0.0071 0
 0.9664 0.0169 0.016 0.0007 0
 0.9276 0.0648 0.0075 0.0001 0
 0.7033 0.2144 0.0806 0.0017 0
 0.9318 0.0425 0.0243 0.0014 0
 0.5671 0.3108 0.0964 0.0239 0.0018
 0.0768 0.2599 0.5324 0.112 0.0189
 0.490249 0.384438 0.106611 0.0170017 0.00170017
 0.7925 0.1577 0.0466 0.003 0.0002
 0.840416 0.127587 0.0312969 0.00059994 9.999e-05
 0.8084 0.0986 0.0794 0.0134 0.0002
 0.7335 0.1905 0.0724 0.0035 0.0001
 0.4001 0.4547 0.1325 0.0127 0
 0.49795 0.308269 0.164784 0.0264974 0.00249975
 0.9179 0.0499 0.0305 0.0017 0
 0.2467 0.6533 0.0926 0.0074 0
 0.9418 0.0223 0.034 0.0019 0
 0.707729 0.231977 0.0356964 0.0245975 0
 0.517169 0.277429 0.184464 0.0207286 0.00020938
 0.811772 0.124168 0.05621 0.00726502 0.000585176
 0.764997 0.148141 0.077277 0.00933861 0.000247198
 0.163321 0.427699 0.378323 0.0303852 0.000271297
 0.753843 0.0900009 0.118128 0.0371064 0.000921714
 0.721811 0.176058 0.0630433 0.0369309 0.00215725
 0.143369 0.312575 0.442814 0.0836902 0.0175525
 0.692698 0.0596174 0.167031 0.0765114 0.00414204
 0.394062 0.376323 0.152708 0.0712218 0.00568511
 0.125707 0.32114 0.495352 0.0537591 0.00404204
 0.23352 0.215282 0.420074 0.123614 0.00750983
 0 0 0 0 0
pf_pred 
 0.433336 0.117846 0.424622 0.0241953 7.7918e-07
 0.410179 0.284711 0.0640185 0.228102 0.0129901
 0.554284 0.205392 0.116746 0.0259423 0.0976366
 0.741676 0.15615 0.0473916 0.0266215 0.0281612
 0.644888 0.277198 0.0473354 0.0141886 0.0163903
 0.738948 0.179443 0.0638616 0.0107847 0.0069628
 0.47181 0.410047 0.0815125 0.0286681 0.00796194
 0.444984 0.29334 0.203763 0.0399664 0.0179472
 0.524275 0.234298 0.128264 0.088129 0.0250334
 0.684613 0.181984 0.0661218 0.035756 0.0315253
 0.80306 0.143797 0.0308347 0.011061 0.0112471
 0.728601 0.225689 0.0334777 0.0070997 0.00513333
 0.673953 0.251201 0.06238 0.00913198 0.00333451
 0.618779 0.274763 0.0822668 0.0201643 0.00402696
 0.723951 0.186474 0.0648286 0.0191267 0.00561993
 0.928115 0.0551246 0.011371 0.00390112 0.00148809
 0.384439 0.579474 0.0277566 0.00565271 0.00267722
 0.893499 0.0461562 0.0568469 0.00269057 0.000806935
 0.599238 0.365443 0.0154114 0.0187543 0.00115311
 0.61176 0.252165 0.124225 0.00517269 0.00667722
 0.731193 0.177677 0.059447 0.0289251 0.00275731
 0.740151 0.199995 0.0397253 0.0131336 0.00699511
 0.322915 0.527141 0.115738 0.0227076 0.0114982
 0.73772 0.096409 0.129471 0.0281005 0.0082998
 0.628035 0.288123 0.0310437 0.0412175 0.0115811
 0.436828 0.378739 0.14324 0.0152584 0.0259354
 0.72964 0.131122 0.0939859 0.0351493 0.0101023
 0.687094 0.239998 0.0355703 0.0252079 0.0121295
 0.344211 0.476762 0.13768 0.0201782 0.0211679
 0.426801 0.223042 0.255354 0.0729187 0.0218845
 0.852949 0.0701375 0.0301431 0.0341134 0.0126572
pobs_RECLAS
 0 0 0 0 0
 0 0 0 0 0
 0 0 0 0 0
 0 0 0 0 0
 0 0 0 0 0
 0 0 0 0 0
 0 0 0 0 0
 0 0 0 0 0
 0 0 0 0 0
 0 0 0 0 0
 0.991045 0.00858322 0.000360255 1.14367e-05 0
 0.934742 0.0480273 0.0164251 0.00080598 0
 0.827803 0.169806 0.00239088 0 0
 0.941827 0.0461693 0.0120037 0 0
 0.791401 0.0380133 0.147996 0.0225897 0
 0.846168 0.0940531 0.0597789 0 0
 0.134021 0.677848 0.182769 0.00536245 0
 0.80878 0.0450904 0.141981 0.00414843 0
 0.846168 0.0940531 0.0597789 0 0
 0.905697 0.0802665 0.012482 0.00150086 5.37128e-05
 0.989698 0.0102097 9.19794e-05 0 0
 0.975433 0.0193895 0.00387452 0.00125025 5.28907e-05
 0.303575 0.632131 0.0575291 0.00676475 0
 0.966965 0.00978017 0.0227588 0.000495775 0
 0.843318 0.132988 0.00938335 0.0141283 0.000182051
 0.564624 0.303363 0.111486 0.0197234 0.00080311
 0.826376 0.0876187 0.0782897 0.00655872 0.00115652
 0.89761 0.0855135 0.0140674 0.00269457 0.000114338
 0.34875 0.467042 0.161289 0.0227151 0.000203297
 0.318654 0.224769 0.449479 0.00709798 0
 0.937255 0.0296025 0.0250945 0.00804832 0
ppred_RECLAS
 0.482752 0.108521 0.386705 0.0220218 7.09163e-07
 0.458819 0.262811 0.0584353 0.208085 0.0118498
 0.602569 0.18428 0.103578 0.0230027 0.0865704
 0.777872 0.134889 0.0404773 0.0227238 0.0240374
 0.687685 0.244394 0.0412735 0.0123643 0.0142825
 0.774872 0.155297 0.0546525 0.00922406 0.00595501
 0.521708 0.372282 0.0731556 0.0257132 0.00714105
 0.493496 0.269111 0.184878 0.0362411 0.0162738
 0.573555 0.211261 0.114354 0.0785245 0.0223045
 0.726142 0.158804 0.0570448 0.0308289 0.0271803
 0.831817 0.123174 0.0261216 0.00936479 0.00952209
 0.765969 0.194994 0.0285944 0.00606038 0.00438173
 0.715925 0.219441 0.0538733 0.00788189 0.00287795
 0.665832 0.241655 0.0715013 0.0175146 0.00349768
 0.762126 0.161294 0.0554333 0.0163448 0.00480238
 0.940243 0.0459481 0.00937056 0.00321287 0.00122552
 0.431042 0.535959 0.0253854 0.00516672 0.00244697
 0.911003 0.0388171 0.0472734 0.00223612 0.00067062
 0.645197 0.323868 0.0135035 0.0164226 0.00100972
 0.657563 0.223301 0.108768 0.00452632 0.00584266
 0.767976 0.153958 0.0509359 0.0247691 0.00236106
 0.776085 0.172794 0.0339362 0.0112129 0.00597196
 0.366656 0.494316 0.107327 0.0210448 0.0106559
 0.774205 0.0835901 0.111013 0.0240801 0.00711211
 0.672026 0.254705 0.0271391 0.036012 0.0101182
 0.485032 0.347593 0.130008 0.0138408 0.0235251
 0.766657 0.11383 0.0806877 0.0301582 0.00866751
 0.727052 0.209906 0.0307666 0.0217908 0.010485
 0.389117 0.445476 0.127224 0.0186349 0.0195482
 0.475872 0.205361 0.2325 0.0663533 0.0199135
 0.875879 0.0595554 0.0253131 0.0286305 0.0106225
pobs_PELACES
 0 0 0 0 0
 0 0 0 0 0
 0 0 0 0 0
 0 0 0 0 0
 0 0 0 0 0
 0 0 0 0 0
 0 0 0 0 0
 0 0 0 0 0
 0 0 0 0 0
 0 0 0 0 0
 0 0 0 0 0
 0 0 0 0 0
 0 0 0 0 0
 0 0 0 0 0
 0 0 0 0 0
 0 0 0 0 0
 0.505614 0.472636 0.0217494 0 0
 0 0 0 0 0
 0.443492 0.261883 0.143347 0.151278 0
 0.227955 0.32914 0.350689 0.0885471 0.00366901
 0.970185 0.0296113 0.000203453 0 0
 0.997202 0.00247181 0.000326279 0 0
 0.445219 0.490057 0.0546422 0.010081 0
 0.90214 0.0892962 0.00764917 0.000914606 0
 0 0 0 0 0
 0.581667 0.319106 0.0959925 0.00289975 0.000334073
 0.762889 0.0836404 0.116647 0.0363945 0.000428098
 0.88444 0.0763242 0.0277011 0.0115352 0
 0.521256 0.241999 0.230069 0.00667565 0
 0.616807 0.101726 0.260614 0.0208532 0
 0 0 0 0 0
ppred_PELACES
 0.484451 0.1082 0.385401 0.021947 7.06755e-07
 0.461837 0.261451 0.0580891 0.206844 0.0117791
 0.605397 0.183043 0.102808 0.0228306 0.0859226
 0.780887 0.133117 0.0399018 0.0223994 0.0236942
 0.688933 0.243438 0.0410969 0.0123112 0.0142211
 0.776896 0.153936 0.0541338 0.00913616 0.00589825
 0.527985 0.367528 0.0721063 0.0253422 0.007038
 0.494502 0.268609 0.184486 0.0361638 0.0162391
 0.577409 0.209459 0.113267 0.077774 0.0220913
 0.730207 0.156534 0.0561571 0.0303471 0.0267554
 0.832525 0.122666 0.0260056 0.00932305 0.00947964
 0.770038 0.191652 0.0280634 0.00594739 0.00430002
 0.720256 0.216163 0.0529966 0.00775306 0.0028309
 0.673599 0.236185 0.0697281 0.0170782 0.00341051
 0.76639 0.158479 0.0543849 0.0160344 0.00471116
 0.941363 0.0451007 0.00918605 0.0031494 0.0012013
 0.434211 0.533 0.0252243 0.00513372 0.00243133
 0.912099 0.0383574 0.0466742 0.00220768 0.000662088
 0.649514 0.319962 0.0133245 0.0162039 0.000996267
 0.661332 0.220924 0.107496 0.00447317 0.00577404
 0.770249 0.152492 0.0504101 0.0245124 0.00233659
 0.778892 0.170668 0.0334844 0.011063 0.00589212
 0.368872 0.492653 0.106901 0.0209607 0.0106133
 0.775692 0.0830675 0.11026 0.0239163 0.00706372
 0.673882 0.253295 0.0269744 0.0357924 0.0100565
 0.486741 0.346489 0.12954 0.0137906 0.0234397
 0.768147 0.113134 0.0801525 0.0299574 0.00860977
 0.728405 0.208886 0.0306039 0.0216751 0.0104293
 0.390746 0.44434 0.126845 0.0185789 0.0194895
 0.478386 0.204455 0.231329 0.0660171 0.0198125
 0.876474 0.0592807 0.0251878 0.0284882 0.0105697
pobs_pel_tallas
 0 0 0 0 0 0 0 0 0 0 0 0 0 0 0 0 0 0 0 0 0 0 0 0 0 0
 0 0 0 0 0 0 0 0 0 0 0 0 0 0 0 0 0 0 0 0 0 0 0 0 0 0
 0 0 0 0 0 0 0 0 0 0 0 0 0 0 0 0 0 0 0 0 0 0 0 0 0 0
 0 0 0 0 0 0 0 0 0 0 0 0 0 0 0 0 0 0 0 0 0 0 0 0 0 0
 0 0 0 0 0 0 0 0 0 0 0 0 0 0 0 0 0 0 0 0 0 0 0 0 0 0
 0 0 0 0 0 0 0 0 0 0 0 0 0 0 0 0 0 0 0 0 0 0 0 0 0 0
 0 0 0 0 0 0 0 0 0 0 0 0 0 0 0 0 0 0 0 0 0 0 0 0 0 0
 0 0 0 0 0 0 0 0 0 0 0 0 0 0 0 0 0 0 0 0 0 0 0 0 0 0
 0 0 0 0 0 0 0 0 0 0 0 0 0 0 0 0 0 0 0 0 0 0 0 0 0 0
 0 0 0 0 0 0 0 0 0 0 0 0 0 0 0 0 0 0 0 0 0 0 0 0 0 0
 0 0 0 0 0 0 0 0 0 0 0 0 0 0 0 0 0 0 0 0 0 0 0 0 0 0
 0 0 0 0 0 0 0 0 0 0 0 0 0 0 0 0 0 0 0 0 0 0 0 0 0 0
 0.00862536 0 0 0.000197151 0.00414017 0.0128641 0.00837892 0.0270097 0.101434 0.158115 0.152841 0.127902 0.109271 0.109419 0.0830992 0.0579132 0.0238553 0.00714673 0.00463305 0.00128148 0.00103504 0.000492878 0.000147863 0.000147863 4.92878e-05 0
 0 0 0 0 0 0 0 0 0 0 0 0 0 0 0 0 0 0 0 0 0 0 0 0 0 0
 0 0 0 0 0 0 0 0.0054083 0.00873648 0.0413646 0.0450493 0.0745869 0.0622846 0.0627006 0.0613931 0.0827291 0.12552 0.122667 0.0946155 0.0697135 0.0546179 0.0294188 0.0215738 0.0213955 0.0102223 0.00600262
 0 0 0 0 0.00359764 0.0251062 0.0480494 0.140153 0.205849 0.193036 0.1447 0.116669 0.0760912 0.0342217 0.00950174 0.001854 0.000860785 0 0 0 0.000165536 0 0.000143464 0 0 0
 0 0 0 0 0 0 0 0.000145254 0.000435761 0.0275982 0.070085 0.0708112 0.156366 0.174668 0.174014 0.160142 0.0824315 0.0480064 0.0283245 0.00493863 0.00203355 0 0 0 0 0
 0 0 0 0 0 0 0 0 0 0 0 0 0 0 0 0 0 0 0 0 0 0 0 0 0 0
 0 0 1.00437e-05 0.000401748 0.00122533 0.00171747 0.00176769 0.0269171 0.070346 0.194647 0.189555 0.159765 0.064822 0.0314167 0.0384472 0.0292271 0.0345202 0.0313363 0.0194345 0.0106764 0.0143323 0.0359363 0.0279516 0.0138201 0.00172751 0
 0 0.0021121 0.0136068 0.0755702 0.200478 0.177729 0.0527432 0.0373336 0.0318909 0.0142505 0.0149659 0.0166563 0.0217959 0.0798694 0.0677717 0.0528807 0.04013 0.0224614 0.0357745 0.0225083 0.00881397 0.00855152 0.00135912 0.000746735 0 0
 0 0 0 0 5.4009e-05 0.00500934 0.000945158 0.0243581 0.138947 0.33067 0.221406 0.137944 0.0707744 0.0437923 0.0131692 0.00525238 0.0047753 0.00276346 9.45158e-05 9.00151e-06 2.25038e-05 9.00151e-06 4.50075e-06 0 0 0
 0.000866109 0.00284123 0.00948549 0.0512746 0.133035 0.25785 0.225252 0.132002 0.0553304 0.0519788 0.0540692 0.017754 0.00435017 0.00159236 0.00146478 0.000404838 0.000125132 0.000115318 0.000107957 0.000100596 0 0 0 0 0 0
 0 0 0 0 0.00144013 0.00171154 0.00461396 0.0210425 0.0478622 0.0707936 0.0888783 0.103762 0.0637923 0.0337046 0.0602308 0.124433 0.169614 0.0934646 0.0462172 0.0250306 0.0313229 0.00938855 0.002487 0.000210481 0 0
 0 0.00764035 0.051015 0.0998891 0.058973 0.0496711 0.0374665 0.0718981 0.12319 0.153886 0.159021 0.0857701 0.0377988 0.023471 0.0147837 0.00900784 0.00315554 0.000888139 0.00291439 0.00214683 0.00393193 0.00274676 0.000635225 9.99891e-05 0 0
 0 0 0 0 0 0 0 0 0 0 0 0 0 0 0 0 0 0 0 0 0 0 0 0 0 0
 0 0 0 0 0 0 0 0 0 0 0 0 0 0 0 0 0 0 0 0 0 0 0 0 0 0
 0 0 0 0 0 0 0 0 0 0 0 0 0 0 0 0 0 0 0 0 0 0 0 0 0 0
 0 0 0 0 0 0 0 0 0 0 0 0 0 0 0 0 0 0 0 0 0 0 0 0 0 0
 0 0 0 0 0 0 0 0 0 0 0 0 0 0 0 0 0 0 0 0 0 0 0 0 0 0
 0 0 0 0 0 0 0 0 0 0 0 0 0 0 0 0 0 0 0 0 0 0 0 0 0 0
 0 0 0 0 0 0 0 0 0 0 0 0 0 0 0 0 0 0 0 0 0 0 0 0 0 0
ppred_pel_tallas
 1.13351e-16 3.99036e-05 0.000387878 0.00257758 0.0117173 0.036457 0.0776759 0.113373 0.113384 0.07773 0.0366402 0.0122537 0.00395157 0.00347876 0.00617745 0.0108451 0.0172343 0.0250268 0.0337964 0.0431435 0.0525726 0.0611371 0.0672811 0.0692619 0.066014 0.0578439
 1.24481e-16 3.8041e-05 0.000369772 0.00245726 0.0111704 0.0347553 0.0740509 0.108085 0.10811 0.0741746 0.035171 0.0123726 0.00548122 0.00699275 0.0126837 0.021097 0.0308631 0.039898 0.0461998 0.0490911 0.0497086 0.0501898 0.0521446 0.0555818 0.0589901 0.0603238
 1.19844e-16 4.98658e-05 0.000484713 0.00322109 0.0146426 0.0455587 0.0970683 0.141678 0.141695 0.0971552 0.0458511 0.0154891 0.00535318 0.00516345 0.00900855 0.0150094 0.0220872 0.0287979 0.0337328 0.0363409 0.0372651 0.0378242 0.039043 0.0409982 0.0428857 0.0435965
 1.07442e-16 6.43207e-05 0.00062522 0.00415481 0.0188872 0.058765 0.125206 0.182744 0.182757 0.125268 0.0589764 0.0194984 0.00569137 0.00398729 0.0064728 0.010662 0.0155059 0.0198355 0.0225192 0.0230776 0.0219732 0.0202695 0.0189289 0.0182983 0.0180916 0.0177409
 1.0489e-16 5.67465e-05 0.000551596 0.00366555 0.0166631 0.0518452 0.110462 0.161228 0.161252 0.110577 0.0522304 0.017776 0.00645995 0.00665435 0.0116548 0.019199 0.0277029 0.0349512 0.0387293 0.0380316 0.0336592 0.0276619 0.0220844 0.0179951 0.0153589 0.0135494
 1.03516e-16 6.39919e-05 0.000622024 0.00413357 0.0187906 0.0584647 0.124566 0.18181 0.181825 0.124638 0.0587092 0.0194975 0.00591056 0.00450964 0.00747201 0.0123162 0.0178872 0.022811 0.0257241 0.0259885 0.0240391 0.0210249 0.0180498 0.0156268 0.0136695 0.0118492
 1.05908e-16 4.34895e-05 0.000422734 0.00280922 0.0127703 0.0397333 0.0846574 0.123567 0.123603 0.0848307 0.0403153 0.0144516 0.00703145 0.00964604 0.0175784 0.0290402 0.041944 0.0529909 0.0588429 0.0579643 0.0515161 0.0425161 0.0339685 0.0274343 0.0228767 0.0194456
 1.11768e-16 4.07316e-05 0.000395925 0.00263106 0.0119604 0.0372135 0.0792883 0.115729 0.115755 0.0794161 0.0376433 0.0132048 0.00576608 0.00727824 0.0132248 0.0220956 0.0325207 0.0423549 0.0494031 0.0526151 0.0525862 0.0508805 0.0487783 0.0465188 0.0435233 0.0391759
 1.14861e-16 4.75605e-05 0.000462305 0.00307218 0.0139657 0.0434525 0.092581 0.135129 0.135149 0.0926805 0.0437871 0.0149341 0.00551106 0.00581352 0.0102914 0.0171544 0.0252241 0.0328352 0.0383381 0.0410379 0.0415756 0.0413455 0.0414206 0.0418642 0.0418707 0.0404566
 1.09232e-16 6.01462e-05 0.000584642 0.00388515 0.0176614 0.0549511 0.11708 0.170884 0.1709 0.117154 0.0552001 0.0183813 0.00569562 0.00454851 0.00762305 0.0126007 0.0183717 0.0235944 0.0269583 0.0279065 0.0269649 0.0253358 0.0240797 0.0235319 0.0233087 0.0227388
 1.03322e-16 6.8574e-05 0.000666564 0.00442955 0.0201361 0.062651 0.133485 0.194828 0.19484 0.133543 0.0628453 0.0206976 0.00583993 0.00374838 0.00593036 0.00971937 0.014052 0.0177961 0.0198508 0.0197216 0.0178105 0.0151282 0.0126621 0.0108951 0.00975716 0.00889863
 1.02184e-16 6.3427e-05 0.000616533 0.00409708 0.0186247 0.0579486 0.123466 0.180207 0.180225 0.123557 0.0582517 0.0195002 0.00629477 0.00541443 0.00917647 0.0150727 0.0217129 0.0273177 0.0301179 0.0292977 0.0254747 0.0202712 0.0153351 0.0115745 0.00904594 0.00733724
 1.02842e-16 5.93266e-05 0.000576676 0.00383221 0.0174207 0.0542024 0.115485 0.168558 0.168579 0.115587 0.0545449 0.0184106 0.00631857 0.00600995 0.0103943 0.017132 0.0247711 0.0313524 0.0349109 0.0345258 0.0308401 0.0255726 0.0204387 0.016338 0.0132834 0.010858
 1.04363e-16 5.54835e-05 0.000539319 0.00358397 0.0162922 0.0506912 0.108004 0.15764 0.157662 0.108115 0.0510659 0.0173753 0.00630565 0.00649041 0.011386 0.0188098 0.0272646 0.0346505 0.0388547 0.038891 0.0354492 0.0303489 0.0253643 0.0213609 0.0182547 0.0155448
 1.04016e-16 6.31266e-05 0.000613613 0.00407767 0.0185365 0.0576741 0.122881 0.179352 0.179367 0.122956 0.0579258 0.0192643 0.00590718 0.00461625 0.00769085 0.012683 0.018425 0.0235096 0.0265412 0.0268737 0.0249657 0.0220047 0.0191191 0.0168127 0.014959 0.01318
 1.00796e-16 7.75388e-05 0.000753705 0.00500863 0.0227685 0.0708413 0.150935 0.220295 0.220299 0.150956 0.0709128 0.0229749 0.0055269 0.00188594 0.00223041 0.00357132 0.00515308 0.00651416 0.00724174 0.00714799 0.00637552 0.00529356 0.00426842 0.00348843 0.00294571 0.00253326
 1.01791e-16 3.57655e-05 0.000347653 0.00231028 0.0105022 0.0326766 0.0696229 0.101627 0.101679 0.0698735 0.0335178 0.0129306 0.00840185 0.0136322 0.0252263 0.0415442 0.0595999 0.0744374 0.0810295 0.0770585 0.0643236 0.047584 0.0318011 0.0199009 0.0123276 0.00800961
 1.01691e-16 7.51284e-05 0.000730274 0.00485293 0.0220607 0.0686391 0.146243 0.213447 0.21345 0.146261 0.0687011 0.0222406 0.00530749 0.0017327 0.00200851 0.00327845 0.00489383 0.00652395 0.00787273 0.00878145 0.00927837 0.00948131 0.00944655 0.00911081 0.00837093 0.00721144
 1.0226e-16 5.34997e-05 0.000520036 0.00345582 0.0157097 0.0488788 0.104143 0.152006 0.152036 0.104293 0.0493838 0.0171676 0.00711316 0.00849661 0.0151808 0.0249564 0.0358161 0.0447729 0.048828 0.0466166 0.0392433 0.0295743 0.0205664 0.0139159 0.00979821 0.00747416
 1.04585e-16 5.44731e-05 0.000529498 0.0035187 0.0159955 0.0497681 0.106037 0.154769 0.15479 0.106142 0.0501199 0.0170131 0.00607866 0.00613641 0.010757 0.0178376 0.0260154 0.033388 0.038024 0.0389856 0.0368062 0.032979 0.028914 0.0252291 0.0218044 0.0183083
 1.04348e-16 6.34445e-05 0.000616703 0.00409821 0.0186299 0.0579645 0.1235 0.180255 0.18027 0.123572 0.0582067 0.0193302 0.00585863 0.00446835 0.00740404 0.0122078 0.0177404 0.0226518 0.0256093 0.0260055 0.0242954 0.0216279 0.0190784 0.0170995 0.0155203 0.0139261
 1.03117e-16 6.41563e-05 0.000623623 0.00414419 0.0188389 0.0586149 0.124886 0.182278 0.182294 0.124966 0.0588852 0.0196197 0.00610494 0.00490688 0.00820755 0.0134904 0.0194826 0.0246188 0.0273495 0.0269658 0.0240124 0.0198953 0.0160112 0.0130809 0.0110757 0.00958262
 1.0711e-16 3.03836e-05 0.000295339 0.00196264 0.00892189 0.0277596 0.0591465 0.086336 0.0863835 0.0593788 0.0285399 0.0111765 0.00762484 0.0126657 0.0235525 0.0389636 0.0563003 0.071165 0.0790783 0.0779572 0.0693159 0.0571491 0.0454493 0.0363173 0.0297672 0.0247631
 1.06798e-16 6.38928e-05 0.00062106 0.00412716 0.0187615 0.058374 0.124372 0.181527 0.181535 0.124412 0.0585087 0.0191527 0.00511692 0.0028077 0.00429317 0.0071966 0.0108299 0.0146037 0.0179413 0.0205532 0.0225245 0.0240758 0.0252192 0.0256411 0.0249135 0.022828
 1.06135e-16 5.55068e-05 0.000539546 0.00358547 0.0162991 0.0507126 0.108049 0.157706 0.157731 0.108169 0.0511131 0.0174559 0.00648927 0.006879 0.0120973 0.0199187 0.0287116 0.0361705 0.040003 0.0391995 0.0346566 0.0285792 0.0231407 0.0194326 0.0173176 0.0159882
 1.09177e-16 4.00923e-05 0.000389711 0.00258977 0.0117727 0.0366296 0.0780444 0.113915 0.113949 0.0782082 0.0371802 0.0133648 0.00659221 0.00914786 0.0167345 0.027762 0.0403627 0.0515427 0.0582551 0.0590733 0.0549725 0.0485183 0.0421615 0.0370182 0.0328589 0.0289172
 1.06804e-16 6.32713e-05 0.000615019 0.00408702 0.018579 0.0578062 0.123163 0.179762 0.179773 0.123217 0.0579874 0.0191038 0.00540978 0.00352072 0.00563526 0.00935725 0.0138067 0.0180688 0.0212504 0.0229442 0.0234238 0.02334 0.0231781 0.0229378 0.0222466 0.020725
 1.04876e-16 5.99978e-05 0.0005832 0.00387557 0.0176178 0.0548156 0.116791 0.170464 0.170485 0.11689 0.0551461 0.0185725 0.00627263 0.00581787 0.0100075 0.0164662 0.0237574 0.0299753 0.03323 0.0326776 0.0290305 0.0240681 0.0195477 0.0163573 0.0144068 0.0130842
 1.08936e-16 3.21854e-05 0.000312853 0.00207902 0.00945096 0.0294057 0.0626535 0.0914536 0.0914965 0.0628633 0.0301105 0.011488 0.00719729 0.0115027 0.0213327 0.0353445 0.051212 0.0650302 0.0728192 0.0727245 0.0660645 0.0563071 0.0468529 0.0393902 0.0337899 0.0290864
 1.16702e-16 3.94041e-05 0.000383022 0.00254532 0.0115706 0.0360007 0.076704 0.111956 0.111976 0.0768021 0.036331 0.0125292 0.00496794 0.00572658 0.0103497 0.0174733 0.0261672 0.0350149 0.0425625 0.0481157 0.0519957 0.0549519 0.0572602 0.0583362 0.0571617 0.0530791
 1.05388e-16 7.2194e-05 0.000701751 0.00466338 0.0211991 0.0659582 0.140531 0.205111 0.205116 0.140559 0.0660527 0.0214726 0.00535202 0.00221181 0.00296047 0.00483527 0.00709321 0.00921672 0.0107447 0.0115032 0.0117111 0.0118061 0.0121204 0.0126631 0.0131476 0.0131972
pSPR Fmed_Fpbrs
0.677849   0.2085 0.2085
Fs Fmed_Fpbrs
0.206212   1.005 1.005
SSBpbr Bo_Bmed_Bpbrs
2.02173e+06  1.26934e+06  320445 320445
Ro
193308
SPR SPRFo_SPRFmed_SPRFpbrs
1.37648e+06 933046 286996
Fref
1.005
log_Ro
11.992
likeval ReclasPelacesDesembMPH_pf_preclas_ppelaces_ptallas_desvR_qrecl_qpela
 14.893 16.9623 0.0793685 0.000810632 229.047 121.673 82.1116 0 23.5178 2.56626e-06 4.16405e-08 0.404394 0 0 0
q_reclas_q_pelaces
0.796918 0.971386
M
1
N
 211223 47950.5 170975 9736.88 0.313555
 121247 70697 15737.3 56043 3191.49
 120765 37577.2 21144.6 4696.06 17673.6
 211330 37607.4 11304 6346.58 6713.49
 168993 60581.5 10236.8 3066.73 3542.51
 280415 57179.8 20145.2 3400.25 2195.19
 117869 87331.9 17202.7 6047.3 1679.46
 55030.7 30187.3 20746.4 4066.94 1826.23
 50729.3 19122.7 10366.4 7118.91 2022.1
 66253.4 14934.8 5375.24 2905.26 2561.43
 122033 18207.3 3863.12 1384.99 1408.26
 158467 41745.7 6135.16 1300.46 940.253
 132478 41924.4 10313.7 1509.1 551.028
 93686.3 35826.6 10636.1 2605.83 520.391
 95036.2 20832.3 7175.79 2116.07 621.742
 494971 24925.2 5093.01 1746.41 666.155
 107567 136381 6467.68 1316.47 623.482
 754606 32798.5 39994.7 1891.95 567.405
 443856 229240 9575.54 11646.7 716.08
 356457 124097 60543.2 2519.7 3252.49
 505075 103194 34182.7 16623.4 1584.6
 678448 154758 30441.4 10059 5357.43
 144534 197651 42953.4 8422.82 4264.86
 424066 46357.7 61614.8 13365.7 3947.58
 360661 138426 14761.4 19588.4 5503.69
 162339 117525 43986 4682.96 7959.6
 360326 54158.5 38420.2 14360.7 4127.29
 403937 117815 17279.9 12239.1 5889.03
 116465 134700 38494.6 5638.59 5914.97
 88679.8 38835.8 44009.5 12560.6 3769.59
 413156 28319.1 12042.8 13621.4 5053.85
pred_Ctot
 12134.7 3300.04 11890.7 677.54 0.0218194
 12244.3 8498.93 1911.02 6809.09 387.769
 11878.2 4401.52 2501.84 555.939 2092.34
 30094.4 6335.97 1922.97 1080.2 1142.68
 8631.52 3710.16 633.561 189.908 219.377
 27567.1 6694.28 2382.42 402.335 259.754
 23311.9 20260.2 4027.49 1416.47 393.395
 1936.93 1276.85 886.939 173.966 78.1206
 6522.2 2914.77 1595.66 1096.36 311.426
 10849 2883.88 1047.82 566.62 499.577
 5440.94 974.262 208.913 74.9408 76.2019
 28895.2 8950.46 1327.68 281.563 203.58
 22743.3 8477.03 2105.08 308.169 112.527
 24396.1 10832.9 3243.47 795.002 158.768
 17726 4565.84 1587.33 468.318 137.604
 80408.2 4775.78 985.138 337.977 128.922
 11817.5 17812.8 853.226 173.762 82.2964
 84410.8 4360.48 5370.45 254.184 76.2329
 68855.8 41991.5 1770.85 2154.97 132.499
 48952.9 20178.1 9940.47 413.917 534.309
 54152.4 13158.8 4402.66 2142.2 204.207
 90953.2 24576.2 4881.62 1613.91 859.59
 11839.3 19326.9 4243.38 832.544 421.567
 30501.9 3986.14 5353.11 1161.85 343.164
 26299 12065.2 1299.96 1725.99 484.959
 9634.98 8353.73 3159.39 336.55 572.05
 25575.5 4596.13 3294.42 1232.06 354.107
 24076.5 8409.79 1246.42 883.313 425.031
 6944.58 9618.85 2777.75 407.103 427.071
 7482.08 3910.08 4476.51 1278.31 383.649
 19572.3 1609.42 691.681 782.786 290.439
F
 0.0945132 0.114136 0.115397 0.115464 0.115468
 0.171428 0.207021 0.209308 0.20943 0.209436
 0.166643 0.201242 0.203466 0.203584 0.20359
 0.249428 0.301215 0.304543 0.30472 0.30473
 0.0836539 0.101022 0.102138 0.102198 0.102201
 0.166553 0.201133 0.203356 0.203474 0.20348
 0.362154 0.437346 0.442178 0.442435 0.442448
 0.057017 0.068855 0.0696157 0.0696562 0.0696583
 0.222811 0.269072 0.272045 0.272203 0.272211
 0.291662 0.352218 0.356109 0.356316 0.356327
 0.0726948 0.0877879 0.0887578 0.0888095 0.0888122
 0.329676 0.398125 0.402523 0.402757 0.40277
 0.307725 0.371615 0.375721 0.37594 0.375951
 0.503449 0.607977 0.614694 0.615051 0.61507
 0.338379 0.408634 0.413149 0.413389 0.413402
 0.289049 0.349062 0.352918 0.353124 0.353135
 0.187727 0.226703 0.229208 0.229341 0.229348
 0.191427 0.231172 0.233726 0.233862 0.233869
 0.274432 0.331411 0.335072 0.335267 0.335278
 0.239601 0.289348 0.292545 0.292715 0.292724
 0.182845 0.220808 0.223248 0.223377 0.223384
 0.233306 0.281746 0.284859 0.285025 0.285033
 0.137128 0.165599 0.167429 0.167526 0.167531
 0.119551 0.144372 0.145967 0.146052 0.146057
 0.121285 0.146466 0.148085 0.148171 0.148175
 0.0977719 0.118072 0.119376 0.119445 0.119449
 0.117895 0.142372 0.143945 0.144029 0.144033
 0.0982072 0.118597 0.119908 0.119977 0.119981
 0.0982475 0.118646 0.119957 0.120027 0.12003
 0.141495 0.170873 0.172761 0.172861 0.172867
 0.0773881 0.0934556 0.0944882 0.0945431 0.094546
nmprior
 8 9 7.5 0
nm_flota  nm_reclas  nm_pelaces    nm_pelaL
inf 12.6355 16.2312 28.3414
cv_recla  cv_pelaces  cv_mph
0.349073 0.484626 0.878653
 ------------------------------------------------
Talla a la edad & desviación 
 8 13.2811 15.8009 17.003 17.5766
 0.8 1.32811 1.58009 1.7003 1.75766
