years
 1991 1992 1993 1994 1995 1996 1997 1998 1999 2000 2001 2002 2003 2004 2005 2006 2007 2008 2009 2010 2011 2012 2013 2014 2015 2016 2017 2018 2019 2020 2021
reclasobs
 0 0 0 0 0 0 0 0 0 252601 567819 844713 477998 351125 339783 2.1784e+06 2.13404e+06 4.81314e+06 1.55562e+06 2.62356e+06 3.21686e+06 3.843e+06 1.13348e+06 3.07943e+06 1.97215e+06 2.03268e+06 2.025e+06 2.42433e+06 2.27542e+06 1.05018e+06 2.36338e+06
reclaspred
 3.33052e+06 1.87199e+06 946946 932345 920379 1.43878e+06 909488 805952 588825 429917 496329 638399 629249 494735 503259 1.29752e+06 1.25147e+06 2.79311e+06 2.31513e+06 1.76884e+06 3.11472e+06 2.51661e+06 1.99608e+06 3.05862e+06 2.29939e+06 2.03479e+06 2.41508e+06 2.57321e+06 2.10253e+06 1.31596e+06 1.98288e+06
pelacesobs
 0 0 0 0 0 0 0 0 0 0 0 0 0 0 0 552880 188675 0 991730 2.46772e+06 1.41603e+06 1.21717e+06 2.29649e+06 1.80582e+06 0 1.4828e+06 1.56532e+06 1.57751e+06 1.42118e+06 867257 0
pelacespred
 1.80659e+06 1.13177e+06 574545 461370 473151 762120 448023 488770 345215 239012 284797 306208 331480 275488 287706 615600 594650 1.52483e+06 1.30629e+06 924484 1.57633e+06 1.38859e+06 1.0963e+06 1.8355e+06 1.33163e+06 1.17409e+06 1.58769e+06 1.67084e+06 1.12314e+06 799547 1.12653e+06
mphobs
 0 0 0 0 0 0 0 0 0 0 0 498337 0 5186 125008 0 168611 109162 213762 579715 649985 157893 87575 83554 0 0 0 0 0 0 0
mphpred
 3.41904e+06 2.28634e+06 1.14395e+06 622366 671177 750907 980568 612941 542793 375411 248667 397717 428561 363771 249849 317223 1.01378e+06 959484 1.87682e+06 1.43001e+06 1.57391e+06 1.92601e+06 1.82004e+06 1.49809e+06 2.07362e+06 1.71212e+06 1.4106e+06 1.50845e+06 2.10943e+06 1.42449e+06 779463
desembarqueobs
 494567 514787 250237 358949 120608 361735 552515 73892 212993 205616 52469 317467 293654 387597 252695 516296 358380 742168 942051 627588 828172 859565 418607 520667 417249 300574 407403 355545 319650 289779 219260
desembarquepred
 494574 513492 250875 358977 120613 361748 552562 73896.1 213041 205660 52471.5 317534 293706 387638 252691 516262 358404 742080 941876 627470 828237 859581 418615 520689 417249 300575 407403 355532 319643 289788 219263
Reclutas
 204267 115942 115287 192080 153543 261876 108829 49800.5 46969.1 62155.2 115909 152413 126874 89495.3 89813.8 481053 101116 731830 429368 344186 487366 653783 136369 404777 342705 153805 344918 387369 109200 82460.3 378601
log_desv_Rt
 0.110713 -0.455629 -0.46129 0.0491981 -0.174733 0.359158 -0.518936 -1.30069 -1.35922 -1.07908 -0.455908 -0.182124 -0.365522 -0.714529 -0.710976 0.967263 -0.592442 1.38683 0.8536 0.632468 0.980301 1.27406 -0.293352 0.794623 0.628154 -0.173029 0.634592 0.750663 -0.515537 -0.796397 0.727768
SSB
 3.41904e+06 2.28634e+06 1.14395e+06 622366 671177 750907 980568 612941 542793 375411 248667 397717 428561 363771 249849 317223 1.01378e+06 959484 1.87682e+06 1.43001e+06 1.57391e+06 1.92601e+06 1.82004e+06 1.49809e+06 2.07362e+06 1.71212e+06 1.4106e+06 1.50845e+06 2.10943e+06 1.42449e+06 779463
BT
 4.58295e+06 3.11783e+06 1.57493e+06 1.36603e+06 1.18599e+06 2.0657e+06 1.52875e+06 1.19164e+06 1.00754e+06 749813 702084 972586 1.03129e+06 1.03883e+06 916936 1.83827e+06 1.6512e+06 4.17153e+06 3.91797e+06 2.69211e+06 4.30584e+06 4.00547e+06 2.89262e+06 4.7165e+06 3.45478e+06 2.97318e+06 4.07618e+06 4.20797e+06 2.85348e+06 2.12585e+06 2.78509e+06
Ftot
 0.124038 0.225465 0.219746 0.335133 0.113974 0.224647 0.496227 0.0794457 0.309982 0.405969 0.097507 0.43176 0.403792 0.667569 0.451862 0.372307 0.24182 0.245249 0.349955 0.307664 0.234922 0.299184 0.176873 0.154777 0.156724 0.126749 0.152506 0.126175 0.126086 0.184724 0.103253
BD_Bspro_t
 0.98035 0.856116 0.704891 0.618039 0.60607 0.67646 0.665189 0.505052 0.561388 0.519746 0.487474 0.685632 0.571903 0.483555 0.37883 0.437779 0.607504 0.581805 0.673969 0.58141 0.55902 0.605084 0.619475 0.612248 0.713251 0.72157 0.728899 0.764858 0.808471 0.743316 0.690084
BD_Bspro
 2.62584 1.75592 0.878556 0.47798 0.515467 0.5767 0.753081 0.470742 0.416868 0.288318 0.190977 0.305448 0.329137 0.279378 0.191885 0.243629 0.778591 0.736888 1.44141 1.09826 1.20877 1.47918 1.3978 1.15054 1.59255 1.31491 1.08335 1.1585 1.62005 1.09401 0.598631
BD_Bo
 1.76562 1.18068 0.590742 0.321394 0.346601 0.387774 0.506373 0.316528 0.280303 0.193865 0.128413 0.205384 0.221312 0.187854 0.129024 0.163816 0.523526 0.495485 0.969204 0.73847 0.812778 0.994605 0.939882 0.773626 1.07083 0.88415 0.728444 0.778974 1.08933 0.735616 0.402521
BD_Brms
 11.1579 7.46139 3.73323 2.03107 2.19036 2.45056 3.20005 2.00031 1.77139 1.22514 0.811516 1.29794 1.39859 1.18715 0.815374 1.03525 3.30845 3.13124 6.12493 4.6668 5.13639 6.28545 5.93963 4.88897 6.76719 5.58743 4.60344 4.92277 6.88405 4.64876 2.54375
Sel_flota
 0.815502 1 1 1 1
 0.815502 1 1 1 1
 0.815502 1 1 1 1
 0.815502 1 1 1 1
 0.815502 1 1 1 1
 0.815502 1 1 1 1
 0.815502 1 1 1 1
 0.815502 1 1 1 1
 0.815502 1 1 1 1
 0.815502 1 1 1 1
 0.815502 1 1 1 1
 0.815502 1 1 1 1
 0.815502 1 1 1 1
 0.815502 1 1 1 1
 0.815502 1 1 1 1
 0.815502 1 1 1 1
 0.815502 1 1 1 1
 0.815502 1 1 1 1
 0.815502 1 1 1 1
 0.815502 1 1 1 1
 0.815502 1 1 1 1
 0.815502 1 1 1 1
 0.815502 1 1 1 1
 0.815502 1 1 1 1
 0.815502 1 1 1 1
 0.815502 1 1 1 1
 0.815502 1 1 1 1
 0.815502 1 1 1 1
 0.815502 1 1 1 1
 0.815502 1 1 1 1
 0.815502 1 1 1 1
Sel_reclas
 1 1 1 1 1
 1 1 1 1 1
 1 1 1 1 1
 1 1 1 1 1
 1 1 1 1 1
 1 1 1 1 1
 1 1 1 1 1
 1 1 1 1 1
 1 1 1 1 1
 1 1 1 1 1
 1 1 1 1 1
 1 1 1 1 1
 1 1 1 1 1
 1 1 1 1 1
 1 1 1 1 1
 1 1 1 1 1
 1 1 1 1 1
 1 1 1 1 1
 1 1 1 1 1
 1 1 1 1 1
 1 1 1 1 1
 1 1 1 1 1
 1 1 1 1 1
 1 1 1 1 1
 1 1 1 1 1
 1 1 1 1 1
 1 1 1 1 1
 1 1 1 1 1
 1 1 1 1 1
 1 1 1 1 1
 1 1 1 1 1
Sel_pelaces
 1 1 1 1 1
 1 1 1 1 1
 1 1 1 1 1
 1 1 1 1 1
 1 1 1 1 1
 1 1 1 1 1
 1 1 1 1 1
 1 1 1 1 1
 1 1 1 1 1
 1 1 1 1 1
 1 1 1 1 1
 1 1 1 1 1
 1 1 1 1 1
 1 1 1 1 1
 1 1 1 1 1
 1 1 1 1 1
 1 1 1 1 1
 1 1 1 1 1
 1 1 1 1 1
 1 1 1 1 1
 1 1 1 1 1
 1 1 1 1 1
 1 1 1 1 1
 1 1 1 1 1
 1 1 1 1 1
 1 1 1 1 1
 1 1 1 1 1
 1 1 1 1 1
 1 1 1 1 1
 1 1 1 1 1
 1 1 1 1 1
pf_obs 
 0.8446 0.082 0.0669 0.0065 0
 0.8095 0.147 0.0364 0.0071 0
 0.9664 0.0169 0.016 0.0007 0
 0.9276 0.0648 0.0075 0.0001 0
 0.7033 0.2144 0.0806 0.0017 0
 0.9318 0.0425 0.0243 0.0014 0
 0.5671 0.3108 0.0964 0.0239 0.0018
 0.0768 0.2599 0.5324 0.112 0.0189
 0.490249 0.384438 0.106611 0.0170017 0.00170017
 0.7925 0.1577 0.0466 0.003 0.0002
 0.840416 0.127587 0.0312969 0.00059994 9.999e-05
 0.8084 0.0986 0.0794 0.0134 0.0002
 0.7335 0.1905 0.0724 0.0035 0.0001
 0.4001 0.4547 0.1325 0.0127 0
 0.49795 0.308269 0.164784 0.0264974 0.00249975
 0.9179 0.0499 0.0305 0.0017 0
 0.2467 0.6533 0.0926 0.0074 0
 0.9418 0.0223 0.034 0.0019 0
 0.707729 0.231977 0.0356964 0.0245975 0
 0.517169 0.277429 0.184464 0.0207286 0.00020938
 0.811772 0.124168 0.05621 0.00726502 0.000585176
 0.764997 0.148141 0.077277 0.00933861 0.000247198
 0.163321 0.427699 0.378323 0.0303852 0.000271297
 0.753843 0.0900009 0.118128 0.0371064 0.000921714
 0.721811 0.176058 0.0630433 0.0369309 0.00215725
 0.143369 0.312575 0.442814 0.0836902 0.0175525
 0.692698 0.0596174 0.167031 0.0765114 0.00414204
 0.394062 0.376323 0.152708 0.0712218 0.00568511
 0.125707 0.32114 0.495352 0.0537591 0.00404204
 0.23352 0.215282 0.420074 0.123614 0.00750983
 0 0 0 0 0
pf_pred 
 0.441238 0.121605 0.412779 0.0243763 7.78595e-07
 0.412184 0.291165 0.0645612 0.219147 0.0129419
 0.557834 0.207161 0.116406 0.0258112 0.092788
 0.735161 0.162385 0.048001 0.0269724 0.0274805
 0.646765 0.275323 0.0477712 0.0141212 0.0160192
 0.745542 0.17672 0.0605921 0.0105133 0.00663318
 0.474028 0.413655 0.0780031 0.0267451 0.00756838
 0.451907 0.295439 0.198702 0.0374693 0.0164827
 0.53533 0.234612 0.124009 0.0834039 0.022646
 0.697849 0.179443 0.0619553 0.0327477 0.0280052
 0.812605 0.140129 0.0280707 0.00969182 0.00950374
 0.732936 0.225165 0.0313308 0.00627622 0.00429186
 0.677994 0.250979 0.059884 0.00833261 0.00281064
 0.624155 0.27432 0.0791303 0.0188806 0.00351332
 0.731362 0.184695 0.0612678 0.0176733 0.00500155
 0.93209 0.052865 0.0103441 0.00343139 0.00126993
 0.37811 0.588362 0.0260996 0.00510691 0.00232106
 0.896152 0.0450358 0.0556415 0.00246824 0.000702464
 0.59874 0.367463 0.0146567 0.0181082 0.00103189
 0.613121 0.253603 0.122051 0.00486812 0.00635728
 0.732736 0.178504 0.0581828 0.0280015 0.00257539
 0.74054 0.201158 0.0389396 0.0126923 0.00667017
 0.319044 0.533511 0.114313 0.0221285 0.0110032
 0.73962 0.096183 0.128644 0.0275639 0.00798893
 0.626898 0.29097 0.0303394 0.0405787 0.0112146
 0.435894 0.381901 0.142095 0.0148162 0.0252932
 0.732061 0.131286 0.0925145 0.0344221 0.0097164
 0.687536 0.241557 0.0347432 0.0244828 0.0116807
 0.338653 0.484306 0.136865 0.0196854 0.0204902
 0.422524 0.224626 0.258392 0.073022 0.0214349
 0.850747 0.0713384 0.0303074 0.0348632 0.0127445
pobs_RECLAS
 0 0 0 0 0
 0 0 0 0 0
 0 0 0 0 0
 0 0 0 0 0
 0 0 0 0 0
 0 0 0 0 0
 0 0 0 0 0
 0 0 0 0 0
 0 0 0 0 0
 0 0 0 0 0
 0.991045 0.00858322 0.000360255 1.14367e-05 0
 0.934742 0.0480273 0.0164251 0.00080598 0
 0.827803 0.169806 0.00239088 0 0
 0.941827 0.0461693 0.0120037 0 0
 0.791401 0.0380133 0.147996 0.0225897 0
 0.846168 0.0940531 0.0597789 0 0
 0.134021 0.677848 0.182769 0.00536245 0
 0.80878 0.0450904 0.141981 0.00414843 0
 0.846168 0.0940531 0.0597789 0 0
 0.905697 0.0802665 0.012482 0.00150086 5.37128e-05
 0.989698 0.0102097 9.19794e-05 0 0
 0.975433 0.0193895 0.00387452 0.00125025 5.28907e-05
 0.303575 0.632131 0.0575291 0.00676475 0
 0.966965 0.00978017 0.0227588 0.000495775 0
 0.843318 0.132988 0.00938335 0.0141283 0.000182051
 0.564624 0.303363 0.111486 0.0197234 0.00080311
 0.826376 0.0876187 0.0782897 0.00655872 0.00115652
 0.89761 0.0855135 0.0140674 0.00269457 0.000114338
 0.34875 0.467042 0.161289 0.0227151 0.000203297
 0.318654 0.224769 0.449479 0.00709798 0
 0.937255 0.0296025 0.0250945 0.00804832 0
ppred_RECLAS
 0.492474 0.110455 0.37493 0.0221411 7.07202e-07
 0.463338 0.265827 0.0589429 0.200077 0.0118157
 0.608327 0.183504 0.103113 0.0228637 0.0821921
 0.774073 0.138526 0.0409483 0.0230094 0.0234429
 0.692258 0.239864 0.0416188 0.0123025 0.0139561
 0.782958 0.150734 0.0516825 0.00896741 0.00565783
 0.527639 0.371493 0.0700526 0.024019 0.00679696
 0.503067 0.267862 0.180155 0.0339718 0.0149442
 0.58697 0.208539 0.110227 0.074135 0.0201293
 0.740643 0.154028 0.0531804 0.0281096 0.0240388
 0.841919 0.118208 0.0236796 0.00817572 0.00801706
 0.772499 0.191809 0.0266895 0.00534646 0.00365606
 0.722471 0.216313 0.0516125 0.00718168 0.00242243
 0.674144 0.237835 0.0686056 0.0163694 0.00304603
 0.77118 0.15732 0.0521867 0.0150538 0.00426022
 0.944309 0.043353 0.00848288 0.00281398 0.00104143
 0.4282 0.540973 0.0239974 0.00469558 0.00213411
 0.914012 0.0372905 0.0460723 0.00204376 0.000581655
 0.648183 0.322184 0.0128507 0.015877 0.000904741
 0.661569 0.221844 0.106766 0.00425849 0.00556117
 0.771496 0.152616 0.0497448 0.0239405 0.00220189
 0.778755 0.17153 0.0332043 0.0108229 0.00568774
 0.365603 0.497034 0.106497 0.0206155 0.0102509
 0.777405 0.0822257 0.109976 0.0235641 0.00682964
 0.673834 0.254366 0.0265227 0.0354739 0.00980381
 0.487063 0.34726 0.129206 0.0134723 0.0229989
 0.770595 0.112405 0.0792096 0.0294717 0.00831905
 0.730015 0.208718 0.03002 0.0211545 0.0100928
 0.386219 0.449473 0.127022 0.0182695 0.0190164
 0.473718 0.204713 0.235486 0.0665485 0.0195347
 0.875023 0.0597349 0.0253778 0.0291926 0.0106715
pobs_PELACES
 0 0 0 0 0
 0 0 0 0 0
 0 0 0 0 0
 0 0 0 0 0
 0 0 0 0 0
 0 0 0 0 0
 0 0 0 0 0
 0 0 0 0 0
 0 0 0 0 0
 0 0 0 0 0
 0 0 0 0 0
 0 0 0 0 0
 0 0 0 0 0
 0 0 0 0 0
 0 0 0 0 0
 0 0 0 0 0
 0.505614 0.472636 0.0217494 0 0
 0 0 0 0 0
 0.443492 0.261883 0.143347 0.151278 0
 0.227955 0.32914 0.350689 0.0885471 0.00366901
 0.970185 0.0296113 0.000203453 0 0
 0.997202 0.00247181 0.000326279 0 0
 0.445219 0.490057 0.0546422 0.010081 0
 0.90214 0.0892962 0.00764917 0.000914606 0
 0 0 0 0 0
 0.581667 0.319106 0.0959925 0.00289975 0.000334073
 0.762889 0.0836404 0.116647 0.0363945 0.000428098
 0.88444 0.0763242 0.0277011 0.0115352 0
 0.521256 0.241999 0.230069 0.00667565 0
 0.616807 0.101726 0.260614 0.0208532 0
 0 0 0 0 0
ppred_PELACES
 0.494361 0.110044 0.373535 0.0220587 7.04572e-07
 0.466753 0.264135 0.0585678 0.198803 0.0117405
 0.61151 0.182013 0.102275 0.0226779 0.0815241
 0.777622 0.13635 0.0403052 0.022648 0.0230747
 0.693734 0.238714 0.0414191 0.0122435 0.0138892
 0.785273 0.149126 0.0511312 0.00887175 0.00559747
 0.535162 0.365576 0.0689369 0.0236365 0.00668871
 0.504276 0.267211 0.179716 0.0338892 0.0149078
 0.591538 0.206232 0.109008 0.0733151 0.0199067
 0.745363 0.151225 0.0522127 0.0275981 0.0236013
 0.842708 0.117619 0.0235615 0.00813494 0.00797707
 0.777086 0.187942 0.0261514 0.00523867 0.00358235
 0.727373 0.212492 0.0507009 0.00705482 0.00237964
 0.683009 0.231364 0.0667392 0.0159241 0.00296317
 0.775998 0.154007 0.0510878 0.0147368 0.00417051
 0.945489 0.0424343 0.00830312 0.00275434 0.00101937
 0.431808 0.537559 0.023846 0.00466595 0.00212064
 0.915178 0.0367847 0.0454474 0.00201603 0.000573765
 0.653027 0.317749 0.0126738 0.0156584 0.000892286
 0.665751 0.219104 0.105447 0.00420588 0.00549246
 0.774008 0.150939 0.049198 0.0236774 0.00217769
 0.781878 0.169109 0.0327357 0.0106701 0.00560747
 0.368104 0.495074 0.106077 0.0205342 0.0102105
 0.779031 0.0816249 0.109172 0.0233919 0.00677974
 0.675927 0.252733 0.0263525 0.0352462 0.00974088
 0.488991 0.345955 0.12872 0.0134217 0.0229125
 0.772232 0.111603 0.0786443 0.0292614 0.00825967
 0.731526 0.20755 0.0298519 0.0210361 0.0100363
 0.38804 0.44814 0.126645 0.0182153 0.01896
 0.476523 0.203622 0.234231 0.0661939 0.0194306
 0.875709 0.0594071 0.0252385 0.0290324 0.010613
pobs_pel_tallas
 0 0 0 0 0 0 0 0 0 0 0 0 0 0 0 0 0 0 0 0 0 0 0 0 0 0
 0 0 0 0 0 0 0 0 0 0 0 0 0 0 0 0 0 0 0 0 0 0 0 0 0 0
 0 0 0 0 0 0 0 0 0 0 0 0 0 0 0 0 0 0 0 0 0 0 0 0 0 0
 0 0 0 0 0 0 0 0 0 0 0 0 0 0 0 0 0 0 0 0 0 0 0 0 0 0
 0 0 0 0 0 0 0 0 0 0 0 0 0 0 0 0 0 0 0 0 0 0 0 0 0 0
 0 0 0 0 0 0 0 0 0 0 0 0 0 0 0 0 0 0 0 0 0 0 0 0 0 0
 0 0 0 0 0 0 0 0 0 0 0 0 0 0 0 0 0 0 0 0 0 0 0 0 0 0
 0 0 0 0 0 0 0 0 0 0 0 0 0 0 0 0 0 0 0 0 0 0 0 0 0 0
 0 0 0 0 0 0 0 0 0 0 0 0 0 0 0 0 0 0 0 0 0 0 0 0 0 0
 0 0 0 0 0 0 0 0 0 0 0 0 0 0 0 0 0 0 0 0 0 0 0 0 0 0
 0 0 0 0 0 0 0 0 0 0 0 0 0 0 0 0 0 0 0 0 0 0 0 0 0 0
 0 0 0 0 0 0 0 0 0 0 0 0 0 0 0 0 0 0 0 0 0 0 0 0 0 0
 0.00862536 0 0 0.000197151 0.00414017 0.0128641 0.00837892 0.0270097 0.101434 0.158115 0.152841 0.127902 0.109271 0.109419 0.0830992 0.0579132 0.0238553 0.00714673 0.00463305 0.00128148 0.00103504 0.000492878 0.000147863 0.000147863 4.92878e-05 0
 0 0 0 0 0 0 0 0 0 0 0 0 0 0 0 0 0 0 0 0 0 0 0 0 0 0
 0 0 0 0 0 0 0 0.0054083 0.00873648 0.0413646 0.0450493 0.0745869 0.0622846 0.0627006 0.0613931 0.0827291 0.12552 0.122667 0.0946155 0.0697135 0.0546179 0.0294188 0.0215738 0.0213955 0.0102223 0.00600262
 0 0 0 0 0.00359764 0.0251062 0.0480494 0.140153 0.205849 0.193036 0.1447 0.116669 0.0760912 0.0342217 0.00950174 0.001854 0.000860785 0 0 0 0.000165536 0 0.000143464 0 0 0
 0 0 0 0 0 0 0 0.000145254 0.000435761 0.0275982 0.070085 0.0708112 0.156366 0.174668 0.174014 0.160142 0.0824315 0.0480064 0.0283245 0.00493863 0.00203355 0 0 0 0 0
 0 0 0 0 0 0 0 0 0 0 0 0 0 0 0 0 0 0 0 0 0 0 0 0 0 0
 0 0 1.00437e-05 0.000401748 0.00122533 0.00171747 0.00176769 0.0269171 0.070346 0.194647 0.189555 0.159765 0.064822 0.0314167 0.0384472 0.0292271 0.0345202 0.0313363 0.0194345 0.0106764 0.0143323 0.0359363 0.0279516 0.0138201 0.00172751 0
 0 0.0021121 0.0136068 0.0755702 0.200478 0.177729 0.0527432 0.0373336 0.0318909 0.0142505 0.0149659 0.0166563 0.0217959 0.0798694 0.0677717 0.0528807 0.04013 0.0224614 0.0357745 0.0225083 0.00881397 0.00855152 0.00135912 0.000746735 0 0
 0 0 0 0 5.4009e-05 0.00500934 0.000945158 0.0243581 0.138947 0.33067 0.221406 0.137944 0.0707744 0.0437923 0.0131692 0.00525238 0.0047753 0.00276346 9.45158e-05 9.00151e-06 2.25038e-05 9.00151e-06 4.50075e-06 0 0 0
 0.000866109 0.00284123 0.00948549 0.0512746 0.133035 0.25785 0.225252 0.132002 0.0553304 0.0519788 0.0540692 0.017754 0.00435017 0.00159236 0.00146478 0.000404838 0.000125132 0.000115318 0.000107957 0.000100596 0 0 0 0 0 0
 0 0 0 0 0.00144013 0.00171154 0.00461396 0.0210425 0.0478622 0.0707936 0.0888783 0.103762 0.0637923 0.0337046 0.0602308 0.124433 0.169614 0.0934646 0.0462172 0.0250306 0.0313229 0.00938855 0.002487 0.000210481 0 0
 0 0.00764035 0.051015 0.0998891 0.058973 0.0496711 0.0374665 0.0718981 0.12319 0.153886 0.159021 0.0857701 0.0377988 0.023471 0.0147837 0.00900784 0.00315554 0.000888139 0.00291439 0.00214683 0.00393193 0.00274676 0.000635225 9.99891e-05 0 0
 0 0 0 0 0 0 0 0 0 0 0 0 0 0 0 0 0 0 0 0 0 0 0 0 0 0
 0 0 0 0 0 0 0 0 0 0 0 0 0 0 0 0 0 0 0 0 0 0 0 0 0 0
 0 0 0 0 0 0 0 0 0 0 0 0 0 0 0 0 0 0 0 0 0 0 0 0 0 0
 0 0 0 0 0 0 0 0 0 0 0 0 0 0 0 0 0 0 0 0 0 0 0 0 0 0
 0 0 0 0 0 0 0 0 0 0 0 0 0 0 0 0 0 0 0 0 0 0 0 0 0 0
 0 0 0 0 0 0 0 0 0 0 0 0 0 0 0 0 0 0 0 0 0 0 0 0 0 0
 0 0 0 0 0 0 0 0 0 0 0 0 0 0 0 0 0 0 0 0 0 0 0 0 0 0
ppred_pel_tallas
 1.1302e-16 4.07199e-05 0.000395812 0.00263031 0.011957 0.0372028 0.0792649 0.115692 0.115703 0.0793197 0.0373885 0.0125004 0.00402112 0.00352048 0.00623382 0.0109146 0.0172826 0.0249803 0.0335468 0.0425736 0.0515997 0.0597552 0.0655799 0.0674107 0.0642144 0.056272
 1.23682e-16 3.84459e-05 0.000373707 0.00248342 0.0112893 0.0351253 0.074839 0.109235 0.109261 0.074964 0.0355451 0.0125035 0.00553742 0.00706166 0.0128055 0.0212919 0.0311288 0.040197 0.0464546 0.0491956 0.0495513 0.0496811 0.0512378 0.0542877 0.0573819 0.0585301
 1.19069e-16 5.03693e-05 0.000489608 0.00325362 0.0147905 0.0460188 0.0980485 0.143108 0.143126 0.098135 0.0463095 0.0156322 0.00537352 0.00514139 0.00895682 0.0149201 0.021951 0.0286086 0.0334857 0.0360255 0.0368573 0.0372849 0.0383276 0.0400734 0.0417481 0.0422837
 1.07375e-16 6.40517e-05 0.000622605 0.00413743 0.0188082 0.0585193 0.124682 0.18198 0.181993 0.124746 0.0587358 0.0194342 0.00571103 0.00406547 0.00662586 0.0109152 0.0158698 0.0202911 0.0230168 0.0235525 0.0223698 0.0205586 0.0191091 0.0183854 0.018106 0.0177007
 1.04835e-16 5.7142e-05 0.000555441 0.0036911 0.0167792 0.0522065 0.111232 0.162352 0.162375 0.111345 0.0525843 0.0178707 0.00643168 0.00654094 0.0114331 0.0188337 0.0271808 0.0343029 0.0380303 0.0373771 0.0331266 0.0272828 0.0218431 0.0178478 0.0152586 0.0134625
 1.03351e-16 6.46819e-05 0.000628732 0.00417814 0.0189932 0.0590951 0.125909 0.183771 0.183785 0.125979 0.0593319 0.0196779 0.00589915 0.00439353 0.00723774 0.0119233 0.0173107 0.0220642 0.0248607 0.0250818 0.0231517 0.0201897 0.0172739 0.0149093 0.0130161 0.0112744
 1.05586e-16 4.40806e-05 0.00042848 0.0028474 0.0129439 0.0402734 0.0858081 0.125247 0.125282 0.0859804 0.0408522 0.0146159 0.00704605 0.00959946 0.0174771 0.028865 0.0416758 0.0526196 0.0583689 0.0573918 0.0508464 0.0417477 0.0331063 0.026501 0.0219163 0.018516
 1.11176e-16 4.15366e-05 0.000403751 0.00268307 0.0121968 0.0379491 0.0808554 0.118016 0.118042 0.0809825 0.0383764 0.0134342 0.00580015 0.00724555 0.0131446 0.021951 0.0322869 0.0420064 0.0489143 0.0519581 0.0517327 0.0498107 0.0474961 0.0450647 0.0419746 0.0376326
 1.1392e-16 4.87242e-05 0.000473617 0.00314735 0.0143074 0.0445158 0.0948463 0.138435 0.138455 0.0949442 0.0448451 0.0152605 0.00554737 0.0057386 0.0101246 0.0168656 0.0247807 0.0322178 0.03754 0.0400518 0.0403801 0.0399067 0.0397135 0.0399008 0.0397187 0.0382346
 1.08308e-16 6.13946e-05 0.000596777 0.00396579 0.0180279 0.0560917 0.11951 0.174431 0.174446 0.119581 0.0563321 0.0187231 0.00571385 0.00442326 0.00735994 0.0121545 0.0177061 0.022708 0.0258837 0.0266864 0.0256205 0.0238534 0.0224278 0.0216959 0.0213199 0.0206801
 1.02876e-16 6.94128e-05 0.000674717 0.00448373 0.0203824 0.0634173 0.135118 0.19721 0.197222 0.135173 0.0636035 0.0209206 0.00583544 0.00362789 0.00568516 0.00930802 0.0134481 0.0170123 0.0189394 0.0187507 0.0168311 0.0141544 0.0116785 0.0098823 0.00871566 0.00785652
 1.01935e-16 6.40076e-05 0.000622176 0.00413458 0.0187952 0.058479 0.124596 0.181856 0.181874 0.124685 0.0587762 0.0196536 0.00628916 0.00532553 0.00899624 0.0147706 0.0212696 0.0267432 0.0294521 0.0285935 0.0247736 0.0195891 0.0146666 0.0109097 0.00838613 0.00669924
 1.02628e-16 5.99128e-05 0.000582374 0.00387008 0.0175928 0.0547379 0.116626 0.170223 0.170243 0.116726 0.0550746 0.0185657 0.00631364 0.00592172 0.010215 0.0168308 0.0243279 0.0307755 0.034238 0.0338081 0.0301193 0.0248673 0.019749 0.0156614 0.0126277 0.0102433
 1.04084e-16 5.62586e-05 0.000546854 0.00363404 0.0165198 0.0513994 0.109513 0.159842 0.159864 0.109622 0.0517664 0.0175806 0.00629952 0.0063746 0.0111506 0.0184142 0.0266824 0.0338922 0.0379696 0.0379457 0.0344977 0.0294151 0.0244484 0.0204601 0.0173807 0.0147258
 1.03698e-16 6.3918e-05 0.000621305 0.00412879 0.0187689 0.0583971 0.124422 0.1816 0.181615 0.124495 0.0586417 0.0194759 0.00590594 0.00450887 0.00747084 0.012312 0.0178763 0.0227894 0.02569 0.0259476 0.0240093 0.0210373 0.018142 0.0158292 0.0139895 0.0122624
 1.007e-16 7.78787e-05 0.000757008 0.00503059 0.0228683 0.0711519 0.151597 0.221261 0.221265 0.151617 0.0712191 0.0230624 0.00551807 0.00182188 0.00210234 0.00335784 0.00484258 0.00611738 0.00679245 0.00669036 0.00594544 0.00490659 0.00392124 0.00317007 0.00264886 0.00225883
 1.01653e-16 3.55676e-05 0.00034573 0.0022975 0.0104441 0.0324958 0.0692377 0.101065 0.101117 0.0694904 0.0333441 0.0128931 0.00844055 0.0137421 0.0254368 0.0418882 0.0600851 0.0750258 0.0816361 0.0775766 0.0646641 0.0477056 0.031717 0.0196625 0.0120002 0.00765326
 1.01621e-16 7.5382e-05 0.00073274 0.00486932 0.0221352 0.0688708 0.146737 0.214167 0.214171 0.146754 0.0689303 0.0223078 0.00530547 0.00169473 0.0019312 0.00314826 0.0047016 0.00627248 0.00757748 0.00846405 0.00895737 0.00916686 0.00914222 0.00881949 0.0080991 0.0069687
 1.02169e-16 5.3789e-05 0.000522848 0.00347451 0.0157947 0.0491432 0.104706 0.152828 0.152858 0.104855 0.0496446 0.0172424 0.00710632 0.00844355 0.0150747 0.0247793 0.0355586 0.0444438 0.048455 0.0462356 0.0388832 0.0292465 0.0202668 0.0136344 0.00952916 0.00721993
 1.04451e-16 5.4837e-05 0.000533036 0.00354221 0.0161024 0.0501006 0.106745 0.155803 0.155824 0.106849 0.0504495 0.0171115 0.00608062 0.00609244 0.0106658 0.0176826 0.0257837 0.033079 0.0376506 0.038567 0.0363593 0.0325136 0.0284366 0.02475 0.021341 0.0178827
 1.04202e-16 6.37541e-05 0.000619712 0.00411821 0.0187208 0.0582474 0.124103 0.181135 0.181149 0.124174 0.0584871 0.0194138 0.00586039 0.00443124 0.00732722 0.0120778 0.0175473 0.0223962 0.0253032 0.0256654 0.0239336 0.021248 0.0186795 0.0166836 0.0150982 0.0135173
 1.03007e-16 6.44023e-05 0.000626013 0.00416008 0.0189111 0.0588396 0.125365 0.182977 0.182993 0.125444 0.0591073 0.0196847 0.00610271 0.00486956 0.00813187 0.0133635 0.0192965 0.0243778 0.0270703 0.0266706 0.0237181 0.0196079 0.0157277 0.0127965 0.0107906 0.00930454
 1.06975e-16 3.03203e-05 0.000294724 0.00195855 0.00890331 0.0277018 0.0590233 0.0861563 0.086204 0.0592568 0.0284859 0.0111688 0.00764802 0.0127243 0.0236638 0.039145 0.0565551 0.0714715 0.079389 0.0782122 0.0694639 0.0571643 0.0453357 0.0361016 0.0294866 0.0244553
 1.06665e-16 6.41678e-05 0.000623734 0.00414493 0.0188423 0.0586253 0.124908 0.182308 0.182316 0.124947 0.0587577 0.0192267 0.00511777 0.00277319 0.00422202 0.00707644 0.0106517 0.0143689 0.0176618 0.0202456 0.0222012 0.023741 0.0248717 0.0252815 0.0245494 0.0224743
 1.06009e-16 5.56753e-05 0.000541184 0.00359636 0.0163485 0.0508665 0.108377 0.158185 0.158209 0.108496 0.0512661 0.0175027 0.00649345 0.00686583 0.0120687 0.0198697 0.0286373 0.036069 0.0398752 0.0390468 0.0344785 0.0283723 0.0229017 0.0191628 0.0170252 0.0156885
 1.09027e-16 4.02776e-05 0.000391513 0.00260174 0.0118272 0.0367988 0.0784051 0.114442 0.114475 0.0785687 0.0373486 0.0134166 0.00659773 0.00913535 0.0167068 0.027714 0.0402891 0.0514403 0.0581231 0.0589112 0.0547781 0.0482874 0.0418914 0.0367111 0.0325252 0.0285742
 1.06631e-16 6.36077e-05 0.00061829 0.00410875 0.0186778 0.0581136 0.123818 0.180718 0.180729 0.123871 0.0582924 0.0191954 0.00541342 0.00348412 0.00555874 0.00922719 0.0136121 0.0178088 0.0209344 0.0225862 0.0230338 0.0229209 0.0227299 0.0224653 0.0217643 0.0202561
 1.04723e-16 6.02549e-05 0.000585699 0.00389218 0.0176933 0.0550505 0.117292 0.171195 0.171215 0.117389 0.0553788 0.0186418 0.00627363 0.00578611 0.00994209 0.016356 0.0235946 0.0297618 0.0329774 0.032401 0.0287402 0.0237653 0.0192271 0.016015 0.0140469 0.0127203
 1.08805e-16 3.19625e-05 0.000310686 0.00206462 0.0093855 0.029202 0.0622196 0.0908204 0.0908637 0.0624312 0.0299128 0.0114398 0.00722612 0.0115947 0.0215105 0.0356367 0.0516281 0.065543 0.0733633 0.0732161 0.0664312 0.0565115 0.0468966 0.0393016 0.0336082 0.0288502
 1.16738e-16 3.92506e-05 0.00038153 0.0025354 0.0115256 0.0358605 0.0764052 0.11152 0.11154 0.0765029 0.0361896 0.0124807 0.00494956 0.00570732 0.010318 0.0174265 0.0261128 0.0349728 0.042565 0.0481981 0.052183 0.0552463 0.0576363 0.0587469 0.0575526 0.0534045
 1.05452e-16 7.2131e-05 0.000701139 0.00465932 0.0211806 0.0659007 0.140409 0.204932 0.204937 0.140437 0.0659954 0.0214547 0.00534947 0.00221455 0.00296695 0.00484657 0.00711071 0.00924152 0.0107778 0.0115465 0.0117677 0.01188 0.0122152 0.0127797 0.0132826 0.0133426
pSPR Fmed_Fpbrs
0.658488   0.208239 0.208239
Fs Fmed_Fpbrs
0.222238   1.005 1.005
SSBpbr Bo_Bmed_Bpbrs
1.93645e+06  1.17831e+06  306423 306423
Ro
182859
SPR SPRFo_SPRFmed_SPRFpbrs
1.30208e+06 857401 271143
Fref
1.005
log_Ro
11.9365
likeval ReclasPelacesDesembMPH_pf_preclas_ppelaces_ptallas_desvR_qrecl_qpela
 14.0907 17.0283 0.0656553 0.00283254 229.028 121.285 82.2026 0 24.1929 1.27195e-06 0 0.334984 0 0 0
q_reclas_q_pelaces
0.852302 1
M
1
N
 204267 46341.4 157302 9289.3 0.296707
 115942 67916.2 15059.3 51117.6 3018.8
 115287 35488.9 19941.6 4421.74 15895.6
 192080 35453.5 10480 5888.87 5999.82
 153543 53764.4 9328.63 2757.54 3128.19
 261876 51471.9 17648.3 3062.14 1932
 108829 80212 15125.6 5186.14 1467.59
 49800.5 26711.8 17965.4 3387.74 1490.26
 46969.1 17171.3 9076.23 6104.34 1657.47
 62155.2 13419.4 4633.24 2448.99 2094.33
 115909 16421.1 3289.49 1135.74 1113.7
 152413 39381.2 5479.74 1097.71 750.644
 126874 39428.6 9407.71 1309.05 441.549
 89495.3 33578.9 9686.16 2311.13 430.058
 89813.8 19101.8 6336.52 1827.83 517.277
 481053 22856.7 4472.38 1483.6 549.069
 101116 130629 5794.67 1133.84 515.324
 731830 30540.9 37733.2 1673.84 476.375
 429368 220423 8791.8 10862.2 618.98
 344186 118739 57145 2279.29 2976.53
 487366 98522.2 32113 15454.9 1421.44
 653783 148033 28655.9 9340.31 4908.62
 136369 188442 40376.7 7816.02 3886.45
 404777 43428.8 58085.6 12445.7 3607.18
 342705 131252 13685.6 18304.4 5058.72
 153805 110948 41280.6 4304.33 7348.04
 344918 51025.3 35956.5 13378.4 3776.36
 387369 112049 16116.1 11356.7 5418.24
 109200 128571 36334.3 5225.97 5439.62
 82460.3 36246.9 41695.6 11783.2 3458.85
 378601 26093.2 11085.4 12751.8 4661.49
pred_Ctot
 12525.3 3451.97 11717.4 691.961 0.0221017
 12495.1 8826.51 1957.14 6643.34 392.328
 12132.3 4505.52 2531.71 561.365 2018.04
 29688.1 6557.62 1938.43 1089.23 1109.75
 8680.33 3695.15 641.144 189.522 214.996
 28127.9 6667.29 2286.02 396.647 250.257
 23657.2 20644.2 3892.89 1334.76 377.714
 1985.36 1297.95 872.956 164.614 72.4132
 6769.74 2966.88 1568.21 1054.72 286.38
 11375.2 2924.98 1009.89 533.798 456.494
 5637.04 972.072 194.727 67.2321 65.9274
 29422.2 9038.78 1257.71 251.946 172.288
 23111 8555.21 2041.29 284.037 95.8075
 24813.8 10905.8 3145.89 750.613 139.675
 18029.5 4553.1 1510.37 435.681 123.298
 81615 4628.93 905.744 300.457 111.197
 11625.3 18089.6 802.451 157.016 71.3626
 85234.8 4283.44 5292.18 234.76 66.8128
 68967.7 42327.3 1688.27 2085.85 118.861
 49274.3 20381.1 9808.75 391.232 510.911
 54557.2 13290.8 4332.11 2084.9 191.755
 91268.3 24791.8 4799.14 1564.27 822.07
 11715.8 19591.4 4197.77 812.593 404.056
 30655.3 3986.53 5331.94 1142.45 331.12
 26263.8 12190.1 1271.07 1700.04 469.834
 9628.51 8435.86 3138.75 327.277 558.704
 25758.1 4619.38 3255.19 1211.17 341.879
 24144.9 8482.99 1220.11 859.787 410.203
 6801.86 9727.31 2748.95 395.382 411.546
 7379.61 3923.22 4512.96 1275.37 374.372
 19460 1631.8 693.253 797.464 291.518
F
 0.101153 0.124038 0.124038 0.124038 0.124038
 0.183867 0.225465 0.225465 0.225465 0.225465
 0.179203 0.219746 0.219746 0.219746 0.219746
 0.273301 0.335133 0.335133 0.335133 0.335133
 0.0929461 0.113974 0.113974 0.113974 0.113974
 0.1832 0.224647 0.224647 0.224647 0.224647
 0.404674 0.496227 0.496227 0.496227 0.496227
 0.0647881 0.0794457 0.0794457 0.0794457 0.0794457
 0.252791 0.309982 0.309982 0.309982 0.309982
 0.331068 0.405969 0.405969 0.405969 0.405969
 0.0795171 0.097507 0.097507 0.097507 0.097507
 0.352101 0.43176 0.43176 0.43176 0.43176
 0.329293 0.403792 0.403792 0.403792 0.403792
 0.544404 0.667569 0.667569 0.667569 0.667569
 0.368494 0.451862 0.451862 0.451862 0.451862
 0.303617 0.372307 0.372307 0.372307 0.372307
 0.197205 0.24182 0.24182 0.24182 0.24182
 0.200001 0.245249 0.245249 0.245249 0.245249
 0.285389 0.349955 0.349955 0.349955 0.349955
 0.250901 0.307664 0.307664 0.307664 0.307664
 0.191579 0.234922 0.234922 0.234922 0.234922
 0.243985 0.299184 0.299184 0.299184 0.299184
 0.144241 0.176873 0.176873 0.176873 0.176873
 0.126221 0.154777 0.154777 0.154777 0.154777
 0.127809 0.156724 0.156724 0.156724 0.156724
 0.103364 0.126749 0.126749 0.126749 0.126749
 0.124369 0.152506 0.152506 0.152506 0.152506
 0.102896 0.126175 0.126175 0.126175 0.126175
 0.102823 0.126086 0.126086 0.126086 0.126086
 0.150643 0.184724 0.184724 0.184724 0.184724
 0.0842028 0.103253 0.103253 0.103253 0.103253
nmprior
 8 9 7.5 0
nm_flota  nm_reclas  nm_pelaces    nm_pelaL
inf 12.9152 16.0649 27.9932
cv_recla  cv_pelaces  cv_mph
0.339541 0.485568 1.64246
 ------------------------------------------------
Talla a la edad & desviación 
 8 13.2811 15.8009 17.003 17.5766
 0.8 1.32811 1.58009 1.7003 1.75766
