years
 1991 1992 1993 1994 1995 1996 1997 1998 1999 2000 2001 2002 2003 2004 2005 2006 2007 2008 2009 2010 2011 2012 2013 2014 2015 2016 2017 2018 2019 2020 2021
reclasobs
 0 0 0 0 0 0 0 0 0 252601 567819 844713 477998 351125 339783 2.1784e+06 2.13404e+06 4.81314e+06 1.55562e+06 2.62356e+06 3.21686e+06 3.843e+06 1.13348e+06 3.07943e+06 1.97215e+06 2.03268e+06 2.025e+06 2.42433e+06 2.27542e+06 1.05018e+06 2.36338e+06
reclaspred
 4.32145e+06 1.38571e+06 993864 534458 45876.4 2.00392e+06 624541 119770 728681 188121 236505 817860 476812 456070 286455 1.97756e+06 1.13324e+06 7.38635e+06 4.67548e+06 1.54195e+06 3.8492e+06 3.6813e+06 1.96205e+06 4.29781e+06 2.64481e+06 1.32394e+06 2.47413e+06 5.50551e+06 4.16884e+06 1.60255e+06 293810
pelacesobs
 0 0 0 0 0 0 0 0 0 0 0 0 0 0 0 552880 188675 0 991730 2.46772e+06 1.41603e+06 1.21717e+06 2.29649e+06 1.80582e+06 0 1.4828e+06 1.56532e+06 1.57751e+06 1.42118e+06 867257 0
pelacespred
 983112 313275 179661 64794.6 4048.48 412285 88774.6 20773 139171 24398.3 45086.2 137160 76654.2 79477.4 45585.7 340182 190188 1.64631e+06 998240 320448 786542 709217 381632 1.0045e+06 579453 278872 620841 1.35771e+06 864094 412812 54748.4
mphobs
 0 0 0 0 0 0 0 0 0 0 0 498337 0 5186 125008 0 168611 109162 213762 579715 649985 157893 87575 83554 0 0 0 0 0 0 0
mphpred
 923612 404150 87389.2 112538 24423.6 1163.13 191807 33931.9 7314.03 60529.7 7547.86 24717 72050.4 25913.1 19415 16437.5 226477 110283 865186 413381 158167 371921 401975 210670 453221 276807 117561 239173 765171 418463 101928
desembarqueobs
 494567 514787 250237 358949 120608 361735 552515 73892 212993 205616 52469 317467 293654 387597 252695 516296 358380 742168 942051 627588 828172 859565 418607 520667 417249 300574 407403 355545 319650 289779 219260
desembarquepred
 494504 514270 250127 358268 120417 361454 551575 73844.3 212776 205317 52440.3 317055 293132 386646 252214 515716 358154 741659 940399 625897 827363 858410 418237 520337 416817 300166 407036 355344 319415 289312 218769
Reclutas
 1570.36 961.578 226451 2908.36 1141.07 288234 1271.26 361.135 67589.7 1663.78 35968.5 159193 45528 76905.2 41315.4 379247 2958.71 1.00856e+06 147921 22580.7 418034 494456 3379.77 302573 132976 13070.2 218175 447353 7717.12 2841.26 2036.18
log_desv_Rt
 -2.8115 -3.30199 2.15972 -2.19522 -3.13084 2.40096 -3.0228 -4.28131 0.950649 -2.75371 0.319836 1.80731 0.55552 1.07977 0.45843 2.67538 -2.17805 3.65347 1.73387 -0.14571 2.77276 2.94065 -2.045 2.44952 1.62736 -0.69247 2.12249 2.84054 -1.21937 -2.21856 -2.55173
SSB
 2.23802e+06 979306 211755 272694 59181.4 2818.41 464772 82221.2 17722.8 146671 18289.4 59892.2 174587 62790.5 47045 39830 548780 267229 2.09645e+06 1.00167e+06 383257 901211 974034 510478 1.09821e+06 670738 284865 579546 1.8541e+06 1.01399e+06 246984
BT
 2.72858e+06 1.28929e+06 640329 396470 117013 1.27187e+06 694698 118698 510780 235626 149835 577417 430487 588472 355026 1.19098e+06 722420 4.46544e+06 3.18129e+06 1.39425e+06 2.54518e+06 2.39892e+06 1.24021e+06 2.81241e+06 1.73596e+06 926034 1.86687e+06 3.47497e+06 2.25385e+06 1.27435e+06 367527
Ftot
 0.231038 0.705529 0.701532 1.23332 3.11585 0.602521 1.53596 1.11809 0.931062 1.82359 0.687054 1.14562 1.36067 2.19468 2.24883 0.84 0.63411 0.325932 0.441283 0.794627 0.624352 0.611287 0.433227 0.353949 0.363268 0.469759 0.490924 0.198501 0.160552 0.3606 1.31352
BD_Bspro_t
 0.963864 0.710114 0.352047 0.424842 0.111909 0.00912368 0.471171 0.123134 0.0445786 0.283143 0.0694812 0.284538 0.340691 0.139518 0.103049 0.0936207 0.447307 0.283733 0.682326 0.474923 0.246722 0.427077 0.468166 0.352287 0.56191 0.502253 0.371314 0.568961 0.784232 0.66498 0.403446
BD_Bspro
 12.0317 5.26477 1.1384 1.46601 0.31816 0.0151518 2.49862 0.442023 0.0952781 0.788506 0.0983241 0.321982 0.938583 0.337563 0.252915 0.214127 2.95025 1.43663 11.2706 5.38501 2.0604 4.84493 5.23643 2.74434 5.904 3.6059 1.53144 3.11565 9.96769 5.45121 1.32779
BD_Bo
 1.27614 0.558409 0.120745 0.155493 0.0337458 0.00160708 0.265017 0.0468833 0.0101057 0.0836331 0.0104288 0.0341511 0.0995511 0.0358037 0.0268255 0.0227114 0.31292 0.152376 1.19542 0.571163 0.218537 0.513879 0.555403 0.291079 0.626209 0.382461 0.162432 0.330463 1.05723 0.578184 0.140833
BD_Brms
 5.95934 2.60767 0.563854 0.726122 0.157586 0.00750477 1.23758 0.218936 0.0471917 0.390551 0.0487004 0.159479 0.464885 0.167197 0.12527 0.106058 1.46128 0.711569 5.58237 2.66722 1.02053 2.39972 2.59363 1.35929 2.92428 1.78602 0.758529 1.5432 4.93705 2.70001 0.657662
Sel_flota
 0.591901 0.964983 0.998094 0.999899 0.999995
 0.591901 0.964983 0.998094 0.999899 0.999995
 0.591901 0.964983 0.998094 0.999899 0.999995
 0.591901 0.964983 0.998094 0.999899 0.999995
 0.591901 0.964983 0.998094 0.999899 0.999995
 0.591901 0.964983 0.998094 0.999899 0.999995
 0.591901 0.964983 0.998094 0.999899 0.999995
 0.591901 0.964983 0.998094 0.999899 0.999995
 0.591901 0.964983 0.998094 0.999899 0.999995
 0.591901 0.964983 0.998094 0.999899 0.999995
 0.591901 0.964983 0.998094 0.999899 0.999995
 0.591901 0.964983 0.998094 0.999899 0.999995
 0.591901 0.964983 0.998094 0.999899 0.999995
 0.591901 0.964983 0.998094 0.999899 0.999995
 0.591901 0.964983 0.998094 0.999899 0.999995
 0.591901 0.964983 0.998094 0.999899 0.999995
 0.591901 0.964983 0.998094 0.999899 0.999995
 0.591901 0.964983 0.998094 0.999899 0.999995
 0.591901 0.964983 0.998094 0.999899 0.999995
 0.591901 0.964983 0.998094 0.999899 0.999995
 0.591901 0.964983 0.998094 0.999899 0.999995
 0.591901 0.964983 0.998094 0.999899 0.999995
 0.591901 0.964983 0.998094 0.999899 0.999995
 0.591901 0.964983 0.998094 0.999899 0.999995
 0.591901 0.964983 0.998094 0.999899 0.999995
 0.591901 0.964983 0.998094 0.999899 0.999995
 0.591901 0.964983 0.998094 0.999899 0.999995
 0.591901 0.964983 0.998094 0.999899 0.999995
 0.591901 0.964983 0.998094 0.999899 0.999995
 0.591901 0.964983 0.998094 0.999899 0.999995
 0.591901 0.964983 0.998094 0.999899 0.999995
Sel_reclas
 1 1 1 1 1
 1 1 1 1 1
 1 1 1 1 1
 1 1 1 1 1
 1 1 1 1 1
 1 1 1 1 1
 1 1 1 1 1
 1 1 1 1 1
 1 1 1 1 1
 1 1 1 1 1
 1 1 1 1 1
 1 1 1 1 1
 1 1 1 1 1
 1 1 1 1 1
 1 1 1 1 1
 1 1 1 1 1
 1 1 1 1 1
 1 1 1 1 1
 1 1 1 1 1
 1 1 1 1 1
 1 1 1 1 1
 1 1 1 1 1
 1 1 1 1 1
 1 1 1 1 1
 1 1 1 1 1
 1 1 1 1 1
 1 1 1 1 1
 1 1 1 1 1
 1 1 1 1 1
 1 1 1 1 1
 1 1 1 1 1
Sel_pelaces
 1 1 1 1 1
 1 1 1 1 1
 1 1 1 1 1
 1 1 1 1 1
 1 1 1 1 1
 1 1 1 1 1
 1 1 1 1 1
 1 1 1 1 1
 1 1 1 1 1
 1 1 1 1 1
 1 1 1 1 1
 1 1 1 1 1
 1 1 1 1 1
 1 1 1 1 1
 1 1 1 1 1
 1 1 1 1 1
 1 1 1 1 1
 1 1 1 1 1
 1 1 1 1 1
 1 1 1 1 1
 1 1 1 1 1
 1 1 1 1 1
 1 1 1 1 1
 1 1 1 1 1
 1 1 1 1 1
 1 1 1 1 1
 1 1 1 1 1
 1 1 1 1 1
 1 1 1 1 1
 1 1 1 1 1
 1 1 1 1 1
pf_obs 
 0.8446 0.082 0.0669 0.0065 0
 0.8095 0.147 0.0364 0.0071 0
 0.9664 0.0169 0.016 0.0007 0
 0.9276 0.0648 0.0075 0.0001 0
 0.7033 0.2144 0.0806 0.0017 0
 0.9318 0.0425 0.0243 0.0014 0
 0.5671 0.3108 0.0964 0.0239 0.0018
 0.0768 0.2599 0.5324 0.112 0.0189
 0.490249 0.384438 0.106611 0.0170017 0.00170017
 0.7925 0.1577 0.0466 0.003 0.0002
 0.840416 0.127587 0.0312969 0.00059994 9.999e-05
 0.8084 0.0986 0.0794 0.0134 0.0002
 0.7335 0.1905 0.0724 0.0035 0.0001
 0.4001 0.4547 0.1325 0.0127 0
 0.49795 0.308269 0.164784 0.0264974 0.00249975
 0.9179 0.0499 0.0305 0.0017 0
 0.2467 0.6533 0.0926 0.0074 0
 0.9418 0.0223 0.034 0.0019 0
 0.707729 0.231977 0.0356964 0.0245975 0
 0.517169 0.277429 0.184464 0.0207286 0.00020938
 0.811772 0.124168 0.05621 0.00726502 0.000585176
 0.764997 0.148141 0.077277 0.00933861 0.000247198
 0.163321 0.427699 0.378323 0.0303852 0.000271297
 0.753843 0.0900009 0.118128 0.0371064 0.000921714
 0.721811 0.176058 0.0630433 0.0369309 0.00215725
 0.143369 0.312575 0.442814 0.0836902 0.0175525
 0.692698 0.0596174 0.167031 0.0765114 0.00414204
 0.394062 0.376323 0.152708 0.0712218 0.00568511
 0.125707 0.32114 0.495352 0.0537591 0.00404204
 0.23352 0.215282 0.420074 0.123614 0.00750983
 0 0 0 0 0
pf_pred 
 0.00715737 0.17176 0.736507 0.0845757 3.86648e-07
 0.0156306 0.0120952 0.173437 0.716699 0.0821381
 0.95221 0.00144748 0.000597848 0.00817734 0.0375678
 0.0357703 0.940327 0.000759935 0.000299345 0.0228437
 0.120845 0.0658779 0.794336 0.000604207 0.0183371
 0.999055 0.000344276 4.99435e-05 0.000538454 1.27578e-05
 0.0125294 0.986978 0.000184843 2.56273e-05 0.00028215
 0.0378269 0.0277735 0.933965 0.000163466 0.000271139
 0.982066 0.0014313 0.000503479 0.0159918 7.41784e-06
 0.0804874 0.911611 0.000663742 0.00022144 0.0070167
 0.954964 0.00817358 0.0365697 2.47006e-05 0.00026821
 0.92632 0.0719363 0.000328753 0.00140331 1.12102e-05
 0.518231 0.464294 0.0170856 7.36866e-05 0.000316059
 0.850634 0.105739 0.0421386 0.00145513 3.30745e-05
 0.798792 0.189822 0.00825918 0.00302054 0.000106179
 0.983553 0.0151279 0.00125068 4.98904e-05 1.87982e-05
 0.0226721 0.968993 0.00769671 0.000605119 3.31423e-05
 0.972549 0.0011201 0.0261167 0.000198241 1.63992e-05
 0.237424 0.750607 0.000506893 0.0113693 9.32433e-05
 0.115504 0.313114 0.56279 0.000364632 0.00822717
 0.917152 0.0169896 0.024061 0.0411704 0.000626772
 0.748246 0.240351 0.00242678 0.0032845 0.00569168
 0.0145122 0.832364 0.146492 0.00141411 0.00521742
 0.836857 0.004117 0.135163 0.0228325 0.00103122
 0.462184 0.484796 0.00139066 0.0438953 0.00773354
 0.115047 0.528817 0.322324 0.000888711 0.0329231
 0.881882 0.022347 0.0581946 0.0340161 0.00355983
 0.814465 0.172884 0.00247822 0.00618734 0.00398602
 0.0283132 0.854113 0.109833 0.00151878 0.00622247
 0.0315882 0.0443641 0.815678 0.101248 0.00712204
 0.0884962 0.0505942 0.040981 0.723952 0.0959762
pobs_RECLAS
 0 0 0 0 0
 0 0 0 0 0
 0 0 0 0 0
 0 0 0 0 0
 0 0 0 0 0
 0 0 0 0 0
 0 0 0 0 0
 0 0 0 0 0
 0 0 0 0 0
 0 0 0 0 0
 0.991045 0.00858322 0.000360255 1.14367e-05 0
 0.934742 0.0480273 0.0164251 0.00080598 0
 0.827803 0.169806 0.00239088 0 0
 0.941827 0.0461693 0.0120037 0 0
 0.791401 0.0380133 0.147996 0.0225897 0
 0.846168 0.0940531 0.0597789 0 0
 0.134021 0.677848 0.182769 0.00536245 0
 0.80878 0.0450904 0.141981 0.00414843 0
 0.846168 0.0940531 0.0597789 0 0
 0.905697 0.0802665 0.012482 0.00150086 5.37128e-05
 0.989698 0.0102097 9.19794e-05 0 0
 0.975433 0.0193895 0.00387452 0.00125025 5.28907e-05
 0.303575 0.632131 0.0575291 0.00676475 0
 0.966965 0.00978017 0.0227588 0.000495775 0
 0.843318 0.132988 0.00938335 0.0141283 0.000182051
 0.564624 0.303363 0.111486 0.0197234 0.00080311
 0.826376 0.0876187 0.0782897 0.00655872 0.00115652
 0.89761 0.0855135 0.0140674 0.00269457 0.000114338
 0.34875 0.467042 0.161289 0.0227151 0.000203297
 0.318654 0.224769 0.449479 0.00709798 0
 0.937255 0.0296025 0.0250945 0.00804832 0
ppred_RECLAS
 0.0120476 0.175873 0.728569 0.0835097 3.81737e-07
 0.0270334 0.0124186 0.171626 0.707811 0.081111
 0.972101 0.000877466 0.000349302 0.00476829 0.0219039
 0.0610139 0.916664 0.000711259 0.000279557 0.0213312
 0.238938 0.0603757 0.684423 0.000518863 0.0157443
 0.999448 0.000205715 2.87796e-05 0.000309676 7.33654e-06
 0.0222897 0.977244 0.000175248 2.42402e-05 0.000266846
 0.0661548 0.0280168 0.905408 0.000158129 0.000262257
 0.989813 0.000843729 0.000285618 0.0090533 4.19893e-06
 0.139276 0.853675 0.000593475 0.000197504 0.00625742
 0.97352 0.00495215 0.0213567 1.43967e-05 0.000156309
 0.956264 0.0427421 0.000187675 0.000799389 6.38509e-06
 0.655807 0.332202 0.0117243 5.04506e-05 0.000216369
 0.917439 0.0592971 0.0224723 0.000773904 1.7588e-05
 0.885116 0.108693 0.00449457 0.00163923 5.76145e-05
 0.990283 0.00896439 0.000713665 2.84108e-05 1.07038e-05
 0.0374634 0.95462 0.00731108 0.000573676 3.1417e-05
 0.983731 0.000686393 0.0154555 0.000117097 9.68569e-06
 0.340827 0.649199 0.000423152 0.00947304 7.76837e-05
 0.18474 0.295629 0.511833 0.00033095 0.00746642
 0.950296 0.0105013 0.0143405 0.0244899 0.000372792
 0.832969 0.159735 0.00155528 0.00210088 0.00364022
 0.0239756 0.828859 0.140804 0.00135662 0.00500481
 0.897693 0.00267208 0.0847071 0.0142824 0.000644994
 0.587806 0.372891 0.0010328 0.0325386 0.00573213
 0.17978 0.497163 0.292442 0.000804782 0.0298109
 0.927509 0.0141245 0.0354932 0.0207069 0.00216679
 0.878408 0.113574 0.00157303 0.00392012 0.00252519
 0.0457673 0.842213 0.104657 0.00144456 0.00591781
 0.052825 0.044875 0.796657 0.0987012 0.00694221
 0.15124 0.0490861 0.0381474 0.672396 0.0891307
pobs_PELACES
 0 0 0 0 0
 0 0 0 0 0
 0 0 0 0 0
 0 0 0 0 0
 0 0 0 0 0
 0 0 0 0 0
 0 0 0 0 0
 0 0 0 0 0
 0 0 0 0 0
 0 0 0 0 0
 0 0 0 0 0
 0 0 0 0 0
 0 0 0 0 0
 0 0 0 0 0
 0 0 0 0 0
 0 0 0 0 0
 0.505614 0.472636 0.0217494 0 0
 0 0 0 0 0
 0.443492 0.261883 0.143347 0.151278 0
 0.227955 0.32914 0.350689 0.0885471 0.00366901
 0.970185 0.0296113 0.000203453 0 0
 0.997202 0.00247181 0.000326279 0 0
 0.445219 0.490057 0.0546422 0.010081 0
 0.90214 0.0892962 0.00764917 0.000914606 0
 0 0 0 0 0
 0.581667 0.319106 0.0959925 0.00289975 0.000334073
 0.762889 0.0836404 0.116647 0.0363945 0.000428098
 0.88444 0.0763242 0.0277011 0.0115352 0
 0.521256 0.241999 0.230069 0.00667565 0
 0.616807 0.101726 0.260614 0.0208532 0
 0 0 0 0 0
ppred_PELACES
 0.0124164 0.176174 0.727978 0.0834305 3.81372e-07
 0.0296424 0.0124842 0.171208 0.705788 0.0808775
 0.974546 0.000806883 0.000318752 0.00434943 0.0199794
 0.0703372 0.907867 0.000695004 0.000272968 0.0208276
 0.322228 0.0554802 0.607876 0.000459978 0.0139561
 0.99949 0.000191015 2.65477e-05 0.000285558 6.76503e-06
 0.0268055 0.972738 0.000171537 2.37052e-05 0.000260944
 0.076012 0.0280515 0.895521 0.000156298 0.000259211
 0.990994 0.000753248 0.000252408 0.00799618 3.70853e-06
 0.168453 0.824877 0.000562141 0.000186873 0.00592027
 0.975761 0.00456096 0.0195225 1.31549e-05 0.000142823
 0.961809 0.0373346 0.000161892 0.000689097 5.50394e-06
 0.692685 0.296762 0.0103189 4.43673e-05 0.000190271
 0.936134 0.0461792 0.0170862 0.000587649 1.33542e-05
 0.910519 0.0847708 0.00342029 0.00124575 4.37818e-05
 0.991235 0.00809141 0.000638281 2.53971e-05 9.5681e-06
 0.0403847 0.951777 0.00723897 0.000567804 3.10948e-05
 0.984414 0.000659852 0.014805 0.000112147 9.27618e-06
 0.353154 0.637108 0.000413274 0.00924945 7.58491e-05
 0.200817 0.291406 0.50016 0.00032325 0.00729251
 0.954048 0.00976272 0.0132413 0.0226043 0.000344082
 0.843219 0.149978 0.00145056 0.0019587 0.0033938
 0.0252735 0.828348 0.140053 0.00134903 0.00497675
 0.901963 0.00257031 0.0811663 0.0136825 0.000617896
 0.598694 0.363186 0.00100194 0.0315594 0.00555956
 0.188777 0.492708 0.288337 0.000793266 0.0293839
 0.93175 0.0133569 0.0333847 0.0194711 0.00203744
 0.88101 0.11116 0.00153626 0.00382804 0.00246586
 0.0466475 0.84161 0.104399 0.00144086 0.00590261
 0.0552879 0.0449276 0.794456 0.0984074 0.00692147
 0.175235 0.0483817 0.0370642 0.652791 0.0865283
pobs_pel_tallas
 0 0 0 0 0 0 0 0 0 0 0 0 0 0 0 0 0 0 0 0 0 0 0 0 0 0
 0 0 0 0 0 0 0 0 0 0 0 0 0 0 0 0 0 0 0 0 0 0 0 0 0 0
 0 0 0 0 0 0 0 0 0 0 0 0 0 0 0 0 0 0 0 0 0 0 0 0 0 0
 0 0 0 0 0 0 0 0 0 0 0 0 0 0 0 0 0 0 0 0 0 0 0 0 0 0
 0 0 0 0 0 0 0 0 0 0 0 0 0 0 0 0 0 0 0 0 0 0 0 0 0 0
 0 0 0 0 0 0 0 0 0 0 0 0 0 0 0 0 0 0 0 0 0 0 0 0 0 0
 0 0 0 0 0 0 0 0 0 0 0 0 0 0 0 0 0 0 0 0 0 0 0 0 0 0
 0 0 0 0 0 0 0 0 0 0 0 0 0 0 0 0 0 0 0 0 0 0 0 0 0 0
 0 0 0 0 0 0 0 0 0 0 0 0 0 0 0 0 0 0 0 0 0 0 0 0 0 0
 0 0 0 0 0 0 0 0 0 0 0 0 0 0 0 0 0 0 0 0 0 0 0 0 0 0
 0 0 0 0 0 0 0 0 0 0 0 0 0 0 0 0 0 0 0 0 0 0 0 0 0 0
 0 0 0 0 0 0 0 0 0 0 0 0 0 0 0 0 0 0 0 0 0 0 0 0 0 0
 0.00862536 0 0 0.000197151 0.00414017 0.0128641 0.00837892 0.0270097 0.101434 0.158115 0.152841 0.127902 0.109271 0.109419 0.0830992 0.0579132 0.0238553 0.00714673 0.00463305 0.00128148 0.00103504 0.000492878 0.000147863 0.000147863 4.92878e-05 0
 0 0 0 0 0 0 0 0 0 0 0 0 0 0 0 0 0 0 0 0 0 0 0 0 0 0
 0 0 0 0 0 0 0 0.0054083 0.00873648 0.0413646 0.0450493 0.0745869 0.0622846 0.0627006 0.0613931 0.0827291 0.12552 0.122667 0.0946155 0.0697135 0.0546179 0.0294188 0.0215738 0.0213955 0.0102223 0.00600262
 0 0 0 0 0.00359764 0.0251062 0.0480494 0.140153 0.205849 0.193036 0.1447 0.116669 0.0760912 0.0342217 0.00950174 0.001854 0.000860785 0 0 0 0.000165536 0 0.000143464 0 0 0
 0 0 0 0 0 0 0 0.000145254 0.000435761 0.0275982 0.070085 0.0708112 0.156366 0.174668 0.174014 0.160142 0.0824315 0.0480064 0.0283245 0.00493863 0.00203355 0 0 0 0 0
 0 0 0 0 0 0 0 0 0 0 0 0 0 0 0 0 0 0 0 0 0 0 0 0 0 0
 0 0 1.00437e-05 0.000401748 0.00122533 0.00171747 0.00176769 0.0269171 0.070346 0.194647 0.189555 0.159765 0.064822 0.0314167 0.0384472 0.0292271 0.0345202 0.0313363 0.0194345 0.0106764 0.0143323 0.0359363 0.0279516 0.0138201 0.00172751 0
 0 0.0021121 0.0136068 0.0755702 0.200478 0.177729 0.0527432 0.0373336 0.0318909 0.0142505 0.0149659 0.0166563 0.0217959 0.0798694 0.0677717 0.0528807 0.04013 0.0224614 0.0357745 0.0225083 0.00881397 0.00855152 0.00135912 0.000746735 0 0
 0 0 0 0 5.4009e-05 0.00500934 0.000945158 0.0243581 0.138947 0.33067 0.221406 0.137944 0.0707744 0.0437923 0.0131692 0.00525238 0.0047753 0.00276346 9.45158e-05 9.00151e-06 2.25038e-05 9.00151e-06 4.50075e-06 0 0 0
 0.000866109 0.00284123 0.00948549 0.0512746 0.133035 0.25785 0.225252 0.132002 0.0553304 0.0519788 0.0540692 0.017754 0.00435017 0.00159236 0.00146478 0.000404838 0.000125132 0.000115318 0.000107957 0.000100596 0 0 0 0 0 0
 0 0 0 0 0.00144013 0.00171154 0.00461396 0.0210425 0.0478622 0.0707936 0.0888783 0.103762 0.0637923 0.0337046 0.0602308 0.124433 0.169614 0.0934646 0.0462172 0.0250306 0.0313229 0.00938855 0.002487 0.000210481 0 0
 0 0.00764035 0.051015 0.0998891 0.058973 0.0496711 0.0374665 0.0718981 0.12319 0.153886 0.159021 0.0857701 0.0377988 0.023471 0.0147837 0.00900784 0.00315554 0.000888139 0.00291439 0.00214683 0.00393193 0.00274676 0.000635225 9.99891e-05 0 0
 0 0 0 0 0 0 0 0 0 0 0 0 0 0 0 0 0 0 0 0 0 0 0 0 0 0
 0 0 0 0 0 0 0 0 0 0 0 0 0 0 0 0 0 0 0 0 0 0 0 0 0 0
 0 0 0 0 0 0 0 0 0 0 0 0 0 0 0 0 0 0 0 0 0 0 0 0 0 0
 0 0 0 0 0 0 0 0 0 0 0 0 0 0 0 0 0 0 0 0 0 0 0 0 0 0
 0 0 0 0 0 0 0 0 0 0 0 0 0 0 0 0 0 0 0 0 0 0 0 0 0 0
 0 0 0 0 0 0 0 0 0 0 0 0 0 0 0 0 0 0 0 0 0 0 0 0 0 0
 0 0 0 0 0 0 0 0 0 0 0 0 0 0 0 0 0 0 0 0 0 0 0 0 0 0
ppred_pel_tallas
 1.2942e-16 1.02276e-06 9.94165e-06 6.60666e-05 0.00030034 0.000934566 0.00199186 0.00291095 0.00292904 0.00208078 0.00123638 0.00118627 0.00234346 0.00515872 0.0102985 0.0183768 0.0296221 0.0438118 0.060492 0.0791205 0.0987324 0.117285 0.131459 0.137567 0.133251 0.118835
 1.89412e-16 2.44161e-06 2.37333e-05 0.000157716 0.000716956 0.00223072 0.00475285 0.00693729 0.00693902 0.00476158 0.00226171 0.000814061 0.000431217 0.000723306 0.00164604 0.00358618 0.00732677 0.0140754 0.025414 0.0429776 0.0677652 0.0992268 0.134546 0.168655 0.195273 0.208755
 1.03827e-16 8.0272e-05 0.000780273 0.00518519 0.0235711 0.0733385 0.156255 0.228059 0.228059 0.156256 0.0733399 0.0235753 0.005196 0.000805295 0.00013237 0.000105103 0.000178773 0.000309117 0.000525673 0.00087933 0.00142899 0.00221748 0.00323849 0.00440944 0.00556838 0.00650553
 1.03805e-16 5.79377e-06 5.63176e-05 0.000374255 0.00170136 0.00529403 0.0112827 0.0164858 0.0165731 0.0117092 0.00672539 0.00583295 0.0107352 0.0226415 0.0428026 0.0705002 0.10097 0.125743 0.136212 0.128445 0.105634 0.0761285 0.0486784 0.0285106 0.0164488 0.0105081
 1.19965e-16 2.65415e-05 0.000257993 0.00171445 0.00779366 0.024249 0.0516653 0.0754083 0.0754146 0.0516964 0.0243561 0.00811477 0.00256488 0.002261 0.00425866 0.00811089 0.0142618 0.0232848 0.0355665 0.0509409 0.0682068 0.0848398 0.0973612 0.102496 0.0986091 0.0865406
 1.00031e-16 8.23267e-05 0.000800245 0.00531791 0.0241744 0.0752156 0.160255 0.233897 0.233897 0.160255 0.0752159 0.0241753 0.00532012 0.000805105 9.16297e-05 2.13721e-05 2.32603e-05 3.01493e-05 3.58217e-05 3.98107e-05 4.31914e-05 4.76111e-05 5.40074e-05 6.1744e-05 6.87571e-05 7.25484e-05
 1.00301e-16 2.20814e-06 2.1464e-05 0.00014264 0.000648479 0.00201816 0.00430336 0.00630049 0.00639402 0.00476027 0.00355167 0.00507487 0.0112425 0.024216 0.0458445 0.0755048 0.108105 0.134552 0.145583 0.136935 0.111974 0.0796083 0.0492191 0.0264791 0.0124169 0.00510171
 1.2591e-16 6.26101e-06 6.08593e-05 0.000404431 0.00183849 0.00572024 0.0121877 0.0177892 0.0177933 0.0122083 0.00579329 0.00206694 0.00104357 0.00167289 0.00370084 0.00775248 0.0149775 0.0267265 0.0440472 0.0668832 0.0932277 0.118833 0.138058 0.145831 0.139821 0.121556
 1.00811e-16 8.16269e-05 0.000793443 0.0052727 0.0239689 0.0745763 0.158893 0.231909 0.231909 0.158893 0.0745776 0.0239726 0.00528213 0.000814708 0.000124165 8.21659e-05 0.000126028 0.000194493 0.000290711 0.000428076 0.000621713 0.000877797 0.0011815 0.00149165 0.00174807 0.00189069
 1.01248e-16 1.38755e-05 0.000134874 0.000896292 0.00407446 0.0126776 0.0270139 0.0394442 0.0395235 0.0274013 0.013978 0.00782816 0.0103094 0.0206532 0.038892 0.0640389 0.0916973 0.114153 0.123561 0.116321 0.095299 0.0680583 0.042551 0.0235664 0.0119375 0.00597617
 1.00591e-16 8.03721e-05 0.000781245 0.00519165 0.0236005 0.0734299 0.15645 0.228344 0.228344 0.156452 0.0734377 0.0236234 0.00525066 0.000914646 0.000347112 0.000481394 0.000766173 0.00113001 0.00155353 0.00201829 0.00249455 0.00292612 0.00322811 0.00331251 0.00313171 0.00270993
 1.00085e-16 7.92229e-05 0.000770075 0.00511742 0.0232631 0.07238 0.154213 0.22508 0.225083 0.154231 0.0724389 0.023433 0.00554356 0.00169904 0.00183965 0.00290588 0.00415482 0.0051754 0.0056088 0.00529266 0.00435689 0.00314266 0.00200724 0.00116368 0.00064588 0.000374973
 1.00411e-16 5.70556e-05 0.000554601 0.00368552 0.0167538 0.0521276 0.111064 0.162108 0.162136 0.111204 0.0525958 0.0181054 0.00707551 0.00794635 0.0140699 0.023103 0.0331173 0.0413121 0.0448734 0.0425019 0.0352005 0.0256354 0.0166008 0.00976684 0.00541924 0.0029859
 1.00567e-16 7.71081e-05 0.000749518 0.00498081 0.022642 0.0704478 0.150097 0.219072 0.219076 0.150119 0.0705212 0.0228541 0.0055139 0.00191572 0.00229911 0.00369739 0.00536138 0.00682945 0.00768337 0.00772306 0.00706911 0.00605854 0.0050225 0.00412724 0.00337219 0.00269162
 1.00253e-16 7.49983e-05 0.00072901 0.00484453 0.0220225 0.0685203 0.14599 0.213078 0.213087 0.14603 0.0686541 0.0224087 0.00581317 0.00284131 0.00408002 0.00660901 0.00947243 0.0118258 0.0128648 0.0122206 0.0101806 0.00750416 0.00498313 0.00308504 0.00188106 0.00119961
 1.00025e-16 8.16467e-05 0.000793635 0.00527399 0.0239748 0.0745944 0.158931 0.231965 0.231966 0.158935 0.0746072 0.0240117 0.00536655 0.000995548 0.000464682 0.000637825 0.000908093 0.0011358 0.00123995 0.00118497 0.000997394 0.000748137 0.000510971 0.000329195 0.000209452 0.000136557
 1.00515e-16 3.32663e-06 3.23361e-05 0.000214889 0.000976912 0.00304003 0.00648048 0.00947764 0.00956917 0.0069276 0.00454072 0.00530873 0.0110781 0.0237129 0.0448769 0.0739227 0.105871 0.131837 0.142768 0.134495 0.110295 0.0788472 0.0492836 0.0271108 0.0133141 0.00601455
 1.00441e-16 8.10849e-05 0.000788174 0.00523769 0.0238098 0.0740811 0.157838 0.230369 0.230369 0.157838 0.0740826 0.0238145 0.00525051 0.000819734 0.000151496 0.00014931 0.000270224 0.000470167 0.000759906 0.00113765 0.00157107 0.00199177 0.0023081 0.00243673 0.00233847 0.00203734
 1.01116e-16 2.90889e-05 0.000282755 0.00187901 0.00854173 0.0265768 0.056627 0.0826616 0.0827229 0.0569263 0.0275813 0.0114411 0.00914996 0.0161322 0.0300622 0.0494755 0.0708535 0.0882306 0.0955559 0.090057 0.0739526 0.0530759 0.0335459 0.0190256 0.0101189 0.00549449
 1.15775e-16 1.65411e-05 0.000160786 0.00106848 0.00485716 0.0151126 0.0322 0.0470029 0.0470317 0.0323411 0.0155881 0.0062396 0.00457227 0.0079207 0.0150783 0.0257432 0.0390324 0.0531203 0.0659777 0.0763816 0.0841832 0.0895484 0.0919858 0.0902476 0.0832762 0.0713132
 1.0271e-16 7.85836e-05 0.000763861 0.00507612 0.0230753 0.0717959 0.152969 0.223263 0.223264 0.152974 0.0718119 0.0231219 0.00519436 0.00102668 0.000591918 0.000892485 0.00137102 0.00192757 0.00252652 0.00317441 0.00391181 0.00476367 0.00567902 0.00651171 0.0070646 0.00717199
 1.00852e-16 6.94549e-05 0.000675126 0.00448645 0.0203948 0.0634558 0.1352 0.197331 0.197345 0.13527 0.0636923 0.0210775 0.00619871 0.00440805 0.00714444 0.0116635 0.016707 0.0208264 0.0226006 0.0213842 0.0177043 0.0129335 0.00850364 0.00525997 0.0033209 0.00234718
 1.05231e-16 2.08192e-06 2.02371e-05 0.000134486 0.000611404 0.00190273 0.00405692 0.00593794 0.0060178 0.00444717 0.00321315 0.00439661 0.00963693 0.0207674 0.0394137 0.0651768 0.0939327 0.118197 0.130297 0.126627 0.109739 0.0865233 0.0640419 0.0462855 0.0337212 0.0249007
 1.0382e-16 7.42935e-05 0.000722159 0.004799 0.0218156 0.0678763 0.144618 0.211074 0.211074 0.14462 0.0678831 0.0218368 0.00485855 0.000872944 0.000421644 0.000738777 0.00142886 0.00257381 0.00429029 0.00660313 0.0093544 0.0121614 0.0144782 0.015768 0.0157127 0.0143447
 1.04228e-16 4.93137e-05 0.000479346 0.00318543 0.0144805 0.0450544 0.0959945 0.140114 0.140149 0.0961652 0.0456273 0.0161342 0.00733328 0.00952357 0.0171955 0.0282718 0.0405453 0.050631 0.0551369 0.0525508 0.0441924 0.0333949 0.0235743 0.0166521 0.0127367 0.010828
 1.13499e-16 1.55494e-05 0.000151146 0.00100442 0.00456599 0.0142067 0.0302707 0.044191 0.0442388 0.0305046 0.0149929 0.00684096 0.00673103 0.0127055 0.024014 0.0400792 0.058671 0.0757243 0.0870201 0.0904888 0.0872317 0.0803645 0.0727335 0.0654327 0.0580292 0.0497915
 1.03265e-16 7.6747e-05 0.000746008 0.00495749 0.022536 0.0701179 0.149394 0.218045 0.218046 0.1494 0.0701402 0.0226011 0.00512372 0.00111819 0.000811157 0.00129249 0.00202741 0.00291786 0.00392069 0.0050254 0.00623672 0.00751408 0.00871616 0.00961211 0.00996822 0.00965552
 1.00875e-16 7.25676e-05 0.000705383 0.00468752 0.0213088 0.0662996 0.141259 0.206173 0.206184 0.141311 0.0664749 0.0218149 0.00595699 0.00347328 0.00531948 0.00865388 0.0124004 0.0154724 0.0168204 0.0159709 0.0133173 0.00987453 0.00669495 0.00438928 0.0030265 0.00233888
 1.04372e-16 3.84247e-06 3.73503e-05 0.00024821 0.00112837 0.00351123 0.00748404 0.0109402 0.0110213 0.00788022 0.00484141 0.00496994 0.00988934 0.0210782 0.0399466 0.0659858 0.0949378 0.119129 0.130711 0.126019 0.107736 0.0830567 0.0594049 0.041054 0.0285723 0.0204132
 1.33978e-16 4.55401e-06 4.42666e-05 0.000294167 0.00133724 0.00416069 0.00886499 0.0129399 0.0129454 0.00889286 0.00425788 0.00163396 0.00109937 0.00200192 0.00430822 0.0086432 0.0160112 0.0275607 0.0442246 0.0660881 0.0916179 0.117248 0.137917 0.148679 0.146703 0.132521
 1.81191e-16 1.44339e-05 0.000140303 0.000932362 0.00423838 0.0131872 0.0280969 0.0410093 0.0410143 0.0281213 0.0132701 0.00448235 0.00156307 0.00158168 0.00295494 0.00543712 0.00930138 0.0151039 0.023798 0.0367521 0.0553321 0.0799982 0.109301 0.139441 0.16489 0.180039
pSPR Fmed_Fpbrs
0.368382   0.264141 0.264141
Fs Fmed_Fpbrs
0.703463   1.005 1.005
SSBpbr Bo_Bmed_Bpbrs
1.75374e+06  558360  375549 375549
Ro
26122.8
SPR SPRFo_SPRFmed_SPRFpbrs
186011 68523.1 49133.3
Fref
1.005
log_Ro
9.99056
likeval ReclasPelacesDesembMPH_pf_preclas_ppelaces_ptallas_desvR_qrecl_qpela
 52.003 72.6316 0.289373 0.00115722 415.733 173.768 120.346 0 233.724 2.86779e-05 0 0.0161598 0 0 0
q_reclas_q_pelaces
2.13582 1
M
1
N
 1570.36 23934.1 99529 11410.5 0.0521601
 961.578 503.866 7045.26 29074.2 3331.85
 226451 232.985 93.8301 1281.68 5887.78
 2908.36 54997.8 43.5542 17.1379 1307.76
 1141.07 515.605 6154.35 4.67878 141.993
 288234 66.3839 9.38022 100.989 2.39259
 1271.26 74227.8 13.654 1.89124 20.821
 361.135 188.412 6202.58 1.08437 1.79852
 67589.7 68.5424 23.5633 747.519 0.346716
 1663.78 14330.1 10.2676 3.42261 108.446
 35968.5 207.985 907.217 0.61194 6.64425
 159193 8810.77 39.4278 168.113 1.34287
 45528 29726 1073.01 4.62294 19.8278
 76905.2 7485.34 2941.74 101.509 2.30718
 41315.4 7717.89 331.25 121.057 4.25527
 379247 4015.46 324.152 12.9142 4.86562
 2958.71 84859 656.762 51.5635 2.82392
 1.00856e+06 747.832 16930 128.306 10.613
 147921 305932 200.87 4498.64 36.8919
 22580.7 41908.3 73518.1 47.5708 1073.26
 418034 5190.12 7161.23 12236.4 186.272
 494456 106273 1045.26 1412.72 2447.91
 3379.77 126677 21674.3 208.91 770.721
 302573 962.116 30679.1 5174.42 233.682
 132976 90271.4 251.535 7927.25 1396.52
 13070.2 39454.6 23389.2 64.393 2385.31
 218175 3641.1 9224.29 5383.89 563.388
 447353 60022.5 834.063 2078.93 1339.18
 7717.12 146329 18231.8 251.687 1031.07
 2841.26 2581.6 46105.1 5714.02 401.906
 2036.18 844.348 670.613 11834.4 1568.83
pred_Ctot
 128.3 3078.9 13202.3 1516.07 0.00693089
 214.632 166.086 2381.56 9841.39 1127.88
 50305.3 76.4702 31.5843 432.009 1984.71
 1009.66 26541.9 21.4501 8.44936 644.791
 696.847 379.881 4580.49 3.48412 105.74
 56258 19.3866 2.81238 30.321 0.718407
 515.655 40619.7 7.60734 1.05471 11.6121
 116.523 85.554 2877.01 0.503545 0.835221
 18922.9 27.5789 9.70124 308.137 0.14293
 755.689 8559.03 6.23181 2.07908 65.8792
 7851.29 67.1995 300.66 0.203077 2.20511
 52315.9 4062.75 18.567 79.2549 0.633118
 16970.8 15204.5 559.512 2.41306 10.3502
 39093.2 4859.52 1936.6 66.8743 1.52003
 21298.9 5061.39 220.222 80.5391 2.83114
 97761.8 1503.66 124.313 4.95893 1.86848
 603.352 25787 204.826 16.1035 0.881987
 113630 130.869 3051.4 23.1619 1.91603
 21955.4 69411.4 46.8742 1051.36 8.62255
 5563 15080.4 27105.5 17.5617 396.243
 84124.3 1558.34 2206.96 3776.29 57.4897
 97714.9 31387.9 316.918 428.93 743.288
 493.425 28301 4980.85 48.0807 177.396
 36773.7 180.912 5939.4 1003.32 45.3145
 16550.2 17359.9 49.7975 1571.83 276.928
 2051.38 9429.28 5747.32 15.8465 587.048
 35608.6 902.326 2349.78 1373.5 143.739
 31649.6 6718.14 96.3022 240.436 154.894
 445.68 13444.7 1728.89 23.9073 97.9483
 351.25 493.312 9070.04 1125.84 79.1945
 740.057 423.099 342.708 6054.12 802.609
F
 0.136752 0.222948 0.230598 0.231015 0.231037
 0.417603 0.680824 0.704184 0.705458 0.705526
 0.415237 0.676966 0.700194 0.701461 0.701528
 0.730003 1.19013 1.23097 1.2332 1.23331
 1.84427 3.00674 3.10991 3.11553 3.11583
 0.356632 0.581422 0.601372 0.60246 0.602518
 0.909135 1.48217 1.53303 1.5358 1.53595
 0.661799 1.07894 1.11596 1.11798 1.11809
 0.551096 0.898458 0.929287 0.930968 0.931057
 1.07938 1.75973 1.82011 1.82341 1.82358
 0.406668 0.662995 0.685744 0.686985 0.68705
 0.678095 1.10551 1.14344 1.14551 1.14562
 0.80538 1.31302 1.35807 1.36053 1.36066
 1.29903 2.11783 2.1905 2.19446 2.19467
 1.33109 2.17008 2.24455 2.24861 2.24882
 0.497196 0.810585 0.838398 0.839915 0.839995
 0.37533 0.611905 0.632901 0.634046 0.634106
 0.192919 0.314519 0.325311 0.325899 0.32593
 0.261196 0.425831 0.440442 0.441239 0.441281
 0.47034 0.766802 0.793113 0.794548 0.794623
 0.369554 0.602489 0.623162 0.624289 0.624349
 0.361821 0.589881 0.610121 0.611225 0.611283
 0.256427 0.418057 0.432401 0.433184 0.433225
 0.209503 0.341555 0.353275 0.353914 0.353947
 0.215018 0.350547 0.362575 0.363231 0.363266
 0.27805 0.453309 0.468863 0.469712 0.469756
 0.290578 0.473733 0.489988 0.490875 0.490921
 0.117493 0.19155 0.198123 0.198481 0.1985
 0.0950311 0.15493 0.160246 0.160536 0.160552
 0.213439 0.347973 0.359913 0.360564 0.360598
 0.77747 1.26752 1.31101 1.31338 1.31351
nmprior
 8 9 7.5 0
nm_flota  nm_reclas  nm_pelaces    nm_pelaL
inf 5.37889 3.93649 5.17764
cv_recla  cv_pelaces  cv_mph
0.652287 1.00283 1.04981
 ------------------------------------------------
Talla a la edad & desviación 
 8 13.2811 15.8009 17.003 17.5766
 0.8 1.32811 1.58009 1.7003 1.75766
