years
 1991 1992 1993 1994 1995 1996 1997 1998 1999 2000 2001 2002 2003 2004 2005 2006 2007 2008 2009 2010 2011 2012 2013 2014 2015 2016 2017 2018 2019 2020 2021
reclasobs
 0 0 0 0 0 0 0 0 0 252601 567819 844713 477998 351125 339783 2.1784e+06 2.13404e+06 4.81314e+06 1.55562e+06 2.62356e+06 3.21686e+06 3.843e+06 1.13348e+06 3.07943e+06 1.97215e+06 2.03268e+06 2.025e+06 2.42433e+06 2.27542e+06 1.05018e+06 2.36338e+06
reclaspred
 3.41564e+06 1.9382e+06 984190 1.00834e+06 1.02166e+06 1.56388e+06 1.03774e+06 929281 675218 492793 521311 649286 641769 515993 525741 1.25606e+06 1.2432e+06 2.67907e+06 2.23356e+06 1.71078e+06 3.01725e+06 2.44042e+06 1.96422e+06 3.00604e+06 2.26791e+06 2.01359e+06 2.36366e+06 2.48461e+06 2.05057e+06 1.31783e+06 2.06884e+06
pelacesobs
 0 0 0 0 0 0 0 0 0 0 0 0 0 0 0 552880 188675 0 991730 2.46772e+06 1.41603e+06 1.21717e+06 2.29649e+06 1.80582e+06 0 1.4828e+06 1.56532e+06 1.57751e+06 1.42118e+06 867257 0
pelacespred
 2.09171e+06 1.32941e+06 681538 552507 577895 899564 587683 618217 445712 309506 328643 343206 371086 317029 326680 635965 652429 1.55414e+06 1.37846e+06 988402 1.64437e+06 1.47727e+06 1.1934e+06 1.93446e+06 1.4486e+06 1.27843e+06 1.67055e+06 1.735e+06 1.21857e+06 890259 1.25239e+06
mphobs
 0 0 0 0 0 0 0 0 0 0 0 498337 0 5186 125008 0 168611 109162 213762 579715 649985 157893 87575 83554 0 0 0 0 0 0 0
mphpred
 3.99697e+06 2.68117e+06 1.359e+06 740519 846625 958174 1.24506e+06 827376 722283 505211 333623 473561 505785 435587 310635 388771 1.12308e+06 1.09574e+06 2.05401e+06 1.58679e+06 1.74484e+06 2.13351e+06 2.01958e+06 1.68472e+06 2.32634e+06 1.92364e+06 1.5922e+06 1.68237e+06 2.31521e+06 1.58912e+06 897422
desembarqueobs
 494567 514787 250237 358949 120608 361735 552515 73892 212993 205616 52469 317467 293654 387597 252695 516296 358380 742168 942051 627588 828172 859565 418607 520667 417249 300574 407403 355545 319650 289779 219260
desembarquepred
 494574 513283 251024 358972 120612 361750 552573 73895.6 213038 205659 52471.3 317537 293711 387656 252699 516281 358408 742099 941927 627501 828248 859609 418621 520692 417254 300579 407408 355537 319649 289791 219262
Reclutas
 221926 127524 126006 234133 187092 304031 128329 60573.4 54612.1 70372.9 127844 164608 138125 97852.4 99753.9 505599 115916 769321 459237 363226 521901 699733 151327 443231 373836 169808 373555 415648 122979 95018 447769
log_desv_Rt
 0.0854082 -0.468633 -0.480606 0.138953 -0.0853334 0.400193 -0.462341 -1.21308 -1.31668 -1.06313 -0.466127 -0.213368 -0.388777 -0.733474 -0.714229 0.90881 -0.564069 1.32857 0.812631 0.578089 0.940543 1.23376 -0.297489 0.777157 0.606881 -0.182266 0.606131 0.712905 -0.504918 -0.762868 0.787344
SSB
 3.99697e+06 2.68117e+06 1.359e+06 740519 846625 958174 1.24506e+06 827376 722283 505211 333623 473561 505785 435587 310635 388771 1.12308e+06 1.09574e+06 2.05401e+06 1.58679e+06 1.74484e+06 2.13351e+06 2.01958e+06 1.68472e+06 2.32634e+06 1.92364e+06 1.5922e+06 1.68237e+06 2.31521e+06 1.58912e+06 897422
BT
 5.30349e+06 3.61426e+06 1.84459e+06 1.63331e+06 1.47559e+06 2.4948e+06 1.88749e+06 1.54364e+06 1.27341e+06 939647 843975 1.09979e+06 1.16585e+06 1.1754e+06 1.05531e+06 1.99764e+06 1.83904e+06 4.48602e+06 4.23464e+06 2.92708e+06 4.675e+06 4.3627e+06 3.20232e+06 5.21179e+06 3.83796e+06 3.31707e+06 4.48668e+06 4.58722e+06 3.13581e+06 2.37945e+06 3.26166e+06
Ftot
 0.10621 0.191793 0.185979 0.270883 0.0895425 0.178819 0.384657 0.0600219 0.23588 0.309501 0.0795074 0.368744 0.344391 0.558265 0.373094 0.328421 0.21369 0.219422 0.316145 0.276603 0.210372 0.267965 0.157683 0.13599 0.138634 0.111975 0.134625 0.112694 0.113855 0.162141 0.0852192
BD_Bspro_t
 0.98315 0.874797 0.740024 0.661077 0.66051 0.726431 0.716306 0.578851 0.630665 0.593739 0.561727 0.724254 0.613925 0.529983 0.431636 0.487772 0.632654 0.61455 0.694326 0.606774 0.584579 0.629458 0.643589 0.639632 0.736056 0.744069 0.751805 0.783707 0.822486 0.76365 0.7186
BD_Bspro
 2.75483 1.84795 0.936667 0.510388 0.58352 0.660403 0.858131 0.570252 0.497819 0.348207 0.229943 0.326392 0.348603 0.30022 0.214099 0.267953 0.77406 0.755215 1.41569 1.09366 1.2026 1.47048 1.39196 1.16116 1.60338 1.32583 1.09739 1.15954 1.59572 1.09527 0.618531
BD_Bo
 1.89625 1.27201 0.644742 0.351319 0.401658 0.454579 0.590683 0.392526 0.342667 0.239683 0.158278 0.224668 0.239956 0.206652 0.147372 0.184442 0.532813 0.519842 0.974468 0.752807 0.827791 1.01218 0.958134 0.79927 1.10367 0.912617 0.755376 0.798154 1.09839 0.753914 0.425757
BD_Brms
 12.5438 8.41443 4.26502 2.324 2.657 3.00707 3.90741 2.59658 2.26677 1.58552 1.04702 1.48619 1.58732 1.36702 0.974878 1.22009 3.5246 3.43879 6.44618 4.97987 5.47589 6.69566 6.33813 5.28723 7.30084 6.03703 4.99686 5.27984 7.26592 4.98719 2.81641
Sel_flota
 0.849867 1 1 1 1
 0.849867 1 1 1 1
 0.849867 1 1 1 1
 0.849867 1 1 1 1
 0.849867 1 1 1 1
 0.849867 1 1 1 1
 0.849867 1 1 1 1
 0.849867 1 1 1 1
 0.849867 1 1 1 1
 0.849867 1 1 1 1
 0.849867 1 1 1 1
 0.849867 1 1 1 1
 0.849867 1 1 1 1
 0.849867 1 1 1 1
 0.849867 1 1 1 1
 0.849867 1 1 1 1
 0.849867 1 1 1 1
 0.849867 1 1 1 1
 0.849867 1 1 1 1
 0.849867 1 1 1 1
 0.849867 1 1 1 1
 0.849867 1 1 1 1
 0.849867 1 1 1 1
 0.849867 1 1 1 1
 0.849867 1 1 1 1
 0.849867 1 1 1 1
 0.849867 1 1 1 1
 0.849867 1 1 1 1
 0.849867 1 1 1 1
 0.849867 1 1 1 1
 0.849867 1 1 1 1
Sel_reclas
 1 1 1 1 1
 1 1 1 1 1
 1 1 1 1 1
 1 1 1 1 1
 1 1 1 1 1
 1 1 1 1 1
 1 1 1 1 1
 1 1 1 1 1
 1 1 1 1 1
 1 1 1 1 1
 1 1 1 1 1
 1 1 1 1 1
 1 1 1 1 1
 1 1 1 1 1
 1 1 1 1 1
 1 1 1 1 1
 1 1 1 1 1
 1 1 1 1 1
 1 1 1 1 1
 1 1 1 1 1
 1 1 1 1 1
 1 1 1 1 1
 1 1 1 1 1
 1 1 1 1 1
 1 1 1 1 1
 1 1 1 1 1
 1 1 1 1 1
 1 1 1 1 1
 1 1 1 1 1
 1 1 1 1 1
 1 1 1 1 1
Sel_pelaces
 0.911928 0.981171 0.996201 0.999243 0.999849
 0.911928 0.981171 0.996201 0.999243 0.999849
 0.911928 0.981171 0.996201 0.999243 0.999849
 0.911928 0.981171 0.996201 0.999243 0.999849
 0.911928 0.981171 0.996201 0.999243 0.999849
 0.911928 0.981171 0.996201 0.999243 0.999849
 0.911928 0.981171 0.996201 0.999243 0.999849
 0.911928 0.981171 0.996201 0.999243 0.999849
 0.911928 0.981171 0.996201 0.999243 0.999849
 0.911928 0.981171 0.996201 0.999243 0.999849
 0.911928 0.981171 0.996201 0.999243 0.999849
 0.911928 0.981171 0.996201 0.999243 0.999849
 0.911928 0.981171 0.996201 0.999243 0.999849
 0.911928 0.981171 0.996201 0.999243 0.999849
 0.911928 0.981171 0.996201 0.999243 0.999849
 0.911928 0.981171 0.996201 0.999243 0.999849
 0.911928 0.981171 0.996201 0.999243 0.999849
 0.911928 0.981171 0.996201 0.999243 0.999849
 0.911928 0.981171 0.996201 0.999243 0.999849
 0.911928 0.981171 0.996201 0.999243 0.999849
 0.911928 0.981171 0.996201 0.999243 0.999849
 0.911928 0.981171 0.996201 0.999243 0.999849
 0.911928 0.981171 0.996201 0.999243 0.999849
 0.911928 0.981171 0.996201 0.999243 0.999849
 0.911928 0.981171 0.996201 0.999243 0.999849
 0.911928 0.981171 0.996201 0.999243 0.999849
 0.911928 0.981171 0.996201 0.999243 0.999849
 0.911928 0.981171 0.996201 0.999243 0.999849
 0.911928 0.981171 0.996201 0.999243 0.999849
 0.911928 0.981171 0.996201 0.999243 0.999849
 0.911928 0.981171 0.996201 0.999243 0.999849
pf_obs 
 0.8446 0.082 0.0669 0.0065 0
 0.8095 0.147 0.0364 0.0071 0
 0.9664 0.0169 0.016 0.0007 0
 0.9276 0.0648 0.0075 0.0001 0
 0.7033 0.2144 0.0806 0.0017 0
 0.9318 0.0425 0.0243 0.0014 0
 0.5671 0.3108 0.0964 0.0239 0.0018
 0.0768 0.2599 0.5324 0.112 0.0189
 0.490249 0.384438 0.106611 0.0170017 0.00170017
 0.7925 0.1577 0.0466 0.003 0.0002
 0.840416 0.127587 0.0312969 0.00059994 9.999e-05
 0.8084 0.0986 0.0794 0.0134 0.0002
 0.7335 0.1905 0.0724 0.0035 0.0001
 0.4001 0.4547 0.1325 0.0127 0
 0.49795 0.308269 0.164784 0.0264974 0.00249975
 0.9179 0.0499 0.0305 0.0017 0
 0.2467 0.6533 0.0926 0.0074 0
 0.9418 0.0223 0.034 0.0019 0
 0.707729 0.231977 0.0356964 0.0245975 0
 0.517169 0.277429 0.184464 0.0207286 0.00020938
 0.811772 0.124168 0.05621 0.00726502 0.000585176
 0.764997 0.148141 0.077277 0.00933861 0.000247198
 0.163321 0.427699 0.378323 0.0303852 0.000271297
 0.753843 0.0900009 0.118128 0.0371064 0.000921714
 0.721811 0.176058 0.0630433 0.0369309 0.00215725
 0.143369 0.312575 0.442814 0.0836902 0.0175525
 0.692698 0.0596174 0.167031 0.0765114 0.00414204
 0.394062 0.376323 0.152708 0.0712218 0.00568511
 0.125707 0.32114 0.495352 0.0537591 0.00404204
 0.23352 0.215282 0.420074 0.123614 0.00750983
 0 0 0 0 0
pf_pred 
 0.435513 0.114012 0.426775 0.0236992 7.58415e-07
 0.412758 0.28081 0.0618915 0.231674 0.0128655
 0.55389 0.203837 0.115851 0.025534 0.100887
 0.753321 0.147429 0.0453495 0.0257744 0.0281261
 0.647606 0.277133 0.0449798 0.0138359 0.0164447
 0.737343 0.180049 0.0649656 0.0105442 0.00709838
 0.47216 0.406674 0.0830581 0.0299691 0.00813865
 0.44185 0.291124 0.20573 0.0420177 0.0192781
 0.518091 0.233042 0.129806 0.0917302 0.0273304
 0.676238 0.182512 0.0683057 0.0380467 0.0348972
 0.797209 0.145305 0.0324063 0.0121281 0.0129517
 0.728069 0.223871 0.0344359 0.00767996 0.00594366
 0.674359 0.24917 0.0629565 0.00968398 0.0038312
 0.618261 0.273116 0.0831144 0.0210001 0.0045082
 0.720861 0.186329 0.066401 0.0202071 0.00620168
 0.925582 0.0564602 0.011987 0.00427175 0.00169894
 0.399454 0.563195 0.0283379 0.0060164 0.00299674
 0.892099 0.0478828 0.0562856 0.00283208 0.000900772
 0.606015 0.357912 0.0160081 0.0188173 0.00124796
 0.612595 0.252072 0.122942 0.00549874 0.00689237
 0.736162 0.173101 0.0590397 0.0287952 0.00290222
 0.743426 0.197532 0.0387367 0.0132119 0.00709326
 0.329966 0.520901 0.114815 0.0225156 0.0118023
 0.742775 0.0952096 0.125955 0.0277625 0.00829816
 0.630851 0.28599 0.0307806 0.0407205 0.0116582
 0.443565 0.373141 0.142003 0.0152835 0.0260076
 0.73274 0.130016 0.0920352 0.0350249 0.0101844
 0.6896 0.237619 0.0354065 0.0250634 0.0123116
 0.354598 0.468111 0.135721 0.0202231 0.0213475
 0.439618 0.22138 0.245878 0.0712882 0.0218352
 0.858651 0.068358 0.0288354 0.0320263 0.0121296
pobs_RECLAS
 0 0 0 0 0
 0 0 0 0 0
 0 0 0 0 0
 0 0 0 0 0
 0 0 0 0 0
 0 0 0 0 0
 0 0 0 0 0
 0 0 0 0 0
 0 0 0 0 0
 0 0 0 0 0
 0.991045 0.00858322 0.000360255 1.14367e-05 0
 0.934742 0.0480273 0.0164251 0.00080598 0
 0.827803 0.169806 0.00239088 0 0
 0.941827 0.0461693 0.0120037 0 0
 0.791401 0.0380133 0.147996 0.0225897 0
 0.846168 0.0940531 0.0597789 0 0
 0.134021 0.677848 0.182769 0.00536245 0
 0.80878 0.0450904 0.141981 0.00414843 0
 0.846168 0.0940531 0.0597789 0 0
 0.905697 0.0802665 0.012482 0.00150086 5.37128e-05
 0.989698 0.0102097 9.19794e-05 0 0
 0.975433 0.0193895 0.00387452 0.00125025 5.28907e-05
 0.303575 0.632131 0.0575291 0.00676475 0
 0.966965 0.00978017 0.0227588 0.000495775 0
 0.843318 0.132988 0.00938335 0.0141283 0.000182051
 0.564624 0.303363 0.111486 0.0197234 0.00080311
 0.826376 0.0876187 0.0782897 0.00655872 0.00115652
 0.89761 0.0855135 0.0140674 0.00269457 0.000114338
 0.34875 0.467042 0.161289 0.0227151 0.000203297
 0.318654 0.224769 0.449479 0.00709798 0
 0.937255 0.0296025 0.0250945 0.00804832 0
ppred_RECLAS
 0.476196 0.105795 0.396017 0.0219912 7.03755e-07
 0.453352 0.261399 0.0576132 0.21566 0.0119762
 0.594294 0.185376 0.105359 0.0232214 0.0917501
 0.782996 0.129694 0.0398941 0.0226738 0.0247426
 0.68404 0.248481 0.0403294 0.0124054 0.0147445
 0.768067 0.158988 0.0573662 0.00931076 0.00626805
 0.514379 0.374146 0.0764147 0.0275721 0.00748768
 0.482457 0.269945 0.190762 0.0389608 0.0178756
 0.559364 0.213083 0.118689 0.083874 0.0249897
 0.711784 0.162474 0.0608065 0.0338696 0.0310659
 0.822395 0.127258 0.0283814 0.0106218 0.0113431
 0.760156 0.197455 0.0303727 0.00677376 0.00524234
 0.710161 0.221775 0.0560349 0.0086193 0.00340999
 0.658149 0.244578 0.0744298 0.0188058 0.00403714
 0.753526 0.164525 0.0586306 0.0178424 0.00547594
 0.936351 0.0482897 0.0102524 0.00365357 0.00145308
 0.439809 0.52535 0.0264337 0.00561212 0.00279537
 0.907061 0.0412432 0.0484809 0.00243938 0.000775869
 0.645254 0.322265 0.0144137 0.0169432 0.00112367
 0.651388 0.22683 0.110631 0.00494812 0.0062022
 0.767074 0.15282 0.0521224 0.0254215 0.00256219
 0.773925 0.174051 0.0341321 0.0116414 0.00625009
 0.367385 0.491811 0.108403 0.0212582 0.0111432
 0.772941 0.0840439 0.111184 0.0245067 0.00732499
 0.66829 0.256985 0.0276589 0.0365906 0.0104758
 0.484376 0.345773 0.131588 0.0141625 0.0241001
 0.763705 0.114952 0.0813719 0.0309669 0.00900446
 0.723612 0.211581 0.0315268 0.0223171 0.0109626
 0.393012 0.440249 0.127643 0.0190195 0.0200769
 0.480571 0.205202 0.227909 0.0660783 0.0202395
 0.877389 0.0592961 0.0250128 0.0277807 0.0105216
pobs_PELACES
 0 0 0 0 0
 0 0 0 0 0
 0 0 0 0 0
 0 0 0 0 0
 0 0 0 0 0
 0 0 0 0 0
 0 0 0 0 0
 0 0 0 0 0
 0 0 0 0 0
 0 0 0 0 0
 0 0 0 0 0
 0 0 0 0 0
 0 0 0 0 0
 0 0 0 0 0
 0 0 0 0 0
 0 0 0 0 0
 0.505614 0.472636 0.0217494 0 0
 0 0 0 0 0
 0.443492 0.261883 0.143347 0.151278 0
 0.227955 0.32914 0.350689 0.0885471 0.00366901
 0.970185 0.0296113 0.000203453 0 0
 0.997202 0.00247181 0.000326279 0 0
 0.445219 0.490057 0.0546422 0.010081 0
 0.90214 0.0892962 0.00764917 0.000914606 0
 0 0 0 0 0
 0.581667 0.319106 0.0959925 0.00289975 0.000334073
 0.762889 0.0836404 0.116647 0.0363945 0.000428098
 0.88444 0.0763242 0.0277011 0.0115352 0
 0.521256 0.241999 0.230069 0.00667565 0
 0.616807 0.101726 0.260614 0.0208532 0
 0 0 0 0 0
ppred_PELACES
 0.45624 0.108486 0.412308 0.0229658 7.35389e-07
 0.435345 0.267522 0.059866 0.224777 0.01249
 0.576514 0.19171 0.110628 0.0244571 0.0966914
 0.771457 0.135652 0.0423662 0.0241523 0.026372
 0.668208 0.260004 0.0428461 0.0132198 0.015722
 0.755483 0.166773 0.0610971 0.00994657 0.00670015
 0.499915 0.383851 0.0795976 0.0288082 0.00782812
 0.463049 0.27793 0.199414 0.0408522 0.0187547
 0.542003 0.219566 0.124173 0.0880176 0.0262402
 0.69821 0.168868 0.0641676 0.0358508 0.0329031
 0.811328 0.134547 0.0304667 0.011437 0.0122211
 0.749462 0.205668 0.0321205 0.00718544 0.00556432
 0.697688 0.230458 0.0591207 0.00912173 0.00361095
 0.646792 0.251553 0.0777252 0.0196984 0.00423132
 0.742198 0.171163 0.0619305 0.0189042 0.00580532
 0.932626 0.0509144 0.0109752 0.0039231 0.00156123
 0.424204 0.539443 0.0275586 0.00586881 0.002925
 0.900908 0.0435973 0.0520331 0.00262611 0.000835766
 0.631617 0.334132 0.0151734 0.0178906 0.00118722
 0.636503 0.235231 0.116486 0.00522589 0.00655434
 0.754631 0.16008 0.0554347 0.0271195 0.00273499
 0.762588 0.18209 0.0362555 0.0124034 0.00666324
 0.351513 0.502352 0.112423 0.0221138 0.0115987
 0.759235 0.0882255 0.118504 0.0261998 0.00783583
 0.652544 0.268135 0.029301 0.0388814 0.0111384
 0.466191 0.356079 0.137586 0.0148533 0.0252909
 0.749923 0.120641 0.0867073 0.0330981 0.00963
 0.709069 0.221829 0.0335601 0.023829 0.0117123
 0.375983 0.450605 0.132646 0.0198254 0.0209404
 0.461908 0.21051 0.237387 0.0690364 0.0211584
 0.868764 0.0629051 0.0269417 0.0300144 0.0113745
pobs_pel_tallas
 0 0 0 0 0 0 0 0 0 0 0 0 0 0 0 0 0 0 0 0 0 0 0 0 0 0
 0 0 0 0 0 0 0 0 0 0 0 0 0 0 0 0 0 0 0 0 0 0 0 0 0 0
 0 0 0 0 0 0 0 0 0 0 0 0 0 0 0 0 0 0 0 0 0 0 0 0 0 0
 0 0 0 0 0 0 0 0 0 0 0 0 0 0 0 0 0 0 0 0 0 0 0 0 0 0
 0 0 0 0 0 0 0 0 0 0 0 0 0 0 0 0 0 0 0 0 0 0 0 0 0 0
 0 0 0 0 0 0 0 0 0 0 0 0 0 0 0 0 0 0 0 0 0 0 0 0 0 0
 0 0 0 0 0 0 0 0 0 0 0 0 0 0 0 0 0 0 0 0 0 0 0 0 0 0
 0 0 0 0 0 0 0 0 0 0 0 0 0 0 0 0 0 0 0 0 0 0 0 0 0 0
 0 0 0 0 0 0 0 0 0 0 0 0 0 0 0 0 0 0 0 0 0 0 0 0 0 0
 0 0 0 0 0 0 0 0 0 0 0 0 0 0 0 0 0 0 0 0 0 0 0 0 0 0
 0 0 0 0 0 0 0 0 0 0 0 0 0 0 0 0 0 0 0 0 0 0 0 0 0 0
 0 0 0 0 0 0 0 0 0 0 0 0 0 0 0 0 0 0 0 0 0 0 0 0 0 0
 0.00862536 0 0 0.000197151 0.00414017 0.0128641 0.00837892 0.0270097 0.101434 0.158115 0.152841 0.127902 0.109271 0.109419 0.0830992 0.0579132 0.0238553 0.00714673 0.00463305 0.00128148 0.00103504 0.000492878 0.000147863 0.000147863 4.92878e-05 0
 0 0 0 0 0 0 0 0 0 0 0 0 0 0 0 0 0 0 0 0 0 0 0 0 0 0
 0 0 0 0 0 0 0 0.0054083 0.00873648 0.0413646 0.0450493 0.0745869 0.0622846 0.0627006 0.0613931 0.0827291 0.12552 0.122667 0.0946155 0.0697135 0.0546179 0.0294188 0.0215738 0.0213955 0.0102223 0.00600262
 0 0 0 0 0.00359764 0.0251062 0.0480494 0.140153 0.205849 0.193036 0.1447 0.116669 0.0760912 0.0342217 0.00950174 0.001854 0.000860785 0 0 0 0.000165536 0 0.000143464 0 0 0
 0 0 0 0 0 0 0 0.000145254 0.000435761 0.0275982 0.070085 0.0708112 0.156366 0.174668 0.174014 0.160142 0.0824315 0.0480064 0.0283245 0.00493863 0.00203355 0 0 0 0 0
 0 0 0 0 0 0 0 0 0 0 0 0 0 0 0 0 0 0 0 0 0 0 0 0 0 0
 0 0 1.00437e-05 0.000401748 0.00122533 0.00171747 0.00176769 0.0269171 0.070346 0.194647 0.189555 0.159765 0.064822 0.0314167 0.0384472 0.0292271 0.0345202 0.0313363 0.0194345 0.0106764 0.0143323 0.0359363 0.0279516 0.0138201 0.00172751 0
 0 0.0021121 0.0136068 0.0755702 0.200478 0.177729 0.0527432 0.0373336 0.0318909 0.0142505 0.0149659 0.0166563 0.0217959 0.0798694 0.0677717 0.0528807 0.04013 0.0224614 0.0357745 0.0225083 0.00881397 0.00855152 0.00135912 0.000746735 0 0
 0 0 0 0 5.4009e-05 0.00500934 0.000945158 0.0243581 0.138947 0.33067 0.221406 0.137944 0.0707744 0.0437923 0.0131692 0.00525238 0.0047753 0.00276346 9.45158e-05 9.00151e-06 2.25038e-05 9.00151e-06 4.50075e-06 0 0 0
 0.000866109 0.00284123 0.00948549 0.0512746 0.133035 0.25785 0.225252 0.132002 0.0553304 0.0519788 0.0540692 0.017754 0.00435017 0.00159236 0.00146478 0.000404838 0.000125132 0.000115318 0.000107957 0.000100596 0 0 0 0 0 0
 0 0 0 0 0.00144013 0.00171154 0.00461396 0.0210425 0.0478622 0.0707936 0.0888783 0.103762 0.0637923 0.0337046 0.0602308 0.124433 0.169614 0.0934646 0.0462172 0.0250306 0.0313229 0.00938855 0.002487 0.000210481 0 0
 0 0.00764035 0.051015 0.0998891 0.058973 0.0496711 0.0374665 0.0718981 0.12319 0.153886 0.159021 0.0857701 0.0377988 0.023471 0.0147837 0.00900784 0.00315554 0.000888139 0.00291439 0.00214683 0.00393193 0.00274676 0.000635225 9.99891e-05 0 0
 0 0 0 0 0 0 0 0 0 0 0 0 0 0 0 0 0 0 0 0 0 0 0 0 0 0
 0 0 0 0 0 0 0 0 0 0 0 0 0 0 0 0 0 0 0 0 0 0 0 0 0 0
 0 0 0 0 0 0 0 0 0 0 0 0 0 0 0 0 0 0 0 0 0 0 0 0 0 0
 0 0 0 0 0 0 0 0 0 0 0 0 0 0 0 0 0 0 0 0 0 0 0 0 0 0
 0 0 0 0 0 0 0 0 0 0 0 0 0 0 0 0 0 0 0 0 0 0 0 0 0 0
 0 0 0 0 0 0 0 0 0 0 0 0 0 0 0 0 0 0 0 0 0 0 0 0 0 0
 0 0 0 0 0 0 0 0 0 0 0 0 0 0 0 0 0 0 0 0 0 0 0 0 0 0
ppred_pel_tallas
 1.1423e-16 3.75799e-05 0.00036529 0.00242748 0.011035 0.034334 0.0731526 0.106771 0.106782 0.073207 0.0345184 0.0115757 0.00381441 0.00349104 0.00626068 0.0110366 0.0176272 0.0257633 0.0350575 0.0451131 0.0553738 0.0647607 0.0715402 0.0738084 0.0704217 0.0617261
 1.26452e-16 3.58589e-05 0.000348561 0.00231631 0.0105296 0.0327617 0.0698033 0.101885 0.101911 0.0699299 0.0331872 0.0117602 0.00541188 0.00712958 0.012987 0.0216168 0.0316504 0.0409762 0.047572 0.0507733 0.0517649 0.0527336 0.0552901 0.0593672 0.0633156 0.0649423
 1.22058e-16 4.74867e-05 0.000461588 0.00306741 0.013944 0.0433852 0.0924374 0.134919 0.134938 0.0925285 0.0436916 0.0148311 0.00530194 0.00536618 0.00944191 0.0157479 0.0231961 0.0302908 0.0355734 0.0384837 0.0397054 0.0406174 0.0422719 0.0447084 0.0470292 0.0480151
 1.08143e-16 6.35439e-05 0.00061767 0.00410463 0.0186591 0.0580554 0.123694 0.180537 0.18055 0.123758 0.0582709 0.0192822 0.00567131 0.00404626 0.00660072 0.0108811 0.0158373 0.0202866 0.0230849 0.0237517 0.0227619 0.0211948 0.0200165 0.0195564 0.019494 0.0192243
 1.0529e-16 5.50394e-05 0.000535003 0.00355528 0.0161618 0.0502856 0.10714 0.156379 0.156404 0.107262 0.050697 0.0173504 0.0065395 0.00705209 0.0124398 0.0204994 0.0295763 0.0373076 0.0413278 0.0405642 0.0358765 0.0294599 0.0235053 0.0191576 0.0163784 0.0144915
 1.03938e-16 6.22282e-05 0.00060488 0.00401964 0.0182727 0.0568533 0.121133 0.1768 0.176816 0.121211 0.0571183 0.0190389 0.00594572 0.00481926 0.00809471 0.0133585 0.0194125 0.0247784 0.0279839 0.0283386 0.0263089 0.0231277 0.0199748 0.0173904 0.0152721 0.0132649
 1.06609e-16 4.11774e-05 0.000400259 0.00265987 0.0120914 0.037621 0.0801569 0.116999 0.117036 0.0803379 0.038229 0.013848 0.00707139 0.0100383 0.0183683 0.0303617 0.0438765 0.0554816 0.061703 0.0609427 0.0544086 0.0452317 0.0365154 0.0298507 0.0251669 0.0215625
 1.13097e-16 3.81408e-05 0.000370742 0.00246371 0.0111997 0.0348465 0.0742452 0.108369 0.108396 0.0743775 0.0352915 0.0124883 0.00571099 0.0075019 0.013706 0.0229247 0.033785 0.0440922 0.0515978 0.0552271 0.0555868 0.0542561 0.0524946 0.0504751 0.0475378 0.0430179
 1.16908e-16 4.46441e-05 0.000433957 0.0028838 0.0131093 0.0407881 0.0869042 0.126844 0.126865 0.0870085 0.041139 0.0141253 0.00544308 0.00605132 0.0108039 0.018033 0.0265546 0.0346486 0.0406118 0.0437366 0.0447005 0.0449438 0.0455389 0.0464747 0.0468239 0.0454899
 1.11059e-16 5.75107e-05 0.000559024 0.00371491 0.0168875 0.0525433 0.11195 0.163397 0.163414 0.11203 0.052812 0.0176646 0.00566983 0.00484046 0.0082303 0.013627 0.0198947 0.0256067 0.0293676 0.0305927 0.0298559 0.0284439 0.0274691 0.0272426 0.0272914 0.026839
 1.04129e-16 6.6828e-05 0.000649592 0.00431677 0.0196234 0.0610558 0.130086 0.189867 0.18988 0.13015 0.061269 0.0202396 0.00586465 0.00403253 0.00650337 0.0106771 0.0154504 0.0195951 0.0219126 0.021867 0.0199016 0.0171185 0.0145845 0.012806 0.0116801 0.0108015
 1.02642e-16 6.17322e-05 0.000600059 0.00398761 0.0181271 0.0564002 0.120167 0.175392 0.175412 0.120264 0.0567256 0.0190669 0.00634686 0.00575128 0.00984766 0.01619 0.0233342 0.0293819 0.0324407 0.0316392 0.0276392 0.0221732 0.0169945 0.0130583 0.010408 0.00859049
 1.03291e-16 5.74677e-05 0.000558607 0.00371214 0.0168749 0.0525041 0.111866 0.163277 0.163299 0.111975 0.0528694 0.0179305 0.00636397 0.00635421 0.0110838 0.0182834 0.0264499 0.0335058 0.0373629 0.0370428 0.0332278 0.0277383 0.0223836 0.0181011 0.0148873 0.0122908
 1.04999e-16 5.32754e-05 0.000517856 0.00344134 0.0156438 0.0486739 0.103706 0.151367 0.151391 0.103825 0.0490732 0.0167979 0.00634153 0.00686025 0.0121318 0.0200588 0.0290937 0.0370136 0.0415773 0.0417395 0.0382305 0.0329721 0.0278273 0.0236875 0.0204389 0.0175377
 1.0471e-16 6.11339e-05 0.000594243 0.00394895 0.0179514 0.0558535 0.119002 0.173691 0.173708 0.119083 0.0561255 0.0187378 0.0059262 0.00492104 0.00830938 0.0137215 0.0199518 0.0254943 0.0288512 0.0293299 0.0274225 0.0243969 0.0214468 0.0190866 0.0171546 0.0152304
 1.00988e-16 7.68192e-05 0.00074671 0.00496215 0.0225572 0.0701839 0.149534 0.218251 0.218256 0.149558 0.0702645 0.0227903 0.00554749 0.00202566 0.0025092 0.00403571 0.00582775 0.00737463 0.0082129 0.00813184 0.00729212 0.00610793 0.00498787 0.00413834 0.00354476 0.00308287
 1.02017e-16 3.49413e-05 0.000339642 0.00225704 0.0102602 0.0319236 0.0680185 0.0992859 0.0993378 0.0682721 0.032775 0.0127182 0.00842307 0.0137872 0.0255361 0.042061 0.060352 0.0753994 0.0821204 0.0781717 0.0653719 0.0485283 0.0326472 0.0206731 0.0130419 0.00866384
 1.01918e-16 7.42066e-05 0.000721314 0.00479339 0.02179 0.067797 0.144449 0.210828 0.210832 0.14447 0.0678674 0.0219944 0.0053097 0.00185969 0.00226914 0.00371954 0.00554968 0.00739104 0.00890663 0.00991644 0.0104554 0.0106627 0.0106086 0.0102264 0.00940008 0.00810856
 1.02519e-16 5.20255e-05 0.000505706 0.0033606 0.0152768 0.047532 0.101273 0.147818 0.14785 0.10143 0.0480594 0.0167995 0.00718046 0.00883714 0.0158535 0.0260714 0.0374241 0.0467991 0.0510689 0.0488107 0.0411771 0.0311551 0.0218219 0.0149355 0.0106676 0.00824015
 1.05055e-16 5.2428e-05 0.000509618 0.0033866 0.015395 0.0478996 0.102056 0.148959 0.148981 0.102168 0.0482743 0.0164787 0.00611312 0.00648189 0.011454 0.0190064 0.0277304 0.0356096 0.0405923 0.0416821 0.0394438 0.0354581 0.0312115 0.0273464 0.0237237 0.0199867
 1.04824e-16 6.2158e-05 0.000604198 0.00401511 0.0182521 0.0567892 0.120996 0.1766 0.176616 0.121072 0.0570435 0.0189876 0.00586417 0.00465052 0.00777594 0.0128338 0.0186641 0.0238597 0.0270288 0.0275373 0.0258601 0.0231911 0.0206392 0.0186561 0.0170436 0.0153582
 1.03465e-16 6.28134e-05 0.000610568 0.00405744 0.0184446 0.0573879 0.122272 0.178463 0.17848 0.122358 0.0576763 0.0192777 0.00614968 0.00518125 0.00875326 0.0143978 0.0207975 0.0262889 0.0292216 0.0288415 0.0257303 0.0213863 0.0172946 0.0142166 0.0121133 0.0105375
 1.07554e-16 2.89537e-05 0.000281441 0.00187028 0.00850203 0.0264532 0.0563632 0.0822739 0.0823224 0.0566001 0.027249 0.0108014 0.00764528 0.0128992 0.0240241 0.0397543 0.05746 0.0726666 0.0808142 0.0797827 0.071111 0.0588567 0.0470665 0.0378562 0.0312204 0.0260967
 1.07396e-16 6.25372e-05 0.000607884 0.0040396 0.0183635 0.0571356 0.121734 0.177676 0.177684 0.121776 0.0572787 0.0187791 0.00509141 0.00293202 0.00455892 0.00765386 0.0115258 0.0155569 0.0191392 0.0219677 0.0241315 0.0258588 0.027151 0.0276616 0.026924 0.0247106
 1.06699e-16 5.37492e-05 0.000522462 0.00347194 0.015783 0.0491068 0.104628 0.152713 0.152739 0.104754 0.0495308 0.0170077 0.00654625 0.00723447 0.0128041 0.0210927 0.0304101 0.0383227 0.0424081 0.0416006 0.0368507 0.0304894 0.0248101 0.020957 0.0187721 0.0173902
 1.09831e-16 3.83996e-05 0.000373258 0.00248043 0.0112757 0.0350831 0.0747495 0.109106 0.109141 0.0749179 0.0356491 0.0129123 0.00659537 0.00937877 0.0172078 0.028561 0.0415461 0.0530989 0.0600982 0.0610824 0.0570475 0.0506095 0.0442562 0.0391009 0.0348831 0.0308075
 1.07483e-16 6.17702e-05 0.000600429 0.00399006 0.0181382 0.0564349 0.120241 0.175498 0.175509 0.120298 0.0566281 0.018698 0.00540117 0.00370062 0.00600793 0.00998844 0.0147462 0.0193147 0.0227463 0.0246105 0.0251989 0.0252004 0.0251211 0.0249461 0.0242631 0.0226571
 1.05398e-16 5.84051e-05 0.000567719 0.00377269 0.0171501 0.0533605 0.113691 0.16594 0.165961 0.113796 0.0537115 0.0181642 0.00631876 0.00612816 0.0106261 0.0174952 0.0252494 0.0318728 0.0353627 0.0348262 0.0310202 0.0258304 0.0211138 0.0178008 0.0157828 0.0144
 1.09476e-16 3.09693e-05 0.000301033 0.00200047 0.00909388 0.0282947 0.0602864 0.0879989 0.0880424 0.0604992 0.0290096 0.0111601 0.00719249 0.0116532 0.0216438 0.0358712 0.0519956 0.0660682 0.0740626 0.0741033 0.0675223 0.0578185 0.0484115 0.0409808 0.0353699 0.0305889
 1.17409e-16 3.80468e-05 0.000369828 0.00245764 0.0111721 0.0347606 0.0740619 0.1081 0.108121 0.0741629 0.0351008 0.012159 0.00495188 0.00587128 0.0106529 0.0179888 0.0269393 0.0360484 0.0438214 0.0495475 0.0535627 0.0566444 0.0590788 0.0602609 0.0591313 0.0549971
 1.05729e-16 7.1559e-05 0.000695579 0.00462237 0.0210126 0.065378 0.139295 0.203306 0.203313 0.139325 0.0654784 0.0213029 0.00535317 0.00229814 0.00313689 0.00513164 0.00752917 0.00978458 0.011409 0.0122179 0.0124431 0.012548 0.0128846 0.0134617 0.0139753 0.0140265
pSPR Fmed_Fpbrs
0.69428   0.20117 0.20117
Fs Fmed_Fpbrs
0.188654   1.005 1.005
SSBpbr Bo_Bmed_Bpbrs
2.10783e+06  1.35803e+06  318640 318640
Ro
203758
SPR SPRFo_SPRFmed_SPRFpbrs
1.45089e+06 1.00733e+06 291876
Fref
1.005
log_Ro
12.0447
likeval ReclasPelacesDesembMPH_pf_preclas_ppelaces_ptallas_desvR_qrecl_qpela
 15.7671 16.9841 0.0935501 0.00310681 229.287 122.099 82.273 0 22.7679 4.01022e-06 0 0.476202 0 0 0
q_reclas_q_pelaces
0.75294 1
M
1
N
 221926 49699.4 186036 10330.8 0.330602
 127524 74595.4 16441.1 61542.8 3417.64
 126006 39857.2 22652.8 4992.76 19726.9
 234133 39577.9 12174.3 6919.24 7550.55
 187092 68420.5 11104.9 3415.9 4059.99
 304031 63784 23014.6 3735.36 2514.67
 128329 96077.6 19622.6 7080.27 1922.77
 60573.4 34045.1 24058.7 4913.69 2254.45
 54612.1 21175.5 11794.9 8335.11 2483.39
 70372.9 16441.2 6153.15 3427.34 3143.63
 127844 19901.1 4438.37 1661.07 1773.86
 164608 43958.1 6761.65 1507.99 1167.06
 138125 44264.5 11184.1 1720.34 680.605
 97852.4 37919.7 11539.7 2915.68 625.923
 99753.9 22398.9 7982.14 2429.12 745.51
 505599 26725.7 5674.12 2022.05 804.202
 115916 140700 7079.51 1503.05 748.661
 769321 35561.3 41801.8 2103.31 668.98
 459237 234869 10504.8 12348.3 818.938
 363226 129138 62984.2 2817.05 3531.02
 521901 105631 36027.5 17571.5 1771.01
 699733 160564 31487.1 10739.3 5765.75
 151327 204991 45183.2 8860.58 4644.58
 443231 48688.2 64410.9 14197.2 4243.5
 373836 145259 15634 20682.6 5921.38
 169808 122241 46520.1 5006.88 8520.09
 373555 56798.2 40206.2 15300.9 4449.14
 415648 122566 18263.1 12928 6350.47
 122979 138943 40284.2 6002.56 6336.3
 95018 41069 45613.7 13224.9 4050.73
 447769 30455.5 12847 14268.7 5404.09
pred_Ctot
 12197.6 3193.21 11952.9 663.758 0.0212414
 12286.8 8359.02 1842.36 6896.37 382.974
 11796.1 4341.1 2467.27 543.794 2148.59
 31010.3 6068.89 1866.81 1061 1157.81
 8720.06 3731.62 605.656 186.301 221.43
 27433.9 6698.99 2417.14 392.311 264.106
 23228.4 20006.8 4086.13 1474.37 400.39
 1912.17 1259.88 890.324 181.837 83.4287
 6374.18 2867.16 1597.03 1128.57 336.251
 10511 2836.86 1061.7 591.375 542.421
 5309.44 967.74 215.827 80.7739 86.2586
 28714.9 8829.43 1358.14 302.896 234.417
 22688.1 8383.08 2118.11 325.808 128.897
 24279.5 10725.4 3263.96 824.688 177.04
 17581.2 4544.41 1619.46 492.834 151.254
 79624.3 4857.06 1031.2 367.482 146.154
 12350.2 17412.7 876.142 186.013 92.6524
 84000.1 4508.65 5299.86 266.669 84.8168
 69908.3 41287.8 1846.65 2170.71 143.961
 49028.8 20174.4 9839.6 440.089 551.627
 54804.4 12886.7 4395.28 2143.69 216.059
 91770.5 24383.9 4781.76 1630.92 875.611
 12129.2 19147.7 4220.46 827.647 433.841
 30869.9 3956.94 5234.73 1153.82 344.874
 26518.5 12021.9 1293.9 1711.73 490.064
 9819.95 8260.85 3143.75 338.357 575.773
 25768.3 4572.26 3236.6 1231.72 358.156
 24185.1 8333.57 1241.75 879.005 431.783
 7226.54 9539.88 2765.92 412.138 435.053
 7819.14 3937.52 4373.24 1267.95 388.366
 19892.3 1583.64 668.027 741.951 281.005
F
 0.0902642 0.10621 0.10621 0.10621 0.10621
 0.162999 0.191793 0.191793 0.191793 0.191793
 0.158058 0.185979 0.185979 0.185979 0.185979
 0.230215 0.270883 0.270883 0.270883 0.270883
 0.0760992 0.0895425 0.0895425 0.0895425 0.0895425
 0.151972 0.178819 0.178819 0.178819 0.178819
 0.326907 0.384657 0.384657 0.384657 0.384657
 0.0510107 0.0600219 0.0600219 0.0600219 0.0600219
 0.200467 0.23588 0.23588 0.23588 0.23588
 0.263034 0.309501 0.309501 0.309501 0.309501
 0.0675707 0.0795074 0.0795074 0.0795074 0.0795074
 0.313384 0.368744 0.368744 0.368744 0.368744
 0.292686 0.344391 0.344391 0.344391 0.344391
 0.474451 0.558265 0.558265 0.558265 0.558265
 0.317081 0.373094 0.373094 0.373094 0.373094
 0.279114 0.328421 0.328421 0.328421 0.328421
 0.181608 0.21369 0.21369 0.21369 0.21369
 0.18648 0.219422 0.219422 0.219422 0.219422
 0.268682 0.316145 0.316145 0.316145 0.316145
 0.235075 0.276603 0.276603 0.276603 0.276603
 0.178788 0.210372 0.210372 0.210372 0.210372
 0.227734 0.267965 0.267965 0.267965 0.267965
 0.134009 0.157683 0.157683 0.157683 0.157683
 0.115573 0.13599 0.13599 0.13599 0.13599
 0.11782 0.138634 0.138634 0.138634 0.138634
 0.0951638 0.111975 0.111975 0.111975 0.111975
 0.114413 0.134625 0.134625 0.134625 0.134625
 0.0957749 0.112694 0.112694 0.112694 0.112694
 0.0967619 0.113855 0.113855 0.113855 0.113855
 0.137798 0.162141 0.162141 0.162141 0.162141
 0.0724249 0.0852192 0.0852192 0.0852192 0.0852192
nmprior
 8 9 7.5 0
nm_flota  nm_reclas  nm_pelaces    nm_pelaL
inf 12.399 14.393 24.5347
cv_recla  cv_pelaces  cv_mph
0.359171 0.484937 1.72014
 ------------------------------------------------
Talla a la edad & desviación 
 8 13.2811 15.8009 17.003 17.5766
 0.8 1.32811 1.58009 1.7003 1.75766
