years
 1991 1992 1993 1994 1995 1996 1997 1998 1999 2000 2001 2002 2003 2004 2005 2006 2007 2008 2009 2010 2011 2012 2013 2014 2015 2016 2017 2018 2019 2020 2021
reclasobs
 0 0 0 0 0 0 0 0 0 252601 567819 844713 477998 351125 339783 2.1784e+06 2.13404e+06 4.81314e+06 1.55562e+06 2.62356e+06 3.21686e+06 3.843e+06 1.13348e+06 3.07943e+06 1.97215e+06 2.03268e+06 2.025e+06 2.42433e+06 2.27542e+06 1.05018e+06 2.36338e+06
reclaspred
 3.49166e+06 2.00157e+06 1.02056e+06 1.08217e+06 1.12242e+06 1.69569e+06 1.17435e+06 1.05905e+06 766071 559076 547602 660636 655655 539642 548664 1.21951e+06 1.25348e+06 2.55567e+06 2.14855e+06 1.64757e+06 2.92371e+06 2.36953e+06 1.93651e+06 2.96709e+06 2.23587e+06 1.9877e+06 2.3128e+06 2.39553e+06 2.00067e+06 1.32684e+06 2.142e+06
pelacesobs
 0 0 0 0 0 0 0 0 0 0 0 0 0 0 0 552880 188675 0 991730 2.46772e+06 1.41603e+06 1.21717e+06 2.29649e+06 1.80582e+06 0 1.4828e+06 1.56532e+06 1.57751e+06 1.42118e+06 867257 0
pelacespred
 2.4788e+06 1.60114e+06 829476 647909 695488 1.03771e+06 768709 773628 572163 397822 375597 380623 411587 360022 360425 632551 722521 1.5197e+06 1.43437e+06 1.05479e+06 1.67891e+06 1.56194e+06 1.30738e+06 1.9906e+06 1.57988e+06 1.39109e+06 1.71585e+06 1.75321e+06 1.33754e+06 1.00977e+06 1.32976e+06
mphobs
 0 0 0 0 0 0 0 0 0 0 0 498337 0 5186 125008 0 168611 109162 213762 579715 649985 157893 87575 83554 0 0 0 0 0 0 0
mphpred
 4.8534e+06 3.26691e+06 1.67849e+06 915162 1.10145e+06 1.25856e+06 1.63888e+06 1.1476e+06 986333 696459 459499 587510 623781 545733 404311 496857 1.30581e+06 1.32965e+06 2.33025e+06 1.8373e+06 2.01244e+06 2.47219e+06 2.34525e+06 1.98108e+06 2.73643e+06 2.24952e+06 1.86958e+06 1.95812e+06 2.64726e+06 1.85127e+06 1.08476e+06
desembarqueobs
 494567 514787 250237 358949 120608 361735 552515 73892 212993 205616 52469 317467 293654 387597 252695 516296 358380 742168 942051 627588 828172 859565 418607 520667 417249 300574 407403 355545 319650 289779 219260
desembarquepred
 494573 513066 251171 358966 120611 361748 552571 73894.8 213032 205654 52471 317535 293712 387666 252705 516298 358410 742117 941974 627532 828254 859633 418626 520692 417258 300582 407412 355543 319654 289793 219261
Reclutas
 248228 144930 142235 294012 235442 369303 156827 75886.6 66019.6 82959.7 146333 183862 155515 110662 114284 550055 141785 822486 509549 391409 580795 773430 173200 506732 417317 194642 420608 461731 143744 115065 543913
log_desv_Rt
 0.0543118 -0.483786 -0.502555 0.223587 0.00143005 0.451583 -0.404891 -1.13079 -1.27008 -1.04168 -0.474148 -0.245849 -0.41329 -0.75355 -0.72135 0.849984 -0.505724 1.2523 0.773491 0.509719 0.904363 1.1908 -0.30559 0.767948 0.573812 -0.188872 0.581667 0.674948 -0.492 -0.714536 0.838755
SSB
 4.8534e+06 3.26691e+06 1.67849e+06 915162 1.10145e+06 1.25856e+06 1.63888e+06 1.1476e+06 986333 696459 459499 587510 623781 545733 404311 496857 1.30581e+06 1.32965e+06 2.33025e+06 1.8373e+06 2.01244e+06 2.47219e+06 2.34525e+06 1.98108e+06 2.73643e+06 2.24952e+06 1.86958e+06 1.95812e+06 2.64726e+06 1.85127e+06 1.08476e+06
BT
 6.3717e+06 4.35163e+06 2.24565e+06 2.02237e+06 1.89536e+06 3.13467e+06 2.42178e+06 2.06201e+06 1.66558e+06 1.22116e+06 1.05681e+06 1.29366e+06 1.37231e+06 1.38517e+06 1.26323e+06 2.25978e+06 2.15815e+06 4.98065e+06 4.74309e+06 3.29732e+06 5.27694e+06 4.94366e+06 3.69546e+06 6.01622e+06 4.44081e+06 3.84823e+06 5.13666e+06 5.19651e+06 3.58724e+06 2.78407e+06 3.95208e+06
Ftot
 0.0876447 0.157095 0.151562 0.211578 0.0682736 0.137314 0.288266 0.0441103 0.174463 0.22929 0.0624981 0.302883 0.282015 0.447805 0.29669 0.278299 0.178705 0.189764 0.275386 0.240033 0.181067 0.230398 0.1347 0.114362 0.117804 0.0952466 0.114289 0.0968936 0.0986521 0.135902 0.0680257
BD_Bspro_t
 0.986075 0.895021 0.779178 0.709671 0.717592 0.776694 0.76882 0.65548 0.700358 0.669046 0.639354 0.766988 0.664079 0.586862 0.497547 0.548513 0.668112 0.659776 0.721562 0.64166 0.619519 0.663552 0.677209 0.676337 0.766391 0.772741 0.780629 0.8083 0.841342 0.790219 0.754446
BD_Bspro
 2.8991 1.95143 1.00262 0.546657 0.65793 0.75178 0.97896 0.685503 0.58917 0.416018 0.274474 0.350939 0.372606 0.325984 0.241508 0.296789 0.780004 0.794244 1.39194 1.09748 1.2021 1.47672 1.4009 1.18336 1.63456 1.34372 1.11676 1.16965 1.58129 1.10583 0.647962
BD_Bo
 2.03635 1.37071 0.704248 0.383977 0.462136 0.528057 0.68763 0.481503 0.413838 0.292215 0.192793 0.246503 0.261721 0.228974 0.169638 0.208467 0.547881 0.557884 0.977708 0.770882 0.844366 1.03726 0.984004 0.831204 1.14813 0.943838 0.784425 0.821571 1.11072 0.776744 0.455135
BD_Brms
 14.1037 9.49347 4.87761 2.65941 3.20074 3.65731 4.76251 3.33488 2.86623 2.02387 1.33528 1.70727 1.81268 1.58587 1.17491 1.44384 3.79461 3.86389 6.77159 5.33911 5.84806 7.18406 6.81519 5.7569 7.95191 6.537 5.43291 5.69018 7.69279 5.37971 3.15225
Sel_flota
 0.884011 1 1 1 1
 0.884011 1 1 1 1
 0.884011 1 1 1 1
 0.884011 1 1 1 1
 0.884011 1 1 1 1
 0.884011 1 1 1 1
 0.884011 1 1 1 1
 0.884011 1 1 1 1
 0.884011 1 1 1 1
 0.884011 1 1 1 1
 0.884011 1 1 1 1
 0.884011 1 1 1 1
 0.884011 1 1 1 1
 0.884011 1 1 1 1
 0.884011 1 1 1 1
 0.884011 1 1 1 1
 0.884011 1 1 1 1
 0.884011 1 1 1 1
 0.884011 1 1 1 1
 0.884011 1 1 1 1
 0.884011 1 1 1 1
 0.884011 1 1 1 1
 0.884011 1 1 1 1
 0.884011 1 1 1 1
 0.884011 1 1 1 1
 0.884011 1 1 1 1
 0.884011 1 1 1 1
 0.884011 1 1 1 1
 0.884011 1 1 1 1
 0.884011 1 1 1 1
 0.884011 1 1 1 1
Sel_reclas
 1 1 1 1 1
 1 1 1 1 1
 1 1 1 1 1
 1 1 1 1 1
 1 1 1 1 1
 1 1 1 1 1
 1 1 1 1 1
 1 1 1 1 1
 1 1 1 1 1
 1 1 1 1 1
 1 1 1 1 1
 1 1 1 1 1
 1 1 1 1 1
 1 1 1 1 1
 1 1 1 1 1
 1 1 1 1 1
 1 1 1 1 1
 1 1 1 1 1
 1 1 1 1 1
 1 1 1 1 1
 1 1 1 1 1
 1 1 1 1 1
 1 1 1 1 1
 1 1 1 1 1
 1 1 1 1 1
 1 1 1 1 1
 1 1 1 1 1
 1 1 1 1 1
 1 1 1 1 1
 1 1 1 1 1
 1 1 1 1 1
Sel_pelaces
 0.734802 0.933085 0.98595 0.997177 0.999438
 0.734802 0.933085 0.98595 0.997177 0.999438
 0.734802 0.933085 0.98595 0.997177 0.999438
 0.734802 0.933085 0.98595 0.997177 0.999438
 0.734802 0.933085 0.98595 0.997177 0.999438
 0.734802 0.933085 0.98595 0.997177 0.999438
 0.734802 0.933085 0.98595 0.997177 0.999438
 0.734802 0.933085 0.98595 0.997177 0.999438
 0.734802 0.933085 0.98595 0.997177 0.999438
 0.734802 0.933085 0.98595 0.997177 0.999438
 0.734802 0.933085 0.98595 0.997177 0.999438
 0.734802 0.933085 0.98595 0.997177 0.999438
 0.734802 0.933085 0.98595 0.997177 0.999438
 0.734802 0.933085 0.98595 0.997177 0.999438
 0.734802 0.933085 0.98595 0.997177 0.999438
 0.734802 0.933085 0.98595 0.997177 0.999438
 0.734802 0.933085 0.98595 0.997177 0.999438
 0.734802 0.933085 0.98595 0.997177 0.999438
 0.734802 0.933085 0.98595 0.997177 0.999438
 0.734802 0.933085 0.98595 0.997177 0.999438
 0.734802 0.933085 0.98595 0.997177 0.999438
 0.734802 0.933085 0.98595 0.997177 0.999438
 0.734802 0.933085 0.98595 0.997177 0.999438
 0.734802 0.933085 0.98595 0.997177 0.999438
 0.734802 0.933085 0.98595 0.997177 0.999438
 0.734802 0.933085 0.98595 0.997177 0.999438
 0.734802 0.933085 0.98595 0.997177 0.999438
 0.734802 0.933085 0.98595 0.997177 0.999438
 0.734802 0.933085 0.98595 0.997177 0.999438
 0.734802 0.933085 0.98595 0.997177 0.999438
 0.734802 0.933085 0.98595 0.997177 0.999438
pf_obs 
 0.8446 0.082 0.0669 0.0065 0
 0.8095 0.147 0.0364 0.0071 0
 0.9664 0.0169 0.016 0.0007 0
 0.9276 0.0648 0.0075 0.0001 0
 0.7033 0.2144 0.0806 0.0017 0
 0.9318 0.0425 0.0243 0.0014 0
 0.5671 0.3108 0.0964 0.0239 0.0018
 0.0768 0.2599 0.5324 0.112 0.0189
 0.490249 0.384438 0.106611 0.0170017 0.00170017
 0.7925 0.1577 0.0466 0.003 0.0002
 0.840416 0.127587 0.0312969 0.00059994 9.999e-05
 0.8084 0.0986 0.0794 0.0134 0.0002
 0.7335 0.1905 0.0724 0.0035 0.0001
 0.4001 0.4547 0.1325 0.0127 0
 0.49795 0.308269 0.164784 0.0264974 0.00249975
 0.9179 0.0499 0.0305 0.0017 0
 0.2467 0.6533 0.0926 0.0074 0
 0.9418 0.0223 0.034 0.0019 0
 0.707729 0.231977 0.0356964 0.0245975 0
 0.517169 0.277429 0.184464 0.0207286 0.00020938
 0.811772 0.124168 0.05621 0.00726502 0.000585176
 0.764997 0.148141 0.077277 0.00933861 0.000247198
 0.163321 0.427699 0.378323 0.0303852 0.000271297
 0.753843 0.0900009 0.118128 0.0371064 0.000921714
 0.721811 0.176058 0.0630433 0.0369309 0.00215725
 0.143369 0.312575 0.442814 0.0836902 0.0175525
 0.692698 0.0596174 0.167031 0.0765114 0.00414204
 0.394062 0.376323 0.152708 0.0712218 0.00568511
 0.125707 0.32114 0.495352 0.0537591 0.00404204
 0.23352 0.215282 0.420074 0.123614 0.00750983
 0 0 0 0 0
pf_pred 
 0.427229 0.107042 0.442533 0.0231954 7.39666e-07
 0.412183 0.269877 0.0594181 0.245646 0.012876
 0.548426 0.200956 0.115063 0.0253331 0.110222
 0.769269 0.134119 0.0429933 0.0246171 0.0290012
 0.648564 0.278633 0.0423188 0.0135657 0.0169183
 0.731813 0.1816 0.0686492 0.0104264 0.0075106
 0.46918 0.401856 0.0873269 0.0330116 0.00862545
 0.431576 0.287057 0.213008 0.0462887 0.0220702
 0.50353 0.229758 0.134691 0.0999464 0.0320749
 0.656739 0.184431 0.0735036 0.04309 0.042236
 0.781615 0.150119 0.0366788 0.0146181 0.0169693
 0.721973 0.223145 0.0377259 0.00921767 0.00793813
 0.668715 0.248474 0.066464 0.0112367 0.00510987
 0.610288 0.272642 0.0878066 0.0234872 0.0057766
 0.707287 0.189242 0.072388 0.0233132 0.00776972
 0.918107 0.0602895 0.0139668 0.00534251 0.00229404
 0.425784 0.532998 0.0303448 0.00702974 0.00384362
 0.883232 0.0536234 0.0586124 0.00333694 0.00119571
 0.615194 0.345009 0.0182756 0.0199759 0.00154479
 0.606872 0.254878 0.123952 0.00656589 0.00773177
 0.739877 0.166407 0.0607595 0.0295485 0.00340836
 0.743883 0.195968 0.038479 0.0140497 0.00762076
 0.338132 0.509313 0.116727 0.0229198 0.0129079
 0.745768 0.0936585 0.123563 0.0283187 0.008692
 0.628939 0.28565 0.0314654 0.0415119 0.0124341
 0.451587 0.361427 0.143945 0.0158561 0.0271846
 0.733212 0.129096 0.0907448 0.0361409 0.0108064
 0.689687 0.235237 0.0363284 0.0255362 0.0132113
 0.36985 0.451682 0.13529 0.0208933 0.0222846
 0.458373 0.216993 0.232692 0.0696974 0.0222439
 0.8633 0.0671789 0.0278525 0.0298676 0.0118013
pobs_RECLAS
 0 0 0 0 0
 0 0 0 0 0
 0 0 0 0 0
 0 0 0 0 0
 0 0 0 0 0
 0 0 0 0 0
 0 0 0 0 0
 0 0 0 0 0
 0 0 0 0 0
 0 0 0 0 0
 0.991045 0.00858322 0.000360255 1.14367e-05 0
 0.934742 0.0480273 0.0164251 0.00080598 0
 0.827803 0.169806 0.00239088 0 0
 0.941827 0.0461693 0.0120037 0 0
 0.791401 0.0380133 0.147996 0.0225897 0
 0.846168 0.0940531 0.0597789 0 0
 0.134021 0.677848 0.182769 0.00536245 0
 0.80878 0.0450904 0.141981 0.00414843 0
 0.846168 0.0940531 0.0597789 0 0
 0.905697 0.0802665 0.012482 0.00150086 5.37128e-05
 0.989698 0.0102097 9.19794e-05 0 0
 0.975433 0.0193895 0.00387452 0.00125025 5.28907e-05
 0.303575 0.632131 0.0575291 0.00676475 0
 0.966965 0.00978017 0.0227588 0.000495775 0
 0.843318 0.132988 0.00938335 0.0141283 0.000182051
 0.564624 0.303363 0.111486 0.0197234 0.00080311
 0.826376 0.0876187 0.0782897 0.00655872 0.00115652
 0.89761 0.0855135 0.0140674 0.00269457 0.000114338
 0.34875 0.467042 0.161289 0.0227151 0.000203297
 0.318654 0.224769 0.449479 0.00709798 0
 0.937255 0.0296025 0.0250945 0.00804832 0
ppred_RECLAS
 0.457855 0.101318 0.41887 0.0219551 7.00116e-07
 0.442763 0.255837 0.056327 0.232867 0.0122061
 0.579139 0.187288 0.107237 0.0236102 0.102725
 0.790819 0.121592 0.0389777 0.0223179 0.0262925
 0.676276 0.256662 0.0389818 0.012496 0.0155842
 0.75558 0.165507 0.0625656 0.00950246 0.00684502
 0.500825 0.377899 0.0821209 0.0310436 0.00811124
 0.462147 0.271618 0.201552 0.0437992 0.0208832
 0.534775 0.215298 0.126214 0.0936562 0.0300563
 0.68454 0.169494 0.0675506 0.0396002 0.0388153
 0.802028 0.136087 0.0332504 0.0132517 0.0153831
 0.746725 0.20328 0.0343673 0.00839706 0.00723143
 0.696149 0.227898 0.06096 0.0103062 0.00468671
 0.640553 0.251468 0.0809876 0.0216632 0.00532799
 0.732845 0.172719 0.0660676 0.0212776 0.00709133
 0.927135 0.0536429 0.012427 0.00475353 0.00204113
 0.456656 0.504342 0.0287134 0.0066518 0.00363697
 0.895556 0.0479636 0.0524261 0.00298474 0.00106951
 0.644684 0.318569 0.016875 0.018445 0.0014264
 0.636509 0.235664 0.114608 0.0060709 0.00714889
 0.763257 0.15145 0.0552984 0.0268927 0.00310202
 0.767131 0.17818 0.0349863 0.0127744 0.00692902
 0.366582 0.487421 0.111709 0.0219346 0.012353
 0.768641 0.0852321 0.112446 0.0257709 0.00790999
 0.657505 0.263659 0.0290431 0.0383162 0.0114768
 0.48251 0.341047 0.135829 0.0149621 0.0256518
 0.756846 0.117659 0.0827059 0.0329393 0.00984908
 0.715642 0.215561 0.0332898 0.0234003 0.0121063
 0.399259 0.430601 0.128976 0.0199182 0.0212446
 0.489463 0.204538 0.219336 0.0656968 0.0209671
 0.877282 0.0603073 0.0250035 0.0268125 0.0105942
pobs_PELACES
 0 0 0 0 0
 0 0 0 0 0
 0 0 0 0 0
 0 0 0 0 0
 0 0 0 0 0
 0 0 0 0 0
 0 0 0 0 0
 0 0 0 0 0
 0 0 0 0 0
 0 0 0 0 0
 0 0 0 0 0
 0 0 0 0 0
 0 0 0 0 0
 0 0 0 0 0
 0 0 0 0 0
 0 0 0 0 0
 0.505614 0.472636 0.0217494 0 0
 0 0 0 0 0
 0.443492 0.261883 0.143347 0.151278 0
 0.227955 0.32914 0.350689 0.0885471 0.00366901
 0.970185 0.0296113 0.000203453 0 0
 0.997202 0.00247181 0.000326279 0 0
 0.445219 0.490057 0.0546422 0.010081 0
 0.90214 0.0892962 0.00764917 0.000914606 0
 0 0 0 0 0
 0.581667 0.319106 0.0959925 0.00289975 0.000334073
 0.762889 0.0836404 0.116647 0.0363945 0.000428098
 0.88444 0.0763242 0.0277011 0.0115352 0
 0.521256 0.241999 0.230069 0.00667565 0
 0.616807 0.101726 0.260614 0.0208532 0
 0 0 0 0 0
ppred_PELACES
 0.389355 0.109043 0.476349 0.0252521 8.07079e-07
 0.377965 0.275666 0.0641313 0.26815 0.0140874
 0.512777 0.209357 0.126665 0.0282051 0.122996
 0.745092 0.144302 0.0488784 0.0283055 0.0334221
 0.619544 0.297801 0.0477926 0.0154949 0.019368
 0.705987 0.195345 0.0780287 0.0119859 0.00865354
 0.440484 0.417424 0.0958495 0.0366459 0.00959675
 0.39698 0.295777 0.231914 0.0509709 0.0243578
 0.46851 0.237924 0.147381 0.110608 0.0355769
 0.626099 0.195136 0.0821764 0.0487228 0.0478654
 0.758242 0.162984 0.0420786 0.0169611 0.0197337
 0.698885 0.238811 0.042662 0.0105424 0.00909955
 0.642502 0.264226 0.0746817 0.0127698 0.0058202
 0.583756 0.286066 0.0973499 0.0263364 0.00649203
 0.681445 0.20164 0.0815005 0.0265468 0.00886747
 0.908815 0.0660646 0.0161718 0.00625639 0.00269254
 0.398871 0.555583 0.0334228 0.00783094 0.0042914
 0.868357 0.0586292 0.0677147 0.00389906 0.0014003
 0.589253 0.365874 0.0204789 0.022639 0.00175471
 0.576966 0.268781 0.138119 0.00739965 0.00873333
 0.714415 0.178768 0.0689711 0.0339239 0.00392193
 0.720674 0.210693 0.0437142 0.0161429 0.00877601
 0.311244 0.522811 0.126609 0.0251432 0.0141922
 0.716915 0.100507 0.14011 0.0324768 0.00999089
 0.599419 0.303856 0.0353672 0.0471908 0.0141671
 0.419356 0.375024 0.157823 0.0175828 0.0302132
 0.70474 0.138516 0.102883 0.0414417 0.0124195
 0.662077 0.252304 0.0411717 0.0292702 0.0151774
 0.340631 0.464745 0.14709 0.0229743 0.0245597
 0.422794 0.22319 0.252898 0.0766119 0.0245061
 0.845337 0.0736005 0.0322438 0.0349702 0.0138488
pobs_pel_tallas
 0 0 0 0 0 0 0 0 0 0 0 0 0 0 0 0 0 0 0 0 0 0 0 0 0 0
 0 0 0 0 0 0 0 0 0 0 0 0 0 0 0 0 0 0 0 0 0 0 0 0 0 0
 0 0 0 0 0 0 0 0 0 0 0 0 0 0 0 0 0 0 0 0 0 0 0 0 0 0
 0 0 0 0 0 0 0 0 0 0 0 0 0 0 0 0 0 0 0 0 0 0 0 0 0 0
 0 0 0 0 0 0 0 0 0 0 0 0 0 0 0 0 0 0 0 0 0 0 0 0 0 0
 0 0 0 0 0 0 0 0 0 0 0 0 0 0 0 0 0 0 0 0 0 0 0 0 0 0
 0 0 0 0 0 0 0 0 0 0 0 0 0 0 0 0 0 0 0 0 0 0 0 0 0 0
 0 0 0 0 0 0 0 0 0 0 0 0 0 0 0 0 0 0 0 0 0 0 0 0 0 0
 0 0 0 0 0 0 0 0 0 0 0 0 0 0 0 0 0 0 0 0 0 0 0 0 0 0
 0 0 0 0 0 0 0 0 0 0 0 0 0 0 0 0 0 0 0 0 0 0 0 0 0 0
 0 0 0 0 0 0 0 0 0 0 0 0 0 0 0 0 0 0 0 0 0 0 0 0 0 0
 0 0 0 0 0 0 0 0 0 0 0 0 0 0 0 0 0 0 0 0 0 0 0 0 0 0
 0.00862536 0 0 0.000197151 0.00414017 0.0128641 0.00837892 0.0270097 0.101434 0.158115 0.152841 0.127902 0.109271 0.109419 0.0830992 0.0579132 0.0238553 0.00714673 0.00463305 0.00128148 0.00103504 0.000492878 0.000147863 0.000147863 4.92878e-05 0
 0 0 0 0 0 0 0 0 0 0 0 0 0 0 0 0 0 0 0 0 0 0 0 0 0 0
 0 0 0 0 0 0 0 0.0054083 0.00873648 0.0413646 0.0450493 0.0745869 0.0622846 0.0627006 0.0613931 0.0827291 0.12552 0.122667 0.0946155 0.0697135 0.0546179 0.0294188 0.0215738 0.0213955 0.0102223 0.00600262
 0 0 0 0 0.00359764 0.0251062 0.0480494 0.140153 0.205849 0.193036 0.1447 0.116669 0.0760912 0.0342217 0.00950174 0.001854 0.000860785 0 0 0 0.000165536 0 0.000143464 0 0 0
 0 0 0 0 0 0 0 0.000145254 0.000435761 0.0275982 0.070085 0.0708112 0.156366 0.174668 0.174014 0.160142 0.0824315 0.0480064 0.0283245 0.00493863 0.00203355 0 0 0 0 0
 0 0 0 0 0 0 0 0 0 0 0 0 0 0 0 0 0 0 0 0 0 0 0 0 0 0
 0 0 1.00437e-05 0.000401748 0.00122533 0.00171747 0.00176769 0.0269171 0.070346 0.194647 0.189555 0.159765 0.064822 0.0314167 0.0384472 0.0292271 0.0345202 0.0313363 0.0194345 0.0106764 0.0143323 0.0359363 0.0279516 0.0138201 0.00172751 0
 0 0.0021121 0.0136068 0.0755702 0.200478 0.177729 0.0527432 0.0373336 0.0318909 0.0142505 0.0149659 0.0166563 0.0217959 0.0798694 0.0677717 0.0528807 0.04013 0.0224614 0.0357745 0.0225083 0.00881397 0.00855152 0.00135912 0.000746735 0 0
 0 0 0 0 5.4009e-05 0.00500934 0.000945158 0.0243581 0.138947 0.33067 0.221406 0.137944 0.0707744 0.0437923 0.0131692 0.00525238 0.0047753 0.00276346 9.45158e-05 9.00151e-06 2.25038e-05 9.00151e-06 4.50075e-06 0 0 0
 0.000866109 0.00284123 0.00948549 0.0512746 0.133035 0.25785 0.225252 0.132002 0.0553304 0.0519788 0.0540692 0.017754 0.00435017 0.00159236 0.00146478 0.000404838 0.000125132 0.000115318 0.000107957 0.000100596 0 0 0 0 0 0
 0 0 0 0 0.00144013 0.00171154 0.00461396 0.0210425 0.0478622 0.0707936 0.0888783 0.103762 0.0637923 0.0337046 0.0602308 0.124433 0.169614 0.0934646 0.0462172 0.0250306 0.0313229 0.00938855 0.002487 0.000210481 0 0
 0 0.00764035 0.051015 0.0998891 0.058973 0.0496711 0.0374665 0.0718981 0.12319 0.153886 0.159021 0.0857701 0.0377988 0.023471 0.0147837 0.00900784 0.00315554 0.000888139 0.00291439 0.00214683 0.00393193 0.00274676 0.000635225 9.99891e-05 0 0
 0 0 0 0 0 0 0 0 0 0 0 0 0 0 0 0 0 0 0 0 0 0 0 0 0 0
 0 0 0 0 0 0 0 0 0 0 0 0 0 0 0 0 0 0 0 0 0 0 0 0 0 0
 0 0 0 0 0 0 0 0 0 0 0 0 0 0 0 0 0 0 0 0 0 0 0 0 0 0
 0 0 0 0 0 0 0 0 0 0 0 0 0 0 0 0 0 0 0 0 0 0 0 0 0 0
 0 0 0 0 0 0 0 0 0 0 0 0 0 0 0 0 0 0 0 0 0 0 0 0 0 0
 0 0 0 0 0 0 0 0 0 0 0 0 0 0 0 0 0 0 0 0 0 0 0 0 0 0
 0 0 0 0 0 0 0 0 0 0 0 0 0 0 0 0 0 0 0 0 0 0 0 0 0 0
ppred_pel_tallas
 1.16307e-16 3.20707e-05 0.000311738 0.00207161 0.00941726 0.0293006 0.0624285 0.0911186 0.0911298 0.0624837 0.0294881 0.00996777 0.00348793 0.00351739 0.00645293 0.0114828 0.0185483 0.027498 0.0380378 0.0497782 0.0620181 0.0733615 0.0816517 0.0846013 0.0808812 0.0709331
 1.31197e-16 3.11325e-05 0.000302619 0.00201101 0.00914178 0.0284436 0.0606031 0.0884576 0.0884843 0.0607337 0.0288824 0.0104111 0.00520515 0.00730315 0.0134127 0.0223662 0.0328268 0.0426777 0.0499087 0.0539157 0.0559763 0.0583367 0.0625469 0.0683183 0.0736618 0.0760414
 1.27352e-16 4.22368e-05 0.000410557 0.0027283 0.0124024 0.0385887 0.0822181 0.120004 0.120024 0.0823177 0.0389236 0.0133721 0.00517168 0.00577597 0.0103266 0.0172589 0.0254714 0.0333693 0.039401 0.0429978 0.0449385 0.0467314 0.0494825 0.0531388 0.056581 0.0583228
 1.09943e-16 6.13723e-05 0.00059656 0.00396435 0.0180214 0.0560713 0.119466 0.174368 0.174381 0.119535 0.0563007 0.0186848 0.00563283 0.00424931 0.00703019 0.0116106 0.0169273 0.0217434 0.0248616 0.0257887 0.0250386 0.0237505 0.0229198 0.0228437 0.0231171 0.0230361
 1.06287e-16 5.1031e-05 0.00049604 0.00329636 0.0149848 0.0466234 0.0993372 0.144992 0.14502 0.0994775 0.0470946 0.016346 0.00671404 0.00795954 0.0142338 0.023473 0.0338648 0.0427117 0.0473063 0.0464237 0.0410554 0.033725 0.026949 0.0220405 0.018947 0.0168774
 1.04969e-16 5.81513e-05 0.000565251 0.00375629 0.0170756 0.0531286 0.113197 0.165218 0.165237 0.113289 0.0534392 0.0179737 0.00601472 0.00550847 0.00948454 0.0156881 0.022828 0.0291977 0.0330848 0.0336838 0.0315284 0.0280317 0.0245319 0.0216197 0.0191506 0.0167105
 1.08172e-16 3.62821e-05 0.000352675 0.00234365 0.0106539 0.0331486 0.070628 0.103092 0.103132 0.0708249 0.03381 0.0125654 0.00714489 0.0108449 0.0199958 0.0330868 0.0478663 0.0606349 0.0676403 0.0671595 0.0604954 0.0510086 0.041999 0.0351096 0.0301923 0.026234
 1.16002e-16 3.26988e-05 0.000317844 0.00211218 0.0096017 0.0298746 0.0636521 0.0929081 0.0929369 0.063793 0.0303489 0.0109755 0.00557594 0.00792991 0.0146385 0.0245399 0.0362655 0.0475362 0.0560096 0.0605697 0.0618388 0.0614071 0.0604658 0.0590287 0.0562571 0.0513839
 1.21427e-16 3.85906e-05 0.000375115 0.00249277 0.0113318 0.0352575 0.0751207 0.109646 0.109669 0.0752339 0.0356383 0.0124347 0.00527241 0.00648078 0.011747 0.0196604 0.029041 0.0380839 0.0450027 0.0490806 0.0510641 0.0524637 0.0543174 0.0564324 0.0576091 0.0565063
 1.15408e-16 5.1571e-05 0.000501288 0.00333124 0.0151433 0.0471166 0.100388 0.146523 0.146542 0.10048 0.0474275 0.0160427 0.00559432 0.00546066 0.00952756 0.0158234 0.0231622 0.029942 0.034593 0.0364778 0.0362775 0.035457 0.0352296 0.0358376 0.0365945 0.0364764
 1.06297e-16 6.24554e-05 0.000607089 0.00403432 0.0183394 0.0570609 0.121575 0.177445 0.177461 0.121652 0.0573194 0.0190866 0.00591175 0.00471203 0.00787796 0.0129774 0.018815 0.0239366 0.0269128 0.0271129 0.0250789 0.0221292 0.0195139 0.0177836 0.0167449 0.0158495
 1.0389e-16 5.75663e-05 0.000559565 0.0037185 0.0169038 0.0525941 0.112058 0.163557 0.16358 0.112171 0.0529721 0.0179957 0.00646022 0.00654746 0.0114378 0.0188393 0.0271846 0.0342958 0.0379927 0.0372749 0.0329081 0.0268821 0.0211917 0.0168945 0.0139929 0.0119307
 1.04489e-16 5.29221e-05 0.000514422 0.00341852 0.0155401 0.0483511 0.103018 0.150363 0.150389 0.103143 0.0487702 0.0167513 0.00646167 0.00716721 0.0127158 0.0210113 0.0304333 0.0386276 0.0432178 0.0430917 0.0390233 0.0330681 0.0272491 0.0225828 0.0190188 0.0160198
 1.06623e-16 4.80832e-05 0.000467386 0.00310595 0.0141192 0.0439302 0.093599 0.136616 0.136644 0.0937342 0.0443846 0.0154327 0.00640768 0.0076905 0.0138114 0.0228759 0.0332284 0.0423737 0.0477876 0.048294 0.0447131 0.0391886 0.0337697 0.0293911 0.0258592 0.0225274
 1.06567e-16 5.61298e-05 0.000545602 0.00362571 0.016482 0.0512817 0.109262 0.159475 0.159494 0.109357 0.0516024 0.0174096 0.00595858 0.00565312 0.00980009 0.0162283 0.0236447 0.0303112 0.0344881 0.035374 0.0335405 0.0304422 0.027418 0.0249943 0.0229125 0.0206432
 1.01567e-16 7.48579e-05 0.000727645 0.00483546 0.0219813 0.068392 0.145717 0.212679 0.212685 0.145748 0.0684967 0.022284 0.0055958 0.00238957 0.00323739 0.00525012 0.00759511 0.00963531 0.010777 0.0107509 0.00976453 0.00834698 0.00701264 0.00600958 0.00530068 0.00471364
 1.02619e-16 3.28546e-05 0.000319359 0.00212225 0.00964749 0.0300172 0.0639568 0.093358 0.0934115 0.0642181 0.0308942 0.0121797 0.0084748 0.0141751 0.0263124 0.0433559 0.0622372 0.0778119 0.0848581 0.0809696 0.0680138 0.0509186 0.0348026 0.0226548 0.0148894 0.0103683
 1.02598e-16 7.15254e-05 0.000695252 0.0046202 0.0210027 0.0653474 0.13923 0.203211 0.203217 0.139258 0.065442 0.0212773 0.00531377 0.00222397 0.00301769 0.00498706 0.0074358 0.00988761 0.0118889 0.0131988 0.0138709 0.0141044 0.0140079 0.0135016 0.012431 0.0107588
 1.03252e-16 4.85361e-05 0.000471788 0.0031352 0.0142522 0.044344 0.0944809 0.137905 0.13794 0.094653 0.0449216 0.01592 0.00731963 0.00959959 0.017364 0.0285784 0.0410467 0.0513788 0.0561627 0.0538483 0.0456948 0.0349544 0.0249634 0.017606 0.0130343 0.0103764
 1.06275e-16 4.7524e-05 0.00046195 0.00306982 0.013955 0.0434193 0.0925103 0.135027 0.135053 0.0926377 0.0438475 0.0151939 0.00618721 0.00729177 0.0130903 0.0217521 0.0317629 0.0408405 0.0466537 0.0480701 0.0457289 0.0414132 0.0367847 0.0325365 0.0284774 0.0241875
 1.06102e-16 5.88454e-05 0.000571999 0.00380113 0.0172794 0.0537627 0.114548 0.16719 0.167207 0.114632 0.0540471 0.0181017 0.00586897 0.00509911 0.00869522 0.0143839 0.020957 0.0268698 0.0305875 0.0314121 0.0298654 0.027247 0.0247394 0.022783 0.0211048 0.0191874
 1.0442e-16 5.9361e-05 0.00057701 0.00383444 0.0174308 0.0542338 0.115552 0.168655 0.168676 0.115651 0.0545676 0.0183951 0.00625617 0.00586814 0.0101215 0.0166745 0.0240997 0.0304897 0.0339435 0.0335948 0.0301181 0.0252403 0.0206636 0.0172454 0.0149156 0.0131372
 1.08711e-16 2.56369e-05 0.0002492 0.00165602 0.00752806 0.0234229 0.0499068 0.072851 0.0729014 0.0501534 0.0242514 0.00992225 0.00766995 0.0133916 0.0250263 0.04144 0.0599444 0.0759087 0.0846092 0.0838494 0.0752171 0.0628909 0.0510134 0.041712 0.0349262 0.0295327
 1.09017e-16 5.90513e-05 0.000574 0.00381443 0.0173399 0.0539508 0.114948 0.167772 0.167782 0.114997 0.0541141 0.0178141 0.00501478 0.00322781 0.00519752 0.00875705 0.013214 0.0178881 0.0221016 0.0255156 0.0282265 0.0304705 0.032209 0.0329995 0.0322701 0.029742
 1.08229e-16 4.93734e-05 0.000479927 0.00318929 0.0144981 0.045109 0.0961105 0.140282 0.140312 0.0962537 0.0455896 0.0158862 0.0066743 0.00808946 0.0145072 0.0239237 0.0345099 0.0435271 0.0482423 0.0474583 0.042256 0.0352692 0.0290745 0.0249338 0.0226287 0.021146
 1.11527e-16 3.45419e-05 0.00033576 0.00223124 0.0101429 0.0315586 0.0672403 0.0981468 0.0981831 0.0674178 0.0321552 0.0118682 0.00657009 0.00983475 0.018155 0.0301691 0.0439483 0.0562996 0.0639646 0.0654171 0.0616879 0.055474 0.0493051 0.0442565 0.0399821 0.0356213
 1.09263e-16 5.80485e-05 0.000564253 0.00374966 0.0170454 0.0530347 0.112996 0.164924 0.164938 0.113062 0.0532567 0.0176886 0.00537142 0.00412839 0.00689744 0.011497 0.0169961 0.0223072 0.0263567 0.028661 0.0295562 0.0298189 0.0299998 0.0300388 0.0294193 0.0276332
 1.06757e-16 5.45345e-05 0.000530094 0.00352266 0.0160135 0.0498242 0.106157 0.154944 0.154968 0.106276 0.0502235 0.0171673 0.00641988 0.00685841 0.0120845 0.0199234 0.0287742 0.0363641 0.0404273 0.0399576 0.0358167 0.0301381 0.0250083 0.0214503 0.0193044 0.0177931
 1.10824e-16 2.80574e-05 0.000272728 0.00181237 0.00823882 0.0256343 0.0546182 0.0797262 0.0797712 0.0548378 0.0263719 0.0103712 0.00717138 0.0119929 0.0223498 0.0370696 0.0537851 0.0684515 0.0769413 0.077333 0.0709874 0.0614676 0.0522257 0.0449108 0.0392963 0.0343348
 1.19186e-16 3.48251e-05 0.000338512 0.00224953 0.0102261 0.0318172 0.0677907 0.098947 0.0989689 0.0678978 0.0321779 0.0112727 0.00489487 0.00617389 0.0112959 0.0190892 0.0286011 0.0383013 0.0466173 0.0528071 0.0572351 0.0607233 0.0635586 0.065067 0.0640832 0.0598309
 1.06801e-16 6.96293e-05 0.000676821 0.00449772 0.020446 0.063615 0.135539 0.197824 0.197832 0.135574 0.0637324 0.0207857 0.00535305 0.00255264 0.0036582 0.00600804 0.00881981 0.0114689 0.0133859 0.0143559 0.0146495 0.0148064 0.0152338 0.0159372 0.0165564 0.0166223
pSPR Fmed_Fpbrs
0.735823   0.194384 0.194384
Fs Fmed_Fpbrs
0.15421   1.005 1.005
SSBpbr Bo_Bmed_Bpbrs
2.38338e+06  1.63458e+06  344122 344122
Ro
235106
SPR SPRFo_SPRFmed_SPRFpbrs
1.67411e+06 1.23185e+06 325419
Fref
1.005
log_Ro
12.1878
likeval ReclasPelacesDesembMPH_pf_preclas_ppelaces_ptallas_desvR_qrecl_qpela
 17.7468 17.4898 0.126794 0.0035119 229.72 123.213 83.2515 0 21.3432 1.00257e-05 0 0.643661 0 0 0
q_reclas_q_pelaces
0.638468 1
M
1
N
 248228 55210 228249 11963.7 0.381504
 144930 84509.8 18606.3 76922 4032
 142235 46403.5 26569.7 5849.78 25451.8
 294012 45764 14670.1 8399.82 9895.77
 235442 89710.2 13625.2 4367.7 5447.09
 369303 81541.3 30824.5 4681.63 3372.37
 156827 120329 26148.6 9884.79 2582.75
 75886.6 44715.2 33180.6 7210.44 3437.91
 66019.6 26849.5 15740 11679.7 3748.27
 82959.7 20816.1 8296.08 4863.41 4767.01
 146333 24919.7 6088.7 2426.61 2816.9
 183862 50939.4 8612.05 2104.2 1812.11
 155515 51750.5 13842.7 2340.3 1064.25
 110662 44586.9 14359.6 3841.03 944.686
 114284 27402.1 10481.7 3375.74 1125.05
 550055 32343.3 7492.71 2866.08 1230.68
 141785 158222 9007.97 2086.8 1140.99
 822486 44537.6 48681.3 2771.54 993.117
 509549 255846 13552.5 14813.4 1145.56
 391409 146948 71463.8 3785.52 4457.7
 580795 116462 42523.1 20679.8 2385.38
 773430 182059 35748 13052.5 7079.88
 173200 232098 53193.4 10444.7 5882.21
 506732 56563.8 74623.9 17102.7 5249.42
 417317 168491 18560 24485.9 7334.27
 194642 138339 55096.3 6069.06 10405.1
 420608 65822.7 46268.5 18427.3 5509.91
 461731 139864 21599.6 15182.9 7854.97
 143744 155918 46701.4 7212.25 7692.51
 115065 48464.2 51970.5 15566.5 4968.05
 543913 37538.2 15563.4 16689.4 6594.32
pred_Ctot
 11772.6 2949.61 12194.2 639.163 0.0203819
 12014.2 7866.34 1731.91 7160.05 375.307
 11398.2 4176.56 2391.41 526.511 2290.79
 32191.1 5612.39 1799.11 1030.14 1213.6
 8759.92 3763.4 571.585 183.227 228.509
 26950.8 6687.88 2528.18 383.979 276.596
 22767.6 19500.6 4237.65 1601.93 418.561
 1840.39 1224.11 908.342 197.391 94.1151
 6040.09 2756.06 1615.68 1198.91 384.754
 9781.69 2746.98 1094.79 641.797 629.076
 4994.47 959.249 234.376 93.4086 108.432
 27902.2 8623.94 1458 356.237 306.787
 22136.3 8225.18 2200.14 371.965 169.15
 23612.5 10548.7 3397.3 908.739 223.501
 17025.7 4555.38 1742.51 561.189 187.031
 77365.1 5080.35 1176.92 450.191 193.309
 13266.9 16607.6 945.511 219.039 119.763
 81400.6 4942.05 5401.85 307.54 110.2
 70990.8 39812.6 2108.92 2305.13 178.262
 48129 20213.6 9830.25 520.72 613.182
 55017.3 12374 4518.08 2197.23 253.446
 91598.9 24130.8 4738.16 1730.03 938.392
 12410.7 18693.7 4284.32 841.242 473.767
 31055.6 3900.16 5145.43 1179.26 361.955
 26312.5 11950.5 1316.4 1736.71 520.196
 10004.1 8006.79 3188.86 351.265 602.228
 25761.7 4535.82 3188.35 1269.82 379.686
 24127.8 8229.45 1270.9 893.349 462.179
 7642.8 9333.81 2795.72 431.752 460.502
 8315.04 3936.33 4221.11 1264.33 403.512
 20165.3 1569.19 650.59 697.659 275.659
F
 0.0774789 0.0876447 0.0876447 0.0876447 0.0876447
 0.138874 0.157095 0.157095 0.157095 0.157095
 0.133982 0.151562 0.151562 0.151562 0.151562
 0.187037 0.211578 0.211578 0.211578 0.211578
 0.0603546 0.0682736 0.0682736 0.0682736 0.0682736
 0.121387 0.137314 0.137314 0.137314 0.137314
 0.25483 0.288266 0.288266 0.288266 0.288266
 0.038994 0.0441103 0.0441103 0.0441103 0.0441103
 0.154228 0.174463 0.174463 0.174463 0.174463
 0.202695 0.22929 0.22929 0.22929 0.22929
 0.055249 0.0624981 0.0624981 0.0624981 0.0624981
 0.267752 0.302883 0.302883 0.302883 0.302883
 0.249304 0.282015 0.282015 0.282015 0.282015
 0.395865 0.447805 0.447805 0.447805 0.447805
 0.262277 0.29669 0.29669 0.29669 0.29669
 0.246019 0.278299 0.278299 0.278299 0.278299
 0.157977 0.178705 0.178705 0.178705 0.178705
 0.167754 0.189764 0.189764 0.189764 0.189764
 0.243444 0.275386 0.275386 0.275386 0.275386
 0.212192 0.240033 0.240033 0.240033 0.240033
 0.160065 0.181067 0.181067 0.181067 0.181067
 0.203674 0.230398 0.230398 0.230398 0.230398
 0.119076 0.1347 0.1347 0.1347 0.1347
 0.101097 0.114362 0.114362 0.114362 0.114362
 0.10414 0.117804 0.117804 0.117804 0.117804
 0.0841991 0.0952466 0.0952466 0.0952466 0.0952466
 0.101033 0.114289 0.114289 0.114289 0.114289
 0.085655 0.0968936 0.0968936 0.0968936 0.0968936
 0.0872096 0.0986521 0.0986521 0.0986521 0.0986521
 0.120139 0.135902 0.135902 0.135902 0.135902
 0.0601354 0.0680257 0.0680257 0.0680257 0.0680257
nmprior
 8 9 7.5 0
nm_flota  nm_reclas  nm_pelaces    nm_pelaL
inf 11.9115 10.606 17.0083
cv_recla  cv_pelaces  cv_mph
0.381052 0.492104 1.82884
 ------------------------------------------------
Talla a la edad & desviación 
 8 13.2811 15.8009 17.003 17.5766
 0.8 1.32811 1.58009 1.7003 1.75766
