years
 1991 1992 1993 1994 1995 1996 1997 1998 1999 2000 2001 2002 2003 2004 2005 2006 2007 2008 2009 2010 2011 2012 2013 2014 2015 2016 2017 2018 2019 2020 2021
reclasobs
 0 0 0 0 0 0 0 0 0 252601 567819 844713 477998 351125 339783 2.1784e+06 2.13404e+06 4.81314e+06 1.55562e+06 2.62356e+06 3.21686e+06 3.843e+06 1.13348e+06 3.07943e+06 1.97215e+06 2.03268e+06 2.025e+06 2.42433e+06 2.27542e+06 1.05018e+06 2.36338e+06
reclaspred
 2.90086e+06 1.54711e+06 753903 447264 263616 1.36293e+06 607150 387225 284845 219527 405011 620021 602510 422588 377089 1.6557e+06 1.3202e+06 3.60959e+06 2.94949e+06 2.06775e+06 3.76274e+06 3.08935e+06 2.11623e+06 3.43615e+06 2.42127e+06 1.97046e+06 2.65635e+06 3.21027e+06 2.44166e+06 1.20899e+06 1.17036e+06
pelacesobs
 0 0 0 0 0 0 0 0 0 0 0 0 0 0 0 552880 188675 0 991730 2.46772e+06 1.41603e+06 1.21717e+06 2.29649e+06 1.80582e+06 0 1.4828e+06 1.56532e+06 1.57751e+06 1.42118e+06 867257 0
pelacespred
 847358 476588 220451 96267.7 64149.2 395564 131397 124126 72370.8 52881.1 118797 150951 163690 113453 104001 420663 337268 1.10495e+06 899430 577160 1.0681e+06 907111 629187 1.14807e+06 764860 623620 971559 1.15053e+06 723114 409537 363936
mphobs
 0 0 0 0 0 0 0 0 0 0 0 498337 0 5186 125008 0 168611 109162 213762 579715 649985 157893 87575 83554 0 0 0 0 0 0 0
mphpred
 1.72301e+06 1.03281e+06 484393 243904 118317 93709.9 460967 170075 117169 66511.6 52811.3 172993 201207 155405 83993.6 102660 698036 517312 1.33253e+06 960553 968494 1.26657e+06 1.20746e+06 846790 1.26558e+06 969834 729580 911267 1.47344e+06 872911 350570
desembarqueobs
 494567 514787 250237 358949 120608 361735 552515 73892 212993 205616 52469 317467 293654 387597 252695 516296 358380 742168 942051 627588 828172 859565 418607 520667 417249 300574 407403 355545 319650 289779 219260
desembarquepred
 494533 514749 249803 358928 120592 361619 552126 73886.9 212921 205546 52467.1 317385 293550 387288 252558 516068 358339 741867 941316 627114 828023 859214 418512 520600 417152 300496 407310 355459 319572 289703 219246
Reclutas
 115223 101081 81164.9 54763.8 36668.1 252142 47722.2 15454.5 28386.2 47757.9 72377.4 121133 95324.8 68099.3 55569.9 415989 45076 625742 343448 250841 393567 514885 64681 291444 216031 87658.2 256041 307494 50698.1 32279.9 124238
log_desv_Rt
 0.0489728 -0.081968 -0.301412 -0.694866 -1.09599 0.832097 -0.832497 -1.95999 -1.35199 -0.831751 -0.416 0.0989909 -0.140605 -0.476927 -0.680253 1.33276 -0.889544 1.74104 1.14114 0.826925 1.27736 1.54605 -0.528427 0.976954 0.677527 -0.224449 0.847443 1.03056 -0.772006 -1.22345 0.124301
SSB
 1.72301e+06 1.03281e+06 484393 243904 118317 93709.9 460967 170075 117169 66511.6 52811.3 172993 201207 155405 83993.6 102660 698036 517312 1.33253e+06 960553 968494 1.26657e+06 1.20746e+06 846790 1.26558e+06 969834 729580 911267 1.47344e+06 872911 350570
BT
 2.38364e+06 1.60617e+06 746019 515837 247890 1.22954e+06 783035 353424 372385 315261 317960 609643 641458 661299 492264 1.38159e+06 1.05884e+06 3.21386e+06 2.97159e+06 1.89938e+06 3.13799e+06 2.8917e+06 1.81597e+06 3.13832e+06 2.15791e+06 1.70923e+06 2.66308e+06 3.01211e+06 1.93501e+06 1.24241e+06 1.04366e+06
Ftot
 0.259536 0.504316 0.509134 1.20202 0.749314 0.561755 1.27024 0.312661 1.26711 1.60823 0.270099 0.916252 0.85074 1.54445 1.25635 0.664956 0.417752 0.414684 0.539807 0.513884 0.395527 0.488539 0.303852 0.286133 0.285615 0.247123 0.29041 0.213238 0.196079 0.356936 0.349741
BD_Bspro_t
 0.959596 0.729508 0.502316 0.366722 0.212114 0.223284 0.473757 0.218317 0.210955 0.159798 0.166211 0.469069 0.373551 0.278667 0.169082 0.204417 0.510166 0.425571 0.59059 0.479983 0.437853 0.501512 0.519973 0.473786 0.603826 0.598346 0.588492 0.665965 0.74654 0.638123 0.506462
BD_Bspro
 2.20546 1.32199 0.620023 0.312197 0.151445 0.119949 0.590037 0.217696 0.149976 0.0851349 0.0675985 0.221431 0.257545 0.198918 0.107512 0.131405 0.893487 0.66216 1.70564 1.22951 1.23967 1.6212 1.54556 1.08389 1.61994 1.24139 0.933863 1.16642 1.886 1.11733 0.448729
BD_Bo
 1.12136 0.672163 0.315249 0.158736 0.077002 0.0609875 0.300003 0.110687 0.0762548 0.0432866 0.0343702 0.112586 0.130948 0.101139 0.0546641 0.0668126 0.454291 0.336673 0.867226 0.625139 0.630308 0.824297 0.785833 0.551101 0.823654 0.63118 0.47482 0.593064 0.958931 0.568101 0.228155
BD_Brms
 5.42772 3.25348 1.5259 0.76833 0.372714 0.295199 1.45211 0.535759 0.369097 0.209521 0.166363 0.54495 0.633828 0.489546 0.264591 0.323394 2.19891 1.6296 4.19764 3.02587 3.05089 3.98986 3.80368 2.6675 3.98674 3.05511 2.29828 2.87061 4.64152 2.74979 1.10434
Sel_flota
 0.619352 0.968667 0.9983 0.99991 0.999995
 0.619352 0.968667 0.9983 0.99991 0.999995
 0.619352 0.968667 0.9983 0.99991 0.999995
 0.619352 0.968667 0.9983 0.99991 0.999995
 0.619352 0.968667 0.9983 0.99991 0.999995
 0.619352 0.968667 0.9983 0.99991 0.999995
 0.619352 0.968667 0.9983 0.99991 0.999995
 0.619352 0.968667 0.9983 0.99991 0.999995
 0.619352 0.968667 0.9983 0.99991 0.999995
 0.619352 0.968667 0.9983 0.99991 0.999995
 0.619352 0.968667 0.9983 0.99991 0.999995
 0.619352 0.968667 0.9983 0.99991 0.999995
 0.619352 0.968667 0.9983 0.99991 0.999995
 0.619352 0.968667 0.9983 0.99991 0.999995
 0.619352 0.968667 0.9983 0.99991 0.999995
 0.619352 0.968667 0.9983 0.99991 0.999995
 0.619352 0.968667 0.9983 0.99991 0.999995
 0.619352 0.968667 0.9983 0.99991 0.999995
 0.619352 0.968667 0.9983 0.99991 0.999995
 0.619352 0.968667 0.9983 0.99991 0.999995
 0.619352 0.968667 0.9983 0.99991 0.999995
 0.619352 0.968667 0.9983 0.99991 0.999995
 0.619352 0.968667 0.9983 0.99991 0.999995
 0.619352 0.968667 0.9983 0.99991 0.999995
 0.619352 0.968667 0.9983 0.99991 0.999995
 0.619352 0.968667 0.9983 0.99991 0.999995
 0.619352 0.968667 0.9983 0.99991 0.999995
 0.619352 0.968667 0.9983 0.99991 0.999995
 0.619352 0.968667 0.9983 0.99991 0.999995
 0.619352 0.968667 0.9983 0.99991 0.999995
 0.619352 0.968667 0.9983 0.99991 0.999995
Sel_reclas
 1 1 1 1 1
 1 1 1 1 1
 1 1 1 1 1
 1 1 1 1 1
 1 1 1 1 1
 1 1 1 1 1
 1 1 1 1 1
 1 1 1 1 1
 1 1 1 1 1
 1 1 1 1 1
 1 1 1 1 1
 1 1 1 1 1
 1 1 1 1 1
 1 1 1 1 1
 1 1 1 1 1
 1 1 1 1 1
 1 1 1 1 1
 1 1 1 1 1
 1 1 1 1 1
 1 1 1 1 1
 1 1 1 1 1
 1 1 1 1 1
 1 1 1 1 1
 1 1 1 1 1
 1 1 1 1 1
 1 1 1 1 1
 1 1 1 1 1
 1 1 1 1 1
 1 1 1 1 1
 1 1 1 1 1
 1 1 1 1 1
Sel_pelaces
 1 1 1 1 1
 1 1 1 1 1
 1 1 1 1 1
 1 1 1 1 1
 1 1 1 1 1
 1 1 1 1 1
 1 1 1 1 1
 1 1 1 1 1
 1 1 1 1 1
 1 1 1 1 1
 1 1 1 1 1
 1 1 1 1 1
 1 1 1 1 1
 1 1 1 1 1
 1 1 1 1 1
 1 1 1 1 1
 1 1 1 1 1
 1 1 1 1 1
 1 1 1 1 1
 1 1 1 1 1
 1 1 1 1 1
 1 1 1 1 1
 1 1 1 1 1
 1 1 1 1 1
 1 1 1 1 1
 1 1 1 1 1
 1 1 1 1 1
 1 1 1 1 1
 1 1 1 1 1
 1 1 1 1 1
 1 1 1 1 1
pf_obs 
 0.8446 0.082 0.0669 0.0065 0
 0.8095 0.147 0.0364 0.0071 0
 0.9664 0.0169 0.016 0.0007 0
 0.9276 0.0648 0.0075 0.0001 0
 0.7033 0.2144 0.0806 0.0017 0
 0.9318 0.0425 0.0243 0.0014 0
 0.5671 0.3108 0.0964 0.0239 0.0018
 0.0768 0.2599 0.5324 0.112 0.0189
 0.490249 0.384438 0.106611 0.0170017 0.00170017
 0.7925 0.1577 0.0466 0.003 0.0002
 0.840416 0.127587 0.0312969 0.00059994 9.999e-05
 0.8084 0.0986 0.0794 0.0134 0.0002
 0.7335 0.1905 0.0724 0.0035 0.0001
 0.4001 0.4547 0.1325 0.0127 0
 0.49795 0.308269 0.164784 0.0264974 0.00249975
 0.9179 0.0499 0.0305 0.0017 0
 0.2467 0.6533 0.0926 0.0074 0
 0.9418 0.0223 0.034 0.0019 0
 0.707729 0.231977 0.0356964 0.0245975 0
 0.517169 0.277429 0.184464 0.0207286 0.00020938
 0.811772 0.124168 0.05621 0.00726502 0.000585176
 0.764997 0.148141 0.077277 0.00933861 0.000247198
 0.163321 0.427699 0.378323 0.0303852 0.000271297
 0.753843 0.0900009 0.118128 0.0371064 0.000921714
 0.721811 0.176058 0.0630433 0.0369309 0.00215725
 0.143369 0.312575 0.442814 0.0836902 0.0175525
 0.692698 0.0596174 0.167031 0.0765114 0.00414204
 0.394062 0.376323 0.152708 0.0712218 0.00568511
 0.125707 0.32114 0.495352 0.0537591 0.00404204
 0.23352 0.215282 0.420074 0.123614 0.00750983
 0 0 0 0 0
pf_pred 
 0.389778 0.20727 0.363381 0.0395712 9.47225e-07
 0.49567 0.258575 0.0853375 0.144689 0.0157284
 0.562795 0.275473 0.084515 0.0268497 0.0503682
 0.562336 0.30244 0.0864414 0.025518 0.0232649
 0.661768 0.245017 0.0654745 0.0177514 0.0099887
 0.941189 0.0459228 0.00944745 0.00241827 0.00102215
 0.343704 0.633657 0.0178311 0.00352593 0.00128124
 0.40022 0.309977 0.280321 0.00747307 0.00200875
 0.70377 0.156048 0.0736683 0.0643419 0.00217225
 0.865155 0.112453 0.0121077 0.00541227 0.00487228
 0.873841 0.117976 0.00689386 0.000697778 0.000590683
 0.780059 0.201992 0.016822 0.000950255 0.000177272
 0.700598 0.260439 0.0359172 0.00285488 0.00019087
 0.671407 0.26744 0.0535066 0.00705053 0.000596411
 0.77878 0.181432 0.0327445 0.0061648 0.000878148
 0.964507 0.031189 0.00356389 0.000609421 0.000130696
 0.227751 0.756528 0.0138831 0.00152231 0.000315432
 0.916 0.0276909 0.0552036 0.000976857 0.000129054
 0.557237 0.420205 0.00761914 0.0146465 0.000292841
 0.565127 0.297324 0.130803 0.00228146 0.00446406
 0.732338 0.18501 0.0571898 0.0242161 0.00124617
 0.7182 0.231397 0.0352295 0.010505 0.00466803
 0.200332 0.649862 0.123844 0.0181577 0.00780428
 0.740721 0.0752862 0.15048 0.027714 0.005799
 0.569238 0.355606 0.0223557 0.0431978 0.00960287
 0.372907 0.427905 0.165431 0.0100545 0.0237037
 0.75145 0.121965 0.0872882 0.0326472 0.00664978
 0.681939 0.264822 0.0265827 0.0183914 0.00826462
 0.206538 0.614272 0.150019 0.0145783 0.0145927
 0.278372 0.212055 0.397364 0.0939684 0.0182396
 0.775263 0.0885185 0.0410426 0.0742493 0.0209267
pobs_RECLAS
 0 0 0 0 0
 0 0 0 0 0
 0 0 0 0 0
 0 0 0 0 0
 0 0 0 0 0
 0 0 0 0 0
 0 0 0 0 0
 0 0 0 0 0
 0 0 0 0 0
 0 0 0 0 0
 0.991045 0.00858322 0.000360255 1.14367e-05 0
 0.934742 0.0480273 0.0164251 0.00080598 0
 0.827803 0.169806 0.00239088 0 0
 0.941827 0.0461693 0.0120037 0 0
 0.791401 0.0380133 0.147996 0.0225897 0
 0.846168 0.0940531 0.0597789 0 0
 0.134021 0.677848 0.182769 0.00536245 0
 0.80878 0.0450904 0.141981 0.00414843 0
 0.846168 0.0940531 0.0597789 0 0
 0.905697 0.0802665 0.012482 0.00150086 5.37128e-05
 0.989698 0.0102097 9.19794e-05 0 0
 0.975433 0.0193895 0.00387452 0.00125025 5.28907e-05
 0.303575 0.632131 0.0575291 0.00676475 0
 0.966965 0.00978017 0.0227588 0.000495775 0
 0.843318 0.132988 0.00938335 0.0141283 0.000182051
 0.564624 0.303363 0.111486 0.0197234 0.00080311
 0.826376 0.0876187 0.0782897 0.00655872 0.00115652
 0.89761 0.0855135 0.0140674 0.00269457 0.000114338
 0.34875 0.467042 0.161289 0.0227151 0.000203297
 0.318654 0.224769 0.449479 0.00709798 0
 0.937255 0.0296025 0.0250945 0.00804832 0
ppred_RECLAS
 0.507078 0.17088 0.290463 0.0315784 7.55833e-07
 0.614392 0.200888 0.0642154 0.108691 0.0118141
 0.675227 0.207104 0.0615412 0.0195177 0.0366106
 0.684277 0.220642 0.0608236 0.0179207 0.0163367
 0.761516 0.174354 0.0450702 0.0121977 0.00686299
 0.962673 0.0293539 0.00584744 0.00149419 0.000631505
 0.467879 0.514412 0.0139545 0.00275394 0.00100062
 0.517172 0.25329 0.22204 0.00590951 0.00158833
 0.802118 0.106091 0.0482828 0.0420873 0.00142076
 0.917656 0.0691243 0.00715499 0.00319159 0.00287284
 0.916363 0.078369 0.00443985 0.000448646 0.000379754
 0.853201 0.135191 0.0108803 0.000613488 0.000114436
 0.792721 0.181091 0.0241444 0.00191565 0.000128063
 0.779297 0.18092 0.0348172 0.00457826 0.000387237
 0.855811 0.119031 0.0207114 0.00389169 0.000554296
 0.977729 0.0196476 0.00217278 0.000370892 7.95337e-05
 0.319203 0.667362 0.0118666 0.00129899 0.000269136
 0.9465 0.0180117 0.034793 0.000614642 8.11938e-05
 0.668318 0.315308 0.00553657 0.0106248 0.000212413
 0.676924 0.223115 0.0950669 0.00165532 0.00323862
 0.814306 0.129612 0.038825 0.0164122 0.000844504
 0.803394 0.162366 0.0239447 0.00712785 0.00316706
 0.284864 0.584548 0.107988 0.0158066 0.00679318
 0.821869 0.0528804 0.102468 0.0188404 0.00394189
 0.67732 0.267861 0.0163253 0.0314929 0.00700026
 0.486423 0.353894 0.132658 0.00804934 0.0189749
 0.829162 0.0851782 0.0590981 0.022067 0.00449434
 0.772461 0.190443 0.0185376 0.0128043 0.00575341
 0.292079 0.55185 0.130699 0.01268 0.0126915
 0.3846 0.184909 0.335822 0.0792819 0.0153876
 0.847835 0.0611166 0.0274652 0.0496037 0.0139792
pobs_PELACES
 0 0 0 0 0
 0 0 0 0 0
 0 0 0 0 0
 0 0 0 0 0
 0 0 0 0 0
 0 0 0 0 0
 0 0 0 0 0
 0 0 0 0 0
 0 0 0 0 0
 0 0 0 0 0
 0 0 0 0 0
 0 0 0 0 0
 0 0 0 0 0
 0 0 0 0 0
 0 0 0 0 0
 0 0 0 0 0
 0.505614 0.472636 0.0217494 0 0
 0 0 0 0 0
 0.443492 0.261883 0.143347 0.151278 0
 0.227955 0.32914 0.350689 0.0885471 0.00366901
 0.970185 0.0296113 0.000203453 0 0
 0.997202 0.00247181 0.000326279 0 0
 0.445219 0.490057 0.0546422 0.010081 0
 0.90214 0.0892962 0.00764917 0.000914606 0
 0 0 0 0 0
 0.581667 0.319106 0.0959925 0.00289975 0.000334073
 0.762889 0.0836404 0.116647 0.0363945 0.000428098
 0.88444 0.0763242 0.0277011 0.0115352 0
 0.521256 0.241999 0.230069 0.00667565 0
 0.616807 0.101726 0.260614 0.0208532 0
 0 0 0 0 0
ppred_PELACES
 0.51497 0.168425 0.285563 0.0310414 7.42976e-07
 0.628641 0.193938 0.0616889 0.104386 0.0113461
 0.68836 0.199097 0.0588682 0.0186649 0.0350104
 0.714156 0.200481 0.05462 0.0160826 0.0146606
 0.777193 0.163218 0.0418836 0.0113307 0.00637508
 0.964972 0.027579 0.00546378 0.00139574 0.000589885
 0.504545 0.479165 0.0128379 0.00253187 0.000919895
 0.526528 0.248744 0.217389 0.00578476 0.00155478
 0.825134 0.0943041 0.0423899 0.0369257 0.00124648
 0.930789 0.0582492 0.00593524 0.00264524 0.00238094
 0.918731 0.0761628 0.00430348 0.000434804 0.000368035
 0.866025 0.123468 0.00984822 0.000555024 0.000103528
 0.808536 0.16745 0.0221407 0.00175588 0.00011738
 0.808816 0.15715 0.0297894 0.00391392 0.000331031
 0.873017 0.105053 0.018056 0.00339048 0.000482891
 0.979354 0.0182281 0.00200273 0.000341745 7.3282e-05
 0.329776 0.657051 0.0116356 0.00127342 0.000263836
 0.949 0.0172163 0.0331219 0.000584993 7.72763e-05
 0.682022 0.302362 0.00528128 0.010132 0.000202557
 0.690074 0.214367 0.0908817 0.00158201 0.00309515
 0.821276 0.124895 0.0372676 0.0157505 0.00081045
 0.812266 0.15517 0.0227744 0.00677771 0.00301145
 0.292166 0.578896 0.106627 0.0156048 0.0067064
 0.826931 0.0514798 0.0994754 0.0182873 0.00382615
 0.68458 0.261964 0.0159213 0.030709 0.00682596
 0.493732 0.349123 0.130554 0.00792061 0.0186713
 0.834053 0.0828597 0.0573265 0.0214021 0.00435891
 0.776813 0.186866 0.0181515 0.0125362 0.0056329
 0.296864 0.548354 0.129623 0.0125743 0.0125855
 0.394973 0.182242 0.329824 0.0778512 0.0151097
 0.85323 0.0590751 0.0264571 0.0477742 0.0134635
pobs_pel_tallas
 0 0 0 0 0 0 0 0 0 0 0 0 0 0 0 0 0 0 0 0 0 0 0 0 0 0
 0 0 0 0 0 0 0 0 0 0 0 0 0 0 0 0 0 0 0 0 0 0 0 0 0 0
 0 0 0 0 0 0 0 0 0 0 0 0 0 0 0 0 0 0 0 0 0 0 0 0 0 0
 0 0 0 0 0 0 0 0 0 0 0 0 0 0 0 0 0 0 0 0 0 0 0 0 0 0
 0 0 0 0 0 0 0 0 0 0 0 0 0 0 0 0 0 0 0 0 0 0 0 0 0 0
 0 0 0 0 0 0 0 0 0 0 0 0 0 0 0 0 0 0 0 0 0 0 0 0 0 0
 0 0 0 0 0 0 0 0 0 0 0 0 0 0 0 0 0 0 0 0 0 0 0 0 0 0
 0 0 0 0 0 0 0 0 0 0 0 0 0 0 0 0 0 0 0 0 0 0 0 0 0 0
 0 0 0 0 0 0 0 0 0 0 0 0 0 0 0 0 0 0 0 0 0 0 0 0 0 0
 0 0 0 0 0 0 0 0 0 0 0 0 0 0 0 0 0 0 0 0 0 0 0 0 0 0
 0 0 0 0 0 0 0 0 0 0 0 0 0 0 0 0 0 0 0 0 0 0 0 0 0 0
 0 0 0 0 0 0 0 0 0 0 0 0 0 0 0 0 0 0 0 0 0 0 0 0 0 0
 0.00862536 0 0 0.000197151 0.00414017 0.0128641 0.00837892 0.0270097 0.101434 0.158115 0.152841 0.127902 0.109271 0.109419 0.0830992 0.0579132 0.0238553 0.00714673 0.00463305 0.00128148 0.00103504 0.000492878 0.000147863 0.000147863 4.92878e-05 0
 0 0 0 0 0 0 0 0 0 0 0 0 0 0 0 0 0 0 0 0 0 0 0 0 0 0
 0 0 0 0 0 0 0 0.0054083 0.00873648 0.0413646 0.0450493 0.0745869 0.0622846 0.0627006 0.0613931 0.0827291 0.12552 0.122667 0.0946155 0.0697135 0.0546179 0.0294188 0.0215738 0.0213955 0.0102223 0.00600262
 0 0 0 0 0.00359764 0.0251062 0.0480494 0.140153 0.205849 0.193036 0.1447 0.116669 0.0760912 0.0342217 0.00950174 0.001854 0.000860785 0 0 0 0.000165536 0 0.000143464 0 0 0
 0 0 0 0 0 0 0 0.000145254 0.000435761 0.0275982 0.070085 0.0708112 0.156366 0.174668 0.174014 0.160142 0.0824315 0.0480064 0.0283245 0.00493863 0.00203355 0 0 0 0 0
 0 0 0 0 0 0 0 0 0 0 0 0 0 0 0 0 0 0 0 0 0 0 0 0 0 0
 0 0 1.00437e-05 0.000401748 0.00122533 0.00171747 0.00176769 0.0269171 0.070346 0.194647 0.189555 0.159765 0.064822 0.0314167 0.0384472 0.0292271 0.0345202 0.0313363 0.0194345 0.0106764 0.0143323 0.0359363 0.0279516 0.0138201 0.00172751 0
 0 0.0021121 0.0136068 0.0755702 0.200478 0.177729 0.0527432 0.0373336 0.0318909 0.0142505 0.0149659 0.0166563 0.0217959 0.0798694 0.0677717 0.0528807 0.04013 0.0224614 0.0357745 0.0225083 0.00881397 0.00855152 0.00135912 0.000746735 0 0
 0 0 0 0 5.4009e-05 0.00500934 0.000945158 0.0243581 0.138947 0.33067 0.221406 0.137944 0.0707744 0.0437923 0.0131692 0.00525238 0.0047753 0.00276346 9.45158e-05 9.00151e-06 2.25038e-05 9.00151e-06 4.50075e-06 0 0 0
 0.000866109 0.00284123 0.00948549 0.0512746 0.133035 0.25785 0.225252 0.132002 0.0553304 0.0519788 0.0540692 0.017754 0.00435017 0.00159236 0.00146478 0.000404838 0.000125132 0.000115318 0.000107957 0.000100596 0 0 0 0 0 0
 0 0 0 0 0.00144013 0.00171154 0.00461396 0.0210425 0.0478622 0.0707936 0.0888783 0.103762 0.0637923 0.0337046 0.0602308 0.124433 0.169614 0.0934646 0.0462172 0.0250306 0.0313229 0.00938855 0.002487 0.000210481 0 0
 0 0.00764035 0.051015 0.0998891 0.058973 0.0496711 0.0374665 0.0718981 0.12319 0.153886 0.159021 0.0857701 0.0377988 0.023471 0.0147837 0.00900784 0.00315554 0.000888139 0.00291439 0.00214683 0.00393193 0.00274676 0.000635225 9.99891e-05 0 0
 0 0 0 0 0 0 0 0 0 0 0 0 0 0 0 0 0 0 0 0 0 0 0 0 0 0
 0 0 0 0 0 0 0 0 0 0 0 0 0 0 0 0 0 0 0 0 0 0 0 0 0 0
 0 0 0 0 0 0 0 0 0 0 0 0 0 0 0 0 0 0 0 0 0 0 0 0 0 0
 0 0 0 0 0 0 0 0 0 0 0 0 0 0 0 0 0 0 0 0 0 0 0 0 0 0
 0 0 0 0 0 0 0 0 0 0 0 0 0 0 0 0 0 0 0 0 0 0 0 0 0 0
 0 0 0 0 0 0 0 0 0 0 0 0 0 0 0 0 0 0 0 0 0 0 0 0 0 0
 0 0 0 0 0 0 0 0 0 0 0 0 0 0 0 0 0 0 0 0 0 0 0 0 0 0
ppred_pel_tallas
 1.11397e-16 4.24174e-05 0.000412312 0.00273996 0.0124555 0.0387537 0.0825694 0.120516 0.120533 0.082651 0.0390286 0.0132549 0.00476644 0.00490179 0.0087609 0.014917 0.0226491 0.0309055 0.0385568 0.0449514 0.0500516 0.0539654 0.0563533 0.0563576 0.0531707 0.0467359
 1.14219e-16 5.17803e-05 0.000503323 0.00334476 0.0152048 0.0473079 0.100795 0.147117 0.147136 0.100887 0.0476165 0.0160974 0.00559006 0.00542159 0.00944351 0.0156696 0.0229109 0.0295744 0.0341141 0.035931 0.0357506 0.0350664 0.0350748 0.0359362 0.0368335 0.0366209
 1.09547e-16 5.66993e-05 0.000551137 0.0036625 0.0166492 0.051802 0.11037 0.161093 0.161112 0.110464 0.0521181 0.0175629 0.00595898 0.0055745 0.00962736 0.0159078 0.0231074 0.0294876 0.033329 0.0338822 0.0318155 0.0287216 0.0260834 0.0245075 0.0236829 0.022872
 1.05722e-16 5.88241e-05 0.000571791 0.00379976 0.0172731 0.0537433 0.114506 0.16713 0.167149 0.114601 0.0540613 0.0181923 0.00610916 0.00562105 0.00967146 0.0159573 0.0231277 0.0293972 0.0329876 0.0330917 0.0303374 0.026314 0.0225532 0.0197713 0.0178211 0.0161536
 1.03466e-16 6.40164e-05 0.000622262 0.00413515 0.0187978 0.058487 0.124613 0.18188 0.181896 0.12469 0.0587458 0.0195456 0.00601393 0.00472894 0.007879 0.0129655 0.0187686 0.0238088 0.0266211 0.0265315 0.0240408 0.0204456 0.0170144 0.0143726 0.0124561 0.0108758
 1.00405e-16 7.94834e-05 0.000772607 0.00513425 0.0233395 0.072618 0.15472 0.22582 0.225822 0.154733 0.0726617 0.0234657 0.00545106 0.00146464 0.00139506 0.00218388 0.00314615 0.00397289 0.00440826 0.00433585 0.00384199 0.00315293 0.00249504 0.00198777 0.00163161 0.00136606
 1.00903e-16 4.15588e-05 0.000403967 0.0026845 0.0122034 0.0379695 0.0808998 0.118085 0.118131 0.081125 0.0387253 0.0143853 0.00815704 0.0123359 0.0226594 0.0372816 0.0534358 0.0666371 0.0723451 0.0684682 0.0566404 0.0411872 0.0266392 0.0156999 0.00881823 0.0050401
 1.07181e-16 4.33694e-05 0.000421567 0.00280146 0.012735 0.0396236 0.0844231 0.123223 0.123247 0.0845417 0.0400228 0.0138916 0.0057179 0.00683225 0.012347 0.0206773 0.0305551 0.0400224 0.0470403 0.0505504 0.0509156 0.0493235 0.0467238 0.0432602 0.0385703 0.0324897
 1.05162e-16 6.79652e-05 0.000660646 0.00439022 0.0199573 0.0620947 0.1323 0.193097 0.193106 0.132344 0.062245 0.0203923 0.00548492 0.00306019 0.0046545 0.00766572 0.0112244 0.0145212 0.0167871 0.0176928 0.0175283 0.016949 0.0164903 0.016247 0.0159213 0.0151176
 1.00855e-16 7.66679e-05 0.000745239 0.00495238 0.0225128 0.0700457 0.14924 0.217821 0.217827 0.149267 0.0701377 0.0227786 0.00561954 0.00220125 0.00284074 0.0045721 0.00657256 0.00825309 0.00907199 0.00878519 0.00759053 0.00599615 0.00451787 0.00343889 0.00276999 0.00236562
 1.0025e-16 7.56747e-05 0.000735585 0.00488822 0.0222211 0.0691382 0.147307 0.215 0.215007 0.147342 0.0692585 0.0225682 0.00575889 0.00263451 0.00367689 0.00594517 0.00852462 0.0106516 0.0116039 0.0110496 0.00924377 0.00686292 0.00461219 0.00290717 0.00181161 0.00117566
 1.0039e-16 7.13333e-05 0.000693385 0.00460779 0.0209464 0.0651719 0.138856 0.202667 0.202679 0.138914 0.0653669 0.0215093 0.00602024 0.00377457 0.00591655 0.0096511 0.0138549 0.0173355 0.0189284 0.0180944 0.0152388 0.0114429 0.00783128 0.00506321 0.00323879 0.00212565
 1.00878e-16 6.65981e-05 0.000647357 0.00430192 0.0195559 0.0608458 0.129639 0.189215 0.189231 0.129718 0.0611105 0.0203204 0.00622072 0.00483535 0.00801802 0.0131436 0.0189113 0.0237451 0.0260824 0.0251947 0.0216125 0.0167581 0.0120963 0.00846437 0.00596744 0.00429876
 1.01349e-16 6.66211e-05 0.000647581 0.0043034 0.0195627 0.0608668 0.129684 0.18928 0.189295 0.129758 0.0611155 0.0202812 0.00610761 0.00458786 0.00755474 0.0123964 0.017879 0.0225397 0.0249295 0.0243707 0.0213441 0.0171401 0.0130678 0.00984713 0.00753471 0.00583987
 1.0097e-16 7.19093e-05 0.000698984 0.004645 0.0211155 0.0656982 0.139977 0.204303 0.204313 0.140027 0.0658644 0.0215957 0.00585051 0.00333138 0.00507346 0.00827916 0.011932 0.0150302 0.0166025 0.016198 0.0141444 0.0113141 0.00859259 0.00646689 0.00497217 0.00390285
 1.0011e-16 8.06681e-05 0.000784123 0.00521077 0.0236874 0.0737003 0.157026 0.229185 0.229187 0.157035 0.0737291 0.0237706 0.00541952 0.00123965 0.000945306 0.00143378 0.0020544 0.00257645 0.00282517 0.00272147 0.00232444 0.00179108 0.00128315 0.000893139 0.000632058 0.000464141
 1.00677e-16 2.71634e-05 0.000264038 0.00175463 0.00797631 0.0248176 0.0528789 0.0771915 0.0772547 0.0531876 0.0258538 0.0109675 0.00925641 0.0166187 0.0310236 0.0510771 0.0731804 0.0911931 0.0988762 0.0933546 0.0768767 0.0554018 0.0351876 0.0199913 0.0104672 0.00532152
 1.01033e-16 7.81678e-05 0.000759819 0.00504927 0.0229532 0.071416 0.152159 0.222082 0.222083 0.152168 0.0714442 0.0230353 0.00525758 0.00122202 0.000977758 0.00154927 0.00235521 0.00323287 0.00406339 0.00477494 0.00535036 0.00578088 0.00601246 0.00594846 0.00551501 0.00473167
 1.01281e-16 5.61773e-05 0.000546064 0.00362879 0.016496 0.0513252 0.109355 0.159613 0.159642 0.109497 0.0518021 0.0178727 0.00708183 0.00807482 0.0143276 0.0235269 0.0337218 0.042064 0.0456979 0.0433203 0.0359822 0.0264269 0.0175104 0.010909 0.0068516 0.00467157
 1.0336e-16 5.68405e-05 0.00055251 0.00367162 0.0166907 0.051931 0.110645 0.161494 0.161515 0.110747 0.0522719 0.0176765 0.00615043 0.00597809 0.0104028 0.017216 0.0250442 0.0320076 0.036203 0.0367078 0.0340603 0.0297723 0.0253075 0.021367 0.0179067 0.0146236
 1.02825e-16 6.76474e-05 0.000657557 0.0043697 0.019864 0.0618044 0.131681 0.192195 0.192207 0.13174 0.0620026 0.020437 0.00580965 0.00380666 0.0060652 0.00996433 0.0144524 0.0183967 0.0206893 0.0208204 0.0191625 0.0166743 0.0142745 0.0123843 0.010914 0.00955872
 1.01887e-16 6.69053e-05 0.000650344 0.00432176 0.0196461 0.0611264 0.130237 0.190088 0.190103 0.13031 0.0613718 0.020355 0.00610129 0.00453548 0.00744674 0.0122084 0.0175885 0.0221363 0.0244211 0.0237856 0.0207317 0.0165719 0.0126352 0.009647 0.00764121 0.00627392
 1.05925e-16 2.40654e-05 0.000233925 0.00155451 0.00706663 0.0219872 0.0468481 0.0683879 0.0684438 0.047121 0.0229034 0.00971339 0.00820001 0.0147469 0.0276036 0.0456395 0.0658426 0.0830026 0.0918021 0.0897601 0.0786711 0.0633136 0.0485276 0.0369601 0.0287831 0.0228632
 1.05366e-16 6.81132e-05 0.000662085 0.00439979 0.0200008 0.0622299 0.132588 0.193517 0.193522 0.132613 0.0623145 0.0202468 0.00502456 0.00204991 0.00277414 0.00466222 0.00713918 0.0098772 0.0125684 0.0150417 0.0172808 0.019265 0.0207875 0.0214546 0.0208962 0.0190179
 1.04762e-16 5.6388e-05 0.000548112 0.00364239 0.0165578 0.0515176 0.109765 0.16021 0.160235 0.109888 0.0519314 0.0177526 0.00664052 0.00708991 0.0124718 0.0205083 0.0294938 0.0370111 0.0406541 0.0393562 0.0340538 0.0270802 0.0207787 0.016394 0.0138861 0.012477
 1.07811e-16 4.06681e-05 0.000395308 0.00262696 0.0119418 0.0371556 0.0791652 0.115551 0.115585 0.0793303 0.0377103 0.0135457 0.00665901 0.00921752 0.0168549 0.0279546 0.0406253 0.051837 0.0585004 0.059154 0.0547584 0.0478889 0.0410303 0.0353551 0.0307091 0.0264079
 1.0456e-16 6.86998e-05 0.000667787 0.00443768 0.020173 0.0627659 0.13373 0.195184 0.195192 0.133769 0.0628985 0.0205572 0.00540583 0.00279405 0.00414463 0.00684267 0.0100851 0.0131789 0.0154621 0.0166309 0.0168829 0.0166983 0.0164429 0.0161336 0.0155179 0.0143365
 1.02783e-16 6.39851e-05 0.000621958 0.00413313 0.0187886 0.0584585 0.124553 0.181792 0.18181 0.124641 0.0587538 0.0196414 0.00627337 0.00529281 0.00893114 0.0146549 0.0210859 0.0264816 0.0291181 0.0282169 0.0244164 0.0193478 0.0146616 0.0112552 0.009148 0.00785936
 1.07272e-16 2.44524e-05 0.000237686 0.00157951 0.00718025 0.0223407 0.0476012 0.0694864 0.0695393 0.0478599 0.0232095 0.00969063 0.00788472 0.0140146 0.026226 0.0434134 0.062757 0.0793752 0.0882796 0.0871317 0.0775759 0.0640059 0.0508228 0.0403597 0.0326805 0.0267234
 1.19929e-16 3.25335e-05 0.000316237 0.00210151 0.00955316 0.0297235 0.0633298 0.0924354 0.0924535 0.0634183 0.0300221 0.010422 0.0043066 0.00521042 0.00956408 0.0163798 0.0250452 0.0345451 0.0437965 0.0522239 0.0598478 0.066711 0.0721949 0.0749591 0.0736437 0.0677639
 1.07849e-16 7.02794e-05 0.000683141 0.00453971 0.0206369 0.064209 0.136804 0.199671 0.199677 0.136832 0.0643034 0.0209102 0.00522841 0.00219535 0.002969 0.00487036 0.00718969 0.00944369 0.0112159 0.0123808 0.0131926 0.014087 0.0153366 0.0168267 0.0181029 0.0186236
pSPR Fmed_Fpbrs
0.462549   0.256598 0.256598
Fs Fmed_Fpbrs
0.505163   1.005 1.005
SSBpbr Bo_Bmed_Bpbrs
1.53654e+06  633898  317447 317447
Ro
109716
SPR SPRFo_SPRFmed_SPRFpbrs
781250 361366 200467
Fref
1.005
log_Ro
11.4256
likeval ReclasPelacesDesembMPH_pf_preclas_ppelaces_ptallas_desvR_qrecl_qpela
 13.1735 37.0934 0.035919 0.00188115 233.248 119.197 85.2985 0 38.4192 8.11346e-06 0 0.064137 0 0 0
q_reclas_q_pelaces
1.49725 1
M
1
N
 115223 40629.6 69328.5 7538.78 0.180444
 101081 36093.9 11624.2 19683.1 2139.5
 81164.9 27209.8 8146.66 2584.76 4848.5
 54763.8 21783.4 6112.87 1802.8 1643.53
 36668.1 9569.26 2501.26 677.342 381.117
 252142 8480.92 1703.56 435.506 184.067
 47722.2 65501.2 1810.61 357.693 129.971
 15454.5 7993.83 7040.13 187.417 50.3737
 28386.2 4684.48 2172.34 1895.53 63.9917
 47757.9 4764.13 505.023 225.565 203.051
 72377.4 6488.85 369.088 37.3044 31.5765
 121133 22524.6 1837.58 103.689 19.3423
 95324.8 25264.6 3411.2 270.835 18.1062
 68099.3 20705.2 4076.83 536.747 45.4019
 55569.9 9625.42 1706.29 320.938 45.7138
 415989 9388.83 1048.57 179.086 38.4041
 45076 101374 1813.76 198.612 41.1509
 625742 12802.2 24882.3 439.709 58.0864
 343448 178057 3151.65 6050.71 120.969
 250841 90441.6 38830.7 676.404 1323.41
 393567 67124.2 20225 8552.29 440.074
 514885 113327 16834.2 5013.16 2227.51
 64681 139961 25972.8 3802.66 1634.28
 291444 19713 38360.7 7054.84 1476.07
 216031 89804.2 5496.48 10605.7 2357.46
 87658.2 66588.1 25052.3 1520.41 3584.12
 256041 27671.1 19281.5 7201.31 1466.7
 307494 78686.6 7683.53 5308.08 2385.12
 50698.1 99125.6 23545 2284.63 2286.71
 32279.9 16517.9 30158.1 7121.87 1382.28
 124238 9519.83 4300.34 7768.85 2189.44
pred_Ctot
 10958.1 5827.11 10216 1112.49 0.02663
 17582 9171.97 3027.02 5132.29 557.904
 14235.9 6968.09 2137.81 679.164 1274.07
 19287.2 10373.2 2964.8 875.227 797.948
 8934.83 3308.08 884 239.669 134.862
 48175.4 2350.59 483.574 123.781 52.3194
 17493.1 32250.5 907.528 179.455 65.2099
 1747.24 1353.26 1223.8 32.6251 8.76959
 10386.8 2303.08 1087.26 949.609 32.0598
 20593.8 2676.78 288.206 128.831 115.978
 7144.53 964.573 56.3642 5.70503 4.82942
 34707.5 8987.32 748.47 42.2801 7.88745
 25749.9 9572.19 1320.1 104.929 7.01524
 28587.8 11387.3 2278.26 300.204 25.3946
 20209.2 4708.14 849.716 159.976 22.7878
 91774.9 2967.7 339.111 57.9877 12.436
 6633.96 22036.2 404.389 44.3418 9.18793
 91484.9 2765.61 5513.43 97.563 12.8892
 63393.3 47804.1 866.782 1666.24 33.3147
 44355.3 23336.2 10266.4 179.066 350.373
 55142.2 13930.5 4306.17 1823.38 93.832
 87091.6 28060.1 4272.06 1273.88 566.063
 7122.25 23104 4402.93 645.545 277.459
 30354.7 3085.22 6166.67 1135.72 237.643
 22462.4 14032.4 882.166 1704.61 378.934
 7962.65 9137.01 3532.43 214.692 506.142
 27037 4388.25 3140.61 1174.64 239.257
 24308.7 9439.97 947.58 655.59 294.605
 3701.4 11008.5 2688.5 261.259 261.517
 4120.61 3138.96 5882 1390.97 269.993
 15567.3 1777.46 824.137 1490.93 420.209
F
 0.160744 0.251404 0.259095 0.259513 0.259535
 0.312349 0.488515 0.503459 0.504271 0.504314
 0.315333 0.493181 0.508269 0.509089 0.509132
 0.744472 1.16436 1.19998 1.20191 1.20201
 0.464089 0.725836 0.748041 0.749247 0.749311
 0.347924 0.544153 0.5608 0.561704 0.561752
 0.786727 1.23044 1.26808 1.27013 1.27024
 0.193647 0.302864 0.312129 0.312633 0.312659
 0.784786 1.22741 1.26495 1.26699 1.2671
 0.996059 1.55784 1.60549 1.60808 1.60822
 0.167287 0.261636 0.26964 0.270075 0.270098
 0.567482 0.887543 0.914695 0.91617 0.916247
 0.526907 0.824083 0.849294 0.850664 0.850736
 0.95656 1.49606 1.54183 1.54431 1.54445
 0.778121 1.21698 1.25421 1.25624 1.25634
 0.411842 0.64412 0.663826 0.664896 0.664953
 0.258736 0.404663 0.417042 0.417715 0.41775
 0.256835 0.401691 0.413979 0.414647 0.414682
 0.334331 0.522893 0.53889 0.539759 0.539805
 0.318275 0.497783 0.513011 0.513838 0.513882
 0.24497 0.383134 0.394855 0.395491 0.395525
 0.302578 0.473232 0.487709 0.488495 0.488537
 0.188191 0.294331 0.303336 0.303825 0.303851
 0.177217 0.277168 0.285647 0.286108 0.286132
 0.176897 0.276666 0.28513 0.28559 0.285614
 0.153056 0.23938 0.246703 0.247101 0.247122
 0.179866 0.28131 0.289916 0.290384 0.290408
 0.13207 0.206557 0.212876 0.213219 0.213237
 0.121442 0.189935 0.195746 0.196061 0.196078
 0.221069 0.345752 0.356329 0.356904 0.356934
 0.216613 0.338782 0.349147 0.34971 0.349739
nmprior
 8 9 7.5 0
nm_flota  nm_reclas  nm_pelaces    nm_pelaL
inf 16.4718 10.0272 15.9006
cv_recla  cv_pelaces  cv_mph
0.328304 0.716659 1.3385
 ------------------------------------------------
Talla a la edad & desviación 
 8 13.2811 15.8009 17.003 17.5766
 0.8 1.32811 1.58009 1.7003 1.75766
