years
 1991 1992 1993 1994 1995 1996 1997 1998 1999 2000 2001 2002 2003 2004 2005 2006 2007 2008 2009 2010 2011 2012 2013 2014 2015 2016 2017 2018 2019 2020 2021
reclasobs
 0 0 0 0 0 0 0 0 0 252601 567819 844713 477998 351125 339783 2.1784e+06 2.13404e+06 4.81314e+06 1.55562e+06 2.62356e+06 3.21686e+06 3.843e+06 1.13348e+06 3.07943e+06 1.97215e+06 2.03268e+06 2.025e+06 2.42433e+06 2.27542e+06 1.05018e+06 2.36338e+06
reclaspred
 1.70201e+06 1.29656e+06 643596 336304 268174 529471 419710 342314 308398 226322 303272 496670 409541 315317 390702 826575 1.31345e+06 2.1179e+06 2.03354e+06 1.4616e+06 2.43078e+06 2.01847e+06 1.80067e+06 2.3515e+06 2.01629e+06 1.60731e+06 1.78399e+06 1.94802e+06 2.10691e+06 1.15034e+06 825348
pelacesobs
 0 0 0 0 0 0 0 0 0 0 0 0 0 0 0 552880 188675 0 991730 2.46772e+06 1.41603e+06 1.21717e+06 2.29649e+06 1.80582e+06 0 1.4828e+06 1.56532e+06 1.57751e+06 1.42118e+06 867257 0
pelacespred
 700387 587773 306670 132129 109122 225875 143366 151913 139838 91671.8 145254 194784 169022 142891 190821 336723 533152 931575 983610 680449 1.01013e+06 959424 833588 1.1837e+06 1.03655e+06 799275 987430 1.09217e+06 961376 602323 412147
mphobs
 0 0 0 0 0 0 0 0 0 0 0 498337 0 5186 125008 0 168611 109162 213762 579715 649985 157893 87575 83554 0 0 0 0 0 0 0
mphpred
 1.25427e+06 1.36643e+06 745609 306515 235201 181962 457680 266725 211279 238940 112917 356786 368385 217053 199938 339376 908232 1.15996e+06 1.68086e+06 1.44166e+06 1.30247e+06 1.79264e+06 1.59897e+06 1.30002e+06 2.02256e+06 1.41402e+06 1.10452e+06 1.4134e+06 1.95577e+06 1.26739e+06 593768
desembarqueobs
 494567 514787 250237 358949 120608 361735 552515 73892 212993 205616 52469 317467 293654 387597 252695 516296 358380 742168 942051 627588 828172 859565 418607 520667 417249 300574 407403 355545 319650 289779 219260
desembarquepred
 494533 513673 250790 358604 120593 361646 552156 73875.2 213098 205300 52460.2 317507 293457 387004 252441 516233 358512 742911 940770 626966 828318 859053 417550 519933 417703 300951 407692 355424 319402 289403 218739
Reclutas
 355005 75787 23890.9 105879 39318 223013 91961.5 17621.2 57156.9 28823.9 131186 134440 72111 101191 107065 424909 176504 583814 501038 231030 504403 552609 124851 420678 228679 128908 362402 356155 85122.9 50409.8 161072
log_desv_Rt
 0.922927 -0.621278 -1.77571 -0.286912 -1.27752 0.458027 -0.427834 -2.0801 -0.903405 -1.588 -0.0725893 -0.0480899 -0.670999 -0.332192 -0.275765 1.10267 0.22414 1.42038 1.26748 0.493344 1.27417 1.36545 -0.122084 1.09266 0.483114 -0.0901088 0.943549 0.926162 -0.505108 -1.02902 0.132645
SSB
 1.25427e+06 1.36643e+06 745609 306515 235201 181962 457680 266725 211279 238940 112917 356786 368385 217053 199938 339376 908232 1.15996e+06 1.68086e+06 1.44166e+06 1.30247e+06 1.79264e+06 1.59897e+06 1.30002e+06 2.02256e+06 1.41402e+06 1.10452e+06 1.4134e+06 1.95577e+06 1.26739e+06 593768
BT
 2.38964e+06 1.9204e+06 965284 746186 393295 1.2174e+06 881565 487247 685838 448536 595193 876448 760726 940108 975415 1.71151e+06 1.83417e+06 3.82835e+06 3.96644e+06 2.42674e+06 4.08015e+06 3.62261e+06 2.5799e+06 4.60639e+06 3.08926e+06 2.48052e+06 3.84233e+06 3.91336e+06 2.60386e+06 1.79165e+06 1.51446e+06
Ftot
 0.273029 0.367433 0.361344 0.938276 0.415845 0.629033 1.11964 0.203628 0.631699 0.802756 0.164452 0.58379 0.647521 1.07674 0.595303 0.57699 0.256686 0.328667 0.428827 0.397722 0.319261 0.395438 0.218471 0.209183 0.195606 0.17713 0.216096 0.173004 0.143697 0.236485 0.249783
BD_Bspro_t
 0.957256 0.774565 0.57822 0.401644 0.350115 0.36014 0.485962 0.306456 0.325005 0.390712 0.301371 0.659005 0.530267 0.369182 0.338062 0.453464 0.589344 0.625601 0.65694 0.589422 0.522608 0.594748 0.600693 0.59446 0.716658 0.693645 0.69312 0.75827 0.801524 0.724484 0.633262
BD_Bspro
 1.2487 1.36036 0.742299 0.305154 0.234157 0.181154 0.455648 0.265541 0.210341 0.237879 0.112416 0.355202 0.366749 0.216089 0.19905 0.33787 0.9042 1.15481 1.6734 1.43526 1.29669 1.78468 1.59187 1.29425 2.01358 1.40774 1.09961 1.40713 1.94708 1.26176 0.591132
BD_Bo
 0.745021 0.81164 0.442882 0.182066 0.139706 0.108083 0.271856 0.158431 0.125497 0.141927 0.0670711 0.211926 0.218815 0.128927 0.11876 0.201585 0.539477 0.688998 0.998408 0.856327 0.773651 1.0648 0.949768 0.772192 1.20137 0.83991 0.656067 0.839541 1.1617 0.75281 0.35269
BD_Brms
 3.15773 3.44009 1.87713 0.771675 0.592137 0.458104 1.15225 0.671501 0.531912 0.60155 0.284277 0.898237 0.927437 0.546448 0.50336 0.854407 2.28655 2.92028 4.2317 3.62949 3.27908 4.51311 4.02554 3.2729 5.09196 3.55991 2.78071 3.55835 4.9238 3.19075 1.49486
Sel_flota
 0.5 1 1 1 1
 0.5 1 1 1 1
 0.5 1 1 1 1
 0.5 1 1 1 1
 0.5 1 1 1 1
 0.5 1 1 1 1
 0.5 1 1 1 1
 0.5 1 1 1 1
 0.5 1 1 1 1
 0.5 1 1 1 1
 0.5 1 1 1 1
 0.5 1 1 1 1
 0.5 1 1 1 1
 0.5 1 1 1 1
 0.5 1 1 1 1
 0.5 1 1 1 1
 0.5 1 1 1 1
 0.5 1 1 1 1
 0.5 1 1 1 1
 0.5 1 1 1 1
 0.5 1 1 1 1
 0.5 1 1 1 1
 0.5 1 1 1 1
 0.5 1 1 1 1
 0.5 1 1 1 1
 0.5 1 1 1 1
 0.5 1 1 1 1
 0.5 1 1 1 1
 0.5 1 1 1 1
 0.5 1 1 1 1
 0.5 1 1 1 1
Sel_reclas
 0.5 1 1 1 1
 0.5 1 1 1 1
 0.5 1 1 1 1
 0.5 1 1 1 1
 0.5 1 1 1 1
 0.5 1 1 1 1
 0.5 1 1 1 1
 0.5 1 1 1 1
 0.5 1 1 1 1
 0.5 1 1 1 1
 0.5 1 1 1 1
 0.5 1 1 1 1
 0.5 1 1 1 1
 0.5 1 1 1 1
 0.5 1 1 1 1
 0.5 1 1 1 1
 0.5 1 1 1 1
 0.5 1 1 1 1
 0.5 1 1 1 1
 0.5 1 1 1 1
 0.5 1 1 1 1
 0.5 1 1 1 1
 0.5 1 1 1 1
 0.5 1 1 1 1
 0.5 1 1 1 1
 0.5 1 1 1 1
 0.5 1 1 1 1
 0.5 1 1 1 1
 0.5 1 1 1 1
 0.5 1 1 1 1
 0.5 1 1 1 1
Sel_pelaces
 0.5 1 1 1 1
 0.5 1 1 1 1
 0.5 1 1 1 1
 0.5 1 1 1 1
 0.5 1 1 1 1
 0.5 1 1 1 1
 0.5 1 1 1 1
 0.5 1 1 1 1
 0.5 1 1 1 1
 0.5 1 1 1 1
 0.5 1 1 1 1
 0.5 1 1 1 1
 0.5 1 1 1 1
 0.5 1 1 1 1
 0.5 1 1 1 1
 0.5 1 1 1 1
 0.5 1 1 1 1
 0.5 1 1 1 1
 0.5 1 1 1 1
 0.5 1 1 1 1
 0.5 1 1 1 1
 0.5 1 1 1 1
 0.5 1 1 1 1
 0.5 1 1 1 1
 0.5 1 1 1 1
 0.5 1 1 1 1
 0.5 1 1 1 1
 0.5 1 1 1 1
 0.5 1 1 1 1
 0.5 1 1 1 1
 0.5 1 1 1 1
pf_obs 
 0.8446 0.082 0.0669 0.0065 0
 0.8095 0.147 0.0364 0.0071 0
 0.9664 0.0169 0.016 0.0007 0
 0.9276 0.0648 0.0075 0.0001 0
 0.7033 0.2144 0.0806 0.0017 0
 0.9318 0.0425 0.0243 0.0014 0
 0.5671 0.3108 0.0964 0.0239 0.0018
 0.0768 0.2599 0.5324 0.112 0.0189
 0.490249 0.384438 0.106611 0.0170017 0.00170017
 0.7925 0.1577 0.0466 0.003 0.0002
 0.840416 0.127587 0.0312969 0.00059994 9.999e-05
 0.8084 0.0986 0.0794 0.0134 0.0002
 0.7335 0.1905 0.0724 0.0035 0.0001
 0.4001 0.4547 0.1325 0.0127 0
 0.49795 0.308269 0.164784 0.0264974 0.00249975
 0.9179 0.0499 0.0305 0.0017 0
 0.2467 0.6533 0.0926 0.0074 0
 0.9418 0.0223 0.034 0.0019 0
 0.707729 0.231977 0.0356964 0.0245975 0
 0.517169 0.277429 0.184464 0.0207286 0.00020938
 0.811772 0.124168 0.05621 0.00726502 0.000585176
 0.764997 0.148141 0.077277 0.00933861 0.000247198
 0.163321 0.427699 0.378323 0.0303852 0.000271297
 0.753843 0.0900009 0.118128 0.0371064 0.000921714
 0.721811 0.176058 0.0630433 0.0369309 0.00215725
 0.143369 0.312575 0.442814 0.0836902 0.0175525
 0.692698 0.0596174 0.167031 0.0765114 0.00414204
 0.394062 0.376323 0.152708 0.0712218 0.00568511
 0.125707 0.32114 0.495352 0.0537591 0.00404204
 0.23352 0.215282 0.420074 0.123614 0.00750983
 0 0 0 0 0
pf_pred 
 0.656103 0.217384 0.0799711 0.0294197 0.0171216
 0.223682 0.625292 0.0954667 0.0351203 0.0204392
 0.178066 0.321923 0.402738 0.0614882 0.0357847
 0.736096 0.0859715 0.0696899 0.0871847 0.0210576
 0.435936 0.497828 0.0215775 0.0174911 0.0271671
 0.872033 0.0814902 0.0410188 0.00177789 0.00367964
 0.468917 0.500831 0.0192648 0.00969712 0.00129019
 0.254096 0.534843 0.199039 0.00765617 0.00436655
 0.698058 0.12678 0.125598 0.0467407 0.00282332
 0.480928 0.440679 0.0329158 0.0326091 0.0128683
 0.870679 0.0911093 0.0324411 0.00242314 0.00334787
 0.612388 0.362004 0.0180409 0.0064238 0.00114274
 0.466164 0.422203 0.104258 0.00519581 0.00217917
 0.685124 0.214415 0.0794531 0.01962 0.00138788
 0.70374 0.254833 0.0282098 0.0104533 0.00276392
 0.873519 0.107625 0.0162193 0.00179547 0.00084124
 0.427924 0.539379 0.0278223 0.00419288 0.000681618
 0.771196 0.141314 0.0824899 0.004255 0.000745482
 0.568675 0.380227 0.0315589 0.018422 0.00111673
 0.386568 0.460206 0.135075 0.0112112 0.00694109
 0.69373 0.179793 0.0948848 0.0278496 0.00374263
 0.611364 0.323713 0.0381124 0.0201136 0.0066969
 0.233774 0.597679 0.140391 0.0165289 0.0116274
 0.677605 0.127141 0.152303 0.035775 0.00717493
 0.410933 0.481439 0.0424449 0.0508449 0.0143384
 0.343198 0.391811 0.216574 0.0190937 0.0293226
 0.695683 0.159498 0.086391 0.0477528 0.0106754
 0.561246 0.364079 0.0391382 0.021199 0.0143374
 0.210105 0.575996 0.177494 0.0190805 0.0173245
 0.244595 0.269626 0.354233 0.109157 0.0223888
 0.678195 0.131934 0.0677704 0.0890364 0.0330641
pobs_RECLAS
 0 0 0 0 0
 0 0 0 0 0
 0 0 0 0 0
 0 0 0 0 0
 0 0 0 0 0
 0 0 0 0 0
 0 0 0 0 0
 0 0 0 0 0
 0 0 0 0 0
 0 0 0 0 0
 0.991045 0.00858322 0.000360255 1.14367e-05 0
 0.934742 0.0480273 0.0164251 0.00080598 0
 0.827803 0.169806 0.00239088 0 0
 0.941827 0.0461693 0.0120037 0 0
 0.791401 0.0380133 0.147996 0.0225897 0
 0.846168 0.0940531 0.0597789 0 0
 0.134021 0.677848 0.182769 0.00536245 0
 0.80878 0.0450904 0.141981 0.00414843 0
 0.846168 0.0940531 0.0597789 0 0
 0.905697 0.0802665 0.012482 0.00150086 5.37128e-05
 0.989698 0.0102097 9.19794e-05 0 0
 0.975433 0.0193895 0.00387452 0.00125025 5.28907e-05
 0.303575 0.632131 0.0575291 0.00676475 0
 0.966965 0.00978017 0.0227588 0.000495775 0
 0.843318 0.132988 0.00938335 0.0141283 0.000182051
 0.564624 0.303363 0.111486 0.0197234 0.00080311
 0.826376 0.0876187 0.0782897 0.00655872 0.00115652
 0.89761 0.0855135 0.0140674 0.00269457 0.000114338
 0.34875 0.467042 0.161289 0.0227151 0.000203297
 0.318654 0.224769 0.449479 0.00709798 0
 0.937255 0.0296025 0.0250945 0.00804832 0
ppred_RECLAS
 0.659117 0.215479 0.0792704 0.0291619 0.0169716
 0.227001 0.622619 0.0950585 0.0349701 0.0203518
 0.18081 0.320848 0.401394 0.0612829 0.0356652
 0.748253 0.082011 0.0664795 0.0831684 0.0200876
 0.441378 0.493025 0.0213693 0.0173223 0.026905
 0.876132 0.0788805 0.0397052 0.00172095 0.0035618
 0.489193 0.481709 0.0185293 0.00932689 0.00124094
 0.255914 0.533539 0.198554 0.00763751 0.0043559
 0.70589 0.123491 0.12234 0.0455282 0.00275008
 0.493768 0.429778 0.0321016 0.0318024 0.01255
 0.871525 0.0905128 0.0322287 0.00240728 0.00332595
 0.620384 0.354537 0.0176688 0.00629129 0.00111917
 0.475798 0.414584 0.102376 0.00510205 0.00213985
 0.701477 0.203279 0.0753268 0.018601 0.0013158
 0.710918 0.248658 0.0275263 0.0102001 0.00269695
 0.877154 0.104532 0.0157532 0.00174387 0.000817064
 0.430978 0.5365 0.0276738 0.0041705 0.00067798
 0.774119 0.139509 0.081436 0.00420064 0.000735957
 0.574296 0.375272 0.0311477 0.018182 0.00110218
 0.391543 0.456473 0.133979 0.0111203 0.0068848
 0.697136 0.177794 0.0938298 0.0275399 0.00370101
 0.61629 0.31961 0.0376293 0.0198587 0.006612
 0.235635 0.596227 0.14005 0.0164888 0.0115992
 0.679757 0.126293 0.151287 0.0355363 0.00712705
 0.413149 0.479628 0.0422852 0.0506537 0.0142845
 0.345046 0.390709 0.215965 0.01904 0.0292401
 0.697846 0.158364 0.0857772 0.0474135 0.0105995
 0.563209 0.36245 0.0389631 0.0211042 0.0142732
 0.211186 0.575208 0.177251 0.0190544 0.0173008
 0.246697 0.268876 0.353247 0.108854 0.0223265
 0.680824 0.130856 0.0672166 0.0883088 0.0327939
pobs_PELACES
 0 0 0 0 0
 0 0 0 0 0
 0 0 0 0 0
 0 0 0 0 0
 0 0 0 0 0
 0 0 0 0 0
 0 0 0 0 0
 0 0 0 0 0
 0 0 0 0 0
 0 0 0 0 0
 0 0 0 0 0
 0 0 0 0 0
 0 0 0 0 0
 0 0 0 0 0
 0 0 0 0 0
 0 0 0 0 0
 0.505614 0.472636 0.0217494 0 0
 0 0 0 0 0
 0.443492 0.261883 0.143347 0.151278 0
 0.227955 0.32914 0.350689 0.0885471 0.00366901
 0.970185 0.0296113 0.000203453 0 0
 0.997202 0.00247181 0.000326279 0 0
 0.445219 0.490057 0.0546422 0.010081 0
 0.90214 0.0892962 0.00764917 0.000914606 0
 0 0 0 0 0
 0.581667 0.319106 0.0959925 0.00289975 0.000334073
 0.762889 0.0836404 0.116647 0.0363945 0.000428098
 0.88444 0.0763242 0.0277011 0.0115352 0
 0.521256 0.241999 0.230069 0.00667565 0
 0.616807 0.101726 0.260614 0.0208532 0
 0 0 0 0 0
ppred_PELACES
 0.669165 0.209128 0.0769337 0.0283023 0.0164713
 0.237815 0.613908 0.0937287 0.0344809 0.0200671
 0.189809 0.317324 0.396984 0.0606097 0.0352734
 0.776283 0.0728799 0.0590777 0.0739084 0.017851
 0.458358 0.478039 0.0207198 0.0167958 0.0260872
 0.886963 0.071983 0.0362333 0.00157047 0.00325035
 0.535318 0.438212 0.0168562 0.0084847 0.00112888
 0.262364 0.528914 0.196832 0.0075713 0.00431814
 0.727056 0.114604 0.113536 0.0422518 0.00255217
 0.526856 0.401687 0.0300034 0.0297238 0.0117297
 0.874533 0.0883939 0.0314742 0.00235092 0.00324809
 0.642792 0.333609 0.0166258 0.00591992 0.00105311
 0.50249 0.393474 0.0971635 0.00484226 0.00203089
 0.737304 0.178883 0.0662864 0.0163686 0.00115788
 0.730679 0.23166 0.0256446 0.00950281 0.00251259
 0.887049 0.0961117 0.0144842 0.00160339 0.000751246
 0.441393 0.52668 0.0271673 0.00409416 0.00066557
 0.78346 0.133739 0.0780682 0.00402692 0.000705521
 0.591497 0.360109 0.0298891 0.0174473 0.00105765
 0.407283 0.444664 0.130513 0.0108326 0.00670669
 0.708141 0.171333 0.0904202 0.0265392 0.00356652
 0.631598 0.306859 0.0361281 0.0190664 0.00634822
 0.242189 0.591115 0.138849 0.0163474 0.0114997
 0.687223 0.123348 0.14776 0.0347078 0.00696088
 0.420996 0.473215 0.0417198 0.0499764 0.0140935
 0.351681 0.386751 0.213777 0.0188471 0.0289439
 0.70531 0.154452 0.083658 0.0462421 0.0103377
 0.570219 0.356634 0.0383379 0.0207655 0.0140442
 0.215163 0.572308 0.176358 0.0189583 0.0172136
 0.25402 0.266262 0.349813 0.107796 0.0221095
 0.689713 0.127212 0.0653447 0.0858496 0.0318807
pobs_pel_tallas
 0 0 0 0 0 0 0 0 0 0 0 0 0 0 0 0 0 0 0 0 0 0 0 0 0 0
 0 0 0 0 0 0 0 0 0 0 0 0 0 0 0 0 0 0 0 0 0 0 0 0 0 0
 0 0 0 0 0 0 0 0 0 0 0 0 0 0 0 0 0 0 0 0 0 0 0 0 0 0
 0 0 0 0 0 0 0 0 0 0 0 0 0 0 0 0 0 0 0 0 0 0 0 0 0 0
 0 0 0 0 0 0 0 0 0 0 0 0 0 0 0 0 0 0 0 0 0 0 0 0 0 0
 0 0 0 0 0 0 0 0 0 0 0 0 0 0 0 0 0 0 0 0 0 0 0 0 0 0
 0 0 0 0 0 0 0 0 0 0 0 0 0 0 0 0 0 0 0 0 0 0 0 0 0 0
 0 0 0 0 0 0 0 0 0 0 0 0 0 0 0 0 0 0 0 0 0 0 0 0 0 0
 0 0 0 0 0 0 0 0 0 0 0 0 0 0 0 0 0 0 0 0 0 0 0 0 0 0
 0 0 0 0 0 0 0 0 0 0 0 0 0 0 0 0 0 0 0 0 0 0 0 0 0 0
 0 0 0 0 0 0 0 0 0 0 0 0 0 0 0 0 0 0 0 0 0 0 0 0 0 0
 0 0 0 0 0 0 0 0 0 0 0 0 0 0 0 0 0 0 0 0 0 0 0 0 0 0
 0.00862536 0 0 0.000197151 0.00414017 0.0128641 0.00837892 0.0270097 0.101434 0.158115 0.152841 0.127902 0.109271 0.109419 0.0830992 0.0579132 0.0238553 0.00714673 0.00463305 0.00128148 0.00103504 0.000492878 0.000147863 0.000147863 4.92878e-05 0
 0 0 0 0 0 0 0 0 0 0 0 0 0 0 0 0 0 0 0 0 0 0 0 0 0 0
 0 0 0 0 0 0 0 0.0054083 0.00873648 0.0413646 0.0450493 0.0745869 0.0622846 0.0627006 0.0613931 0.0827291 0.12552 0.122667 0.0946155 0.0697135 0.0546179 0.0294188 0.0215738 0.0213955 0.0102223 0.00600262
 0 0 0 0 0.00359764 0.0251062 0.0480494 0.140153 0.205849 0.193036 0.1447 0.116669 0.0760912 0.0342217 0.00950174 0.001854 0.000860785 0 0 0 0.000165536 0 0.000143464 0 0 0
 0 0 0 0 0 0 0 0.000145254 0.000435761 0.0275982 0.070085 0.0708112 0.156366 0.174668 0.174014 0.160142 0.0824315 0.0480064 0.0283245 0.00493863 0.00203355 0 0 0 0 0
 0 0 0 0 0 0 0 0 0 0 0 0 0 0 0 0 0 0 0 0 0 0 0 0 0 0
 0 0 1.00437e-05 0.000401748 0.00122533 0.00171747 0.00176769 0.0269171 0.070346 0.194647 0.189555 0.159765 0.064822 0.0314167 0.0384472 0.0292271 0.0345202 0.0313363 0.0194345 0.0106764 0.0143323 0.0359363 0.0279516 0.0138201 0.00172751 0
 0 0.0021121 0.0136068 0.0755702 0.200478 0.177729 0.0527432 0.0373336 0.0318909 0.0142505 0.0149659 0.0166563 0.0217959 0.0798694 0.0677717 0.0528807 0.04013 0.0224614 0.0357745 0.0225083 0.00881397 0.00855152 0.00135912 0.000746735 0 0
 0 0 0 0 5.4009e-05 0.00500934 0.000945158 0.0243581 0.138947 0.33067 0.221406 0.137944 0.0707744 0.0437923 0.0131692 0.00525238 0.0047753 0.00276346 9.45158e-05 9.00151e-06 2.25038e-05 9.00151e-06 4.50075e-06 0 0 0
 0.000866109 0.00284123 0.00948549 0.0512746 0.133035 0.25785 0.225252 0.132002 0.0553304 0.0519788 0.0540692 0.017754 0.00435017 0.00159236 0.00146478 0.000404838 0.000125132 0.000115318 0.000107957 0.000100596 0 0 0 0 0 0
 0 0 0 0 0.00144013 0.00171154 0.00461396 0.0210425 0.0478622 0.0707936 0.0888783 0.103762 0.0637923 0.0337046 0.0602308 0.124433 0.169614 0.0934646 0.0462172 0.0250306 0.0313229 0.00938855 0.002487 0.000210481 0 0
 0 0.00764035 0.051015 0.0998891 0.058973 0.0496711 0.0374665 0.0718981 0.12319 0.153886 0.159021 0.0857701 0.0377988 0.023471 0.0147837 0.00900784 0.00315554 0.000888139 0.00291439 0.00214683 0.00393193 0.00274676 0.000635225 9.99891e-05 0 0
 0 0 0 0 0 0 0 0 0 0 0 0 0 0 0 0 0 0 0 0 0 0 0 0 0 0
 0 0 0 0 0 0 0 0 0 0 0 0 0 0 0 0 0 0 0 0 0 0 0 0 0 0
 0 0 0 0 0 0 0 0 0 0 0 0 0 0 0 0 0 0 0 0 0 0 0 0 0 0
 0 0 0 0 0 0 0 0 0 0 0 0 0 0 0 0 0 0 0 0 0 0 0 0 0 0
 0 0 0 0 0 0 0 0 0 0 0 0 0 0 0 0 0 0 0 0 0 0 0 0 0 0
 0 0 0 0 0 0 0 0 0 0 0 0 0 0 0 0 0 0 0 0 0 0 0 0 0 0
 0 0 0 0 0 0 0 0 0 0 0 0 0 0 0 0 0 0 0 0 0 0 0 0 0 0
ppred_pel_tallas
 1.079e-16 5.51183e-05 0.000535769 0.00356038 0.016185 0.0503576 0.107293 0.156601 0.156622 0.107392 0.05069 0.0171463 0.00597763 0.00582665 0.010145 0.0167944 0.024449 0.0313035 0.0355563 0.0363938 0.034446 0.0312733 0.0283122 0.0261262 0.0244144 0.0225442
 1.09716e-16 1.95886e-05 0.000190409 0.00126533 0.00575206 0.0178971 0.0381339 0.0556699 0.0557291 0.0384231 0.0188683 0.00855744 0.00830824 0.0155687 0.0292365 0.0483326 0.0696966 0.0878104 0.097062 0.0948864 0.0832938 0.067474 0.052641 0.0415765 0.0342946 0.0293124
 1.23585e-16 1.56344e-05 0.000151972 0.00100991 0.00459092 0.0142842 0.0304352 0.0444276 0.0444588 0.0305877 0.0147979 0.00608182 0.00477982 0.00847305 0.0160872 0.0272725 0.0409271 0.0549066 0.0669429 0.075883 0.0820786 0.0865078 0.0894548 0.0900077 0.0867725 0.0790646
 1.12157e-16 6.39414e-05 0.000621533 0.00413031 0.0187758 0.0584185 0.124467 0.181665 0.181672 0.124502 0.0585359 0.0191164 0.00499082 0.00251857 0.00372261 0.00620373 0.00929619 0.0124908 0.0153438 0.0177371 0.0199494 0.0223889 0.025179 0.0279371 0.0299124 0.030362
 1.0682e-16 3.77544e-05 0.000366987 0.00243876 0.0110863 0.0344937 0.0734942 0.107277 0.107323 0.073719 0.0352483 0.0132648 0.00790395 0.0122873 0.0226471 0.0373049 0.0535641 0.0670131 0.0732026 0.0701341 0.0595053 0.0456387 0.0329647 0.0239781 0.0188355 0.0162715
 1.01772e-16 7.3058e-05 0.000710149 0.00471919 0.0214528 0.0667476 0.142213 0.207566 0.207572 0.142247 0.0668622 0.0217845 0.00555381 0.00253853 0.00356419 0.00582537 0.00849759 0.0109205 0.0124659 0.0128313 0.0121914 0.0110291 0.00979544 0.00867994 0.00763063 0.00652866
 1.01641e-16 4.40935e-05 0.000428605 0.00284823 0.0129477 0.0402852 0.0858335 0.125285 0.125328 0.0860395 0.0409767 0.0149439 0.00785546 0.0113478 0.0207475 0.0341406 0.0489673 0.0611391 0.0665225 0.0632189 0.0527214 0.0389609 0.0260315 0.0163406 0.010237 0.00680929
 1.07306e-16 2.16107e-05 0.000210064 0.00139595 0.00634582 0.0197445 0.0420696 0.0614125 0.0614637 0.0423197 0.0205847 0.00877503 0.00750236 0.0135692 0.025477 0.0423017 0.061436 0.0782888 0.0881321 0.0886883 0.0813478 0.0699726 0.0583458 0.0483473 0.0399345 0.0323134
 1.07975e-16 5.98867e-05 0.00058212 0.00386839 0.0175852 0.054714 0.116574 0.170146 0.170157 0.116629 0.0548987 0.0181206 0.00522063 0.00356094 0.00579644 0.00969627 0.0144523 0.019209 0.023121 0.0257893 0.0274192 0.0284966 0.0292696 0.0295022 0.028682 0.0264488
 1.05935e-16 4.33965e-05 0.000421829 0.00280321 0.012743 0.0396484 0.0844765 0.123304 0.123343 0.0846655 0.0402829 0.0145752 0.00740089 0.0104538 0.0190824 0.0314446 0.0452188 0.0567214 0.0622434 0.0601163 0.0517372 0.0406573 0.0304767 0.0231634 0.0187642 0.0162128
 1.01717e-16 7.20341e-05 0.000700197 0.00465306 0.0211521 0.0658122 0.14022 0.204657 0.204666 0.140262 0.0659526 0.021558 0.00567332 0.00293211 0.00432456 0.00707106 0.0102621 0.0130772 0.0147263 0.0148364 0.0136514 0.0118284 0.0100064 0.00849392 0.00726314 0.0061485
 1.01338e-16 5.2946e-05 0.000514654 0.00342006 0.0155471 0.048373 0.103065 0.150433 0.150465 0.103222 0.0488995 0.0170672 0.00723335 0.00883114 0.015824 0.0260152 0.0373269 0.0466374 0.0508037 0.0483799 0.0404933 0.0301178 0.0203464 0.0129923 0.00831366 0.00562565
 1.03734e-16 4.13895e-05 0.000402321 0.00267356 0.0121537 0.0378147 0.0805697 0.117602 0.11764 0.0807553 0.0384382 0.0139552 0.00719861 0.0102899 0.0188467 0.0311614 0.0450441 0.0569678 0.0633379 0.062452 0.055456 0.0454685 0.0356312 0.0276385 0.021602 0.0168601
 1.03797e-16 6.07308e-05 0.000590325 0.00392292 0.017833 0.0554853 0.118218 0.172546 0.172563 0.118302 0.0557695 0.018655 0.00598932 0.00511209 0.00868006 0.0143367 0.0208404 0.0266133 0.0300777 0.0304917 0.0283482 0.024955 0.0215584 0.0187204 0.0163254 0.014005
 1.02178e-16 6.01851e-05 0.000585021 0.00388767 0.0176728 0.0549868 0.117156 0.170997 0.17102 0.117265 0.0553529 0.0187301 0.00654127 0.00637627 0.0110543 0.0181679 0.0261386 0.0328143 0.0360449 0.0348426 0.0299705 0.0234264 0.0172511 0.0125861 0.00952144 0.00755095
 1.00731e-16 7.30651e-05 0.000710219 0.00471965 0.0214549 0.0667541 0.142227 0.207586 0.207596 0.142272 0.0669061 0.0218939 0.00582172 0.00311612 0.00464249 0.00755967 0.0108833 0.0136855 0.0150723 0.0146283 0.0126565 0.00996575 0.00738335 0.00537417 0.00398499 0.00303245
 1.01442e-16 3.63571e-05 0.000353404 0.00234849 0.0106759 0.0332171 0.0707744 0.103308 0.103359 0.071022 0.0340483 0.0130757 0.00836845 0.0134822 0.0249325 0.0410614 0.0589126 0.0735892 0.080122 0.0762149 0.0636346 0.0470692 0.0314092 0.0195436 0.0119239 0.00751782
 1.02811e-16 6.45326e-05 0.00062728 0.0041685 0.0189494 0.0589586 0.125618 0.183346 0.183359 0.125682 0.059172 0.0195669 0.0057228 0.00403465 0.00657755 0.0108803 0.0159184 0.020537 0.023582 0.0244829 0.0235272 0.0215487 0.0193116 0.0171156 0.0148618 0.0123875
 1.02884e-16 4.87209e-05 0.000473584 0.00314714 0.0143064 0.0445128 0.0948406 0.13843 0.138465 0.09501 0.0450816 0.015949 0.00726861 0.00946601 0.017113 0.028178 0.0405033 0.050762 0.0556 0.0534804 0.0456102 0.0351399 0.0253013 0.0179208 0.0131631 0.0102291
 1.06102e-16 3.35475e-05 0.000326093 0.00216701 0.00985092 0.0306501 0.0653049 0.0953234 0.0953664 0.0655149 0.0313554 0.0118894 0.00728887 0.0115234 0.0213467 0.0353601 0.0512184 0.0649954 0.0726774 0.0723635 0.0653197 0.0549747 0.0447284 0.0363313 0.0297863 0.0243036
 1.05919e-16 5.83287e-05 0.000566976 0.00376775 0.0171277 0.0532906 0.113542 0.165721 0.165738 0.113623 0.0535639 0.0179183 0.00575768 0.00492889 0.00839507 0.0139247 0.0203778 0.0263085 0.0302698 0.0315814 0.030676 0.0286761 0.0265698 0.0246705 0.0226987 0.0202476
 1.04108e-16 5.2024e-05 0.000505692 0.0033605 0.0152764 0.0475306 0.10127 0.147813 0.147842 0.101415 0.0480157 0.0166774 0.00687701 0.00818138 0.0146272 0.024094 0.0346928 0.0436108 0.0480218 0.0466383 0.0404841 0.0322007 0.0244604 0.0187175 0.0150173 0.0126187
 1.07744e-16 1.99489e-05 0.000193911 0.00128861 0.00585786 0.0182263 0.0388351 0.0566929 0.05675 0.039114 0.0191628 0.00856395 0.00808534 0.0150447 0.0282636 0.0467959 0.067646 0.0855569 0.0951516 0.0939108 0.0836084 0.0689816 0.0547735 0.0434954 0.0352105 0.0287705
 1.08955e-16 5.66057e-05 0.000550227 0.00365645 0.0166217 0.0517164 0.110188 0.160825 0.160837 0.110247 0.0519159 0.0172007 0.00512021 0.00378009 0.00629207 0.0105781 0.0158548 0.0212442 0.0258612 0.0292652 0.03161 0.033297 0.0344516 0.0347172 0.0335286 0.0305855
 1.08722e-16 3.4677e-05 0.000337072 0.00223997 0.0101826 0.0316821 0.0675037 0.0985331 0.0985787 0.0677264 0.0324299 0.0123422 0.00766002 0.0121662 0.0224928 0.0371134 0.0534284 0.067143 0.0739265 0.071846 0.0625576 0.0502143 0.0389772 0.0310438 0.026338 0.0235023
 1.13057e-16 2.89675e-05 0.000281575 0.00187117 0.00850607 0.0264657 0.0563895 0.0823099 0.0823474 0.0565729 0.0270826 0.010291 0.00636381 0.0101295 0.0188507 0.0314282 0.0459945 0.059353 0.0682162 0.0710106 0.0686746 0.0637293 0.0584447 0.0536344 0.0488163 0.0432075
 1.08841e-16 5.80955e-05 0.000564709 0.00375269 0.0170592 0.0530776 0.113088 0.165058 0.165073 0.113161 0.0533242 0.0177729 0.00554978 0.00450659 0.00760037 0.0126214 0.0185291 0.0240564 0.0279551 0.0296756 0.0296573 0.0289159 0.0282704 0.0278461 0.0271711 0.0256546
 1.05657e-16 4.69682e-05 0.000456548 0.00303392 0.0137918 0.0429116 0.0914289 0.13345 0.133485 0.0915968 0.0434753 0.0154198 0.00711977 0.0093743 0.0169788 0.0279843 0.0402863 0.050625 0.05572 0.0540867 0.0469381 0.0373744 0.028529 0.0221006 0.0181188 0.0156672
 1.1005e-16 1.77228e-05 0.000172272 0.00114481 0.00520418 0.0161924 0.0345017 0.0503679 0.0504232 0.0347721 0.0171006 0.00782907 0.00774085 0.0145953 0.0274793 0.0455822 0.0660834 0.0839808 0.0941461 0.0941636 0.0856728 0.0730603 0.0606334 0.0505425 0.0426755 0.0359182
 1.24715e-16 2.09233e-05 0.000203382 0.00135155 0.00614395 0.0191163 0.0407302 0.0594524 0.0594786 0.0408584 0.0195482 0.0073983 0.00452567 0.00721745 0.0135923 0.0230955 0.0348143 0.0470407 0.0579889 0.0667961 0.0737929 0.079706 0.0845185 0.0870765 0.0857858 0.0797474
 1.15923e-16 5.68108e-05 0.000552221 0.0036697 0.0166819 0.0519038 0.110587 0.161407 0.16142 0.110647 0.0521072 0.0172711 0.0051543 0.00381281 0.00630894 0.0105021 0.0155196 0.0203918 0.0242132 0.0266849 0.0283136 0.03 0.0323193 0.0350601 0.0373319 0.0380831
pSPR Fmed_Fpbrs
0.582965   0.285935 0.285935
Fs Fmed_Fpbrs
0.362382   1.005 1.005
SSBpbr Bo_Bmed_Bpbrs
1.68354e+06  897268  397207 397207
Ro
141063
SPR SPRFo_SPRFmed_SPRFpbrs
1.00446e+06 585565 287211
Fref
1.005
log_Ro
11.677
likeval ReclasPelacesDesembMPH_pf_preclas_ppelaces_ptallas_desvR_qrecl_qpela
 27.9201 29.8659 0.207938 0.00250676 246.337 140.341 87.8735 0 38.8312 0 0 0.199857 0 0 0
q_reclas_q_pelaces
1 1
M
1
N
 355005 62128.5 22855.8 8408.18 4893.36
 75787 113934 17394.9 6399.22 3724.2
 23890.9 23201.3 29025.8 4431.52 2579.04
 105879 7336.24 5946.88 7439.77 1796.92
 39318 24365.2 1056.07 856.064 1329.64
 223013 11748.9 5913.92 256.329 530.515
 91961.5 59902.4 2304.19 1159.83 154.315
 17621.2 19327.9 7192.79 276.676 157.797
 57156.9 5854.95 5800.38 2158.58 130.387
 28823.9 15332.1 1145.21 1134.54 447.715
 131186 7098.11 2527.41 188.781 260.824
 134440 44451.1 2215.28 788.788 140.319
 72111 36937.2 9121.19 454.566 190.649
 101191 19191.1 7111.4 1756.07 124.221
 107065 21728.9 2405.37 891.327 235.672
 424909 29247.3 4407.64 487.922 228.608
 176504 117141 6042.39 910.601 148.032
 583814 57111.3 33337.9 1719.64 301.282
 501038 182226 15124.8 8828.87 535.2
 231030 148750 43659.5 3623.75 2243.54
 504403 69664.3 36765 10790.9 1450.15
 552609 158182 18623.5 9828.48 3272.42
 124851 166823 39185.5 4613.51 3245.41
 420678 41177.2 49326.4 11586.4 2323.74
 228679 139390 12289 14721 4151.37
 128908 76288 42168.3 3717.67 5709.28
 362402 43403.1 23509.1 12994.7 2905.03
 356155 119666 12864 6967.73 4712.43
 85122.9 120165 37029 3980.59 3614.26
 50409.8 29144 38289.2 11798.9 2420.02
 161072 16476.6 8463.51 11119.3 4129.22
pred_Ctot
 28956.7 9594.09 3529.47 1298.42 755.65
 8161.47 22815 3483.29 1281.43 745.764
 2533.27 4579.88 5729.6 874.769 509.095
 26029.6 3040.09 2464.35 3083 744.633
 4745.54 5419.28 234.889 190.405 295.737
 39026.6 3646.98 1835.74 79.5669 164.677
 26068.2 27842.3 1070.97 539.085 71.7249
 1087.27 2288.57 851.68 32.7605 18.6843
 10039.4 1823.34 1806.34 672.221 40.6048
 6222.64 5701.86 425.892 421.923 166.501
 6589.97 689.586 245.539 18.3402 25.3393
 22030 13022.7 649.003 231.089 41.1089
 12943 11722.4 2894.69 144.261 60.5043
 27808.8 8703 3224.96 796.364 56.3332
 17849.7 6463.59 715.514 265.139 70.1042
 68909.4 8490.24 1279.5 141.639 66.363
 13580.3 17117.4 882.949 133.062 21.6314
 56679.8 10386 6062.69 312.726 54.79
 62198.9 41587.4 3451.76 2014.91 122.143
 26766.6 31865.4 9352.78 776.282 480.612
 47659.6 12351.9 6518.64 1913.28 257.12
 63685.4 33721 3970.15 2095.23 697.612
 8240.04 21067 4948.49 582.611 409.843
 26634.6 4997.54 5986.58 1406.21 282.025
 13576.5 15905.9 1402.3 1679.83 473.715
 6956.59 7941.97 4389.93 387.028 594.365
 23669.7 5426.7 2939.34 1624.73 363.216
 18788.4 12188 1310.2 709.664 479.961
 3752.39 10287 3169.97 340.77 309.409
 3588.07 3955.26 5196.39 1601.28 328.431
 12076.6 2349.36 1206.79 1585.47 588.774
F
 0.136514 0.273029 0.273029 0.273029 0.273029
 0.183717 0.367433 0.367433 0.367433 0.367433
 0.180672 0.361344 0.361344 0.361344 0.361344
 0.469138 0.938276 0.938276 0.938276 0.938276
 0.207923 0.415845 0.415845 0.415845 0.415845
 0.314516 0.629033 0.629033 0.629033 0.629033
 0.559819 1.11964 1.11964 1.11964 1.11964
 0.101814 0.203628 0.203628 0.203628 0.203628
 0.31585 0.631699 0.631699 0.631699 0.631699
 0.401378 0.802756 0.802756 0.802756 0.802756
 0.0822258 0.164452 0.164452 0.164452 0.164452
 0.291895 0.58379 0.58379 0.58379 0.58379
 0.323761 0.647521 0.647521 0.647521 0.647521
 0.538371 1.07674 1.07674 1.07674 1.07674
 0.297651 0.595303 0.595303 0.595303 0.595303
 0.288495 0.57699 0.57699 0.57699 0.57699
 0.128343 0.256686 0.256686 0.256686 0.256686
 0.164333 0.328667 0.328667 0.328667 0.328667
 0.214414 0.428827 0.428827 0.428827 0.428827
 0.198861 0.397722 0.397722 0.397722 0.397722
 0.159631 0.319261 0.319261 0.319261 0.319261
 0.197719 0.395438 0.395438 0.395438 0.395438
 0.109235 0.218471 0.218471 0.218471 0.218471
 0.104592 0.209183 0.209183 0.209183 0.209183
 0.0978032 0.195606 0.195606 0.195606 0.195606
 0.0885649 0.17713 0.17713 0.17713 0.17713
 0.108048 0.216096 0.216096 0.216096 0.216096
 0.0865021 0.173004 0.173004 0.173004 0.173004
 0.0718484 0.143697 0.143697 0.143697 0.143697
 0.118242 0.236485 0.236485 0.236485 0.236485
 0.124891 0.249783 0.249783 0.249783 0.249783
nmprior
 8 9 7.5 0
nm_flota  nm_reclas  nm_pelaces    nm_pelaL
inf 7.06515 7.75808 11.6871
cv_recla  cv_pelaces  cv_mph
0.477951 0.643062 1.54512
 ------------------------------------------------
Talla a la edad & desviación 
 8 13.2811 15.8009 17.003 17.5766
 0.8 1.32811 1.58009 1.7003 1.75766
